-3.3844422432594e-05	1.0
0.0	1.0
-0.00032432423904538155	0.004
0.0	1.0
0.0	1.0
-1.5368070307886228e-05	1.0
0.0	1.0
0.0	1.0
-0.00019267780589871109	1.0
0.0	1.0
-9.947217449735035e-07	1.0
0.0	0.006600660066006601
0.0	1.0
-5.708208846044727e-05	1.0
-0.03167961537837982	0.0
0.0	1.0
-0.0013893174473196268	0.07692307692307693
-0.00015753315528854728	1.0
0.0	0.0
0.0	1.0
-4.1162362322211266e-05	1.0
-1.5595098830090137e-06	1.0
0.0	1.0
-5.026054736845254e-07	1.0
-0.00023906382557470351	1.0
0.0	1.0
0.0	1.0
0.0	0.0
0.0	1.0
-0.04879319295287132	0.0
-2.4784077368167345e-07	0.0
-4.3950535655312706e-08	1.0
-1.480024729971774e-05	1.0
-5.853753748397139e-08	1.0
0.0	1.0
0.0	1.0
0.0	1.0
0.0	1.0
0.0	1.0
-3.587574681773731e-11	1.0
0.0	1.0
-3.64761774562794e-07	1.0
-0.00042232577106915414	0.0
0.0	1.0
0.0	0.0
-2.217744622612372e-05	1.0
0.0	1.0
0.0	1.0
-1.1614100685619633e-06	1.0
0.0	1.0
-3.292167536847468e-12	0.0
-4.272723799658706e-06	1.0
0.0	0.0
-6.5748963606893085e-06	1.0
0.0	1.0
0.0	0.0
0.0	1.0
-1.1065145327782133e-11	0.05436893203883495
-4.8711350245866925e-05	0.0
-3.545682557160035e-05	0.057692307692307696
0.0	1.0
-0.0014791678404435515	0.0
0.0	1.0
-0.00202408479526639	0.0
-0.0011619384167715907	1.0
0.0	1.0
0.0	1.0
0.0	1.0
-1.8456063116900623e-05	0.0
-0.001250110799446702	0.33620689655172414
0.0	1.0
0.0	1.0
0.0	0.3932926829268293
-4.073072190635685e-08	1.0
-0.002741099800914526	0.0
0.0	1.0
-0.00011030378664145246	0.0
0.0	0.0
0.0	0.0
0.0	1.0
-2.1649706027915272e-08	0.0
-4.0115914146099385e-08	0.0
-2.2522083753528932e-08	1.0
0.0	1.0
0.0	1.0
0.0	0.0
0.0	1.0
-0.00037654320476576686	1.0
0.0	0.0
0.0	0.059027777777777776
-0.00011366547551006079	1.0
-0.00022136696497909725	0.0
-9.80336426437134e-06	1.0
0.0	1.0
0.0	1.0
0.0	0.016
-1.4568749065801967e-05	0.041666666666666664
-3.281003202459942e-08	1.0
-1.6888016318716836e-07	0.0
0.0	1.0
-0.00010442644997965544	1.0
0.0	1.0
0.0	1.0
-0.00037251447793096304	1.0
0.0	1.0
0.0	1.0
0.0	1.0
-0.0008094047661870718	1.0
-0.0004898363840766251	1.0
-1.9027180542252609e-07	1.0
0.0	1.0
-1.8074970853376726e-07	1.0
0.0	1.0
0.0	1.0
0.0	1.0
0.0	0.0
0.0	1.0
-8.652916221763007e-06	1.0
0.0	0.010121457489878543
-0.0006236897315829992	1.0
0.0	1.0
-0.001462040119804442	0.0
0.0	0.0
0.0	1.0
0.0	0.5
-0.0009388125617988408	1.0
-5.187922215554863e-05	1.0
-0.00048010668251663446	1.0
-5.187022452446399e-06	1.0
0.0	1.0
0.0	1.0
0.0	1.0
0.0	1.0
0.0	1.0
-0.009646128863096237	0.0
-0.0012511145323514938	1.0
-1.5649766282876953e-05	1.0
0.0	0.0
-0.0011380480136722326	0.32075471698113206
0.0	0.5109034267912772
0.0	0.008771929824561403
-0.009326894767582417	0.0
-5.025797236157814e-06	1.0
0.0	0.0
0.0	0.0
0.0	1.0
0.0	1.0
0.0	0.01098901098901099
0.0	0.050955414012738856
0.0	0.0
-1.3845774446963333e-06	1.0
0.0	1.0
0.0	1.0
0.0	1.0
-6.887296331115067e-05	1.0
-0.000788013800047338	0.0
0.0	0.013513513513513514
0.0	1.0
-0.00016606328426860273	1.0
-0.0033286046236753464	1.0
0.0	1.0
0.0	0.0
-0.00022151315351948142	1.0
-1.9988938504411635e-08	1.0
-2.0887518985546194e-06	0.0
0.0	0.0
0.0	1.0
0.0	0.006289308176100629
0.0	1.0
-1.4095309779804666e-05	1.0
0.0	1.0
-0.00022442593763116747	1.0
0.0	1.0
0.0	1.0
0.0	1.0
-0.0020478961523622274	0.0
0.0	1.0
-2.1066425688331947e-05	1.0
0.0	1.0
0.0	1.0
0.0	1.0
0.0	1.0
0.0	1.0
0.0	1.0
0.0	1.0
-2.7149057132191956e-05	1.0
-8.90383375917736e-07	1.0
0.0	1.0
0.0	1.0
-0.00035158757236786187	1.0
-0.0004733457462862134	0.0
0.0	1.0
0.0	1.0
0.0	1.0
-0.0071967062540352345	0.0
0.0	1.0
-1.1711523256963119e-05	1.0
-0.00022060809715185314	1.0
0.0	0.0
0.0	0.0
0.0	1.0
0.0	0.0
0.0	0.2236503856041131
0.0	1.0
-4.635152799892239e-05	1.0
-1.3223690586983139e-08	1.0
0.0	0.0
-0.0022607953287661076	0.0
-2.3955794858920854e-07	1.0
0.0	1.0
0.0	1.0
0.0	1.0
-0.030386129394173622	0.0
-9.404188858752605e-06	1.0
-9.532845979265403e-06	1.0
-2.7511819666869997e-07	0.0
0.0	0.0
-4.777102162734082e-07	1.0
0.0	1.0
0.0	1.0
-4.464074621068903e-08	1.0
0.0	0.01282051282051282
0.0	1.0
0.0	1.0
0.0	1.0
0.0	1.0
0.0	1.0
0.0	0.6419753086419753
0.0	1.0
0.0	0.8666666666666667
0.0	1.0
-0.00012043886090395972	1.0
0.0	1.0
-0.0002627953654155135	1.0
0.0	1.0
-0.0006632365402765572	1.0
0.0	1.0
0.0	1.0
-6.334308864097693e-07	1.0
0.0	1.0
0.0	1.0
0.0	1.0
0.0	1.0
0.0	0.0
0.0	0.08333333333333333
0.0	0.0
0.0	1.0
0.0	1.0
-0.018090389668941498	0.0
0.0	1.0
-8.37530739206116e-11	1.0
0.0	0.0
0.0	1.0
-0.001054256223142147	0.0
0.0	0.0
0.0	0.2777777777777778
0.0	1.0
0.0	1.0
-4.6894847400835715e-06	0.0
-0.00011766266106860712	1.0
-1.4887518773321062e-06	1.0
0.0	1.0
0.0	1.0
0.0	1.0
-0.002135806018486619	0.4583333333333333
-9.670591225585667e-07	0.0
-7.26493993852273e-08	1.0
0.0	1.0
0.0	0.3888888888888889
0.0	0.0
0.0	1.0
-0.0001557093783048913	1.0
0.0	1.0
0.0	1.0
0.0	1.0
-0.017242440953850746	0.0
0.0	1.0
-9.005446190712973e-05	1.0
0.0	0.0
0.0	1.0
0.0	0.0
0.0	1.0
0.0	1.0
-0.00020161310385446995	1.0
-0.004589366260915995	0.12663755458515283
0.0	1.0
0.0	1.0
-0.00022312795044854283	1.0
-0.0004180001560598612	1.0
0.0	0.0
0.0	0.0
-0.000980234588496387	0.0
-6.334993258860777e-07	1.0
0.0	1.0
0.0	1.0
-0.00021506394841708243	1.0
0.0	0.0
-4.742400051327422e-06	1.0
0.0	1.0
0.0	1.0
0.0	1.0
-3.810625639744103e-05	1.0
-8.982738598090068e-13	1.0
0.0	1.0
-4.140477904002182e-05	1.0
0.0	1.0
0.0	1.0
-1.264599973183067e-06	0.0
-0.0012890615034848452	1.0
-0.0020362853538244963	1.0
0.0	1.0
-0.0002777542104013264	1.0
0.0	1.0
-0.019116472452878952	0.0
-0.0003727421863004565	0.6363636363636364
0.0	1.0
-0.0002361214137636125	1.0
0.0	1.0
0.0	1.0
0.0	1.0
-6.731950998073444e-05	0.0
-0.0034554162994027138	1.0
-4.142539910390042e-05	0.0
0.0	0.0
-7.495933118661924e-08	1.0
-0.0015353410271927714	0.0
-0.006274606101214886	0.0
0.0	0.25274725274725274
0.0	1.0
-5.162401066627353e-07	0.0
0.0	1.0
0.0	1.0
-2.4978646706586005e-06	1.0
0.0	1.0
-1.8937978438771097e-06	1.0
0.0	1.0
-4.875555603689463e-08	1.0
0.0	1.0
-0.05575015768408775	0.0
-0.005728349555283785	0.0
0.0	1.0
-4.110149893676862e-05	1.0
0.0	0.06422018348623854
0.0	0.41560798548094374
-6.0175119870109484e-05	1.0
-2.8196953280712478e-05	1.0
-0.00032907031709328294	1.0
0.0	1.0
-1.0423906132928096e-05	1.0
0.0	1.0
0.0	1.0
0.0	1.0
0.0	1.0
0.0	1.0
0.0	1.0
0.0	1.0
-0.0013892267597839236	1.0
0.0	1.0
0.0	1.0
0.0	1.0
0.0	1.0
0.0	1.0
0.0	1.0
0.0	1.0
0.0	1.0
0.0	1.0
-0.0025537628680467606	1.0
-3.79835607411394e-10	1.0
-0.0008874625200405717	0.5638686131386861
-0.002125378232449293	0.211340206185567
0.0	1.0
-0.0003946944198105484	0.0
0.0	1.0
0.0	1.0
0.0	1.0
0.0	1.0
0.0	0.014492753623188406
0.0	1.0
-0.001329918042756617	1.0
-0.00019687738677021116	0.0
0.0	1.0
0.0	1.0
0.0	0.0
-1.7043101252056658e-05	1.0
0.0	1.0
-1.2675405969275744e-07	1.0
-0.00047101464588195086	1.0
0.0	1.0
0.0	1.0
0.0	1.0
0.0	1.0
-0.0004728064814116806	1.0
-6.0851916714455e-06	0.16666666666666666
0.0	0.0
-1.1170398465765174e-05	1.0
0.0	1.0
0.0	0.0
0.0	1.0
-7.7496086305473e-05	1.0
0.0	1.0
0.0	1.0
0.0	1.0
0.0	0.0
0.0	1.0
-2.34017250022589e-07	1.0
0.0	0.0
-0.017718246206641197	0.0
0.0	1.0
-3.857748822611029e-07	1.0
0.0	1.0
0.0	1.0
-0.0009494337136857212	1.0
0.0	0.0
-0.002335585653781891	0.0
-0.005682151764631271	0.0
0.0	1.0
-7.015450478320417e-07	1.0
0.0	0.09774436090225563
0.0	1.0
-0.0003310979809612036	1.0
0.0	0.0
0.0	1.0
-8.475148534359267e-12	0.0
-5.680274261976592e-05	1.0
-0.001161260181106627	1.0
0.0	1.0
-1.4682138953503454e-06	0.0
0.0	1.0
-0.0013750216457992792	1.0
-7.15158794272093e-14	1.0
0.0	0.0
0.0	1.0
-0.00026011758018285036	1.0
0.0	1.0
0.0	1.0
0.0	1.0
-0.00011843146057799459	1.0
0.0	0.0
-3.6650007473326696e-07	1.0
-0.0013645163271576166	1.0
-9.093062674353503e-14	0.0
0.0	1.0
-0.004673373885452747	1.0
-2.152686801601758e-15	1.0
-0.0008420009980909526	1.0
-7.783508044667542e-05	0.07741935483870968
0.0	0.0
0.0	1.0
0.0	1.0
0.0	1.0
0.0	1.0
-0.0001256120012840256	1.0
-5.750921627623029e-05	1.0
-6.8021042132215825e-09	1.0
0.0	1.0
0.0	1.0
-1.8902009060184355e-06	1.0
0.0	1.0
0.0	0.0
0.0	1.0
-1.5528120229646447e-06	1.0
0.0	1.0
0.0	0.4139650872817955
-0.0008024316048249602	0.5524475524475524
0.0	1.0
-7.013430114444219e-11	1.0
-0.00124992779456079	1.0
-4.515975888352841e-05	0.0
0.0	1.0
0.0	1.0
-1.7072089519842848e-07	1.0
-0.0001499808277003467	1.0
0.0	1.0
0.0	1.0
0.0	1.0
-4.658244051825022e-06	1.0
0.0	0.0
0.0	1.0
0.0	1.0
0.0	1.0
0.0	1.0
0.0	1.0
-3.6235798006600817e-07	1.0
0.0	0.0
0.0	1.0
0.0	1.0
0.0	1.0
-5.319616303012253e-09	1.0
0.0	1.0
-0.007977254688739777	0.0
-1.1592759641132488e-08	0.08943089430894309
-0.012579013593494892	0.0
-0.0011428578291088343	1.0
0.0	1.0
-1.0532514416183858e-08	1.0
-0.0002856047358363867	1.0
-0.0009394230437465012	1.0
0.0	1.0
0.0	1.0
0.0	1.0
-0.0001917818299261853	1.0
0.0	1.0
-0.0006049290532246232	1.0
0.0	1.0
0.0	1.0
0.0	0.7817715019255456
0.0	1.0
-0.00666201813146472	0.02
0.0	1.0
-0.0015128599479794502	0.0
-0.0001341898605460301	1.0
0.0	0.6304128902316214
-2.0526653088381863e-07	1.0
0.0	1.0
0.0	1.0
0.0	1.0
-0.0012010446516796947	0.0
-8.371343895863248e-11	0.0
-2.301703574403291e-07	1.0
-2.0676407075370662e-05	0.0
0.0	1.0
0.0	0.0
0.0	0.0
