-0.02373572066426277	0.0
-0.025284362956881523	0.0
0.0	1.0
0.0	0.0
0.0	1.0
-0.0008143446175381541	1.0
0.0	0.0
0.0	1.0
0.0	1.0
0.0	1.0
0.0	1.0
0.0	1.0
0.0	1.0
-0.001689467579126358	1.0
0.0	1.0
-0.00023355898156296462	1.0
0.0	1.0
-4.825637756549579e-15	0.0
-0.00018358037050347775	1.0
-0.005720012355595827	0.0
0.0	1.0
0.0	1.0
-7.718949927948415e-05	0.0
0.0	1.0
-0.00021529884543269873	1.0
0.0	1.0
0.0	1.0
0.0	1.0
0.0	1.0
0.0	1.0
0.0	1.0
0.0	0.0
-1.3250141428500228e-08	1.0
0.0	0.0
-4.306621485739015e-05	0.0
-0.0417557954788208	0.0
0.0	1.0
-0.0006057428545318544	0.0
-0.002648822497576475	1.0
0.0	1.0
0.0	1.0
-2.9152390652598115e-06	1.0
-0.008188212290406227	0.0
-5.582253379543545e-06	1.0
-0.00016160460654646158	1.0
0.0	0.004219409282700422
-0.0005258938763290644	1.0
-0.00012357607192825526	0.0
0.0	0.0
0.0	0.45625
0.0	1.0
-9.391709681949578e-06	1.0
-0.004239559639245272	0.0
0.0	0.0
-2.25204119241873e-10	0.9684908789386402
-2.8735525070544554e-10	1.0
-1.7965402321351576e-06	1.0
-1.7982158169616014e-05	1.0
0.0	1.0
-0.001996133243665099	0.0
0.0	1.0
-0.013261131010949612	0.0
-0.006814918015152216	0.0
-0.00048328874981962144	1.0
0.0	1.0
-1.8478482388673e-06	0.17699115044247787
0.0	1.0
0.0	0.0
0.0	0.0
0.0	1.0
0.0	1.0
0.0	0.0
0.0	1.0
-0.0011923826532438397	1.0
-3.552672569639981e-05	1.0
-1.3648357253259746e-06	1.0
-0.00043367917533032596	1.0
0.0	1.0
-4.447941591934068e-06	1.0
0.0	1.0
0.0	1.0
-8.596005500294268e-06	0.0
0.0	1.0
0.0	1.0
0.0	1.0
0.0	1.0
-2.624883865820493e-09	1.0
0.0	1.0
0.0	1.0
0.0	1.0
0.0	1.0
0.0	1.0
0.0	1.0
0.0	0.24242424242424243
-0.01469044666737318	0.0
0.0	0.0
-0.00023570210032630712	1.0
0.0	1.0
-0.028651703149080276	0.0
-0.0009579799952916801	1.0
0.0	1.0
0.0	1.0
0.0	1.0
-4.391794846014818e-06	1.0
0.0	0.18580060422960726
0.0	1.0
0.0	1.0
-0.07764556258916855	0.0
-2.5848164568742504e-06	1.0
0.0	1.0
0.0	1.0
-0.014635567553341389	0.14583333333333334
0.0	1.0
0.0	1.0
-0.003003784455358982	1.0
0.0	1.0
-1.9547562260413542e-05	1.0
-0.003868833649903536	0.0
0.0	1.0
-1.2393211790140413e-08	1.0
0.0	1.0
0.0	1.0
-4.904329112959127e-12	0.0
0.0	1.0
-1.0588924851617776e-05	1.0
0.0	1.0
0.0	1.0
0.0	1.0
-0.00016777083510532975	1.0
0.0	0.0
0.0	1.0
0.0	1.0
0.0	1.0
-6.273690470121399e-14	1.0
0.0	1.0
-0.07856446504592896	0.0
0.0	1.0
-4.858515326167101e-11	0.0
-1.3752494396612747e-06	1.0
0.0	0.19140625
0.0	0.0
0.0	0.0
0.0	1.0
-0.012557019479572773	0.0
-0.0002905736328102648	1.0
0.0	0.0
0.0	1.0
0.0	1.0
0.0	0.0
-2.0449684612344754e-08	1.0
0.0	1.0
-7.37453592591919e-05	1.0
0.0	0.0
0.0	1.0
-0.001205900451168418	1.0
-2.4606643478364276e-07	1.0
-7.513415039284155e-05	0.0
0.0	1.0
-0.0001308606588281691	1.0
0.0	1.0
-0.04249604418873787	0.0
0.0	1.0
-8.113058669323436e-09	1.0
0.0	1.0
0.0	0.0
0.0	1.0
0.0	0.0
-5.663582669512834e-06	1.0
0.0	0.0
0.0	1.0
-0.00012437453551683575	0.6159496327387198
0.0	1.0
0.0	1.0
-2.7347363356966525e-05	1.0
-0.004372183233499527	0.0
-0.0006531936232931912	0.0
0.0	1.0
0.0	1.0
0.0	0.0
0.0	0.0
0.0	1.0
0.0	1.0
0.0	1.0
0.0	1.0
0.0	0.0
0.0	1.0
0.0	1.0
-0.00015481209265999496	0.798
-8.396566954615992e-06	1.0
0.0	0.0
0.0	1.0
0.0	0.0
0.0	1.0
-0.007387164980173111	0.0
-0.025285473093390465	0.010526315789473684
0.0	1.0
-1.2326321604042012e-14	0.0
0.0	1.0
-0.00437372550368309	1.0
-0.0005764137022197247	1.0
0.0	1.0
-0.0015663671074435115	0.07065217391304347
-0.00044232659274712205	0.0
-5.047335162669531e-13	1.0
0.0	1.0
-0.000799759232904762	0.011111111111111112
0.0	1.0
-0.00020036422938574106	1.0
0.0	1.0
-0.002696844981983304	1.0
-0.002205807948485017	0.0
0.0	1.0
0.0	1.0
0.0	1.0
0.0	1.0
-0.0028581563383340836	0.0
-6.94805706302759e-08	1.0
0.0	1.0
0.0	1.0
0.0	1.0
0.0	0.0
-7.410130451954156e-13	1.0
0.0	1.0
0.0	0.0
0.0	1.0
0.0	1.0
0.0	1.0
0.0	0.26785714285714285
-4.41506517745438e-06	1.0
-8.092312100416166e-07	0.7675619834710744
0.0	1.0
0.0	1.0
-1.810427420423366e-05	1.0
-2.3907650756882504e-06	1.0
0.0	0.0
-0.007281131111085415	0.0
-5.956368477200158e-05	1.0
0.0	1.0
0.0	1.0
-0.0007603659178130329	1.0
-0.0008620126754976809	0.6
-9.15910568437539e-05	1.0
-0.00022127071861177683	1.0
0.0	1.0
0.0	0.0
0.0	1.0
-2.131191001453203e-09	0.0
0.0	0.0
0.0	1.0
0.0	0.0
0.0	1.0
-0.0014782288344576955	0.23478260869565218
-3.944490890717134e-05	1.0
-0.0001523428363725543	1.0
-7.481203283532523e-06	1.0
0.0	0.0
-2.2999757653963115e-09	1.0
0.0	0.3
-0.00010262258001603186	1.0
-6.2809475096002945e-15	1.0
0.0	1.0
0.0	1.0
0.0	0.08290155440414508
-1.8661495460037258e-06	1.0
0.0	0.0
-4.334549157647416e-05	1.0
-1.959841938514728e-06	1.0
-0.010101736523211002	0.9895287958115183
0.0	1.0
0.0	1.0
-4.262715810909867e-05	1.0
-0.023746991530060768	0.0
0.0	1.0
0.0	1.0
0.0	1.0
-6.912600656505674e-05	1.0
0.0	1.0
-0.001997739542275667	0.36075949367088606
-1.081867708307982e-06	0.0
0.0	1.0
0.0	1.0
0.0	1.0
0.0	0.0
0.0	0.0
0.0	0.0
0.0	1.0
0.0	1.0
-0.0025104593951255083	0.0
0.0	1.0
-3.5534008929971606e-05	1.0
0.0	1.0
0.0	1.0
-0.0013744205934926867	0.0
-0.0021489134524017572	1.0
-0.0003189824928995222	1.0
-3.3915637231984874e-07	1.0
0.0	1.0
0.0	0.0
0.0	0.0
0.0	1.0
-6.5933168116316665e-06	1.0
0.0	1.0
-2.5055856056610537e-08	1.0
0.0	1.0
0.0	0.037142857142857144
-3.3761032682377845e-05	0.0
0.0	1.0
0.0	1.0
-5.808820787933655e-06	1.0
-5.3823814166482215e-14	1.0
-3.149489202769473e-06	0.0
-6.351045885821804e-05	1.0
0.0	1.0
0.0	1.0
0.0	1.0
-3.431299022693679e-09	1.0
-0.0001623617426957935	1.0
0.0	1.0
0.0	1.0
0.0	1.0
-0.000781864277087152	1.0
0.0	1.0
0.0	1.0
0.0	1.0
0.0	1.0
0.0	1.0
0.0	1.0
-0.000180364353582263	1.0
0.0	1.0
0.0	1.0
0.0	1.0
-3.1611409212928265e-05	1.0
0.0	1.0
0.0	0.09090909090909091
0.0	1.0
0.0	1.0
0.0	1.0
0.0	1.0
0.0	1.0
0.0	1.0
0.0	1.0
0.0	1.0
0.0	1.0
0.0	1.0
0.0	1.0
-3.5661201991388225e-07	1.0
-0.0004109419824089855	1.0
-0.013327477499842644	0.0
0.0	1.0
0.0	1.0
-8.757596515351906e-05	0.0
0.0	0.0
-0.00010465404920978472	1.0
-0.00046817405382171273	1.0
-0.000891517789568752	0.0
-0.00014732845011167228	0.0
0.0	1.0
0.0	0.0
0.0	1.0
-0.0005648350925184786	1.0
0.0	0.0
0.0	0.0
0.0	0.0
-0.0016735128592699766	1.0
0.0	1.0
0.0	1.0
0.0	1.0
-0.009097358211874962	0.0
-0.00038376072188839316	1.0
0.0	1.0
0.0	0.0
0.0	0.3684210526315789
-6.459309247475176e-07	0.5105263157894737
0.0	1.0
-1.1508147508720867e-05	1.0
-8.383017120650038e-05	0.0
0.0	0.0
-2.4377504814765416e-05	0.0
-0.0005199238075874746	1.0
0.0	1.0
0.0	1.0
0.0	1.0
-9.158552529697772e-06	1.0
0.0	0.0
0.0	1.0
-5.7951695525693125e-11	1.0
0.0	1.0
0.0	0.0
0.0	0.0
-1.237224811490023e-08	1.0
0.0	1.0
-0.0005575181567110121	1.0
-5.8618134062271565e-06	1.0
0.0	1.0
0.0	0.0
0.0	0.0
-3.2167493668744385e-10	1.0
0.0	1.0
0.0	0.018867924528301886
-5.401736780186184e-05	0.0
0.0	1.0
-0.0001507595443399623	0.0
0.0	0.0
-0.00023870982113294303	1.0
-0.000627807283308357	1.0
0.0	1.0
-4.7640571665397147e-07	1.0
0.0	0.0
0.0	1.0
0.0	1.0
-7.976856295499601e-07	1.0
0.0	1.0
0.0	0.0
0.0	1.0
-1.1209310287085827e-05	1.0
0.0	1.0
-4.49071048933547e-05	0.0
0.0	0.0
-0.00010702707368182018	0.24115755627009647
0.0	1.0
0.0	1.0
0.0	1.0
0.0	1.0
-2.4864327770046657e-06	1.0
0.0	1.0
0.0	1.0
0.0	1.0
0.0	1.0
0.0	1.0
0.0	1.0
0.0	1.0
0.0	0.0
-2.1397256205091253e-05	0.0
0.0	1.0
0.0	1.0
0.0	1.0
0.0	0.016286644951140065
-5.588421845459379e-05	1.0
0.0	1.0
0.0	1.0
0.0	1.0
-0.0004500066861510277	1.0
-0.0670103058218956	0.0
-1.4532723980664741e-05	1.0
-2.4851231501088478e-05	1.0
0.0	1.0
0.0	1.0
-0.010593784041702747	0.0
0.0	1.0
0.0	1.0
0.0	1.0
0.0	0.0
-5.2982461085093746e-08	1.0
0.0	1.0
-0.0007130693993531168	0.07142857142857142
-1.1900976204515246e-07	1.0
0.0	0.0
0.0	1.0
0.0	1.0
-0.0009537782752886415	1.0
0.0	0.0
0.0	1.0
-0.0035643118899315596	0.0
0.0	1.0
0.0	1.0
0.0	1.0
0.0	1.0
0.0	1.0
0.0	1.0
0.0	1.0
0.0	1.0
0.0	1.0
-4.960416504218301e-07	1.0
-0.00018192868446931243	1.0
-0.0016048364341259003	1.0
0.0	1.0
0.0	1.0
0.0	1.0
-2.877169151815906e-07	0.3693239152371342
-2.539532579248771e-05	1.0
0.0	1.0
-0.0006657621706835926	0.013513513513513514
-1.7585051470536683e-10	1.0
0.0	1.0
0.0	0.0
0.0	1.0
-1.1677008842525538e-05	0.0
0.0	1.0
0.0	1.0
0.0	1.0
-0.00013380534073803574	1.0
0.0	1.0
0.0	1.0
0.0	1.0
0.0	0.0
-7.035969247226603e-06	1.0
0.0	1.0
-0.0006262044771574438	1.0
0.0	1.0
0.0	1.0
0.0	0.0
0.0	1.0
0.0	1.0
0.0	1.0
-0.023655878379940987	0.0
-4.664271546062082e-05	0.0
-2.5242807168979198e-06	0.0
0.0	0.06666666666666667
0.0	0.0
0.0	1.0
0.0	1.0
0.0	1.0
0.0	1.0
0.0	0.0
-0.0001867645769380033	1.0
-7.489932613680139e-05	1.0
-8.290597179438919e-06	0.3059360730593607
0.0	1.0
0.0	1.0
0.0	0.0
0.0	1.0
-0.0003441586741246283	1.0
-3.733541234396398e-05	0.0
-0.00030592389521189034	1.0
-6.864773604320362e-05	1.0
0.0	1.0
0.0	0.0
0.0	0.0
0.0	0.0
-2.2122461814433336e-05	1.0
0.0	1.0
0.0	1.0
-0.0004666578315664083	1.0
-0.00041609531035646796	1.0
0.0	1.0
-1.7194977885992557e-08	1.0
0.0	1.0
-2.2856456162718248e-18	1.0
0.0	1.0
-0.0001214754520333372	1.0
0.0	0.0
0.0	1.0
-3.547245341906091e-07	1.0
0.0	1.0
0.0	1.0
-0.002319278195500374	1.0
0.0	1.0
0.0	1.0
-5.31744259735234e-10	1.0
-2.647789870025008e-06	1.0
-0.00019002480257768184	1.0
0.0	0.0
0.0	1.0
-1.4851591004116926e-05	1.0
0.0	1.0
0.0	0.0
-1.4677202671009582e-06	0.0
