0.0	0.0
0.0	1.0
0.0	0.37209302325581395
0.0	1.0
0.0	0.2631578947368421
0.0	1.0
0.0	1.0
0.0	1.0
0.0	1.0
0.0	0.804140127388535
0.0	1.0
0.0	0.0
0.0	1.0
0.0	1.0
-0.002250185701996088	0.734375
-2.427912477287464e-05	1.0
-2.855273305613082e-05	1.0
0.0	1.0
-3.317618393339217e-05	1.0
0.0	1.0
-0.0013508856063708663	0.0
-0.07464493066072464	0.027777777777777776
0.0	1.0
-7.944275353111152e-07	1.0
-1.6954716741679476e-08	1.0
0.0	0.0
-7.49563241697615e-06	1.0
0.0	1.0
0.0	1.0
0.0	0.03076923076923077
0.0	1.0
0.0	1.0
0.0	1.0
-2.217724812680899e-07	1.0
-0.0008287288364954293	1.0
-0.004216616041958332	0.3879003558718861
0.0	1.0
0.0	1.0
0.0	1.0
0.0	1.0
0.0	1.0
0.0	1.0
0.0	0.0
0.0	1.0
0.0	1.0
0.0	1.0
0.0	1.0
0.0	1.0
0.0	1.0
-0.00027619797037914395	0.0
0.0	1.0
-2.867990393784492e-11	1.0
0.0	1.0
0.0	1.0
-0.0023309511598199606	0.0
-3.96333598473575e-05	1.0
0.0	1.0
-1.63104002526282e-10	0.0
-4.868488758802414e-07	1.0
-0.00020551191119011492	1.0
-1.534613858211742e-07	0.29985443959243085
0.0	0.0
0.0	0.14285714285714285
0.0	0.07142857142857142
0.0	1.0
0.0	0.0
-0.000981609569862485	1.0
-6.430794019252062e-05	1.0
-0.0002766907855402678	1.0
0.0	1.0
-9.096897315430397e-07	0.0
-6.170874257804826e-06	1.0
-0.00033708292176015675	1.0
-0.0003794183721765876	0.0
0.0	1.0
0.0	1.0
-2.399418553977739e-05	0.0
0.0	1.0
0.0	0.0
0.0	0.0
0.0	1.0
0.0	1.0
0.0	1.0
0.0	1.0
-1.0322169146093074e-05	0.0
-0.00021695156465284526	1.0
0.0	1.0
0.0	0.0
-1.2847197467635851e-05	1.0
0.0	0.0
-0.0009500221349298954	1.0
-0.000590096169617027	1.0
0.0	1.0
0.0	1.0
0.0	1.0
0.0	1.0
-1.5179803594667085e-11	0.0
0.0	1.0
0.0	1.0
-6.121651796586747e-11	1.0
0.0	0.0
0.0	0.0425531914893617
0.0	0.0
0.0	1.0
-0.0010156657081097364	0.0
0.0	0.0
0.0	1.0
0.0	1.0
-5.297999450704083e-06	1.0
0.0	0.0
-0.005751571152359247	0.28125
-4.127215106564108e-06	0.4416961130742049
0.0	0.0
-0.0006025878828950226	1.0
0.0	0.05
0.0	1.0
0.0	1.0
0.0	0.0
-0.00152447703294456	1.0
-2.8501511906142696e-07	1.0
0.0	1.0
-0.00029599954723380506	0.0
0.0	1.0
-8.085217996267602e-05	1.0
-0.0034373789094388485	1.0
0.0	1.0
-1.7732990045260522e-06	1.0
0.0	0.0
0.0	1.0
-0.002103135222569108	0.02303030303030303
-0.006720034871250391	0.0
0.0	1.0
-1.0445455611574062e-09	1.0
0.0	1.0
-4.034372977912426e-07	1.0
0.0	0.003389830508474576
0.0	1.0
0.0	0.05737704918032787
0.0	0.011111111111111112
-0.00038801771006546915	0.0
0.0	0.0
0.0	1.0
-9.844206942943856e-05	0.07692307692307693
-4.1152055928250775e-05	0.46774193548387094
0.0	1.0
-0.0003703153633978218	1.0
0.0	1.0
-6.972269983585022e-13	1.0
0.0	1.0
0.0	0.0
-1.4065011782804504e-05	1.0
0.0	1.0
0.0	1.0
0.0	1.0
-0.00028703513089567423	1.0
0.0	1.0
0.0	1.0
-6.811674779783061e-08	1.0
-3.5464770917315036e-05	0.0
-8.360821811947972e-05	0.023952095808383235
0.0	0.0
0.0	1.0
0.0	1.0
0.0	1.0
-3.571161769078124e-11	1.0
0.0	0.0
0.0	0.0
0.0	1.0
0.0	0.0
0.0	1.0
0.0	1.0
-0.00033390222233720124	1.0
-2.8596534775715554e-06	0.0
-0.013002722524106503	0.0
0.0	1.0
-0.007159903179854155	0.0
0.0	0.0
-0.00023764492652844638	1.0
0.0	1.0
-1.3969984138384461e-05	1.0
-1.3790299817628693e-05	0.0
0.0	1.0
0.0	1.0
0.0	1.0
-0.00014506050501950085	0.0
0.0	1.0
0.0	1.0
0.0	0.0
0.0	1.0
0.0	1.0
-0.00025560142239555717	1.0
-3.984034265158698e-05	1.0
0.0	1.0
0.0	0.0
0.0	1.0
0.0	1.0
0.0	1.0
0.0	1.0
-0.019992386922240257	0.0
-6.980440230108798e-05	1.0
0.0	1.0
0.0	1.0
0.0	1.0
0.0	1.0
-0.020179353654384613	0.0
0.0	1.0
0.0	1.0
-1.567052407835945e-07	1.0
0.0	0.0
0.0	1.0
-0.006847969256341457	0.0
0.0	1.0
0.0	0.0
0.0	1.0
-0.0010692086070775986	1.0
0.0	0.06542056074766354
0.0	0.0
0.0	1.0
0.0	1.0
-9.121335097006522e-06	0.34
0.0	1.0
0.0	1.0
-4.106874985154718e-05	0.0
0.0	1.0
0.0	0.0
-2.7375720037525753e-06	1.0
-1.240113221001593e-07	1.0
0.0	0.0
-0.00021638793987222016	1.0
0.0	0.0
-0.0007349071674980223	1.0
0.0	1.0
0.0	0.0
-1.7886353020912793e-07	1.0
-2.5931915388355264e-06	1.0
-1.3368707186600659e-05	1.0
0.0	1.0
0.0	1.0
-2.8955981179024093e-05	1.0
-0.04412255436182022	0.0
0.0	1.0
0.0	0.0
-0.0001179986065835692	1.0
0.0	1.0
-3.69284013090887e-11	1.0
-0.007025985978543758	0.0
0.0	1.0
0.0	1.0
0.0	1.0
-2.512788377373454e-08	1.0
0.0	0.0
-5.381890332500916e-06	1.0
-2.8781007586076157e-06	1.0
-0.0011457843938842416	0.011188811188811189
0.0	1.0
0.0	1.0
-0.003936553839594126	0.0
0.0	1.0
0.0	1.0
0.0	1.0
-2.673288008736563e-06	0.0
-8.20366130938055e-06	1.0
0.0	1.0
0.0	1.0
-1.1658180483209435e-06	1.0
0.0	1.0
0.0	1.0
0.0	0.0
0.0	1.0
0.0	1.0
0.0	1.0
0.0	1.0
0.0	1.0
-6.362707836160553e-07	1.0
0.0	0.0
-1.1471471225377172e-05	0.0
0.0	1.0
-3.1810789558051056e-09	1.0
-5.998434062348679e-05	1.0
0.0	0.374390243902439
-0.004048971459269524	0.060669456066945605
-0.0007630236796103418	1.0
0.0	0.008547008547008548
0.0	0.0
0.0	1.0
0.0	1.0
0.0	1.0
0.0	0.0
-0.08739569038152695	0.0
0.0	1.0
0.0	0.0
0.0	1.0
0.0	1.0
0.0	0.0
-1.1142190032842336e-06	1.0
0.0	1.0
0.0	1.0
-0.00016572861932218075	1.0
0.0	1.0
0.0	1.0
-5.266042353468947e-05	1.0
0.0	1.0
-0.0003880758013110608	0.0
0.0	1.0
-0.0005711842095479369	0.0
0.0	0.0
0.0	1.0
-1.164943455478351e-06	1.0
0.0	0.8805970149253731
0.0	1.0
-0.0025267740711569786	1.0
-1.6577157566644019e-06	1.0
0.0	0.0
0.0	0.041237113402061855
0.0	1.0
0.0	1.0
-5.904850013394025e-07	1.0
-1.0445586617890967e-08	1.0
0.0	1.0
-0.00019318429986014962	1.0
0.0	1.0
0.0	0.0
0.0	1.0
-6.62570892018266e-05	1.0
0.0	1.0
-7.151263707783073e-05	1.0
0.0	0.0
0.0	1.0
0.0	0.0
-1.4831985026830807e-06	1.0
0.0	1.0
0.0	0.0
0.0	0.0
-0.0007456447929143906	1.0
0.0	1.0
0.0	0.0
0.0	1.0
-0.0009672986925579607	0.0
0.0	0.0
0.0	0.0
0.0	1.0
0.0	1.0
0.0	1.0
0.0	1.0
-5.340196003089659e-05	1.0
0.0	1.0
0.0	1.0
-5.249118839856237e-05	1.0
-1.2485241995818797e-07	1.0
0.0	0.17076167076167076
0.0	1.0
0.0	1.0
0.0	0.044444444444444446
0.0	1.0
0.0	1.0
-2.3654123992855602e-08	0.06451612903225806
0.0	1.0
0.0	1.0
-1.8045260503640748e-06	0.0650887573964497
0.0	1.0
0.0	1.0
0.0	0.0
0.0	1.0
0.0	0.0
-1.6251757415375323e-06	1.0
0.0	1.0
0.0	1.0
0.0	1.0
0.0	1.0
0.0	1.0
-0.001056179404258728	0.0
0.0	1.0
-7.809019007254392e-05	1.0
-0.0028884755447506905	0.0
0.0	1.0
0.0	0.0
0.0	1.0
-1.0161217687709723e-05	1.0
0.0	0.9444444444444444
0.0	0.08087291399229782
0.0	1.0
0.0	0.0
-0.00035070531885139644	1.0
0.0	1.0
0.0	1.0
-2.34879138361066e-07	1.0
0.0	1.0
-9.27102955756709e-05	1.0
0.0	0.0
0.0	1.0
0.0	1.0
-6.39239132738112e-08	1.0
0.0	1.0
0.0	1.0
0.0	1.0
-1.4396399592442322e-06	1.0
0.0	0.0
0.0	0.0
0.0	0.0
0.0	1.0
0.0	1.0
0.0	0.056451612903225805
0.0	1.0
0.0	1.0
-4.471750685297593e-07	1.0
-0.0038337314035743475	1.0
-0.03588037192821503	0.0
0.0	1.0
-1.2350112228887156e-05	0.0
-0.028521312400698662	0.0
0.0	1.0
0.0	1.0
0.0	0.0
0.0	1.0
-1.5191639590739214e-07	1.0
0.0	1.0
-0.04301788657903671	0.0
-1.388453938488965e-07	1.0
0.0	1.0
-1.9683042630676273e-13	1.0
0.0	1.0
0.0	1.0
0.0	0.0
-0.00010512687731534243	1.0
0.0	1.0
-6.330895121209323e-05	0.836173001310616
0.0	1.0
0.0	1.0
-6.035886901401e-09	1.0
0.0	1.0
-1.6383390175178647e-05	1.0
-3.275190607610057e-08	1.0
0.0	1.0
-0.00013571871386375278	1.0
-9.086793579626828e-05	1.0
0.0	0.041666666666666664
-3.6269906900088245e-07	1.0
0.0	1.0
-0.0002641655155457556	1.0
-0.0003237397759221494	0.0
0.0	1.0
0.0	1.0
0.0	1.0
0.0	1.0
-0.004522156435996294	1.0
0.0	1.0
0.0	1.0
0.0	1.0
-0.008218873292207718	0.0
-1.0791520253405906e-05	1.0
-0.06471821665763855	0.0
-0.000325360510032624	0.0
0.0	1.0
-0.0001499260833952576	0.0
-6.519512680824846e-07	0.0
0.0	1.0
0.0	1.0
0.0	0.0
-0.001289856038056314	1.0
0.0	1.0
0.0	1.0
-0.0001850072731031105	1.0
0.0	1.0
-4.6466674064049585e-08	0.0
0.0	1.0
0.0	1.0
-0.0006170644192025065	1.0
-3.959510941342614e-09	1.0
0.0	1.0
0.0	1.0
0.0	1.0
-0.00040066082146950066	1.0
-2.0508193756541004e-06	1.0
0.0	1.0
0.0	0.0
0.0	0.0917941585535466
0.0	1.0
-1.2965982023160905e-05	1.0
0.0	1.0
0.0	1.0
-0.002251863945275545	1.0
0.0	0.0
-0.0008477281080558896	0.0
-4.3555122829275206e-05	1.0
0.0	0.17537313432835822
-3.920086783182342e-06	1.0
0.0	1.0
-0.0020144942682236433	1.0
-6.853389641037211e-05	0.0
0.0	1.0
0.0	1.0
0.0	1.0
-0.00150302704423666	1.0
0.0	1.0
0.0	1.0
0.0	1.0
0.0	1.0
-0.0007612729095853865	1.0
0.0	1.0
0.0	1.0
0.0	1.0
0.0	1.0
0.0	1.0
0.0	1.0
0.0	0.044444444444444446
0.0	0.0
-1.644659732846776e-06	1.0
-0.00046780711272731423	1.0
-2.0503948405803385e-07	1.0
0.0	1.0
0.0	1.0
-0.018527379259467125	0.0
-3.026579431519849e-09	1.0
0.0	1.0
0.0	0.0
0.0	0.25866336633663367
-0.0016015846049413085	1.0
-1.3400624993664678e-05	0.0
-7.771390642119513e-08	0.0
0.0	1.0
0.0	1.0
-0.012132282368838787	0.0
-7.604887206080768e-12	1.0
0.0	1.0
0.0	1.0
0.0	1.0
-0.002148409839719534	0.0
0.0	1.0
-1.7342594219371676e-05	1.0
-2.8218424930059882e-08	1.0
0.0	1.0
0.0	1.0
0.0	1.0
-1.0089104307553498e-06	1.0
0.0	1.0
0.0	1.0
0.0	1.0
0.0	1.0
0.0	1.0
0.0	0.0
-0.00022300287673715502	0.03535353535353535
0.0	1.0
0.0	1.0
