0.0	1.0
-0.0009062207536771894	1.0
-0.0006427339394576848	1.0
0.0	0.0
0.0	1.0
0.0	1.0
0.0	0.0
-0.000468180951429531	1.0
-0.0005569976638071239	0.1368421052631579
0.0	1.0
-1.1311396264090945e-07	1.0
-0.00028807963826693594	0.22377622377622378
-0.0016047871904447675	1.0
0.0	1.0
-0.0018640505149960518	1.0
-0.04685777798295021	0.0
0.0	0.0
0.0	1.0
0.0	0.0
-0.00434121023863554	0.30441640378548895
0.0	0.0
0.0	1.0
0.0	1.0
-0.0005031179753132164	0.0
0.0	1.0
0.0	0.0847457627118644
0.0	1.0
-0.0014935010112822056	0.0
0.0	0.041504539559014265
0.0	1.0
-0.0025563507806509733	1.0
0.0	1.0
0.0	1.0
-4.321156211517518e-06	1.0
0.0	1.0
-1.4336804269987624e-05	1.0
0.0	0.0
0.0	0.023391812865497075
0.0	0.0
-8.509455801686272e-05	1.0
0.0	1.0
0.0	1.0
0.0	1.0
0.0	1.0
0.0	1.0
-0.00023810839047655463	1.0
-0.0006972343544475734	1.0
-0.0004714347014669329	1.0
0.0	1.0
-0.017619675025343895	0.0
-0.0009515758720226586	0.0
-1.579305353516247e-05	1.0
0.0	0.2
0.0	1.0
-0.013539319857954979	0.0
0.0	1.0
-0.027287732809782028	0.0
-0.0022075085435062647	1.0
-0.00047644556616432965	1.0
-2.422238409849342e-08	1.0
-0.00010805693455040455	1.0
0.0	1.0
-0.0030738760251551867	0.046296296296296294
-1.4577419278793968e-05	1.0
0.0	1.0
-0.0013077312614768744	0.559432933478735
0.0	1.0
-1.6638266970403492e-05	1.0
0.0	1.0
0.0	1.0
0.0	1.0
-6.130346230648342e-10	0.0
-1.6913112631300464e-05	1.0
0.0	1.0
-0.002895592013373971	0.0
0.0	1.0
-4.678492769016884e-05	1.0
0.0	1.0
0.0	1.0
0.0	1.0
-0.005235244985669851	0.0
0.0	1.0
-5.3013415879377135e-09	1.0
0.0	0.0
0.0	0.0
-0.0028210808522999287	1.0
-3.97547846660018e-05	1.0
0.0	0.0
-1.2658158539124997e-06	1.0
-0.0013019905891269445	1.0
0.0	1.0
-5.5624514732786554e-14	1.0
-6.697064964100718e-05	1.0
0.0	0.05263157894736842
0.0	1.0
-0.00018159519822802395	1.0
0.0	1.0
-4.125714895053534e-06	0.0
0.0	0.0
0.0	1.0
-0.0010907991090789437	1.0
0.0	0.0
0.0	1.0
-0.020192459225654602	1.0
0.0	1.0
0.0	1.0
-8.520682058588136e-06	0.0
0.0	1.0
-0.0005700854235328734	1.0
-9.948654877689478e-08	1.0
0.0	1.0
0.0	0.047619047619047616
0.0	0.0
0.0	1.0
0.0	0.0
0.0	1.0
-4.259630077285692e-05	0.0
0.0	1.0
-3.5313300031702965e-05	1.0
-0.010134195908904076	0.0
0.0	1.0
0.0	1.0
-0.0001600506657268852	1.0
0.0	1.0
0.0	1.0
0.0	1.0
0.0	1.0
0.0	1.0
0.0	0.0
0.0	1.0
-0.00016571824380662292	0.0
0.0	0.0
0.0	1.0
0.0	1.0
0.0	1.0
0.0	1.0
0.0	1.0
-5.577296633418882e-06	1.0
0.0	1.0
0.0	0.6363636363636364
0.0	1.0
0.0	0.09090909090909091
0.0	0.0
-0.00027371442411094904	1.0
-0.0005648528458550572	1.0
0.0	1.0
-1.4908639514032984e-06	1.0
0.0	1.0
0.0	1.0
0.0	0.0
-3.822037797363009e-06	1.0
0.0	1.0
0.0	1.0
0.0	0.0
0.0	1.0
0.0	0.0
0.0	0.0
-7.928608829388395e-05	1.0
0.0	0.12234910277324633
-1.9688313841470517e-05	1.0
0.0	1.0
-0.0005807428970001638	1.0
0.0	1.0
-6.161499914014712e-05	1.0
0.0	0.0
0.0	1.0
0.0	1.0
0.0	1.0
-4.093513052794151e-05	1.0
-7.281333175290783e-11	1.0
0.0	1.0
0.0	1.0
-1.5334217096096836e-05	1.0
-2.0465704686500885e-09	1.0
0.0	0.0
0.0	1.0
0.0	0.09090909090909091
0.0	0.0
0.0	1.0
0.0	1.0
-9.440032590646297e-05	1.0
0.0	0.2891566265060241
0.0	1.0
0.0	0.6592920353982301
0.0	1.0
-0.00021160178584977984	1.0
0.0	0.7711738484398217
-3.0304188385343878e-06	1.0
-5.189556395635009e-05	1.0
-0.0005801075603812933	1.0
-0.00735486252233386	0.0
0.0	0.14376996805111822
0.0	0.0
-0.000292628858005628	0.0
0.0	1.0
0.0	0.0
0.0	1.0
0.0	0.1958041958041958
0.0	1.0
-0.00176010571885854	1.0
0.0	1.0
0.0	1.0
0.0	1.0
-0.000521588372066617	0.0
0.0	1.0
0.0	1.0
-0.00013225934526417404	0.0
0.0	1.0
-1.9939605408580974e-05	1.0
0.0	1.0
0.0	1.0
-9.155157520979174e-09	1.0
0.0	0.0
0.0	0.0
0.0	1.0
0.0	1.0
0.0	0.0
0.0	1.0
0.0	0.0
-0.0001607386366231367	1.0
-8.656188583699986e-07	0.0
-0.00028289027977734804	1.0
-8.76439025887521e-06	1.0
-2.4901813944211426e-08	1.0
0.0	1.0
0.0	1.0
-3.3163902116939425e-05	1.0
-2.392049509580829e-06	1.0
0.0	1.0
0.0	1.0
0.0	1.0
-9.520615407154764e-10	1.0
0.0	0.0
0.0	1.0
0.0	1.0
0.0	1.0
-0.0002815468469634652	1.0
0.0	1.0
-0.000707808299921453	1.0
-0.010746796615421772	0.0
-0.00028702543932013214	1.0
0.0	1.0
0.0	1.0
0.0	1.0
0.0	1.0
-0.0008483101264573634	0.0
-0.000713980000000447	0.0
0.0	1.0
0.0	1.0
-0.007106446195393801	0.0
0.0	1.0
-0.030693387612700462	0.0
-9.606205276213586e-05	1.0
-0.00017345209198538214	1.0
-0.009632715955376625	0.022222222222222223
-0.00235920213162899	0.022222222222222223
-2.0326075891863304e-12	1.0
0.0	1.0
0.0	0.0
0.0	1.0
0.0	1.0
-0.001332809217274189	1.0
0.0	1.0
-0.0016579218208789825	1.0
-0.020492812618613243	0.0
-0.007668064441531897	0.0
-9.668084430813906e-07	1.0
0.0	1.0
0.0	1.0
0.0	0.31746031746031744
-0.0004965148400515318	0.0
-2.2727579107595375e-07	1.0
-0.007272080052644014	0.0
0.0	1.0
0.0	1.0
0.0	1.0
0.0	1.0
0.0	1.0
-0.0005774903111159801	1.0
-9.119298192672431e-05	1.0
-0.00011514240031829104	1.0
-0.0001308897917624563	1.0
-3.5961684261565097e-06	0.0
0.0	0.0
-3.0560453723182945e-08	1.0
0.0	1.0
-0.0002750429848674685	1.0
0.0	1.0
-0.00030456381500698626	1.0
-0.0013099247589707375	0.0
0.0	1.0
-0.002341033425182104	1.0
-3.5005449195791086e-14	1.0
0.0	0.0
-0.00012198693730169907	1.0
0.0	1.0
0.0	0.0
0.0	1.0
-2.2547185380972223e-06	1.0
0.0	1.0
0.0	0.0
-0.0018136153230443597	0.0
0.0	0.0
0.0	1.0
0.0	0.08176100628930817
0.0	1.0
0.0	1.0
-8.939969653454227e-09	1.0
0.0	0.5845070422535211
0.0	1.0
0.0	0.7644628099173554
0.0	0.0
0.0	1.0
-0.02015889249742031	0.0
-0.0005272252601571381	1.0
0.0	1.0
-0.0004659241531044245	1.0
0.0	1.0
0.0	1.0
-4.993020775145851e-05	0.0
0.0	1.0
-7.526089973453054e-08	1.0
-1.7139593182946555e-05	1.0
0.0	1.0
0.0	1.0
-0.01948939450085163	0.0
-0.004376356955617666	0.0
-0.00027326078270561993	1.0
-0.002914073411375284	1.0
0.0	1.0
-3.4904569474747404e-05	0.0
0.0	0.33064516129032256
0.0	0.0
0.0	1.0
0.0	1.0
0.0	1.0
0.0	1.0
-0.009361258707940578	0.015151515151515152
0.0	1.0
-0.0008828999125398695	1.0
0.0	1.0
0.0	1.0
0.0	0.0
-0.00011022263788618147	1.0
-2.2816342593046102e-08	1.0
0.0	1.0
-0.000739889801479876	1.0
-4.6285970611847915e-09	1.0
0.0	1.0
-9.422399671166204e-06	1.0
-0.00019956303003709763	1.0
-0.00027627969393506646	1.0
0.0	1.0
-0.00016783425235189497	1.0
0.0	1.0
0.0	0.75
0.0	1.0
-3.0365711154445307e-06	1.0
-8.121225982904434e-05	1.0
0.0	0.0
0.0	0.0
-3.0358206318812156e-14	1.0
-0.013159502297639847	0.012195121951219513
0.0	1.0
0.0	1.0
-0.0010022188071161509	1.0
-0.0021198629401624203	1.0
-0.0002863332047127187	0.0
0.0	1.0
0.0	1.0
0.0	0.1518987341772152
0.0	1.0
0.0	1.0
0.0	1.0
-9.424250038136961e-07	0.0
0.0	1.0
-1.1475242445158074e-06	1.0
0.0	0.0
0.0	1.0
0.0	1.0
0.0	1.0
-0.0048608495853841305	0.045454545454545456
-2.6416054765832087e-07	1.0
0.0	0.0
-0.0008650554227642715	1.0
-0.0009543755440972745	1.0
0.0	0.0
0.0	1.0
0.0	0.0
0.0	1.0
0.0	1.0
-0.0002328806003788486	1.0
0.0	0.0
0.0	1.0
-3.636609108070843e-05	0.0
0.0	0.0
0.0	1.0
0.0	1.0
0.0	1.0
0.0	1.0
-0.0006825972232036293	0.0
0.0	1.0
-5.0281629228265956e-05	1.0
-3.487624056219829e-08	1.0
0.0	1.0
0.0	1.0
0.0	1.0
0.0	1.0
0.0	1.0
0.0	0.0
-7.722889563410718e-07	1.0
0.0	1.0
0.0	0.0
-7.017105963313952e-05	1.0
0.0	1.0
0.0	1.0
-0.00781620666384697	0.0
0.0	0.0
-0.00018618283502291888	0.0
0.0	1.0
-0.0005353986634872854	0.7466960352422908
0.0	1.0
-0.00017788050172384828	0.0
-0.0002922910498455167	1.0
-0.00042090940405614674	1.0
0.0	1.0
0.0	0.016260162601626018
-1.3545610499932081e-07	1.0
-0.00011055852519348264	0.0
-1.43632135518601e-07	0.0
-0.003375423140823841	0.0
-4.098560102416826e-10	0.0
0.0	0.0
0.0	0.0
-1.569059350003954e-05	0.0
0.0	1.0
0.0	0.0
-0.004839473869651556	1.0
0.0	1.0
0.0	0.0
-0.002192799001932144	0.0
-1.1742746210074984e-05	1.0
0.0	1.0
-0.0005282510537654161	1.0
-6.33310515141261e-09	1.0
0.0	1.0
-0.000523412018083036	0.0
-0.00019604136468842626	0.0
-0.01378063764423132	0.0
-1.1215379345230758e-06	1.0
0.0	1.0
0.0	1.0
-1.2549220400615013e-06	0.0
-7.871826710470486e-06	1.0
0.0	0.0
0.0	1.0
0.0	1.0
0.0	1.0
-0.01843523420393467	0.0
-0.0007280480931513011	1.0
0.0	0.0
0.0	1.0
0.0	0.0
-7.291848305612803e-05	1.0
0.0	0.0
0.0	0.42857142857142855
0.0	0.0
0.0	1.0
0.0	0.0
0.0	1.0
-5.54212492716033e-05	1.0
0.0	1.0
-1.5025083484943025e-05	1.0
-0.00043547185487113893	1.0
0.0	1.0
0.0	1.0
0.0	1.0
-2.520326169985765e-08	0.0
0.0	1.0
0.0	0.0
-0.00027818550006486475	1.0
0.0	1.0
0.0	1.0
-0.0007467630202881992	1.0
-1.2209236047056038e-05	1.0
0.0	1.0
0.0	1.0
0.0	1.0
0.0	1.0
-0.00018511308007873595	1.0
0.0	0.0
0.0	1.0
0.0	1.0
0.0	0.0
0.0	1.0
0.0	1.0
0.0	1.0
0.0	1.0
0.0	1.0
0.0	0.0
-2.0884165223833406e-06	1.0
0.0	0.0
0.0	0.0
0.0	1.0
-0.00023893247998785228	1.0
-0.002068747766315937	0.0
0.0	1.0
-0.006720566190779209	0.0
0.0	1.0
0.0	1.0
0.0	1.0
-0.00040519307367503643	1.0
-0.005033318419009447	0.0
0.0	1.0
-0.00013334103277884424	1.0
-1.346258660106514e-08	1.0
-6.160254883980087e-07	1.0
0.0	1.0
-0.002181869000196457	1.0
-0.00595265394076705	0.04309063893016345
-0.00017932722403202206	1.0
0.0	0.0
0.0	1.0
0.0	0.0
0.0	0.0
0.0	0.125
0.0	0.0
0.0	1.0
0.0	1.0
0.0	1.0
0.0	1.0
0.0	0.01818181818181818
0.0	1.0
0.0	1.0
0.0	1.0
0.0	1.0
0.0	1.0
0.0	1.0
0.0	0.0
0.0	0.0
0.0	1.0
-4.241058377374429e-06	1.0
0.0	1.0
-6.155812570796115e-08	1.0
0.0	1.0
0.0	1.0
-0.014410825446248055	0.0
0.0	1.0
0.0	1.0
0.0	0.0
-9.469553333474323e-05	1.0
-0.0002182036405429244	0.01773049645390071
0.0	0.02059732234809475
