0.0	1.0
0.0	1.0
-0.0003033385146409273	1.0
-7.188148447312415e-05	1.0
0.0	1.0
0.0	0.0
0.0	1.0
0.0	1.0
0.0	1.0
0.0	1.0
0.0	1.0
0.0	0.0
0.0	1.0
-3.284934635416903e-08	1.0
-2.5539693524478935e-05	0.0
0.0	1.0
0.0	0.0
0.0	1.0
0.0	1.0
0.0	1.0
0.0	1.0
0.0	1.0
-6.050028468522167e-19	0.0
0.0	0.0
0.0	0.0
-0.0012026246404275298	1.0
0.0	1.0
0.0	1.0
-1.4614653309763526e-07	1.0
0.0	1.0
0.0	0.23931623931623933
0.0	1.0
0.0	1.0
-0.00032463486422784626	1.0
-0.0011241143802180886	1.0
0.0	0.0
0.0	1.0
0.0	1.0
0.0	1.0
0.0	1.0
0.0	0.10234899328859061
0.0	1.0
0.0	0.0
-0.00021483254386112094	1.0
0.0	0.0
0.0	1.0
0.0	1.0
-2.051687624771148e-05	0.5614035087719298
-3.3262092529184883e-06	1.0
0.0	0.0
0.0	1.0
0.0	1.0
0.0	1.0
-2.212131903434056e-06	0.0
-0.00011168670607730746	1.0
0.0	1.0
0.0	1.0
0.0	0.17073170731707318
0.0	0.0
-8.739439363125712e-05	0.0
0.0	1.0
0.0	0.0
0.0	0.16393442622950818
-0.00012196188617963344	1.0
0.0	1.0
-0.00833650678396225	0.0
0.0	1.0
0.0	1.0
-1.9380354387976695e-06	0.0
-8.063720451900735e-05	1.0
-0.0002666350337676704	1.0
0.0	1.0
-2.2217564037418924e-06	1.0
-0.0014434070326387882	1.0
0.0	0.05652173913043478
-1.4308247955341358e-06	1.0
0.0	1.0
0.0	1.0
0.0	1.0
-2.4462353849230567e-06	0.0
-3.534384234171739e-07	1.0
0.0	1.0
-0.00765649601817131	0.0
-0.010298152454197407	0.0
0.0	1.0
0.0	1.0
0.0	1.0
0.0	1.0
0.0	1.0
0.0	1.0
0.0	1.0
-1.3340113014237431e-08	1.0
-1.1506895134516526e-06	1.0
0.0	0.0
-4.4754786358680576e-05	1.0
0.0	1.0
-1.411333094836209e-08	0.0
-0.0006648099515587091	1.0
0.0	0.0
0.0	1.0
-4.3196439946768805e-05	1.0
-0.0002436755021335557	1.0
0.0	1.0
-2.4546734493924305e-05	1.0
-3.272848334745504e-05	1.0
0.0	1.0
0.0	1.0
0.0	1.0
-2.7785566203419876e-07	1.0
0.0	1.0
0.0	1.0
-0.00032833500881679356	1.0
0.0	1.0
-0.00010413819836685434	1.0
0.0	1.0
-8.019838787731715e-06	0.36683417085427134
-0.0005215364508330822	1.0
0.0	1.0
-0.0007395511493086815	1.0
-0.0008455570205114782	0.0
0.0	1.0
0.0	0.6636971046770601
0.0	1.0
0.0	1.0
-0.0375521183013916	0.0
0.0	1.0
-1.2858160516771022e-05	0.0
-0.0013840266037732363	1.0
0.0	1.0
0.0	0.0
0.0	0.8840579710144928
-1.4380279367287585e-07	1.0
-0.009296094067394733	0.0
0.0	1.0
0.0	1.0
0.0	1.0
-6.276909698499367e-05	1.0
0.0	1.0
0.0	0.0
0.0	1.0
0.0	0.0
0.0	1.0
-4.8549363782512955e-06	1.0
-0.00047140734386630356	1.0
0.0	1.0
0.0	1.0
0.0	1.0
0.0	1.0
0.0	0.2834890965732087
0.0	0.0
-0.0005357706104405224	0.0
-3.763545350921049e-07	0.0
0.0	1.0
-5.527938355953665e-07	0.09090909090909091
-0.001208056346513331	1.0
0.0	1.0
-4.584130730011698e-18	0.4865979381443299
-8.075527148321271e-05	0.28653295128939826
0.0	1.0
0.0	1.0
-0.05512568727135658	0.0
-1.1673433618852869e-05	1.0
-0.0021500091534107924	1.0
-0.00562149565666914	0.0
0.0	1.0
0.0	1.0
0.0	1.0
0.0	1.0
0.0	0.2347560975609756
0.0	1.0
0.0	0.0
-9.261668765248032e-09	1.0
-0.0007795412675477564	0.0
-1.1906455910093428e-07	1.0
-3.138115062029101e-05	0.0
0.0	1.0
-0.0004335413977969438	1.0
0.0	0.0
-5.777758929070842e-07	0.0
0.0	1.0
0.0	1.0
-4.002066473357546e-12	1.0
0.0	0.0
-0.005532518960535526	0.0
-6.013152642481145e-07	1.0
-6.60618461552076e-05	0.0
-3.750583061901125e-07	1.0
0.0	1.0
0.0	1.0
0.0	1.0
-0.014064229093492031	0.0
-1.7061172030707894e-08	1.0
-5.265964864520356e-05	1.0
-1.710490687401034e-05	0.0
-0.0006962441839277744	0.0
0.0	1.0
-0.0014378110645338893	0.0
-0.0009668738930486143	1.0
-0.00035132706398144364	0.0
0.0	1.0
0.0	1.0
0.0	1.0
-0.07318780571222305	0.0
0.0	0.0
-1.1587243875510467e-07	1.0
-4.1950676177293644e-07	1.0
0.0	1.0
-4.7698620619485155e-05	1.0
0.0	1.0
0.0	1.0
-1.3014640753983286e-10	1.0
-0.000536297564394772	1.0
-3.0811620616022495e-12	1.0
0.0	0.25
-7.826550245226827e-06	1.0
-0.00026000457000918686	0.7024221453287197
-2.183297874580603e-05	0.0
0.0	1.0
0.0	1.0
-0.020028626546263695	0.0
0.0	0.37050359712230213
-0.00011861106031574309	0.0
0.0	1.0
-5.939784273323312e-07	0.0
-0.0006837318069301546	0.0
0.0	1.0
0.0	0.2006269592476489
0.0	0.05405405405405406
0.0	1.0
0.0	0.041666666666666664
-0.00013110174040775746	1.0
0.0	1.0
0.0	1.0
-3.169189949403517e-05	1.0
0.0	1.0
-0.0022309913765639067	1.0
0.0	1.0
0.0	1.0
0.0	0.0
0.0	0.0
-4.320100188692777e-08	1.0
-0.0008150197099894285	1.0
0.0	1.0
-0.0005278874305076897	0.0
0.0	1.0
-1.032929776556557e-05	1.0
0.0	1.0
0.0	1.0
-0.009691745042800903	0.0
0.0	1.0
0.0	1.0
0.0	1.0
0.0	0.0
0.0	1.0
-3.822982398560271e-05	1.0
0.0	0.004081632653061225
0.0	1.0
0.0	1.0
0.0	1.0
0.0	1.0
0.0	1.0
-0.001382532063871622	0.5815085158150851
-7.520594635934685e-08	1.0
0.0	0.0
-1.5810402942406654e-07	1.0
0.0	1.0
-8.154709212249145e-05	0.0
-6.633775774389505e-05	0.0
-0.021197795867919922	0.0
-0.0017707498045638204	1.0
0.0	1.0
0.0	1.0
-0.0009543577907606959	1.0
0.0	0.1218274111675127
0.0	1.0
0.0	1.0
0.0	1.0
0.0	0.7213483146067415
0.0	1.0
0.0	1.0
-1.1675880262629335e-09	1.0
-0.005067471880465746	0.5
0.0	1.0
0.0	0.0
0.0	1.0
0.0	0.0
-0.009306604042649269	0.0
-0.0035071431193500757	0.7863777089783281
-0.003608821192756295	1.0
-0.0002220200258307159	1.0
-2.74473313766066e-05	1.0
0.0	0.0
0.0	1.0
0.0	0.04040404040404041
-4.418468597577885e-05	1.0
0.0	1.0
0.0	1.0
-1.1548912652870058e-06	1.0
0.0	1.0
0.0	1.0
0.0	1.0
0.0	1.0
0.0	1.0
0.0	1.0
-0.01630028896033764	0.07692307692307693
-2.610148044368543e-07	1.0
-0.010004504583775997	0.0
0.0	0.05555555555555555
-2.9576367523986846e-06	1.0
0.0	0.08571428571428572
-1.8382312191533856e-05	1.0
0.0	1.0
0.0	1.0
0.0	1.0
-3.619559356593527e-05	1.0
0.0	0.0
-3.189714698237367e-05	1.0
-6.218286302539511e-12	1.0
0.0	1.0
-0.0008624339825473726	1.0
0.0	0.0
0.0	0.0
0.0	1.0
0.0	1.0
-1.3328941577128717e-06	1.0
-8.861240530677605e-06	1.0
-0.005297115538269281	0.0
0.0	1.0
0.0	1.0
0.0	0.3148936170212766
-2.0066933004159182e-08	0.875438596491228
0.0	0.6045340050377834
-1.1008332876372151e-06	1.0
0.0	1.0
0.0	0.0
-1.1749363011404057e-06	1.0
0.0	1.0
0.0	1.0
0.0	1.0
0.0	1.0
-9.194815902446862e-06	1.0
0.0	0.0
-0.0012957092840224504	1.0
0.0	0.041666666666666664
-7.007347448961809e-07	1.0
-1.328747566731181e-05	1.0
-5.660477836499922e-05	0.0
-6.282878075580811e-06	0.665314401622718
0.0	0.0
-9.127140820908153e-09	1.0
0.0	0.0
0.0	1.0
-1.201082795887487e-06	1.0
-3.238027554419709e-11	1.0
0.0	0.13953488372093023
-0.0001666787575231865	1.0
0.0	0.0
0.0	1.0
0.0	1.0
-5.85971063338242e-11	1.0
0.0	1.0
0.0	0.0
0.0	0.043343653250773995
-0.0006027606432326138	0.0
0.0	1.0
-0.00014814319729339331	1.0
0.0	1.0
0.0	1.0
-1.8737888240139e-05	1.0
0.0	1.0
0.0	0.0
-1.162560783996014e-05	0.04878048780487805
0.0	1.0
0.0	1.0
-0.00137170753441751	0.8641975308641975
-0.0013002592604607344	0.0
0.0	0.5871559633027523
-4.409287066664547e-05	1.0
0.0	1.0
0.0	1.0
0.0	1.0
0.0	1.0
-0.023186542093753815	0.0
-0.0011560141574591398	1.0
0.0	0.0029850746268656717
-0.0011857819044962525	1.0
-0.00039451985503546894	1.0
0.0	0.0
0.0	1.0
-1.0670628398656845e-06	1.0
-0.07429683953523636	0.0
0.0	0.0
-0.000963555823545903	0.0
-9.333251909993123e-06	1.0
0.0	1.0
-0.016581417992711067	0.0
-2.5001700123539194e-05	1.0
-1.1704599420757356e-14	1.0
0.0	1.0
-0.0005167169729247689	0.0
-0.008962051011621952	0.28792569659442724
-2.294091826227085e-11	1.0
-0.00022521019855048507	1.0
0.0	1.0
0.0	1.0
-0.00018361622642260045	0.3333333333333333
-4.372822877485305e-05	1.0
0.0	1.0
0.0	1.0
-8.60691761772614e-06	0.0
0.0	1.0
0.0	0.0
-2.381414560659323e-06	1.0
0.0	1.0
0.0	1.0
0.0	1.0
-0.03332972899079323	0.0
-2.6130392143386416e-06	1.0
-0.0002484201395418495	1.0
0.0	0.6329113924050633
0.0	1.0
0.0	1.0
-0.00010247691534459591	1.0
-1.33048097268329e-05	1.0
-8.216543938033283e-05	1.0
-0.0018761495593935251	1.0
-0.001533753820694983	1.0
0.0	0.8194444444444444
0.0	1.0
0.0	1.0
0.0	0.0
0.0	1.0
0.0	1.0
-1.4460044050544995e-21	1.0
0.0	1.0
-4.633173844581506e-09	1.0
0.0	1.0
-4.935174729325809e-06	1.0
0.0	1.0
-0.0017987010069191456	0.0
0.0	1.0
-0.0005100616835989058	0.0
-1.2407859184548897e-09	1.0
0.0	1.0
0.0	1.0
0.0	1.0
-1.245969161178806e-10	1.0
-7.163461305026431e-06	1.0
0.0	0.0
0.0	1.0
0.0	1.0
-3.0349081581171333e-10	1.0
0.0	0.0
0.0	0.0
0.0	0.2804878048780488
-1.5962930774549022e-05	1.0
0.0	1.0
0.0	1.0
0.0	0.054945054945054944
0.0	1.0
0.0	0.0
0.0	0.0
0.0	1.0
0.0	1.0
0.0	1.0
0.0	1.0
-0.002534011146053672	1.0
-3.490014933049679e-06	1.0
0.0	1.0
0.0	0.0
-4.839591269956145e-07	1.0
0.0	1.0
0.0	0.0
0.0	1.0
-2.1973728507873602e-05	0.0
-5.162350102949631e-09	1.0
0.0	0.05789473684210526
0.0	1.0
0.0	0.0
0.0	1.0
-0.018303850665688515	0.0
-0.0012652467703446746	0.7654723127035831
0.0	1.0
0.0	0.0
0.0	0.20240963855421687
0.0	1.0
0.0	1.0
0.0	1.0
0.0	1.0
0.0	1.0
0.0	1.0
-6.184046608126437e-09	1.0
-3.0571598017559154e-06	1.0
0.0	1.0
-0.011788325384259224	0.0
-8.116928142953839e-07	0.0
0.0	1.0
0.0	0.0
-0.0006230476428754628	1.0
0.0	1.0
0.0	0.0
0.0	0.0
0.0	1.0
0.0	1.0
0.0	1.0
0.0	1.0
0.0	1.0
-5.314506647258188e-12	0.16872427983539096
0.0	1.0
0.0	1.0
0.0	0.050505050505050504
0.0	1.0
0.0	0.0
-1.1437097782618366e-05	1.0
-0.0016835298156365752	1.0
0.0	1.0
0.0	1.0
-0.00011330915003782138	1.0
0.0	1.0
-0.00016489070549141616	0.043478260869565216
0.0	0.0
0.0	1.0
0.0	0.0
0.0	0.0
0.0	0.0
-0.007298598065972328	0.0
0.0	1.0
-0.0007595079950988293	1.0
-3.433241246852958e-08	1.0
-0.0006339795654639602	1.0
0.0	1.0
-1.0047694587456135e-07	1.0
0.0	1.0
-0.0042333221063017845	0.012755102040816327
-0.033474523574113846	0.16666666666666666
-7.111956961125543e-07	1.0
0.0	1.0
0.0	1.0
0.0	1.0
0.0	1.0
0.0	1.0
0.0	1.0
0.0	0.0
-8.651872485643253e-05	1.0
0.0	1.0
0.0	1.0
0.0	1.0
0.0	1.0
0.0	0.0
-6.010920515109319e-06	0.08080808080808081
-3.498245860100724e-05	1.0
0.0	1.0
0.0	1.0
-5.8558842283673584e-05	1.0
0.0	0.0
0.0	1.0
0.0	0.0
-0.0003132221463602036	1.0
0.0	0.0
0.0	1.0
-0.0003471242089290172	1.0
