-4.2851630155382736e-07	1.0
0.0	0.0
-1.5354160495917313e-05	1.0
0.0	1.0
-0.01742197759449482	0.0
0.0	0.0
-0.00015264471585396677	1.0
0.0	1.0
-0.0001819018361857161	1.0
0.0	0.0
0.0	0.0
0.0	1.0
0.0	1.0
-0.0006116402219049633	1.0
-5.582254743785597e-06	1.0
-5.152055018697865e-05	0.0
0.0	1.0
-4.365283245988394e-09	1.0
-0.006992353592067957	1.0
-0.00362659664824605	1.0
0.0	0.0
0.0	1.0
0.0	1.0
0.0	1.0
0.0	1.0
0.0	0.0
0.0	0.0
-0.0011265674838796258	1.0
-4.456543138076086e-06	1.0
0.0	1.0
0.0	0.0
0.0	1.0
0.0	0.004329004329004329
0.0	0.0
0.0	0.0
0.0	0.0
0.0	0.0
0.0	1.0
-0.0003275229246355593	0.0
0.0	0.012987012987012988
-0.0008045866270549595	1.0
-1.188328315038234e-05	1.0
-0.0009584633517079055	0.0
0.0	1.0
-4.8602370952721685e-05	1.0
0.0	1.0
0.0	1.0
0.0	1.0
0.0	1.0
0.0	1.0
0.0	1.0
0.0	1.0
0.0	1.0
-2.2479535743968881e-07	0.0
0.0	1.0
0.0	1.0
-4.651091330742929e-06	1.0
0.0	1.0
0.0	1.0
0.0	1.0
-0.003209206275641918	0.09090909090909091
0.0	1.0
0.0	0.0
0.0	1.0
-8.283843300205262e-08	0.0
-0.0004937658086419106	0.0
-0.0003952165716327727	1.0
0.0	1.0
0.0	1.0
0.0	0.0
0.0	0.0
0.0	0.17894736842105263
0.0	1.0
0.0	1.0
-0.007000144105404615	0.0
0.0	1.0
0.0	1.0
0.0	1.0
0.0	1.0
0.0	0.020833333333333332
-0.045947544276714325	0.0
-0.001202622428536415	1.0
0.0	1.0
-9.789316663955105e-07	1.0
0.0	0.0
-5.427865471574478e-05	1.0
0.0	1.0
0.0	1.0
0.0	1.0
0.0	1.0
0.0	1.0
0.0	1.0
0.0	1.0
0.0	1.0
-1.1762911526602693e-05	1.0
0.0	1.0
-0.00044504625839181244	1.0
0.0	1.0
-0.001407357514835894	1.0
0.0	1.0
0.0	1.0
0.0	1.0
0.0	1.0
-1.1702502433763584e-06	0.0
-5.508919684871216e-07	1.0
-0.0005349548882804811	1.0
-2.3586559109389782e-05	1.0
-0.0007042460492812097	0.010688836104513063
-0.0006148418178781867	1.0
-0.004998752381652594	0.0
0.0	1.0
-3.886062582836303e-09	0.0
0.0	1.0
0.0	1.0
0.0	1.0
0.0	1.0
-1.1472897085695877e-06	1.0
-5.0973190809600055e-05	1.0
0.0	0.0
0.0	1.0
-1.9953055389030673e-15	1.0
-0.0003759200335480273	0.0
0.0	1.0
0.0	1.0
-0.0006129629909992218	0.0
0.0	1.0
-8.79332292242907e-05	1.0
0.0	1.0
0.0	1.0
0.0	0.0
-0.00019773482927121222	1.0
0.0	1.0
0.0	1.0
-0.0002461463154759258	1.0
0.0	1.0
0.0	0.0
0.0	1.0
-0.0003553545684553683	1.0
0.0	1.0
0.0	1.0
0.0	0.0
0.0	1.0
-0.00039739676867611706	1.0
0.0	1.0
-4.5879394861003675e-07	1.0
0.0	1.0
-1.733581484586466e-05	0.0
0.0	0.0
-0.006016075145453215	0.0
0.0	1.0
0.0	1.0
0.0	0.15022421524663676
-4.087683919351548e-05	1.0
-1.1953986359003466e-05	1.0
0.0	1.0
0.0	1.0
0.0	1.0
0.0	1.0
0.0	1.0
-1.3409492567006964e-05	1.0
0.0	1.0
0.0	0.0
0.0	1.0
0.0	1.0
0.0	1.0
0.0	1.0
0.0	1.0
-0.0004786896170116961	1.0
-0.0026036007329821587	0.0
-5.930448310209613e-07	1.0
0.0	0.11320754716981132
0.0	1.0
-0.00022754677047487348	1.0
0.0	1.0
0.0	1.0
0.0	1.0
-0.00032848402042873204	1.0
-0.0004535864572972059	1.0
-0.0010713990777730942	1.0
0.0	1.0
-1.1419015208957717e-06	1.0
-0.03274564445018768	0.0
0.0	1.0
0.0	1.0
0.0	1.0
0.0	1.0
-0.0011309587862342596	1.0
0.0	1.0
0.0	0.0
0.0	1.0
0.0	1.0
-2.1359139168453112e-07	1.0
-6.619379178118834e-08	1.0
0.0	1.0
-0.03398323059082031	0.0
0.0	1.0
-9.409170161234215e-05	1.0
0.0	1.0
-3.3634780294278244e-08	1.0
-1.7364509136141848e-11	1.0
-3.88768336100076e-13	1.0
0.0	1.0
0.0	1.0
0.0	1.0
0.0	1.0
-1.2703715583484154e-05	1.0
-0.00010817790462169796	0.0
-1.3139787868876596e-10	0.0
0.0	1.0
-2.870100068719239e-08	1.0
0.0	0.302158273381295
-0.00010383607150288299	1.0
0.0	1.0
-0.001449580886401236	0.0
-0.015281903557479382	0.0
-6.593479611183284e-07	0.0
0.0	1.0
0.0	0.0
0.0	1.0
0.0	1.0
-1.7757170098775532e-06	1.0
0.0	1.0
-9.801303349377122e-06	1.0
0.0	1.0
-1.342818904959131e-06	1.0
0.0	1.0
-0.001453919569030404	1.0
-0.0001618787064217031	0.0
0.0	1.0
0.0	1.0
0.0	1.0
-1.103945734826084e-08	1.0
-2.4069675419013947e-05	0.0
0.0	1.0
-0.0006742192781530321	1.0
-0.0001916236215038225	0.19835560123329907
0.0	1.0
-7.667740931083245e-08	1.0
0.0	1.0
-0.0025962642394006252	0.0
0.0	0.0
-0.00017284108616877347	1.0
0.0	1.0
0.0	1.0
0.0	0.0
0.0	1.0
-1.2312325452512596e-06	1.0
0.0	1.0
-0.0005553001537919044	1.0
0.0	1.0
0.0	1.0
0.0	1.0
-0.00024401728296652436	0.0
0.0	1.0
0.0	1.0
-0.00045690289698541164	1.0
-0.00037044103373773396	1.0
0.0	1.0
0.0	1.0
0.0	0.02247191011235955
0.0	1.0
0.0	0.125
0.0	0.0
-4.6289118472486734e-05	1.0
0.0	1.0
0.0	0.008695652173913044
-0.0007941166986711323	1.0
-4.840966357733123e-05	1.0
0.0	0.0
-9.556952863931656e-05	0.010416666666666666
-0.002271028468385339	0.5
-4.825928044738248e-05	1.0
0.0	1.0
0.0	1.0
0.0	0.26
0.0	1.0
-0.0005311064887791872	1.0
0.0	1.0
0.0	1.0
0.0	0.3208868144690782
0.0	0.0
0.0	1.0
0.0	1.0
0.0	0.17198764160659114
0.0	0.0
0.0	1.0
-3.9493123040301725e-05	1.0
0.0	0.0
-4.6155428208294325e-06	0.0
0.0	1.0
0.0	0.0
-6.610759051284276e-09	1.0
-2.7453525675014134e-08	1.0
0.0	1.0
-0.000357401673682034	1.0
-3.780550912324543e-07	1.0
-1.956401320057921e-05	1.0
-6.441727600758895e-05	1.0
0.0	1.0
-0.0001568105217302218	1.0
-0.0004339183506090194	1.0
0.0	1.0
0.0	0.0
0.0	1.0
-0.00011668341903714463	1.0
0.0	1.0
-0.02961396425962448	0.0
0.0	1.0
-0.0013002578634768724	1.0
0.0	0.0782608695652174
-0.03201375529170036	1.0
0.0	1.0
0.0	1.0
0.0	1.0
0.0	1.0
-0.006533419713377953	1.0
-0.0009586385567672551	0.2791666666666667
0.0	0.11870503597122302
-9.744512499310076e-05	0.21052631578947367
-2.2438559881265974e-06	1.0
0.0	1.0
-0.00010858499445021152	1.0
0.0	1.0
0.0	1.0
0.0	1.0
-0.0006324673886410892	1.0
-1.5628896221642208e-07	1.0
0.0	0.0
0.0	1.0
0.0	1.0
-5.87844624533318e-06	0.0
-6.064247153176846e-16	1.0
0.0	1.0
-0.0005850887973792851	1.0
-1.4933571947040036e-05	0.24675324675324675
0.0	1.0
0.0	1.0
0.0	1.0
0.0	1.0
-0.00023066512949299067	1.0
-3.7087934856572247e-07	1.0
0.0	1.0
0.0	1.0
-4.421824996825308e-06	1.0
-4.9884683051004686e-08	1.0
-8.34421516628936e-05	0.171875
-0.00040455005364492536	1.0
0.0	1.0
0.0	1.0
0.0	1.0
-0.0002755293098744005	1.0
-3.489257505862042e-05	1.0
0.0	0.0
0.0	0.5
-4.3872038077097386e-05	1.0
0.0	1.0
-0.00017570161435287446	0.0
0.0	0.20508982035928144
0.0	1.0
-1.3909423159930157e-06	1.0
0.0	1.0
0.0	0.0
0.0	1.0
0.0	0.36363636363636365
-1.6703269626813788e-12	1.0
-0.00029657394043169916	1.0
-0.009682128205895424	0.0
0.0	1.0
0.0	1.0
-1.2079976841050666e-05	1.0
0.0	0.0
0.0	0.0
0.0	1.0
0.0	0.0
0.0	1.0
-0.0005928616737946868	1.0
0.0	1.0
-3.92421043216018e-06	1.0
0.0	1.0
-2.2498591434327864e-08	1.0
0.0	1.0
0.0	1.0
-9.347975719720125e-06	1.0
-3.111152724333266e-10	1.0
-2.966516331071034e-05	0.3318777292576419
0.0	1.0
-5.158573568309066e-09	0.0
0.0	1.0
-2.271961966471281e-05	1.0
-3.4880442854046123e-06	1.0
-0.002880522282794118	0.020481927710843374
0.0	1.0
-0.04775788635015488	0.0
0.0	1.0
0.0	0.0
0.0	1.0
0.0	0.0
0.0	1.0
0.0	1.0
0.0	1.0
-0.009241171181201935	0.0
0.0	0.0
-0.0004235447268001735	1.0
0.0	1.0
-9.626602695789188e-05	1.0
-0.001562348916195333	0.0
0.0	1.0
0.0	0.0
0.0	0.0
0.0	1.0
0.0	1.0
0.0	1.0
-0.00031445742934010923	0.01675977653631285
-0.006130955647677183	0.47126436781609193
0.0	1.0
0.0	1.0
-0.00017611825023777783	1.0
-0.0008102005231194198	0.0
0.0	1.0
0.0	1.0
0.0	1.0
0.0	1.0
0.0	1.0
-0.00854572281241417	0.0
0.0	0.45081967213114754
-0.03030582144856453	0.0
-0.014059027656912804	0.05263157894736842
0.0	1.0
-3.523652367221075e-06	0.0
0.0	0.0
-9.436862846712302e-09	1.0
-3.133419852474617e-07	0.0
0.0	0.0
-0.0018452077638357878	1.0
-3.5556600778363645e-05	1.0
0.0	0.0
0.0	1.0
0.0	1.0
-0.001003385754302144	0.0
0.0	1.0
-2.967200543935178e-06	0.1774370208105148
0.0	0.0
0.0	1.0
0.0	1.0
-9.318385423284781e-07	0.009569377990430622
0.0	1.0
0.0	0.0
0.0	1.0
-0.0005581436562351882	1.0
-2.412125357641516e-19	1.0
0.0	1.0
-0.0030409859027713537	0.0625
-3.841256329906173e-06	0.0
-0.0010390498209744692	1.0
-2.0688679796876386e-05	1.0
-0.0011743877548724413	1.0
0.0	0.0
0.0	1.0
0.0	1.0
0.0	1.0
-0.024510404095053673	0.0
-2.211764149251394e-05	1.0
-0.011988362297415733	0.0
0.0	1.0
-9.363730896438938e-06	1.0
0.0	1.0
0.0	1.0
-1.6141531489211047e-07	1.0
0.0	1.0
0.0	1.0
0.0	1.0
0.0	1.0
-0.0023291544057428837	0.0
-4.762632670463063e-06	1.0
0.0	1.0
-0.0004207762540318072	0.3469675599435825
0.0	0.0
0.0	1.0
-3.658944706330658e-06	0.0
0.0	1.0
0.0	0.0
0.0	1.0
0.0	1.0
0.0	1.0
-0.0003084539494011551	1.0
0.0	1.0
0.0	0.0
0.0	1.0
0.0	1.0
0.0	1.0
0.0	1.0
-4.021650511276675e-06	1.0
0.0	1.0
0.0	0.0
0.0	0.0
-0.0005609416402876377	0.0
0.0	1.0
0.0	1.0
0.0	1.0
0.0	1.0
0.0	1.0
-0.00039753643795847893	1.0
0.0	0.0
0.0	1.0
-2.0827700097925117e-07	1.0
-0.00028368481434881687	1.0
-0.00018213214934803545	1.0
-1.2780056124483963e-08	0.0
-2.361353654123377e-05	0.0
-2.2215309058992716e-07	1.0
0.0	0.0
0.0	1.0
-0.0007173643098212779	1.0
0.0	1.0
0.0	1.0
0.0	1.0
0.0	1.0
0.0	0.125
-0.0006157933385111392	1.0
0.0	0.0
0.0	1.0
0.0	0.04054054054054054
0.0	1.0
0.0	1.0
0.0	1.0
0.0	1.0
-3.630386231634475e-07	0.0
0.0	1.0
-0.018414927646517754	0.0
-7.447687835338002e-07	0.0
-0.00015428895130753517	1.0
0.0	0.0
0.0	1.0
0.0	1.0
0.0	1.0
0.0	1.0
0.0	1.0
-9.451377081859391e-06	1.0
0.0	1.0
-4.875428203376941e-07	0.0
-8.436190910288133e-07	0.0
0.0	1.0
-3.647726121158712e-09	0.0
-5.690764373866841e-05	1.0
-9.086418140213937e-05	1.0
0.0	1.0
-8.790632364252815e-07	1.0
-4.1673760620142275e-07	1.0
0.0	1.0
-0.014344374649226665	0.05263157894736842
0.0	0.0
0.0	1.0
0.0	1.0
0.0	1.0
0.0	1.0
0.0	1.0
0.0	1.0
0.0	1.0
0.0	1.0
0.0	1.0
-0.0039429692551493645	0.0
-5.4506543050759915e-14	1.0
-1.1778383850469254e-05	1.0
0.0	1.0
-0.007144071627408266	0.0
-5.184107521927217e-06	1.0
0.0	1.0
0.0	1.0
-2.4549817680963315e-06	0.0
