0.0	0.0
-2.6681225335778436e-06	0.0
0.0	0.0
0.0	0.5972222222222222
-3.576418066586484e-06	1.0
-1.641369453864172e-05	1.0
0.0	1.0
0.0	1.0
-1.8218072000308894e-05	0.1504424778761062
0.0	1.0
0.0	1.0
-0.01602841168642044	0.0
-9.880730794975534e-05	1.0
-2.0475445694501104e-07	0.8061224489795918
-0.0003664187388494611	1.0
0.0	1.0
0.0	1.0
0.0	0.0
-0.00012704089749604464	0.9660194174757282
0.0	0.7256637168141593
0.0	1.0
0.0	1.0
-1.4982544598751701e-05	0.11055276381909548
0.0	1.0
-0.0009429673664271832	0.0
0.0	1.0
0.0	1.0
0.0	1.0
0.0	1.0
0.0	1.0
0.0	0.05263157894736842
0.0	1.0
-0.0012080699671059847	1.0
0.0	1.0
0.0	1.0
0.0	1.0
-3.329503783788823e-07	1.0
-0.0006064506596885622	1.0
-0.0028355384711176157	1.0
0.0	0.0
-0.0029686670750379562	0.0
0.0	1.0
-0.01067754440009594	0.0
-0.0009924202458932996	1.0
0.0	0.0
-0.001748456503264606	0.9787234042553191
0.0	1.0
0.0	1.0
0.0	0.0
0.0	0.0
0.0	0.0
0.0	1.0
0.0	0.23809523809523808
0.0	1.0
-0.00019696130766533315	1.0
0.0	1.0
0.0	1.0
0.0	1.0
0.0	1.0
-3.309046405775007e-06	1.0
0.0	0.3794642857142857
-0.00025554499006830156	1.0
0.0	0.0
0.0	1.0
0.0	0.0
-1.4931633813830558e-06	1.0
0.0	1.0
-2.8855826617046887e-09	1.0
0.0	1.0
0.0	1.0
0.0	0.0
-5.185933016349509e-09	1.0
0.0	1.0
0.0	1.0
0.0	1.0
0.0	1.0
-0.003789678681641817	0.1125
-0.006230417173355818	0.0
0.0	1.0
0.0	1.0
0.0	0.0
0.0	1.0
0.0	1.0
0.0	1.0
-1.6259193216683343e-05	1.0
0.0	0.015463917525773196
0.0	1.0
-1.6124695889629947e-07	1.0
-0.00020412901358213276	1.0
0.0	1.0
0.0	1.0
0.0	0.0
-4.5783912128172233e-07	0.07317073170731707
0.0	0.0
0.0	1.0
-0.001942377188242972	0.0
0.0	1.0
0.0	1.0
0.0	1.0
0.0	1.0
0.0	1.0
0.0	1.0
0.0	1.0
0.0	1.0
0.0	1.0
0.0	0.07727272727272727
-0.007315970025956631	0.0
0.0	1.0
-0.0021317133214324713	1.0
0.0	1.0
0.0	1.0
0.0	0.028368794326241134
0.0	0.0
0.0	1.0
0.0	1.0
-0.00193628144916147	0.0
0.0	1.0
-0.0010886056115850806	1.0
-9.590232252776332e-08	1.0
0.0	1.0
-8.165165490936488e-05	1.0
0.0	1.0
0.0	1.0
0.0	1.0
0.0	1.0
0.0	1.0
0.0	0.0
0.0	0.0
0.0	0.0
-0.000828846066724509	0.0
0.0	0.00510204081632653
-0.0005177902639843524	1.0
-1.8765592812997056e-06	1.0
0.0	1.0
-0.00013571356248576194	1.0
0.0	1.0
-0.011193037033081055	0.0
0.0	0.0
0.0	1.0
0.0	0.013215859030837005
0.0	1.0
0.0	1.0
-0.029221802949905396	0.0
0.0	1.0
0.0	1.0
-0.05556706711649895	0.0
0.0	1.0
0.0	1.0
0.0	1.0
0.0	0.12473572938689217
0.0	0.0
0.0	1.0
0.0	0.0
-3.0431414415943436e-05	1.0
0.0	1.0
0.0	1.0
-5.3641929298464675e-06	1.0
0.0	1.0
0.0	1.0
0.0	0.0
0.0	1.0
0.0	0.3333333333333333
-0.0005169843207113445	1.0
-3.41668388026406e-10	1.0
0.0	1.0
0.0	1.0
0.0	0.0821917808219178
0.0	1.0
-0.00015633170551154763	1.0
0.0	1.0
0.0	0.0
0.0	1.0
0.0	1.0
-0.0011857860954478383	1.0
-3.4420074825902702e-06	1.0
0.0	1.0
-0.001465348876081407	1.0
0.0	1.0
-2.4762298380665015e-06	1.0
0.0	0.0
0.0	0.0
0.0	1.0
-4.261618232703768e-05	1.0
-0.00012762160622514784	1.0
-0.0005423101247288287	1.0
0.0	1.0
0.0	1.0
0.0	0.17634408602150536
-0.002059187274426222	1.0
0.0	1.0
-0.0001856148592196405	1.0
-0.006532123312354088	0.0
-0.0010354029946029186	1.0
-0.00020519306417554617	0.0
0.0	0.0
0.0	0.012526096033402923
-0.00036483563599176705	1.0
0.0	0.0
0.0	1.0
0.0	1.0
-5.1066688655510006e-08	1.0
-4.71004968858324e-05	1.0
-0.00020467361900955439	0.008928571428571428
0.0	0.9872340425531915
0.0	0.0
-3.9578248106408864e-05	1.0
0.0	1.0
0.0	1.0
0.0	0.0
-6.46837506792508e-05	1.0
-0.003226669505238533	0.45454545454545453
0.0	0.0
-0.0048194145783782005	0.10849056603773585
0.0	0.10849056603773585
0.0	1.0
0.0	1.0
0.0	0.0
0.0	1.0
0.0	1.0
0.0	1.0
-0.008797106333076954	0.0
-1.3192305914344615e-06	1.0
-0.0004972538445144892	1.0
0.0	1.0
0.0	1.0
-0.0009671614388935268	1.0
-5.4234264098340645e-05	1.0
-3.52888991983491e-06	1.0
0.0	0.013157894736842105
0.0	1.0
0.0	1.0
0.0	0.04390243902439024
-0.008497427217662334	0.0
-3.1453276960746734e-07	0.0
-0.0003001106670126319	1.0
0.0	1.0
0.0	1.0
0.0	1.0
0.0	1.0
-1.2827653335989453e-05	0.05084745762711865
0.0	1.0
-0.00016112752200569957	0.0
0.0	1.0
0.0	1.0
-7.557027856819332e-05	1.0
-0.0006664787651970983	1.0
-0.00025647282018326223	1.0
0.0	1.0
0.0	1.0
0.0	1.0
0.0	1.0
0.0	1.0
0.0	0.0
-0.0008564104791730642	0.0
-1.2742019862344023e-05	0.0
-6.074452052473589e-10	0.0
0.0	1.0
0.0	0.0
0.0	1.0
0.0	1.0
-0.0004092583549208939	1.0
-6.528700760100037e-05	1.0
0.0	1.0
-0.03806532919406891	0.0
-0.0001526875712443143	0.0
0.0	0.0
0.0	0.0
-2.7394112294132356e-06	1.0
0.0	1.0
-0.00035890802973881364	1.0
0.0	1.0
-0.0005815228214487433	0.03508771929824561
0.0	0.0
-0.06069645285606384	0.0
-0.0006816557142883539	0.0
0.0	1.0
0.0	0.0
0.0	1.0
0.0	1.0
-4.131580863031559e-05	1.0
-0.04600479453802109	0.0
-8.429004992649425e-06	1.0
0.0	1.0
-9.497225228471962e-10	0.0
0.0	1.0
0.0	1.0
0.0	1.0
-2.41124344029231e-05	1.0
-7.051961347315228e-06	1.0
0.0	1.0
-2.3364091248367913e-06	1.0
0.0	1.0
0.0	1.0
0.0	1.0
0.0	1.0
0.0	1.0
0.0	0.0
0.0	1.0
-6.667300476692617e-05	1.0
-0.00024397500965278596	1.0
0.0	0.0
0.0	1.0
0.0	0.88
0.0	1.0
0.0	0.0
-9.112428074331547e-07	0.0
0.0	1.0
0.0	1.0
0.0	1.0
0.0	1.0
-9.159529872704297e-05	1.0
-2.8271182600292377e-05	0.0
-0.001110618468374014	0.0
0.0	1.0
0.0	1.0
0.0	0.0
0.0	1.0
0.0	0.0
0.0	1.0
-0.0010028425604104996	1.0
0.0	1.0
0.0	1.0
-0.00026952099869959056	1.0
-1.0466309504408855e-05	1.0
0.0	1.0
-0.0002227999793831259	1.0
-0.11181329935789108	0.0
0.0	0.9435897435897436
-0.011785374954342842	0.0
0.0	0.5
-2.2296555926004658e-06	0.0
0.0	1.0
0.0	1.0
-0.0019159701187163591	0.0
0.0	1.0
0.0	0.0
0.0	0.5833333333333334
0.0	0.0
0.0	1.0
0.0	0.0
0.0	1.0
0.0	0.0
-1.2496383305915515e-06	1.0
-0.00011256862489972264	1.0
-0.00018406576418783516	1.0
0.0	1.0
-0.0002112491783918813	0.2875
0.0	1.0
0.0	1.0
0.0	1.0
0.0	1.0
0.0	1.0
0.0	0.0
0.0	1.0
-0.0002398282231297344	1.0
0.0	0.0
-0.02249157987535	0.0
0.0	1.0
0.0	1.0
0.0	1.0
0.0	1.0
0.0	0.12665684830633284
-0.00013385638885665685	1.0
-0.00269109639339149	0.22507122507122507
0.0	0.3978978978978979
0.0	1.0
0.0	0.0
0.0	1.0
0.0	0.0
-1.778614750946872e-05	0.0
-2.133793657321803e-07	0.0
0.0	1.0
-0.05337465554475784	0.6
0.0	0.0
0.0	1.0
0.0	0.0
-6.679853868263308e-06	1.0
-1.2948449921168503e-06	1.0
0.0	1.0
0.0	1.0
0.0	0.0
-5.23121679307792e-09	1.0
-0.0018044969765469432	1.0
-0.0018850327469408512	1.0
-0.000493287923745811	0.09239130434782608
0.0	1.0
-0.00011897497461177409	1.0
0.0	0.0
0.0	1.0
0.0	1.0
-0.0009011190268211067	1.0
-0.003297223476693034	1.0
-3.5860633943229914e-05	1.0
0.0	1.0
-3.556416913852445e-06	1.0
0.0	1.0
0.0	1.0
0.0	0.04421052631578947
-2.554814955146867e-07	0.0
0.0	1.0
0.0	0.9857142857142858
-3.2171334396480233e-07	1.0
0.0	1.0
0.0	0.0
-0.0014133850345388055	0.0
0.0	1.0
0.0	1.0
0.0	1.0
0.0	1.0
0.0	0.16587677725118483
0.0	1.0
0.0	1.0
-1.0101241969096009e-05	1.0
0.0	0.0
0.0	0.0
-0.00754791172221303	0.10326086956521739
-6.224600838322658e-06	1.0
0.0	1.0
0.0	1.0
-1.9897090169251896e-05	0.0
0.0	0.0
-2.1169242245377973e-05	0.0
-9.51333902321494e-07	1.0
0.0	1.0
-0.0014569899067282677	0.0
-5.840572612214601e-07	1.0
0.0	1.0
0.0	1.0
0.0	1.0
0.0	0.0
-6.39435020275414e-05	0.3213644524236984
0.0	0.0
-2.224141098849941e-06	1.0
-1.0491717148397584e-06	0.17117117117117117
-0.0006703967810608447	0.10975609756097561
-0.00026022581732831895	0.0
0.0	1.0
0.0	1.0
-0.019940832629799843	0.15846994535519127
-1.0470973393239547e-05	0.081419624217119
0.0	0.0
0.0	1.0
-0.0076108588837087154	0.0
0.0	1.0
0.0	1.0
-0.00019857491133734584	1.0
-0.00010648066381691024	1.0
0.0	1.0
0.0	1.0
0.0	1.0
0.0	1.0
0.0	1.0
-3.681339876493439e-05	0.0
0.0	1.0
0.0	1.0
0.0	1.0
0.0	0.0
0.0	1.0
0.0	1.0
0.0	1.0
-0.0002655783900991082	0.0
-0.001223481958732009	0.0
0.0	1.0
0.0	1.0
-0.00011662955512292683	1.0
0.0	1.0
0.0	1.0
0.0	0.015957446808510637
0.0	1.0
0.0	0.0
-3.187717084074393e-05	1.0
-0.013552019372582436	0.0
0.0	0.0
-2.4875505914678797e-05	1.0
0.0	0.0
0.0	1.0
-0.0009988471865653992	1.0
-0.00012497635907493532	1.0
0.0	1.0
0.0	1.0
-0.0005974250962026417	0.0
-2.253337333968375e-05	1.0
-3.3536121918587014e-05	1.0
-0.0003151667769998312	0.0963855421686747
0.0	0.0
0.0	1.0
0.0	0.0
-9.517319085716736e-06	1.0
0.0	1.0
0.0	0.1572052401746725
-0.025518562644720078	0.0
-0.00034635403426364064	1.0
-0.0001033883891068399	0.0
0.0	1.0
0.0	1.0
0.0	1.0
-0.0005214421544224024	0.37117903930131
0.0	0.8267716535433071
0.0	0.0
0.0	1.0
0.0	1.0
0.0	0.8322981366459627
-0.008966178633272648	0.030303030303030304
-0.00016045050870161504	1.0
0.0	0.0
-9.34485433390364e-05	1.0
0.0	1.0
0.0	1.0
-0.022687239572405815	0.0
-0.0005636599380522966	1.0
0.0	1.0
0.0	1.0
-0.047353409230709076	0.0
0.0	1.0
-3.9328753587142273e-08	1.0
-5.4551492212340236e-05	0.0
0.0	1.0
-0.0007841933984309435	0.0
0.0	0.1256544502617801
0.0	0.9092088197146563
0.0	1.0
-1.5030389022285817e-06	1.0
-0.0005958702531643212	0.0
0.0	1.0
-1.6163045901684825e-10	0.88
-2.224631543867872e-06	0.008310249307479225
0.0	1.0
-5.947799475158888e-10	1.0
-0.00027105456683784723	1.0
0.0	1.0
0.0	1.0
0.0	1.0
-0.00018666537653189152	1.0
0.0	1.0
0.0	0.0
-1.2110568832213175e-06	1.0
0.0	1.0
0.0	0.0
0.0	0.1111111111111111
0.0	1.0
-1.2988385606149677e-05	1.0
0.0	1.0
0.0	0.0
0.0	0.0
0.0	1.0
0.0	1.0
0.0	1.0
-4.301037188270129e-05	1.0
0.0	1.0
0.0	1.0
0.0	1.0
0.0	1.0
0.0	1.0
0.0	1.0
-0.0008926050504669547	0.0
-0.00022362993331626058	1.0
-0.0005427515134215355	0.0
0.0	1.0
0.0	1.0
0.0	1.0
0.0	0.0
