0.0	0.0
0.0	0.0
-0.0006019219872541726	1.0
0.0	1.0
-0.00017638485587667674	1.0
0.0	0.0
-0.02313336730003357	0.0
-6.559978646691889e-05	1.0
-0.01203889399766922	0.0
0.0	1.0
0.0	1.0
-6.39664960999653e-07	1.0
0.0	1.0
0.0	0.0
-0.00011552833166206256	1.0
0.0	0.7881773399014779
0.0	1.0
-4.504674961935962e-06	1.0
-1.9189576150324683e-08	0.0
0.0	1.0
-3.5365964379252546e-08	0.0
-0.005253288894891739	0.0
0.0	0.0
0.0	1.0
-0.008118423633277416	0.0
0.0	1.0
-1.946670863617328e-06	1.0
0.0	1.0
0.0	1.0
0.0	1.0
0.0	1.0
0.0	1.0
0.0	1.0
0.0	0.0
0.0	1.0
-1.0584934898361098e-05	1.0
0.0	0.8580542264752791
0.0	1.0
0.0	1.0
0.0	1.0
0.0	0.0
-5.442239725539366e-08	1.0
-0.00039462163113057613	1.0
0.0	1.0
0.0	1.0
0.0	1.0
-0.0013388799270614982	1.0
-0.006025122478604317	0.0
0.0	0.0
0.0	1.0
0.0	1.0
0.0	0.0
-0.0006932778051123023	1.0
0.0	1.0
0.0	1.0
0.0	0.0
-0.00013986203703098	1.0
0.0	1.0
0.0	0.05263157894736842
-3.7781734363306896e-07	0.9039039039039038
-8.824013839493078e-14	0.010309278350515464
0.0	1.0
0.0	1.0
0.0	0.0
-0.033050134778022766	0.2
0.0	0.944560669456067
-1.4268906056713604e-07	1.0
0.0	0.0
0.0	1.0
0.0	1.0
0.0	1.0
0.0	1.0
0.0	0.373134328358209
-0.0021806189324706793	0.0
-7.570528737232962e-07	1.0
0.0	0.0
0.0	1.0
0.0	1.0
0.0	1.0
0.0	0.0
0.0	1.0
0.0	0.0
0.0	1.0
0.0	1.0
0.0	0.0
0.0	0.0
0.0	1.0
0.0	0.0
0.0	0.0
-0.003472156822681427	1.0
-1.1553026524779852e-05	1.0
0.0	1.0
0.0	1.0
-1.4313759899575729e-10	1.0
0.0	1.0
0.0	1.0
0.0	1.0
0.0	0.0
-0.00016887459787540138	1.0
-5.89524679526221e-05	1.0
0.0	1.0
0.0	0.0
-0.0013497712789103389	1.0
0.0	1.0
-6.573987047886476e-05	1.0
0.0	0.0
0.0	1.0
0.0	1.0
0.0	1.0
0.0	1.0
0.0	1.0
-3.1112190601589873e-09	1.0
0.0	1.0
0.0	1.0
0.0	1.0
0.0	1.0
0.0	1.0
-1.4842908152568057e-11	1.0
-1.7166987276162615e-10	1.0
0.0	0.0
0.0	1.0
0.0	1.0
-4.4772448745789006e-05	1.0
-2.675688392628217e-06	1.0
-2.8555322550971596e-09	0.0
0.0	1.0
0.0	1.0
-7.850556357880123e-06	1.0
-0.0008077790262177587	1.0
-0.000314838980557397	1.0
-0.001457950915209949	0.0
-0.00033971056109294295	1.0
-0.0017398901982232928	0.0
-0.003248687833547592	0.0
0.0	1.0
0.0	1.0
-8.873317710822448e-06	1.0
0.0	1.0
-0.0006528797675855458	1.0
0.0	0.034782608695652174
0.0	0.0
0.0	1.0
-0.00025772899971343577	1.0
0.0	1.0
-0.015980878844857216	0.0
-2.48256446866435e-06	1.0
-3.649627799973132e-08	1.0
0.0	0.0
-0.001979435095563531	1.0
0.0	0.0
0.0	0.0
0.0	1.0
-0.0015514501137658954	0.0
-1.1633253052423242e-05	1.0
-1.449126375518972e-05	1.0
0.0	1.0
0.0	1.0
-2.6227672833556426e-07	1.0
0.0	1.0
0.0	1.0
0.0	1.0
-0.005333818960934877	0.020618556701030927
-0.004183654673397541	0.24037460978147762
0.0	1.0
0.0	0.0
0.0	1.0
-4.3938716554059454e-10	1.0
0.0	1.0
0.0	1.0
0.0	1.0
-3.1438311509646155e-08	1.0
-0.000106007770227734	1.0
0.0	1.0
0.0	1.0
0.0	1.0
-1.6297601490578018e-08	1.0
-6.826452163960495e-12	1.0
-1.8905286225390228e-09	1.0
-0.0012275382177904248	0.0
0.0	1.0
-0.00308781280182302	0.0
-0.0002535871462896466	1.0
-1.1233466142967358e-13	1.0
-3.389560854216711e-10	1.0
0.0	1.0
0.0	0.903
-7.131096602108755e-09	0.0
0.0	0.0
0.0	1.0
0.0	1.0
0.0	0.0
-5.6140576631946715e-09	1.0
-0.0030789091251790524	0.0
0.0	1.0
0.0	1.0
0.0	1.0
0.0	1.0
0.0	1.0
0.0	1.0
0.0	0.0
0.0	1.0
0.0	1.0
-5.568750566453673e-05	1.0
0.0	0.0
0.0	1.0
-5.305601462168852e-06	1.0
0.0	1.0
0.0	1.0
0.0	1.0
0.0	0.0
-8.283814736387285e-07	1.0
0.0	1.0
0.0	0.0
0.0	1.0
0.0	0.0
-5.726759263779968e-05	0.041666666666666664
-1.1784539566406238e-07	1.0
-1.8209624780274325e-11	1.0
-4.597658254112957e-09	1.0
-4.05770588258747e-05	1.0
0.0	1.0
0.0	1.0
-0.0006553186685778201	1.0
0.0	1.0
-0.0037844604812562466	0.20938628158844766
-1.899042155028036e-19	1.0
0.0	1.0
-0.002578282030299306	1.0
0.0	0.0
0.0	1.0
-1.3313677300175186e-05	1.0
-3.408628253964707e-05	1.0
-2.451502112421622e-08	0.0
0.0	1.0
0.0	0.0
0.0	1.0
0.0	0.0
0.0	1.0
-9.059892363438848e-06	0.0
0.0	1.0
0.0	1.0
0.0	0.0
0.0	1.0
0.0	1.0
-0.0016168432775884867	0.0
0.0	1.0
0.0	1.0
0.0	1.0
0.0	1.0
0.0	1.0
0.0	1.0
-3.049058477699873e-06	1.0
-0.006981987040489912	0.0
-2.9540883628165204e-10	1.0
-3.11338844767306e-05	1.0
-1.2397889577187016e-06	1.0
-6.383809250110062e-07	1.0
0.0	1.0
0.0	1.0
0.0	1.0
0.0	1.0
0.0	1.0
0.0	1.0
0.0	1.0
0.0	1.0
0.0	1.0
0.0	1.0
0.0	1.0
-5.694276751455618e-06	1.0
0.0	1.0
0.0	1.0
0.0	0.0
-6.490866508102044e-05	1.0
0.0	1.0
-3.309685052954592e-05	1.0
-1.8297175756742945e-06	1.0
0.0	1.0
0.0	0.0
-1.793702608665626e-07	1.0
0.0	1.0
0.0	1.0
-0.019354557618498802	0.0
0.0	0.0
0.0	1.0
-3.266788326072856e-06	1.0
0.0	1.0
-1.4308290019471315e-07	1.0
0.0	1.0
-0.0008358166087418795	0.0
0.0	1.0
-0.0005310295382514596	0.2809667673716012
0.0	1.0
0.0	1.0
0.0	0.0
-0.0051044863648712635	0.0
-6.094148920965381e-05	1.0
0.0	1.0
-2.9550183171522804e-05	1.0
-3.5636747952594305e-07	1.0
-0.007029762491583824	0.0
-3.905012636096217e-05	1.0
0.0	1.0
0.0	0.0
-5.588462470562661e-10	0.7428571428571429
0.0	1.0
0.0	1.0
0.0	1.0
0.0	1.0
-6.655042398051592e-06	0.0
-9.041238627105486e-06	1.0
-4.4252635689190356e-07	1.0
0.0	0.14473684210526316
0.0	1.0
0.0	1.0
-7.251754254866682e-07	0.01694915254237288
-0.007798222359269857	0.0
0.0	1.0
-0.0022129612043499947	0.0
0.0	1.0
0.0	1.0
0.0	1.0
-0.00011900372919626534	1.0
0.0	0.8006644518272426
0.0	1.0
0.0	1.0
-0.0003550837282091379	0.7929125138427464
0.0	0.0
0.0	0.0
0.0	1.0
-3.4324210673730704e-07	1.0
0.0	1.0
-5.0191989430459216e-05	0.0
-0.028177864849567413	0.0
0.0	1.0
-0.00010631246550474316	1.0
0.0	1.0
0.0	0.0
0.0	1.0
0.0	0.0
0.0	0.0
-0.00011725613876478747	1.0
-0.00033610835089348257	1.0
0.0	1.0
-0.0004922249354422092	0.0
-0.0008334261365234852	1.0
-0.00030353781767189503	1.0
0.0	0.0
0.0	1.0
-0.004919284023344517	0.0
-0.0007123093237169087	1.0
0.0	1.0
0.0	1.0
0.0	1.0
0.0	0.21019108280254778
0.0	1.0
0.0	1.0
-0.00043974403524771333	1.0
0.0	1.0
0.0	1.0
0.0	0.0
0.0	1.0
-0.0005385265103541315	1.0
0.0	1.0
0.0	0.0
0.0	1.0
0.0	1.0
0.0	1.0
-7.975661719683558e-05	1.0
-0.0008670166716910899	0.0
0.0	1.0
0.0	1.0
0.0	1.0
-5.783208507637028e-07	1.0
0.0	0.14782608695652175
-4.304838148527779e-05	1.0
-9.184335794998333e-06	1.0
0.0	1.0
0.0	1.0
0.0	0.0
0.0	1.0
0.0	0.0
0.0	1.0
-2.1547200503846398e-06	1.0
0.0	1.0
0.0	1.0
-0.0007030259585008025	1.0
-9.144884825218469e-05	0.7222222222222222
0.0	1.0
-0.0013702688738703728	0.958
-0.0012689958093687892	1.0
0.0	1.0
0.0	1.0
0.0	1.0
0.0	1.0
-3.674460094771348e-05	1.0
0.0	1.0
-0.0001775664568413049	0.02557544757033248
0.0	1.0
-0.0009322341065853834	1.0
-2.8368815037538297e-05	1.0
-3.4366698375976057e-09	1.0
0.0	1.0
0.0	1.0
-0.0015376342926174402	0.024390243902439025
-9.905828619594104e-07	1.0
0.0	1.0
0.0	1.0
-0.002112915739417076	1.0
0.0	1.0
0.0	0.0
-0.0005131241050548851	1.0
0.0	1.0
0.0	1.0
0.0	1.0
0.0	1.0
0.0	0.0
0.0	1.0
0.0	1.0
-6.658340862486511e-05	1.0
-3.95624647353543e-06	1.0
-0.014627463184297085	0.0
-1.3101639240176155e-07	1.0
-1.3337335076357704e-05	1.0
0.0	1.0
-1.5589101167279296e-05	1.0
-0.0009863252053037286	1.0
-9.134886568062939e-06	1.0
-1.0339509572077077e-05	0.0
-5.9243713934620246e-08	1.0
0.0	1.0
-8.582687512082021e-12	1.0
0.0	1.0
-0.001355498330667615	0.0
-6.328905146801844e-05	1.0
0.0	1.0
0.0	0.0
0.0	1.0
0.0	0.0
-6.423996805424853e-14	1.0
0.0	1.0
-0.02713138423860073	0.0
-7.441057823598385e-05	1.0
0.0	1.0
-1.4689811678181286e-06	1.0
-0.00118831277359277	1.0
0.0	1.0
0.0	1.0
-0.00027001582202501595	1.0
0.0	1.0
0.0	1.0
0.0	1.0
-0.00017219636356458068	1.0
0.0	1.0
0.0	1.0
0.0	0.125
0.0	1.0
0.0	0.06241699867197875
-0.019342107698321342	0.0
0.0	1.0
-8.766693099460099e-06	1.0
-1.0405718509076678e-09	1.0
-0.0003956010041292757	1.0
0.0	1.0
0.0	1.0
0.0	1.0
-0.00021152653789613396	1.0
0.0	0.0
-9.435423635295592e-06	1.0
0.0	1.0
0.0	1.0
0.0	0.2
0.0	1.0
-0.00013129458238836378	1.0
-4.5939501433167607e-05	0.0
0.0	0.0
-1.9063249590001163e-10	1.0
-6.439102435251698e-06	1.0
0.0	0.0
0.0	1.0
-5.350485388078141e-09	1.0
0.0	0.0
-3.137123349006288e-05	0.0
0.0	1.0
-0.0005793877644464374	0.022727272727272728
-0.0008669361704960465	1.0
0.0	1.0
0.0	1.0
-1.933171006385237e-06	1.0
0.0	1.0
0.0	1.0
-2.9802961876157497e-08	1.0
-0.0014129941118881106	1.0
0.0	1.0
0.0	1.0
-1.9017729613324263e-08	0.0
0.0	1.0
0.0	1.0
0.0	1.0
-8.271493356915016e-08	0.0
-3.801428931637929e-07	0.21978021978021978
-0.00018642807845026255	1.0
0.0	0.0
0.0	0.6371681415929203
0.0	1.0
0.0	1.0
-0.001772396033629775	0.11946050096339114
-6.858111737528816e-05	1.0
0.0	1.0
0.0	1.0
0.0	1.0
0.0	1.0
-2.526735897845356e-06	1.0
0.0	1.0
-0.0359552837908268	0.0
0.0	1.0
0.0	0.0
0.0	0.0
-0.04605301097035408	0.0
0.0	1.0
0.0	1.0
-8.209564583694373e-08	1.0
0.0	1.0
-2.2063652068027295e-05	1.0
0.0	0.024390243902439025
0.0	1.0
0.0	1.0
0.0	1.0
0.0	1.0
0.0	1.0
0.0	1.0
0.0	0.24390243902439024
-0.0059013064019382	0.1111111111111111
0.0	1.0
0.0	0.0
0.0	1.0
