0.0	1.0
0.0	1.0
0.0	1.0
-0.0019590158481150866	1.0
0.0	0.23232323232323232
0.0	1.0
0.0	0.0
0.0	1.0
-0.00010004838259192184	1.0
-0.000635620963294059	0.0
0.0	1.0
-3.446318078204058e-05	1.0
0.0	1.0
0.0	1.0
0.0	1.0
0.0	1.0
-0.0001569001324241981	1.0
0.0	1.0
-0.0003303722769487649	0.0
0.0	1.0
0.0	1.0
0.0	1.0
-4.063942959930955e-09	1.0
0.0	0.0
-0.004584686830639839	1.0
0.0	1.0
0.0	1.0
-1.8951356343190106e-17	0.0
0.0	1.0
-9.081046844958254e-17	1.0
-0.0016626858850941062	1.0
-0.0001133313198806718	1.0
-1.1755114428524394e-05	1.0
-4.730475039460558e-11	1.0
0.0	0.0
0.0	1.0
-4.082125609761178e-11	1.0
0.0	1.0
0.0	1.0
-0.001459030550904572	0.25546218487394956
0.0	1.0
0.0	0.0
0.0	1.0
0.0	0.0
0.0	0.0
-0.00566919194534421	0.4583333333333333
-4.297158739063889e-06	1.0
0.0	0.07368421052631578
0.0	1.0
0.0	1.0
-0.001148086623288691	0.0
0.0	1.0
-0.0009809820912778378	1.0
0.0	1.0
0.0	1.0
0.0	1.0
0.0	1.0
-0.004434503614902496	0.0
-1.0283355550200213e-05	1.0
-2.547111250805756e-07	1.0
-9.285678243031725e-05	1.0
-0.004926971159875393	0.0
0.0	1.0
0.0	1.0
-8.863796807645485e-08	1.0
0.0	1.0
0.0	1.0
-3.6797678149014246e-07	1.0
-7.831416041881312e-06	0.0
0.0	0.0
0.0	0.0
0.0	0.0
0.0	1.0
0.0	0.0
0.0	0.0
0.0	1.0
0.0	1.0
0.0	1.0
-1.2120801251569446e-08	0.0
-6.557459528266918e-06	0.23112480739599384
-0.0009734167833812535	0.0
0.0	1.0
0.0	1.0
0.0	1.0
-0.000544022535905242	1.0
0.0	1.0
0.0	1.0
0.0	1.0
0.0	0.0
-2.357311217338065e-07	0.8679245283018868
0.0	1.0
-1.351856440123811e-07	1.0
0.0	0.0
-0.0003010648943018168	1.0
0.0	1.0
0.0	1.0
0.0	1.0
-4.3917298171436414e-05	0.0
-0.012652170844376087	0.12949640287769784
0.0	0.0
0.0	1.0
0.0	1.0
-4.793135417457961e-07	1.0
0.0	1.0
-0.00031663867412135005	1.0
0.0	0.10606060606060606
0.0	1.0
0.0	1.0
-0.044662799686193466	0.041666666666666664
-0.00018500997975934297	1.0
-4.043984881718643e-05	0.0
0.0	0.6962962962962963
-4.545400713595882e-07	1.0
-0.041075509041547775	0.0
0.0	1.0
-3.438954081502743e-05	1.0
0.0	1.0
-3.209606191934e-10	1.0
0.0	1.0
0.0	0.0
-0.021186692640185356	0.0
0.0	1.0
0.0	0.0
-0.032128043472766876	0.0
-1.249217166332528e-05	1.0
0.0	1.0
-0.0052308933809399605	0.0
0.0	1.0
0.0	1.0
0.0	1.0
0.0	0.29372937293729373
-0.0006986917578615248	1.0
-1.744700421113521e-05	0.0
0.0	1.0
-0.00014816856128163636	1.0
0.0	0.0
-0.00013604116975329816	1.0
0.0	1.0
-2.8832250364985157e-08	0.0
0.0	0.1
0.0	1.0
0.0	1.0
0.0	1.0
0.0	1.0
-1.3106745574390129e-14	1.0
0.0	1.0
-0.001286274753510952	1.0
0.0	1.0
0.0	1.0
-0.020015832036733627	0.0
0.0	1.0
-0.0006897157873027027	0.0967741935483871
0.0	1.0
0.0	0.0
0.0	1.0
0.0	0.023809523809523808
0.0	1.0
-9.681108167569619e-06	1.0
0.0	0.0
0.0	1.0
-3.1304548997468373e-07	1.0
0.0	0.0
-2.425092678753904e-12	0.0
0.0	1.0
-1.4386314433068037e-05	0.4206081081081081
0.0	1.0
0.0	1.0
-5.998611052326908e-10	1.0
0.0	1.0
0.0	1.0
0.0	0.0
0.0	1.0
-0.0004528167482931167	1.0
0.0	0.0
0.0	1.0
-3.560716777428752e-06	1.0
0.0	1.0
-0.0007588107837364078	0.0
0.0	1.0
0.0	1.0
0.0	1.0
0.0	1.0
-2.1791573090013117e-05	0.0
-2.0114960079808952e-06	1.0
-7.638652732566698e-07	1.0
0.0	0.0
-0.0006981171318329871	1.0
0.0	1.0
-0.0019131876761093736	1.0
0.0	1.0
0.0	1.0
-2.7651140044326894e-06	1.0
0.0	1.0
0.0	0.13872832369942195
0.0	1.0
0.0	1.0
-0.0007406804943457246	1.0
0.0	0.20253164556962025
0.0	0.0
0.0	1.0
0.0	1.0
0.0	1.0
0.0	1.0
0.0	0.0
0.0	1.0
0.0	0.0
0.0	1.0
-0.01445535197854042	0.1320754716981132
-0.01971985027194023	0.0
0.0	1.0
0.0	1.0
-0.005314545705914497	0.0
-0.00011863223335240036	0.5609756097560976
0.0	0.0
-5.976872125756927e-05	1.0
0.0	1.0
0.0	0.0
0.0	1.0
0.0	1.0
0.0	0.26582278481012656
-0.0005698706954717636	0.0
0.0	1.0
0.0	1.0
-3.4720357556909665e-13	1.0
0.0	1.0
0.0	1.0
0.0	1.0
0.0	0.0
-0.000657919212244451	1.0
0.0	1.0
0.0	1.0
-9.467958648201602e-07	1.0
0.0	1.0
-7.33014626774775e-09	1.0
-4.495436769502703e-07	1.0
0.0	0.0
0.0	0.0
0.0	0.0
0.0	1.0
0.0	1.0
0.0	1.0
-1.3339961242309073e-06	0.0
0.0	1.0
0.0	1.0
0.0	1.0
0.0	1.0
-4.960592647762496e-08	1.0
0.0	0.5206422018348624
-3.876632035826333e-06	1.0
0.0	0.7786259541984732
-0.0007367691723629832	1.0
0.0	1.0
-4.6954041349467346e-11	1.0
0.0	0.9724770642201835
0.0	1.0
0.0	1.0
-1.66232912306441e-05	0.0
-2.73000324568784e-07	1.0
0.0	0.0
-1.1859102414746303e-05	1.0
0.0	1.0
-0.027421098202466965	0.0
0.0	1.0
0.0	0.0
0.0	1.0
-9.086591035156744e-08	0.0
-0.002704863203689456	0.0
0.0	1.0
-1.937687920872122e-05	1.0
0.0	1.0
-1.0962541807657544e-07	1.0
0.0	1.0
0.0	1.0
0.0	1.0
0.0	1.0
0.0	0.0
0.0	0.0
-3.820393430942204e-06	1.0
0.0	1.0
0.0	1.0
-9.105642675422132e-05	0.13768115942028986
0.0	0.0
-0.013166963122785091	0.7272727272727273
-0.039922360330820084	0.0
-7.936175825307146e-05	1.0
-0.00208471086807549	0.0
0.0	1.0
0.0	0.0
0.0	1.0
-9.031486456478888e-07	0.14074074074074075
0.0	1.0
-0.0006651487201452255	1.0
0.0	0.046511627906976744
0.0	1.0
0.0	1.0
-4.15307076764293e-05	1.0
0.0	0.8932038834951457
-0.0001686274481471628	1.0
0.0	1.0
0.0	1.0
-2.636346107465215e-05	1.0
-7.83804807724664e-06	1.0
-4.795150289282901e-06	1.0
0.0	1.0
0.0	1.0
-9.316832802142017e-06	1.0
-6.572204256372061e-06	1.0
0.0	0.0
-1.5142373466225933e-11	0.0
0.0	1.0
0.0	1.0
0.0	0.0
-0.0011498943204060197	0.0
0.0	0.0
-2.3843497274356196e-06	1.0
0.0	0.0
0.0	1.0
-8.638225246215825e-09	0.27906976744186046
0.0	1.0
-0.0019247387535870075	1.0
-2.7829185000882717e-07	1.0
-0.0002990532957483083	1.0
0.0	1.0
-0.00039125836337916553	1.0
0.0	1.0
-0.0006077723810449243	1.0
0.0	1.0
0.0	0.4117647058823529
-0.011669928207993507	0.0
0.0	1.0
0.0	1.0
0.0	1.0
0.0	1.0
0.0	1.0
0.0	1.0
-1.529531982669141e-05	0.0
0.0	0.07441860465116279
-0.007528633810579777	0.04716981132075472
-7.273609412550286e-07	1.0
0.0	0.0
-0.00028334269882179797	1.0
0.0	1.0
-9.516308097437531e-13	0.0
0.0	1.0
0.0	1.0
0.0	0.03257328990228013
0.0	1.0
-1.70588209584821e-05	1.0
-1.0554863649758772e-07	1.0
0.0	1.0
0.0	1.0
0.0	1.0
0.0	1.0
0.0	1.0
0.0	0.0
0.0	1.0
-5.164326648809947e-05	1.0
-1.088002818505629e-06	1.0
0.0	1.0
-0.00951920635998249	0.0
-1.3041399523608301e-14	0.27692307692307694
-0.000646891538053751	1.0
-0.010251081548631191	1.0
0.0	1.0
0.0	1.0
-1.4629787983722053e-05	1.0
-9.141276677837595e-06	1.0
-1.8191467461292632e-05	0.0
0.0	1.0
-0.00015426427125930786	1.0
0.0	1.0
-0.024943919852375984	0.0
0.0	1.0
0.0	1.0
-9.025960025610402e-05	1.0
0.0	1.0
0.0	1.0
0.0	1.0
0.0	1.0
0.0	0.0
0.0	1.0
-0.002749981125816703	0.0
0.0	1.0
-2.1660779836452093e-09	1.0
0.0	1.0
0.0	1.0
0.0	1.0
0.0	1.0
0.0	0.0
-0.0002461765834596008	1.0
0.0	1.0
-3.6573271078310654e-09	1.0
-4.540529971563956e-06	1.0
-0.0007458896143361926	1.0
-1.0349225920691651e-09	1.0
0.0	1.0
0.0	1.0
-3.400915886686562e-07	1.0
-0.00046974633005447686	1.0
0.0	1.0
0.0	0.03006012024048096
-0.00016185404092539102	1.0
0.0	0.0
0.0	0.0
-0.01294160820543766	0.0
-1.0082721928483807e-06	0.6949152542372882
-0.00042085989844053984	0.3018867924528302
0.0	1.0
0.0	1.0
0.0	0.0
-6.979289173614234e-05	0.0
-0.014551526866853237	0.04819277108433735
0.0	1.0
-8.188228821381927e-05	0.0
0.0	1.0
-0.03482186421751976	0.0
0.0	1.0
-2.7391331968829036e-05	1.0
0.0	1.0
0.0	1.0
0.0	1.0
-0.00035355231375433505	1.0
-0.0014784079976379871	1.0
0.0	1.0
0.0	1.0
0.0	1.0
-0.0003717502986546606	1.0
0.0	1.0
0.0	1.0
0.0	1.0
-8.137687473208643e-06	1.0
0.0	1.0
0.0	1.0
0.0	0.0
-0.0005516136297956109	1.0
0.0	1.0
0.0	1.0
0.0	1.0
0.0	1.0
-0.0008547595352865756	0.0
0.0	1.0
-7.432901475112885e-05	1.0
0.0	1.0
0.0	1.0
-0.0009342511184513569	1.0
0.0	1.0
-4.6540309995179996e-05	0.0
-5.13837076141499e-05	1.0
-9.076050559997384e-07	1.0
-0.0020884904079139233	1.0
0.0	1.0
0.0	1.0
-2.2526322936755605e-05	1.0
0.0	1.0
0.0	1.0
-0.00017765873053576797	1.0
0.0	1.0
0.0	1.0
-0.00011842311505461112	1.0
0.0	1.0
0.0	1.0
0.0	1.0
0.0	1.0
-0.00013994282926432788	0.0
0.0	1.0
0.0	0.0
0.0	1.0
0.0	1.0
0.0	1.0
0.0	1.0
0.0	1.0
0.0	1.0
0.0	0.8695652173913043
-0.0006414359086193144	1.0
0.0	1.0
0.0	0.8315217391304348
0.0	1.0
0.0	1.0
0.0	1.0
0.0	0.018867924528301886
0.0	1.0
-7.875481969676912e-06	1.0
0.0	1.0
0.0	1.0
0.0	1.0
0.0	0.0
0.0	1.0
-0.0021057347767055035	1.0
0.0	1.0
-0.0010546832345426083	0.0
0.0	0.010752688172043012
-8.097104000626132e-05	0.07407407407407407
-0.079977847635746	0.0
-0.00042576019768603146	0.0
0.0	0.6956521739130435
0.0	1.0
0.0	1.0
-0.0005012618494220078	1.0
0.0	0.06697459584295612
0.0	1.0
0.0	0.0
-1.4198895392780742e-08	1.0
0.0	0.15151515151515152
-1.6777863493189216e-05	1.0
0.0	0.1
0.0	1.0
0.0	1.0
0.0	1.0
-2.9222690045571653e-07	1.0
-1.145169426308712e-05	1.0
-0.0007655560038983822	1.0
0.0	1.0
-6.252275852602907e-08	1.0
0.0	1.0
0.0	1.0
-0.0006101377075538039	1.0
0.0	1.0
0.0	0.07194244604316546
-0.0011966205202043056	1.0
0.0	0.3869653767820774
0.0	1.0
-1.859555912031574e-11	1.0
0.0	1.0
-1.353702856476957e-07	0.0
0.0	1.0
-3.1358365504274843e-06	1.0
0.0	0.006060606060606061
0.0	0.0
-7.730531797278672e-05	1.0
0.0	1.0
0.0	0.42196531791907516
0.0	0.0
0.0	1.0
-0.037130385637283325	0.0
