0.0	0.08486562942008487
0.0	1.0
0.0	1.0
0.0	1.0
0.0	0.0
0.0	1.0
0.0	0.0
0.0	1.0
0.0	0.0
-0.0008196440758183599	1.0
0.0	1.0
0.0	1.0
0.0	1.0
0.0	1.0
0.0	1.0
-0.00016466612578369677	1.0
0.0	1.0
0.0	1.0
-5.8902140153804794e-05	0.0
0.0	1.0
-4.822985647479072e-05	1.0
0.0	1.0
-4.722029989245868e-10	1.0
0.0	1.0
0.0	1.0
0.0	0.09655172413793103
0.0	1.0
0.0	1.0
0.0	1.0
0.0	1.0
0.0	0.0
0.0	1.0
0.0	1.0
0.0	1.0
0.0	0.0
-2.6828487875718565e-07	1.0
-1.990696718578988e-09	1.0
0.0	0.8560250391236307
0.0	1.0
0.0	1.0
0.0	1.0
-1.8764740161714144e-05	1.0
-2.4475496047671186e-06	0.0
0.0	1.0
-1.0288272278557997e-06	0.0
-3.504860796965659e-05	1.0
-0.0013567513087764382	1.0
0.0	0.8677309007981756
0.0	1.0
-0.0008024186827242374	1.0
0.0	1.0
-1.4585858707505395e-06	1.0
0.0	0.0
0.0	1.0
0.0	0.66796875
0.0	0.0
0.0	1.0
0.0	1.0
-7.761581173326704e-07	1.0
0.0	1.0
0.0	1.0
0.0	1.0
-0.0010055111488327384	1.0
0.0	1.0
0.0	0.4896551724137931
-4.320585844652669e-07	1.0
-0.0006897874409332871	1.0
-0.01709458976984024	0.01818181818181818
0.0	1.0
0.0	1.0
-0.0039372192695736885	0.2921535893155259
0.0	0.0
0.0	1.0
0.0	1.0
0.0	1.0
0.0	1.0
0.0	1.0
0.0	1.0
-0.0005581050645560026	1.0
0.0	0.11666666666666667
0.0	1.0
0.0	1.0
0.0	1.0
0.0	0.0
-0.0003431530494708568	1.0
-0.00417712377384305	0.0
-2.1113972252351232e-05	1.0
0.0	1.0
-2.7191137633053586e-05	1.0
-8.33955255075125e-07	1.0
0.0	1.0
0.0	1.0
0.0	0.0
-6.724833667703933e-08	0.0
-9.150803816737607e-05	1.0
-0.0002992509980686009	1.0
-3.957206354243681e-05	0.0
-2.6253988494318037e-07	1.0
-5.123055313305258e-09	1.0
0.0	1.0
0.0	1.0
0.0	1.0
-0.00039909809129312634	1.0
0.0	1.0
-0.12522438168525696	0.0
0.0	1.0
0.0	1.0
-0.0035942888353019953	0.0
0.0	1.0
-1.539063703148713e-07	1.0
0.0	1.0
0.0	1.0
0.0	0.0
0.0	1.0
-7.771132004563697e-07	1.0
-0.000241055095102638	1.0
-0.0006280582747422159	1.0
0.0	1.0
-1.871906275818791e-12	0.0
-0.0010027490789070725	1.0
0.0	1.0
0.0	1.0
0.0	0.0
0.0	0.0
0.0	1.0
0.0	1.0
0.0	1.0
0.0	1.0
0.0	1.0
-0.004608727525919676	0.0
0.0	1.0
-1.4562515389116015e-05	0.0
-3.511177783366293e-05	0.0
0.0	1.0
0.0	1.0
0.0	1.0
0.0	1.0
-0.00032904042745940387	0.0
0.0	0.0
0.0	1.0
0.0	1.0
0.0	0.0
-1.424391626869692e-07	1.0
0.0	1.0
0.0	1.0
0.0	1.0
0.0	1.0
0.0	1.0
0.0	0.0
0.0	1.0
-4.980601694959397e-11	1.0
-1.5282637377822539e-06	1.0
0.0	1.0
0.0	1.0
-3.489876689855009e-05	1.0
-0.02068883180618286	0.0
0.0	1.0
0.0	0.007142857142857143
-0.06528724730014801	0.0
0.0	1.0
-0.0001910218852572143	0.0
0.0	1.0
0.0	0.0
-0.0005441383691504598	1.0
-8.322069334099069e-05	1.0
-0.0003320955147501081	0.0
0.0	1.0
0.0	1.0
-8.87101236912713e-09	1.0
0.0	1.0
-0.00017986918101087213	1.0
-0.0002245379437226802	1.0
-0.014227505773305893	0.0
0.0	1.0
0.0	0.0
0.0	1.0
-0.0007779310690239072	1.0
0.0	1.0
0.0	1.0
-4.559139732407402e-09	0.49310344827586206
0.0	0.0
0.0	0.0
-0.00013855584256816655	1.0
-3.005648795806337e-05	0.5105263157894737
0.0	1.0
-0.007909131236374378	0.0
-1.998768338340451e-11	1.0
-0.003524007275700569	0.0
0.0	1.0
0.0	1.0
0.0	1.0
0.0	0.0
-0.004479764029383659	1.0
0.0	0.0
0.0	1.0
0.0	1.0
0.0	1.0
0.0	1.0
0.0	1.0
0.0	1.0
0.0	0.32268041237113404
-0.00024303371901623905	0.0
0.0	1.0
0.0	1.0
-3.0246812912082532e-06	1.0
-0.00024208857212215662	0.0
0.0	0.0
-0.003125157207250595	1.0
-2.6686359433369944e-06	1.0
-4.614349791154382e-07	1.0
0.0	1.0
-0.0018733309116214514	1.0
0.0	1.0
-0.00015007276670075953	0.3403805496828753
-1.1591279935885268e-08	1.0
0.0	1.0
-0.012899004854261875	0.0
-0.0010363516630604863	1.0
-8.95059565664269e-06	1.0
-0.003189023584127426	1.0
-0.004742038436233997	1.0
-9.702746319817379e-05	0.0
-1.7305617802776396e-05	1.0
0.0	0.4358974358974359
0.0	0.0
0.0	1.0
0.0	1.0
0.0	1.0
0.0	1.0
-0.0001683868613326922	0.0
0.0	1.0
0.0	1.0
0.0	0.20833333333333334
-5.240696555119939e-05	1.0
-6.192869477672502e-05	1.0
-0.00530674122273922	0.0
-2.7590543183464433e-09	1.0
0.0	1.0
0.0	0.0
0.0	1.0
-0.00014855623885523528	1.0
0.0	1.0
0.0	1.0
0.0	1.0
-8.264843927463517e-06	1.0
0.0	1.0
0.0	0.0
0.0	1.0
0.0	1.0
0.0	1.0
0.0	1.0
-0.0010129025904461741	1.0
-0.010332168079912663	0.05263157894736842
-1.282069774788397e-07	1.0
-0.00027076154947280884	1.0
-2.783319814625429e-06	1.0
0.0	1.0
-0.0037671274039894342	0.0
0.0	0.0
-1.0635620128596202e-05	0.0
0.0	1.0
0.0	1.0
-1.59303056079807e-07	1.0
0.0	1.0
-1.3204963381432955e-12	0.0
0.0	1.0
-8.368517592316493e-05	1.0
0.0	1.0
-2.308300281583797e-06	1.0
-0.0010007809614762664	1.0
0.0	1.0
0.0	1.0
0.0	0.8148854961832062
-4.448557788805374e-08	1.0
0.0	1.0
0.0	0.0
0.0	1.0
0.0	1.0
0.0	0.256198347107438
0.0	1.0
0.0	1.0
0.0	1.0
0.0	0.1317157712305026
-0.0003410436329431832	1.0
0.0	0.0
0.0	1.0
-2.540826244512573e-05	1.0
-0.0004754051333293319	1.0
0.0	1.0
-0.0013801472960039973	1.0
0.0	1.0
-6.593210741812072e-07	0.2
-0.0002177410788135603	1.0
-2.573376605141675e-06	1.0
0.0	1.0
0.0	1.0
-0.0009220946813002229	0.0
0.0	0.0
0.0	1.0
-0.0004867097595706582	0.0
-0.0005604605539701879	1.0
0.0	0.0
0.0	1.0
-0.008588684722781181	0.0
-0.0023635055404156446	0.0
0.0	1.0
-8.335959137184545e-06	1.0
0.0	1.0
-2.5992894734372385e-05	1.0
0.0	1.0
-0.00014307122910395265	1.0
-0.0020470167510211468	0.0
-1.4563624972652178e-05	1.0
0.0	0.27717391304347827
0.0	1.0
0.0	0.0
0.0	1.0
-0.015395091846585274	0.0
-7.876307790866122e-06	1.0
-3.9034694054862484e-05	0.04132231404958678
0.0	1.0
-1.2472765774873551e-05	1.0
-3.0022813007235527e-05	1.0
0.0	0.0
-6.296514038695022e-05	0.0
0.0	1.0
0.0	0.0
-0.0025091448333114386	1.0
-4.7902743972372264e-05	1.0
-0.0020173273514956236	0.0
0.0	0.0
-0.0016169565496966243	0.0
0.0	0.0
-0.016275161877274513	0.0
0.0	0.3880597014925373
0.0	0.8665943600867679
0.0	1.0
0.0	1.0
0.0	1.0
0.0	1.0
0.0	1.0
0.0	1.0
0.0	0.0
0.0	0.0
0.0	0.0
0.0	1.0
0.0	1.0
0.0	0.0
0.0	1.0
0.0	1.0
-0.0007345432532019913	1.0
0.0	1.0
0.0	1.0
0.0	0.011764705882352941
0.0	1.0
0.0	1.0
0.0	1.0
-5.581826826528413e-06	1.0
-1.62039548445847e-10	1.0
0.0	0.07865168539325842
-0.0011051945621147752	1.0
-0.005001308396458626	0.5641025641025641
0.0	1.0
-2.7901886530401487e-12	1.0
0.0	1.0
-2.1367985027609393e-05	1.0
0.0	0.0
0.0	1.0
0.0	1.0
0.0	1.0
-7.747693598503247e-05	1.0
0.0	1.0
-0.0018551198299974203	1.0
0.0	1.0
0.0	0.13440860215053763
-6.368261296074706e-08	1.0
-0.003879835829138756	0.0
0.0	1.0
0.0	0.0
0.0	1.0
-4.2398729419801384e-05	0.10714285714285714
0.0	1.0
0.0	1.0
0.0	1.0
0.0	1.0
0.0	0.36065573770491804
0.0	1.0
0.0	1.0
0.0	1.0
0.0	1.0
-0.0006493538385257125	1.0
0.0	0.7676560900716479
0.0	0.41346153846153844
-0.0018343768315389752	1.0
0.0	1.0
-2.753082117123995e-05	1.0
0.0	1.0
0.0	1.0
0.0	1.0
0.0	1.0
0.0	1.0
-0.09285195916891098	0.0
0.0	1.0
0.0	1.0
0.0	0.0
0.0	1.0
0.0	1.0
-1.0450208947077044e-06	1.0
-0.0010162374237552285	1.0
-1.811142347207806e-08	1.0
-0.00044855725718662143	1.0
0.0	1.0
0.0	1.0
-0.0005084580625407398	1.0
-1.8287066268385388e-05	1.0
0.0	1.0
0.0	0.5434782608695652
0.0	0.12371134020618557
-0.0012085741618648171	0.0
-9.259385365112394e-07	1.0
-8.78415085026063e-06	1.0
-3.860963602164702e-07	1.0
0.0	1.0
0.0	1.0
0.0	1.0
0.0	0.0
0.0	1.0
0.0	1.0
0.0	0.34210526315789475
0.0	1.0
-0.0005138476844877005	1.0
-0.0005923309363424778	1.0
0.0	1.0
0.0	1.0
-0.0001746111229294911	0.0
0.0	0.0
0.0	0.0
-0.0001656592939980328	0.08888888888888889
-6.649109309364576e-06	0.11594202898550725
0.0	1.0
0.0	1.0
-0.0005798979545943439	1.0
0.0	0.7296137339055794
-0.00014967848255764693	1.0
0.0	1.0
-2.6454442831891356e-06	1.0
-0.00032379801268689334	0.0
0.0	0.3382352941176471
0.0	1.0
0.0	0.0
-1.8302843329820462e-07	1.0
-3.521847702359082e-08	0.0
0.0	0.0
0.0	1.0
0.0	1.0
-0.015513986349105835	0.0
-0.001453904900699854	1.0
0.0	1.0
-1.745126041896583e-06	1.0
-0.0004044527595397085	0.0
0.0	0.0
0.0	1.0
0.0	1.0
0.0	1.0
0.0	0.05357142857142857
0.0	1.0
0.0	0.0
0.0	0.11515151515151516
-0.0003483274776954204	0.016666666666666666
0.0	0.3065134099616858
-0.003030105959624052	0.0
0.0	1.0
-1.1346396888711752e-07	1.0
-0.0013100227806717157	0.0
-0.023145044222474098	0.21794871794871795
0.0	1.0
-0.00037865753984078765	1.0
0.0	0.0
-0.0004219036200083792	1.0
0.0	1.0
0.0	0.0
0.0	1.0
0.0	1.0
0.0	1.0
0.0	1.0
0.0	0.21713147410358566
-3.7789358448003796e-11	1.0
-0.0007133984472602606	0.16936671575846834
-2.42937119310227e-08	0.006289308176100629
0.0	0.0
-4.843304091117773e-10	1.0
0.0	1.0
-1.883734694274608e-05	1.0
-4.984957779896604e-09	1.0
0.0	0.0
-0.0006497498252429068	1.0
0.0	1.0
0.0	1.0
0.0	1.0
0.0	0.0
-0.0017401669174432755	1.0
-3.784858563449234e-05	1.0
-0.0015765947755426168	0.0
-0.00016626357682980597	1.0
-9.48519755183952e-06	1.0
0.0	1.0
0.0	1.0
-4.968489520251751e-06	1.0
0.0	1.0
0.0	1.0
-0.015707291662693024	0.0
0.0	1.0
0.0	1.0
0.0	1.0
0.0	0.0
0.0	1.0
-0.001152206677943468	1.0
0.0	1.0
-7.85431984695606e-06	1.0
0.0	1.0
-4.464339872356504e-05	0.7857142857142857
0.0	0.11707317073170732
0.0	0.0
0.0	1.0
0.0	1.0
0.0	1.0
0.0	1.0
-2.292168801432126e-06	1.0
-8.951403287937865e-06	1.0
0.0	1.0
-2.364372864160913e-10	0.0
0.0	1.0
-0.00015575156430713832	0.31029619181946405
0.0	1.0
-1.3025191947235726e-05	1.0
0.0	1.0
-3.910969894604932e-07	1.0
0.0	1.0
-3.438556037127505e-11	1.0
0.0	1.0
-5.290601023943964e-08	1.0
0.0	1.0
0.0	0.0
0.0	0.003
