0.0	1.0
-0.0001792883558664471	1.0
-9.390820923727006e-05	1.0
-0.000754972395952791	1.0
0.0	0.0
0.0	0.08450704225352113
-3.2807972161208454e-07	0.0
0.0	1.0
0.0	1.0
0.0	0.0
0.0	1.0
0.0	0.015151515151515152
0.0	0.0
-8.500600961269811e-05	1.0
0.0	0.0
0.0	1.0
0.0	0.0
0.0	1.0
0.0	1.0
0.0	1.0
-0.0006954376585781574	1.0
0.0	1.0
-1.6093636077130213e-06	1.0
0.0	1.0
0.0	0.0
0.0	0.06306306306306306
0.0	1.0
-0.0005431937170214951	1.0
0.0	1.0
0.0	1.0
0.0	0.0
-7.957561319926754e-05	1.0
-6.70109293423593e-05	1.0
-7.605906375829363e-06	1.0
0.0	1.0
-4.2199749250571017e-10	1.0
0.0	1.0
0.0	1.0
0.0	1.0
-1.4685206224385183e-06	0.0
0.0	0.0
0.0	1.0
0.0	1.0
0.0	1.0
0.0	0.0
0.0	0.0
0.0	1.0
0.0	1.0
0.0	1.0
0.0	1.0
-8.458035154035315e-06	1.0
0.0	1.0
0.0	1.0
-6.206490797922015e-05	1.0
0.0	1.0
0.0	0.0
-0.0065935757011175156	0.0
0.0	0.0
-0.0011041328543797135	1.0
-9.383192809764296e-05	1.0
-0.00015038586570881307	1.0
-6.411493359337328e-06	0.056
-0.010477114468812943	0.0
-1.4802699865867908e-07	1.0
0.0	0.0
-0.009538112208247185	0.034782608695652174
0.0	1.0
0.0	1.0
-5.73751276533585e-06	1.0
0.0	0.0
0.0	0.0
0.0	0.5953488372093023
-2.914862484715286e-08	1.0
-0.001074093277566135	0.0
-1.3450679944071453e-05	1.0
0.0	1.0
0.0	1.0
-0.004364753141999245	0.0
0.0	0.0
0.0	1.0
-2.7113399482914247e-05	1.0
-0.00019092565344180912	0.0
0.0	1.0
-1.070154187488015e-08	1.0
0.0	1.0
0.0	1.0
-0.0005277468590065837	1.0
-0.0002526690368540585	1.0
0.0	1.0
0.0	1.0
0.0	1.0
0.0	1.0
0.0	0.027586206896551724
0.0	0.0
0.0	1.0
0.0	1.0
0.0	1.0
-1.933040721269208e-06	1.0
0.0	0.0
0.0	1.0
0.0	1.0
-0.017506016418337822	0.0
-0.004535893443971872	0.4793187347931874
-0.00046079859021119773	1.0
0.0	0.4666666666666667
0.0	1.0
0.0	1.0
0.0	1.0
0.0	0.0
-0.001012415625154972	1.0
-1.5164448472979042e-13	1.0
-1.351576656816178e-06	1.0
-0.002000205684453249	1.0
-0.0005389750003814697	1.0
0.0	1.0
-2.4542583521025563e-09	1.0
0.0	1.0
0.0	1.0
0.0	0.0
0.0	1.0
0.0	1.0
0.0	1.0
0.0	1.0
0.0	1.0
0.0	1.0
-5.502333806362003e-05	1.0
-2.9898401976424793e-07	0.0
0.0	0.0
0.0	1.0
0.0	1.0
-0.0005820227088406682	1.0
0.0	1.0
-0.0022596325725317	1.0
-1.0955701901238513e-09	1.0
0.0	0.0
0.0	1.0
-0.0008831361192278564	0.0
0.0	0.508695652173913
-0.0004617742670234293	1.0
-0.0005739551270380616	0.6
0.0	0.0
0.0	1.0
0.0	1.0
0.0	1.0
0.0	0.20346320346320346
0.0	0.0
0.0	0.42735042735042733
-2.325764853594592e-06	1.0
-2.982620372904421e-08	1.0
0.0	1.0
-6.835343083366752e-05	1.0
-1.2700291485145954e-08	0.0
0.0	1.0
0.0	1.0
-0.0002856638457160443	1.0
0.0	0.0
-4.245981926942477e-06	0.0
0.0	1.0
0.0	1.0
0.0	1.0
-2.793965359160211e-05	0.05185185185185185
0.0	1.0
0.0	1.0
-3.0875125958118588e-06	0.0
0.0	1.0
0.0	0.0
0.0	1.0
0.0	1.0
-0.0032802647911012173	1.0
0.0	0.0
-1.6766505723353475e-05	0.0043859649122807015
0.0	0.008733624454148471
0.0	1.0
-1.4946822091133072e-07	1.0
0.0	1.0
0.0	1.0
0.0	1.0
0.0	0.0
-0.00027839341782964766	1.0
0.0	0.0
0.0	1.0
-0.001809499692171812	1.0
0.0	1.0
-0.004974443465471268	0.0
0.0	1.0
0.0	0.0
0.0	0.6155172413793103
0.0	1.0
0.0	1.0
0.0	0.0
0.0	1.0
0.0	1.0
0.0	1.0
-2.4077460238913773e-06	1.0
-0.0002718268660828471	0.0
0.0	1.0
-0.002349153161048889	0.0
0.0	0.0
-5.447165676741861e-05	1.0
-1.6382580014795423e-10	0.0
0.0	0.0
0.0	0.0
0.0	1.0
-4.635763559690531e-07	1.0
0.0	1.0
0.0	1.0
-1.0595763342280407e-06	0.0
0.0	0.0
-0.0036572525277733803	1.0
0.0	1.0
0.0	0.2
0.0	1.0
0.0	0.0
-0.0002942975261248648	1.0
-0.0016607148572802544	0.0
0.0	1.0
0.0	0.0
-2.1938047211733647e-05	1.0
0.0	0.022727272727272728
0.0	1.0
0.0	1.0
0.0	1.0
0.0	1.0
0.0	0.25
0.0	1.0
-6.149363240837147e-09	0.36764705882352944
0.0	0.0
0.0	1.0
-0.0009269695729017258	1.0
-0.0002871077158488333	1.0
0.0	0.0
-0.00749593460932374	0.0
0.0	1.0
-0.0010024465154856443	1.0
0.0	1.0
-0.01969684101641178	0.0
0.0	1.0
0.0	1.0
0.0	1.0
0.0	0.0
-8.363114829990081e-06	1.0
-0.00011771460413001478	1.0
0.0	0.0
-3.938947702408768e-05	1.0
0.0	0.0
0.0	0.0
0.0	0.0
0.0	1.0
0.0	1.0
0.0	0.8947368421052632
-0.10992592573165894	0.0
0.0	1.0
0.0	0.04
-1.7540164662932511e-06	1.0
-0.014955895021557808	0.0
0.0	0.0
0.0	0.14184397163120568
-0.0002498808316886425	1.0
0.0	1.0
0.0	1.0
0.0	1.0
0.0	1.0
-3.695347913890146e-05	1.0
0.0	1.0
0.0	1.0
0.0	1.0
0.0	1.0
0.0	1.0
0.0	1.0
-3.735654172487557e-05	1.0
0.0	0.0
-0.002612261800095439	1.0
0.0	1.0
0.0	1.0
-0.0011576247634366155	1.0
-2.1621268388116732e-05	0.0
-6.369853255971947e-11	0.0
0.0	1.0
0.0	1.0
-0.0001061870570993051	0.43478260869565216
0.0	1.0
0.0	1.0
0.0	0.0
0.0	1.0
-0.0003305065038148314	1.0
0.0	0.0
-0.002790265018120408	0.06666666666666667
0.0	1.0
-0.00026485283160582185	0.0
0.0	1.0
-3.83873593818862e-05	1.0
-0.0015667224070057273	1.0
0.0	0.0
0.0	0.0
-3.855740578728728e-05	1.0
0.0	1.0
0.0	1.0
0.0	1.0
0.0	1.0
0.0	0.0
0.0	1.0
-0.00041441217763349414	0.0
-6.7341838985157665e-06	1.0
0.0	1.0
0.0	1.0
0.0	1.0
-1.0129812705881105e-13	1.0
0.0	0.008771929824561403
0.0	1.0
0.0	1.0
0.0	0.5571955719557196
0.0	1.0
-0.0006146849482320249	1.0
0.0	1.0
0.0	1.0
0.0	1.0
0.0	0.0
0.0	1.0
-2.7194069843972102e-05	1.0
-3.4104316455341177e-06	0.38461538461538464
-4.3758922402048483e-05	0.013761467889908258
0.0	1.0
-0.0001991535391425714	1.0
0.0	0.0
-2.4718072381801903e-05	1.0
0.0	0.0
0.0	1.0
0.0	1.0
-0.002295170444995165	0.1565217391304348
0.0	1.0
0.0	0.0
-0.00017457052308600396	0.016
0.0	0.0136986301369863
0.0	1.0
-0.000641837134025991	0.0
-7.115331391105428e-05	0.0
0.0	1.0
0.0	0.0
-0.014127577655017376	0.0
-7.265599560923874e-05	1.0
-0.006647256202995777	0.35384615384615387
0.0	1.0
0.0	1.0
0.0	1.0
0.0	0.14285714285714285
-0.00012922461610287428	1.0
0.0	1.0
0.0	1.0
-5.05896514368942e-06	1.0
0.0	1.0
-3.265245686634444e-05	1.0
0.0	1.0
0.0	1.0
-2.1260325056005058e-08	1.0
0.0	1.0
0.0	0.0
-5.0432263378752396e-06	1.0
-0.02425069361925125	0.0
0.0	1.0
0.0	1.0
-2.3036059246805962e-06	0.13333333333333333
-0.00012293379404582083	1.0
0.0	0.0
-0.0006716588395647705	1.0
0.0	0.0
0.0	0.0
0.0	1.0
-0.007529080845415592	0.015873015873015872
0.0	1.0
0.0	1.0
0.0	1.0
0.0	1.0
0.0	0.0
0.0	0.0
0.0	1.0
-0.00014197347627487034	1.0
-7.836790416604345e-08	1.0
0.0	1.0
0.0	0.0
0.0	0.0
0.0	1.0
0.0	0.04195804195804196
0.0	1.0
-0.0007115623448044062	0.0
0.0	1.0
-0.0017732067499309778	0.0
0.0	1.0
-0.00019472441636025906	1.0
0.0	1.0
-5.645600253956218e-07	0.0
-0.00024251948343589902	1.0
-3.13908413152042e-11	1.0
0.0	1.0
0.0	1.0
0.0	1.0
0.0	1.0
-4.5075106754666194e-05	1.0
-0.0011410959996283054	1.0
-2.3578733816975728e-05	0.16666666666666666
-6.798487447667867e-05	1.0
-3.8695564086310696e-08	1.0
0.0	0.0
0.0	1.0
-1.4964701477993003e-08	0.0
-0.00019530994177330285	1.0
0.0	1.0
-0.0010173339396715164	0.0
-7.830159120203461e-06	1.0
0.0	1.0
0.0	0.09271523178807947
0.0	0.0
-0.00010430989641463384	1.0
-1.9399689335841686e-05	1.0
0.0	1.0
0.0	1.0
-0.00019846537907142192	1.0
0.0	1.0
0.0	0.0
-1.3387409580900567e-07	0.0
-0.0001433689903933555	1.0
-2.7084921384812333e-05	0.0
0.0	0.0
0.0	0.28820960698689957
0.0	1.0
-0.00027095357654616237	0.0
0.0	1.0
0.0	1.0
0.0	0.0
0.0	1.0
-1.213628456753213e-05	1.0
0.0	1.0
0.0	1.0
0.0	1.0
0.0	1.0
0.0	1.0
-9.625105303712189e-05	0.38349514563106796
-3.883591489284299e-05	1.0
-3.9911676140036434e-05	1.0
-4.253449151292443e-05	1.0
-3.2835152524057776e-05	1.0
0.0	1.0
0.0	1.0
0.0	1.0
-0.00021384793217293918	1.0
-0.0031305907759815454	0.0
0.0	0.0
-5.893578872928629e-06	1.0
0.0	1.0
0.0	1.0
0.0	1.0
0.0	1.0
-6.4276637203875e-06	0.0
0.0	1.0
-3.873512923746603e-06	0.20833333333333334
0.0	1.0
0.0	1.0
0.0	1.0
0.0	1.0
0.0	1.0
0.0	0.0
-0.0014388676499947906	1.0
0.0	1.0
0.0	1.0
0.0	1.0
-9.526163921691477e-06	1.0
0.0	0.32432432432432434
-9.733896149555221e-05	1.0
0.0	0.0
0.0	1.0
0.0	1.0
0.0	1.0
0.0	1.0
0.0	1.0
0.0	0.0
-6.645831308560446e-05	1.0
0.0	1.0
-0.002280543325468898	0.0
0.0	0.0
-4.937512620983853e-10	0.5087719298245614
0.0	0.0
0.0	0.0
0.0	0.0
0.0	0.0
0.0	1.0
0.0	0.0
-9.839797712629661e-05	1.0
0.0	0.0
0.0	1.0
0.0	1.0
0.0	1.0
-2.510530066501815e-06	1.0
0.0	0.0
0.0	1.0
0.0	1.0
-0.00027422115090303123	1.0
0.0	1.0
0.0	1.0
0.0	1.0
0.0	1.0
0.0	1.0
0.0	1.0
-1.1794485527127918e-11	1.0
-7.0705305006413255e-06	1.0
0.0	1.0
0.0	1.0
0.0	1.0
0.0	1.0
0.0	0.0
0.0	1.0
0.0	1.0
-0.000841079861856997	1.0
0.0	1.0
0.0	1.0
0.0	1.0
0.0	0.0
0.0	0.0
-5.198883809498511e-05	1.0
0.0	0.11403508771929824
-0.000818887259811163	1.0
-4.5999797748663696e-08	1.0
0.0	1.0
-3.153212310280651e-05	1.0
-9.90183325484395e-05	1.0
0.0	0.21182266009852216
-0.018712826073169708	0.0
0.0	1.0
0.0	0.782608695652174
-4.602286107768805e-09	0.05865102639296188
-0.0004204300348646939	1.0
0.0	0.0
-4.868488758802414e-06	1.0
0.0	0.0
-3.4287969685742326e-10	1.0
0.0	1.0
-0.00022200554667506367	1.0
-9.524946653982624e-05	1.0
0.0	1.0
0.0	1.0
0.0	1.0
0.0	0.0
0.0	1.0
0.0	1.0
0.0	1.0
0.0	0.31100478468899523
0.0	0.0
-0.0001613141066627577	1.0
0.0	1.0
0.0	1.0
0.0	0.04
0.0	1.0
-0.026758212596178055	0.0
-1.0281330105499364e-05	1.0
-1.3741664588451385e-06	1.0
-3.542977765391697e-06	0.0
0.0	1.0
0.0	1.0
-7.219002782221651e-06	1.0
0.0	0.0
-0.00026618834817782044	1.0
0.0	1.0
-0.009273374453186989	0.0
0.0	1.0
-0.0001884320518001914	1.0
-4.177932623861125e-06	0.8516624040920716
0.0	0.07692307692307693
0.0	1.0
-0.0008081881678663194	1.0
-0.0009991806000471115	1.0
0.0	0.0
-9.486580529483035e-05	0.0
0.0	1.0
0.0	1.0
-2.9792647637805203e-06	1.0
0.0	0.6923076923076923
0.0	1.0
0.0	1.0
0.0	1.0
-0.005931696388870478	0.0
0.0	1.0
0.0	1.0
0.0	0.0
-9.307260597779532e-07	0.3835616438356164
0.0	1.0
-0.00016086701361928135	0.0
-2.4221874284080513e-08	1.0
0.0	1.0
0.0	1.0
-0.007918713614344597	0.0
-0.013406229205429554	0.0
0.0	0.7935871743486974
0.0	1.0
0.0	1.0
0.0	1.0
-1.4263694669836013e-09	0.0
0.0	0.0
0.0	0.0
0.0	0.335
0.0	1.0
0.0	0.006880733944954129
-0.0005719513865187764	0.0
0.0	0.0
