0.0	0.0
-0.00012505472113844007	1.0
-3.371758430148475e-05	0.0
0.0	1.0
0.0	1.0
0.0	0.0
-9.19793485820719e-09	1.0
-0.010244098491966724	0.0
0.0	1.0
0.0	0.009852216748768473
0.0	0.0
-7.252384966704994e-05	1.0
-0.009840021841228008	0.02631578947368421
0.0	0.0
0.0	1.0
0.0	0.0
-2.1990519599057734e-05	1.0
0.0	1.0
-0.00020734965801239014	1.0
-0.000503804418258369	1.0
-1.0111945130120148e-06	1.0
0.0	0.44345238095238093
-1.6162546501163888e-07	1.0
0.0	1.0
0.0	1.0
-0.0035071733873337507	1.0
0.0	1.0
0.0	0.0
-4.433049070939887e-06	1.0
0.0	1.0
0.0	1.0
0.0	1.0
0.0	0.0
0.0	1.0
0.0	1.0
-3.3496960440970724e-06	1.0
0.0	0.0
0.0	1.0
0.0	1.0
0.0	1.0
0.0	1.0
0.0	1.0
0.0	1.0
-0.007457641419023275	0.0
0.0	1.0
0.0	1.0
0.0	1.0
0.0	0.0
0.0	1.0
0.0	1.0
0.0	1.0
-3.732275946632946e-11	1.0
0.0	1.0
0.0	0.0
0.0	1.0
0.0	0.0
0.0	1.0
-9.784297816395338e-10	0.0
0.0	0.19298245614035087
0.0	0.0
0.0	0.0
0.0	0.0
0.0	0.0
0.0	1.0
-0.0010352173121646047	1.0
0.0	1.0
0.0	1.0
-0.00042958001722581685	0.3103448275862069
0.0	1.0
0.0	1.0
0.0	0.0
-9.187498051232978e-08	0.6428571428571429
0.0	1.0
-0.019711311906576157	0.0
-0.0005310130072757602	1.0
-0.0005331437569111586	0.0
0.0	0.0
0.0	1.0
-7.6237652137933765e-06	1.0
-0.000684825296048075	1.0
0.0	0.0
0.0	1.0
-2.549220141645492e-07	1.0
-0.00026489878655411303	1.0
-4.270240242476575e-05	1.0
0.0	1.0
0.0	1.0
0.0	1.0
0.0	0.0
0.0	1.0
-0.0015564759960398078	0.0
0.0	0.0
0.0	1.0
0.0	0.012987012987012988
0.0	1.0
0.0	1.0
-0.020486144348978996	0.0
-0.21506428718566895	0.0
0.0	1.0
0.0	0.0
0.0	0.0
-4.7996131513627915e-08	0.0
0.0	0.0
0.0	1.0
0.0	0.2682926829268293
0.0	0.1222707423580786
0.0	0.0
0.0	1.0
0.0	0.0
-0.00035105019924230874	1.0
-0.1661706417798996	0.0
0.0	1.0
-0.0008353711455129087	1.0
-9.956934263755102e-07	0.0048543689320388345
0.0	1.0
-6.551451292580168e-07	0.0
-2.4590573957539164e-05	1.0
0.0	1.0
0.0	1.0
0.0	0.0
0.0	1.0
-0.0019728797487914562	1.0
-2.510853412798818e-16	1.0
0.0	1.0
-0.021297063678503036	0.0
-5.3753894462715834e-05	1.0
-2.144249506414158e-14	0.0
-0.00012603201321326196	1.0
0.0	1.0
-0.0002757185429800302	0.8904761904761904
0.0	1.0
-3.346960397720977e-08	1.0
0.0	1.0
-4.005958658126474e-07	1.0
0.0	1.0
0.0	1.0
-1.2330130630289204e-05	1.0
-1.2489798528747542e-08	1.0
-2.76271089205693e-06	1.0
0.0	1.0
0.0	0.0
0.0	1.0
0.0	1.0
0.0	0.0
0.0	0.0
0.0	1.0
-0.0023694769479334354	1.0
0.0	1.0
-0.0020375538151711226	1.0
-8.978017831395846e-07	1.0
0.0	1.0
0.0	0.43820224719101125
0.0	1.0
0.0	0.0
-1.2009970795645586e-08	0.29508196721311475
0.0	1.0
0.0	1.0
-0.0001586977014085278	1.0
-0.00015377753879874945	1.0
-7.364387215602619e-07	1.0
-0.0001391286205034703	0.0
0.0	1.0
-4.872591307503171e-05	1.0
0.0	0.0
0.0	1.0
0.0	1.0
-1.5610518744324509e-07	1.0
0.0	1.0
-0.0003285008715465665	1.0
-1.3005151799916348e-07	1.0
-0.00014854253095109016	1.0
0.0	0.0
0.0	1.0
0.0	1.0
-1.0075879117721342e-06	1.0
0.0	1.0
0.0	1.0
-6.904132987983758e-06	1.0
-7.522890518885106e-05	1.0
-2.0629952359740855e-06	1.0
-9.82155454648569e-15	1.0
0.0	1.0
0.0	1.0
0.0	0.0
-1.2676647925813356e-11	0.0
-1.2055084880557843e-05	1.0
-0.0007164418930187821	1.0
0.0	1.0
0.0	1.0
-3.426308467169292e-05	1.0
0.0	0.05263157894736842
0.0	1.0
0.0	1.0
-0.0007060360512696207	1.0
0.0	1.0
0.0	1.0
-4.90686744708535e-12	1.0
0.0	1.0
0.0	1.0
0.0	0.01694915254237288
0.0	1.0
-0.030622320249676704	0.0
0.0	1.0
0.0	1.0
0.0	0.0
-0.00017541649867780507	1.0
0.0	1.0
0.0	1.0
0.0	1.0
0.0	0.0
0.0	1.0
0.0	0.0
0.0	1.0
0.0	1.0
0.0	0.0
0.0	0.0
0.0	0.0
0.0	0.08843537414965986
-3.5335024222149514e-06	1.0
0.0	1.0
-2.972736723449998e-08	0.7997977755308392
-5.253131121207844e-07	1.0
0.0	0.0
0.0	0.0
-8.723093924345449e-05	1.0
-9.170810699288268e-06	0.0
-0.0005008289590477943	1.0
0.0	0.0
-0.009470338001847267	0.0
-8.328657372658199e-07	1.0
0.0	1.0
-2.8548878617584705e-05	0.0
-3.079200905631296e-05	1.0
-0.0005065494915470481	1.0
0.0	1.0
0.0	1.0
0.0	0.0
0.0	1.0
0.0	1.0
0.0	1.0
0.0	1.0
-0.00017980841221287847	0.0
0.0	1.0
0.0	1.0
-5.77850041736383e-05	1.0
0.0	1.0
0.0	1.0
0.0	1.0
-0.00024141620087902993	1.0
0.0	1.0
0.0	1.0
0.0	0.14492753623188406
0.0	1.0
-0.0011409034486860037	1.0
-2.532066645244413e-08	1.0
0.0	1.0
0.0	1.0
0.0	0.0
0.0	0.0
0.0	1.0
-2.2288313061835652e-07	1.0
-0.00026323748170398176	1.0
0.0	1.0
0.0	1.0
0.0	0.045
0.0	1.0
-9.335757567896508e-06	1.0
-0.001159394858404994	1.0
-0.00135891349054873	0.9347826086956522
-0.0003824526211246848	1.0
-0.0001119031585403718	1.0
0.0	0.8059071729957806
-0.016101665794849396	0.024154589371980676
0.0	0.0
0.0	0.998
0.0	1.0
0.0	0.0
-0.004908102098852396	0.0
-0.007137530483305454	0.0
-2.82062251244497e-06	1.0
0.0	1.0
0.0	0.25
-9.100678289541975e-05	1.0
-1.911989056679886e-05	1.0
-0.0005898758536204696	1.0
-9.46300569921732e-05	1.0
0.0	0.5428571428571428
0.0	1.0
0.0	1.0
0.0	1.0
-0.00032742193434387445	1.0
-2.29865236178739e-06	1.0
0.0	1.0
-0.0069787451066076756	0.0
0.0	1.0
0.0	1.0
0.0	0.0
-0.0004934108001179993	1.0
-0.016844751313328743	0.0
0.0	0.0
-7.175387054303428e-06	1.0
-0.0009679925278760493	1.0
-1.8265263861394487e-05	1.0
0.0	0.0
-6.859313089080388e-06	0.08125
-3.476611709629651e-06	1.0
0.0	0.0
-0.03347407653927803	0.0
0.0	0.10628019323671498
0.0	1.0
-0.0017479074886068702	1.0
0.0	0.0
0.0	1.0
0.0	1.0
0.0	1.0
-4.996377356292214e-08	1.0
0.0	1.0
0.0	1.0
-9.476708129341205e-08	1.0
0.0	0.0
0.0	0.0
0.0	1.0
-0.0033005145378410816	0.10687022900763359
-0.0002887296723201871	0.0
-0.00024793401826173067	1.0
0.0	1.0
0.0	1.0
0.0	0.0
0.0	0.0
0.0	1.0
-0.00025517126778140664	1.0
-8.418196557613555e-06	0.0
-0.0004249289631843567	1.0
0.0	1.0
0.0	0.4609164420485175
0.0	1.0
-8.823929965728894e-05	1.0
0.0	1.0
-0.00010249139450024813	1.0
-0.005383335053920746	0.0
0.0	1.0
0.0	0.004761904761904762
0.0	1.0
0.0	1.0
0.0	0.0
0.0	0.0
-0.06816361099481583	0.0
0.0	1.0
0.0	1.0
-7.509576244046912e-05	1.0
-0.0009240795043297112	1.0
-4.676704702433199e-05	1.0
0.0	0.5107913669064749
-4.0625152905704454e-05	1.0
0.0	0.0
0.0	0.0
-0.0014568883925676346	1.0
-0.011524545960128307	0.0
0.0	1.0
0.0	1.0
-0.00023138339747674763	0.9896907216494846
-0.0009014823008328676	1.0
0.0	1.0
0.0	0.0
0.0	1.0
0.0	1.0
0.0	1.0
-5.2567240345524624e-05	0.2391304347826087
0.0	0.0
0.0	1.0
-0.0014457537326961756	1.0
0.0	1.0
0.0	0.0
0.0	1.0
0.0	1.0
0.0	1.0
0.0	1.0
-3.589373136492213e-07	1.0
0.0	0.0
-0.0006975303986109793	1.0
0.0	1.0
0.0	1.0
0.0	0.1111111111111111
-0.01831802725791931	0.0
0.0	1.0
0.0	1.0
0.0	0.0
0.0	1.0
0.0	1.0
-0.0001629047328606248	1.0
-8.450315363006666e-05	1.0
0.0	1.0
0.0	1.0
-1.4162627621772117e-06	1.0
-0.00036208733217790723	1.0
0.0	1.0
0.0	1.0
-8.448161679552868e-06	0.0
0.0	1.0
0.0	0.05555555555555555
-0.007290256675332785	0.4988009592326139
0.0	0.0
-8.873704791767523e-05	0.0
-4.035737077856538e-08	1.0
-0.0007859106408432126	1.0
-1.3106855476507917e-05	1.0
-0.02767501212656498	0.0
0.0	1.0
0.0	1.0
0.0	1.0
0.0	1.0
-1.930819962581154e-05	1.0
0.0	0.0
0.0	1.0
-0.007843008264899254	0.0
0.0	0.0
0.0	1.0
-3.1856761779636145e-05	1.0
0.0	1.0
-0.0002287797979079187	1.0
0.0	0.6746746746746747
-2.529762639369437e-07	1.0
-0.0005578860291279852	0.0
-0.01990986429154873	0.0
0.0	1.0
0.0	0.11538461538461539
0.0	1.0
0.0	0.0
-9.090599633054808e-07	1.0
0.0	0.0
-0.00129398750141263	1.0
0.0	0.125
0.0	1.0
0.0	1.0
0.0	0.0
0.0	1.0
-0.00026006423286162317	1.0
0.0	1.0
-2.5474217181908898e-05	1.0
-0.00015678787895012647	1.0
0.0	0.0
0.0	0.055900621118012424
0.0	1.0
-0.00023634679382666945	1.0
-0.0009492343524470925	1.0
0.0	1.0
-0.003154950914904475	1.0
-1.2879867483661656e-07	1.0
0.0	1.0
0.0	1.0
0.0	1.0
-0.0013473702128976583	1.0
0.0	1.0
0.0	1.0
0.0	1.0
0.0	1.0
0.0	1.0
0.0	1.0
0.0	1.0
0.0	1.0
0.0	0.0
-0.003026124555617571	0.0
0.0	1.0
-0.0011234281118959188	1.0
-0.0001944412651937455	1.0
0.0	1.0
0.0	1.0
0.0	1.0
0.0	1.0
0.0	0.0
0.0	1.0
0.0	1.0
-0.0008031014585867524	1.0
-7.823104510862322e-07	1.0
-1.8489730280180083e-07	1.0
-1.1923697584848014e-08	0.0
0.0	0.0
-0.019006574526429176	0.01694915254237288
0.0	1.0
-0.0003905351331923157	1.0
-0.003050345228984952	1.0
0.0	1.0
0.0	1.0
0.0	1.0
0.0	1.0
-0.0076492708176374435	0.0
0.0	1.0
-0.0004451229760888964	0.0
0.0	1.0
0.0	0.0
0.0	1.0
0.0	1.0
0.0	1.0
-1.80955284090345e-09	1.0
-0.0013830094831064343	0.0
-6.388123892975273e-06	1.0
-0.0015275918412953615	0.1749271137026239
-0.0001287900668103248	1.0
-1.2893666223590117e-07	1.0
0.0	1.0
-0.00014721890329383314	1.0
-0.00012257223716005683	1.0
0.0	1.0
-1.2965539042397722e-07	1.0
0.0	1.0
0.0	1.0
0.0	1.0
0.0	1.0
-0.0015291162999346852	1.0
0.0	1.0
0.0	1.0
-0.00026547833112999797	1.0
-0.00036690913839265704	0.0
