0.0	1.0
-0.030269015580415726	0.0
0.0	1.0
0.0	1.0
-0.0022894353605806828	0.0
0.0	0.0
0.0	0.0
-0.012929873540997505	0.0
0.0	1.0
0.0	1.0
-0.0009689956204965711	1.0
-3.217728135496145e-06	0.0
-0.000135854774271138	0.0
0.0	1.0
0.0	0.0
-2.626339664857369e-06	0.1308411214953271
-1.86111283255741e-05	0.016666666666666666
-0.017356671392917633	0.0
-0.013369850814342499	0.0
0.0	1.0
0.0	1.0
-3.592984512579278e-06	1.0
0.0	1.0
0.0	1.0
0.0	1.0
0.0	0.0
0.0	1.0
-2.5186416841016523e-10	1.0
0.0	1.0
0.0	1.0
-6.736074283253402e-05	0.0
0.0	1.0
0.0	1.0
0.0	1.0
0.0	0.21931818181818183
-0.00021084056061226875	1.0
0.0	0.8679026651216686
-1.7577659718881478e-06	1.0
0.0	1.0
-0.0012543248012661934	0.0
0.0	1.0
-9.590326754960188e-08	1.0
0.0	1.0
-0.013369263149797916	0.02654867256637168
-0.0002653412229847163	1.0
-4.175576759735122e-05	1.0
0.0	1.0
-0.0001553754846099764	1.0
0.0	1.0
0.0	1.0
-2.566375223977957e-05	1.0
-0.002465772209689021	1.0
0.0	1.0
-5.997277548885904e-05	1.0
0.0	1.0
0.0	1.0
0.0	1.0
-0.03200604394078255	0.0
0.0	1.0
-7.827134140825365e-06	0.0967741935483871
0.0	1.0
0.0	1.0
-4.751849469464275e-10	0.0
-7.165002102738072e-07	1.0
0.0	1.0
-0.0015025961911305785	0.0
0.0	1.0
0.0	1.0
0.0	1.0
0.0	1.0
0.0	1.0
-2.0103187125641853e-05	1.0
0.0	1.0
0.0	1.0
0.0	1.0
0.0	1.0
0.0	1.0
0.0	1.0
-5.831017499359145e-14	1.0
0.0	1.0
0.0	1.0
0.0	0.6303724928366762
0.0	1.0
-1.5868325817791629e-06	0.0
0.0	1.0
-6.195998139446601e-06	1.0
-9.933236287906766e-05	1.0
0.0	1.0
0.0	0.0
-8.348138180735987e-06	0.0
0.0	1.0
0.0	0.0
0.0	1.0
0.0	0.0
0.0	1.0
-3.0108264770234427e-09	1.0
-0.010053016245365143	0.0
-0.0005038132076151669	1.0
0.0	1.0
-1.0743807479229872e-06	1.0
0.0	0.5896414342629482
0.0	1.0
-0.005155617371201515	1.0
0.0	1.0
-9.945923693521763e-07	1.0
0.0	1.0
0.0	1.0
0.0	1.0
0.0	0.07344632768361582
-4.479698873183224e-06	1.0
-5.540766210287984e-07	1.0
-0.0015239696949720383	0.0
0.0	1.0
0.0	1.0
0.0	1.0
0.0	1.0
0.0	0.2607260726072607
0.0	1.0
0.0	1.0
0.0	1.0
0.0	1.0
0.0	1.0
-0.00041423639049753547	1.0
0.0	1.0
-0.001131499302573502	0.0
0.0	0.45614035087719296
0.0	1.0
-8.243743536695547e-07	1.0
0.0	1.0
0.0	1.0
0.0	1.0
-3.2141942938324064e-05	1.0
0.0	1.0
0.0	0.15
-0.0004947545239701867	1.0
-0.00032764350180514157	1.0
0.0	1.0
0.0	1.0
0.0	1.0
-0.0005811198498122394	1.0
0.0	1.0
0.0	1.0
-8.650189556647092e-06	1.0
0.0	1.0
0.0	1.0
-4.62163001202498e-07	0.07027027027027027
-2.6247503228660207e-06	1.0
0.0	0.005780346820809248
0.0	1.0
0.0	1.0
-1.8370637917541899e-06	1.0
0.0	1.0
-0.044311314821243286	0.0
-9.927652450114621e-12	1.0
0.0	1.0
-0.00018400147382635623	1.0
-5.831970338476822e-05	1.0
-0.002348390407860279	1.0
-0.00011666987120406702	1.0
0.0	0.0
0.0	1.0
-0.0019054679432883859	1.0
0.0	1.0
0.0	0.0
-0.00013714388478547335	0.0
-4.8637120926287025e-05	0.3293838862559242
0.0	1.0
-0.0008381608640775084	0.0
0.0	1.0
0.0	1.0
-0.0011374957393854856	1.0
-0.0006268247379921377	1.0
0.0	0.0
0.0	1.0
0.0	1.0
0.0	1.0
0.0	1.0
0.0	1.0
0.0	1.0
0.0	1.0
-0.007214247714728117	0.007874015748031496
-2.153987679776037e-06	1.0
-9.124621101364028e-06	0.005405405405405406
0.0	1.0
-1.396969128109049e-05	1.0
0.0	1.0
-0.009700994938611984	0.0
0.0	1.0
0.0	1.0
0.0	1.0
0.0	1.0
0.0	1.0
0.0	1.0
0.0	1.0
0.0	1.0
0.0	1.0
-0.006351159885525703	0.0
0.0	0.007751937984496124
-3.935972199542448e-05	0.0
0.0	1.0
0.0	1.0
-0.0007715067476965487	1.0
0.0	0.07065217391304347
0.0	1.0
0.0	1.0
0.0	0.0
-0.001128966105170548	1.0
0.0	1.0
0.0	1.0
-8.29042328405194e-05	1.0
-4.376001072614599e-08	0.038461538461538464
-0.0033835112117230892	0.0055248618784530384
0.0	1.0
-0.005042555741965771	0.0
-1.1895235907388724e-09	1.0
0.0	1.0
0.0	1.0
-0.00015457453264389187	0.0
0.0	0.0
-0.00038224837044253945	0.0
-0.00024042752920649946	0.0
0.0	0.0
-0.004480808041989803	1.0
-2.91195135559974e-07	1.0
0.0	0.0
0.0	1.0
0.0	0.0
-2.78973784588743e-05	1.0
0.0	0.0
-0.00033897560206241906	1.0
0.0	1.0
0.0	1.0
0.0	1.0
-2.8409349397406913e-06	1.0
-0.0001618320820853114	1.0
-0.000740100396797061	0.0
0.0	1.0
-3.229346111766063e-05	1.0
0.0	1.0
0.0	1.0
0.0	1.0
-0.00022408545191865414	1.0
0.0	1.0
-9.49706475239509e-07	0.015957446808510637
0.0	1.0
0.0	0.0
0.0	1.0
0.0	1.0
-1.0266818208037876e-05	1.0
0.0	1.0
0.0	1.0
0.0	1.0
0.0	1.0
0.0	1.0
0.0	1.0
0.0	1.0
-0.0001624175492906943	0.0
-7.573368634439248e-07	1.0
0.0	1.0
-1.953955916178529e-06	0.0
-2.6671719410842343e-07	1.0
0.0	0.0
-6.4103720263583835e-15	0.0
-1.257431677004206e-06	0.0
0.0	1.0
0.0	0.0
-0.001159542240202427	1.0
0.0	1.0
-0.0004910881980322301	1.0
-1.6775146549630193e-10	0.006211180124223602
0.0	1.0
-0.0039009181782603264	0.04814814814814815
0.0	0.21991701244813278
-2.0543575374176726e-07	1.0
-0.00041665180469863117	1.0
0.0	1.0
-0.0016675691585987806	1.0
0.0	1.0
0.0	0.0
0.0	1.0
-0.0001842265628511086	1.0
-3.293443342045066e-06	1.0
-0.0014055159408599138	1.0
0.0	1.0
0.0	1.0
0.0	1.0
-0.02870875969529152	0.0
-2.4787017537164502e-05	0.0
-0.0012848072219640017	0.0
-0.0009425205644220114	1.0
0.0	1.0
-3.6017761689821626e-11	0.6495726495726496
-0.000128837171359919	1.0
0.0	0.0
-0.004010104574263096	0.5033783783783784
0.0	0.0
0.0	1.0
-0.00035066521377302706	1.0
-0.0017968659522011876	0.0
0.0	1.0
0.0	1.0
0.0	1.0
-8.706020162208006e-05	1.0
-0.0004489533603191376	1.0
-0.00012860541755799204	1.0
0.0	0.45614035087719296
-2.1044247233703572e-08	1.0
-7.180297870945651e-06	1.0
0.0	1.0
0.0	1.0
0.0	0.0
-2.141768362662333e-07	0.0
-0.00033813921618275344	1.0
-0.000795114494394511	1.0
0.0	1.0
0.0	0.0
-1.039988455886487e-05	1.0
0.0	0.0
0.0	1.0
0.0	1.0
-0.0005836976924911141	1.0
0.0	1.0
-4.251847229852501e-08	1.0
0.0	1.0
0.0	1.0
0.0	1.0
-0.0002798839414026588	0.3715415019762846
-3.075173299293965e-05	0.0
-0.000455059896921739	0.0
0.0	1.0
0.0	1.0
0.0	1.0
0.0	0.0
0.0	0.8038331454340474
0.0	1.0
0.0	1.0
-0.00011519534746184945	1.0
0.0	0.0
0.0	0.2864864864864865
-1.2103148947062436e-05	1.0
0.0	1.0
0.0	1.0
0.0	1.0
-5.663619958795607e-05	1.0
-4.588046209619279e-08	1.0
0.0	1.0
-1.230729136024636e-21	1.0
-1.8133931007469073e-05	0.026881720430107527
0.0	1.0
0.0	1.0
0.0	1.0
0.0	1.0
0.0	1.0
0.0	1.0
-0.00014932169870007783	1.0
-2.1572621022869498e-08	0.0
0.0	0.412962962962963
0.0	1.0
0.0	1.0
-0.02695445902645588	0.0
0.0	1.0
-1.5939602235448547e-05	1.0
-0.00025954574812203646	1.0
0.0	1.0
0.0	1.0
0.0	1.0
0.0	1.0
0.0	1.0
0.0	0.1388888888888889
0.0	1.0
-3.6515854162644246e-07	1.0
0.0	1.0
0.0	1.0
0.0	1.0
0.0	1.0
0.0	1.0
0.0	1.0
-7.0755333016203625e-12	1.0
-0.002668675733730197	1.0
0.0	1.0
0.0	1.0
-6.003958441525015e-10	1.0
-2.8827690456978416e-08	1.0
0.0	0.0
-3.9070066293334094e-08	0.016129032258064516
-0.0003315554349683225	1.0
-0.00017908363952301443	1.0
0.0	1.0
0.0	1.0
0.0	1.0
-0.0009547665831632912	1.0
0.0	0.0
0.0	1.0
0.0	1.0
0.0	0.0
0.0	1.0
0.0	1.0
0.0	1.0
0.0	0.0
-5.036748552811332e-05	1.0
-0.00015047167835291475	0.0
-4.4675189769805e-07	0.0055248618784530384
0.0	0.0
-0.03612459450960159	0.0
0.0	1.0
0.0	1.0
0.0	1.0
-6.731128814863041e-05	0.0
0.0	1.0
0.0	1.0
-0.004448330495506525	1.0
-2.47013588250411e-07	1.0
-0.00010649276373442262	1.0
0.0	1.0
0.0	1.0
0.0	1.0
-2.9305704174475977e-07	1.0
0.0	0.0
0.0	1.0
-4.598246050591115e-08	1.0
-0.005931006278842688	0.09641255605381166
0.0	0.0
0.0	1.0
0.0	1.0
-0.0025645731948316097	1.0
0.0	0.25
0.0	1.0
0.0	1.0
-0.010549305006861687	0.14814814814814814
0.0	1.0
0.0	0.0
0.0	1.0
0.0	0.0
-2.061064151348546e-06	1.0
-6.547352882080304e-07	1.0
-0.0004596573708113283	0.0
0.0	1.0
0.0	0.0
0.0	0.48040638606676345
-1.3803827414449188e-06	0.34716459197787
0.0	0.0
-9.530263014312368e-06	1.0
0.0	1.0
0.0	1.0
-1.0443475730426144e-05	1.0
0.0	1.0
-9.17911747819744e-05	1.0
0.0	0.0
0.0	1.0
0.0	1.0
0.0	1.0
0.0	1.0
0.0	1.0
0.0	1.0
0.0	1.0
0.0	1.0
0.0	0.0
0.0	1.0
0.0	1.0
-0.0007304120226763189	1.0
-0.003709066193550825	0.0
-3.290850145276636e-05	1.0
0.0	1.0
0.0	1.0
0.0	1.0
0.0	1.0
-2.5145285690086894e-05	1.0
0.0	0.0
0.0	0.0
0.0	1.0
0.0	0.0
0.0	0.08771929824561403
0.0	0.0
0.0	1.0
-1.3910796958782612e-09	1.0
-0.0076027424074709415	0.017699115044247787
0.0	1.0
0.0	1.0
0.0	1.0
0.0	1.0
0.0	1.0
-0.001089061377570033	1.0
0.0	1.0
-1.3294319614942651e-05	0.0
-7.286409697826457e-08	0.0
0.0	1.0
0.0	1.0
0.0	0.0
0.0	1.0
-1.4709539755131118e-05	1.0
0.0	1.0
0.0	1.0
0.0	1.0
-0.0010634083300828934	0.0
0.0	1.0
-0.0003475683624856174	0.0
-3.24113955230132e-07	1.0
-0.0036582292523235083	0.3684210526315789
0.0	0.3037974683544304
0.0	1.0
0.0	1.0
0.0	0.42857142857142855
-2.615581706777448e-07	1.0
0.0	1.0
0.0	1.0
0.0	1.0
0.0	1.0
0.0	0.0
0.0	1.0
0.0	1.0
0.0	0.058823529411764705
0.0	1.0
0.0	0.0
-5.6303953499536874e-08	0.8154008438818565
0.0	1.0
-0.0011583126615732908	0.0
0.0	1.0
