-0.004427989944815636	0.0
-1.9989731754321838e-06	1.0
-5.0461199862184e-05	0.0
0.0	1.0
0.0	1.0
-0.00011002775863744318	1.0
-0.011426146142184734	0.030927835051546393
-5.897190362702531e-07	0.6444444444444445
0.0	1.0
-9.944500925485045e-05	1.0
0.0	1.0
-6.117646535130916e-06	0.1705685618729097
0.0	1.0
0.0	1.0
0.0	1.0
0.0	1.0
0.0	1.0
-0.0012662878725677729	0.0
-0.0059358845464885235	0.007042253521126761
0.0	1.0
-7.948592974571511e-05	1.0
-3.080982935443899e-08	1.0
-0.00162605254445225	0.0
-1.4140902749204542e-05	1.0
0.0	0.0
0.0	0.0
0.0	1.0
-0.0005478513776324689	1.0
0.0	0.2987012987012987
-0.00012622929352801293	1.0
-5.17591161042219e-06	1.0
0.0	1.0
-5.63882185389275e-09	1.0
-1.675808016443625e-05	1.0
-5.674796284438344e-06	0.0
0.0	0.12371134020618557
-2.675064479262801e-06	0.03636363636363636
0.0	0.0
0.0	1.0
-9.747950389282778e-05	1.0
-0.0006863449234515429	1.0
0.0	1.0
0.0	1.0
0.0	0.3953488372093023
-0.0011731911217793822	1.0
-0.00032465666299685836	0.0
0.0	1.0
0.0	1.0
0.0	1.0
0.0	1.0
0.0	1.0
-4.4917064769833814e-06	1.0
-4.607052233041031e-06	0.0
0.0	1.0
0.0	1.0
0.0	1.0
0.0	1.0
0.0	1.0
-0.0002591641678009182	1.0
0.0	0.0
0.0	1.0
-8.070222975220531e-05	1.0
-2.6166419047513045e-05	1.0
-2.6768406314658932e-05	1.0
-0.00011197257117601112	0.0
-0.00074607296846807	0.0
-1.4435277989832684e-05	1.0
0.0	1.0
-2.9202124096627813e-06	1.0
-0.002361405873671174	0.0
0.0	1.0
0.0	1.0
-7.917062612250447e-05	1.0
0.0	1.0
-8.838694338919595e-05	1.0
0.0	1.0
0.0	0.0
0.0	0.08917197452229299
0.0	1.0
0.0	0.041237113402061855
-0.0011644534533843398	1.0
0.0	1.0
-4.150430322624743e-05	0.041237113402061855
0.0	1.0
-0.0002771764120552689	0.0847457627118644
-0.0002266567462356761	0.0
-0.06532713025808334	0.0
-0.00037041521864011884	0.0
-0.0004359068116173148	1.0
-0.0003703880065586418	1.0
0.0	0.2905982905982906
-3.4084110533960654e-11	0.08064516129032258
0.0	1.0
0.0	1.0
-0.0011954718502238393	0.0
-4.645780336431926e-06	0.9617834394904459
-3.0188180971890688e-05	1.0
0.0	1.0
0.0	1.0
0.0	1.0
0.0	1.0
0.0	1.0
-7.004315557423979e-05	1.0
0.0	1.0
0.0	0.0
0.0	0.0
0.0	1.0
-0.0006350789917632937	0.0
-0.00016660449909977615	1.0
0.0	1.0
0.0	1.0
-2.0394390958244912e-05	1.0
0.0	0.0
-0.0026367304380983114	0.047619047619047616
0.0	1.0
0.0	1.0
-0.0010588993318378925	1.0
0.0	1.0
0.0	1.0
0.0	1.0
0.0	0.0
-0.00336684868671	0.0
0.0	1.0
-0.010786277242004871	0.0
-0.0007243963773362339	0.0
0.0	1.0
-0.0016337630804628134	1.0
-0.00024215491430368274	1.0
0.0	0.0
-0.0004150666936766356	1.0
0.0	0.8571428571428571
0.0	0.0
-5.0749126785376575e-06	1.0
0.0	1.0
0.0	1.0
0.0	1.0
-3.031484134899398e-12	0.0
0.0	0.0
0.0	1.0
0.0	1.0
-0.004251469857990742	0.0
0.0	1.0
-0.0014846122357994318	1.0
0.0	1.0
-0.001667697331868112	0.10022271714922049
0.0	0.0
-0.0009880665456876159	1.0
0.0	1.0
0.0	1.0
0.0	1.0
-0.00027301174122840166	1.0
0.0	1.0
-5.184138899494428e-06	1.0
0.0	1.0
-0.0002236032159999013	1.0
0.0	0.0
0.0	1.0
-9.335044887848198e-05	1.0
-3.132271785694085e-12	0.0
0.0	0.3548387096774194
0.0	0.026726057906458798
-0.00015691442240495235	1.0
-4.337900350037671e-08	1.0
0.0	1.0
0.0	1.0
0.0	1.0
-2.338131632750873e-10	1.0
0.0	0.0
0.0	1.0
0.0	1.0
-9.532737749395892e-05	1.0
-1.6571210892379895e-07	1.0
-0.00792326033115387	0.0
-3.671922286230256e-06	1.0
-2.118650854754378e-06	1.0
0.0	1.0
-0.0007587674190290272	1.0
0.0	0.0
0.0	1.0
0.0	0.0
0.0	1.0
0.0	1.0
0.0	1.0
0.0	1.0
0.0	1.0
0.0	1.0
-1.0696761819417588e-05	0.12814645308924486
0.0	0.0
-0.0010407749796286225	1.0
-1.8449416216981263e-08	0.0
0.0	0.0
0.0	0.0
-4.730169621325331e-06	1.0
0.0	0.6830985915492958
0.0	1.0
0.0	0.0
0.0	0.0
-1.989699376281351e-05	1.0
0.0	0.0
-0.002731596352532506	0.0
-0.0006105398060753942	1.0
0.0	1.0
-5.352243169909343e-05	1.0
0.0	1.0
-0.0019516006577759981	0.013452914798206279
0.0	1.0
0.0	1.0
0.0	1.0
0.0	1.0
0.0	1.0
-0.0008558143163099885	0.0
0.0	1.0
0.0	0.0
0.0	1.0
-9.659305214881897e-05	1.0
0.0	1.0
0.0	1.0
-9.678768401499838e-05	1.0
0.0	0.9329329329329329
-6.029134965501726e-05	1.0
-0.024191780015826225	0.0
-3.9667370401730295e-06	1.0
0.0	1.0
0.0	1.0
0.0	1.0
0.0	1.0
-0.0001376470463583246	1.0
-0.0008089960319921374	1.0
0.0	0.0
-2.145885469317932e-09	1.0
0.0	0.0
0.0	1.0
-1.983025504159741e-05	1.0
-0.0002386884152656421	1.0
-0.00030735303880646825	1.0
0.0	0.6837209302325581
0.0	1.0
-0.0014519302640110254	1.0
-7.32126579805481e-07	1.0
0.0	1.0
0.0	0.08247422680412371
0.0	0.25
0.0	1.0
-0.005998026579618454	0.3191489361702128
-1.6393560120508965e-11	1.0
-1.3925008368609326e-10	0.0
0.0	0.0
0.0	0.0
0.0	0.059322033898305086
0.0	1.0
0.0	0.0
0.0	1.0
0.0	1.0
-0.00023659711587242782	1.0
-0.0005725716473534703	1.0
0.0	1.0
-2.4908757040975615e-05	1.0
-1.1130775874335086e-06	1.0
-0.0008668972877785563	1.0
0.0	0.0
0.0	0.0
0.0	0.0
0.0	1.0
0.0	1.0
0.0	1.0
0.0	1.0
0.0	1.0
-1.2645981484205038e-10	1.0
0.0	1.0
0.0	0.0
0.0	0.44370860927152317
0.0	1.0
0.0	1.0
0.0	1.0
0.0	0.0
0.0	1.0
0.0	0.3078556263269639
-1.6961510596047447e-07	1.0
0.0	0.0
0.0	1.0
-2.2816172986495076e-06	1.0
0.0	1.0
0.0	0.0
-1.4453193841745815e-07	0.0
0.0	0.8
0.0	1.0
0.0	0.04184100418410042
0.0	0.0
0.0	0.0
0.0	0.0
-0.0007295865216292441	1.0
0.0	1.0
-3.013137393281795e-05	1.0
0.0	1.0
-0.0009311054018326104	1.0
0.0	0.0
-6.116634381214681e-07	1.0
-0.0007351417443715036	1.0
0.0	1.0
0.0	1.0
0.0	0.0
0.0	1.0
-0.002237440785393119	0.0
-1.5264891999322572e-06	0.0
0.0	1.0
0.0	1.0
0.0	1.0
0.0	1.0
-0.00012809385953005403	1.0
0.0	1.0
0.0	1.0
0.0	1.0
-0.00016774871619418263	1.0
-1.4604703210352454e-05	1.0
-0.0031954485457390547	0.06741573033707865
0.0	1.0
0.0	1.0
-0.0007938103517517447	0.0
0.0	1.0
0.0	0.0030581039755351682
-8.374174131908774e-10	1.0
0.0	0.0
-0.00017847359413281083	1.0
0.0	0.03456221198156682
-0.000628773879725486	0.0
-0.0001009523039101623	1.0
-1.3476516791399717e-08	1.0
0.0	1.0
-0.007054602261632681	0.0
-0.0024337577633559704	0.0
0.0	1.0
-0.010303975082933903	0.0
0.0	1.0
0.0	0.018518518518518517
0.0	0.0
-8.87153873918578e-06	1.0
0.0	1.0
0.0	1.0
0.0	1.0
-0.00011715118307620287	1.0
0.0	1.0
0.0	1.0
0.0	1.0
-0.0020213827956467867	1.0
0.0	1.0
0.0	1.0
0.0	1.0
-0.0005101339193060994	0.02912621359223301
0.0	1.0
0.0	1.0
0.0	1.0
-1.055890152201755e-05	0.0
-0.0008186433697119355	1.0
-6.2219514802563936e-06	1.0
0.0	0.017857142857142856
0.0	0.027777777777777776
-4.8558526032138616e-05	1.0
0.0	1.0
0.0	1.0
-6.83695325278677e-05	1.0
-0.0016770611982792616	0.02214022140221402
0.0	1.0
0.0	1.0
0.0	1.0
-0.0006475768168456852	0.08465608465608465
-5.751677953358403e-11	0.0
-0.0010480305645614862	1.0
-0.00014405432739295065	1.0
0.0	0.0
0.0	1.0
-5.925622099312022e-05	1.0
-1.0659675353963394e-05	1.0
0.0	1.0
0.0	0.6830985915492958
-5.076768502476625e-05	1.0
-8.983219595393166e-05	1.0
0.0	0.0
0.0	1.0
0.0	1.0
-0.0006488786893896759	1.0
-0.027288995683193207	0.0
0.0	1.0
0.0	1.0
-1.170388486571028e-06	1.0
-0.005644892808049917	0.6716417910447762
-6.290028409239312e-07	1.0
0.0	1.0
0.0	1.0
0.0	1.0
0.0	1.0
0.0	1.0
-1.2141366823925637e-05	0.0
0.0	0.0
0.0	1.0
0.0	1.0
0.0	1.0
-3.1357069474324817e-07	1.0
-1.8454449673299678e-05	1.0
0.0	1.0
0.0	1.0
-2.71045769295597e-06	0.0
-1.398835365762352e-06	1.0
-0.00023382728977594525	1.0
0.0	0.0
-0.00012244581012055278	1.0
0.0	1.0
0.0	1.0
-0.0001698047126410529	1.0
0.0	1.0
0.0	1.0
0.0	1.0
-7.818549647709006e-07	1.0
0.0	0.0
0.0	0.0
0.0	0.0
0.0	0.0
-8.835737389745191e-05	1.0
-0.00031866756035014987	1.0
0.0	1.0
0.0	1.0
-0.00024548821966163814	1.0
0.0	0.8986928104575164
0.0	1.0
0.0	1.0
-4.030282980238553e-06	1.0
0.0	1.0
-0.0009805880254134536	0.0
-4.389731657283846e-06	1.0
0.0	1.0
0.0	1.0
0.0	1.0
0.0	1.0
-0.015485224314033985	0.0
-9.108313679462299e-05	1.0
-5.4123611334944144e-05	1.0
0.0	1.0
0.0	1.0
0.0	1.0
-1.8392962374491617e-05	1.0
0.0	0.35294117647058826
0.0	1.0
0.0	1.0
0.0	0.0
0.0	1.0
-6.337470548345436e-09	1.0
-2.1401105186669156e-05	1.0
0.0	1.0
0.0	1.0
0.0	1.0
0.0	1.0
0.0	1.0
-0.0011117509566247463	0.0
0.0	1.0
-0.001393122598528862	0.0
0.0	1.0
0.0	1.0
-0.15074899792671204	0.0
-1.2532365190054406e-06	1.0
0.0	1.0
-0.000651341222692281	1.0
-0.0001553627516841516	1.0
0.0	1.0
-4.660414720802919e-09	1.0
0.0	1.0
0.0	1.0
0.0	0.0
0.0	1.0
0.0	0.8281786941580757
0.0	1.0
-0.00032949497108347714	0.0
-0.0012069155927747488	0.0
0.0	0.0
0.0	1.0
0.0	1.0
0.0	1.0
0.0	1.0
0.0	0.0
0.0	0.0
0.0	0.0
0.0	1.0
0.0	1.0
0.0	1.0
0.0	1.0
0.0	1.0
0.0	0.0
-0.00012827085447497666	0.0
0.0	1.0
0.0	0.0
-2.2186654291544983e-08	0.0
0.0	0.0
-0.0010721461148932576	1.0
-6.239756658033002e-06	1.0
0.0	1.0
0.0	1.0
0.0	1.0
-4.534280950707625e-09	1.0
0.0	1.0
0.0	0.0
0.0	1.0
0.0	0.0
0.0	0.0
-2.5069266107458077e-11	1.0
0.0	0.7654320987654321
-0.00047244527377188206	0.059574468085106386
-0.002613026648759842	0.06292134831460675
-0.0003112683189101517	1.0
0.0	1.0
0.0	1.0
0.0	1.0
-2.101923399777661e-07	1.0
0.0	1.0
0.0	1.0
-1.1790986718551721e-05	0.1582089552238806
0.0	1.0
-0.01456360425800085	0.8
0.0	1.0
0.0	1.0
-3.793060750467703e-05	0.0
0.0	0.07216494845360824
-9.07679122974514e-07	0.0
-0.004440279211848974	0.0
0.0	1.0
0.0	1.0
-6.050877487950856e-08	1.0
0.0	1.0
-0.0006580273620784283	1.0
-0.060836248099803925	0.0
0.0	1.0
0.0	1.0
0.0	1.0
0.0	1.0
0.0	0.0
-0.00026546631124801934	1.0
0.0	1.0
-0.0005845738924108446	1.0
-1.6423222177763819e-06	0.0
0.0	0.0
0.0	0.0
-4.153759800828993e-05	0.0
0.0	0.0
0.0	0.0
0.0	1.0
0.0	1.0
0.0	0.0
0.0	0.0
0.0	1.0
0.0	0.0
-0.04056105017662048	0.0
-2.0279594536987133e-05	0.03125
0.0	0.0
-3.742826361341489e-12	1.0
0.0	1.0
0.0	1.0
0.0	0.0
-0.013387732207775116	0.0
0.0	1.0
0.0	1.0
-2.7350933962111412e-08	1.0
0.0	1.0
0.0	1.0
-9.401701390743256e-06	0.0
-7.371543479794962e-12	1.0
0.0	1.0
-0.0008753399015404284	1.0
0.0	1.0
0.0	1.0
