0.0	1.0
0.0	1.0
0.0	0.0
-1.4037910659681074e-05	1.0
-0.0004745238402392715	0.0
0.0	1.0
0.0	1.0
0.0	0.0
0.0	1.0
0.0	1.0
0.0	1.0
0.0	1.0
0.0	1.0
-1.1009939044015482e-05	1.0
-2.6868005079450086e-05	1.0
0.0	1.0
0.0	0.0
0.0	1.0
-0.001440427266061306	1.0
0.0	1.0
-0.00013416670844890177	1.0
0.0	1.0
-7.962964446051046e-05	0.43171806167400884
0.0	1.0
-7.322483725147322e-05	0.003703703703703704
0.0	1.0
0.0	1.0
-0.0003066453500650823	0.5161290322580645
-0.00042521851719357073	1.0
0.0	1.0
-4.158670890319627e-06	1.0
0.0	0.019867549668874173
0.0	0.0
0.0	1.0
0.0	1.0
0.0	0.6666666666666666
-0.00043586111860349774	1.0
0.0	1.0
0.0	1.0
0.0	1.0
0.0	1.0
-1.994238324823372e-12	1.0
0.0	1.0
-0.003931139130145311	1.0
0.0	1.0
0.0	1.0
-0.00023597133986186236	1.0
0.0	1.0
0.0	0.7272727272727273
0.0	0.1
0.0	1.0
0.0	1.0
-0.00027561577735468745	0.0
0.0	1.0
0.0	1.0
0.0	1.0
0.0	0.0
0.0	0.0
0.0	1.0
-2.326915465866719e-10	1.0
-2.3300883791876892e-11	1.0
-7.351678402330031e-13	0.0
0.0	1.0
-8.76442118169507e-06	0.7894736842105263
0.0	1.0
-7.606761937495321e-05	1.0
-0.006518371403217316	0.0
0.0	1.0
0.0	1.0
-2.0477118596318178e-06	1.0
0.0	0.0
-0.128594771027565	0.0
0.0	1.0
-2.8249159456095185e-08	1.0
-0.0002670059911906719	1.0
0.0	0.044444444444444446
-1.5315799828385934e-07	1.0
-4.5311050911323036e-08	1.0
-0.00030168885132297873	1.0
0.0	1.0
0.0	1.0
0.0	1.0
0.0	0.0
0.0	1.0
0.0	1.0
-3.639192769355759e-08	1.0
0.0	1.0
0.0	1.0
-0.00031581244547851384	0.0
0.0	1.0
-8.475027425447479e-05	1.0
-0.00010986428242176771	1.0
0.0	1.0
0.0	1.0
-0.0001121283057727851	1.0
0.0	0.0
-1.1437948188586233e-07	1.0
-0.0132479602470994	0.0
-8.471865271530987e-07	1.0
0.0	1.0
-6.67143694954575e-06	0.0
-7.418949826387689e-05	1.0
-0.011376766487956047	0.0
0.0	1.0
0.0	1.0
0.0	0.3515981735159817
0.0	1.0
-6.294954346230952e-06	0.0
0.0	1.0
-0.00022901702322997153	0.6077777777777778
0.0	1.0
0.0	0.0
-1.5369968409117973e-08	1.0
-5.551243248191895e-06	1.0
0.0	0.0
0.0	1.0
0.0	1.0
0.0	1.0
0.0	1.0
0.0	1.0
-7.298671789612854e-06	1.0
0.0	0.0
0.0	1.0
-1.7760369246389018e-06	0.003745318352059925
-4.185712398907526e-08	1.0
-0.00021252589067444205	1.0
-0.0011433023028075695	1.0
0.0	1.0
-0.0017736840527504683	0.0
0.0	1.0
0.0	0.0
0.0	1.0
0.0	1.0
0.0	1.0
-0.0006786072626709938	0.009302325581395349
-3.729853255543319e-15	1.0
-0.0004138668591622263	1.0
0.0	1.0
0.0	1.0
0.0	1.0
0.0	1.0
0.0	0.0
-0.0005444715498015285	1.0
0.0	1.0
0.0	1.0
0.0	0.0
0.0	1.0
-3.2631921840220457e-06	1.0
0.0	1.0
-0.0007917129551060498	1.0
-0.00034245470305904746	1.0
-0.017835360020399094	0.0
-0.0014723463682457805	1.0
-0.0053983717225492	0.0
0.0	1.0
-0.014399244450032711	0.0
0.0	1.0
-7.212403943412937e-06	0.0
0.0	1.0
0.0	1.0
0.0	0.0
0.0	1.0
-3.918684342352208e-06	1.0
0.0	0.11437908496732026
0.0	1.0
0.0	0.0
-6.763053761460469e-07	1.0
0.0	1.0
-1.2632519030830736e-08	1.0
0.0	0.3674033149171271
-1.936328999363468e-06	1.0
0.0	1.0
-0.00010172567272093147	1.0
0.0	0.0
0.0	1.0
0.0	0.0
-8.727984823053703e-05	1.0
0.0	1.0
0.0	1.0
-3.608694898460385e-09	0.6986155484558041
0.0	0.016666666666666666
-0.04383278638124466	0.0
0.0	1.0
0.0	1.0
-3.56855962309055e-05	1.0
0.0	1.0
-1.3754469364357647e-05	1.0
0.0	1.0
0.0	1.0
-0.017927587032318115	0.07317073170731707
0.0	1.0
0.0	1.0
-0.0010721059516072273	0.11726384364820847
-2.5525847377139144e-05	1.0
0.0	1.0
-1.7689922443553385e-11	0.0
-5.203579434009953e-08	1.0
-1.747379792504944e-05	0.0
-9.106789633506196e-08	1.0
-1.113547831721462e-08	0.0
0.0	1.0
0.0	1.0
-5.4759355407441035e-05	1.0
0.0	1.0
-1.955264451680705e-06	1.0
0.0	0.0
-0.0006634833407588303	1.0
0.0	0.0
0.0	1.0
0.0	1.0
0.0	1.0
0.0	1.0
-0.0009373247157782316	1.0
0.0	1.0
-0.0005782507359981537	1.0
-9.102137141780986e-07	0.5162162162162162
0.0	1.0
-0.0019739381968975067	1.0
-2.761559881037101e-05	1.0
0.0	1.0
0.0	1.0
0.0	1.0
0.0	1.0
-9.886526822810993e-05	1.0
0.0	0.6703296703296703
0.0	1.0
0.0	1.0
-9.949077139026485e-06	1.0
0.0	1.0
-0.0018305485136806965	1.0
0.0	1.0
0.0	1.0
0.0	1.0
-0.00021177830058149993	1.0
-4.0703707782085985e-06	1.0
0.0	1.0
0.0	1.0
0.0	0.0
0.0	1.0
-0.02111366204917431	0.0
0.0	1.0
0.0	1.0
0.0	1.0
-0.0005132796359248459	0.5
0.0	0.0
0.0	1.0
0.0	1.0
-4.5605207787957625e-07	1.0
0.0	1.0
0.0	1.0
-3.205174289178103e-05	1.0
-2.6378547783589834e-12	1.0
-4.3189953657929436e-07	1.0
-2.674047649975364e-10	1.0
0.0	0.375
-0.0008518316899426281	1.0
0.0	0.05737704918032787
-0.0036637072917073965	0.0
0.0	1.0
-4.9440313887316734e-05	1.0
-3.945811840821989e-05	1.0
-4.964112122252118e-06	1.0
-3.593254120914935e-07	1.0
-5.301758847053861e-06	1.0
0.0	0.0
0.0	1.0
-0.0034436690621078014	0.0
0.0	1.0
-1.375499607547681e-07	1.0
0.0	1.0
0.0	1.0
0.0	1.0
0.0	1.0
0.0	0.8553459119496856
0.0	1.0
0.0	1.0
0.0	1.0
0.0	1.0
0.0	1.0
0.0	1.0
-3.1593657467965386e-07	0.0
0.0	1.0
0.0	0.0
0.0	1.0
0.0	1.0
0.0	1.0
-0.0004006474046036601	1.0
-3.025912337761838e-05	1.0
-0.0002729778934735805	1.0
0.0	0.0
0.0	0.0
0.0	1.0
-0.0009007680928334594	1.0
0.0	0.0
-3.6166904465062544e-05	0.0
0.0	1.0
-8.680113294801117e-10	1.0
0.0	1.0
0.0	1.0
0.0	1.0
0.0	0.0
-3.119130951745319e-06	1.0
0.0	1.0
0.0	1.0
0.0	1.0
0.0	1.0
-1.6877095276868204e-06	1.0
-0.0011553717777132988	1.0
0.0	1.0
0.0	1.0
0.0	1.0
0.0	1.0
0.0	1.0
0.0	1.0
0.0	1.0
-0.0023367227986454964	0.0
0.0	1.0
0.0	1.0
0.0	1.0
0.0	1.0
-3.433135997710224e-09	1.0
-1.1096645721409004e-05	1.0
-0.00041296289418824017	1.0
0.0	1.0
-2.3806403248727293e-07	0.0
0.0	1.0
-0.000678543874528259	1.0
0.0	1.0
-0.00011193907994311303	1.0
0.0	1.0
0.0	1.0
0.0	0.012987012987012988
0.0	1.0
0.0	1.0
-0.0009975096909329295	1.0
0.0	1.0
0.0	1.0
-5.842287919222144e-06	0.0
0.0	0.0
-0.00024117845168802887	1.0
-0.0017964497674256563	1.0
0.0	0.0
-0.017486613243818283	0.0
0.0	1.0
-2.2137946871225722e-05	1.0
0.0	1.0
0.0	1.0
0.0	1.0
0.0	1.0
0.0	0.25
-0.00040021914173848927	0.0
-6.126274820417166e-05	1.0
0.0	1.0
0.0	1.0
0.0	1.0
0.0	0.0
-0.00018454183009453118	1.0
0.0	1.0
-3.572543736535261e-12	1.0
0.0	1.0
0.0	1.0
0.0	1.0
0.0	1.0
-0.0002371797017985955	1.0
-0.000339782185619697	0.0
-0.013510012999176979	0.0
-5.008366770198336e-06	0.0
0.0	0.0
0.0	1.0
-3.9798023863113485e-06	1.0
0.0	1.0
0.0	1.0
-4.781133247888647e-05	1.0
0.0	1.0
0.0	1.0
-4.855920451518614e-06	0.0
0.0	0.0
0.0	1.0
-0.00073920504655689	1.0
0.0	1.0
0.0	1.0
-4.163432095083408e-06	1.0
0.0	1.0
0.0	1.0
0.0	1.0
0.0	1.0
0.0	1.0
0.0	1.0
-0.0011566875036805868	1.0
-8.757090164124293e-09	1.0
-0.00021450880740303546	0.375
-1.0804122752006151e-07	1.0
0.0	1.0
-0.0001227698812726885	1.0
-0.00020843198581133038	1.0
0.0	0.0
0.0	1.0
-0.00026758035528473556	0.0
0.0	0.0
0.0	0.0
-2.913399839599151e-05	0.0
0.0	1.0
0.0	1.0
-1.0719669262471143e-05	0.0
0.0	1.0
0.0	0.0
0.0	0.6097560975609756
-8.312901627505198e-06	0.0
-1.9867022957309466e-11	1.0
0.0	1.0
0.0	1.0
0.0	1.0
-0.00029486475978046656	0.0
0.0	1.0
0.0	1.0
-0.00011832510790554807	1.0
0.0	1.0
0.0	1.0
0.0	0.8148148148148148
-9.981831681216136e-05	1.0
0.0	1.0
0.0	1.0
-1.1563954558369005e-06	1.0
0.0	1.0
0.0	1.0
-1.834610702644568e-05	1.0
0.0	1.0
-1.608932507224381e-05	0.34841628959276016
-8.58593551811282e-09	1.0
0.0	1.0
-3.5757903305011496e-08	0.0
-1.1535672683748999e-07	1.0
-0.0011934777721762657	1.0
-0.00034456109278835356	1.0
-1.271511251843549e-08	1.0
0.0	0.08286252354048965
0.0	1.0
0.0	1.0
0.0	1.0
0.0	1.0
-2.599662991542573e-07	1.0
0.0	0.0
-0.00010904136433964595	1.0
-0.00013076156028546393	1.0
0.0	0.0
0.0	1.0
0.0	1.0
0.0	1.0
0.0	1.0
0.0	0.0
0.0	1.0
-2.9634076781803742e-05	1.0
0.0	0.0
-0.00109367654658854	0.0
0.0	1.0
-3.104128336417489e-05	1.0
-0.015740681439638138	0.0
0.0	0.0
0.0	1.0
0.0	1.0
0.0	0.0
0.0	0.8533333333333334
0.0	1.0
0.0	1.0
0.0	1.0
0.0	1.0
0.0	1.0
-0.0006081222090870142	0.0
0.0	1.0
0.0	1.0
-0.002797537948936224	1.0
0.0	1.0
0.0	0.0
0.0	1.0
-0.0015929198125377297	1.0
0.0	1.0
0.0	0.0
-2.5495947397757845e-07	0.0
0.0	0.4053738317757009
0.0	1.0
0.0	1.0
0.0	1.0
0.0	1.0
0.0	0.0
-0.001120979432016611	0.0
0.0	1.0
-0.0011685292702168226	1.0
0.0	1.0
0.0	1.0
0.0	1.0
-1.663356670178473e-05	1.0
0.0	1.0
0.0	1.0
0.0	0.0
0.0	1.0
0.0	1.0
-0.0002180599985877052	1.0
0.0	1.0
0.0	1.0
-1.0954903700621799e-05	0.015873015873015872
-0.0023501329123973846	0.0
-0.00044120976235717535	1.0
-0.02131672576069832	0.0
0.0	1.0
0.0	1.0
0.0	0.0
0.0	1.0
0.0	1.0
-0.00048528521438129246	1.0
0.0	1.0
0.0	1.0
0.0	0.0
0.0	0.08351409978308026
0.0	1.0
