-0.007018787320703268	0.0
0.0	1.0
0.0	1.0
0.0	1.0
0.0	1.0
0.0	1.0
0.0	0.0
0.0	1.0
-3.31048941006884e-05	1.0
0.0	1.0
0.0	1.0
-1.0906052921200171e-05	0.0
0.0	0.0
0.0	1.0
-8.432330650975928e-05	1.0
0.0	1.0
0.0	1.0
-2.372867584199412e-06	1.0
-6.381977982528042e-06	1.0
-0.00386146642267704	0.0625
0.0	0.0
0.0	1.0
-0.001088241464458406	1.0
-1.7419166397303343e-05	1.0
0.0	1.0
0.0	0.043478260869565216
-3.591324457374867e-06	1.0
-2.6982442946632545e-08	0.0
-0.0005348084378056228	0.0
0.0	1.0
0.0	1.0
-8.687570384217566e-14	1.0
0.0	1.0
-1.1611932748678555e-08	1.0
-0.02049010433256626	0.06976744186046512
-6.401207429007627e-06	1.0
-0.00018090943922288716	1.0
-1.2105411769880448e-05	1.0
-6.94529662723653e-05	0.0449438202247191
0.0	1.0
0.0	1.0
0.0	1.0
-0.0014416808262467384	1.0
0.0	1.0
0.0	0.0
0.0	1.0
0.0	1.0
0.0	1.0
0.0	1.0
0.0	0.0
0.0	1.0
-0.005003043916076422	0.09714285714285714
0.0	1.0
-0.0010835897410288453	1.0
-1.5845068312980715e-11	1.0
-0.0003084376221522689	1.0
-0.0024060315918177366	0.0
-0.00012004681775579229	1.0
-1.1181048648722935e-05	1.0
-0.005420014262199402	0.0
-7.057405354560231e-11	1.0
0.0	1.0
0.0	1.0
0.0	0.0
-0.0024792165495455265	1.0
0.0	0.0
-4.740662404856266e-07	1.0
0.0	1.0
-0.00467983353883028	0.8240740740740741
0.0	1.0
0.0	0.0
0.0	1.0
0.0	1.0
0.0	1.0
-1.4492141417576931e-05	1.0
-0.00020583624427672476	1.0
0.0	0.0
0.0	1.0
0.0	1.0
0.0	1.0
0.0	1.0
-0.000580835563596338	1.0
0.0	0.0
-3.580000111469417e-06	1.0
-2.3947168301674537e-05	1.0
-2.289736187321978e-07	1.0
-0.0002528485201764852	1.0
0.0	1.0
0.0	1.0
0.0	1.0
0.0	1.0
-0.0004180031537543982	1.0
0.0	0.5299785867237687
0.0	1.0
-3.914743444966007e-07	1.0
0.0	0.0
0.0	0.08896797153024912
0.0	1.0
0.0	0.0
0.0	1.0
0.0	1.0
0.0	1.0
0.0	1.0
0.0	1.0
0.0	1.0
0.0	1.0
-0.006615085527300835	0.0
-8.579983390433199e-10	0.0
0.0	1.0
0.0	1.0
-0.00011361124779796228	1.0
0.0	0.0
0.0	0.0060790273556231
0.0	1.0
0.0	1.0
0.0	0.0
-0.0011296354932710528	1.0
0.0	0.038834951456310676
0.0	0.8240740740740741
0.0	1.0
-0.0003618481568992138	1.0
0.0	1.0
-0.005076912697404623	0.0
-0.0005315946764312685	1.0
0.0	1.0
0.0	1.0
0.0	0.0
-0.00142113515175879	1.0
0.0	0.0
0.0	0.0
0.0	1.0
-0.008418964222073555	0.08280254777070063
-1.4032064399316369e-10	1.0
0.0	0.0
-0.0022754420060664415	0.0
0.0	1.0
0.0	1.0
0.0	0.0
0.0	1.0
0.0	0.0
0.0	0.0
0.0	1.0
0.0	0.0
-0.00013095645408611745	1.0
0.0	0.0
-0.0024247763212770224	1.0
-0.0029253028333187103	0.0
0.0	0.0
0.0	1.0
0.0	1.0
0.0	0.0
0.0	1.0
0.0	1.0
-0.01857893355190754	0.006535947712418301
0.0	0.04
0.0	1.0
-7.033626025076956e-05	1.0
-1.464423234640109e-14	1.0
0.0	1.0
-0.0016295406967401505	0.0
0.0	1.0
0.0	1.0
-4.2458266069633765e-11	1.0
-0.0018223485676571727	0.6595744680851063
-3.306358394183917e-06	0.0
0.0	1.0
-1.0460508974574623e-06	0.26737967914438504
0.0	1.0
0.0	1.0
0.0	0.0
0.0	1.0
0.0	1.0
0.0	1.0
-0.0014546536840498447	0.0
0.0	1.0
-0.009643026627600193	0.0
0.0	1.0
-0.004520829766988754	1.0
0.0	0.018518518518518517
0.0	1.0
-0.0020783368963748217	1.0
0.0	1.0
0.0	1.0
-6.38540368527174e-05	1.0
-3.082149202526807e-09	1.0
0.0	1.0
0.0	1.0
-1.072143732017139e-05	1.0
0.0	1.0
-0.008326058275997639	0.0
0.0	1.0
-7.579185330541804e-05	1.0
0.0	1.0
0.0	1.0
0.0	1.0
-0.003903001081198454	0.0
0.0	0.09936305732484077
0.0	0.0
-0.05021829903125763	0.0
0.0	1.0
0.0	1.0
0.0	1.0
-0.0007139509543776512	1.0
0.0	1.0
0.0	0.0
0.0	1.0
0.0	1.0
-0.01902434043586254	0.0
-0.000545884482562542	1.0
-8.35365426610224e-06	0.6101694915254238
0.0	0.0
-0.00019873563724104315	1.0
0.0	1.0
-5.806834087707102e-05	1.0
-9.711116035759915e-06	1.0
0.0	1.0
0.0	1.0
-0.000739244045689702	1.0
0.0	1.0
0.0	0.0
0.0	1.0
-2.1897354599786922e-05	1.0
0.0	1.0
-0.0002194724656874314	1.0
0.0	0.010958904109589041
-1.1901095604116563e-05	1.0
0.0	1.0
0.0	0.0
0.0	1.0
-0.0006024391041137278	0.015822784810126583
-1.1409324179867397e-10	1.0
0.0	1.0
-0.011203454807400703	0.0
0.0	1.0
-0.0004808795638382435	1.0
0.0	0.0
0.0	1.0
-0.00018825044389814138	0.24376731301939059
0.0	1.0
0.0	1.0
-0.00010491881403140724	1.0
-2.4392239339476873e-09	0.0
0.0	1.0
0.0	1.0
0.0	0.0
0.0	1.0
0.0	1.0
-3.0114242690615356e-05	0.0
0.0	1.0
-0.0003583625075407326	1.0
-4.3050396925536916e-05	1.0
0.0	0.8109339407744874
-0.0003021343145519495	1.0
-0.0007727703195996583	1.0
0.0	1.0
0.0	1.0
0.0	0.0
-0.0002627602079883218	1.0
0.0	1.0
-2.0751231843973983e-08	1.0
0.0	1.0
-2.5651111443258934e-11	1.0
-8.834257769763099e-10	1.0
-0.0005084791337139904	1.0
0.0	1.0
0.0	0.0
0.0	1.0
0.0	1.0
0.0	0.13350785340314136
0.0	1.0
0.0	1.0
-0.0002900312829297036	0.11221122112211221
0.0	1.0
0.0	1.0
-1.1194907223455175e-08	1.0
-7.37433074391447e-05	1.0
0.0	1.0
0.0	1.0
0.0	0.761986301369863
-0.00020897077047266066	0.0
-0.001664492185227573	0.0
-0.000484191783471033	0.0
-7.433051450789208e-06	1.0
-7.656928573851474e-06	1.0
0.0	0.0
0.0	1.0
-4.964893378200941e-06	1.0
0.0	1.0
-1.4774334886169527e-05	1.0
0.0	0.0
0.0	1.0
0.0	1.0
0.0	1.0
0.0	1.0
0.0	1.0
0.0	1.0
0.0	1.0
-8.878497465047985e-05	1.0
0.0	0.0
-1.865345984697342e-05	1.0
0.0	1.0
-0.0002801501250360161	1.0
0.0	1.0
-1.3882554231615246e-13	0.0
-0.004467843100428581	1.0
-0.00012228882405906916	1.0
0.0	0.10714285714285714
0.0	0.0
-6.15022872807458e-05	0.0
-0.0016698859399184585	1.0
0.0	1.0
0.0	1.0
0.0	1.0
0.0	1.0
0.0	1.0
0.0	1.0
-4.054931324048994e-08	1.0
0.0	1.0
0.0	1.0
-2.494309114808857e-07	1.0
0.0	1.0
-0.0006037686835043132	1.0
0.0	1.0
0.0	1.0
0.0	1.0
0.0	1.0
0.0	0.011904761904761904
-7.790978997945786e-06	1.0
-3.166037231494556e-06	1.0
0.0	0.09815950920245399
0.0	1.0
0.0	1.0
0.0	1.0
-0.006396979559212923	0.0
-0.00021766495774500072	1.0
-1.098282609746093e-05	0.04316546762589928
0.0	0.024344569288389514
-3.021792508661747e-05	0.07389162561576355
0.0	0.05325443786982249
0.0	1.0
0.0	1.0
0.0	1.0
0.0	0.0
0.0	1.0
-1.8034757687246383e-08	1.0
-0.002039937535300851	1.0
0.0	1.0
0.0	1.0
0.0	0.0165016501650165
-1.861173576367392e-10	1.0
0.0	0.0
-0.04078856110572815	0.0
0.0	0.0
0.0	1.0
0.0	1.0
-8.377814083360136e-05	1.0
-6.373718406393891e-07	1.0
-0.019541233777999878	0.0
-0.00023737344599794596	1.0
0.0	0.0
-7.911945431260392e-06	1.0
0.0	1.0
-1.245359999302309e-05	1.0
0.0	1.0
0.0	1.0
0.0	1.0
0.0	1.0
-7.198315142886713e-05	0.0
-0.0015223639784380794	0.0
0.0	1.0
-5.137831249157898e-05	1.0
0.0	1.0
-4.728021849587094e-06	1.0
0.0	1.0
0.0	0.050724637681159424
0.0	1.0
0.0	1.0
0.0	1.0
-8.077483471424785e-06	0.0
0.0	1.0
0.0	0.6830601092896175
0.0	1.0
0.0	1.0
0.0	1.0
-7.274604740814539e-07	1.0
-0.000497613160405308	1.0
0.0	0.05555555555555555
0.0	1.0
-3.0857943784212694e-05	1.0
0.0	0.0
0.0	1.0
-1.691748394705428e-07	1.0
0.0	0.0
-1.4559591363649815e-06	1.0
0.0	1.0
0.0	0.0
0.0	1.0
0.0	0.0
-0.00018964904302265495	1.0
0.0	0.0
0.0	1.0
-0.032949719578027725	0.0
-0.00011911016918020323	1.0
-0.00038868081173859537	1.0
0.0	1.0
0.0	1.0
0.0	0.0
-0.00020352346473373473	1.0
0.0	1.0
0.0	1.0
0.0	1.0
-2.290054901266103e-08	1.0
-0.00475549791008234	0.0
-2.494627915439196e-05	1.0
0.0	1.0
0.0	1.0
0.0	0.0
0.0	0.0
0.0	1.0
0.0	1.0
0.0	1.0
0.0	1.0
-3.117100959570962e-07	1.0
0.0	1.0
-1.469439609991241e-07	1.0
0.0	1.0
0.0	1.0
-5.912158667342737e-05	1.0
0.0	1.0
0.0	0.0
0.0	1.0
-0.0002833380422089249	1.0
0.0	1.0
0.0	1.0
-0.0006443727761507034	1.0
0.0	1.0
0.0	1.0
0.0	1.0
0.0	1.0
0.0	0.0
0.0	1.0
-0.12162614613771439	0.0
0.0	0.07142857142857142
0.0	1.0
0.0	1.0
0.0	1.0
0.0	1.0
0.0	1.0
0.0	1.0
-0.0010401116451248527	1.0
0.0	1.0
-0.015389755368232727	0.0
0.0	1.0
0.0	1.0
0.0	1.0
0.0	0.0
0.0	0.0
0.0	1.0
0.0	1.0
0.0	1.0
-0.0002366642584092915	1.0
-4.152737995057748e-13	1.0
0.0	0.8938775510204081
0.0	0.7572815533980582
0.0	0.0
0.0	1.0
0.0	0.08781869688385269
0.0	0.0
0.0	1.0
0.0	1.0
0.0	1.0
-0.0012445930624380708	1.0
0.0	1.0
-1.685823747266113e-07	0.0
0.0	1.0
-6.152066634967923e-05	0.0
0.0	1.0
0.0	1.0
0.0	1.0
0.0	1.0
0.0	1.0
-4.7509547584922984e-05	0.0
0.0	1.0
0.0	1.0
0.0	1.0
0.0	1.0
-3.28269061355968e-06	1.0
0.0	0.0
-7.646978338016197e-05	1.0
-0.0012406406458467245	1.0
-0.0013550155563279986	1.0
-3.552224736580456e-09	1.0
-5.073143711342709e-06	1.0
0.0	0.2955390334572491
-3.002328385903752e-10	1.0
0.0	1.0
0.0	1.0
0.0	1.0
0.0	0.0
0.0	1.0
-0.00010628725431161001	1.0
0.0	0.07534246575342465
-3.3488167900941335e-06	1.0
0.0	1.0
0.0	1.0
-0.0013612216571345925	1.0
-0.0010703456355258822	0.0641025641025641
0.0	1.0
0.0	1.0
0.0	1.0
0.0	1.0
0.0	1.0
-0.0009081029566004872	1.0
-1.4977737938792757e-09	1.0
0.0	1.0
0.0	0.0
0.0	1.0
-0.00014792107685934752	1.0
0.0	0.0
0.0	1.0
-2.223272531409748e-06	1.0
0.0	0.0
0.0	1.0
-0.00013892387505620718	1.0
-1.1460142557151443e-10	0.18956043956043955
0.0	1.0
0.0	1.0
0.0	1.0
0.0	0.0
0.0	1.0
-1.7959692968361196e-06	0.0
0.0	1.0
0.0	1.0
0.0	1.0
0.0	0.0
-0.0005424427799880505	0.0
0.0	1.0
0.0	1.0
-4.832902777707204e-05	1.0
0.0	1.0
0.0	0.468013468013468
0.0	0.8240740740740741
-1.028430574478989e-06	1.0
0.0	1.0
-1.4353349797602277e-07	1.0
-6.633805327282971e-08	1.0
-0.0003873975365422666	1.0
0.0	0.030927835051546393
0.0	1.0
-5.726556537410943e-06	0.002403846153846154
0.0	1.0
0.0	1.0
-0.00017488014418631792	0.0
