-0.0002722300123423338	1.0
0.0	1.0
0.0	1.0
0.0	1.0
-4.8407906433567405e-05	1.0
0.0	0.0
-4.3124124204041436e-05	1.0
-9.207564062307938e-07	1.0
0.0	1.0
0.0	1.0
0.0	1.0
0.0	1.0
0.0	0.0
0.0	1.0
0.0	0.0
0.0	1.0
0.0	0.0
-3.2936443403741578e-06	1.0
0.0	0.0
0.0	1.0
-0.00021394742361735553	1.0
-0.0006938295555301011	1.0
0.0	1.0
-0.01002886239439249	0.0
-0.00035583527642302215	0.0
-0.00039874843787401915	1.0
-0.00017553649377077818	1.0
0.0	1.0
-3.5627388569992036e-05	1.0
-0.0001867467217380181	1.0
-0.00031860449234955013	0.0
0.0	1.0
-1.0820059287652839e-05	1.0
-6.190676860029498e-09	1.0
0.0	1.0
-1.7647558969713373e-09	1.0
0.0	1.0
0.0	1.0
0.0	1.0
0.0	1.0
0.0	1.0
-3.387021934031509e-05	0.0
-2.717883660352527e-07	1.0
0.0	0.0027247956403269754
0.0	1.0
0.0	1.0
-7.28060767869465e-05	0.42950819672131146
0.0	1.0
0.0	1.0
-1.662784143263707e-06	1.0
-0.00023735511058475822	1.0
-2.6162048527567094e-08	1.0
0.0	0.0
0.0	1.0
0.0	0.06885245901639345
-4.770778105012141e-06	1.0
0.0	1.0
-7.622206338320225e-11	0.09954751131221719
-2.916551011367119e-06	1.0
-3.759858913099379e-08	0.0
0.0	1.0
-9.432606930204201e-06	0.0
0.0	1.0
-1.1571610230021179e-05	1.0
-0.012112164869904518	0.0
-3.560278128134087e-05	1.0
0.0	0.0
-0.006635421887040138	0.0
-6.102178667788394e-05	1.0
0.0	1.0
0.0	1.0
0.0	0.18282548476454294
0.0	1.0
0.0	1.0
0.0	1.0
0.0	1.0
-0.0073678926564753056	0.0
0.0	1.0
0.0	0.0
-0.00012261145457159728	0.0
0.0	1.0
0.0	1.0
0.0	1.0
0.0	1.0
0.0	1.0
0.0	0.0
-4.874224032391794e-06	0.0
-0.006521929055452347	0.23529411764705882
0.0	1.0
-0.12779957056045532	0.0
-1.4269427083490882e-05	0.0
-8.473056368529797e-05	0.0
0.0	1.0
0.0	1.0
0.0	1.0
-7.043747245916165e-06	1.0
0.0	1.0
0.0	1.0
0.0	1.0
0.0	1.0
0.0	1.0
0.0	1.0
0.0	1.0
0.0	0.13138686131386862
0.0	1.0
0.0	0.0
-7.728197670076042e-05	1.0
0.0	1.0
0.0	1.0
-1.4768198219883288e-08	1.0
0.0	0.0
0.0	1.0
-3.523302893881919e-08	1.0
0.0	0.14285714285714285
-1.1675353306372926e-07	1.0
0.0	1.0
0.0	1.0
0.0	1.0
0.0	1.0
0.0	1.0
0.0	0.0
0.0	1.0
0.0	0.024390243902439025
0.0	1.0
0.0	1.0
0.0	1.0
-9.232682714355178e-06	0.0
-0.0002995275426656008	1.0
0.0	1.0
0.0	0.0
0.0	0.011627906976744186
-0.030660884454846382	0.0
0.0	1.0
-1.1515179920706942e-07	1.0
0.0	1.0
0.0	1.0
0.0	1.0
-3.3733401778590633e-06	0.0
-4.1286213672719896e-05	1.0
0.0	1.0
0.0	0.0
-0.06630361825227737	0.0
-0.0012635100865736604	1.0
0.0	1.0
0.0	1.0
0.0	1.0
-0.0012504147598519921	1.0
0.0	1.0
0.0	0.043478260869565216
-6.831566224718699e-06	1.0
0.0	1.0
-6.575102702299773e-07	1.0
0.0	1.0
0.0	0.4656084656084656
-0.0002342146763112396	1.0
0.0	1.0
-0.00017650699010118842	1.0
-4.0171104842556815e-07	0.09895833333333333
-6.971364928176627e-05	1.0
-0.003337061731144786	0.0
0.0	1.0
0.0	0.1685082872928177
-3.49937412380541e-10	1.0
0.0	1.0
0.0	1.0
0.0	1.0
-1.0444844100732098e-08	1.0
0.0	1.0
0.0	1.0
0.0	1.0
0.0	1.0
-0.013390077278017998	0.0
0.0	1.0
0.0	1.0
0.0	1.0
0.0	1.0
0.0	1.0
-1.7174341337522492e-05	1.0
-3.6816399529016053e-07	0.0
-9.650664287619293e-05	1.0
0.0	1.0
-9.392871680100057e-14	1.0
0.0	1.0
0.0	0.0
-0.0017725329380482435	1.0
0.0	1.0
0.0	0.0
0.0	1.0
0.0	1.0
0.0	1.0
0.0	0.0
-2.102751295751659e-06	1.0
0.0	1.0
-0.00011673277185764164	1.0
-0.00017716808361001313	1.0
0.0	1.0
-0.00018574678688310087	1.0
0.0	1.0
0.0	0.0
0.0	0.004651162790697674
0.0	0.0
-0.005337536800652742	0.0
-9.742270776769146e-06	1.0
0.0	1.0
0.0	0.0
0.0	0.0
-4.439500844455324e-05	1.0
-0.00032775537692941725	0.0
0.0	1.0
0.0	1.0
0.0	1.0
0.0	1.0
-1.4527089660987258e-05	1.0
0.0	1.0
0.0	1.0
-0.0009052957175299525	0.013513513513513514
0.0	1.0
0.0	1.0
0.0	1.0
0.0	0.0
0.0	1.0
0.0	1.0
0.0	1.0
0.0	1.0
-0.0009413465741090477	1.0
0.0	1.0
0.0	1.0
0.0	1.0
0.0	1.0
0.0	0.41625207296849087
0.0	1.0
-3.494714961860268e-09	1.0
0.0	0.0
0.0	1.0
-8.832717867335305e-06	1.0
0.0	1.0
0.0	1.0
0.0	1.0
0.0	1.0
0.0	1.0
0.0	1.0
0.0	1.0
0.0	1.0
0.0	1.0
0.0	1.0
-3.635338543972466e-06	0.0
0.0	1.0
0.0	0.712082262210797
-6.29051433165273e-09	1.0
0.0	1.0
0.0	0.0
0.0	1.0
-0.0002842455869540572	1.0
0.0	1.0
0.0	1.0
-0.00021001033019274473	0.6118143459915611
0.0	0.0
0.0	1.0
0.0	1.0
0.0	1.0
-2.6819010599865578e-05	1.0
-0.0036294979508966208	0.002785515320334262
-0.00016476349264848977	0.010810810810810811
-5.4549342166865245e-05	0.0
0.0	1.0
-0.0006680501974187791	1.0
-2.3457189399778144e-06	0.519280205655527
0.0	0.0
0.0	1.0
0.0	1.0
0.0	0.0
-4.391129948544403e-08	0.44145077720207254
0.0	1.0
0.0	1.0
-1.5608826515745022e-06	0.0
0.0	0.0
-0.010951777920126915	0.0
0.0	1.0
-0.0009210890857502818	1.0
0.0	1.0
-1.5521371096838266e-05	1.0
0.0	1.0
0.0	1.0
0.0	1.0
-0.0060153743252158165	0.0
0.0	0.0
0.0	1.0
-0.0006379387923516333	1.0
0.0	1.0
-0.00047529267612844706	1.0
0.0	1.0
0.0	1.0
-1.0359506177337607e-06	1.0
0.0	1.0
-8.67841299623251e-06	1.0
-0.00029956753132864833	1.0
0.0	1.0
0.0	1.0
0.0	0.05263157894736842
0.0	1.0
-0.0004289169446565211	1.0
0.0	1.0
0.0	1.0
-5.387395418665619e-08	1.0
-1.3851448784407694e-05	1.0
0.0	1.0
-5.673191950938961e-13	0.037209302325581395
-0.04967200383543968	0.0
-1.1511936293118197e-08	1.0
0.0	1.0
-0.0005071133491583169	0.0
0.0	1.0
-0.0002526655443944037	0.0
0.0	1.0
0.0	1.0
0.0	1.0
0.0	1.0
-4.752271252073115e-06	1.0
-2.2616384285356617e-06	1.0
0.0	1.0
-1.4445423630604637e-06	1.0
0.0	0.0
0.0	1.0
0.0	1.0
-2.9397668299679935e-07	1.0
0.0	1.0
0.0	0.0
0.0	1.0
-4.439268195710611e-06	0.0
0.0	1.0
0.0	0.01084010840108401
-2.5863728296826594e-05	1.0
0.0	1.0
0.0	1.0
-9.882951417239383e-05	0.0
-4.07423431170173e-05	0.08055009823182711
0.0	0.0
-8.14466238807654e-06	1.0
0.0	0.0
-1.0869776900790384e-07	1.0
0.0	1.0
0.0	1.0
0.0	0.0
0.0	1.0
0.0	1.0
0.0	1.0
0.0	1.0
-0.025569381192326546	0.0
0.0	1.0
0.0	1.0
0.0	1.0
0.0	1.0
0.0	1.0
-2.0686651623691432e-05	1.0
-0.04224209859967232	0.06060606060606061
0.0	1.0
0.0	0.6870229007633588
-4.264488495664409e-07	1.0
0.0	1.0
0.0	1.0
0.0	1.0
0.0	0.0
-1.0322399823792239e-08	1.0
0.0	1.0
0.0	1.0
0.0	0.0
-0.003837657393887639	0.0
0.0	1.0
-0.006575129460543394	0.0
-0.015962624922394753	0.0
0.0	1.0
0.0	0.0
-6.143873906694353e-05	1.0
0.0	1.0
0.0	1.0
0.0	0.0
-3.218098572688177e-05	1.0
-4.40175290350453e-06	0.29701230228471004
-0.0033795929048210382	0.0
0.0	1.0
0.0	1.0
0.0	1.0
0.0	1.0
0.0	0.0
0.0	1.0
-0.0005777970654889941	1.0
0.0	1.0
0.0	1.0
-0.00029931141762062907	1.0
0.0	0.17830882352941177
-3.637950067059137e-05	0.4864864864864865
0.0	1.0
0.0	1.0
-3.6454934161156416e-05	1.0
0.0	0.0
-0.0012322363909333944	1.0
-9.54345341597218e-06	1.0
-0.0005192944081500173	1.0
-3.002108996952302e-06	1.0
-4.277697007637471e-05	1.0
-0.0013810173841193318	0.0
0.0	1.0
0.0	1.0
0.0	1.0
0.0	0.0
0.0	1.0
-5.318180791580307e-12	1.0
-0.00020534957002382725	1.0
0.0	1.0
-0.0021950083319097757	0.0
-8.118288860714529e-06	1.0
0.0	1.0
-0.00017600560386199504	1.0
0.0	1.0
0.0	1.0
0.0	1.0
0.0	1.0
0.0	1.0
0.0	1.0
-0.00027688563568517566	1.0
0.0	0.00847457627118644
0.0	0.10077519379844961
0.0	1.0
0.0	1.0
0.0	1.0
0.0	1.0
-1.004866930998105e-06	1.0
-8.67288179051684e-07	1.0
0.0	1.0
0.0	1.0
0.0	0.0
0.0	1.0
-4.644643354367872e-07	1.0
-0.021785534918308258	0.0
0.0	1.0
0.0	1.0
0.0	1.0
0.0	1.0
-0.04991352558135986	0.0
-1.2242243663251884e-08	0.26842105263157895
-0.0005756204482167959	1.0
-0.00022783331223763525	1.0
-9.850444257608615e-06	0.0
0.0	0.0
0.0	1.0
-1.3697734857487376e-06	1.0
0.0	1.0
0.0	1.0
-3.510415626806207e-05	0.0
-0.00046969344839453697	0.0
0.0	0.0053475935828877
0.0	0.0
0.0	1.0
0.0	1.0
0.0	0.0
0.0	1.0
0.0	1.0
0.0	1.0
-0.0015484998002648354	1.0
0.0	1.0
-0.00017559273692313582	0.0
0.0	1.0
-3.3174542295455467e-06	1.0
0.0	1.0
0.0	1.0
-3.271938840043731e-05	1.0
0.0	0.0
-1.8739255980282365e-10	1.0
0.0	1.0
-0.00035222581936977804	1.0
0.0	0.0
0.0	0.0
-1.1889392226294149e-07	1.0
0.0	1.0
-5.798436632176163e-06	1.0
-1.980440345050738e-08	1.0
0.0	1.0
0.0	0.0
0.0	1.0
-0.0219452865421772	0.0
0.0	0.06666666666666667
0.0	0.0
0.0	1.0
0.0	1.0
0.0	1.0
0.0	0.009009009009009009
0.0	1.0
0.0	1.0
0.0	1.0
0.0	1.0
-0.003565328661352396	0.0
0.0	1.0
0.0	1.0
-0.00026334557333029807	1.0
0.0	1.0
-6.758095878467429e-07	1.0
0.0	1.0
0.0	0.0
-3.3687643735902384e-05	1.0
-0.0002663878840394318	0.0
0.0	1.0
-0.0003813687653746456	1.0
0.0	0.0
-0.012517902068793774	0.8461538461538461
0.0	1.0
0.0	1.0
0.0	1.0
0.0	1.0
-1.8741251551546156e-05	1.0
0.0	1.0
-1.976959177960036e-13	1.0
0.0	0.10227272727272728
0.0	1.0
-0.008834767155349255	0.0
0.0	1.0
-0.0006109041860327125	1.0
-7.557359640486538e-05	0.0
0.0	1.0
0.0	0.0
0.0	1.0
0.0	1.0
0.0	1.0
0.0	0.3
0.0	1.0
0.0	1.0
0.0	1.0
0.0	1.0
-9.752351388669922e-07	0.0
-0.0018411418423056602	1.0
-0.00018457994156051427	1.0
-0.0010397162986919284	1.0
-0.0011684257769957185	0.010238907849829351
-5.8895835536532104e-05	1.0
