0.0	1.0
0.0	0.0
-0.00058428302872926	0.0
0.0	1.0
-5.700433689526108e-07	1.0
0.0	1.0
0.0	0.006944444444444444
0.0	0.0
-0.0496353916823864	0.0
0.0	0.0
0.0	1.0
-3.242248425294747e-08	1.0
0.0	1.0
-0.0009940413292497396	0.0
0.0	0.09392265193370165
-0.0005671391845680773	1.0
0.0	1.0
-0.00020626295008696616	0.0
0.0	1.0
0.0	0.0
0.0	1.0
-1.5944577171467245e-05	1.0
0.0	1.0
-7.612549666191626e-07	1.0
-3.306435246486217e-05	1.0
0.0	1.0
0.0	0.0
-0.0031490176916122437	0.05555555555555555
0.0	1.0
-9.458678687224165e-05	0.05
-7.439572073053569e-05	0.0
-1.134357626142446e-05	1.0
0.0	1.0
0.0	0.025210084033613446
-0.0002146625192835927	1.0
0.0	0.5
0.0	1.0
-4.754378096549772e-06	1.0
-3.492789346637437e-07	1.0
0.0	1.0
0.0	0.13043478260869565
0.0	1.0
0.0	1.0
0.0	1.0
-0.0004474337038118392	1.0
-2.020032479777001e-05	1.0
-8.208313033719605e-07	1.0
-4.959637589507793e-09	1.0
-5.005545972380787e-05	1.0
-1.6729329033182694e-08	1.0
0.0	1.0
0.0	0.10909090909090909
0.0	0.7254901960784313
-0.0036266872193664312	0.028205128205128206
-0.0016536248149350286	0.0
0.0	1.0
0.0	1.0
0.0	1.0
-5.691508420113678e-08	1.0
0.0	1.0
-0.0009789534378796816	1.0
0.0	1.0
0.0	1.0
-0.0023182968143373728	0.0
0.0	1.0
-0.027600161731243134	0.0
0.0	1.0
-5.871371104149148e-05	1.0
0.0	1.0
0.0	1.0
0.0	1.0
-7.953967724461108e-06	1.0
0.0	1.0
0.0	1.0
-0.00018523339531384408	1.0
-0.00018184533109888434	1.0
0.0	1.0
0.0	1.0
0.0	1.0
0.0	1.0
-0.0002533835358917713	1.0
-8.065553265623748e-05	1.0
0.0	1.0
0.0	1.0
0.0	0.32
0.0	1.0
0.0	1.0
-9.011292580185515e-12	1.0
-4.141471453972256e-12	1.0
-3.519001620588824e-05	1.0
-3.960738581554324e-07	0.0
0.0	1.0
0.0	1.0
-1.436590900993906e-05	0.18769883351007424
0.0	1.0
0.0	1.0
0.0	1.0
-1.748442809912376e-05	1.0
-0.0043907929211854935	0.0
0.0	1.0
0.0	1.0
0.0	0.0
0.0	1.0
-0.00044282927410677075	0.0
0.0	1.0
0.0	1.0
-0.09840226173400879	0.0
0.0	1.0
0.0	1.0
-0.0011640479788184166	1.0
-0.0002654460840858519	0.0
0.0	1.0
0.0	1.0
-4.112073384021642e-06	1.0
-2.967406771858805e-06	1.0
0.0	1.0
0.0	1.0
-0.00010956304322462529	1.0
0.0	1.0
0.0	1.0
0.0	1.0
-1.6617809706076514e-06	1.0
-0.00028431371902115643	1.0
0.0	0.687012987012987
-1.6948153813700628e-07	0.0
0.0	1.0
0.0	1.0
-1.5676176872148062e-06	1.0
-1.9224703464715276e-06	1.0
0.0	1.0
0.0	1.0
0.0	1.0
0.0	1.0
0.0	1.0
0.0	0.0
0.0	1.0
0.0	1.0
-2.173435177610372e-06	1.0
-1.1572601384124415e-11	1.0
-0.0048840781673789024	0.0047169811320754715
0.0	1.0
-0.00010947987902909517	0.0
-8.861315450303664e-07	1.0
0.0	1.0
0.0	1.0
0.0	0.0
-3.384218143764883e-05	0.0
0.0	1.0
0.0	1.0
0.0	1.0
0.0	0.0
0.0	1.0
0.0	1.0
0.0	1.0
0.0	1.0
0.0	0.0
0.0	1.0
0.0	0.0
0.0	0.2902208201892745
0.0	1.0
0.0	1.0
0.0	1.0
-2.350946124352049e-05	0.10425531914893617
-2.2574546398868023e-10	0.0
0.0	1.0
-9.767596930032596e-05	1.0
0.0	1.0
0.0	0.0
-2.255177200538583e-08	0.0
-2.6718222216004506e-05	1.0
0.0	1.0
0.0	1.0
0.0	1.0
0.0	1.0
-0.0005691160331480205	1.0
0.0	1.0
0.0	0.0
-1.7114251349426013e-08	1.0
-1.203591324383524e-07	0.0
0.0	1.0
0.0	0.0
-0.0008092574425972998	1.0
-0.0004851344274356961	1.0
0.0	1.0
-3.918393048723233e-15	1.0
0.0	1.0
0.0	0.0
0.0	0.0
0.0	1.0
0.0	0.051407588739290085
0.0	1.0
0.0	1.0
0.0	1.0
-1.8891586961444773e-08	0.0
-3.578210817067884e-05	1.0
0.0	1.0
0.0	1.0
0.0	1.0
0.0	1.0
0.0	1.0
0.0	1.0
-9.285535270464607e-06	1.0
-0.042849887162446976	0.0
0.0	1.0
0.0	1.0
-0.007095322944223881	0.0
0.0	1.0
0.0	0.0
-4.550508310785517e-05	1.0
0.0	1.0
0.0	1.0
0.0	1.0
0.0	1.0
-1.37446134473862e-08	1.0
0.0	1.0
0.0	1.0
-0.0004298255080357194	1.0
0.0	1.0
0.0	1.0
0.0	0.009174311926605505
-6.919553561601788e-05	1.0
0.0	0.2913907284768212
0.0	1.0
0.0	1.0
-0.0003141699999105185	1.0
-7.142480899346992e-05	0.0
0.0	1.0
0.0	1.0
0.0	1.0
0.0	1.0
0.0	0.006622516556291391
0.0	1.0
0.0	1.0
-0.0006705214618705213	0.014388489208633094
-0.0005657415604218841	0.0
0.0	1.0
0.0	0.0
-6.839559887339419e-07	1.0
0.0	1.0
-0.00014896444918122143	1.0
0.0	1.0
-1.4583335428142163e-07	1.0
0.0	0.42406542056074764
0.0	1.0
0.0	1.0
0.0	1.0
-0.0016811934765428305	0.0169971671388102
-2.454949753882829e-05	1.0
0.0	1.0
0.0	1.0
0.0	1.0
0.0	1.0
-0.0077183921821415424	0.0
0.0	1.0
0.0	1.0
0.0	1.0
0.0	1.0
-1.1196491414011689e-06	1.0
0.0	1.0
-5.975118710921379e-06	0.014814814814814815
0.0	0.0
0.0	1.0
0.0	0.352
-6.709211519684288e-10	0.0
0.0	1.0
0.0	1.0
0.0	1.0
0.0	0.0
-0.00018806196749210358	1.0
0.0	0.0
-9.214538465585065e-08	1.0
0.0	0.2
0.0	0.0
-6.249386206036434e-05	1.0
0.0	1.0
0.0	1.0
0.0	1.0
-9.70307070247145e-08	1.0
0.0	0.527
0.0	1.0
0.0	0.0
0.0	0.0
0.0	1.0
0.0	0.0
-1.4354501217894722e-05	1.0
0.0	1.0
0.0	1.0
-0.042121462523937225	0.0
-0.00012319363304413855	0.7421052631578947
0.0	0.0
0.0	1.0
0.0	0.0
0.0	1.0
0.0	0.0
0.0	1.0
0.0	0.07692307692307693
0.0	1.0
-0.0012119599850848317	1.0
0.0	1.0
0.0	1.0
-8.182361739272892e-07	1.0
0.0	0.0
0.0	1.0
0.0	0.012422360248447204
-0.0020368266850709915	1.0
0.0	1.0
0.0	0.0
-0.007073113229125738	0.0
0.0	1.0
0.0	0.0
0.0	0.2826086956521739
0.0	1.0
0.0	1.0
0.0	1.0
-1.9264870254609434e-10	1.0
-0.0011220129672437906	0.0
0.0	1.0
0.0	1.0
0.0	1.0
-0.007624103222042322	1.0
0.0	1.0
-0.0003934449050575495	1.0
0.0	1.0
0.0	1.0
-0.0013733534142374992	1.0
-6.613237019337248e-06	1.0
-1.3428887541522272e-05	1.0
-0.00025428106891922653	1.0
-8.897034220467503e-09	1.0
0.0	1.0
0.0	0.2987012987012987
0.0	1.0
-7.480001841031481e-06	1.0
-1.4983325691275695e-10	1.0
-0.004408412612974644	0.0
0.0	1.0
0.0	1.0
0.0	1.0
0.0	0.8320251177394035
0.0	1.0
-1.7551481050759321e-06	1.0
0.0	1.0
-0.00048247392987832427	1.0
0.0	1.0
0.0	1.0
0.0	0.0
-4.983055987395346e-06	0.0
-0.002233498962596059	1.0
0.0	1.0
0.0	1.0
0.0	0.0
-4.991372043150477e-05	1.0
0.0	1.0
0.0	1.0
0.0	1.0
-4.341359726822702e-06	1.0
0.0	1.0
0.0	1.0
-0.01306728832423687	0.0
-0.014560193754732609	0.02
0.0	1.0
-0.036761973053216934	0.0
-1.5203602821145523e-09	1.0
0.0	1.0
0.0	1.0
0.0	1.0
0.0	1.0
0.0	0.0221606648199446
-0.00012094371049897745	0.0
-4.9828463488665875e-06	1.0
0.0	1.0
-6.242256495170295e-05	1.0
0.0	1.0
-0.001441221684217453	1.0
0.0	0.0
0.0	0.011049723756906077
0.0	1.0
0.0	1.0
0.0	0.0125
0.0	1.0
0.0	1.0
0.0	1.0
0.0	1.0
0.0	1.0
0.0	1.0
-0.0001283465389860794	1.0
0.0	0.0
0.0	1.0
0.0	0.0
0.0	1.0
0.0	1.0
-8.440574674750678e-06	0.030612244897959183
-2.4707401280466e-07	0.0
0.0	1.0
0.0	1.0
-7.40912173569086e-06	0.0
-0.0001381441397825256	0.7612903225806451
-1.2780630640918389e-05	1.0
-0.005130793433636427	0.0
0.0	1.0
0.0	1.0
0.0	1.0
0.0	1.0
-6.879842840135098e-05	1.0
0.0	0.0
0.0	1.0
0.0	0.0
-0.02118634060025215	0.0
0.0	0.14285714285714285
0.0	1.0
0.0	1.0
0.0	1.0
-0.0007020339253358543	1.0
-1.9059395981457783e-06	0.0
-6.927419235580601e-06	1.0
-5.62930097203207e-07	1.0
0.0	1.0
0.0	1.0
0.0	0.48484848484848486
0.0	1.0
-1.530705588947967e-07	1.0
0.0	1.0
0.0	0.0
0.0	1.0
0.0	1.0
0.0	1.0
0.0	1.0
-4.049860581289977e-05	0.0
0.0	1.0
-4.642508429242298e-06	1.0
0.0	1.0
-7.078657745296368e-06	0.9047619047619048
0.0	1.0
0.0	1.0
0.0	1.0
-1.9147973944200203e-06	1.0
-0.00021356598881538957	0.42637362637362636
-0.004939773585647345	0.0
0.0	1.0
0.0	1.0
-1.1448173609096557e-06	1.0
0.0	1.0
0.0	1.0
-4.3147916585439816e-05	1.0
-0.0016356052365154028	1.0
0.0	1.0
-2.7689266062225215e-05	1.0
0.0	0.06296296296296296
0.0	1.0
0.0	1.0
-0.0007472937577404082	0.0
0.0	0.06629834254143646
0.0	1.0
-7.089681457728148e-05	1.0
0.0	1.0
0.0	1.0
0.0	1.0
-0.00014321235357783735	0.08875739644970414
-0.000544009089935571	0.0
-0.0016705038724467158	1.0
0.0	1.0
0.0	1.0
-3.510993451527611e-08	0.0
0.0	1.0
0.0	1.0
-0.00018855812959372997	1.0
0.0	1.0
0.0	0.0
0.0	1.0
0.0	1.0
0.0	1.0
0.0	1.0
0.0	1.0
-8.167988880813937e-07	1.0
0.0	1.0
0.0	0.0
-4.679196052848056e-08	1.0
-0.0007349186344072223	0.0
-1.1901010843473614e-08	0.0
-6.947230346554534e-09	1.0
0.0	1.0
-0.00010871807171497494	1.0
0.0	1.0
-1.6786078820343886e-14	1.0
0.0	1.0
-2.633751819303143e-06	1.0
-7.424139170097988e-08	1.0
0.0	1.0
0.0	1.0
0.0	0.07142857142857142
0.0	0.020905923344947737
0.0	1.0
-1.0146666795662895e-07	1.0
0.0	1.0
-0.00010493457375559956	1.0
-2.2534923971306853e-07	1.0
0.0	1.0
-0.0050903004594147205	0.0
0.0	1.0
0.0	1.0
0.0	1.0
0.0	1.0
-0.00026954003260470927	1.0
0.0	0.0
0.0	0.3235294117647059
0.0	1.0
-7.773006655042991e-05	1.0
0.0	1.0
-0.0010539651848375797	1.0
0.0	1.0
-2.5489421204838436e-06	0.010526315789473684
0.0	1.0
-0.07984676957130432	0.0
0.0	1.0
0.0	0.0
0.0	1.0
