-1.32654122353415e-05	1.0
0.0	1.0
0.0	0.0
0.0	0.0
0.0	1.0
0.0	1.0
-2.495319506579108e-10	1.0
0.0	1.0
0.0	1.0
-3.3123642424470745e-06	0.0
0.0	1.0
-6.810208105889615e-06	1.0
0.0	1.0
-0.00017849904543254524	1.0
0.0	1.0
-7.735091571703379e-07	0.0
-2.03357762984524e-06	1.0
-0.005711391568183899	0.0
0.0	1.0
0.0	1.0
0.0	1.0
-0.0024402274284511805	1.0
0.0	1.0
0.0	0.0
-0.004113728646188974	0.15508021390374332
-4.7136086323007476e-06	1.0
0.0	1.0
0.0	1.0
0.0	1.0
0.0	1.0
-5.3808045777259395e-05	1.0
0.0	1.0
0.0	1.0
0.0	1.0
0.0	1.0
0.0	1.0
0.0	0.0
-5.418865839601494e-06	1.0
0.0	0.0
0.0	1.0
0.0	1.0
0.0	1.0
0.0	1.0
0.0	1.0
0.0	0.0
0.0	1.0
-0.0003735139034688473	1.0
0.0	1.0
0.0	1.0
-4.473557500595015e-15	0.0
-0.009440962225198746	0.10606060606060606
-0.00026852593873627484	1.0
-2.981219040520955e-05	1.0
-4.694549716077745e-05	1.0
-1.154596361629956e-06	0.0
0.0	1.0
0.0	1.0
0.0	1.0
0.0	1.0
0.0	0.0
-4.243477451382205e-05	1.0
0.0	1.0
0.0	1.0
0.0	1.0
0.0	1.0
-1.110590304165271e-07	1.0
0.0	1.0
0.0	1.0
0.0	1.0
-4.668880865210667e-05	1.0
-3.202463631168939e-05	1.0
0.0	0.0
-0.00031779808341525495	1.0
-0.0030539429280906916	1.0
0.0	1.0
0.0	0.0
-7.022625823083217e-07	1.0
0.0	1.0
-0.009242307394742966	0.0
-0.00026836106553673744	1.0
0.0	1.0
-0.00024123795446939766	1.0
0.0	1.0
-0.001379622844979167	0.0064516129032258064
-0.0002893740893341601	1.0
0.0	1.0
-8.776232363061354e-08	1.0
-0.03295985981822014	0.0
0.0	1.0
-0.00011100135452579707	1.0
-2.450145508703372e-08	1.0
-4.045458263135515e-05	0.0
0.0	0.0
0.0	1.0
0.0	1.0
0.0	0.20476190476190476
-2.3297270672628656e-05	0.05405405405405406
0.0	1.0
0.0	1.0
-1.5159886679327883e-09	1.0
0.0	0.0
0.0	1.0
-3.106742383351957e-07	1.0
0.0	0.0
-2.1336315114695026e-07	1.0
0.0	1.0
-0.0002060425467789173	1.0
-4.62542675450095e-06	1.0
-3.139327964163385e-05	0.0
0.0	1.0
0.0	1.0
-0.001096548279747367	1.0
0.0	0.6817204301075269
0.0	1.0
-0.00012727802095469087	1.0
-0.00019478396279737353	1.0
0.0	0.0
0.0	1.0
0.0	1.0
0.0	1.0
-3.2252735309157288e-06	0.3220338983050847
0.0	1.0
0.0	1.0
-3.947824734495953e-05	0.0
0.0	0.0
-0.0012934361584484577	1.0
0.0	0.0
0.0	1.0
0.0	0.016666666666666666
0.0	0.2727272727272727
-0.008162577636539936	0.0
0.0	0.0
0.0	1.0
0.0	1.0
-0.0004980243393220007	1.0
-8.523408905602992e-05	1.0
0.0	0.0
0.0	1.0
0.0	1.0
0.0	0.0
-0.009071946144104004	0.0
0.0	1.0
0.0	1.0
0.0	0.0
0.0	1.0
-4.3834136320697326e-09	1.0
0.0	1.0
0.0	1.0
0.0	1.0
-0.008930178359150887	0.0
-4.232263677295123e-07	1.0
-0.0011051840847358108	0.16363636363636364
-0.0007107394631020725	1.0
-1.0870699185261401e-07	1.0
-0.0017454742919653654	0.09395973154362416
-0.0009935013949871063	0.0
0.0	1.0
-0.0001090083533199504	1.0
0.0	0.1581196581196581
-0.0002608334762044251	1.0
0.0	1.0
0.0	1.0
0.0	1.0
0.0	1.0
0.0	1.0
-1.2556286492326763e-05	1.0
-0.00033842120319604874	1.0
0.0	0.0
-0.00023304778733290732	1.0
-0.0013317472767084837	1.0
0.0	1.0
0.0	1.0
-3.2037710298027378e-06	0.0
0.0	1.0
-0.06974781304597855	0.0
0.0	0.0
-3.2790856607789465e-07	1.0
0.0	1.0
-7.594491762574762e-06	1.0
0.0	1.0
0.0	1.0
-0.025263287127017975	0.0
-5.590870841842843e-06	1.0
0.0	1.0
0.0	1.0
0.0	1.0
-9.903239515551832e-06	1.0
0.0	1.0
-0.0013534629251807928	1.0
-3.406432256269909e-07	1.0
0.0	1.0
0.0	1.0
-0.0034169796854257584	0.0
0.0	0.0
0.0	0.0
0.0	1.0
0.0	1.0
-2.356634176692296e-08	1.0
0.0	0.03636363636363636
0.0	1.0
0.0	1.0
0.0	1.0
-0.02346981130540371	0.0
0.0	1.0
-0.00034977300674654543	1.0
-8.6012645624578e-05	1.0
0.0	1.0
-7.171096513047814e-05	1.0
0.0	1.0
0.0	1.0
-0.00013801718887407333	1.0
-7.388088761217659e-06	1.0
0.0	1.0
0.0	1.0
0.0	1.0
0.0	1.0
-4.0579735127721506e-07	0.0
-5.259126282908255e-06	1.0
-1.584590108905104e-06	1.0
0.0	1.0
-2.0767146682865167e-12	1.0
0.0	1.0
-2.4741219021962024e-05	1.0
-1.0326550378692012e-11	1.0
-4.20806827605702e-05	1.0
0.0	1.0
-8.431087189819664e-05	0.0
0.0	1.0
0.0	1.0
0.0	1.0
-9.062876529242203e-07	1.0
0.0	1.0
0.0	1.0
0.0	1.0
0.0	1.0
-0.0011393185704946518	1.0
0.0	1.0
0.0	1.0
0.0	1.0
0.0	1.0
-0.015919789671897888	0.0
-0.0010883824434131384	1.0
-1.3778504379113876e-11	1.0
0.0	1.0
0.0	0.6514285714285715
-7.84575313446112e-05	1.0
0.0	1.0
0.0	1.0
0.0	1.0
0.0	0.4834558823529412
0.0	1.0
0.0	1.0
-0.0011739494511857629	0.01694915254237288
0.0	0.0
-0.00014553091023117304	1.0
0.0	1.0
-0.07601279765367508	0.0
-0.0013341591693460941	0.0
0.0	0.0
0.0	1.0
0.0	1.0
-0.0003553561109583825	1.0
-0.008328746072947979	0.0
-1.1441668902989477e-05	1.0
0.0	1.0
0.0	1.0
0.0	1.0
-1.3552287327911472e-06	0.0
0.0	1.0
-8.156827675520617e-07	0.2014519056261343
0.0	1.0
-1.0704044761666864e-08	0.0
-0.0017964340513572097	0.494140625
0.0	1.0
0.0	1.0
0.0	0.0
0.0	0.0
0.0	1.0
-2.0270790912491066e-07	1.0
0.0	0.03940886699507389
0.0	1.0
0.0	1.0
-8.971945499069989e-05	1.0
0.0	0.047619047619047616
0.0	0.14870689655172414
-4.723506663140142e-06	1.0
-0.000219054170884192	1.0
0.0	1.0
-0.04934636503458023	0.0
-5.766197318735067e-06	0.0
0.0	1.0
0.0	1.0
0.0	0.0
0.0	1.0
0.0	1.0
0.0	1.0
0.0	1.0
0.0	1.0
-1.7182225064971135e-06	1.0
-0.0012759322999045253	1.0
0.0	0.06521739130434782
-1.534519498136433e-07	1.0
0.0	1.0
-0.001155283534899354	1.0
0.0	1.0
0.0	1.0
0.0	1.0
0.0	1.0
0.0	1.0
0.0	1.0
0.0	1.0
-5.511622021003859e-07	0.0
0.0	0.0
0.0	1.0
-0.001441783970221877	1.0
-0.0015721898525953293	0.0
0.0	1.0
0.0	1.0
-3.2090906643134076e-06	1.0
0.0	1.0
-0.0011555069359019399	1.0
0.0	1.0
0.0	1.0
-0.0001813885464798659	1.0
-6.3281491158306835e-09	1.0
0.0	1.0
0.0	1.0
-0.0012160969199612737	1.0
0.0	1.0
0.0	1.0
0.0	1.0
0.0	1.0
0.0	1.0
0.0	1.0
0.0	1.0
0.0	1.0
0.0	0.0
0.0	0.0
-0.0005173719255253673	1.0
0.0	1.0
0.0	0.0
0.0	1.0
-0.0001019848496071063	1.0
0.0	0.0
0.0	1.0
-0.0016522853402420878	0.0
0.0	1.0
0.0	1.0
0.0	0.0
-3.5971687850633316e-09	1.0
0.0	1.0
0.0	1.0
0.0	1.0
-0.0013909235130995512	1.0
-0.00028101500356569886	1.0
0.0	0.0
0.0	1.0
-5.848477518249906e-12	1.0
0.0	1.0
-2.1794081296599987e-12	1.0
0.0	1.0
0.0	1.0
0.0	1.0
-0.000541206740308553	1.0
0.0	1.0
0.0	1.0
-0.00015250328578986228	1.0
-6.588654650840908e-05	1.0
-1.6628474668323179e-06	0.0
0.0	1.0
0.0	1.0
0.0	1.0
0.0	0.0
0.0	1.0
-1.2746400898322463e-05	0.0
0.0	1.0
0.0	1.0
-5.064020383582779e-11	1.0
0.0	1.0
0.0	1.0
0.0	0.7701149425287356
0.0	1.0
0.0	1.0
0.0	1.0
-0.00036410277243703604	1.0
-0.004755194298923016	0.0
0.0	1.0
0.0	1.0
0.0	1.0
0.0	1.0
0.0	1.0
-0.0001114221231546253	0.0
0.0	1.0
0.0	1.0
-0.00044396097655408084	0.00909090909090909
0.0	1.0
-0.00041944722761400044	0.0
-0.00022915170120541006	0.1917808219178082
0.0	1.0
0.0	1.0
-0.002263040281832218	1.0
0.0	1.0
-0.006810279563069344	0.0
0.0	1.0
-0.005390319041907787	0.0
-0.00010867587116081268	1.0
-3.7258091651892755e-06	1.0
0.0	1.0
0.0	1.0
-0.0012894325191155076	1.0
-1.4894398214782e-10	0.0
0.0	0.008460236886632826
0.0	1.0
0.0	1.0
0.0	1.0
-3.519463234624709e-06	1.0
0.0	1.0
0.0	1.0
0.0	1.0
-0.000991556327790022	1.0
-0.007643441669642925	0.0
-1.3174056290310432e-09	1.0
0.0	1.0
0.0	1.0
-0.0007365803467109799	0.0
0.0	1.0
-0.00044941576197743416	0.0
-0.00028905816725455225	1.0
0.0	1.0
-6.076276634625621e-12	0.0
0.0	1.0
-1.0571729944786057e-05	0.0
-0.005484696011990309	0.0
-0.016712253913283348	0.0
0.0	0.941
0.0	1.0
-0.009929186664521694	0.0
-4.090043148607947e-07	1.0
-0.00016148680879268795	1.0
0.0	0.0
-8.04867158876732e-06	1.0
0.0	1.0
0.0	1.0
0.0	1.0
-0.0023363276850432158	0.0
0.0	0.0
-1.4325813026516698e-05	1.0
-0.002027236856520176	1.0
-3.5970788303529844e-05	1.0
0.0	0.941
0.0	1.0
0.0	1.0
-7.89770311371285e-08	0.0
-0.002346151042729616	1.0
0.0	1.0
0.0	1.0
0.0	1.0
0.0	1.0
-0.00017405585094820708	1.0
0.0	0.0
0.0	1.0
0.0	0.0
0.0	1.0
0.0	0.0
-1.0560231203271542e-05	1.0
0.0	1.0
0.0	1.0
0.0	1.0
0.0	1.0
-0.0031428025104105473	0.0
0.0	1.0
