0.0	0.0
0.0	0.23645833333333333
-0.0008328866679221392	0.0
-1.2373090528224658e-14	1.0
0.0	1.0
0.0	1.0
-0.0003961847396567464	1.0
0.0	0.0
0.0	0.0
0.0	1.0
0.0	1.0
0.0	1.0
-0.0006046227645128965	1.0
0.0	1.0
0.0	1.0
-3.651198539955658e-06	1.0
-0.0007900428026914597	0.17142857142857143
0.0	0.0
0.0	0.0
-0.0003696512139867991	1.0
0.0	1.0
-8.268488613794034e-07	0.0
0.0	1.0
-6.60708849409275e-07	1.0
0.0	1.0
-0.000642822531517595	1.0
0.0	1.0
0.0	1.0
0.0	0.03125
-0.00011796460603363812	0.35555555555555557
-0.0030445752199739218	0.0
0.0	1.0
0.0	0.8148148148148148
-0.00016617497021798044	1.0
-0.04458710551261902	0.0
-6.642206784590599e-08	1.0
0.0	1.0
-0.014012967236340046	0.0
-0.0006755374488420784	1.0
0.0	1.0
0.0	1.0
-4.5276352466316894e-05	1.0
-0.00025986391119658947	1.0
0.0	1.0
-4.348996469616395e-07	0.0
0.0	1.0
0.0	1.0
-6.951706124267397e-15	0.0
0.0	1.0
-9.485678310738876e-05	0.0
0.0	1.0
0.0	1.0
0.0	1.0
-3.9575887011977784e-10	0.0
0.0	1.0
0.0	1.0
-1.7145204765256494e-05	1.0
0.0	0.0
0.0	1.0
-1.8150134173389176e-12	1.0
-9.661711374064907e-05	1.0
-1.457334201404592e-05	1.0
0.0	1.0
0.0	1.0
-1.1820791012695508e-09	0.2
-0.0026472683530300856	1.0
-0.002352112205699086	1.0
0.0	1.0
0.0	1.0
0.0	0.0
-0.0009043368045240641	1.0
0.0	1.0
-4.685194289777428e-05	1.0
0.0	1.0
0.0	1.0
0.0	0.033783783783783786
-1.4402341541597252e-08	1.0
0.0	1.0
0.0	1.0
0.0	1.0
-2.426117589493515e-06	1.0
0.0	1.0
-0.00010366975038778037	0.0
0.0	1.0
0.0	1.0
0.0	1.0
-9.755654900800437e-06	0.0
0.0	0.0
0.0	1.0
-0.016276905313134193	0.0
0.0	1.0
-0.0005401031230576336	1.0
-9.08999027160462e-06	0.0
0.0	1.0
0.0	1.0
-0.0004846541560254991	1.0
-0.003632747568190098	1.0
0.0	1.0
-0.01593504287302494	0.0
0.0	0.0
0.0	0.0
-2.615753658119502e-07	0.0
-0.0005773848388344049	1.0
0.0	0.0
0.0	1.0
0.0	0.0
0.0	0.0
0.0	1.0
-1.0648785064404365e-05	1.0
-5.27081974723842e-05	1.0
-1.236097978107864e-05	1.0
-0.0006646646652370691	1.0
0.0	0.0
-0.0006209324346855283	0.04378698224852071
-0.00023056371719576418	1.0
-4.715328032034449e-06	1.0
0.0	0.0
0.0	1.0
-1.2691665773889582e-10	1.0
0.0	0.6796116504854369
0.0	1.0
0.0	0.0
-7.795749843353406e-05	0.0
0.0	0.0
-0.00033170374808833003	1.0
-0.00015710858860984445	1.0
0.0	0.4584837545126354
0.0	1.0
0.0	0.0
-0.0008639617008157074	1.0
-0.002748350612819195	0.0
-1.1371498231937949e-07	0.0
-4.1916882764780894e-05	0.0
0.0	1.0
0.0	1.0
-1.2634411632461706e-06	1.0
0.0	1.0
0.0	0.0
0.0	1.0
-3.590138533127174e-07	1.0
0.0	0.0
0.0	1.0
-3.7650769968422537e-07	1.0
0.0	1.0
0.0	1.0
0.0	0.0
0.0	1.0
-0.0007516949553973973	1.0
0.0	1.0
0.0	1.0
0.0	1.0
0.0	1.0
0.0	1.0
0.0	0.0
-4.038455244881334e-06	1.0
0.0	1.0
0.0	1.0
0.0	1.0
0.0	0.0
0.0	0.0
-0.00024529709480702877	1.0
0.0	1.0
0.0	1.0
-0.0005649199592880905	1.0
0.0	1.0
0.0	1.0
0.0	1.0
-0.009611484594643116	0.0
-0.0022504457738250494	0.0
0.0	1.0
0.0	1.0
-5.159893407835625e-05	1.0
0.0	0.0
-0.0002682199119590223	1.0
0.0	1.0
0.0	0.0
0.0	1.0
-7.77682185315598e-09	1.0
0.0	1.0
0.0	1.0
-5.979695743008051e-06	0.0
0.0	1.0
0.0	1.0
-0.0007558441138826311	1.0
0.0	1.0
-1.134770627686521e-06	1.0
0.0	0.025
0.0	1.0
0.0	1.0
-1.3937036783318035e-05	0.0
-9.835999662755057e-05	1.0
0.0	1.0
-0.00018443634326104075	1.0
0.0	1.0
0.0	1.0
-0.0005868858424946666	1.0
0.0	1.0
-1.6182857507374138e-05	0.0
-0.00035005720565095544	0.0
0.0	1.0
-0.0006264776457101107	0.0
0.0	1.0
0.0	1.0
0.0	1.0
-0.0013271948555484414	1.0
0.0	1.0
-7.837096249740938e-11	1.0
-5.612018139800057e-05	0.0
0.0	1.0
0.0	0.0
0.0	1.0
0.0	1.0
0.0	0.0
0.0	1.0
0.0	1.0
0.0	1.0
-5.671863152756362e-12	1.0
0.0	1.0
-0.008937149308621883	0.0
0.0	1.0
-4.485334059722845e-08	1.0
0.0	0.0
-0.0002480729017406702	0.0
-6.385878805303946e-05	1.0
0.0	1.0
0.0	1.0
0.0	1.0
-0.010360865853726864	0.9696969696969697
-5.607390903605847e-06	0.017543859649122806
-0.00034176508779637516	1.0
-2.463698578480944e-08	0.0
0.0	1.0
-8.500043335857299e-09	1.0
0.0	0.0
-5.335151627150481e-07	1.0
-0.000164045937708579	1.0
-7.597581770824036e-06	1.0
0.0	1.0
0.0	1.0
0.0	1.0
0.0	1.0
0.0	0.0
-0.0002691303670872003	0.0
0.0	1.0
0.0	0.45675675675675675
0.0	1.0
-0.0003522997139953077	1.0
0.0	0.014925373134328358
0.0	1.0
0.0	0.0
-7.97569882706739e-05	0.135678391959799
0.0	1.0
0.0	1.0
0.0	1.0
0.0	1.0
-0.0004613838391378522	0.0
0.0	0.013888888888888888
-0.01587321050465107	0.22535211267605634
-2.9312991500773933e-06	0.008064516129032258
-2.5745530152221363e-08	1.0
0.0	1.0
-0.0007581915706396103	1.0
0.0	0.0
0.0	1.0
0.0	1.0
0.0	1.0
0.0	1.0
0.0	0.0
-1.069777317752596e-05	1.0
0.0	1.0
0.0	1.0
0.0	1.0
0.0	1.0
-0.000746947422157973	1.0
-8.162308222381398e-05	0.030303030303030304
-0.017184272408485413	0.3
-0.0010109576396644115	0.0
0.0	1.0
0.0	1.0
-0.003087736666202545	0.0
-8.495677320752293e-06	1.0
-9.864151252259035e-06	1.0
-1.1010568456981673e-08	1.0
0.0	1.0
0.0	1.0
0.0	1.0
0.0	0.7333333333333333
-9.64835417107679e-05	1.0
-8.790414722170681e-05	1.0
0.0	1.0
-0.00021799348178319633	1.0
-2.3086206056177616e-05	0.0
0.0	1.0
0.0	0.0
0.0	1.0
0.0	1.0
0.0	1.0
-2.1158994059078395e-06	1.0
-7.357024151133373e-05	1.0
-8.49995274165849e-08	1.0
-3.3784579045459395e-06	0.0
0.0	1.0
-8.99391216080403e-06	1.0
0.0	1.0
-0.0003244981053285301	1.0
0.0	1.0
0.0	1.0
0.0	1.0
-0.003863936522975564	1.0
0.0	0.0
-1.0942240002975723e-08	1.0
0.0	1.0
-1.9770896031445773e-09	1.0
0.0	1.0
0.0	1.0
0.0	1.0
-3.9303013181779534e-05	1.0
0.0	1.0
0.0	0.0
0.0	0.004366812227074236
0.0	1.0
-3.888482024194673e-05	1.0
0.0	1.0
0.0	1.0
0.0	0.0
-2.0145038433838636e-05	0.0
0.0	1.0
-0.000280034844763577	1.0
-0.0015416746027767658	1.0
0.0	1.0
0.0	1.0
0.0	0.0
0.0	1.0
0.0	1.0
0.0	1.0
0.0	1.0
-0.004241568502038717	0.0
0.0	1.0
0.0	1.0
-0.001796646392904222	0.0
-0.002882597967982292	0.0
0.0	0.0
0.0	1.0
0.0	1.0
0.0	1.0
-0.0004974232288077474	1.0
-1.237220033090125e-07	0.0
0.0	1.0
-0.0006846480537205935	1.0
0.0	1.0
0.0	1.0
-5.106300886836834e-05	1.0
-0.0006525226053781807	1.0
0.0	1.0
-0.00029757473384961486	0.0
-1.1969693680669025e-08	0.12647754137115838
-0.004284718539565802	0.0
0.0	0.0
0.0	1.0
0.0	1.0
0.0	1.0
0.0	1.0
0.0	0.013192612137203167
0.0	1.0
-0.003947035409510136	0.0
-2.839429043888231e-06	1.0
-0.000814840488601476	1.0
0.0	0.0
-0.00017049409507308155	1.0
-8.624937436252367e-06	0.85
0.0	0.0
0.0	1.0
-0.00047904436360113323	1.0
-4.5906477907919907e-07	0.0
0.0	0.6072144288577155
-0.0008716197917237878	0.029411764705882353
0.0	1.0
-5.987588896916307e-12	1.0
-0.00014691810065414757	0.31603053435114503
-8.893748910075716e-13	1.0
-0.008421451784670353	0.04424778761061947
-0.0007212111377157271	1.0
0.0	1.0
0.0	1.0
-0.009503125213086605	0.0
0.0	1.0
-0.00021516697597689927	1.0
-5.6428682000841945e-05	0.0
-7.702218135818839e-05	1.0
0.0	1.0
0.0	1.0
0.0	1.0
-0.00020238290017005056	1.0
-2.3490041712648235e-05	1.0
0.0	1.0
-0.0018388236640021205	1.0
0.0	0.48717948717948717
0.0	1.0
0.0	0.0
-0.00024878335534594953	1.0
-0.004127691965550184	0.0
0.0	1.0
0.0	1.0
-1.5044346582726575e-05	1.0
0.0	1.0
0.0	1.0
-0.00029930967139080167	1.0
-0.001669001649133861	1.0
0.0	1.0
-2.768051672319416e-05	1.0
0.0	1.0
0.0	1.0
0.0	1.0
-5.779308412456885e-05	1.0
0.0	1.0
-5.237752898068493e-09	0.0
0.0	1.0
0.0	1.0
-0.00022127445845399052	0.0
-6.247035457818129e-07	1.0
0.0	1.0
0.0	1.0
-2.675663199624978e-05	0.0
-3.2385993108619004e-05	1.0
-0.03126102685928345	0.0
0.0	1.0
-0.004224542528390884	0.0
0.0	1.0
-4.8128732998975465e-08	0.07692307692307693
-0.0011301360791549087	0.0
0.0	1.0
0.0	1.0
-6.083591204582295e-13	1.0
0.0	1.0
0.0	1.0
0.0	1.0
-0.0004991688183508813	0.0
-0.0009700859664008021	1.0
0.0	0.027777777777777776
0.0	1.0
0.0	1.0
-0.00022667857410851866	1.0
-1.5775592601130484e-06	1.0
0.0	0.0
0.0	1.0
0.0	0.0
0.0	1.0
0.0	1.0
0.0	1.0
0.0	1.0
-1.012464707628169e-07	0.16216216216216217
0.0	1.0
0.0	1.0
-0.013401190750300884	0.07333333333333333
0.0	1.0
0.0	1.0
0.0	1.0
0.0	1.0
-6.985814979998395e-05	1.0
0.0	1.0
0.0	1.0
0.0	0.0
-0.04287455230951309	0.0
-9.658334931827994e-08	0.07894736842105263
-6.033148451933812e-07	1.0
-0.008125265128910542	0.23076923076923078
0.0	1.0
0.0	1.0
-0.0003356818051543087	1.0
0.0	1.0
0.0	1.0
-0.00021545746130868793	0.0
0.0	1.0
-0.00033598646405152977	0.0
-0.0004164160636719316	0.0
-7.412868541223361e-08	0.0
-1.6487862808389764e-07	1.0
0.0	1.0
0.0	1.0
-0.023139242082834244	0.0
0.0	1.0
0.0	1.0
-0.010472647845745087	0.047619047619047616
0.0	1.0
-0.00011367487604729831	1.0
0.0	1.0
-1.87582536455011e-05	1.0
-0.009139452129602432	0.0
0.0	0.0
-0.00011330538836773485	0.0
-0.0003085449570789933	0.0
0.0	1.0
-1.2259339143838588e-07	1.0
0.0	1.0
-4.5484975998988375e-05	1.0
0.0	1.0
0.0	1.0
0.0	1.0
0.0	0.0
0.0	1.0
0.0	1.0
-0.005264810752123594	1.0
-5.979969500913285e-05	1.0
-4.015906964610627e-12	1.0
-0.001109423697926104	1.0
0.0	0.20365853658536584
0.0	1.0
-0.00031246719299815595	0.005555555555555556
0.0	1.0
-0.001200599828734994	1.0
-1.625103550395579e-06	1.0
-0.009242145344614983	0.0
-0.0007450783159583807	0.15730337078651685
0.0	0.0
0.0	1.0
-0.09792379289865494	0.0
0.0	0.19457013574660634
-0.00021750039013568312	0.0
-2.541779564602109e-10	1.0
0.0	1.0
0.0	0.0037593984962406013
0.0	1.0
0.0	1.0
-4.314742341193778e-09	1.0
-0.002386670559644699	1.0
0.0	1.0
0.0	1.0
0.0	1.0
0.0	1.0
0.0	1.0
0.0	1.0
-0.0015057169366627932	1.0
0.0	1.0
