0.0	1.0
0.0	0.013431013431013432
0.0	1.0
-1.7132817387022214e-09	1.0
-6.0474572819657624e-05	1.0
0.0	1.0
0.0	1.0
0.0	1.0
0.0	1.0
0.0	1.0
-0.0007959388312883675	1.0
0.0	1.0
0.0	1.0
-0.004777948837727308	0.02097902097902098
-3.2294075936079025e-05	1.0
0.0	1.0
0.0	1.0
-6.73744567081247e-12	1.0
0.0	1.0
0.0	1.0
-0.0013581715757027268	0.0
0.0	1.0
0.0	1.0
0.0	1.0
-0.0006571887643076479	1.0
-0.00011468235607026145	1.0
-5.029197927797213e-05	1.0
-1.930585540321772e-06	0.0
0.0	0.5423728813559322
-7.43083655834198e-05	1.0
0.0	1.0
0.0	1.0
-6.456116352637764e-06	1.0
0.0	1.0
-0.0011571639915928245	1.0
0.0	1.0
0.0	1.0
-8.710030030556482e-09	1.0
0.0	0.0
-5.648827936965972e-05	1.0
-0.0001090747318812646	1.0
0.0	1.0
0.0	1.0
-1.195127970277099e-05	0.0
0.0	0.0
-0.0005328424740582705	1.0
-0.00012072365643689409	0.0975609756097561
0.0	1.0
0.0	0.012048192771084338
0.0	1.0
-1.7130656488006935e-05	1.0
0.0	1.0
0.0	0.0
0.0	1.0
0.0	1.0
-6.993592904791512e-08	1.0
-1.0770924745884258e-05	1.0
-2.389377868894371e-06	1.0
-0.00020756912999786437	1.0
0.0	1.0
-0.0010519257048144937	1.0
0.0	0.7932692307692307
0.0	1.0
-0.0006061062449589372	1.0
0.0	0.0
-5.187839491327395e-08	0.0
-9.182217581837904e-06	1.0
-4.630631988966627e-10	0.0
-3.2826016904685673e-10	1.0
-1.0249523256788962e-05	1.0
0.0	1.0
-8.124628948280588e-06	0.0
0.0	0.0
0.0	1.0
0.0	1.0
0.0	1.0
-0.004569352604448795	0.0
-1.705417196351533e-10	1.0
0.0	1.0
0.0	0.0
-2.432810106256511e-06	0.0
-1.3157515468265046e-06	0.0
0.0	1.0
-1.5648272437829291e-06	1.0
0.0	0.09305993690851735
0.0	1.0
-3.981654572271509e-06	1.0
0.0	1.0
0.0	0.06451612903225806
0.0	1.0
-9.794931088435987e-08	0.0
0.0	1.0
0.0	1.0
0.0	0.0
-2.501699611912045e-07	1.0
0.0	0.0
-0.0026418513152748346	1.0
0.0	1.0
-7.457702011492984e-09	1.0
-0.00044764051563106477	1.0
-0.00016310307546518743	1.0
-0.0005306125385686755	1.0
0.0	0.0
-1.9111115761916153e-05	0.0
0.0	0.0
-1.643836912990082e-05	1.0
0.0	1.0
-0.0007797200232744217	1.0
0.0	1.0
0.0	1.0
-0.002797941444441676	0.0
0.0	1.0
0.0	1.0
0.0	1.0
0.0	0.0
-0.0009231011499650776	0.0
0.0	0.0
0.0	1.0
0.0	1.0
-0.002339970553293824	0.0
-1.2030760387915507e-07	1.0
-1.1549839484814584e-07	0.0
0.0	1.0
-1.1896401019839686e-07	1.0
-0.001363079994916916	1.0
-0.00015644053928554058	1.0
0.0	1.0
0.0	1.0
0.0	1.0
-0.0662575364112854	0.0
0.0	1.0
0.0	1.0
-1.1154056664963719e-06	0.0
-0.00010586542339297011	1.0
0.0	1.0
-2.676273993529321e-07	1.0
0.0	0.0
0.0	1.0
-2.442491719989448e-08	1.0
0.0	1.0
0.0	1.0
0.0	1.0
0.0	1.0
0.0	1.0
0.0	1.0
0.0	1.0
0.0	0.0
-6.392437353497371e-05	0.006568144499178982
0.0	0.0
0.0	1.0
0.0	0.0
-0.003270372049883008	0.0
0.0	1.0
-3.8045403925934806e-05	1.0
0.0	1.0
0.0	1.0
-0.0022658579982817173	0.0
0.0	1.0
-0.0017570317722856998	1.0
0.0	1.0
-0.00010218529496341944	1.0
0.0	1.0
0.0	1.0
0.0	1.0
-0.00830159429460764	0.0
-0.07127039134502411	0.2222222222222222
-4.514203465078026e-05	1.0
-0.000727534294128418	0.0
-5.366606714574118e-08	0.0
0.0	0.0
0.0	0.0
-0.0025555898901075125	1.0
0.0	1.0
0.0	1.0
0.0	1.0
-9.218374761449377e-13	1.0
-0.018947746604681015	0.0
0.0	0.0
0.0	1.0
0.0	1.0
0.0	1.0
-0.00024057208793237805	1.0
0.0	0.0
0.0	1.0
0.0	1.0
-5.297760026223841e-07	1.0
0.0	1.0
-0.0003693848557304591	1.0
-1.9051772142120171e-06	0.011194029850746268
0.0	0.0
0.0	1.0
-3.3971671200561104e-06	1.0
0.0	0.0
-4.5650645915884525e-05	0.0
-0.0003058770962525159	1.0
0.0	1.0
0.0	1.0
0.0	1.0
-6.884136382723227e-05	0.0
0.0	1.0
0.0	0.0
-0.0014231893001124263	1.0
-4.211637860862538e-05	0.0
-3.982966063631466e-06	0.0
0.0	1.0
0.0	1.0
-3.7541528219442455e-10	1.0
-0.0023961730767041445	1.0
-0.0005935361259616911	0.005917159763313609
-1.5228204825560352e-17	0.0
-0.0022013867273926735	0.0
0.0	1.0
0.0	1.0
0.0	0.0
-9.383083670400083e-05	1.0
0.0	1.0
-3.10745817841962e-05	1.0
-0.00136193772777915	1.0
-4.758538489113562e-05	1.0
-0.0005246364162303507	1.0
-0.000572450808249414	1.0
-1.881335447251331e-05	1.0
0.0	1.0
0.0	1.0
-0.0008680050959810615	0.0
0.0	1.0
0.0	1.0
0.0	1.0
0.0	1.0
0.0	0.0
0.0	1.0
-3.0239918942243094e-06	1.0
-1.5701882148277946e-05	1.0
-0.0009907123167067766	1.0
-0.0002710329426918179	1.0
-0.0004848325625061989	1.0
0.0	1.0
-0.000991850160062313	0.0
0.0	1.0
0.0	0.0
0.0	1.0
0.0	1.0
0.0	1.0
0.0	1.0
-7.868331158533692e-05	1.0
-5.5512368817289826e-06	1.0
0.0	0.0
-0.0008800324867479503	0.0
-0.002189044142141938	0.0
-0.0006982794729992747	1.0
0.0	1.0
0.0	1.0
-0.0008025873103179038	1.0
0.0	1.0
-8.595911538122891e-08	0.3125
0.0	1.0
0.0	1.0
0.0	0.0
-9.107620826398488e-06	1.0
0.0	1.0
0.0	1.0
-0.0005227425135672092	1.0
0.0	0.0
0.0	1.0
-1.4302148883871268e-05	1.0
-2.1977450160193257e-05	1.0
-0.015740035101771355	0.0
-0.00025179318618029356	1.0
-2.8269088943488896e-05	1.0
-7.039390038698912e-05	1.0
0.0	0.05917159763313609
0.0	1.0
0.0	1.0
-0.0003663217357825488	1.0
-0.00013467279495671391	1.0
0.0	0.0
0.0	1.0
0.0	1.0
0.0	0.014388489208633094
-0.0724901631474495	0.0
0.0	1.0
-1.524605772575474e-14	1.0
0.0	1.0
0.0	1.0
0.0	0.0
0.0	1.0
0.0	0.0
-3.1959432929967724e-12	1.0
-0.0021070188377052546	0.0
0.0	1.0
-9.96037560980767e-05	1.0
0.0	0.0
0.0	1.0
-5.484049688675441e-05	1.0
0.0	1.0
0.0	1.0
0.0	1.0
0.0	1.0
0.0	1.0
0.0	1.0
0.0	1.0
0.0	1.0
0.0	1.0
-0.0005477703525684774	1.0
0.0	1.0
-3.860287324641831e-05	1.0
0.0	1.0
0.0	1.0
0.0	0.0
-5.2503881306620315e-05	1.0
-0.0022467400413006544	1.0
-1.0644011227967098e-09	1.0
0.0	0.18181818181818182
0.0	1.0
0.0	1.0
0.0	1.0
-4.967743194583818e-08	0.0
-0.0005164865287952125	1.0
-3.4897373097919626e-06	0.0
0.0	1.0
0.0	1.0
0.0	1.0
0.0	1.0
-0.006816256325691938	0.005988023952095809
0.0	1.0
-3.924026168533601e-05	1.0
-3.1561330615659244e-06	0.0
0.0	1.0
0.0	1.0
0.0	1.0
0.0	1.0
0.0	1.0
0.0	1.0
0.0	1.0
-7.831657421775162e-05	1.0
0.0	1.0
0.0	1.0
0.0	1.0
-1.5654650269425474e-06	0.005747126436781609
0.0	1.0
0.0	1.0
-5.485858127940446e-05	1.0
-0.01506505161523819	0.0
-0.00033635483123362064	1.0
-0.03273869678378105	0.0
0.0	0.10526315789473684
0.0	1.0
0.0	1.0
0.0	0.0
0.0	0.0
0.0	1.0
-2.604802773475967e-08	1.0
0.0	0.0658682634730539
0.0	1.0
0.0	0.0
-1.3945278624305502e-05	1.0
0.0	0.0
-4.3673040295288956e-07	1.0
0.0	1.0
-0.008025873452425003	0.0
0.0	1.0
-0.00015850229829084128	1.0
0.0	1.0
-0.03825335204601288	0.0
-6.117961692808649e-11	1.0
-0.0007083142991177738	1.0
0.0	1.0
0.0	1.0
0.0	1.0
-0.019659316167235374	0.0
0.0	1.0
0.0	0.0
0.0	0.0
-0.0001174551944131963	1.0
-1.9781437003985047e-06	0.0
-0.0009336271905340254	1.0
-1.8753743233901332e-06	1.0
-7.439985694190909e-08	1.0
0.0	1.0
0.0	1.0
0.0	1.0
-6.5847375481098425e-06	1.0
0.0	1.0
0.0	1.0
-0.000582332955673337	1.0
0.0	0.4675118858954041
0.0	1.0
0.0	1.0
0.0	0.00411522633744856
0.0	1.0
0.0	1.0
0.0	1.0
-2.0763156499015167e-05	1.0
0.0	1.0
-0.0020685328636318445	0.0
-9.396524669469386e-10	1.0
0.0	1.0
-0.00860395934432745	0.0
0.0	0.005813953488372093
0.0	1.0
-0.0004015607410110533	1.0
-0.0002884665154851973	1.0
0.0	1.0
0.0	1.0
0.0	1.0
-0.0003826182219199836	1.0
-0.0015385057777166367	0.0
0.0	1.0
0.0	0.0
-8.122684812406078e-05	1.0
0.0	1.0
-0.00021044448658358306	1.0
-0.051943909376859665	0.058823529411764705
-0.0022297140676528215	1.0
0.0	1.0
-4.029146657558158e-05	1.0
-0.00027344058617018163	1.0
0.0	1.0
-0.00024335813941434026	1.0
-4.033776713185944e-05	1.0
-1.094517301680753e-06	1.0
-0.0029724303167313337	0.18181818181818182
0.0	1.0
-4.992087269783951e-06	1.0
0.0	1.0
0.0	1.0
0.0	0.0
-4.557811189442873e-05	1.0
0.0	1.0
0.0	1.0
0.0	0.0
0.0	1.0
-6.706834483338753e-07	1.0
-1.0621707588143181e-05	1.0
0.0	1.0
0.0	0.0
0.0	1.0
0.0	1.0
-3.055436536669731e-05	1.0
0.0	1.0
-0.0003239018260501325	0.5657142857142857
0.0	1.0
0.0	1.0
0.0	1.0
0.0	1.0
0.0	0.0
-3.870749787893146e-05	1.0
-0.04330085963010788	0.0
-0.0001866644452093169	1.0
-1.2241271178936586e-06	0.1056338028169014
-6.142315396573395e-05	1.0
0.0	0.0
0.0	1.0
-5.501662235474214e-05	1.0
-0.022058796137571335	0.0
-0.0006679610232822597	0.041666666666666664
0.0	1.0
0.0	1.0
-0.00034075730945914984	1.0
-2.796071203192696e-05	1.0
-3.20428007398732e-05	0.08108108108108109
-0.0006946286302991211	1.0
-1.0016639862442389e-05	1.0
-3.46348897437565e-05	1.0
-1.994305648622685e-06	1.0
-0.0003208220878150314	1.0
0.0	1.0
-2.8460694011300802e-05	1.0
0.0	1.0
-0.009418225847184658	0.0
0.0	0.0
0.0	0.05426356589147287
0.0	1.0
0.0	1.0
0.0	1.0
0.0	1.0
0.0	1.0
0.0	1.0
0.0	1.0
-1.1899141100002453e-05	0.0
-1.4093878235144075e-05	1.0
0.0	1.0
0.0	0.0425531914893617
-6.047052738722414e-05	1.0
0.0	1.0
-0.0003831176145467907	1.0
-0.001028123777359724	0.0
-0.00022615738271269947	1.0
-0.0015000683488324285	1.0
0.0	1.0
0.0	1.0
0.0	0.0
0.0	1.0
0.0	1.0
-3.0201379559002817e-05	1.0
-9.057509231524818e-08	0.007042253521126761
0.0	0.0
0.0	0.0
0.0	1.0
0.0	1.0
-1.6012916603358462e-05	0.6363636363636364
-3.249189103371464e-05	0.0
-0.0003342810086905956	1.0
0.0	0.0
0.0	1.0
0.0	0.04225352112676056
0.0	1.0
0.0	1.0
0.0	0.0
0.0	1.0
0.0	1.0
0.0	0.0
0.0	1.0
-8.619804430054501e-05	1.0
0.0	1.0
0.0	1.0
0.0	1.0
-1.9548913876565877e-10	1.0
-3.014993808392319e-06	1.0
-4.8636157323755924e-09	1.0
0.0	0.05519480519480519
0.0	1.0
-2.1970683974359417e-06	1.0
0.0	0.0
0.0	1.0
0.0	0.0
0.0	1.0
0.0	1.0
-0.0018743497785180807	1.0
0.0	1.0
-3.677206677821232e-06	1.0
0.0	1.0
-0.03169148042798042	0.0
-1.9527340100466972e-06	1.0
-0.001077428925782442	1.0
0.0	1.0
-7.988367542566266e-06	1.0
-1.102132898833652e-10	0.0
-1.3941192264610436e-05	1.0
-0.0008671777904964983	1.0
0.0	0.0
0.0	1.0
0.0	1.0
0.0	1.0
-0.0023429952561855316	0.0
-2.6911127406492596e-06	1.0
0.0	0.0
0.0	1.0
-0.004476653877645731	0.0
0.0	1.0
0.0	0.5614035087719298
-3.5072152968496084e-05	0.16666666666666666
0.0	1.0
-4.706645229807238e-13	1.0
-0.0019476922461763024	0.0
0.0	1.0
0.0	1.0
0.0	1.0
0.0	1.0
0.0	0.011235955056179775
0.0	1.0
-0.0006724767154082656	0.0
-2.4161716183357385e-08	1.0
0.0	1.0
0.0	1.0
0.0	1.0
-8.898980740923434e-05	1.0
-0.0037464515771716833	0.0
0.0	0.005747126436781609
-1.5695944029095812e-15	1.0
-0.015605026856064796	0.005988023952095809
0.0	1.0
0.0	1.0
0.0	1.0
0.0	1.0
0.0	1.0
0.0	1.0
0.0	0.0
0.0	1.0
0.0	1.0
0.0	0.0
0.0	1.0
0.0	1.0
