0.0	1.0
-2.7891785521205748e-06	1.0
-2.9703671316383407e-05	0.21091290661070305
0.0	0.0
0.0	0.0
0.0	0.26198083067092653
0.0	1.0
-0.00512135261669755	1.0
0.0	1.0
-0.0005064629949629307	0.40963855421686746
-0.0013139024376869202	1.0
-7.011550895441587e-09	0.018867924528301886
0.0	0.0
-0.00032847386319190264	0.0
-1.2978469687841e-10	1.0
-7.557017056569748e-07	0.0
0.0	1.0
0.0	1.0
-0.0001406492228852585	1.0
0.0	1.0
0.0	1.0
0.0	1.0
0.0	1.0
0.0	1.0
0.0	1.0
0.0	1.0
-0.00033482848084531724	0.0
-4.282031659386121e-05	1.0
-3.6544111026159953e-06	0.0
-0.0015902199083939195	1.0
0.0	1.0
0.0	1.0
-9.77215968305245e-05	1.0
-0.0009184469236060977	1.0
-0.0002699824399314821	0.0
0.0	0.017142857142857144
-7.23962966731051e-06	1.0
0.0	0.02459016393442623
0.0	1.0
0.0	1.0
0.0	0.20588235294117646
-2.602057793410495e-05	0.0
0.0	0.10191082802547771
-0.00014725814980920404	1.0
0.0	0.0
0.0	1.0
-1.5040174730529543e-05	1.0
-9.532729563943576e-06	1.0
0.0	1.0
-0.001331333420239389	1.0
-0.0025226210709661245	0.0
0.0	0.21428571428571427
0.0	0.8642857142857143
-1.7988269294250125e-12	0.0
0.0	0.0
0.0	1.0
-0.02416214719414711	0.0
0.0	1.0
0.0	1.0
-0.000751314393710345	1.0
0.0	1.0
0.0	0.0
0.0	1.0
0.0	1.0
-0.00010663656576070935	0.0
0.0	1.0
0.0	0.022727272727272728
0.0	1.0
0.0	1.0
0.0	1.0
0.0	1.0
0.0	0.012422360248447204
0.0	0.0
0.0	0.0
-0.00028881453908979893	1.0
0.0	1.0
0.0	1.0
0.0	0.49466192170818507
0.0	1.0
0.0	0.0
-6.224083335837349e-05	1.0
0.0	1.0
-5.262934905658767e-07	1.0
0.0	1.0
0.0	0.0
0.0	0.0
0.0	1.0
0.0	1.0
0.0	1.0
-0.0005172652308829129	1.0
-0.2726359963417053	0.0
0.0	1.0
0.0	1.0
0.0	1.0
-4.322323002270423e-05	0.0
0.0	1.0
-0.0019521790090948343	0.0
-0.0050815921276807785	0.0
-1.5448406429641182e-06	0.3076923076923077
0.0	1.0
0.0	1.0
0.0	1.0
0.0	1.0
-1.4116346392256673e-05	1.0
-7.120227185630768e-10	1.0
-8.502616674426443e-15	1.0
-6.45695035927929e-05	1.0
-2.568019752402506e-08	1.0
0.0	0.41379310344827586
-0.00013276535901241004	1.0
-0.00029853751766495407	1.0
0.0	1.0
0.0	1.0
0.0	1.0
-6.824116280768067e-05	1.0
0.0	1.0
-2.4391581973759457e-05	0.38095238095238093
-0.000708999577909708	0.0
0.0	1.0
0.0	1.0
-1.0435297070898741e-09	1.0
-3.006084361039172e-18	1.0
0.0	1.0
0.0	1.0
-2.6261286981826837e-12	1.0
0.0	1.0
-3.1313658837461844e-05	1.0
0.0	0.06369426751592357
0.0	1.0
0.0	0.023809523809523808
0.0	0.0
-4.567405994748697e-06	0.0
0.0	1.0
0.0	1.0
0.0	1.0
0.0	1.0
0.0	1.0
0.0	0.22063492063492063
-0.00027293164748698473	1.0
0.0	0.027777777777777776
-2.3511827293987153e-06	1.0
-0.009613688103854656	0.0
0.0	1.0
-0.0013233014615252614	1.0
0.0	1.0
0.0	1.0
0.0	1.0
0.0	1.0
0.0	0.0
-0.0027381889522075653	0.0
0.0	1.0
0.0	1.0
0.0	1.0
0.0	1.0
0.0	0.125
-1.7487394870840944e-05	1.0
-0.029651258140802383	0.0
0.0	0.0
0.0	1.0
0.0	1.0
0.0	0.0
0.0	1.0
0.0	1.0
-1.2940081948673021e-12	1.0
0.0	1.0
0.0	1.0
-2.6154450097237714e-05	1.0
0.0	1.0
-5.441877171108445e-09	1.0
0.0	0.0
0.0	1.0
0.0	0.4859154929577465
0.0	1.0
0.0	1.0
0.0	1.0
0.0	1.0
0.0	0.0
0.0	1.0
0.0	0.0
0.0	1.0
-0.013703960925340652	0.0
0.0	1.0
-4.3508504177225404e-07	1.0
-0.0004348910297267139	1.0
0.0	1.0
0.0	1.0
0.0	0.08753315649867374
0.0	1.0
0.0	0.0
-9.091176167430604e-08	0.0
0.0	1.0
-2.1264308022739264e-11	1.0
0.0	1.0
0.0	1.0
0.0	1.0
0.0	1.0
-5.914043699206672e-10	1.0
-9.065592894330621e-05	1.0
-6.84120351479578e-08	1.0
0.0	1.0
-0.000325599656207487	1.0
0.0	1.0
-0.00032276680576615036	0.0
-0.019924558699131012	0.0
0.0	0.0
0.0	1.0
0.0	1.0
0.0	1.0
-0.00010066733375424519	1.0
-0.00021287641720846295	1.0
0.0	1.0
0.0	1.0
-0.0017048947047442198	0.0
0.0	1.0
-0.02157721295952797	0.0
-0.0007217781967483461	1.0
-0.004429382737725973	0.0
0.0	1.0
0.0	1.0
0.0	1.0
0.0	0.0
-0.00011717083543771878	1.0
-0.0002893961500376463	1.0
0.0	1.0
0.0	0.0
0.0	1.0
0.0	1.0
0.0	1.0
0.0	1.0
0.0	0.0
0.0	1.0
0.0	1.0
-5.397639688453637e-05	1.0
-6.615044185309671e-06	0.0
0.0	1.0
0.0	0.0
0.0	1.0
0.0	1.0
0.0	1.0
-0.0004222678253427148	1.0
0.0	0.4186413902053712
-8.999759302241728e-07	1.0
0.0	0.04132231404958678
0.0	1.0
-1.8992046534549445e-05	1.0
0.0	1.0
0.0	1.0
0.0	1.0
0.0	0.018867924528301886
0.0	1.0
0.0	1.0
0.0	1.0
0.0	1.0
0.0	0.0
-0.0002748390834312886	1.0
0.0	1.0
-0.0034914808347821236	0.0
0.0	0.0
-0.0005094982334412634	1.0
-6.774514531571185e-07	1.0
0.0	1.0
0.0	1.0
-0.00042274699080735445	1.0
-4.266108589945361e-05	0.0
-9.748226875672117e-05	1.0
0.0	1.0
0.0	1.0
0.0	1.0
-8.424928523709241e-07	0.06875
-0.007721087895333767	0.0
0.0	1.0
0.0	1.0
0.0	1.0
0.0	0.0
-0.000896566838491708	1.0
-0.00422088336199522	0.023809523809523808
-1.0199388356113559e-07	1.0
0.0	1.0
0.0	0.0
0.0	1.0
0.0	0.0
0.0	1.0
0.0	1.0
0.0	1.0
0.0	1.0
0.0	1.0
0.0	1.0
-5.277618342347523e-08	1.0
0.0	0.0
-0.0001373033010168001	1.0
0.0	1.0
-0.0020050678867846727	0.0
0.0	1.0
0.0	1.0
0.0	1.0
0.0	0.0
0.0	1.0
0.0	1.0
0.0	1.0
-0.002496324945241213	0.0
-0.00026769578107632697	1.0
-4.7311829121099436e-07	0.0
0.0	1.0
-4.367861765786074e-05	0.08633093525179857
0.0	1.0
0.0	1.0
-9.592361627230872e-11	0.016129032258064516
-2.242009031760972e-07	1.0
0.0	0.0
0.0	0.0
0.0	1.0
-8.690525419297046e-07	1.0
0.0	1.0
0.0	1.0
-0.0007367941434495151	1.0
-4.110603913431987e-05	0.072992700729927
0.0	1.0
-4.354623797553359e-06	1.0
-8.405475000472507e-07	1.0
0.0	1.0
0.0	1.0
0.0	1.0
-7.570377391630245e-08	1.0
0.0	1.0
0.0	1.0
0.0	0.13513513513513514
0.0	0.0
-1.4996778929798893e-07	1.0
-7.28387021808885e-05	1.0
-1.039162089000456e-05	1.0
0.0	1.0
0.0	1.0
0.0	0.0
-0.00017658087017480284	1.0
0.0	0.0
0.0	1.0
-4.468368786092469e-08	1.0
0.0	1.0
0.0	1.0
0.0	1.0
0.0	1.0
-1.6292013071961264e-08	1.0
-1.9597321454511984e-07	1.0
-6.473130724771181e-07	1.0
0.0	1.0
0.0	0.0
0.0	0.0
0.0	1.0
0.0	1.0
-3.8124671846162528e-06	1.0
-0.002746172482147813	1.0
-6.959471932077577e-08	1.0
0.0	0.018072289156626505
0.0	0.0
0.0	1.0
0.0	1.0
-0.00022880936739966273	1.0
-1.968876794933294e-08	1.0
0.0	0.0
-0.001477728714235127	1.0
-6.642640073550865e-05	0.31981279251170047
0.0	1.0
0.0	1.0
-0.0036620264872908592	0.0
0.0	1.0
-0.0008043991983868182	1.0
0.0	1.0
0.0	1.0
-6.266061245696619e-05	1.0
0.0	1.0
-0.0005797212361358106	1.0
-1.4257830471819943e-08	0.0
-3.767475573113188e-05	1.0
0.0	1.0
-3.767009815192068e-09	1.0
0.0	1.0
0.0	1.0
0.0	1.0
0.0	1.0
0.0	1.0
0.0	1.0
-4.35753327110433e-06	1.0
-0.018232546746730804	0.0
0.0	1.0
-2.4267897913432535e-08	1.0
-8.662696200190112e-05	0.0
0.0	1.0
0.0	1.0
0.0	0.0
0.0	1.0
0.0	1.0
0.0	0.0
0.0	0.3139717425431711
-8.605005859863013e-05	1.0
0.0	0.0
-0.00019163169781677425	1.0
0.0	0.047619047619047616
0.0	1.0
-2.788308126056016e-11	1.0
-1.605632727469386e-12	1.0
0.0	0.5922798552472859
0.0	1.0
0.0	1.0
-7.335126429097727e-05	1.0
-2.736303258643602e-06	1.0
-6.089979706302984e-06	0.0
0.0	1.0
0.0	1.0
0.0	1.0
0.0	1.0
-4.2546183976810426e-05	0.0
-4.07925654144492e-07	0.0
0.0	0.0
-0.012183590792119503	0.0
0.0	1.0
-0.00030739684007130563	0.0
0.0	1.0
0.0	1.0
0.0	0.38095238095238093
0.0	1.0
0.0	0.0
0.0	1.0
-2.5268736862926744e-05	1.0
-2.7053808935306733e-06	1.0
0.0	1.0
0.0	1.0
0.0	1.0
-3.2167183235287666e-05	1.0
-1.484389258621377e-06	1.0
0.0	1.0
-0.0005888933665119112	1.0
0.0	1.0
-3.3299736969638616e-05	1.0
0.0	1.0
0.0	1.0
0.0	1.0
0.0	0.0
0.0	1.0
0.0	0.0
0.0	1.0
0.0	0.3125
0.0	0.8571428571428571
0.0	1.0
0.0	1.0
-0.005778099875897169	0.0
-1.9356463099029497e-09	0.0
0.0	0.3732283464566929
-0.00019822479225695133	1.0
0.0	1.0
0.0	1.0
-0.00023643708846066147	1.0
-0.012404274195432663	0.03409090909090909
-0.008152770809829235	0.01948051948051948
0.0	0.0
-0.00012565500219352543	0.0
0.0	1.0
0.0	0.0
0.0	1.0
0.0	1.0
-0.0015989817911759019	1.0
-4.3701289541786537e-05	0.7296786389413988
-9.197391773341224e-05	1.0
0.0	0.0
0.0	0.0
-7.56217777961865e-05	0.0
0.0	1.0
0.0	1.0
0.0	1.0
-0.0005718251341022551	0.0
0.0	0.0684931506849315
0.0	0.0
-0.0009815356461331248	1.0
-5.143261660123244e-05	0.8695652173913043
0.0	1.0
-0.0025710854679346085	0.1891891891891892
0.0	1.0
0.0	1.0
-2.904691245930735e-05	1.0
0.0	1.0
0.0	1.0
-0.00253877742215991	1.0
-8.254217931380481e-08	1.0
0.0	1.0
0.0	0.0
-0.0011762677459046245	0.0
0.0	1.0
0.0	1.0
-4.281797737348825e-05	0.0
0.0	1.0
-0.00028113473672419786	0.0
0.0	0.5
-9.200543900078628e-06	1.0
0.0	1.0
-1.61485544936113e-07	1.0
-1.9155386326019652e-05	1.0
0.0	0.0
0.0	1.0
-4.2378141529297864e-07	0.0
-1.7858543799320614e-07	1.0
0.0	1.0
0.0	0.5728643216080402
0.0	1.0
0.0	1.0
0.0	1.0
0.0	1.0
-0.002039316575974226	1.0
0.0	1.0
-1.0350506505013503e-15	1.0
0.0	1.0
-4.4709884150506696e-07	0.016476552598225603
0.0	0.22338204592901878
-1.569359483255539e-05	1.0
-0.002032139338552952	1.0
0.0	1.0
-2.6596715940740978e-08	0.0
0.0	1.0
-5.446430861866247e-08	0.0
0.0	1.0
-0.02418389916419983	0.0
0.0	1.0
-0.0011957312235608697	1.0
0.0	1.0
-0.00025707221357151866	1.0
-1.1764631580035712e-07	0.0
-0.0008825276745483279	1.0
0.0	1.0
0.0	0.0
-0.0015336135402321815	0.0
0.0	1.0
0.0	1.0
-0.0013363775797188282	1.0
-1.8036444560109999e-09	1.0
0.0	1.0
-0.0001904419477796182	1.0
0.0	1.0
0.0	1.0
0.0	1.0
0.0	1.0
0.0	1.0
0.0	1.0
0.0	0.05660377358490566
0.0	1.0
0.0	1.0
0.0	1.0
-1.5249131138261873e-05	0.8144208037825059
