0.0	0.42971887550200805
0.0	1.0
-0.0001833511923905462	1.0
-2.7172218324267305e-05	0.0
-0.00013131159357726574	1.0
0.0	0.0
-0.00010818569717230275	1.0
-1.8263595848111436e-05	1.0
0.0	1.0
0.0	1.0
0.0	1.0
0.0	1.0
0.0	1.0
-0.015512841753661633	0.0
0.0	0.2819614711033275
0.0	1.0
0.0	0.30303030303030304
-0.00072793586878106	1.0
0.0	0.0
0.0	1.0
-8.160949249713667e-09	1.0
0.0	1.0
-0.019441375508904457	0.0
0.0	0.0
-1.559748125146143e-05	1.0
-2.561554765634355e-06	0.0
-0.0005535013042390347	1.0
0.0	1.0
0.0	1.0
-0.0009760217508301139	0.0
-8.745664672460407e-05	1.0
0.0	1.0
-0.002173946937546134	0.0
-1.2976728612557054e-05	1.0
-0.00011045748397009447	1.0
0.0	1.0
0.0	1.0
0.0	1.0
0.0	1.0
0.0	1.0
-7.911155108786261e-08	1.0
0.0	0.0
0.0	1.0
0.0	1.0
-0.006375481374561787	0.09045226130653267
0.0	1.0
0.0	0.0
0.0	1.0
-0.0010448144748806953	0.0
-0.0003489175287541002	1.0
-6.279973604250699e-06	1.0
0.0	1.0
0.0	1.0
0.0	0.0
-0.0005481552216224372	1.0
-0.00019726005848497152	0.0
-1.72349300555652e-05	1.0
0.0	1.0
-0.0002011936012422666	0.89
0.0	0.0
-8.416045460535315e-08	1.0
-0.032614775002002716	0.0
-3.345168239632379e-11	1.0
-0.00031970677082426846	1.0
0.0	1.0
0.0	0.0
0.0	1.0
-9.260761726181954e-05	0.0
0.0	1.0
0.0	1.0
-8.831141167320311e-05	1.0
0.0	1.0
0.0	1.0
0.0	0.06666666666666667
-9.638722985982895e-05	1.0
0.0	0.9415887850467289
0.0	1.0
-3.8303483052004594e-06	1.0
-8.455215265712468e-07	1.0
0.0	0.0
0.0	1.0
-2.63936508417828e-05	1.0
0.0	1.0
-0.0036887640599161386	0.0
-0.0030995171982795	0.14285714285714285
0.0	1.0
0.0	0.22777777777777777
0.0	0.0
0.0	1.0
0.0	1.0
-0.00044853187864646316	1.0
0.0	1.0
0.0	1.0
0.0	0.0
-1.4211849475032068e-08	0.2980769230769231
0.0	1.0
-2.9165650630602613e-05	0.0
0.0	1.0
0.0	1.0
0.0	1.0
-0.003850675420835614	0.0
0.0	0.0
-0.00804293155670166	0.0
0.0	1.0
0.0	1.0
0.0	0.0
0.0	1.0
0.0	1.0
-0.00014253963308874518	1.0
0.0	1.0
-5.270107794785872e-05	1.0
0.0	1.0
0.0	1.0
0.0	0.0
-0.010505348443984985	0.0
-0.0004092231683898717	1.0
0.0	1.0
0.0	1.0
0.0	1.0
-1.931955239342642e-06	0.0
0.0	1.0
-0.00018148212984669954	0.023809523809523808
0.0	1.0
-5.8651119616115466e-05	1.0
0.0	1.0
0.0	1.0
-9.539735037833452e-05	0.0
-0.0010722457664087415	1.0
0.0	1.0
0.0	1.0
0.0	0.5811023622047244
-2.8894095521536656e-05	1.0
0.0	1.0
-1.1842633284686599e-05	1.0
-0.005731902550905943	0.0
0.0	0.023323615160349854
-2.9850129976694006e-06	1.0
0.0	1.0
0.0	1.0
-5.9413669077912346e-06	1.0
0.0	0.0
-8.395253936477332e-10	1.0
0.0	1.0
0.0	1.0
-0.00011447824363131076	1.0
0.0	1.0
-0.008958539925515652	0.008928571428571428
0.0	1.0
-0.00017760151240509003	1.0
0.0	1.0
-1.6053519402703387e-06	1.0
-0.0019345986656844616	0.0
0.0	1.0
0.0	1.0
-0.00012693260214291513	0.0
-0.00019582084496505558	1.0
0.0	1.0
-0.005654110573232174	0.0
-0.000460165087133646	0.24096385542168675
0.0	0.0
-0.0013810094678774476	0.0
0.0	1.0
0.0	1.0
-2.6115282760743805e-14	1.0
0.0	1.0
0.0	1.0
0.0	1.0
0.0	1.0
0.0	1.0
-0.00010105921683134511	1.0
-0.052829645574092865	0.0
0.0	1.0
0.0	0.0
-1.716610677249264e-05	1.0
-1.3239129657449666e-05	1.0
0.0	1.0
0.0	1.0
0.0	0.4558139534883721
-2.909457030852991e-08	0.15544041450777202
0.0	0.0
0.0	0.03233256351039261
-6.882908110128483e-06	0.0
0.0	1.0
-2.057410881661781e-07	1.0
0.0	0.0
0.0	0.0
0.0	1.0
0.0	1.0
0.0	1.0
0.0	1.0
-8.399051148444414e-05	1.0
-1.3049231711192988e-05	1.0
0.0	1.0
0.0	0.0
-5.2112387493252754e-05	1.0
0.0	0.0
-0.00046641641529276967	0.0
0.0	1.0
0.0	1.0
-0.00484419846907258	0.0
-0.009057204239070415	0.047619047619047616
0.0	1.0
0.0	1.0
0.0	1.0
0.0	1.0
0.0	0.0
0.0	1.0
0.0	1.0
0.0	0.0
-8.161628102243412e-06	0.008928571428571428
-6.381395110111043e-07	1.0
0.0	1.0
0.0	0.5039787798408488
0.0	1.0
0.0	1.0
-0.000327678193571046	1.0
0.0	1.0
-5.767226411990123e-06	1.0
-2.2190818071976537e-07	1.0
0.0	1.0
0.0	1.0
0.0	1.0
-3.483631735434756e-05	0.0
-1.059418536897283e-05	0.0
0.0	0.0
0.0	1.0
-0.0001582381664775312	0.0
-0.0002789477293845266	1.0
-0.0006734594353474677	1.0
0.0	1.0
-2.2049499648346682e-07	1.0
0.0	0.0
0.0	1.0
-0.0070944796316325665	0.0
0.0	1.0
0.0	1.0
0.0	1.0
0.0	0.1943127962085308
0.0	1.0
0.0	1.0
-0.0001400931942043826	0.0
-2.2868322048452683e-05	1.0
0.0	1.0
0.0	1.0
0.0	1.0
-5.1989085477543995e-05	1.0
0.0	1.0
0.0	1.0
-0.0029045608825981617	0.0
-3.0822940288999234e-07	1.0
-0.00024497247068211436	0.34657039711191334
0.0	1.0
0.0	1.0
0.0	0.0
0.0	1.0
0.0	1.0
0.0	0.0
-5.071669875178486e-05	1.0
0.0	1.0
0.0	1.0
0.0	1.0
0.0	0.0
-0.0004799302259925753	1.0
0.0	1.0
0.0	0.0
-2.1657173476796743e-07	1.0
0.0	1.0
-0.007605999708175659	0.0
0.0	1.0
-0.018433036282658577	0.03631961259079903
-0.012857562862336636	0.0
0.0	1.0
0.0	1.0
0.0	1.0
0.0	1.0
-0.0013991076266393065	0.37037037037037035
0.0	1.0
0.0	0.1
-3.2274838304147124e-06	1.0
-5.505621629708912e-06	1.0
0.0	1.0
-0.001848680549301207	1.0
0.0	1.0
0.0	1.0
-0.01637246645987034	0.0
0.0	1.0
0.0	1.0
0.0	0.2085889570552147
0.0	1.0
0.0	1.0
-3.2542275221203454e-06	1.0
0.0	0.0
0.0	0.0
-4.2619674786692485e-05	0.0
0.0	1.0
0.0	1.0
0.0	1.0
0.0	1.0
0.0	1.0
-7.878462201915681e-05	1.0
-0.002325029345229268	1.0
0.0	1.0
0.0	1.0
0.0	1.0
-4.88830096401216e-07	1.0
0.0	1.0
-0.006418909877538681	0.0
0.0	1.0
-5.543819270314998e-08	1.0
0.0	1.0
0.0	1.0
0.0	1.0
-1.0387046040991055e-12	1.0
0.0	1.0
0.0	1.0
-1.3920361752184363e-08	1.0
-0.00013067155668977648	1.0
0.0	1.0
0.0	1.0
0.0	1.0
0.0	1.0
0.0	1.0
-7.554773037554696e-05	1.0
0.0	1.0
0.0	0.0
0.0	1.0
-0.0011913590133190155	1.0
-0.00217194901779294	1.0
0.0	1.0
0.0	1.0
0.0	1.0
0.0	0.0
0.0	0.0
0.0	1.0
0.0	0.0
0.0	1.0
0.0	1.0
0.0	1.0
0.0	1.0
0.0	1.0
-0.0070779090747237206	0.0
-5.656889632963584e-15	1.0
0.0	1.0
0.0	1.0
-5.312189355066721e-09	1.0
0.0	1.0
-0.0001222099526785314	1.0
0.0	1.0
0.0	1.0
0.0	1.0
0.0	1.0
-0.0029711108654737473	0.0
0.0	1.0
0.0	0.5526315789473685
0.0	1.0
-0.0037415812257677317	0.0
0.0	1.0
0.0	1.0
-0.03580829128623009	0.0
0.0	1.0
0.0	0.07142857142857142
0.0	0.0
-8.680731866661517e-07	1.0
-0.00026855155010707676	1.0
0.0	1.0
0.0	1.0
0.0	1.0
0.0	1.0
0.0	0.0
0.0	1.0
-0.0007075229077599943	1.0
-0.0005551713984459639	1.0
0.0	0.0
-4.208356767776422e-05	1.0
0.0	0.0
0.0	0.3248730964467005
-0.00035402929643169045	1.0
0.0	1.0
0.0	1.0
-0.005922370590269566	0.0
0.0	1.0
-0.01495348196476698	0.0
0.0	1.0
-0.0023599620908498764	1.0
-6.603931979043409e-05	1.0
0.0	0.32142857142857145
0.0	1.0
0.0	1.0
-1.5048000932438299e-05	1.0
0.0	1.0
-1.2862792573287152e-05	1.0
-0.0010814459528774023	0.0
0.0	1.0
0.0	1.0
-1.4804595593886916e-07	1.0
-6.7959735616796024e-09	1.0
0.0	1.0
0.0	1.0
-0.004427169915288687	0.0
0.0	1.0
-1.7950252395593225e-09	1.0
-0.00011006116983480752	0.0
0.0	1.0
-0.0010397001169621944	0.0
-0.029055217280983925	0.2692307692307692
0.0	0.49047619047619045
0.0	0.0
0.0	1.0
-0.00032002045190893114	1.0
0.0	1.0
-1.6664081670114683e-07	0.0
0.0	0.0
0.0	1.0
-9.267817222280428e-05	1.0
-1.2432654727945192e-07	1.0
-0.029016688466072083	0.0
0.0	0.13496932515337423
0.0	0.0
0.0	0.0
0.0	1.0
0.0	1.0
0.0	0.0
0.0	1.0
0.0	1.0
0.0	1.0
-1.3238263818493579e-05	1.0
0.0	1.0
-2.1251094949548133e-05	1.0
-0.0008830506703816354	1.0
0.0	1.0
-0.006849761586636305	0.125
0.0	1.0
0.0	0.0
-0.00021936926350463182	1.0
-3.744326249943697e-06	1.0
0.0	1.0
-0.001489838003180921	1.0
0.0	0.41262135922330095
-0.0017382137011736631	0.0
-2.3599513951921836e-06	1.0
0.0	0.0
-3.7831279769307e-05	1.0
0.0	0.0
0.0	0.0
-1.863996840256732e-05	1.0
-9.611277107524074e-08	0.8919540229885058
-0.0035953621845692396	0.0
0.0	1.0
-0.0026752289850264788	1.0
0.0	0.4983388704318937
0.0	0.20909090909090908
0.0	1.0
-9.456832049181685e-05	0.21882951653944022
0.0	1.0
0.0	1.0
0.0	1.0
0.0	1.0
0.0	1.0
0.0	1.0
0.0	1.0
0.0	1.0
-0.0006836101529188454	0.0
0.0	1.0
0.0	1.0
-0.00026915600756183267	1.0
0.0	1.0
0.0	1.0
0.0	1.0
0.0	0.2
0.0	0.0
0.0	1.0
0.0	1.0
-0.0003258613869547844	1.0
0.0	1.0
0.0	1.0
0.0	1.0
-5.547620730794733e-06	1.0
-5.059246632299619e-06	1.0
0.0	1.0
0.0	1.0
0.0	1.0
-0.02483062446117401	0.0
0.0	0.0
0.0	0.0
-3.216275899831089e-06	1.0
-0.010967710986733437	0.0
0.0	1.0
-0.00043129295227117836	1.0
0.0	1.0
-0.0001572437904542312	1.0
0.0	1.0
0.0	1.0
-0.001697495928965509	1.0
0.0	1.0
0.0	0.07073170731707316
0.0	1.0
-0.00023967062588781118	1.0
0.0	1.0
0.0	1.0
0.0	1.0
0.0	1.0
0.0	1.0
