-3.343825301271863e-05	0.0
-0.002561538713052869	0.0
0.0	0.0
-0.025082755833864212	0.0
0.0	0.0
-0.001826956053264439	0.0
-0.00036405009450390935	1.0
0.0	0.0
0.0	1.0
0.0	0.013
-0.000895161007065326	1.0
0.0	1.0
-0.0016970509896054864	0.0
0.0	0.0
0.0	0.0
-0.005802803207188845	0.0
-1.098307556013367e-09	0.0
-1.4976916928866046e-10	1.0
-0.0020900957752019167	0.0
-0.001951509853824973	0.0
0.0	1.0
0.0	1.0
0.0	1.0
0.0	1.0
0.0	0.0
0.0	0.0
0.0	0.0
-0.005689266603440046	0.0
0.0	0.0
0.0	0.0
-6.339848914649338e-05	0.0
-8.655599958728999e-05	0.0
-0.0014711146941408515	0.0
-0.0015922322636470199	0.0
-3.430060679932012e-10	1.0
-0.009333952330052853	0.0
0.0	0.0
0.0	0.321
-0.012922334484755993	0.009009009009009009
0.0	0.33601609657947684
0.0	0.009009009009009009
0.0	1.0
0.0	0.02
0.0	0.029455081001472753
-0.004000016488134861	0.002
0.0	0.002
-0.0005647037760354578	0.002
0.0	0.0
0.0	0.002
-4.0544177863921504e-06	0.028
0.0	0.002
0.0	0.0
0.0	0.002
0.0	1.0
-0.000989976106211543	0.002
-2.2138108235481013e-08	1.0
0.0	0.0
-3.6521007586998167e-06	0.0
0.0	0.0
0.0	0.0
-0.0013166886055842042	0.0
-0.00318476022221148	0.0
-0.0005113737424835563	0.0
0.0	0.0
0.0	0.0
-0.004832755774259567	0.0
0.0	0.167
-2.297450919286348e-06	1.0
-0.000514645769726485	1.0
-3.0300017897388898e-05	1.0
0.0	0.0
-6.515373310311823e-12	0.0
0.0	0.0
-1.33623023756968e-09	0.0
0.0	0.0
-5.26466521932889e-07	0.0
-5.691427577403374e-05	0.0
-0.00019055148004554212	0.0
0.0	0.0
-2.963273360023777e-08	0.0
0.0	0.0
-4.932219326292397e-07	0.0
-0.001637468347325921	0.0
0.0	1.0
0.0	1.0
-1.8697657651500776e-05	0.0
-0.0040311748161911964	0.0
-0.0010107940761372447	1.0
0.0	1.0
0.0	0.0
0.0	0.0
0.0	0.0
-1.4409228242584504e-05	1.0
-0.005383585579693317	0.0
0.0	0.0
0.0	0.0
-8.926779628382064e-06	0.0
-0.0010802892502397299	0.0
-0.0005324978264980018	0.0
0.0	0.0
0.0	0.0
0.0	0.0
0.0	0.0
0.0	0.0
0.0	0.0
0.0	0.0
-1.6621214404821671e-09	0.0
0.0	0.0
-0.0006185153615660965	0.0
-4.000543776783161e-05	0.002
0.0	0.0
0.0	0.0
-4.326382986619137e-05	1.0
0.0	0.0
0.0	0.0
-0.0017424446996301413	0.0
-1.519746439804237e-09	1.0
0.0	0.0
0.0	0.0
-0.005191043484956026	0.0
-0.00033061724388971925	1.0
-4.84008251078194e-06	1.0
0.0	0.0
-0.0035860154312103987	0.0
0.0	1.0
-0.00019744248129427433	0.0
-3.1058928016136633e-06	1.0
-9.175306331599131e-06	0.0
-0.0009176289895549417	0.0
0.0	0.0
-9.257159622189093e-11	0.0
0.0	0.0
-1.9918248383987702e-08	0.0
0.0	0.0
0.0	0.0
0.0	0.0
-0.005430267658084631	0.0
0.0	0.0
0.0	0.0
0.0	0.0
-2.8464562547014793e-06	0.0
-2.7597641860666045e-07	0.0
-1.3164586562197655e-05	1.0
-0.0014469258021563292	1.0
0.0	0.0
0.0	0.0
0.0	0.0
-0.0014465900603681803	0.0
-0.033701587468385696	0.0
0.0	0.0
0.0	1.0
0.0	0.008
-0.0006341795669868588	0.008
-0.0007690690108574927	0.0
0.0	0.0
0.0	1.0
0.0	0.0
-6.472330824180972e-06	0.0
0.0	0.0
-2.8572230803547427e-07	0.0
-1.1211216587980743e-05	0.0
0.0	1.0
-1.277354203921277e-05	0.0
-3.328868842800148e-05	0.0
0.0	0.0
0.0	0.0
-2.7688767545441806e-07	0.0
0.0	0.0
-1.453920231142547e-05	0.0
0.0	0.167
-0.0004884051159024239	0.0
0.0	0.167
0.0	0.4757834757834758
-0.0003105693031102419	0.0
0.0	0.167
0.0	0.0
0.0	0.0
0.0	0.0
0.0	0.0
0.0	0.0
0.0	0.0
0.0	0.0
-1.626534924525913e-07	0.0
0.0	0.047
0.0	0.0
-3.2615551504022733e-07	0.0
-0.0084082605317235	0.0
0.0	0.047
0.0	0.047
-0.0014644914772361517	0.0
-5.011386383557692e-05	0.047
0.0	0.6438356164383562
0.0	1.0
-1.5619473288097652e-06	0.047
-0.003938334994018078	0.0
0.0	0.0
-0.001332704327069223	0.0
-6.568838983866954e-08	1.0
0.0	0.0
0.0	1.0
-1.885242818389088e-05	0.0
0.0	1.0
0.0	0.0
0.0	1.0
0.0	0.0
-5.719659020542167e-05	0.0
0.0	1.0
0.0	1.0
-0.0024151846300810575	0.0
-1.7983487850870006e-05	1.0
0.0	1.0
-2.6849302230402827e-06	1.0
0.0	0.0
0.0	1.0
-0.009193877689540386	0.0
-0.0004334231489337981	1.0
0.0	1.0
-1.5374851614069485e-07	1.0
0.0	1.0
0.0	1.0
0.0	0.0
-0.018520256504416466	0.0
-9.425596545042936e-06	1.0
0.0	0.0
0.0	1.0
-0.008458306081593037	0.0
0.0	1.0
-0.0001637947716517374	1.0
0.0	1.0
-0.0020064953714609146	0.0
0.0	0.0
-0.002767880680039525	1.0
-1.7491779608728037e-16	0.0
0.0	0.0
0.0	0.0
-1.595365029061213e-05	1.0
-0.00040185966645367444	1.0
0.0	1.0
0.0	0.0
0.0	0.0
0.0	1.0
-5.310252671614224e-12	1.0
0.0	1.0
0.0	1.0
0.0	1.0
0.0	1.0
0.0	1.0
0.0	1.0
0.0	0.0
-0.0020360643975436687	0.0
-1.1248291684751166e-06	1.0
-0.00016343779861927032	0.0
0.0	0.0
-0.0011963148135691881	0.0
-8.828057502796582e-07	0.0
0.0	1.0
-0.001870499923825264	0.0
0.0	1.0
-0.0038813182618469	0.0
-0.0011722126509994268	1.0
-0.0003822437720373273	0.0
0.0	0.0
-1.9071729184361175e-05	0.0
0.0	1.0
0.0	0.0
0.0	0.001
0.0	0.0
0.0	0.0
-0.0002018593659158796	0.0
0.0	1.0
0.0	1.0
-0.0013691032072529197	1.0
-0.0009640539647080004	1.0
0.0	0.0
0.0	0.0
-0.004689764231443405	0.0
-8.072747732512653e-05	1.0
-0.0004682560684159398	0.0
0.0	0.0
-0.00013278050755616277	0.0
0.0	0.0
-0.0023848628625273705	0.0
0.0	0.0
0.0	0.0
-0.008604250848293304	0.0
0.0	0.0
-0.0011846006382256746	0.0
-0.00454908050596714	0.0
0.0	0.0
0.0	0.0
-3.8378615840883867e-07	0.0
0.0	0.0
0.0	0.0
-5.0531680244603194e-06	0.0
-1.551652076159371e-06	0.0
0.0	0.0
-0.0023224696051329374	0.0
0.0	0.0
-0.0006531981634907424	1.0
0.0	1.0
-0.00012070826778654009	0.0
0.0	0.0
-0.00039628118975088	0.0
0.0	0.0
0.0	0.0
0.0	0.0
0.0	1.0
0.0	0.0
-2.5852852559182793e-05	0.0
-0.0007053751032799482	0.0
0.0	0.0
0.0	0.0
0.0	0.0
-0.0008460438693873584	0.0
-0.003603721968829632	0.0
-2.7958872124145273e-06	0.0
-7.652268152469333e-08	0.0
0.0	0.0
-0.0029949606396257877	0.0
-1.2028009450659738e-06	0.067
-4.726111001218669e-06	0.0
-0.009460714645683765	0.067
0.0	0.0
0.0	1.0
0.0	1.0
0.0	0.0
-0.00014199364522937685	1.0
0.0	1.0
-0.0007677027024328709	1.0
0.0	1.0
0.0	0.0
0.0	0.0
0.0	1.0
0.0	0.0
0.0	0.0
0.0	0.0
-0.0015452586812898517	0.0
-1.1025905166661687e-07	1.0
-9.625502570997924e-05	0.0
0.0	1.0
-0.038140419870615005	0.0
0.0	0.0
0.0	0.0
-0.0006381445564329624	0.0
-0.0008647373178973794	0.0
-0.00019267780589871109	0.0
0.0	1.0
0.0	1.0
-0.0031031484249979258	0.0
0.0	0.0
-0.0006976734148338437	1.0
0.0	0.0
-0.0006939136073924601	0.0
0.0	0.0
0.0	0.0
0.0	0.0
0.0	0.0
-9.407606285094516e-07	0.0
0.0	0.0
0.0	1.0
-7.263981842697831e-06	1.0
-0.0009634314919821918	1.0
-2.847106941317179e-07	1.0
-0.00039155661943368614	0.0
0.0	0.0
-0.001284477417357266	0.0
0.0	0.0
-1.1240366802667268e-05	0.0
0.0	0.0
0.0	0.0
-0.004268544260412455	0.0
0.0	0.0
0.0	0.0
0.0	0.0
0.0	0.0
0.0	0.0
0.0	0.0
-0.0001374775602016598	1.0
0.0	0.0
0.0	0.0
0.0	1.0
-0.0014602390583604574	0.0
-0.00029585810261778533	0.04
-0.000123134144814685	0.0
0.0	0.0
0.0	0.0
0.0	1.0
0.0	1.0
0.0	0.0
-6.957422738196328e-05	0.0
-0.004023485351353884	0.0
-1.7128579202108085e-05	1.0
0.0	0.0
0.0	1.0
0.0	0.0
0.0	0.0
0.0	0.0
0.0	0.0
-0.028645403683185577	0.0
0.0	0.014
0.0	0.014
-1.0672815733414609e-05	0.014
0.0	0.014
0.0	0.014
-0.0002364711108384654	0.0
-1.8061715536532574e-06	0.0
0.0	1.0
0.0	1.0
0.0	1.0
0.0	0.0
-1.7838137864600867e-06	1.0
0.0	1.0
0.0	0.002026342451874367
-7.913047994634326e-11	0.013026052104208416
0.0	0.002026342451874367
0.0	1.0
0.0	0.0
-0.0002607118512969464	0.0
0.0	0.002
-0.0014617042616009712	0.0
-0.0006028549978509545	0.002
0.0	0.0
0.0	0.002
0.0	0.002
-0.0031584547832608223	0.0
-2.8664828732871683e-07	0.0
-3.263610415160656e-05	0.0
0.0	0.0
0.0	0.0
-0.00045508184120990336	0.0
-0.00011762302165152505	0.0
-1.1985611308773514e-05	0.0
-6.29510686849244e-05	0.0
0.0	0.0
0.0	0.0
-0.00089296541409567	0.0
0.0	0.0
-0.0006958519225008786	0.0
-3.4791352732099767e-07	1.0
-9.387202339894429e-07	1.0
-0.00432610884308815	0.0
-0.000812598445918411	1.0
0.0	0.0
0.0	0.001
-2.9192492547736038e-06	0.003115264797507788
-0.002143044723197818	1.0
-1.3084043075650698e-06	0.001
0.0	0.0
-4.4125764020463976e-07	0.0
-0.0002002398978220299	0.0
0.0	1.0
-0.0002597719430923462	0.0
-0.00017304271750617772	0.0
0.0	0.0
0.0	0.0
0.0	0.0
0.0	0.014
0.0	1.0
0.0	1.0
-0.012054817751049995	0.0
0.0	0.0
0.0	1.0
0.0	0.009
-0.00045029132161289454	1.0
0.0	0.0
0.0	0.009
0.0	0.0
0.0	1.0
-0.0024566827341914177	0.0
0.0	0.001
0.0	0.0
-0.009743079543113708	0.0
-1.6921523737778443e-08	1.0
-0.021610960364341736	0.0
0.0	0.0
0.0	0.0
-3.5984060104965465e-06	0.0
-0.00017529638716951013	0.0
-5.239315647997955e-10	1.0
0.0	1.0
0.0	0.0
0.0	0.0
0.0	0.0
0.0	0.0
-0.0002685723011381924	0.0
0.0	0.0
-6.547341035911813e-05	0.0
0.0	0.0
0.0	0.0
0.0	0.0
0.0	0.0
0.0	0.0
0.0	0.0
0.0	0.0
0.0	0.0
-5.270769179333001e-06	1.0
0.0	0.001
-1.3482110716722673e-06	1.0
0.0	0.0
-0.014406587928533554	0.0
0.0	0.0
0.0	1.0
-8.744268416194245e-05	0.0
0.0	0.0
0.0	0.002
-3.52989526497538e-09	0.002
0.0	0.0
-0.0020420681685209274	0.007
0.0	0.002
-2.0579374904627912e-05	0.0
0.0	0.002
0.0	0.006230529595015576
-0.0006950570968911052	0.0
0.0	0.0
-2.2404899482353358e-06	0.0
-0.0018737969221547246	0.0
0.0	0.0
0.0	1.0
0.0	1.0
-0.0011761237401515245	1.0
0.0	1.0
0.0	1.0
0.0	0.0
0.0	0.0
-3.411802822483878e-07	1.0
-0.0009567123488523066	0.0
0.0	1.0
0.0	0.0
0.0	0.0
0.0	0.0
-0.004722990095615387	0.0
0.0	0.0
0.0	0.0
0.0	1.0
0.0	0.0
-1.599808996388674e-08	0.0
0.0	0.0
-2.8165132448521035e-07	1.0
0.0	1.0
0.0	0.0
-0.0007867846288718283	0.0
0.0	0.0
0.0	0.0
-0.0005243650521151721	0.0
-2.691149893507827e-05	1.0
0.0	0.0
0.0	0.0
0.0	0.0
-4.175239667891795e-11	0.0
0.0	0.001
0.0	0.007007007007007007
-3.2726710230690514e-09	0.0
0.0	1.0
0.0	1.0
0.0	1.0
0.0	1.0
-2.0795137345430703e-07	1.0
0.0	1.0
0.0	1.0
-1.4934662395660325e-09	0.0
-0.0009110335377044976	0.679
-2.656996400673961e-07	0.0
0.0	0.679
-0.005793507676571608	0.0
0.0	0.679
-0.0027902843430638313	0.0
-0.0006751395994797349	0.0
-6.87847423250787e-05	0.679
0.0	0.679
0.0	1.0
-0.0007651960477232933	1.0
0.0	0.0
0.0	0.0
0.0	0.0030303030303030303
0.0	0.0
0.0	0.003
0.0	1.0
-0.00020794637384824455	0.321
-0.00036150263622403145	1.0
0.0	0.067
-0.009251860901713371	0.0
0.0	0.0
0.0	0.0
0.0	0.0
0.0	0.0
0.0	0.0
-3.8770340324845165e-05	0.0
-0.00017442672105971724	0.0
-7.751791417831555e-05	1.0
0.0	0.0
0.0	0.0
0.0	1.0
-6.627079073950881e-06	0.0
-2.220707528977073e-06	0.0
-0.003446715883910656	0.0
0.0	0.0
0.0	0.0
-3.0403587516047992e-05	0.0
-0.00014940013352315873	0.0
0.0	0.0
-2.2727267605660018e-06	0.0
-5.036307356931502e-06	0.0
-0.00035848075640387833	0.0
0.0	0.0
-0.0006261369562707841	0.0
0.0	1.0
-0.017705772072076797	0.0
0.0	1.0
0.0	1.0
0.0	1.0
-3.132844894962461e-12	0.007
-0.00020790647249668837	0.0
0.0	0.007
-0.00043066663783974946	0.007
0.0	0.0
0.0	0.006
0.0	1.0
-0.0017550410702824593	1.0
0.0	1.0
0.0	0.0
0.0	1.0
0.0	0.0
-1.3520055075488813e-09	1.0
0.0	0.0
-0.006000431254506111	0.0
-0.00011130132043035701	1.0
-1.559414264384884e-09	1.0
-3.1341935482487315e-06	0.0
0.0	0.0
0.0	0.004
0.0	0.0
0.0	0.0
-8.868656777849537e-07	0.0
0.0	0.0
-0.00010492615547263995	0.0
-0.0007212398340925574	0.0
0.0	0.0
0.0	0.0
0.0	0.0
0.0	0.0
0.0	0.0
0.0	0.0
0.0	0.0
0.0	0.0
0.0	0.0
0.0	0.0
0.0	0.0
-1.2697335023403866e-06	1.0
0.0	0.0
-0.012643559835851192	0.0
0.0	0.09
0.0	0.0
-8.682141196914017e-05	0.0
0.0	0.0
-0.0023837953340262175	0.0
-1.4133032522067879e-08	0.0
0.0	0.0
-0.008327321149408817	0.0
-5.078291906102095e-06	0.0
0.0	0.0
0.0	0.321
0.0	0.321
-2.172418862755876e-05	0.0
-0.00018290050502400845	0.0
-5.187126728145586e-09	0.0
-0.01279684342443943	0.0
-0.006418409291654825	0.0
0.0	0.0
-0.00022523588268086314	0.0
-0.007282576058059931	0.0
-0.0015131927793845534	0.0
0.0	0.0
0.0	1.0
-0.00804441049695015	0.0
-2.2977538094437477e-07	1.0
0.0	0.0
0.0	0.0
0.0	0.0
0.0	0.0
0.0	0.0
0.0	0.0
0.0	1.0
-3.5089062293991446e-05	0.0
-1.5091273780853953e-05	1.0
0.0	0.0
0.0	0.0
0.0	1.0
-9.251557639800012e-05	1.0
0.0	0.0
0.0	0.0
0.0	1.0
-6.38398778392002e-05	0.0
-0.005593027453869581	0.0
0.0	0.0
0.0	1.0
-0.0012020997237414122	0.0
0.0	1.0
0.0	1.0
0.0	0.0
0.0	1.0
-6.933181584400927e-09	0.014
0.0	0.0
-0.004311134107410908	0.0
-0.0001555153721710667	0.014
0.0	0.0
-7.464691589120775e-05	0.0
0.0	0.0
-5.040893029217841e-06	0.0
0.0	1.0
-5.922541458858177e-05	0.002
0.0	0.0
0.0	0.0
-2.0239273368360955e-08	0.0
-5.8434201491763815e-05	0.002
0.0	0.0
-2.1919840946793556e-05	1.0
0.0	0.0
0.0	0.0
0.0	0.002
0.0	0.002004008016032064
0.0	0.002004008016032064
-0.0004540065710898489	1.0
0.0	0.002004008016032064
-0.000397880794480443	0.002004008016032064
-0.0003633293672464788	1.0
-0.0034823943860828876	0.0
0.0	0.0
0.0	1.0
-1.645543670747429e-05	1.0
-1.7759628462954424e-05	1.0
-0.0008018423104658723	0.0
0.0	0.0
0.0	0.0
-0.0063438438810408115	0.0
0.0	0.0
-0.0002372871240368113	0.0
-1.5513237916486844e-10	0.0
-0.013302573002874851	0.0
0.0	0.0
0.0	0.0
-0.008478325791656971	0.0
0.0	0.0
0.0	0.0
-3.774424112634733e-05	0.0
0.0	0.0
-0.005718055181205273	0.0
0.0	0.0
-0.00027682105428539217	1.0
-7.805808127159253e-05	0.0
0.0	0.0
0.0	0.0
-3.410601223663434e-08	0.0
-1.4775484658002824e-07	0.0
0.0	0.0
0.0	0.0
0.0	0.0
0.0	0.0
-0.005865123122930527	0.0
-0.00308254174888134	0.0
-1.0537587513681501e-07	0.0
-4.446132606972242e-06	0.0
0.0	0.0
0.0	0.0
0.0	0.0
0.0	0.0
-0.00035344151547178626	0.0
-2.022048448679925e-07	1.0
0.0	1.0
0.0	1.0
0.0	0.008
0.0	1.0
0.0	0.0
0.0	0.0
0.0	1.0
-0.0003281306417193264	0.008
0.0	1.0
0.0	0.0
0.0	1.0
-3.323574659930273e-08	0.0
0.0	0.0
-0.00014944971189834177	0.0
0.0	1.0
0.0	0.0
-0.0004262785951141268	0.0
0.0	1.0
-0.0015084784245118499	0.0
0.0	0.0
