0.0	0.0
-4.99391808261862e-06	0.0
0.0	0.0
-1.3911709174863063e-05	0.0
0.0	0.0
0.0	0.0
-0.005040532443672419	0.0
0.0	0.0
-1.1269802598690148e-05	1.0
0.0	1.0
0.0	1.0
0.0	0.0
-0.010207555256783962	0.0
0.0	1.0
0.0	1.0
-9.460521687287837e-05	1.0
-1.2940162719132786e-07	0.0
-0.001227675937116146	0.0
0.0	0.0
-2.8454805942601524e-05	0.0
0.0	0.0
0.0	1.0
0.0	0.0
-6.511259630428978e-13	1.0
0.0	1.0
0.0	0.0
0.0	0.0
0.0	0.0
-0.011293738149106503	0.0
0.0	0.0
0.0	1.0
-0.0003426376497372985	0.0
0.0	1.0
-9.234141907654703e-05	0.0
0.0	0.0
0.0	1.0
-1.2232700100867078e-05	0.0
0.0	0.0
-0.0019925397355109453	0.0
-6.34044994285432e-08	0.0
0.0	0.0
0.0	0.0
0.0	1.0
-1.190736220735289e-08	0.0
0.0	0.0
-5.022312787872352e-09	1.0
-0.00023211022198665887	0.01
0.0	1.0
0.0	1.0
0.0	0.01
-1.954294930328615e-05	0.01
0.0	1.0
0.0	1.0
0.0	0.0
0.0	0.0
0.0	0.006
0.0	0.0
0.0	1.0
-7.695275598962326e-06	0.0
-1.49876223076717e-05	0.0
-1.3227407180238515e-05	1.0
0.0	1.0
0.0	1.0
0.0	0.0
0.0	0.0
0.0	0.0
0.0	0.0
0.0	0.0
-0.003138563595712185	0.0
-4.5340486394707114e-05	0.0
-5.225338463787921e-05	0.0
0.0	1.0
0.0	0.0
0.0	1.0
0.0	0.0
0.0	1.0
-0.012377634644508362	0.0
-0.00019043848442379385	1.0
-6.0850317822769284e-05	1.0
-8.767315011937171e-05	1.0
0.0	1.0
0.0	1.0
-1.7254958947887644e-05	1.0
0.0	0.0
-2.1668331555702025e-06	0.004
0.0	0.0
0.0	0.0
0.0	1.0
0.0	1.0
0.0	0.004
-0.003212718293070793	0.0
0.0	0.004
-2.7526530175236985e-06	0.004
-0.0009898437419906259	0.004
0.0	0.004
-0.03698176145553589	0.0
0.0	0.0
0.0	0.004
0.0	0.0
0.0	0.0
0.0	0.0
-0.0067855603992938995	0.004
0.0	0.004
-0.0009112677071243525	1.0
-0.014676605351269245	0.0
0.0	0.0
0.0	0.0
-0.0001744800974847749	0.0
0.0	0.0
-0.0012847192119807005	0.0
0.0	0.0
0.0	0.0
0.0	0.0
-0.00014590620412491262	0.011
-0.0010053779697045684	0.0
0.0	0.011
-0.001883185002952814	0.0
-0.0008927577291615307	1.0
-5.649766171700321e-05	1.0
0.0	1.0
0.0	0.0
0.0	0.0
-0.0002795713080558926	0.033
0.0	0.0
-9.082729957299307e-05	0.0
-4.469182783850556e-07	0.011
0.0	0.011
0.0	0.011
-0.014574159868061543	0.0
-1.2739598265198993e-09	0.0
0.0	0.011
0.0	0.0
0.0	0.0
0.0	0.0
-1.8764238120638765e-05	0.0
0.0	0.0
0.0	1.0
0.0	0.034
0.0	1.0
0.0	0.001
-0.00023257688735611737	0.0
0.0	0.001
-3.1603714090167045e-10	1.0
0.0	1.0
-1.60551044245949e-05	0.0
0.0	0.0
-0.005388829857110977	0.0
-0.0028270643670111895	0.0
-0.0003373880754224956	1.0
-0.12150637060403824	0.0
0.0	0.0
0.0	1.0
0.0	0.0
0.0	1.0
0.0	0.0
-6.412971820246582e-10	1.0
0.0	1.0
-0.0002034235221799463	0.0
0.0	1.0
-0.0033118093851953745	0.0
0.0	0.0
0.0	0.0
0.0	0.0
-0.00025347931659780443	1.0
0.0	1.0
0.0	1.0
0.0	0.2474747474747475
-0.000500264170113951	0.09819639278557114
-2.766400393738877e-05	1.0
0.0	0.0
-1.6088974007288925e-05	1.0
0.0	1.0
0.0	0.398
0.0	1.0
-0.00041995791252702475	0.398
-1.0742304766608868e-05	0.0
0.0	0.0
-0.001030406216159463	0.398
0.0	0.398
0.0	0.0
0.0	0.0
-6.667080469924258e-07	0.0
-5.924798984757729e-10	0.0
0.0	0.0
-0.0009576628217473626	0.0
0.0	0.0
-7.196377521667685e-11	0.0
0.0	0.0
0.0	0.0
0.0	0.0
0.0	0.0
0.0	0.0
0.0	0.0
-0.007475191727280617	0.0
-3.35220574925188e-05	0.0
-0.2591926157474518	0.0
-7.795563760737423e-06	1.0
0.0	1.0
0.0	1.0
0.0	1.0
-0.012008383870124817	0.0
-2.524938508940977e-06	0.0
-0.0025582313537597656	0.0
-8.22645862541549e-09	0.0
-7.578443948774716e-12	1.0
-0.003583724843338132	0.0
0.0	0.0
-0.0030394848436117172	0.0
0.0	0.184
0.0	0.0
0.0	0.0
0.0	0.0
-0.0020913516636937857	0.0
0.0	0.0
0.0	0.0
-0.002317014615982771	0.0
-0.00033997968421317637	0.0
-3.5309112718096e-05	0.0
0.0	0.0
0.0	0.0
0.0	0.0
0.0	0.0
0.0	0.0
0.0	0.0
-0.00010188238229602575	0.0
-0.0008177950512617826	0.0
-0.00035415912861935794	0.0
0.0	0.0
0.0	0.0
-3.913169166480657e-06	0.109
0.0	0.0
-1.2865483256518928e-07	0.0
-0.0012956286082044244	0.109
0.0	0.0
0.0	0.0
0.0	0.016
0.0	1.0
0.0	1.0
-1.4018233684964798e-07	1.0
0.0	1.0
-7.9577490396332e-05	0.016016016016016016
-3.193741576978937e-05	0.016016016016016016
-2.3880220396677032e-05	0.016016016016016016
-0.000996223883703351	0.0
0.0	0.0
0.0	0.0
0.0	0.018
0.0	1.0
0.0	0.0
0.0	0.0
0.0	0.0
0.0	1.0
0.0	0.0
-2.2124784643251516e-11	0.0
-1.9546532712411135e-06	0.0
-0.0007224399596452713	0.0
-0.0021140584722161293	0.0
0.0	0.016304347826086956
-0.0010361401364207268	0.0
-0.0002906356530729681	0.0
0.0	0.0
-9.089670129469596e-06	0.0
0.0	0.0
0.0	0.0
-3.170118588968762e-06	0.0
0.0	0.0
-0.0009900834411382675	0.0
0.0	0.0
0.0	0.0
-4.712085137725808e-05	1.0
0.0	1.0
0.0	1.0
-0.00037896601133979857	0.0
-3.24480254221271e-07	1.0
-7.090975850587711e-05	1.0
0.0	0.0
0.0	1.0
-3.756841761060059e-05	1.0
-0.0031900873873382807	0.0
0.0	1.0
-0.004447806626558304	0.0
0.0	1.0
-0.0034606631379574537	1.0
-0.0008345523965544999	1.0
0.0	0.0
0.0	0.0
0.0	0.0
-4.618119783117436e-05	1.0
0.0	1.0
0.0	0.0
-0.000840387714561075	0.0
0.0	0.0
0.0	0.0
0.0	0.0
0.0	0.0
-5.30783727299422e-05	0.0
0.0	0.0
0.0	0.0
-6.414689414668828e-05	0.0
0.0	0.0
-5.096051154396264e-06	1.0
0.0	0.0
-1.7357104297843762e-05	1.0
0.0	0.0
-6.208287231856957e-05	0.0
0.0	0.0
0.0	0.0
0.0	0.0
0.0	0.0
-0.0001003279976430349	0.0
0.0	1.0
0.0	1.0
0.0	0.0
0.0	1.0
0.0	0.0
0.0	0.0
0.0	0.0
-0.00023136442177928984	1.0
0.0	1.0
0.0	0.0
0.0	1.0
0.0	1.0
0.0	1.0
0.0	1.0
0.0	1.0
0.0	1.0
0.0	1.0
0.0	0.0
0.0	1.0
0.0	0.0
-1.257002613108682e-09	1.0
-0.0009430732461623847	0.214
0.0	1.0
-0.0006046017515473068	0.0
0.0	0.0
0.0	0.0
0.0	0.0
-0.0003341306874062866	0.0
0.0	1.0
0.0	1.0
-3.827268665190786e-05	1.0
0.0	0.0
0.0	0.0
0.0	0.0
0.0	0.0
0.0	1.0
-9.544806971462094e-07	1.0
0.0	1.0
-0.00020147704344708472	0.0
0.0	0.0
0.0	0.0
0.0	0.0
0.0	0.24181818181818182
0.0	0.05997693194925029
-1.005442413770652e-06	1.0
0.0	0.0
0.0	0.0
0.0	0.0
0.0	0.0
0.0	0.0
-0.006220534909516573	0.0
0.0	0.0
0.0	1.0
0.0	0.0
0.0	0.0
0.0	0.0
0.0	0.0
0.0	0.0
0.0	0.0
0.0	1.0
0.0	0.0
0.0	0.101
-0.00010053286678157747	0.101
-0.008287135511636734	0.101
-0.00010645656584529206	0.0
0.0	0.101
0.0	0.101
0.0	1.0
0.0	0.16777408637873753
0.0	0.0
0.0	0.0
0.0	0.0
0.0	0.0
0.0	0.0
0.0	0.0
0.0	0.0
-0.00046352474601008	0.0
0.0	0.0
0.0	0.0
0.0	1.0
-0.0006635687896050513	0.0
0.0	0.0
0.0	1.0
-5.429969405668089e-06	0.0
0.0	0.0
0.0	0.0
0.0	0.0
0.0	0.0
0.0	0.0
-0.011597233824431896	0.0
-0.0003658518835436553	0.0
0.0	1.0
0.0	1.0
-0.020645219832658768	0.0
-1.830880891340314e-09	0.0
-0.043191321194171906	0.0
0.0	0.0
0.0	0.0
0.0	0.0
0.0	0.0
0.0	0.0
-0.020708775147795677	0.0
0.0	0.0
0.0	0.0
-2.3907082535856716e-08	1.0
0.0	1.0
0.0	0.0
-6.602595385629684e-05	0.0
-0.0006452813395299017	0.0
0.0	1.0
-0.0017077639931812882	0.0
0.0	0.0
0.0	0.0
-0.0026493507903069258	0.0
-0.0004231313359923661	0.0
-5.959559530310798e-07	0.0
-7.784037734381855e-05	0.0
0.0	0.0
0.0	0.0
-0.00010861502960324287	0.0
0.0	1.0
0.0	0.0
-0.005456124432384968	0.0
0.0	0.0
-7.86000986519042e-10	0.0
0.0	1.0
0.0	1.0
0.0	0.0
0.0	0.0
-0.012890874408185482	0.0
0.0	0.013
0.0	1.0
-0.0036799965891987085	0.013
-0.0038459738716483116	0.0
-1.0405733519291971e-05	0.0
0.0	0.0
0.0	0.0
-1.0456855306983925e-05	1.0
0.0	0.0
-3.0629314640151506e-09	0.0
0.0	0.0
-0.0035859423223882914	0.0
-9.458622116653714e-06	0.0
0.0	0.0
-3.4090546705556335e-06	0.0
-7.211534830275923e-05	0.0
-0.09515738487243652	0.0
0.0	0.0
-6.519805901916698e-05	0.0
0.0	0.0
-0.006169919855892658	0.0
-0.0020127063617110252	0.0
-1.4030371858098079e-05	0.0
-8.232971282495782e-08	0.0
0.0	0.0
-0.00030581807368434966	0.0
0.0	0.0
-0.0033507742919027805	0.0
0.0	0.0
-0.008821242488920689	0.0
0.0	0.0
-9.193591998801764e-10	1.0
0.0	1.0
0.0	0.009
0.0	1.0
-0.001073926454409957	0.009
0.0	0.009
-0.038816772401332855	0.0
0.0	1.0
-0.0029474576003849506	0.0
0.0	1.0
0.0	0.0
0.0	0.0
0.0	0.0
-0.008422868326306343	0.0
-0.00014445868146140128	0.0
0.0	1.0
-0.0004950411384925246	0.0
0.0	1.0
0.0	0.0
0.0	0.0
0.0	1.0
0.0	1.0
0.0	1.0
0.0	1.0
0.0	1.0
0.0	0.0
-0.0005529716145247221	1.0
0.0	0.0
0.0	1.0
-6.242838423986541e-08	0.0
-2.8873428163933568e-05	0.0
0.0	0.0
0.0	1.0
-1.2256740546945366e-06	0.001
0.0	0.0
0.0	0.0
-0.030887488275766373	0.0
0.0	0.002
-0.0005332333967089653	0.002512562814070352
0.0	0.0
0.0	0.0
0.0	0.001
-7.513199761888245e-06	1.0
0.0	0.0
0.0	0.0
-6.976065196795389e-05	1.0
-9.378064532938879e-06	1.0
0.0	0.0
0.0	1.0
-9.442028954254056e-07	0.0
0.0	0.0
-3.255729825468734e-05	1.0
-0.0013651734916493297	0.0
-0.00027513373061083257	0.0
-3.765893268337095e-07	0.0
0.0	1.0
0.0	0.0
0.0	0.0
0.0	0.0
-0.00024572270922362804	0.0
0.0	0.0
-2.004535190280876e-06	0.0
-0.0010881059570237994	0.0
0.0	0.0
-8.219180017476901e-06	0.0
-0.000139186333399266	0.0
0.0	0.0
0.0	0.0
-0.0007137716747820377	0.0
0.0	0.0
0.0	0.0
0.0	0.0
-0.00023953666095621884	0.0
-0.00022047107631806284	0.101
0.0	0.0
0.0	1.0
-8.102547965904705e-09	1.0
-0.0003981215413659811	1.0
-0.001882571610622108	0.0
-4.665267169912113e-06	0.0
-0.00016469316324219108	1.0
0.0	0.0
0.0	0.0
-0.0002138640993507579	0.0
-3.837727149402781e-07	0.0
0.0	0.0
-8.258309208031278e-06	0.0
-3.6814755731029436e-05	0.0
0.0	1.0
-9.087377111427486e-05	0.0
-0.033251214772462845	0.0
-5.3976440540282056e-05	0.0
-7.130578887881711e-05	1.0
-0.00016236169904004782	0.035
0.0	1.0
0.0	0.035035035035035036
0.0	0.0
-0.00687445281073451	0.0
-0.010826457291841507	0.0
0.0	0.0
0.0	0.0
0.0	0.0
0.0	0.0
0.0	0.0
0.0	1.0
-1.505335092133464e-07	0.0
-0.00025072621065191925	1.0
0.0	1.0
0.0	0.19911504424778761
-0.00012836251698900014	1.0
0.0	1.0
-4.665040614781901e-05	0.0
0.0	1.0
-5.995180885065565e-08	1.0
-9.666771383365358e-09	1.0
-0.0008493883069604635	1.0
-0.006745277438312769	0.0
-0.005535500589758158	0.0
0.0	0.0
0.0	1.0
-1.3293933125791865e-17	0.0
-7.020843622740358e-05	0.0
0.0	0.0
0.0	0.0
-0.00037408460048027337	0.0
0.0	0.0
-1.293425611947896e-06	0.0
-0.0072874161414802074	0.0
0.0	0.0
0.0	0.0
0.0	0.0
-6.272635575288888e-15	0.0
0.0	0.0
-0.0011785305105149746	0.0
-1.4668937353690126e-07	0.0
-7.344335556380699e-11	1.0
-1.7162553831440164e-06	0.0
0.0	1.0
0.0	0.025
0.0	0.025
0.0	1.0
0.0	0.0
-0.00012580271868500859	0.0
-0.00013694429071620107	0.0
0.0	1.0
-0.0004275925166439265	1.0
-0.007193713914602995	0.0
0.0	0.0
0.0	0.001
0.0	1.0
-8.260891263489611e-06	0.0
-1.4807258708060544e-07	0.0
0.0	1.0
-0.00169914192520082	1.0
0.0	0.0
-1.8155606085201725e-05	1.0
-0.004432456102222204	0.0
0.0	1.0
-7.225609000016675e-12	0.0
0.0	1.0
-0.0006647814298048615	1.0
0.0	0.0
-0.0002168415521737188	0.0
0.0	1.0
0.0	1.0
0.0	0.048
0.0	0.0
0.0	0.0
0.0	0.048
-0.0007424209616146982	0.0
0.0	0.048
0.0	0.0
0.0	0.0
0.0	0.0
0.0	0.0
-0.001734806806780398	0.0
0.0	0.0
0.0	0.0
0.0	0.0
0.0	0.0
-2.3891647288110107e-05	0.0
0.0	0.0
0.0	0.0
-0.00033219519536942244	0.0
0.0	0.0
-0.0025718500837683678	0.0
0.0	0.0
0.0	0.0
-0.002597225597128272	0.0
-1.792601409533745e-07	0.0
0.0	1.0
-3.5561955883167684e-05	1.0
0.0	1.0
-1.3273235708766151e-05	0.0
0.0	1.0
0.0	0.0
0.0	0.0
0.0	0.0
-0.002049596980214119	0.0
0.0	0.0
0.0	1.0
-0.0010127248242497444	1.0
0.0	0.0
-3.4582828902784968e-06	0.0
0.0	1.0
0.0	0.0
0.0	1.0
-0.00043283021659590304	1.0
-7.083425543896738e-07	1.0
-0.0002880569954868406	0.0
0.0	1.0
0.0	1.0
-9.827461511235924e-09	0.0
-6.900064181536436e-05	1.0
0.0	0.398
-0.000865548849105835	1.0
0.0	1.0
-3.8264311115199234e-06	1.0
0.0	0.0
0.0	1.0
0.0	0.0
-0.0009897304698824883	0.0
0.0	1.0
-9.217320795507078e-10	1.0
0.0	0.0
0.0	0.0
0.0	0.0
-0.011171231046319008	0.0
-0.00023850463912822306	1.0
0.0	0.0
-4.962986349710263e-05	0.0
-1.8637217635841807e-07	0.0
0.0	1.0
0.0	1.0
0.0	0.0
-1.3322752238309477e-05	0.0
0.0	0.0
0.0	1.0
-4.85534383187769e-06	0.0
0.0	1.0
-3.013592575484836e-08	0.001
-1.0535688765855866e-08	1.0
0.0	0.0
0.0	0.0
-9.165094525087625e-06	0.0
-0.0022217235527932644	0.0
0.0	1.0
0.0	1.0
0.0	0.0
0.0	1.0
0.0	1.0
0.0	0.0
0.0	1.0
0.0	0.0
0.0	1.0
-1.2657915351727694e-13	0.0
0.0	0.0
0.0	0.0
0.0	0.0
