-8.702558034201502e-07	0.0
-8.450412136533358e-13	0.0
-0.007261074148118496	0.0
-2.5719255063449964e-06	0.0
0.0	0.0
0.0	1.0
-2.0696743376902305e-06	0.0
0.0	0.0
0.0	0.0
0.0	0.0
0.0	0.0
-0.00026471674209460616	0.0
0.0	0.0
-0.0016020098701119423	0.0
-1.6647010852466337e-05	0.0
0.0	0.0
-3.3350475860061124e-05	0.0
0.0	0.0
-2.346347628190415e-06	0.0
0.0	0.0
-0.00735442666336894	0.0
-0.00011089228792116046	0.0
0.0	0.0
-0.007410651072859764	0.0
-6.816026143496856e-05	0.0
-5.213748409005348e-06	0.0
0.0	0.0
-0.0009583715000189841	0.0
0.0	0.0
0.0	0.0
-3.0065410101087764e-05	0.0
0.0	0.0
-0.0014693825505673885	0.0
0.0	0.0
-1.592999069544021e-05	0.0
0.0	1.0
-0.007817266508936882	0.0
-4.728957719635218e-06	0.0
0.0	0.0
0.0	0.0
0.0	0.0
-0.0013467358658090234	0.0027548209366391185
-3.076250365552369e-11	0.0
0.0	1.0
0.0	0.0
0.0	1.0
0.0	0.0
0.0	1.0
0.0	1.0
0.0	1.0
-1.3423556083580479e-05	1.0
-0.0014841470401734114	0.0
0.0	0.0
0.0	0.0
0.0	0.0
-0.00023931854229886085	0.0
-0.0010562080424278975	0.0
0.0	0.0
0.0	1.0
-4.380977713935863e-07	0.0
-2.0508052200884919e-10	0.008
-0.001200453843921423	1.0
-0.00043872720561921597	0.0
-4.632162166860743e-13	0.0
0.0	0.008
-0.04488258808851242	0.0
-0.008999376557767391	0.0
0.0	0.0
-5.916708687436767e-06	1.0
-8.178954158211127e-05	1.0
-0.02232182025909424	0.0
-1.0575523447187152e-05	0.0
0.0	0.0
-0.005446095950901508	0.0
0.0	0.0
-0.0002645789354573935	0.019
0.0	0.019
0.0	1.0
0.0	1.0
0.0	1.0
0.0	0.0
0.0	1.0
0.0	0.0
-6.721121280861553e-06	0.0
-1.3195647699526525e-11	0.0
-1.551682914102681e-11	1.0
-0.0003149932890664786	0.0
0.0	1.0
0.0	1.0
-4.5677212012762425e-10	0.0
0.0	0.0
0.0	0.0
-0.0004089013673365116	1.0
-5.926418907620246e-06	0.0
0.0	0.0
-0.00012033155508106574	0.0
-0.0015899225836619735	0.0
0.0	0.0
0.0	0.0
0.0	0.0
0.0	0.0
-0.0035749832168221474	0.0
0.0	0.0
-0.0018347952282056212	0.0
0.0	0.0
0.0	0.0
-0.015605107881128788	0.0
0.0	0.0
0.0	0.0
0.0	1.0
-1.672509313266346e-07	0.008048289738430584
0.0	0.006048387096774193
-0.00034666500869207084	0.0
-0.004530052654445171	0.0
0.0	0.0
0.0	0.0
-1.0207925242866622e-06	0.006048387096774193
-0.0015059747966006398	0.008
0.0	0.0
-0.003125246614217758	0.0
0.0	0.0
0.0	0.0
0.0	0.0
-0.001214540214277804	0.0
0.0	0.0
0.0	0.0
-0.0002801512600854039	0.0
0.0	0.0
-0.0003175585297867656	1.0
0.0	1.0
0.0	0.0
-1.0629734788381029e-05	0.0
-0.0006854780367575586	1.0
-2.0080276330602942e-10	0.002
-0.00039582978934049606	1.0
0.0	1.0
-0.004152888897806406	1.0
-1.724644212164339e-11	1.0
-0.0003621426585596055	0.0
-6.329024472506717e-06	0.002
-0.00012930878438055515	0.0
-0.00014021678362041712	0.002
-4.03131234634202e-05	0.0
-0.030729932710528374	0.0
0.0	1.0
-1.61366697284393e-05	0.002
-0.00025269004981964827	0.0
0.0	0.0
0.0	1.0
-0.0001481745857745409	1.0
0.0	0.0
0.0	0.0
-0.0005068451282568276	0.0
0.0	0.0
0.0	0.0
-0.0007359839510172606	1.0
-3.088925950578414e-06	1.0
-0.0002866722352337092	1.0
-9.760800458025187e-05	0.0
-0.00010947410919470713	1.0
0.0	0.0
0.0	1.0
0.0	1.0
-0.0002621652383822948	0.0
0.0	0.0
-4.36366863141302e-05	0.0
-0.0044221035204827785	0.0
-2.0333247903181473e-06	0.0
-0.00044032241567038	0.0
-0.0002286002563778311	0.0
-6.117246084613726e-05	0.0
-0.0052922749891877174	0.0
-0.0001806398358894512	0.0
-0.002426725346595049	0.0
-3.021605380126857e-06	0.0
0.0	0.0
0.0	0.0
-0.00013999817019794136	1.0
-7.383256161119789e-05	0.001
-0.001965454313904047	0.0
0.0	0.0
0.0	1.0
0.0	0.0
0.0	0.0
0.0	0.039
-0.00010429585381643847	0.039
-1.0283960364176892e-05	1.0
-0.00033238434116356075	0.039
0.0	0.0
-7.687286415603012e-05	0.0
0.0	0.0
0.0	0.0
0.0	0.0
0.0	0.0
-0.0031907164957374334	0.0
0.0	0.0
0.0	0.0
0.0	0.0
0.0	0.0
0.0	1.0
0.0	1.0
-3.979025164912997e-10	1.0
0.0	0.0
0.0	0.0
0.0	0.0
-0.009298009797930717	0.0
0.0	0.0
0.0	1.0
0.0	1.0
-0.0003347712627146393	1.0
0.0	0.0
0.0	1.0
0.0	1.0
-0.0010066826362162828	0.0
0.0	1.0
0.0	0.0
-1.3167485803933232e-06	1.0
-3.8620855775661767e-05	0.014
0.0	1.0
0.0	0.0
0.0	0.014
-0.001087937387637794	0.10547667342799188
0.0	1.0
-0.0001845256774686277	0.014
-0.0014074454084038734	0.014
-2.541361936891917e-05	0.014
-0.00018197116150986403	0.0
0.0	0.0
-0.0006939112208783627	1.0
0.0	0.0
0.0	0.0
-9.11745082703419e-05	0.032
-0.002500735456123948	0.0
-4.159121402835808e-08	1.0
0.0	0.0
0.0	1.0
0.0	0.0
0.0	0.0
0.0	0.0
0.0	0.0
0.0	0.0
-8.821809949211001e-09	0.0
0.0	0.032
-1.870132990688944e-07	0.0
0.0	1.0
0.0	1.0
-0.002492705127224326	0.0
0.0	0.0
0.0	0.035
0.0	0.0
-0.00031250237952917814	1.0
0.0	1.0
-3.515883406635112e-08	0.0
0.0	0.0
-0.001222133170813322	0.0
-0.0008519815164618194	0.0
0.0	0.0
-0.00041922990931198	1.0
-0.011497929692268372	0.0
0.0	0.0
0.0	0.0
-1.8724070116604707e-07	0.0
0.0	0.0
0.0	1.0
0.0	0.0
-0.00014209542132448405	0.0
-0.002253368031233549	0.0
-6.397123070200905e-05	0.0
0.0	0.0
0.0	0.0
0.0	0.0
0.0	0.0
-0.000350195070495829	0.0
0.0	0.0
0.0	0.0
-0.0022002514451742172	0.0
0.0	0.0
-3.876606569974683e-05	0.0
0.0	0.0
0.0	0.0
-0.003062557429075241	0.072
-0.00013204159040469676	0.0
0.0	0.0
-1.6154291415659827e-06	0.072
0.0	0.072
0.0	0.072
0.0	0.072
-0.004946179687976837	0.072
0.0	0.072
0.0	0.0
-7.662925440854451e-07	1.0
-0.0012002529110759497	0.0
-0.0007469526608474553	0.0
-6.187744293129072e-05	0.006
0.0	1.0
0.0	0.0
-1.0937535535049392e-06	0.0
0.0	1.0
0.0	1.0
0.0	0.0
0.0	0.0
0.0	0.0
0.0	1.0
0.0	1.0
0.0	0.0
0.0	0.0
-2.3441384655598085e-06	1.0
0.0	1.0
-0.0005130639765411615	0.0
0.0	0.001
0.0	0.001
0.0	1.0
-6.288528766162926e-06	0.001
-1.5867190938934073e-07	0.001
0.0	0.0
0.0	1.0
0.0	0.001
0.0	1.0
-0.0025430861860513687	0.0
0.0	1.0
-4.0084668223583364e-11	0.0
0.0	1.0
0.0	0.0
-0.0023977411910891533	0.0
0.0	0.019
0.0	0.0
0.0	0.019
-5.892052286071703e-05	1.0
-1.0155004929401912e-05	0.019
-4.148692823946476e-06	0.0
0.0	0.0
-1.1294486284896266e-05	0.0
0.0	0.019
0.0	0.0
0.0	0.01
0.0	0.008
0.0	0.0
0.0	1.0
-1.999044116018922e-06	1.0
-9.325282007921487e-05	0.0
0.0	0.0
0.0	1.0
0.0	1.0
-0.00198974646627903	0.0
0.0	0.0
0.0	1.0
-1.2875472243933928e-08	0.0
-1.3838824088452384e-05	0.0
-0.00049453170504421	0.0
0.0	0.0
0.0	0.0
0.0	0.0
0.0	0.0
0.0	0.0
-2.8595008188858628e-05	0.0
0.0	1.0
0.0	0.0
0.0	0.0
0.0	0.0
-0.0014783936785534024	0.0
0.0	0.0
0.0	0.0
0.0	0.0
0.0	0.0
0.0	0.0
-2.1136545456101885e-06	0.0
0.0	0.0
0.0	0.0
0.0	0.001
-0.008258103393018246	0.001
0.0	0.001
0.0	0.001
0.0	0.0
-4.4068508842087795e-09	0.0
0.0	0.0
-0.006067425012588501	0.0
0.0	1.0
-0.001228245790116489	1.0
-0.0003877175913657993	0.0
-0.00540316104888916	0.0
-4.439127820887734e-08	1.0
0.0	0.0
0.0	0.0
0.0	0.0
-0.00045011439942754805	0.0
0.0	0.002
-9.279202117795649e-07	0.0
0.0	0.0
-0.0006296574720181525	1.0
0.0	0.0
-0.0012368863681331277	1.0
-0.0005910489126108587	1.0
0.0	0.0
0.0	0.0
-4.522204562817933e-06	0.0
0.0	0.0
0.0	1.0
0.0	0.0
-0.0020386776886880398	0.247
0.0	0.0
-0.0007864222279749811	0.0
-0.002063916064798832	0.247
0.0	0.0
0.0	0.0
0.0	0.0
-0.004176885820925236	0.0
0.0	0.0
-0.045983750373125076	0.0
-7.245461165439337e-05	1.0
0.0	0.0
-7.194134377641603e-05	0.0
0.0	0.001
-4.734716014809237e-07	0.0
-8.484288628096692e-06	0.0
0.0	0.0
0.0	0.0
-0.006966829299926758	0.0
-0.0007490603602491319	1.0
-6.781900538044283e-06	0.0
0.0	0.0
-1.3868694850316388e-06	0.0
0.0	1.0
0.0	0.0
-3.9866030419943854e-05	1.0
0.0	0.0
-3.2226134294432995e-07	0.0
0.0	0.0
-4.3016712879762053e-05	1.0
0.0	1.0
-1.6563335520913824e-05	1.0
-1.7312633644905873e-05	0.0
-2.080162702457322e-16	1.0
-2.762971462288988e-06	0.0
0.0	1.0
0.0	0.0
0.0	0.0
0.0	0.0
-0.0018051674123853445	0.0
-0.0037575599271804094	0.0
0.0	0.247
0.0	0.247
-0.003865271806716919	0.247
-9.072883585758973e-06	0.247
0.0	0.0
0.0	0.0
0.0	0.0
0.0	1.0
-0.0036749858409166336	0.0
0.0	0.0
0.0	0.0
-7.529104095738148e-07	0.0
0.0	0.0
-7.656684465473518e-05	0.247
0.0	0.247
0.0	0.247
-7.715849985844014e-13	0.247
0.0	0.0
0.0	0.247
-0.006116456352174282	0.0
0.0	0.0
-0.00041269665234722197	0.0
0.0	0.0
0.0	0.0
0.0	0.0
0.0	0.0
0.0	0.0
0.0	0.0
-7.001001535973466e-16	0.0
0.0	0.0
0.0	0.0
0.0	0.0
-6.327410773110387e-08	0.0
-0.00012725278793368489	0.0
-0.002508432138711214	0.0
-0.0007502586231566966	0.0
-2.447354541246227e-10	0.0
0.0	0.0
-0.002861984074115753	0.0
0.0	1.0
0.0	1.0
-0.006435382645577192	0.0
0.0	0.0
-8.856009259261555e-08	1.0
-0.004753892309963703	0.0
-0.000746184668969363	0.0
-0.000313693773932755	0.0
-0.00034792430233210325	0.0
-0.023598816245794296	0.0
0.0	1.0
0.0	0.0
0.0	0.0
0.0	0.0
0.0	0.001
0.0	0.001
0.0	1.0
0.0	0.001
-1.3365142592647317e-07	1.0
0.0	0.001
-5.680501846683228e-09	0.0
-6.553599405378918e-07	0.003003003003003003
0.0	0.003003003003003003
0.0	0.0
0.0	0.014
0.0	1.0
0.0	0.014
0.0	0.0
-0.0003478429280221462	0.014
-0.004258350003510714	0.0
0.0	0.0
0.0	0.0
-0.007887480780482292	0.0
-2.3981962726793427e-07	0.0
-3.224309014226989e-11	0.0
0.0	1.0
0.0	0.0
0.0	0.0
-0.00028327773907221854	1.0
-0.00496794143691659	0.0
-2.6652315909814206e-09	0.0
-2.0190509530948475e-05	1.0
0.0	0.0
-0.00020446631242521107	0.0
0.0	1.0
0.0	0.0
-0.0002175991830881685	1.0
0.0	0.001
0.0	0.001
0.0	0.001
0.0	0.001
-0.010004868730902672	0.0
-0.0003464061301201582	0.0
0.0	0.001
0.0	0.001
0.0	0.0
0.0	0.0
-0.006374876480549574	0.001
0.0	0.0
0.0	0.0
0.0	0.0
0.0	0.0
-1.1073159839725122e-05	0.0
0.0	0.0
0.0	0.0
0.0	0.0
-0.015479178167879581	0.0
0.0	0.0
0.0	1.0
0.0	0.019
0.0	0.0
-0.000727292790543288	0.0
0.0	0.0
-5.5021770094754174e-05	0.0
0.0	0.0
0.0	0.0
0.0	1.0
-0.0017699571326375008	0.363
-7.321086514799902e-10	1.0
0.0	1.0
0.0	1.0
0.0	0.0
-0.0004918076447211206	0.0
-1.3118166862113867e-05	1.0
0.0	0.0
-1.1019561725333915e-06	0.0
0.0	0.0
-0.016406776383519173	0.0
0.0	0.0
0.0	0.0
-0.0009063968318514526	0.0
0.0	0.0
0.0	0.0
-6.519061344079091e-07	0.0
0.0	0.0
0.0	0.0
-0.006570208817720413	0.0
-5.053699624113506e-06	0.0
-4.7461840040341485e-06	0.0
0.0	0.0
0.0	0.0
0.0	0.0
-0.00039627787191420794	0.0
0.0	0.0
0.0	0.0
-0.001616014284081757	0.0
-0.00010455525625729933	0.0
0.0	0.0
-6.293924457168032e-07	0.0
0.0	0.0
-0.0001847686799010262	0.0
0.0	0.0
0.0	0.008
0.0	0.008
0.0	0.0
0.0	0.0
-0.0005005956627428532	1.0
-8.486829756293446e-05	0.0
-5.081742347101681e-05	0.0
0.0	0.0
-1.3740550741658808e-07	0.0
0.0	0.0
0.0	0.0
-3.402065434920942e-11	0.0
0.0	1.0
0.0	0.0
-2.3189219433561448e-09	0.0
-0.0007395881693810225	0.0
0.0	0.0
-1.3795845916320104e-05	0.0
0.0	0.0
0.0	0.0
0.0	1.0
0.0	1.0
0.0	0.0
0.0	0.0
0.0	0.0
0.0	0.0
0.0	1.0
-1.953837818291504e-05	0.0
0.0	0.0
-5.482876375140222e-08	1.0
-6.292654143180698e-05	1.0
0.0	0.0
0.0	1.0
0.0	1.0
-4.524866312749509e-07	0.0
0.0	0.0
-2.2652624220853568e-10	1.0
-1.9363210412848275e-06	1.0
0.0	1.0
-0.0005813241004943848	0.629
0.0	0.629
-1.959090877790004e-05	0.629
-4.837750384467654e-05	0.0
0.0	1.0
-4.6893084970633936e-08	0.629
-5.3173003777828853e-08	0.0
0.0	0.63
0.0	0.6306306306306306
0.0	0.002702702702702703
-4.012331089597865e-08	0.0
0.0	0.6441717791411042
-2.7993914955004584e-06	0.0
-0.0006515237037092447	0.11911911911911911
-4.449488187674433e-05	0.0011350737797956867
0.0	0.11911911911911911
0.0	0.11911911911911911
0.0	0.0
-0.0004196109948679805	1.0
0.0	0.0
-0.01025768369436264	0.0
0.0	0.0
0.0	0.0
0.0	0.0
0.0	0.0
0.0	0.0
0.0	0.0
0.0	0.0
0.0	0.0
0.0	0.0
0.0	0.0
-0.00010872626444324851	0.0
0.0	0.0
0.0	0.0
-0.00033808124135248363	0.0
-9.118830135435019e-09	0.0
-0.004577556159347296	0.0
0.0	0.0
0.0	1.0
0.0	0.0
0.0	1.0
0.0	0.0
-2.9701557650696486e-05	0.0
-1.1477385881975e-11	0.0
-6.973210133764951e-07	0.0
0.0	1.0
0.0	0.0
0.0	0.0
-0.0052825226448476315	0.0
0.0	0.0
-0.0011967683676630259	0.0
-0.001210971619002521	0.0
0.0	0.0
0.0	0.0
0.0	0.0
-0.0010743850143626332	0.0
0.0	1.0
-0.005194319877773523	0.007
0.0	1.0
0.0	1.0
0.0	1.0
0.0	0.0
-0.00022693825303576887	1.0
-2.9060384321155652e-08	1.0
-0.0004896220052614808	1.0
-1.0008626531998743e-06	1.0
0.0	1.0
-5.732478669528973e-08	1.0
0.0	0.0
0.0	0.0
-0.00013720452261622995	0.0
0.0	0.0
-1.3335211406229064e-05	0.0
-0.008857272565364838	0.0
0.0	0.0
0.0	0.0
0.0	0.0
-0.01972687989473343	0.0
-0.001503825536929071	0.0
0.0	0.0
-9.667912672739476e-05	0.0
-2.580974978627637e-05	1.0
-9.752680441010853e-09	1.0
-3.725656642927788e-05	1.0
0.0	0.0
-0.009504183195531368	0.0
-0.0011768118711188436	0.091
0.0	1.0
-6.593638681806624e-05	1.0
0.0	0.0
0.0	0.0
0.0	0.0
0.0	0.0
0.0	0.0
-1.320654405390087e-06	1.0
0.0	1.0
-0.0012754180934280157	1.0
-0.002850322285667062	1.0
-4.769189217768144e-06	0.0
-6.6359134507365525e-06	1.0
-0.0001574201014591381	0.0
-1.31619594170569e-14	0.0
-2.600678499220521e-06	0.0
0.0	1.0
-0.000946392014157027	1.0
-0.0010180786484852433	0.0
0.0	0.0
0.0	0.0
0.0	0.0
-0.00795090664178133	0.0
0.0	0.0
-0.001189861330203712	0.0
-0.00023077477817423642	0.0
-0.0009956498397514224	0.0
0.0	0.0
-1.1460548421382555e-06	0.0
0.0	0.006
0.0	0.0
0.0	0.0
-0.0006947350921109319	1.0
0.0	0.0
0.0	1.0
-1.8273762711351615e-11	0.0
0.0	1.0
0.0	0.0
0.0	0.0
-0.0007125684060156345	0.0
-0.005857008043676615	0.0
-0.002610060852020979	0.0
-8.238922418968286e-06	0.0
-4.70380145998206e-05	0.0
0.0	1.0
-0.0013459307374432683	0.0
0.0	0.0
0.0	0.0
0.0	1.0
-5.1882921979995444e-05	0.0
0.0	0.0
0.0	0.0
0.0	0.0
0.0	0.0
0.0	1.0
0.0	0.0
-5.220872117206454e-05	1.0
0.0	0.0
-2.1697122065233998e-05	0.0
-0.0032421520445495844	0.0
0.0	0.0
-0.0008320880588144064	0.0
0.0	0.0
-9.950257151558617e-08	0.0
0.0	0.0
0.0	0.0
0.0	1.0
-7.776883285259828e-05	0.0
-0.03711115941405296	0.0
0.0	0.0
0.0	1.0
0.0	0.0
-2.1088972346205992e-07	0.0
0.0	0.0
-1.8934918077917473e-09	0.0
