0.0	0.0
0.0	0.0
0.0	0.0
-0.0027736183255910873	0.0
0.0	0.0
-0.005069491919130087	0.0
0.0	0.0
0.0	0.0
0.0	0.0
0.0	0.0
0.0	0.0
0.0	0.0
0.0	0.0
0.0	1.0
0.0	1.0
0.0	1.0
0.0	0.0
-0.0004898823681287467	1.0
0.0	1.0
0.0	1.0
0.0	0.007
-0.0003445133042987436	0.0
0.0	0.0
0.0	0.0
0.0	0.0
0.0	0.0
-0.028719501569867134	0.0
-0.002274562604725361	1.0
0.0	1.0
0.0	1.0
0.0	1.0
-5.260946181806503e-06	0.0
0.0	0.0
0.0	0.0
0.0	0.0
0.0	0.0
-0.0054858955554664135	0.0
0.0	0.0
0.0	0.0
0.0	0.0
0.0	0.0
0.0	0.0
0.0	0.0
0.0	0.0
0.0	0.0
-2.4613422411334795e-08	0.0
-0.004786150064319372	0.0
0.0	0.0
-4.198531655674742e-08	1.0
0.0	0.0
0.0	0.0
0.0	0.0
-0.004190337378531694	0.0
0.0	0.0
0.0	0.0
0.0	0.0
0.0	0.0
-8.872004400473088e-05	0.024
0.0	0.0
-0.00033153468393720686	0.0
0.0	0.0
0.0	0.0
0.0	0.0
-1.4038225344847888e-05	1.0
0.0	1.0
-0.0006905115442350507	1.0
0.0	0.0
0.0	1.0
-1.9489371538838896e-07	1.0
-0.00013056046736892313	0.0
0.0	0.0
-2.4223965738201514e-05	0.0
0.0	0.0
0.0	0.0
-2.9895763175544513e-16	1.0
0.0	0.0
0.0	0.0
-0.0007774611585773528	0.0
0.0	0.0
0.0	0.0
-0.00021344938431866467	0.0
-2.4806024612189503e-06	1.0
-0.012819730676710606	0.0
-0.00012902136950287968	0.0
0.0	0.0
-0.005896578077226877	0.0
0.0	0.0
-3.0243736546253785e-05	0.0
0.0	1.0
0.0	0.0
-0.01986539363861084	0.0
0.0	0.0
0.0	0.0
-0.01649320311844349	0.0
0.0	0.0
-0.0027191194240003824	0.0
0.0	0.034
0.0	0.034
0.0	1.0
-0.0009717800421640277	0.0
-1.2272478500108264e-07	0.0
0.0	1.0
0.0	0.0
0.0	0.0
-0.007327689323574305	0.0
0.0	0.0
-1.8228205590276048e-05	0.0
-0.0006008574855513871	0.0
0.0	0.0
0.0	0.023
-0.0003307194565422833	0.023
-4.639401307571234e-09	0.0
0.0	0.023
-1.6057834727689624e-05	0.0
0.0	0.0
0.0	0.0
0.0	0.0
0.0	0.0
-2.9092386739648646e-06	0.0
-1.793848269926457e-08	0.0
-0.0001789091620594263	0.0
-0.00016421725740656257	0.0
0.0	1.0
-0.0016087073599919677	1.0
0.0	0.0
0.0	0.0
-0.0005702169146388769	0.0
-0.0009508206858299673	0.0
0.0	0.0
0.0	0.0
0.0	0.0
0.0	0.0
0.0	0.0
0.0	0.0
0.0	0.0
-6.734638736816123e-05	0.0
0.0	1.0
-0.008306075818836689	0.0
-2.288176574438694e-06	1.0
-0.000505710078869015	0.0
-1.288924863729335e-06	1.0
-5.0112280405301135e-06	1.0
0.0	1.0
0.0	0.04668838219326819
0.0	1.0
-2.3804208467481658e-05	1.0
-0.0007026451057754457	1.0
-7.530547908342344e-13	0.0
0.0	1.0
-2.24495252041379e-05	1.0
0.0	1.0
-8.845318370731547e-05	1.0
-0.04527677223086357	0.0
-0.002438337542116642	0.0
0.0	0.0
-0.0012431252980604768	0.0
0.0	1.0
0.0	1.0
0.0	1.0
0.0	0.0
0.0	1.0
-3.253145450798911e-07	1.0
0.0	1.0
0.0	1.0
0.0	1.0
-0.002038859762251377	0.0
0.0	0.0
0.0	0.0
-2.8263548301765695e-07	0.0
0.0	0.0
0.0	0.0
0.0	0.0
0.0	0.0
-0.0005872254259884357	0.0
0.0	0.0
0.0	0.0
0.0	0.0
0.0	0.0
0.0	0.0
0.0	0.0
0.0	0.0
0.0	1.0
0.0	0.0
-6.690166628686711e-05	1.0
-4.828634700970724e-06	1.0
0.0	1.0
0.0	1.0
-0.0041562533006072044	0.0
-0.0014112051576375961	1.0
0.0	1.0
0.0	1.0
0.0	0.0
0.0	0.0
-8.872550097294152e-05	0.0
0.0	0.0
-0.01706383377313614	0.0
-9.513821714790538e-05	0.0
0.0	0.0
0.0	1.0
-6.096220386098139e-05	0.0
0.0	0.0
0.0	1.0
0.0	0.0
0.0	0.064
0.0	0.0
0.0	0.0
0.0	0.0
0.0	0.0
0.0	0.0
0.0	1.0
0.0	0.0
0.0	0.0
-5.840665284750912e-09	0.0
-4.918144622934051e-05	0.0
-0.00024973860126920044	0.011
0.0	1.0
0.0	1.0
0.0	0.0
0.0	0.011
-1.653958975111891e-06	0.011
-0.011834547854959965	0.0
0.0	0.0
0.0	0.0
-6.157119952776569e-11	0.0
0.0	0.0
-0.00034474977292120457	0.0
0.0	0.0
0.0	0.0
-0.0005309874541126192	0.001
-2.684039622502521e-12	0.0
0.0	0.001
-0.0022912421263754368	0.0
0.0	0.0
0.0	1.0
-9.881546275680719e-11	0.0
-0.002577656414359808	0.0
0.0	1.0
0.0	1.0
-1.3213023066782625e-06	0.0
-6.577006388397422e-07	0.0
0.0	0.0
0.0	0.0
-0.004376152064651251	0.0
-0.005967510398477316	0.0
-0.000998475356027484	0.0
0.0	0.0
-0.00047290808288380504	1.0
0.0	0.0
-8.068479655776173e-05	0.0
0.0	0.0
0.0	0.0
-7.625400758115575e-05	0.0
0.0	0.0
-1.3012727322347928e-06	0.0
-6.839544766990002e-06	0.0
-0.02081148698925972	0.0
-0.0014707876835018396	0.003
-0.0019327382324263453	0.003
0.0	0.003
0.0	0.0
-0.002298131585121155	0.0
-0.00040805648313835263	0.0
-1.3048931712944523e-08	0.0
0.0	0.0
0.0	1.0
-0.00014551982167176902	0.0
0.0	0.0
0.0	0.0
-0.0012787674786522985	0.0
0.0	0.0
0.0	0.0
0.0	0.0
0.0	0.0
-1.1171293924638892e-14	0.0
0.0	0.005
-1.9890887870133156e-06	1.0
-6.499016308225691e-05	0.012
0.0	1.0
-5.1555973186623305e-05	0.007007007007007007
0.0	0.0
0.0	1.0
-0.00015798122331034392	1.0
0.0	0.0
0.0	0.0
0.0	0.0
-0.0005844220868311822	0.0
0.0	1.0
-2.9919157896074466e-05	0.0
-0.0040677073411643505	0.0
0.0	0.0
0.0	0.0
0.0	0.0
0.0	1.0
-0.00011915976938325912	1.0
0.0	1.0
0.0	0.015
-3.093899181294546e-08	0.0
0.0	0.0
0.0	0.0
0.0	0.0
0.0	0.0
0.0	0.0
0.0	0.0
-1.4938095205252466e-08	0.0
0.0	0.0
0.0	0.0
0.0	0.0
-2.2873884518048726e-05	1.0
0.0	1.0
0.0	1.0
-9.664942979270563e-08	1.0
0.0	1.0
0.0	1.0
0.0	0.0
-5.498122482094914e-05	1.0
-2.5349487259518355e-05	1.0
-1.8894900222221622e-07	1.0
-6.942753316252492e-06	0.0
0.0	1.0
-1.3456585747917416e-06	1.0
0.0	0.0
0.0	0.0
0.0	1.0
-2.7743283226300264e-06	0.002002002002002002
0.0	0.001
0.0	0.0
0.0	0.0
0.0	0.0
0.0	1.0
-0.0006241232622414827	0.001
0.0	0.0
0.0	0.001
-1.9171147869201377e-05	1.0
0.0	1.0
-0.00046233920147642493	1.0
0.0	0.0
-0.00010821589967235923	0.0
-0.006935757584869862	0.0
-0.00013904570369049907	0.0
-1.8807613244575805e-08	0.0
0.0	1.0
-1.5385479557039616e-08	1.0
0.0	1.0
0.0	0.001
0.0	0.001
0.0	0.001
-0.00010564459080342203	0.001
-0.009728130884468555	0.0
-0.005638786591589451	0.0
0.0	0.005
0.0	0.0
0.0	0.005
0.0	0.005
0.0	0.0
-2.579278043413069e-05	0.0
0.0	0.0
0.0	0.0
-1.3240156704341643e-06	0.0
0.0	0.0
0.0	0.0
0.0	0.0
0.0	0.0
-0.002142971381545067	0.0
0.0	1.0
-0.005703489761799574	0.0
0.0	0.0
-4.5290316847967915e-06	0.0
-0.06957417726516724	0.0
0.0	0.0
-7.648528033143975e-09	1.0
-0.03328392282128334	0.0
0.0	0.0
-0.014406020753085613	0.0
0.0	1.0
0.0	1.0
0.0	1.0
-0.0002483183052390814	1.0
0.0	0.0
0.0	0.0
0.0	0.0
0.0	0.0
0.0	0.0
0.0	0.0
-0.0014978828839957714	0.0
0.0	0.0
-7.170486787799746e-05	0.0
0.0	0.0
-1.066516874814738e-10	1.0
-0.0007851292029954493	0.0
0.0	0.0
0.0	0.0
-0.002356031909584999	0.0
-0.002731427550315857	0.0
-0.0004632853961084038	0.008
-0.14009621739387512	0.0
0.0	0.0
0.0	1.0
0.0	0.0
0.0	0.0
-1.075772161129862e-06	0.003
-0.008834020234644413	0.0
-1.0805476335917774e-07	0.0
0.0	0.0
-0.004426656756550074	0.003
-0.0012917653657495975	0.0
0.0	0.0
-0.00036251600249670446	0.0
0.0	0.0
-0.0015452569350600243	0.0
0.0	0.0
0.0	0.0
0.0	0.012096774193548387
0.0	0.008097165991902834
-1.1384460094632232e-06	0.012096774193548387
0.0	0.0
0.0	0.0
0.0	0.0
0.0	0.0
-0.0010002185590565205	0.0
0.0	0.0
-4.007841653219657e-06	0.003
-0.004301273729652166	0.006018054162487462
0.0	0.0030181086519114686
-1.0108459719049279e-05	0.0
0.0	0.0030181086519114686
0.0	0.006
-2.4087094061542302e-06	0.0
0.0	0.0
0.0	0.0
-0.00021597658633254468	0.0
0.0	0.0
-0.0022857144940644503	0.32390745501285345
0.0	0.0
0.0	1.0
-5.982548373140162e-06	0.0
-0.0006558872992172837	0.0
-0.0003396892570890486	0.0
0.0	1.0
0.0	0.0
0.0	1.0
-7.485112973881769e-08	0.0
-1.7949870922961964e-08	1.0
-0.0006476538837887347	1.0
-2.242150549136568e-05	1.0
0.0	0.0
0.0	0.0
0.0	0.0
0.0	0.0
-0.0008807634003460407	1.0
-5.174202306079678e-05	0.0
-0.009131222032010555	0.0
0.0	0.0
-1.3048409641669423e-07	1.0
0.0	0.0
0.0	0.005
0.0	0.0
0.0	0.0
0.0	0.0
-0.00021469105558935553	0.0
0.0	0.0
0.0	0.0
0.0	0.0
0.0	0.0
0.0	1.0
0.0	1.0
0.0	0.0
-0.011508737690746784	0.0
-8.606852497905493e-05	1.0
0.0	1.0
0.0	0.01
0.0	1.0
0.0	1.0
0.0	0.0
-0.00022520561469718814	1.0
-5.8785779401659966e-05	0.0
0.0	0.0
0.0	0.0
-1.3876907587473397e-06	1.0
-0.008315300568938255	0.0
0.0	0.0
0.0	1.0
-0.0014615535037592053	1.0
0.0	0.0
0.0	0.0
-0.0002903454878833145	0.0
-0.0020391144789755344	0.0
-0.0002523578586988151	0.0
0.0	0.0
0.0	0.0
0.0	0.0
-1.1665256538506696e-09	0.0
-0.006359804887324572	0.0
0.0	0.0
0.0	0.0
0.0	0.0
0.0	0.0
-0.00019609757873695344	0.0
0.0	1.0
0.0	1.0
0.0	1.0
0.0	1.0
0.0	0.0
-5.590196087723598e-05	0.0
0.0	1.0
0.0	0.0
0.0	0.0
0.0	0.0
0.0	0.0
0.0	0.0
-0.0011776278261095285	0.0
0.0	0.0
-0.0052582500502467155	0.0
-0.00027703712112270296	0.0
0.0	0.0
-0.002380114747211337	0.0
-0.00010404972999822348	0.0
0.0	0.0
0.0	0.0
-0.00835812371224165	0.0
-8.455122610939725e-07	0.0
0.0	0.001
0.0	0.0
0.0	0.0
0.0	0.0
-2.465136818632918e-12	0.0
0.0	0.0
0.0	0.0
-0.0010789911029860377	0.0
0.0	1.0
0.0	0.006
0.0	1.0
0.0	0.006514657980456026
0.0	1.0
-6.798770755267469e-07	0.0
0.0	1.0
0.0	0.0
0.0	0.0
0.0	0.077
0.0	0.0
0.0	0.0010834236186348862
-0.038354672491550446	0.0
0.0	0.0
-0.0013059849152341485	0.07707707707707707
0.0	0.0
0.0	0.0010834236186348862
0.0	1.0
0.0	0.0
-1.4420650984448002e-07	1.0
0.0	0.0
-4.1867369873216376e-06	0.011
0.0	0.0
-0.0011333692818880081	1.0
0.0	0.0
0.0	0.0
0.0	1.0
0.0	1.0
-1.7256754913930195e-09	1.0
0.0	0.0
-8.459626405965537e-05	0.0
-7.639986847607361e-07	0.0
0.0	0.0
0.0	1.0
-0.0009071198292076588	0.0
-2.1105042833369225e-05	1.0
0.0	0.0
-7.743315109109972e-06	0.078
-1.6005278666852973e-06	0.0
0.0	0.088
-5.0984799599973485e-06	0.0
0.0	0.088
-1.160318515758263e-05	0.0
0.0	0.088
0.0	0.088
0.0	0.0
0.0	0.0
0.0	0.088
-5.8265966799808666e-05	0.0
0.0	0.0
-0.0004525865660980344	0.0
0.0	0.0
-0.00029737732256762683	1.0
0.0	0.0
-0.0007425228832289577	0.0
0.0	0.0
-1.8304372133570723e-05	0.0
0.0	1.0
0.0	0.0
0.0	0.0
-0.0019590184092521667	0.0
0.0	0.0
-7.360508607234806e-05	0.0
0.0	0.0
-0.00018994099809788167	1.0
-0.00024932887754403055	0.0
-6.77393641179691e-10	0.0
0.0	0.0
0.0	0.0
0.0	0.0
0.0	0.0
-0.07090514153242111	0.0
0.0	1.0
0.0	1.0
0.0	0.0
0.0	1.0
0.0	0.0
0.0	1.0
0.0	0.0
0.0	0.001
0.0	1.0
-0.0005679469322785735	0.0
0.0	0.0
-3.402244328754023e-05	1.0
-0.002540414687246084	0.0
0.0	0.0
-2.735049929469824e-05	0.006
0.0	0.015424164524421594
-1.6861542917467887e-06	0.0
0.0	1.0
-6.98006697348319e-05	0.03
-0.002294395584613085	0.057
0.0	0.057
0.0	0.0
0.0	0.0
-3.519218125802581e-07	0.0
0.0	0.001
0.0	0.001
0.0	1.0
-3.1692667107563466e-05	0.001
0.0	0.0
0.0	1.0
-0.0010661929845809937	0.0
-3.544517804265901e-11	0.0
0.0	1.0
0.0	1.0
0.0	0.0
0.0	1.0
0.0	0.0
0.0	1.0
-5.597518975264393e-05	0.0
-1.23789291706089e-07	0.0
-1.1803819688793737e-05	0.0
0.0	0.0
0.0	0.0
-0.00030404081917367876	0.0
-0.0003104472125414759	0.0
-0.00010115666373167187	0.0
-1.1257917549301055e-06	0.0
0.0	0.0
0.0	1.0
-1.1468323890539978e-07	1.0
-0.002434385009109974	0.0
-0.00042923426371999085	0.0
0.0	0.0
-0.0021559156011790037	0.0
-0.0005471709882840514	0.0
-0.0008729331893846393	0.0
0.0	0.0
0.0	0.0
0.0	0.0
0.0	0.0
-0.00904762651771307	0.0
-0.0003585749363992363	0.0
-1.9185402777566196e-07	0.0
0.0	0.0
0.0	0.0
0.0	1.0
0.0	0.0
0.0	0.0
-0.0015166514785960317	0.0
0.0	1.0
0.0	1.0
0.0	1.0
0.0	0.0
-0.0005500753759406507	0.0
-0.0001625374425202608	0.0
0.0	0.009
-0.004078343976289034	0.0
0.0	0.0
0.0	0.0
0.0	0.0
-0.002257192274555564	0.0
0.0	0.0
-1.617029852241103e-06	0.0
-0.0005652971449308097	0.0
0.0	0.0
0.0	0.0
-6.515615041280398e-06	1.0
-4.498625083559915e-10	0.0
-8.226287900470197e-05	0.0
-6.71131128910929e-05	0.0
-0.00011947283201152459	0.0
0.0	0.0
-0.00012849671475123614	0.0
0.0	0.0
-0.00013923349615652114	0.0
0.0	0.0
0.0	0.0
0.0	0.0
-6.960230507502274e-07	0.0
0.0	0.0
0.0	0.0
0.0	0.0
-7.902106881374493e-05	0.0
-0.0017053410410881042	0.0
-0.003059069626033306	0.0
-4.1492538002785295e-05	0.0
0.0	0.045
-6.998924072831869e-05	0.0
0.0	0.0
0.0	0.0
-0.005590388551354408	0.0
0.0	0.0
-0.0006047149072401226	0.0
0.0	0.0
0.0	0.0
-7.429497372868354e-07	0.0
-1.633847688253809e-07	0.0
-0.0006592032732442021	1.0
0.0	0.0
0.0	0.0
0.0	1.0
0.0	0.015
-0.0006255062180571258	1.0
-0.009432544000446796	0.0
0.0	0.0
0.0	0.015
0.0	0.0
-0.002973778871819377	0.0
0.0	1.0
-0.0023430895525962114	0.0
-3.904252480424475e-06	1.0
0.0	0.0
0.0	0.0
0.0	1.0
0.0	0.0
0.0	0.0
-1.8315362240173272e-06	0.0
-1.1307635735960733e-15	0.0
-4.318052106100367e-06	0.0
-1.350686579826288e-05	0.0
-0.0046034022234380245	0.0
-0.0046332660131156445	0.0
-2.5535719032632187e-05	0.0
-2.8815520636271685e-08	0.0
-0.01033388264477253	0.0
0.0	0.0
0.0	0.023
0.0	1.0
0.0	0.06550665301944729
0.0	0.0
0.0	1.0
0.0	0.023046092184368736
0.0	0.023046092184368736
0.0	0.0
0.0	0.0
-0.0003848583437502384	1.0
-0.0013423755299299955	0.0
0.0	0.0
0.0	0.0
-0.0006223763921298087	0.0
-0.00026787433307617903	0.0
-0.0028046066872775555	0.0
0.0	0.0
-5.152997346158372e-06	0.0
-1.292768114780074e-08	0.0
0.0	0.0
-2.2738768166163936e-05	1.0
0.0	1.0
-0.0005999009590595961	1.0
0.0	0.0
