0.0	0.0
0.0	0.0
-0.0007226273301057518	0.0
0.0	0.0
0.0	0.0
0.0	0.0
0.0	0.0
-0.001240040990523994	0.0
0.0	0.0
0.0	0.0
-0.0005008596344850957	0.0
-4.020818323624553e-06	0.0
0.0	0.0
0.0	0.0
0.0	0.0
-0.004398539662361145	1.0
0.0	0.0
0.0	0.0
0.0	0.0
0.0	0.0
0.0	0.0
0.0	0.0
0.0	0.0
-0.0037024416960775852	0.0
-1.8926995082324538e-08	0.0
-0.0012158692115917802	0.0
-4.5515816964325495e-06	0.0
-0.0005305761005729437	0.0
-1.7764738004188985e-05	0.0
0.0	0.0
0.0	0.0
0.0	0.0
0.0	0.0
0.0	0.0
0.0	0.0
0.0	0.0
-4.284092483430868e-06	0.0
-1.9351236915099435e-05	0.0
0.0	0.0
0.0	0.0
0.0	0.002
0.0	0.0
-0.00029394650482572615	1.0
-3.831537833320908e-05	1.0
-1.5507563011496472e-09	1.0
0.0	0.0
0.0	1.0
-8.29531745694112e-06	0.0
-0.01745256409049034	0.0
0.0	0.01
0.0	0.0
0.0	0.0
-0.0030915599782019854	0.0
-5.598747156909667e-05	0.0
-0.005065985023975372	0.0
0.0	0.0
-0.00014228220970835537	0.0
-3.192462960655007e-11	0.0
-0.006216750014573336	0.0
-0.001332528772763908	0.0
0.0	0.0
0.0	0.0
-0.003814253956079483	0.0
0.0	0.0
0.0	0.0
-5.1996184993186034e-06	0.0
0.0	0.0
-3.335195651743561e-05	1.0
0.0	0.0
-0.003965568728744984	0.0
0.0	0.0
-0.0008547971374355257	0.0
0.0	0.0
0.0	0.057
0.0	0.0
0.0	0.0
-0.00024219159968197346	0.06229508196721312
-1.466662382654249e-07	0.0
0.0	1.0
0.0	1.0
0.0	0.0
0.0	0.0
-2.1135150745976716e-05	0.0
0.0	0.0
0.0	1.0
0.0	1.0
-0.0003680414520204067	1.0
0.0	1.0
-1.9393090377930328e-14	0.0
0.0	1.0
0.0	0.0
0.0	1.0
0.0	1.0
0.0	0.0
0.0	1.0
-4.0118661170929215e-10	0.0
0.0	0.0
0.0	0.0
0.0	0.002
-0.0021121292375028133	1.0
-0.000847139919642359	0.0
-9.808059076021891e-08	0.0
0.0	0.0
-1.0462750665851672e-08	0.0
0.0	0.0
-4.835630170418881e-05	0.034
-0.000506138545460999	0.0
-0.0010887053795158863	0.0
0.0	0.0
0.0	1.0
0.0	1.0
0.0	0.0
0.0	1.0
-0.0003897457499988377	0.0
0.0	0.0
-0.005103621166199446	0.0
0.0	1.0
0.0	0.0
-0.00022835457639303058	0.0
0.0	1.0
0.0	1.0
0.0	0.0
0.0	1.0
0.0	1.0
0.0	1.0
-1.4283274126368115e-15	0.0
-0.0004528180288616568	1.0
0.0	1.0
0.0	1.0
-0.00014602133887819946	1.0
0.0	0.0
0.0	0.0
-2.1374460175138665e-06	1.0
0.0	0.0
0.0	0.139
0.0	0.0
0.0	0.0
-0.00012433441588655114	1.0
-7.499704224755988e-05	0.126
0.0	1.0
-0.006386409047991037	0.0
0.0	0.126
0.0	0.126
0.0	0.0
0.0	1.0
-0.024589940905570984	0.0
0.0	0.126
0.0	0.126
0.0	0.345
-0.010387677699327469	0.0015267175572519084
-6.44156098132953e-05	0.0015267175572519084
0.0	0.001
-0.00048654346028342843	0.0
0.0	0.0
-0.0004110895097255707	0.0
0.0	0.0
-0.0007658100221306086	0.001
0.0	0.001
0.0	0.001
-0.0028634360060095787	0.001
-0.0011467571603134274	0.0
-0.0028536124154925346	0.0
-0.006367318332195282	0.0
-0.0005569823551923037	0.0
-3.534417869488493e-09	1.0
-4.029072806588374e-05	0.0
0.0	0.0
-4.421966792733656e-08	0.0
-0.001656648120842874	0.0
0.0	0.891
0.0	0.0
0.0	0.0
-0.0003233167517464608	0.0
0.0	0.0
0.0	0.0
0.0	1.0
0.0	0.0
0.0	0.0
0.0	0.0
-0.00013832484546583146	0.0
-0.001921168644912541	0.0
-0.0002808223944157362	0.0
-7.863136124797165e-05	1.0
0.0	1.0
0.0	1.0
-0.007681284565478563	0.0
-7.072515290929005e-05	0.012
-0.00040961182094179094	1.0
0.0	1.0
0.0	0.014
-0.00031329429475590587	0.0
-0.0029504792764782906	0.014
-0.0010468835243955255	1.0
0.0	1.0
0.0	0.0
0.0	0.0
-1.312181723278627e-07	1.0
0.0	1.0
0.0	0.0
-0.0004391808470245451	0.0
0.0	0.007
0.0	0.0
0.0	0.007
0.0	1.0
-3.55635020241607e-05	0.0
0.0	1.0
0.0	0.0
-1.0462538284627954e-06	1.0
-1.4134667480902863e-07	1.0
0.0	0.0
-1.1228627619722098e-12	0.0
-0.000381399440811947	1.0
-1.619765015448138e-07	0.0
-0.0003574311558622867	1.0
0.0	0.0
0.0	0.0
-0.0011643528705462813	0.026
0.0	0.0
-6.071697953302646e-06	0.0
-0.00011149351485073566	1.0
0.0	1.0
0.0	0.941
0.0	0.0
0.0	0.0
0.0	0.941
0.0	0.0
-0.0007791450479999185	0.0
0.0	1.0
0.0	1.0
0.0	0.0
0.0	0.0
0.0	0.0
0.0	1.0
0.0	0.0
0.0	1.0
0.0	1.0
0.0	0.0
0.0	1.0
0.0	0.0
0.0	0.0
0.0	1.0
0.0	0.0
-0.0001806887157727033	0.0
0.0	0.003
0.0	1.0
-0.0031813662499189377	0.0
0.0	0.0
0.0	0.0
0.0	0.14
0.0	0.0
-0.00035483806277625263	0.0
0.0	0.0
-0.00035593422944657505	0.0
-6.90463184582768e-06	0.0
-5.880575025410742e-14	0.0
-0.001395884552039206	1.0
0.0	0.0
-3.674371328088455e-05	0.0
0.0	0.0
-0.0004219111579004675	0.0
-1.1852589523186907e-05	1.0
0.0	0.0
0.0	1.0
0.0	1.0
-0.00043666307465173304	0.0
0.0	1.0
-0.00010052524885395542	1.0
0.0	0.0
0.0	0.0
0.0	0.0
-0.00032461274531669915	0.0
0.0	0.0
-2.4085264158202335e-05	0.0
0.0	0.0
0.0	0.0
-3.293190957265324e-06	0.0
-1.54311507571947e-07	0.0
0.0	0.0
0.0	0.0
0.0	0.0
0.0	1.0
0.0	0.0
0.0	0.0
-2.9788422395427006e-08	0.0
0.0	1.0
0.0	0.0
0.0	0.0
0.0	0.0
0.0	0.0
-0.0006863735034130514	1.0
0.0	0.0
-5.571153451455757e-06	0.0
-1.6087840776890516e-05	0.0
-0.0008577203261666	0.051
-0.0009809890761971474	0.0
-9.84000436687893e-09	0.051
0.0	0.0
0.0	0.0
0.0	0.0
-0.000313715951051563	0.0
0.0	0.0
-1.1669822015392128e-05	0.0
-0.010012875311076641	0.0
0.0	0.0
0.0	0.0
0.0	0.0
-3.4321546991122887e-05	0.0
0.0	0.0
-0.0014381997752934694	0.0
0.0	0.0
0.0	1.0
0.0	0.0
0.0	0.0
0.0	0.0
0.0	0.0
0.0	0.0
-0.0014410715084522963	0.0
0.0	0.001
0.0	0.0
0.0	0.0
0.0	0.0
0.0	0.0
0.0	0.0
0.0	0.0
0.0	0.0
0.0	0.0
-4.334863660915289e-06	0.0
0.0	0.0
0.0	1.0
0.0	0.0
0.0	0.0
0.0	0.0
0.0	0.0
-1.4130149494917532e-08	1.0
-4.269077535923316e-09	1.0
-0.01817098818719387	0.0
0.0	0.0
0.0	0.0
-5.38138067440741e-07	1.0
0.0	0.0
-1.493172807620624e-10	0.0
0.0	0.0
0.0	0.0
0.0	0.0
0.0	1.0
0.0	1.0
0.0	1.0
-3.746684223721736e-14	1.0
0.0	0.0
-0.00010047949035651982	0.0
0.0	0.0
0.0	1.0
-1.2281617273401935e-05	0.0
-4.417513991938904e-05	0.0
-2.982138994411798e-06	0.0
-1.6875844055519451e-09	0.0
-3.0501229320023526e-10	0.0
-0.004259511362761259	0.0
0.0	1.0
0.0	1.0
0.0	0.0
0.0	1.0
0.0	1.0
-5.24804022461467e-07	0.0
-0.04149184003472328	0.0
-6.026902497069386e-07	1.0
-5.581216100836173e-06	1.0
0.0	1.0
-1.023153894941231e-09	0.0020429009193054137
0.0	0.0020429009193054137
0.0	0.0
0.0	0.021042084168336674
-2.4315677364938892e-05	0.0020429009193054137
-3.164093413943192e-06	0.0020429009193054137
0.0	1.0
0.0	0.021042084168336674
0.0	0.0
-0.0015479157445952296	0.002
0.0	0.002
-1.2088814855815144e-06	0.0
-1.4125060943115386e-06	0.0
0.0	0.002
-0.01511773094534874	0.0
0.0	0.0
-1.8132798231818015e-06	1.0
0.0	0.0
-0.000446259044110775	1.0
-0.0008059734245762229	0.0
0.0	0.0
0.0	0.0
0.0	0.0
0.0	0.0
-4.871525561611634e-06	0.0
-0.00044103036634624004	0.0
-4.738904863188509e-06	0.0
0.0	0.0
0.0	1.0
-3.0040275305509567e-05	0.0
0.0	0.0
-1.8130407624994405e-05	0.0
0.0	0.0
-1.8741324311122298e-05	1.0
0.0	1.0
-0.000387436943128705	1.0
0.0	0.0
0.0	0.0
-7.155743446674023e-07	1.0
0.0	1.0
-1.4812655535934027e-05	0.0
0.0	1.0
-0.001941651338711381	0.0
-0.001549781416542828	0.004
-0.0002386780543019995	0.004
-1.5408694320484528e-09	0.004
-2.9607826945721172e-05	0.0
0.0	0.004
0.0	0.004
-0.00018808763707056642	0.004
-9.869895438896492e-05	0.004
0.0	0.0
0.0	1.0
-3.495413380960599e-08	0.0
0.0	0.0
-0.0004584520647767931	1.0
-0.0010414423886686563	0.0
-0.00011405942495912313	1.0
0.0	0.0
0.0	0.0
0.0	0.0
0.0	1.0
0.0	0.0
0.0	0.0
-0.0008624605252407491	1.0
-1.218845397943369e-07	1.0
-2.7437311018729815e-06	0.085
-0.0001606015721336007	0.0
0.0	0.0
0.0	0.085
-0.0073913331143558025	0.0
0.0	0.0
0.0	0.0
0.0	0.0
-5.066717858426273e-05	0.0
-0.0006655839970335364	0.0
0.0	0.0
0.0	0.0
0.0	0.0
0.0	0.0
-1.380607318424154e-05	0.0
-0.00024671625578776	0.0
-5.45255383998768e-16	0.0
0.0	0.0
0.0	0.0
0.0	0.0
0.0	0.0
0.0	1.0
0.0	0.0
-1.934944339154754e-05	1.0
0.0	0.0
-1.4328359611681662e-05	0.0
-0.0008377361227758229	0.0
-8.571587386541069e-06	0.002
-0.0001506792614236474	0.0
-0.001768584712408483	0.0
0.0	0.0
-9.437121661903802e-06	0.0
-6.31962302577449e-06	0.0
-5.523979416466318e-05	0.0
-0.002877534134313464	0.0
0.0	0.0
-0.0026588395703583956	0.0
0.0	0.0
0.0	0.0
-3.869500505970791e-05	1.0
0.0	1.0
0.0	0.0
0.0	0.0
0.0	1.0
-0.0006396602257154882	0.0
-5.728765586354712e-07	1.0
0.0	0.0
-0.0006362680578604341	0.0
0.0	0.0
-0.001717950333841145	0.0
-0.007948031648993492	0.0
0.0	0.0
-0.006805972661823034	0.0
-0.000273994606686756	0.0
0.0	0.0
0.0	0.0
-1.7218545382904904e-12	1.0
0.0	0.0
0.0	1.0
-0.00013296835822984576	0.002
-4.853629070566967e-05	1.0
0.0	1.0
0.0	0.002
-1.1070299538173956e-10	0.0
0.0	0.0
-0.0014343751827254891	0.0
-8.810140457171656e-07	0.0
-1.0059883592816732e-08	1.0
0.0	0.0
-0.0005819869111292064	0.0
0.0	0.0
0.0	1.0
0.0	0.0
0.0	0.0
-0.005972592160105705	0.0
-4.5880849938839674e-05	0.0
-0.0033910046331584454	0.0
0.0	0.0
0.0	1.0
0.0	1.0
0.0	1.0
0.0	0.0
0.0	0.0
0.0	0.0
-0.0018896553665399551	0.0
0.0	1.0
0.0	1.0
0.0	0.0
0.0	0.0
-0.0008782175136730075	0.0
-0.01559428684413433	0.0
0.0	0.0
-0.0031042832415550947	0.0
0.0	0.0
-0.00011925051512662321	0.007
0.0	0.0
0.0	0.0
0.0	0.0
0.0	0.0
-6.283260023387527e-10	0.0
0.0	0.0
0.0	0.0
0.0	0.0
0.0	0.0
-0.000223277005716227	0.0
0.0	1.0
-0.022692635655403137	0.0
0.0	1.0
-0.00013421829498838633	0.0
-0.009076232090592384	0.002244668911335578
0.0	1.0
-0.001514582079835236	0.002
0.0	0.002
0.0	1.0
-2.1433601560261195e-09	0.0
0.0	1.0
0.0	0.0
-0.0009078069706447423	0.0
0.0	0.0
-0.00021735276095569134	0.0
0.0	0.0
0.0	0.043
-0.019257918000221252	0.0
0.0	0.0
-9.469752512814011e-06	0.0
0.0	0.0
0.0	0.0
0.0	0.0
-5.215728378971107e-05	0.001
-0.0035763424821197987	0.001
0.0	0.0
0.0	0.0
0.0	0.0
0.0	0.0
0.0	0.0
0.0	1.0
-0.0001683500740909949	0.0
0.0	1.0
0.0	1.0
0.0	0.0
0.0	0.0
-1.462681120756315e-05	0.0
0.0	0.002
0.0	0.002
0.0	0.0
-0.00017865908739622682	1.0
0.0	0.0
-0.002830157056450844	0.054
-0.0016386137576773763	0.0
0.0	1.0
-1.8720867274168995e-06	0.0
-0.00023141341807786375	0.0
0.0	0.0
0.0	0.0
0.0	0.0
0.0	0.0
0.0	0.0
-1.5731018720543943e-05	0.058
0.0	0.058
0.0	0.058
0.0	1.0
0.0	1.0
0.0	1.0
0.0	1.0
0.0	0.0
0.0	1.0
0.0	0.0
-0.02935418300330639	0.0
-0.0032669976353645325	0.0
0.0	0.0
0.0	0.0
0.0	0.0
-0.0030790679156780243	0.0
0.0	0.0
-1.1024953892047051e-05	0.0
-0.01066624466329813	0.0
0.0	0.0
-1.229999546659144e-09	0.0
0.0	0.0
0.0	1.0
0.0	1.0
0.0	0.0
-7.347625069087371e-05	1.0
-1.4338881193509678e-08	0.0
0.0	0.0
0.0	0.026
0.0	1.0
-6.061343810870312e-05	1.0
-1.1201316283404594e-06	0.0
0.0	0.0
-6.5841950455962275e-15	1.0
0.0	0.0
-0.004484885837882757	0.0
-0.0003413540543988347	0.0
0.0	0.0
-3.3434709223456593e-08	1.0
-0.001387548167258501	0.0
0.0	1.0
-3.414573075133376e-05	0.034
0.0	1.0
-0.00035149502218700945	0.034
-0.00036425699363462627	0.0
0.0	1.0
0.0	1.0
-0.03652366250753403	0.0
-2.529109792703821e-07	0.0
-1.0329557653676602e-08	0.0
-0.02034815028309822	0.0
-6.087441106750191e-10	1.0
0.0	0.0
0.0	0.0
0.0	0.0
0.0	1.0
-5.51231449374967e-10	1.0
-0.0002261352929053828	0.0
-0.0006630325224250555	1.0
0.0	1.0
-2.4737111743888818e-05	1.0
-6.0473681514849886e-05	0.891
0.0	0.001
-4.8435026822613025e-11	1.0
0.0	0.0
0.0	0.0
-2.9437872495555184e-13	1.0
0.0	1.0
0.0	1.0
-3.999143518740311e-05	1.0
0.0	0.0
0.0	1.0
0.0	0.0
0.0	0.0
-0.0005419378285296261	0.0
0.0	0.0
0.0	0.0
0.0	0.0
0.0	0.0
0.0	0.0
0.0	0.0
0.0	0.0
0.0	1.0
0.0	1.0
0.0	0.05
0.0	0.05
0.0	0.0
0.0	0.05
0.0	0.0
0.0	0.0
0.0	0.05
-0.0002052126219496131	0.0
0.0	0.0
-2.6290613277524244e-06	0.0
-1.9649447494884953e-05	0.0
-0.004121166188269854	0.0
-0.0007163300178945065	0.0
0.0	0.0
0.0	0.0
0.0	0.0
-8.828326514276341e-09	0.0
0.0	0.0
-0.004029386211186647	0.0
0.0	0.0
0.0	0.0
0.0	0.0
-0.005310955457389355	0.0
0.0	0.0
0.0	0.0
0.0	0.0
0.0	0.0
-4.912909523646647e-10	0.0
-5.014313728679554e-07	0.0
-3.606119776122796e-07	0.0
0.0	1.0
-2.966167089724081e-09	0.0
-1.3898296856496017e-05	0.0
-3.888692035047825e-09	0.0
0.0	0.0
-0.00014441792154684663	0.0
0.0	0.0
0.0	1.0
-0.01806536130607128	0.0
0.0	0.0
0.0	0.0
0.0	0.0
0.0	0.0
0.0	1.0
0.0	0.0
0.0	1.0
0.0	1.0
-0.0006949429516680539	0.0
-0.015973007306456566	0.0
-5.2499835589969734e-09	0.0
0.0	0.0
0.0	1.0
0.0	1.0
-6.452556408476084e-05	0.006
0.0	0.0
0.0	0.006
-1.7961619960260577e-05	0.0
-1.0064244406748912e-06	1.0
0.0	0.0
-1.574709858687129e-05	1.0
-0.0027204484213143587	0.0
0.0	1.0
-0.00012232230801600963	1.0
0.0	0.0
-0.00015291485760826617	0.0
0.0	1.0
-5.182917428570022e-10	0.0
