0.0	0.0
0.0	1.0
0.0	0.0
-1.8091003539666417e-06	1.0
0.0	0.0
0.0	1.0
0.0	0.0
-7.402351184282452e-05	0.0
0.0	0.0
-0.0003017130366060883	0.0
-3.6204603475198383e-06	1.0
0.0	1.0
-2.6039728151516783e-09	1.0
0.0	0.0
0.0	0.605
0.0	0.605
0.0	0.0
0.0	0.0
-0.007538195233792067	0.0
-5.570258849729726e-07	0.0
-2.9324288334464654e-05	0.0
0.0	0.0
0.0	0.0
-0.003628502367064357	0.046
-0.0001565312995808199	0.046
0.0	0.0
-5.256641088635661e-06	0.07603305785123966
-0.0008883602567948401	0.0
0.0	0.046
0.0	0.0
-0.0008140140562318265	0.0
-1.6932959624682553e-05	0.0
-0.003897659946233034	0.0
-2.3719005639577517e-06	0.0
-8.66773261805065e-05	0.0
0.0	0.0
-0.0002414174232399091	0.0
0.0	0.0
0.0	0.0
-0.0042293621227145195	0.0
0.0	0.0
-1.013529882243347e-07	0.0
0.0	0.0
-0.00023936363868415356	0.0
0.0	0.0
-5.680898311766214e-07	0.0
-0.00014617919805459678	0.0
0.0	0.0
-2.870411242028581e-09	0.0
-5.533088551601395e-05	1.0
0.0	0.0
0.0	0.0
0.0	1.0
-0.000340429280186072	0.0
0.0	0.0
-0.0017444717232137918	0.0
0.0	0.0
0.0	0.0
-0.0003234065661672503	0.0
0.0	0.0
-1.0634142881826847e-06	0.0
0.0	0.0
-1.6875799701665528e-05	0.0
0.0	1.0
-0.00011475273640826344	1.0
0.0	1.0
0.0	0.0
-6.956902893762162e-07	1.0
-8.550922814265505e-08	0.0
0.0	0.0
0.0	1.0
0.0	1.0
-0.0009660604409873486	0.0
0.0	0.0
-0.0035120928660035133	1.0
-0.002110132249072194	0.0
-2.330188486610041e-08	0.0
0.0	0.0
0.0	0.0
-0.0034795384854078293	0.0
-2.944052903330885e-05	0.0
0.0	0.0
-0.001944405259564519	0.0
-7.571039895992726e-05	0.0
-4.328078284743242e-05	0.0
-0.004359298385679722	0.0
0.0	0.0
0.0	0.0
-0.008875466883182526	0.0
0.0	1.0
-6.617912381295943e-12	1.0
0.0	0.0
0.0	0.0
0.0	0.0
0.0	0.0
0.0	0.0
-7.1734671109879855e-06	0.0
0.0	1.0
-6.103790251010821e-10	0.0
0.0	0.0
0.0	1.0
-0.00010293695231666788	0.0
-0.005728771910071373	0.0
0.0	0.0
0.0	0.0
0.0	0.0
0.0	0.0
0.0	0.0
0.0	0.0
-0.006758646573871374	0.0
0.0	0.0
0.0	0.0
0.0	0.0
-0.004703473765403032	0.0
-0.0007116467459127307	0.0
0.0	1.0
0.0	1.0
0.0	1.0
0.0	0.0
-0.0002647857181727886	0.0
0.0	0.0
-5.959048212389462e-05	0.0
0.0	0.0
-3.123097849311307e-05	0.0
-9.183592737826984e-06	0.0
0.0	0.0
0.0	0.0
-9.836941899266094e-06	0.0
-0.0003621667856350541	0.0
-0.0005083434516564012	0.0
0.0	0.0
0.0	0.0
-0.0027101438026875257	0.0
-6.13081210758537e-05	0.0
0.0	0.0
-0.0015265968395397067	0.0
0.0	0.0
-3.119204120594077e-05	0.0
-0.0004307402123231441	1.0
-0.007305297069251537	0.0
0.0	1.0
0.0	0.0
0.0	0.0
0.0	1.0
-0.007871856912970543	0.0
-1.7916322355001424e-19	1.0
0.0	0.0
0.0	0.0
0.0	1.0
-2.234036583104171e-05	1.0
0.0	1.0
0.0	0.0
-9.612256690161303e-06	1.0
0.0	1.0
0.0	0.0
-0.0007912403088994324	0.0
-5.2789760957239196e-05	1.0
0.0	0.0
0.0	1.0
0.0	0.0
-0.0032707112841308117	0.0
0.0	0.0
0.0	1.0
0.0	1.0
-8.947060450736899e-06	0.0
-0.026854919269680977	0.0
0.0	0.0
0.0	0.0
-0.0037310367915779352	0.0
0.0	0.0
0.0	1.0
0.0	0.0
0.0	0.0
-2.7458311251393752e-06	0.0
0.0	0.0
-7.172732148319483e-05	0.0
0.0	0.0
-0.0007453152793459594	0.0
0.0	0.0
0.0	0.0
-0.005851018708199263	0.0
0.0	0.0
0.0	0.0
-0.000600393395870924	0.0
0.0	0.0
0.0	0.0
0.0	0.0
0.0	0.0
-0.008098097518086433	0.0
-0.009653517976403236	0.0
-5.083315772935748e-05	0.0
0.0	1.0
0.0	1.0
-0.0009747445583343506	1.0
-0.0038243362214416265	0.0
-0.00023973931092768908	0.0
-0.0060581425204873085	0.0
0.0	1.0
0.0	0.0
0.0	1.0
-4.396963049657643e-05	1.0
0.0	0.0
-0.0015028339112177491	0.0
0.0	0.0
-4.351966708782129e-06	0.0
0.0	0.0
-1.4095597578034358e-08	0.0
-0.004124169237911701	0.0
0.0	1.0
-1.270279575971145e-10	0.0
0.0	0.0
-7.179339046002597e-13	0.0
-3.663305392365146e-07	0.0
0.0	0.0
0.0	0.0
0.0	0.0
0.0	0.0
0.0	0.0
0.0	0.0
0.0	0.0
-0.0013607522705569863	0.0
-0.0001956070336746052	0.0
0.0	0.0
-7.904323865659535e-05	0.0
0.0	0.0
0.0	0.0
-4.826561053050682e-05	1.0
0.0	0.0
0.0	0.0
-0.000766172306612134	1.0
0.0	1.0
-1.4162891375235631e-06	0.0
0.0	1.0
-0.0002417278737993911	0.0
0.0	1.0
-6.95942944730632e-05	1.0
-0.0002347187983104959	1.0
0.0	0.0
-0.0067828260362148285	0.0
0.0	0.0
-0.00322410324588418	0.0
0.0	0.0
0.0	0.0
0.0	0.0
0.0	0.0
-0.003333566477522254	0.0
0.0	0.0
0.0	0.0
-0.013932004570960999	0.0
0.0	0.0
0.0	0.0
0.0	0.0
-2.630218265409212e-10	0.0
0.0	0.0
-0.0025784869212657213	0.0
-0.006463935598731041	0.0
-8.494619666964826e-14	0.0
0.0	0.0
0.0	0.0
0.0	0.0
-0.002983409445732832	0.0
-0.00030919344862923026	0.0
-0.00021453904628288	1.0
0.0	0.0
-8.05580100404768e-07	0.0
-0.00018777497461996973	1.0
0.0	1.0
-5.095538199384464e-06	0.0
0.0	0.0
0.0	0.0
0.0	0.0
-0.013341621495783329	0.0
0.0	0.0
0.0	0.395
0.0	1.0
-0.00945387501269579	0.0
0.0	0.395
-0.008672979660332203	0.0
-0.0074559161439538	0.0
0.0	0.0
0.0	0.0
0.0	0.0
0.0	0.0
-0.0007197732338681817	0.0
0.0	0.0
0.0	0.014
-0.00031641664099879563	0.0
0.0	0.0
0.0	1.0
-0.0014092529891058803	0.0
0.0	1.0
0.0	0.014
0.0	0.0
0.0	0.023140495867768594
0.0	0.0
-4.242646537022665e-05	0.0
-0.0018838049145415425	0.0
-0.0012181814527139068	0.003
-0.010856353677809238	0.0
-6.133007991593331e-05	1.0
0.0	1.0
-3.0690221137774643e-06	0.003
0.0	1.0
0.0	0.0
0.0	0.0
0.0	0.0
0.0	0.0
-1.147837974713184e-05	0.0
0.0	0.0
0.0	0.0
0.0	0.0
-8.266044460469857e-06	0.0
0.0	0.0
0.0	0.0
0.0	0.0
-9.476718696532771e-05	0.0
-0.0020009318832308054	0.043
-1.1918303925995133e-06	0.043
-4.446790171641624e-06	0.0
-2.1518739231396466e-05	0.0
-3.702172648445412e-07	0.043
-1.684220830562664e-14	0.043
0.0	0.0
-0.00020397237676661462	0.0
-0.00021012529032304883	0.0
0.0	0.043
0.0	0.0
-0.0002027896698564291	0.0
-5.319167485140497e-06	0.0
0.0	0.0
0.0	0.0
0.0	0.0
-0.009098747745156288	0.0
0.0	0.0
0.0	0.0
0.0	0.0
0.0	0.0
-0.0053617381490767	0.0
0.0	0.0
0.0	0.607
0.0	1.0
0.0	0.607
0.0	1.0
-0.00023043272085487843	0.0
-1.2851829524151981e-05	0.001
0.0	1.0
0.0	0.0
0.0	1.0
-0.00028995503089390695	0.0
0.0	0.0
-5.510051095947155e-11	0.0
0.0	0.0
0.0	1.0
0.0	0.0
0.0	0.0
-0.004610163159668446	0.0
0.0	0.0
0.0	0.0
-0.0008282061317004263	0.0
0.0	0.0
0.0	1.0
-1.500873963777849e-06	0.0
-8.651143434690312e-05	0.0
0.0	0.0
-7.614444621140137e-05	0.0
0.0	0.0
0.0	0.0
-0.07477209717035294	0.0
0.0	0.0
0.0	0.0
-2.8981867217225954e-05	0.0
0.0	0.0
-5.479470928548835e-05	0.0
-0.004012129735201597	0.0
-4.4299881096776517e-08	0.0
0.0	1.0
0.0	0.0
0.0	1.0
0.0	0.0
-0.011412940919399261	0.0
-0.00014894665218889713	0.0
0.0	0.006
0.0	0.0
-1.2637902955248137e-06	0.0
0.0	1.0
-8.344182788277976e-06	0.0
-0.0013852865668013692	0.0
0.0	1.0
-0.0014905954012647271	1.0
-0.0013267495669424534	0.0
-0.0007150080637075007	0.0
-2.0271882306133193e-07	1.0
-0.0007135457708500326	0.0
-0.008708440698683262	0.0
-0.0019899543840438128	0.017964071856287425
0.0	0.3360323886639676
-0.007872611284255981	0.0
-0.006357870530337095	0.017964071856287425
0.0	0.3360323886639676
0.0	0.332
-1.2231175787746906e-05	0.8405063291139241
0.0	0.0
0.0	0.332
0.0	0.332
-0.0034866633359342813	0.332
0.0	0.332
-0.02003193274140358	0.0
0.0	0.332
0.0	0.332
-0.00013137671339791268	0.0
0.0	1.0
0.0	0.0
-0.0021421764977276325	0.332
0.0	1.0
0.0	0.0
0.0	0.0
0.0	0.0
0.0	0.0
-0.0003533137496560812	0.0
0.0	0.0
0.0	0.0
-0.0008674486307427287	0.0
0.0	0.0
0.0	1.0
-0.0006349997711367905	0.0
-0.008666406385600567	0.0
0.0	0.0
-0.0006931011448614299	0.0
0.0	0.102
0.0	0.0
0.0	0.0
-0.00011227418144699186	1.0
0.0	0.0
0.0	0.0
0.0	0.0
0.0	1.0
-0.0011884719133377075	0.0
0.0	1.0
0.0	1.0
0.0	0.605
0.0	0.0
-1.638690627636663e-09	0.0
0.0	1.0
0.0	0.605
0.0	1.0
0.0	0.0
-0.013985187746584415	0.0
-1.6206329746637493e-05	0.0
-0.00028009977540932596	0.605
-0.00020182043954264373	0.605
0.0	1.0
-0.00032174497027881444	0.0
0.0	0.0
-1.2833072105422616e-05	0.0
-6.410653341504258e-09	1.0
-0.0009573832503519952	0.0
-3.7090579496634746e-09	0.0
0.0	0.0
0.0	0.0
0.0	0.0
-1.2734750753917723e-11	0.0
-0.002439637668430805	0.0
0.0	0.0
-0.003443036926910281	0.0
0.0	0.0
0.0	0.0
0.0	0.0
0.0	0.0
-1.0950798427777908e-11	0.005
0.0	1.0
-2.8294675757933874e-06	1.0
0.0	0.0
0.0	1.0
0.0	0.0
0.0	1.0
0.0	0.0
0.0	1.0
0.0	0.0
0.0	0.0
0.0	0.102
0.0	1.0
0.0	1.0
0.0	0.0
0.0	0.0
0.0	1.0
0.0	1.0
0.0	0.0
0.0	0.0
0.0	0.0
-2.080178092001006e-05	0.0
0.0	0.0
0.0	1.0
0.0	0.015
0.0	1.0
-0.00021791346080135554	0.0
0.0	0.029
0.0	0.029
-0.0015287086134776473	0.0
0.0	0.014
0.0	0.0
0.0	1.0
0.0	1.0
-2.3709698093732356e-10	0.0
0.0	0.0
0.0	0.605
0.0	0.0
-0.0007789793889969587	0.0
-0.0017095054499804974	0.0
0.0	1.0
0.0	0.0
0.0	0.0
0.0	1.0
-1.0138338438991923e-05	0.0
0.0	0.23
0.0	0.0
0.0	1.0
-0.0020399426575750113	0.0
-5.647159196087159e-05	1.0
0.0	0.0
0.0	0.0
0.0	0.0
-0.0005866090068593621	0.023
-0.0013201775727793574	0.0
0.0	0.605
-0.004596324171870947	0.0
0.0	0.0
0.0	1.0
-1.5768318917253055e-05	0.0
0.0	1.0
0.0	1.0
0.0	0.0
0.0	0.0
-0.000450507621280849	0.0
0.0	0.0
-4.883124347543344e-06	0.0
0.0	0.0
0.0	0.0
0.0	1.0
-0.00016295626119244844	0.0
0.0	0.0
-0.003245619125664234	0.0
-0.006228489801287651	0.0
-0.004526858683675528	0.0
0.0	0.0
0.0	0.0
-0.0002855547936633229	1.0
-0.0005961032002232969	0.0
0.0	0.0
0.0	0.0
0.0	1.0
0.0	0.0
0.0	0.0
0.0	0.0
0.0	1.0
0.0	0.0
-0.0011568195186555386	0.0
0.0	1.0
0.0	1.0
-0.019671713933348656	0.0
-0.012114964425563812	0.0
-3.087436937221355e-07	0.0
0.0	0.001
0.0	0.0
-0.000655924144666642	0.001
0.0	0.0
0.0	0.015873015873015872
-0.0007519503706134856	0.0
-0.0023340291809290648	0.001
0.0	0.0
-0.0026589271146804094	0.0
0.0	0.0
0.0	0.0
-0.0014645637711510062	0.0
-6.980804755585268e-05	0.0
-0.015791339799761772	0.0
-1.959965487685622e-07	0.0
-0.001442936365492642	1.0
-0.00019104551756754518	0.0
-0.006319081876426935	0.0
0.0	0.0
-4.022365374112269e-06	0.0
0.0	0.0
0.0	0.0
0.0	1.0
0.0	0.0
-6.341679750221374e-07	0.0
0.0	0.0
0.0	0.0
-0.0031915961299091578	0.0
0.0	0.0
0.0	0.0
-0.0034317595418542624	0.0
0.0	0.0
0.0	0.0
0.0	0.0
-0.0028641687240451574	0.0
0.0	0.002
0.0	0.0
-0.0019034830620512366	0.002
0.0	0.002
0.0	0.0
-7.642709931587888e-08	0.002
-3.026011881956947e-06	0.002
0.0	0.0
0.0	1.0
0.0	0.002
-0.0007066437392495573	0.015
0.0	0.015
-0.00013702995784115046	0.0
-0.0008556583779864013	0.0
-0.00037852564128115773	1.0
0.0	0.0
-2.660729023773456e-07	0.0
-0.00225397408939898	0.0
-0.0015886570326983929	0.0
0.0	1.0
0.0	0.0
-0.004340157378464937	0.0
-2.2708886149302998e-07	1.0
-0.0006266050040721893	1.0
-0.001093018683604896	1.0
-9.198326544890278e-09	1.0
0.0	0.0
0.0	0.0
-0.0029012777376919985	0.0
-0.0015900961589068174	0.002
-2.8067122912034392e-05	0.0
-0.0036576134152710438	0.0
-0.0054444968700408936	0.0
0.0	0.002
-1.1091364058302133e-06	1.0
-0.0010032186983153224	0.0
-1.2826077819185627e-15	1.0
0.0	0.0
0.0	0.0
0.0	1.0
0.0	0.0
0.0	0.0
0.0	0.0
0.0	0.0
0.0	0.0
-1.4768662595088244e-06	1.0
0.0	0.0
0.0	0.0
0.0	0.0
-3.5856427871294727e-07	1.0
0.0	1.0
0.0	1.0
-7.433152404701104e-07	1.0
0.0	0.0
0.0	1.0
0.0	1.0
-8.236406188188994e-07	1.0
-1.3360930097405799e-05	1.0
0.0	1.0
-0.00010771470260806382	0.0
0.0	0.0
0.0	1.0
0.0	0.0
0.0	1.0
0.0	1.0
-1.761451784432211e-08	0.0
-0.00032348427339456975	0.0
-1.4507786261219735e-07	0.012
0.0	0.0
0.0	0.0
-1.6244054990011136e-09	0.0
0.0	0.0
0.0	0.0
-6.625802598136943e-06	0.0
-4.2516839471318235e-07	0.0
0.0	0.0
0.0	0.0
-0.0035175380762666464	0.03636363636363636
-0.002047211630269885	0.0
-8.656936972828433e-11	0.0
0.0	0.022
-0.0007426826050505042	1.0
0.0	0.0
0.0	0.022
0.0	0.0
-0.0024058239068835974	0.0
-0.00013118602510076016	0.022
0.0	0.0
-0.0020832892041653395	0.0
0.0	0.0
-0.0001879744668258354	0.0
0.0	0.0
-0.005688028410077095	0.0
-2.60930391959846e-06	0.0
0.0	1.0
0.0	0.0
0.0	0.395
-0.00015290049486793578	0.0
-5.4692794947186485e-05	0.0
0.0	0.0
-0.0006521539762616158	0.0
-2.517928578527062e-06	0.395
-9.944009070750326e-05	0.395
0.0	0.0
0.0	0.0
-0.0012219265336170793	0.0
-9.561986189510208e-06	0.0
0.0	0.0
0.0	0.0
0.0	0.0
-0.0016904016956686974	0.0
-3.165412408634438e-06	0.0
-0.00665281293913722	0.0
0.0	1.0
0.0	0.08925619834710743
0.0	1.0
-0.0002476072986610234	0.0
0.0	0.0
0.0	0.0
0.0	1.0
-6.089415194310277e-09	0.0
0.0	0.0
-0.001700780587270856	0.0
-0.014007920399308205	0.0
0.0	0.0
0.0	1.0
0.0	0.0
0.0	1.0
0.0	1.0
0.0	0.0
0.0	1.0
0.0	0.0049586776859504135
-1.628987956792116e-05	1.0
0.0	1.0
-6.491717795142904e-05	0.0
0.0	0.0
0.0	1.0
-0.003184101078659296	0.0
0.0	1.0
-0.0008788540144450963	0.0
0.0	0.102
-0.0004544182156678289	0.0
0.0	0.102
0.0	1.0
0.0	0.0
0.0	1.0
0.0	0.0
0.0	0.0
0.0	0.605
-0.016711948439478874	0.0
-0.017409253865480423	0.0
0.0	0.006
0.0	0.006
-0.012847357429564	0.0
0.0	0.0
-0.0005375932669267058	0.0
0.0	0.0
0.0	0.0
0.0	1.0
0.0	0.0
-1.4977648788772058e-05	0.0
0.0	0.0
0.0	0.0
0.0	0.0
-0.0009767664596438408	1.0
-0.008215009234845638	0.0
0.0	0.0
-0.0002880268730223179	0.0
-0.00018233302398584783	0.523
-2.9349500891839853e-06	0.0
0.0	0.0
0.0	0.0
0.0	0.0
-0.0002023081760853529	0.0
0.0	0.0
-5.940821210970171e-05	0.0
-0.0006372138159349561	0.0
0.0	0.0
0.0	0.0
0.0	0.0
-0.004992116708308458	0.0
0.0	0.0
0.0	0.0
0.0	0.0
-9.63698425948678e-07	0.0
-3.5004202800337225e-05	0.0
0.0	0.0
0.0	1.0
-5.6524662795709446e-05	0.0
-3.5210614441893995e-05	0.0
0.0	0.0
-1.9174744636529795e-07	0.0
-0.0005139530985616148	1.0
0.0	1.0
-0.00043607992120087147	1.0
0.0	0.0
0.0	0.0
0.0	1.0
0.0	1.0
-2.1590514620584145e-07	0.0
-0.002186264144256711	0.0
0.0	0.0
0.0	0.0
0.0	0.0
0.0	0.0
-0.0010805496713146567	0.0
