0.0	0.0
0.0	0.0
0.0	0.0
-0.000490466714836657	0.0
-0.002715315902605653	0.0
0.0	0.0
-2.3569538825540803e-05	0.0
-0.0035026702098548412	0.0
-0.0005608578794635832	1.0
-0.0005465185386128724	0.003
0.0	0.0
-0.0003965972282458097	1.0
0.0	1.0
-2.50689554377459e-05	1.0
-0.00425679562613368	0.0
-0.0016219288809224963	0.0
0.0	0.0
0.0	0.0
0.0	0.0
0.0	0.0
0.0	0.0
0.0	0.0
-1.6751106159063056e-05	1.0
0.0	0.0
0.0	0.0
-0.0005887965671718121	1.0
0.0	0.0
-8.859668923832942e-06	0.0
-0.00012531560787465423	1.0
0.0	0.0
0.0	0.0
-1.1163124646884626e-08	0.0
-0.000535039056558162	0.0
-4.366181194370711e-09	0.0
-4.247140139579386e-10	1.0
-1.664265710132895e-06	0.0
-0.0021158959716558456	0.0
-7.45209283170567e-10	0.0
0.0	0.0
0.0	0.0
0.0	0.0
0.0	0.0
-0.0024905058089643717	0.0
0.0	1.0
-0.00545037304982543	0.0
0.0	0.0
-1.260980320161309e-09	1.0
-1.923800851955093e-07	1.0
0.0	1.0
0.0	1.0
0.0	0.0
0.0	0.0
-0.00020303043129388243	0.0
-0.00010735555406427011	1.0
-0.004540001507848501	0.0
0.0	1.0
0.0	0.0
-0.00018276131595484912	0.0
-0.007355693727731705	0.0
-4.929861407987346e-09	0.0
-7.180431111919461e-06	0.0
-0.00016842508921399713	0.0
0.0	0.0
-0.002004277193918824	0.0
0.0	1.0
0.0	0.0
0.0	0.0
0.0	1.0
0.0	0.0
0.0	1.0
-1.2335269730101572e-06	0.0
-8.026926678894597e-08	0.0
-7.281093061806132e-09	1.0
0.0	1.0
0.0	1.0
-8.68642091518268e-05	0.0
0.0	1.0
-0.004615719895809889	0.0
0.0	0.0
0.0	1.0
-0.0003596607130020857	0.0
0.0	0.0
-2.71726079137391e-11	1.0
0.0	0.0
-4.725174676423194e-06	1.0
-1.0891408434854366e-11	1.0
0.0	0.0
-1.6993656970498705e-07	1.0
0.0	0.009
0.0	0.009
0.0	0.009
0.0	0.0
0.0	0.009
0.0	1.0
-0.0003732196637429297	0.009
0.0	0.0
0.0	0.009
0.0	0.009
0.0	0.009
0.0	0.009
0.0	0.0
0.0	0.0
0.0	0.009
0.0	0.0
-5.523886648006737e-05	0.0
0.0	0.0
0.0	0.0
0.0	0.0
-0.0018203302752226591	0.0
0.0	0.0
-2.11859187970731e-08	0.0
-9.423713892564578e-11	1.0
0.0	0.0
-3.837706753984094e-05	0.0
-5.295503147095815e-09	0.0
0.0	0.0
0.0	0.0
0.0	0.0
-0.003143229056149721	0.0
-0.0015686536207795143	0.0
0.0	0.0
0.0	0.0
0.0	0.0
0.0	0.0
0.0	0.0
-8.336490386895434e-10	0.0
0.0	0.0
0.0	0.0
0.0	0.0
0.0	1.0
0.0	0.0
-0.014330178499221802	0.0
0.0	1.0
-0.00012021703878417611	0.0
0.0	0.0
-0.0008995080133900046	0.0
0.0	1.0
0.0	0.0
-2.807526122694526e-08	1.0
0.0	0.0
-1.4339426002152322e-07	0.0
0.0	0.0
0.0	0.0
0.0	1.0
-5.912677920605347e-07	0.0
-8.538135443814099e-05	0.0
0.0	0.0
-6.064475144285097e-08	0.0
0.0	0.0
0.0	0.0
0.0	0.0
0.0	0.0
-0.0003656300832517445	0.0
0.0	0.0
0.0	0.0
-0.004783176351338625	0.0
0.0	0.0
0.0	0.0
-0.0026940936222672462	0.0
-0.01261795125901699	0.0
-1.6453795979032293e-05	0.0
0.0	0.0
-3.716482387972064e-05	0.0
0.0	0.0
0.0	0.0
-3.465778718236834e-05	0.0
0.0	0.0
0.0	0.0
0.0	0.0
0.0	1.0
-0.0002292615972692147	0.0
-0.0028340620920062065	0.0
0.0	0.0
-0.0012515903217718005	0.0
0.0	0.0
0.0	0.0
0.0	0.0
-0.0028633016627281904	0.0
0.0	0.0
0.0	0.0
0.0	0.0
0.0	0.0
0.0	0.0
-0.01841455139219761	0.0
-1.1461390947431482e-08	0.0
-0.00031765480525791645	0.0
0.0	0.0
0.0	0.0
0.0	0.0
-3.150455896161475e-08	0.0
0.0	0.0
-0.0002025904250331223	0.0
0.0	0.0
0.0	0.0
0.0	0.0
0.0	0.0
0.0	0.0
0.0	0.0
-0.08165375888347626	0.0
0.0	0.0
0.0	0.0
0.0	0.0
-0.004177668131887913	0.0
-1.5753605111967772e-05	0.0
0.0	0.0
-7.024025450164118e-08	0.0
-0.000269481708528474	0.0
0.0	0.0
0.0	0.001
-6.0467755247373134e-05	0.001
-0.0006083937478251755	0.04604604604604605
0.0	0.04604604604604605
-0.0010171924950554967	0.0
0.0	0.0
0.0	0.0
-6.446785118896514e-05	0.0
0.0	0.0
-1.8961379737447714e-06	0.0
0.0	0.0
-0.0019958040211349726	0.0
-0.0007613733760081232	0.0
0.0	0.0
0.0	0.0
0.0	0.0
0.0	0.0
-0.0014307466335594654	0.0
-1.1749951909223455e-06	0.0
-0.002079704077914357	0.0
-0.00177565379999578	0.0
-1.3396670439647096e-08	1.0
0.0	1.0
0.0	0.0
0.0	0.0
0.0	1.0
-8.137202485158923e-07	0.0
-1.3987326921705012e-11	0.0
0.0	0.0
-0.0007318214629776776	0.0
0.0	0.0
-0.0018909581704065204	0.0
-0.00820108875632286	0.0
0.0	0.0
-0.001646299147978425	0.0
0.0	0.0
0.0	0.0
-0.004568696953356266	0.0
0.0	0.0
0.0	0.009
0.0	0.0
0.0	0.0
0.0	1.0
0.0	0.0
0.0	1.0
0.0	0.0
-1.7365335224894807e-05	0.0
-0.003285050392150879	0.0
0.0	0.0
-0.00011274798453086987	0.0
0.0	0.0
-3.213622221664991e-07	0.0
0.0	0.0
-0.000907324836589396	0.0
0.0	1.0
-0.0007742217858321965	0.0
0.0	1.0
0.0	0.0
0.0	1.0
-2.8193431717227213e-05	0.0
0.0	1.0
-4.2888727875833865e-06	0.0
0.0	0.0
0.0	0.0
-0.0017504214774817228	0.0
-1.470310280637932e-06	0.0
0.0	0.0
0.0	1.0
0.0	1.0
0.0	1.0
0.0	0.0
0.0	1.0
0.0	0.0
0.0	1.0
0.0	0.0
0.0	0.0
0.0	0.0
-0.00013487343676388264	0.0
0.0	0.0
-2.4081128202624313e-08	0.0
-0.003267024178057909	0.0
0.0	0.0
-7.41419086125461e-08	0.0
0.0	0.0
0.0	0.046
-0.0005837860517203808	0.046
0.0	0.0
0.0	0.0
-0.0018362482078373432	0.0
-3.596056785681867e-08	0.0
-0.0011994047090411186	0.0
-0.00033419678220525384	0.0
-8.023447684024632e-09	0.0
0.0	0.0
-0.0012273809406906366	1.0
0.0	1.0
-2.112236074935936e-07	1.0
0.0	1.0
0.0	1.0
0.0	1.0
0.0	0.0
-0.0002751533465925604	0.0
-0.003674957435578108	0.0
-0.0006880900473333895	0.0
0.0	0.0
0.0	1.0
0.0	0.0
-0.0002695392759051174	1.0
0.0	0.0
0.0	0.0
0.0	0.0
0.0	0.0
-0.004134048242121935	0.0
-1.755264023017844e-08	0.0
-5.2460574806900695e-05	0.0
-0.003029197920113802	0.0
-1.0485234014367961e-08	0.0
-3.319194365758449e-05	0.0
-9.489536751061678e-05	0.0
0.0	0.0
0.0	1.0
0.0	0.0
-3.104505958617665e-05	1.0
-4.9357292558616095e-11	0.0
0.0	0.0
0.0	0.0
0.0	0.001
0.0	0.001
-0.00048538760165683925	0.001
0.0	1.0
0.0	0.001
-2.0368639525258914e-05	0.0
0.0	0.0
0.0	0.0
0.0	0.0
0.0	1.0
0.0	0.0
0.0	0.0
0.0	0.0
-4.209770395391388e-06	0.0
-6.997032642175327e-08	1.0
-3.523864143062383e-05	0.0
0.0	0.0
0.0	0.0
0.0	0.0
0.0	0.0
0.0	0.0
0.0	0.0
-0.0024814950302243233	0.0
0.0	0.0
0.0	0.005
0.0	0.005
0.0	0.0
-0.0005162591696716845	0.0
-4.615821308107115e-05	0.0
-0.0027124793268740177	0.0
0.0	0.0
0.0	1.0
0.0	0.0
0.0	0.0
-0.0011947568273171782	0.0
0.0	0.0
0.0	0.0
0.0	0.0
-0.014063053764402866	0.0
0.0	1.0
0.0	0.0
0.0	0.0
-0.004383203107863665	0.0
0.0	0.0
0.0	1.0
0.0	0.052
0.0	0.0
0.0	1.0
-9.715599298942834e-05	0.0
0.0	1.0
0.0	0.0
0.0	1.0
-3.712722173077054e-05	0.0
-9.208684787154198e-05	0.0
-1.7515589206595905e-05	1.0
0.0	1.0
-0.04703082516789436	0.0
0.0	0.0
0.0	0.0
0.0	0.0
-2.7018797936761985e-06	0.0
0.0	0.0
0.0	0.0
-0.00012383527064230293	0.0
-0.0038664171006530523	0.0
-0.00495031988248229	0.0
0.0	0.0
0.0	1.0
0.0	1.0
0.0	0.0
-0.0018940934678539634	0.0
0.0	0.0
0.0	1.0
-0.0001375627616653219	1.0
0.0	0.0
0.0	1.0
0.0	0.0
0.0	0.0
0.0	0.0
-0.003591863438487053	0.0
0.0	0.0
0.0	1.0
0.0	1.0
0.0	1.0
0.0	1.0
-2.7935600499517932e-08	1.0
0.0	0.0
0.0	0.0
0.0	0.0
-0.0019909641705453396	0.0
0.0	0.0
-0.0018616975285112858	0.0
-0.0002422106044832617	0.0
-4.2394924548716517e-07	0.0
0.0	0.0
0.0	0.0
-0.0030228612013161182	0.0
0.0	0.0
0.0	0.0
0.0	1.0
0.0	1.0
0.0	0.0
-8.081925406688839e-11	0.0
-4.3857614762110586e-10	1.0
-3.211392818336378e-10	0.013
-0.0001253443188033998	0.013
0.0	0.0
-5.702663230522376e-09	0.013
-0.01690787822008133	0.0
-0.00963426474481821	0.013
-0.00036345605622045696	0.013
-0.001679654698818922	0.0
0.0	0.01
0.0	0.01
0.0	0.0
-0.0014653261750936508	0.01
-0.0028129424899816513	0.0
0.0	0.0
0.0	1.0
-4.818909360437829e-07	0.0
-7.55810773966914e-08	0.002
0.0	0.002
0.0	0.0
-0.0005591605440713465	0.0
-1.2806303240076033e-10	0.0
-4.914393866783939e-05	1.0
-0.0028867297805845737	0.0
-1.57455142471008e-05	0.0
-3.76562456949614e-05	0.0
0.0	0.0
-0.0004308376810513437	1.0
-1.8289519898573303e-09	0.0
-0.0005963461589999497	1.0
-0.004198724869638681	0.0
-0.00023532507475465536	0.0
0.0	0.0
0.0	0.0
0.0	0.0
-0.005697638262063265	0.0
0.0	0.0
0.0	0.0
-7.308649401238654e-06	0.0
0.0	1.0
0.0	0.0
-0.0006986393127590418	1.0
0.0	1.0
-3.8871701690368354e-05	0.0
0.0	1.0
0.0	0.0
0.0	0.0
-0.0004841024347115308	1.0
0.0	1.0
0.0	1.0
-0.0357651561498642	0.0
0.0	0.0
0.0	0.0
0.0	0.0
-0.0003163412620779127	0.0
-3.38239005941432e-05	0.0
0.0	1.0
0.0	1.0
0.0	1.0
-0.0001160385218099691	0.0
-0.00029065474518574774	1.0
-0.001676254440099001	0.0
-0.0006901257438585162	0.001
0.0	0.0
0.0	0.0
0.0	1.0
0.0	0.0
0.0	0.0
0.0	1.0
0.0	0.0
0.0	0.0
0.0	1.0
0.0	0.0
-0.00012412754585966468	0.0
-5.6017848692135885e-05	0.0
0.0	1.0
0.0	0.0
-5.097195998615689e-10	0.0
-0.010777652263641357	0.0
-0.011158615350723267	0.0
0.0	0.0
-0.00012729247100651264	0.0
0.0	1.0
0.0	0.009433962264150943
0.0	1.0
-5.208877329465622e-09	0.0
-0.00469993706792593	0.0
0.0	1.0
-0.00025731968344189227	1.0
0.0	0.009
-0.0007391698891296983	1.0
-0.00011067821469623595	1.0
0.0	1.0
0.0	0.0
0.0	1.0
-6.129578105174005e-05	1.0
0.0	1.0
-0.0004452185530681163	1.0
-1.6969048374448903e-05	1.0
-0.00022418885782826692	1.0
0.0	1.0
0.0	0.008
0.0	0.0
0.0	0.0
-0.0004067357222083956	0.008
-0.00026519771199673414	1.0
-0.0008262734627351165	0.0
0.0	0.0
0.0	0.0
-0.0026605708990246058	0.0
0.0	0.0
-1.7008347867886187e-06	0.0
-0.002002223627641797	1.0
0.0	1.0
-9.093773769563995e-06	0.0
0.0	1.0
-0.0001946353877428919	1.0
0.0	1.0
0.0	0.046
-0.005917697679251432	0.0
-0.00021662349172402173	0.0
0.0	1.0
-2.8622866011573933e-05	1.0
-0.000720811658538878	0.0
-5.016266300117422e-07	0.0
-0.0038094876799732447	0.0
0.0	0.0
-0.0023840321227908134	0.0
0.0	0.0
-1.1735602073459361e-11	0.0
-0.0006927581853233278	0.0
0.0	0.0
0.0	0.0
0.0	0.0
0.0	0.0
0.0	0.0
-0.0008863044786266983	0.0
0.0	0.0
0.0	1.0
-4.402977791352847e-22	0.0
0.0	0.0
0.0	0.0
0.0	1.0
-0.00024902416043914855	1.0
0.0	1.0
-0.0017062426777556539	1.0
0.0	1.0
0.0	0.0
-1.1330683264532126e-05	0.0
0.0	0.016
-8.150233838932763e-07	0.0
-0.0001287165068788454	0.0
-0.0026283443439751863	0.0
0.0	0.003
0.0	0.003
0.0	0.003
0.0	0.003
0.0	0.003
-0.0049576908349990845	0.003
0.0	0.0
0.0	0.0
-2.1391502741607837e-05	1.0
-4.0889096908358624e-07	1.0
-0.005747932009398937	0.0
0.0	1.0
0.0	1.0
-0.00020865218539256603	1.0
-4.371071327113896e-08	1.0
-0.0050108530558645725	0.0
0.0	1.0
0.0	0.0
0.0	1.0
0.0	0.0
0.0	1.0
-0.0005362912197597325	1.0
0.0	0.0
0.0	1.0
-0.003037682268768549	0.0
-9.780603704712121e-08	0.0
0.0	0.0
-1.5864642932683637e-07	0.0
0.0	0.0
0.0	0.0
0.0	0.0
-0.0021226147655397654	0.0
-4.6439501602435485e-05	0.0
0.0	0.0
0.0	0.0
0.0	0.954
0.0	0.0
0.0	1.0
0.0	0.0
-2.545781353546772e-05	0.0
0.0	1.0
0.0	1.0
0.0	0.954
-0.0028734311927109957	0.0
-0.000547619245480746	0.0
-0.0005855676718056202	1.0
-9.182473093005683e-08	0.954
-1.4473365581579856e-06	0.0
-6.335965281323297e-06	1.0
0.0	0.0
-7.277925817561481e-08	0.0
0.0	0.0
0.0	0.0
0.0	0.0
0.0	1.0
0.0	0.0
-0.0010564308613538742	1.0
0.0	1.0
-0.002246895106509328	0.0
-0.0003815508680418134	0.0
0.0	1.0
-7.899428055679891e-06	0.0
0.0	0.0
0.0	0.0
0.0	0.0
0.0	0.046
-0.0022953269071877003	0.0
-7.157684012781829e-05	0.0
0.0	1.0
0.0	1.0
0.0	1.0
0.0	0.0
-0.00021351366012822837	0.001
0.0	0.0
0.0	0.001
0.0	0.001
0.0	0.0
0.0	0.001
-0.0005977795808576047	0.001
0.0	0.001
0.0	0.0
-0.0017416507471352816	0.001
-0.0023701812606304884	0.0
0.0	0.0
-2.088293149427045e-05	0.001
-0.00020417376072145998	0.0
0.0	0.0
-8.81495543580968e-06	1.0
0.0	1.0
-0.032495979219675064	0.0
-0.0005821375525556505	0.0
0.0	0.0
-8.091306114010877e-08	1.0
0.0	1.0
0.0	0.0
0.0	0.0
-4.0683553947928885e-07	0.0
-0.004702107049524784	0.0
0.0	0.0
0.0	0.0
0.0	0.0
0.0	0.0
-0.00047634122893214226	0.0
-0.0004708121414296329	0.0
0.0	1.0
0.0	1.0
-0.007692078128457069	0.0
0.0	1.0
0.0	0.0
0.0	1.0
0.0	1.0
-0.002464729594066739	0.0
-4.727277337224223e-05	0.0
-0.010435368865728378	0.0
-0.001076822867617011	0.0
-3.4436379792168736e-07	0.0
0.0	0.0
0.0	1.0
-1.7348381788906408e-06	0.0
0.0	0.0
-2.3685947780904826e-07	0.0
-7.503603683289839e-06	0.0
0.0	0.0
0.0	0.0
-0.00021278382337186486	1.0
0.0	0.0
-3.9139365526352776e-07	0.0
-1.0966347274710131e-10	0.0
0.0	0.0
-1.4521891467111914e-09	0.0
0.0	0.0
-5.969687117612921e-05	1.0
0.0	0.0
-0.002075019059702754	0.0
0.0	0.0
0.0	0.0
-1.1370147149136756e-05	1.0
-0.0025617708452045918	0.0
0.0	1.0
0.0	1.0
0.0	1.0
0.0	1.0
0.0	1.0
0.0	0.0
0.0	0.0
0.0	1.0
-0.000122476092656143	0.0
-1.4019377886143047e-05	0.0
-0.006548480596393347	0.0
-9.45505860272533e-08	0.0
0.0	0.046
-0.00110117148142308	0.0
0.0	0.0
0.0	0.0
0.0	0.0
-0.0013182323891669512	0.0
-0.0014790116110816598	0.0
0.0	0.0
0.0	1.0
-3.369641490280628e-05	1.0
-3.9168065995909274e-05	1.0
0.0	0.0
-0.002308002905920148	0.0
-3.7544927522503713e-07	0.0
0.0	0.0
-0.0016973079182207584	1.0
-8.783075463725254e-05	0.0
-1.0513223060115706e-05	0.0
0.0	0.0
0.0	0.0
-0.0017264267662540078	0.0
0.0	0.0
-0.0008968831389211118	1.0
0.0	1.0
-3.680823738250183e-06	1.0
-4.095740951015614e-05	0.0
-0.0006296513020060956	0.0
0.0	0.0
-0.00017696288705337793	0.0
0.0	0.0
-0.0001684226153884083	0.0
-0.0019452261039987206	0.0
0.0	0.0
