-5.401431553764269e-05	0.0
0.0	0.0
0.0	0.0
0.0	0.0
0.0	0.0
0.0	0.0
0.0	0.0
0.0	0.0
0.0	0.0
-6.66091546008829e-06	0.066
-5.6220474107249174e-06	0.066
-3.8662186852889135e-05	0.066
0.0	0.077
0.0	0.011627906976744186
-1.2831797846502013e-07	0.011627906976744186
0.0	0.011627906976744186
0.0	0.011627906976744186
-2.2489633920486085e-05	0.054600606673407485
-0.0005892585031688213	0.011627906976744186
-0.022625857964158058	0.0
0.0	0.054
0.0	0.0
-4.182601571756095e-07	0.0
0.0	1.0
-7.86066084401682e-06	0.0
0.0	0.0
-0.003636779962107539	0.0
0.0	0.0
0.0	0.0
0.0	0.0
0.0	0.0
-0.03312697261571884	0.0
-0.00035799440229311585	1.0
-0.0005534011870622635	0.0
-7.097838317093874e-09	0.0
-1.0795245088957017e-06	0.0
-0.00011963112046942115	0.0
-0.004478891845792532	0.0
-2.7121641323901713e-05	0.0
0.0	0.0
-0.010271260514855385	0.0
0.0	0.0
0.0	0.0
0.0	0.0
0.0	1.0
-0.003499864134937525	0.0
-0.007096525747328997	0.0
0.0	1.0
0.0	1.0
-0.00011681981413858011	1.0
0.0	1.0
-0.0010485734092071652	0.0
0.0	1.0
0.0	1.0
-0.0020820950157940388	0.0
-8.341108696185984e-06	1.0
-0.00011541905405465513	1.0
-9.499740372120868e-06	1.0
0.0	0.0
-0.009727489203214645	0.0
-3.660524328097381e-08	0.0
0.0	0.0
0.0	0.0
0.0	0.0
0.0	0.0
0.0	0.0
0.0	0.0
0.0	0.0
-0.005464829504489899	0.0
0.0	1.0
0.0	0.0
0.0	0.0
0.0	1.0
-0.00020101208065170795	0.0
-0.007817848585546017	0.0
0.0	0.0
-3.849632776109502e-05	0.0
0.0	0.0
0.0	1.0
-9.921961463987827e-05	1.0
0.0	1.0
0.0	1.0
-0.0045033590868115425	0.0
0.0	0.0
0.0	0.0
0.0	0.0
0.0	1.0
0.0	0.0
0.0	1.0
0.0	0.001
0.0	0.0011560693641618498
-2.4056076242118252e-08	0.0
0.0	0.13513513513513514
-1.917697090902948e-06	0.0011560693641618498
0.0	0.0011560693641618498
-3.1646011393604567e-06	0.0011560693641618498
-7.285184983629733e-05	0.0
0.0	0.135
-0.001942627364769578	0.0
-6.829471203673165e-06	0.0
-0.0004817348381038755	0.0
0.0	0.0
-0.0008655298152007163	0.0
0.0	0.0
-0.008642417378723621	0.0
-3.8307720387820154e-05	0.0
0.0	0.0
-0.0024332320317626	0.0
-3.446333494139253e-06	1.0
0.0	0.0
0.0	0.0
0.0	0.0
-0.0006309978780336678	0.0
0.0	0.0
0.0	0.0
0.0	0.0
0.0	0.0
-0.0012485251063480973	0.0
-4.178049039182952e-06	0.0
0.0	0.0
0.0	0.0
-0.0001509921276010573	1.0
0.0	1.0
0.0	1.0
0.0	0.0
0.0	0.002
-7.976454799063504e-05	0.0
0.0	0.002
0.0	1.0
0.0	1.0
-0.0016356132691726089	0.0
0.0	1.0
-0.0038610019255429506	0.0
-0.001574030495248735	0.0
-6.214556196937338e-05	1.0
-2.2311640350380912e-05	0.0
0.0	1.0
0.0	0.0
-9.795646072063846e-09	1.0
0.0	0.0
-0.012931487523019314	0.0
0.0	1.0
-1.76615455593776e-09	1.0
0.0	1.0
0.0	1.0
-7.942069260025164e-07	1.0
0.0	0.0
0.0	0.0
0.0	0.0
-1.3819256139413483e-07	0.0
0.0	0.0
0.0	0.0
0.0	1.0
-0.00011631429515546188	0.0
0.0	1.0
0.0	0.0
0.0	0.0
0.0	0.0
0.0	0.0
-0.0002830655430443585	0.0
0.0	0.001
-0.0010830718092620373	0.0
0.0	0.0
0.0	0.0
-2.0928780941176228e-05	0.002
-0.09913953393697739	0.0
0.0	1.0
-1.4439720871450845e-05	1.0
-6.542463233927265e-05	1.0
0.0	0.0
-0.0004696706891991198	0.0
0.0	1.0
0.0	0.0
0.0	1.0
-1.114317683459376e-06	1.0
0.0	0.0
-8.419353980571032e-05	0.03
0.0	1.0
-0.0004767720529343933	0.03
0.0	0.0
-8.571797661716118e-05	0.0
-0.006201677955687046	0.0
-0.0001888425904326141	0.0
0.0	0.03
0.0	0.0
-4.811234930457431e-07	1.0
-0.0009087950456887484	1.0
0.0	0.0
-0.005182147026062012	0.0
0.0	0.0
-0.00022581758094020188	1.0
-2.2864974358327572e-09	1.0
0.0	0.0
0.0	0.005154639175257732
0.0	0.03015075376884422
-0.00018507869390305132	0.0
0.0	0.0
-9.371272113867235e-08	0.03
0.0	0.03
-0.0022033709101378918	0.0
0.0	1.0
-7.82449478720082e-06	1.0
-8.196158159989864e-05	0.01
0.0	1.0
0.0	1.0
0.0	1.0
-0.0047523570246994495	0.0
0.0	0.0
-1.6565564475712335e-09	0.0
-0.0012490777298808098	0.0
0.0	0.0
0.0	0.0
-9.590759145794436e-05	0.0
-5.847872671438381e-06	0.0
-0.0012247079284861684	0.0
0.0	0.0
0.0	0.0
0.0	0.0
0.0	0.0
-2.1580872271442786e-05	0.0
0.0	1.0
-2.8970580387976952e-05	0.0
0.0	0.0
-0.005032970570027828	0.0
-0.03359659016132355	0.0
-3.512383409542963e-05	1.0
0.0	0.0
0.0	0.0
0.0	0.0
0.0	1.0
-1.8675301589610172e-06	0.0
-0.002923364518210292	0.0
-9.627211028373495e-09	0.0
0.0	0.0
0.0	0.0
-0.003942813258618116	0.0
-0.001500489073805511	0.0
-0.00020989782933611423	0.0
0.0	0.0
-0.0018572477856650949	0.0
-0.0019906843081116676	0.0
0.0	1.0
0.0	0.0
-0.0005949224578216672	0.0
0.0	0.0
0.0	0.0
0.0	0.0
-0.008210753090679646	0.0
0.0	1.0
0.0	1.0
-0.0006398431141860783	0.0
-9.642386658015312e-07	0.0
0.0	0.0
0.0	0.0
0.0	1.0
-8.533649520359177e-07	0.0
-8.779964559835207e-07	0.0
0.0	0.0
-9.139286703430116e-05	0.0
0.0	0.0
0.0	0.0
0.0	1.0
0.0	0.0
0.0	0.0
0.0	1.0
-0.0004010804113931954	0.0
-0.007931589148938656	0.0
-8.390413131564856e-05	1.0
-0.0011603510938584805	1.0
0.0	1.0
0.0	1.0
-0.0017716108122840524	1.0
0.0	1.0
0.0	1.0
0.0	1.0
0.0	1.0
0.0	0.0
-0.013983702287077904	0.0
0.0	0.001
-0.0002528855693526566	0.0
-4.699769249327801e-07	0.0
-6.008891432429664e-05	0.0
0.0	0.0
0.0	0.0
0.0	0.0
-1.39836842549812e-07	0.0
0.0	0.0
0.0	0.0
0.0	0.0
0.0	0.0
-0.0017470814054831862	0.0
0.0	0.0
0.0	0.001
0.0	0.0
0.0	0.0
0.0	0.0
-3.1912626582197845e-05	0.0
-4.3482323235366493e-05	0.0
-0.0010300895664840937	0.0
-0.00031541078351438046	0.0
0.0	0.0
-1.5550288026133785e-06	0.0
0.0	0.0
0.0	0.0
-0.0017609603237360716	0.0
-0.0028058700263500214	0.0
0.0	0.0
-1.0488808584341314e-05	0.0
0.0	1.0
0.0	0.0
0.0	0.0
-0.00355933397077024	0.0
0.0	0.0
0.0	0.0
-4.692799484473653e-05	0.0
0.0	0.0
-4.077538662272673e-08	0.0
0.0	1.0
-0.018458839505910873	0.0
0.0	0.0
-0.00025159228243865073	0.0
0.0	0.0
0.0	0.0
0.0	1.0
-1.8709466530708596e-05	0.0
0.0	0.0
-8.79918661667034e-06	0.0
0.0	0.0
0.0	1.0
0.0	0.0
-2.194190074078506e-08	0.0
-4.294595782994293e-06	0.0
0.0	0.0
0.0	0.0
0.0	0.0
-0.0005024889251217246	0.0
-5.614465337089314e-09	0.0
-0.00011367739352863282	0.0
0.0	0.0
0.0	0.0
-3.406858475885066e-11	0.0
-0.003930862061679363	0.0
-0.0009396538371220231	1.0
-0.035664550960063934	0.0
-0.0015095642302185297	0.0
0.0	1.0
0.0	1.0
-9.049187792697921e-05	1.0
0.0	0.0
0.0	1.0
0.0	1.0
-6.792283238610253e-05	1.0
0.0	1.0
0.0	1.0
-2.9005229862377746e-06	0.0
0.0	0.012
0.0	0.012
-8.02919839770766e-06	0.012
0.0	0.0
-1.7551309383634361e-07	0.0
0.0	0.0
0.0	0.012
0.0	0.012
-9.451146979699843e-06	0.0
-2.4141616449924186e-05	0.0
-0.0002344295644434169	1.0
0.0	1.0
0.0	1.0
0.0	0.0
0.0	0.0
0.0	0.0
0.0	0.0
0.0	1.0
0.0	1.0
-0.00012262276140972972	1.0
-6.48417480988428e-05	0.0
-9.370972111355513e-05	0.0
0.0	0.0
0.0	0.0
-8.375054312637076e-05	0.0
0.0	0.0
-4.888777039013803e-05	1.0
-6.797999958507717e-07	0.0
-0.00033247395185753703	1.0
-0.00011692326370393857	1.0
-0.00016517659241799265	1.0
0.0	0.0
-0.0005146591574884951	1.0
0.0	1.0
0.0	0.0
-0.0005320733180269599	0.0
0.0	0.0
0.0	0.0
-0.0004166685394011438	0.0
-1.27964367493405e-05	0.0
0.0	0.0
-2.1936018583801342e-06	0.0
-2.7282399059913587e-06	0.0
0.0	0.0
-0.00022705319861415774	1.0
0.0	0.0
-1.2151687769801356e-05	0.0
0.0	1.0
0.0	0.0010152284263959391
0.0	0.0
0.0	0.0
-0.0002777061890810728	0.0
0.0	1.0
0.0	1.0
-0.0017911008326336741	1.0
0.0	0.0
0.0	1.0
0.0	0.0
-0.0009041859884746373	0.0
-6.660818741011099e-08	0.0
-0.0012082858011126518	1.0
-0.00017624410975258797	1.0
-0.001963021932169795	1.0
-0.005455206148326397	0.0
0.0	0.0
0.0	0.0
0.0	0.0
0.0	0.0
0.0	1.0
0.0	0.0
-0.013421622104942799	0.002
-0.0025572257582098246	0.0
0.0	0.0
0.0	0.0
0.0	0.002
0.0	0.002
0.0	0.0
-0.0037709891330450773	0.0
-0.00011933285713894293	0.0
-0.00023445935221388936	0.0
0.0	0.002
0.0	0.0
0.0	0.0
-2.7570473321247846e-05	1.0
-0.007888313382863998	0.0
0.0	1.0
0.0	0.0
0.0	1.0
0.0	1.0
-3.795573988440992e-08	0.0
-0.0031771808862686157	0.0
-1.0330803888791706e-05	0.0
-0.0008587531629018486	0.0
0.0	0.0
0.0	1.0
0.0	1.0
-1.6128823832062267e-09	0.0
0.0	0.0
0.0	1.0
0.0	1.0
-4.0959031366583076e-07	1.0
0.0	0.0
0.0	1.0
-0.006391179747879505	0.0
-0.012747274711728096	0.0
-0.0030720054637640715	0.0
0.0	1.0
0.0	1.0
0.0	0.0
-5.127684198669158e-05	0.0
0.0	0.0
-0.003491027047857642	0.0
-6.00310813752003e-05	0.0
0.0	1.0
-4.462678043637425e-05	0.0
-0.0019031402189284563	0.0
-0.004430254455655813	0.0
0.0	0.0
0.0	1.0
-0.0004574648046400398	1.0
-0.001892435597255826	1.0
0.0	0.0
0.0	1.0
-4.868470205110498e-05	1.0
-4.726756742456928e-06	0.0
0.0	1.0
0.0	1.0
-0.0011689162347465754	1.0
0.0	0.0
0.0	0.0
-3.729124728124589e-05	0.084
-0.009562904946506023	0.0
-6.599110946581277e-08	0.0
0.0	1.0
-0.00010660362022463232	0.0
0.0	0.004
-0.0011130464263260365	0.004
-0.0001719817373668775	0.0
0.0	1.0
-4.650003575079609e-06	0.0
0.0	0.0
-1.0481549907126464e-05	0.0
0.0	0.0
-2.7717895253326352e-12	0.0
0.0	1.0
0.0	0.0
-0.030055981129407883	0.0
0.0	0.0
0.0	1.0
0.0	0.0
-0.003479883074760437	0.0
-4.461327625904232e-05	1.0
0.0	1.0
0.0	0.0
-1.49061597767286e-05	0.0
-2.285671598656336e-06	1.0
-0.0002467478043399751	0.0
0.0	0.0
-1.6389960364904255e-05	1.0
-0.00040542377973906696	0.0
-0.00047608159366063774	1.0
0.0	0.0
-5.731174979040077e-10	1.0
-1.6480837530252757e-06	1.0
0.0	1.0
0.0	1.0
0.0	0.0
0.0	1.0
-0.0003312275803182274	1.0
0.0	1.0
0.0	0.001
0.0	0.0
0.0	0.0
-0.001300848089158535	0.0
0.0	1.0
-3.006113136194699e-09	0.001
0.0	0.002
0.0	1.0
-0.0035229031927883625	0.0
0.0	0.002
-0.0007900283671915531	0.0
-0.007528017740696669	0.0
0.0	0.001
-2.896237128879875e-05	0.0
0.0	1.0
0.0	0.0
-6.579052183042222e-07	0.0
0.0	0.0
-0.0012994145508855581	0.0
0.0	0.0
0.0	1.0
-0.001246188534423709	1.0
0.0	1.0
0.0	0.0
0.0	0.0
0.0	1.0
0.0	0.0
0.0	0.0
0.0	0.0
-0.0005165268667042255	0.0
0.0	0.0
-0.000536091101821512	0.0
-2.8171123744868964e-07	0.0
0.0	1.0
0.0	0.0
-0.0007274321978911757	0.0
-1.3361616311158286e-06	1.0
-4.511232890814175e-16	0.0
-1.3694288099941332e-05	0.0
-5.805439650430344e-05	0.0
0.0	0.0
0.0	0.0
0.0	0.011
-3.812815702985972e-05	0.011
0.0	0.011
0.0	0.0
-0.0002594709803815931	0.0
0.0	0.0
0.0	0.0
0.0	1.0
0.0	1.0
-0.00012620426423382014	1.0
0.0	1.0
-8.795709436526522e-05	1.0
-2.2558160708285868e-05	1.0
0.0	0.082
0.0	0.0
-1.5697308697326662e-07	1.0
0.0	1.0
-0.016391847282648087	0.0
-0.0003172318683937192	0.08
0.0	0.08
-0.00037435852573253214	1.0
-1.9023831121511847e-10	0.08
0.0	0.0
0.0	0.047
-4.29424544563517e-05	0.0
0.0	1.0
-7.366109571194102e-07	1.0
0.0	0.0
-2.7763819616666296e-06	0.0
0.0	0.0
0.0	0.0
0.0	0.0
-9.926659549819306e-05	0.0
0.0	0.0
-2.260287328681443e-05	0.0
0.0	0.0
0.0	0.0
-3.966960946399922e-07	0.0
-1.5950806755427038e-06	0.0
0.0	0.0
-4.217574905981684e-17	1.0
0.0	0.0
0.0	0.0
-5.214037059886323e-07	0.0
0.0	0.0
-0.004710557870566845	0.0
-0.008515184745192528	0.0
-0.0006812124629504979	0.0
-0.002003996167331934	0.0
-0.0025345329195261	0.0
0.0	1.0
0.0	0.0
-6.474165843428636e-07	0.0
-4.3714658559679265e-09	0.0
0.0	0.0
0.0	1.0
0.0	1.0
0.0	0.0
0.0	1.0
0.0	1.0
-2.215582389908377e-05	0.0
0.0	1.0
0.0	1.0
0.0	0.0
-0.06022816523909569	0.0
0.0	0.0
0.0	1.0
-0.00723178219050169	0.0
0.0	1.0
0.0	1.0
-0.0010523349046707153	1.0
-0.0069222659803926945	0.0
0.0	0.0
0.0	0.0
-0.0006135064759291708	0.0
0.0	0.0
-0.0013371834065765142	0.0
0.0	0.0
0.0	0.0
-0.0003297788498457521	0.0
-0.00018792899209074676	1.0
0.0	0.0
0.0	1.0
-0.0002038878737948835	1.0
0.0	0.0
0.0	0.0
-0.00016266453894786537	0.0
0.0	0.144
-0.00016969624266494066	1.0
-5.119128036312759e-05	1.0
0.0	0.0
0.0	1.0
-0.00025492129498161376	0.0
0.0	0.0
0.0	1.0
0.0	0.0
-0.0014582769945263863	0.0
0.0	0.0
0.0	0.0
0.0	0.0
0.0	0.0
0.0	0.0
-0.003215052420273423	0.0
-1.1988908570602103e-15	0.0
-0.0006469521904364228	1.0
-0.0027662599459290504	0.0
-5.668803169101011e-06	1.0
0.0	0.0
0.0	0.0
0.0	0.0
-3.009942929566023e-06	1.0
0.0	0.0
-0.0009719074005261064	0.0
0.0	0.0
-2.9801121854688972e-05	0.0
0.0	1.0
-6.756281436537392e-07	1.0
-0.00024961394956335425	0.0
0.0	1.0
0.0	0.0
0.0	0.0
-1.2891514700186235e-07	0.0
-0.003564177779480815	1.0
-1.2430718015821185e-05	1.0
-8.828873978927732e-05	1.0
0.0	1.0
-2.1845585251867305e-06	0.0
-0.0052948566153645515	0.0
-7.06176069797948e-06	1.0
-0.00023127353051677346	1.0
0.0	0.0
-0.0005782290827482939	1.0
-0.00012024192983517423	1.0
-3.5831681088893674e-07	1.0
0.0	1.0
-1.7097620002459735e-05	1.0
0.0	0.0
-0.0053979167714715	0.0
0.0	0.0
0.0	1.0
0.0	0.0
0.0	0.0
0.0	0.0
0.0	1.0
0.0	1.0
0.0	1.0
-0.00044317057472653687	0.0
0.0	1.0
0.0	1.0
0.0	0.0
-0.01461691316217184	0.0
0.0	1.0
0.0	0.0
0.0	0.0
0.0	0.0
-0.0013212717603892088	0.054
-0.0008041146793402731	0.064
-0.0005261135520413518	0.0
0.0	0.0
0.0	0.064
0.0	1.0
-1.710879587335512e-05	0.064
0.0	0.064
0.0	0.0
0.0	0.064
-0.00010200537508353591	0.0
0.0	0.0
-0.0010938862105831504	0.0
0.0	0.0
0.0	0.0
0.0	0.0
0.0	1.0
-7.888681352596905e-08	0.0
-0.00012123984924983233	0.0
0.0	0.0
