0.0	0.0
-2.3320138409308605e-15	0.0
-0.00017256615683436394	0.0
-1.5918454664642923e-05	0.0
0.0	0.0
0.0	0.0
-2.186419806093909e-05	0.0
-0.0005705645889975131	1.0
0.0	0.0
-2.8752172511303797e-05	0.0
0.0	1.0
-0.0004686004249379039	1.0
-2.517611790153751e-07	0.0
0.0	1.0
-3.5593794223132136e-07	1.0
-3.4142296954087215e-06	1.0
-0.00011063419515267015	0.0
0.0	0.0
-0.0007821698090992868	1.0
-9.638273468226544e-08	1.0
0.0	0.0
0.0	0.0
-0.0019342927262187004	0.0
-0.00013552201562561095	0.0
-0.0004033295263070613	0.0
-1.0853382264031097e-05	1.0
0.0	0.0
-8.341407919942867e-06	0.0
-7.00259850106022e-11	0.932
-0.0016491598216816783	0.0
-0.0014227682258933783	0.0
-0.005881495773792267	0.0
-8.185680599126499e-06	0.0
0.0	0.0
-6.114962594443163e-13	0.0
0.0	0.0
0.0	0.0
0.0	0.0
0.0	0.0
-7.489798008464277e-06	0.0
-0.0018169067334383726	0.0
-0.12981916964054108	0.0
-9.266585720979492e-09	0.0
0.0	0.0
0.0	0.0
-0.0002464352292008698	0.0
0.0	0.0
0.0	0.0
-0.0008267094963230193	0.08
0.0	0.0
-4.9783571739681065e-05	0.08
0.0	0.0
0.0	0.0
-6.609268687896019e-10	1.0
-0.00018516273121349514	0.0
-0.0032785767689347267	0.0
-1.4974463738326449e-05	0.0
0.0	1.0
0.0	1.0
0.0	1.0
-0.002799921901896596	0.0
-4.531860668066656e-06	0.0
-3.55216684511106e-07	0.0
0.0	0.0
0.0	0.0
0.0	0.0
-0.001775800483301282	0.0
-4.8303629540669135e-08	0.0
-4.6955370635259897e-05	0.0
0.0	0.0
-9.19000285648508e-06	1.0
-1.4742197263287182e-12	0.0
0.0	0.0
0.0	0.0
-0.00662206020206213	0.0
-0.000192961553693749	0.0
0.0	1.0
0.0	0.0
0.0	1.0
-0.000773884414229542	0.0
0.0	0.0
-1.350517336851098e-10	1.0
-0.00011499164247652516	0.0
0.0	0.0
-0.0012329064775258303	0.0
-6.98059011483565e-05	0.0
-1.6990303265629336e-05	1.0
-3.230963413480836e-11	0.0
-1.5010596932096831e-12	1.0
-0.001311043743044138	0.0
-0.005699474830180407	0.0
0.0	1.0
0.0	0.03771661569826707
0.0	0.0
0.0	0.0
-0.0010319657158106565	0.03873598369011213
-9.513831173535436e-05	0.01975051975051975
0.0	0.02182952182952183
-0.0003248702560085803	0.02182952182952183
0.0	0.03881511746680286
0.0	0.01975051975051975
0.0	0.03873598369011213
-5.461183718580287e-06	0.019978969505783387
0.0	0.0
-4.803386400453746e-05	0.0
0.0	0.019
-0.0012193940347060561	0.081
0.0	0.081
0.0	1.0
-0.011800053529441357	0.0
-0.0002427678118692711	0.0
-2.409302760497667e-05	0.0
0.0	1.0
0.0	0.0
-5.582869166964599e-10	0.0
0.0	1.0
-0.00018781863036565483	1.0
-0.000601475068833679	1.0
0.0	0.0
0.0	1.0
-0.000998721574433148	0.001
-4.217802143102745e-06	0.014014014014014014
0.0	1.0
0.0	0.0010141987829614604
0.0	0.0
0.0	1.0
0.0	0.0
0.0	0.0
0.0	0.0
0.0	0.0
0.0	0.0
0.0	0.0
-3.1491097615798935e-05	1.0
0.0	0.0
0.0	0.0
-0.00020846971892751753	1.0
-3.2947260478977114e-05	0.0
0.0	0.0
0.0	0.0
0.0	0.0
0.0	0.0
-1.3504271478836927e-08	0.0
0.0	1.0
-0.0004220001574140042	0.0
-0.0005026248982176185	1.0
-0.0122141158208251	0.0
0.0	0.0
-4.0962480852613226e-05	0.003
-0.0001954715116880834	0.0
0.0	1.0
0.0	1.0
0.0	0.0
0.0	0.0
0.0	0.0
0.0	0.0
0.0	1.0
-0.0023214388638734818	0.0
0.0	0.0
0.0	0.0
-1.619112299522385e-05	0.0
0.0	1.0
0.0	1.0
-5.099804525343643e-07	1.0
-1.3994057326272014e-06	0.0
0.0	0.0
0.0	0.0
0.0	0.0
-0.00047193511272780597	0.0
-6.324380137812113e-06	1.0
-7.71293980506016e-06	1.0
-0.00013897777535021305	0.0
-0.00235104956664145	0.0
0.0	0.0
-8.933614958905878e-11	0.0
-0.000360270292731002	0.0
0.0	0.0
-0.00013343564933165908	0.0
0.0	0.0
0.0	0.0
0.0	0.0
-4.382825500215404e-05	0.0
-0.0005919281393289566	1.0
-0.007710704114288092	0.0
0.0	0.0
0.0	0.0
0.0	0.0
0.0	0.0
-3.8208153796404076e-07	0.0
-0.00045848943409509957	0.0
0.0	0.0
0.0	0.0
0.0	0.0
0.0	0.0
-2.861185521396692e-06	0.0
0.0	1.0
-7.119734164007241e-06	1.0
-8.67234484758228e-05	0.0
0.0	0.0
0.0	0.0
0.0	1.0
-0.010848377831280231	0.0
-8.69981522555463e-06	0.0
0.0	1.0
0.0	0.0
0.0	1.0
-5.501441046362743e-05	1.0
0.0	0.0
0.0	0.0
0.0	0.0
-5.25811310581048e-06	0.0
0.0	0.0
-2.6028649244835833e-06	0.0
-6.873603926706509e-14	0.0
-0.00011520285625010729	0.0
0.0	1.0
0.0	0.0
-0.0011906517902389169	0.0
0.0	0.0
-1.1024339637520902e-14	0.0
-1.0893503713305108e-05	1.0
-0.00023764402430970222	1.0
-0.0031481829937547445	0.0
-0.0004939861828461289	0.0
-0.00044026048271916807	1.0
-1.07152993678028e-06	0.0
0.0	0.0
-5.058575225369566e-10	0.0
-0.0070265354588627815	0.0
-0.0009056425769813359	0.0
-0.0022883566562086344	0.0
0.0	0.0
0.0	0.0
-7.632520282641053e-05	1.0
0.0	0.0
0.0	1.0
0.0	1.0
0.0	1.0
0.0	0.0
-0.00030633091228082776	1.0
0.0	1.0
0.0	0.0
0.0	1.0
-0.0004371906688902527	1.0
0.0	1.0
0.0	1.0
0.0	0.0
0.0	1.0
0.0	1.0
0.0	0.0
-2.6974852573857788e-08	1.0
-0.0013375404523685575	1.0
-0.0004539982764981687	0.0
0.0	0.0
0.0	0.0
0.0	0.001
0.0	0.0
0.0	0.001
0.0	0.0
-0.000404152408009395	0.0
-0.0029069811571389437	0.0
0.0	0.013
0.0	0.0
0.0	0.0
-3.655369255284313e-06	0.013
-7.606673170812428e-05	0.0
0.0	1.0
-3.4520831832196563e-05	0.013
0.0	0.0
-3.258369179093279e-05	0.0
0.0	0.0
-1.561347140466296e-08	0.0
-0.011098471470177174	0.0
-5.048404636909254e-05	0.068
0.0	0.0
0.0	0.0
-4.234681227899273e-08	0.0
-9.377559763379395e-06	1.0
0.0	0.0
0.0	1.0
-1.3329807188711129e-05	0.0
0.0	1.0
0.0	1.0
-0.0002265674847876653	1.0
-1.4136111303741927e-07	1.0
0.0	0.0
-0.01208455953747034	0.0
0.0	0.0
-6.184531220476686e-10	0.0
0.0	1.0
0.0	0.0
-1.1496926966003684e-08	0.396
0.0	0.396
0.0	0.396
0.0	0.396
-0.0006071307579986751	0.0
0.0	0.0
-2.916978473876952e-06	0.009
0.0	0.0
0.0	0.0
-6.470382504630834e-05	0.0
-0.00039148787618614733	0.0
0.0	0.0
0.0	0.013
-5.585520921158604e-05	0.013
0.0	0.0
0.0	0.002026342451874367
-7.230181654449552e-05	0.013026052104208416
0.0	0.013026052104208416
0.0	0.0
-0.0006204107776284218	0.0
-0.006803953088819981	0.0
0.0	1.0
0.0	0.0
0.0	0.0
-1.3070330169284716e-05	0.0
-0.00015458588313777	0.0
0.0	0.0
-0.00013633117487188429	0.0
-2.8321070203674026e-05	0.0
0.0	1.0
0.0	0.0
0.0	0.0
0.0	0.0
0.0	0.001072961373390558
0.0	0.001072961373390558
-0.003775157267227769	0.001072961373390558
-0.004078395664691925	0.0
0.0	0.0
-0.0015797880478203297	0.0
0.0	0.0
0.0	1.0
-0.006693021859973669	0.0
-0.0004730796499643475	0.0
0.0	1.0
0.0	0.014598540145985401
0.0	0.002
-1.1326039839332225e-06	0.002
0.0	1.0
-5.733776561100967e-05	0.0
0.0	1.0
0.0	0.0
0.0	1.0
-0.003286187071353197	0.0
0.0	1.0
-1.4451883600941073e-07	0.0
-5.1350728114130106e-08	1.0
-0.01715063489973545	0.0
-0.0012178404722362757	1.0
-0.002538236090913415	0.0
-0.00640296982601285	0.0
0.0	0.0
0.0	0.0
-0.0029708256479352713	0.0
0.0	0.0
-0.004142888821661472	0.0
0.0	1.0
0.0	1.0
-7.240268473651668e-07	1.0
0.0	1.0
0.0	0.0
0.0	0.0
0.0	0.0
0.0	1.0
0.0	1.0
0.0	1.0
0.0	0.0
0.0	0.0
-3.2903328950339983e-09	0.0
-3.871268290822627e-06	0.0
0.0	0.0
0.0	0.0
0.0	0.0
-3.844355944693234e-07	0.0
0.0	0.0
-6.369049287968664e-08	1.0
-5.892555782338604e-05	1.0
0.0	1.0
0.0	1.0
0.0	0.0
-0.00010044893861049786	0.0
-7.257883538613896e-08	0.0
-3.5671531804837286e-05	0.0
0.0	0.0
0.0	1.0
0.0	1.0
-1.0817007023433689e-05	1.0
0.0	1.0
0.0	1.0
0.0	0.002
-1.8945427200378617e-06	0.0
-6.1031223594909534e-05	0.0
0.0	1.0
0.0	1.0
0.0	0.0
0.0	0.0
0.0	0.0
-0.008551358245313168	0.0
0.0	0.0
0.0	0.0
-0.001825485727749765	0.0
0.0	0.0
-0.00019849234377034009	0.0
0.0	0.0
-0.009589155204594135	0.0
-0.0005889929016120732	0.0
0.0	0.0
0.0	0.0
0.0	0.0
0.0	0.0
-2.7757825591834262e-05	0.0
0.0	1.0
0.0	0.0
-0.00015266264381352812	0.0
0.0	1.0
0.0	1.0
-0.0006104889907874167	1.0
-1.2211664852657123e-06	0.0
0.0	1.0
-1.0968258123966734e-07	0.0
-0.000863100285641849	0.0
0.0	0.0
0.0	1.0
0.0	1.0
0.0	0.006127450980392157
0.0	0.0
0.0	0.0
0.0	0.0
-6.399683343261131e-07	1.0
-0.0005700008478015661	1.0
0.0	0.0
0.0	1.0
-0.0001768317597452551	0.0
0.0	0.0
0.0	0.0
-1.3368277905101422e-05	0.0
-0.0007771922973915935	1.0
0.0	0.0
0.0	0.0
-0.00017257894796784967	0.0
-2.2556994050404455e-09	1.0
0.0	1.0
0.0	0.0
0.0	0.0
0.0	0.0010131712259371835
0.0	1.0
-0.00016020900511648506	0.001
0.0	0.0
0.0	1.0
0.0	0.002
0.0	0.002
0.0	0.0
-0.01019108947366476	0.0
-1.1188210919499397e-05	0.0
-0.0004024791996926069	0.0
-0.0016646420117467642	0.0
-0.0009944550693035126	0.0
0.0	0.0
0.0	0.0
0.0	1.0
0.0	0.0
0.0	1.0
0.0	0.0
0.0	1.0
0.0	1.0
0.0	1.0
-1.7205936728714732e-06	0.006012024048096192
0.0	0.0
0.0	0.0
0.0	0.0
0.0	1.0
-2.7756959397606806e-08	0.006
0.0	1.0
0.0	0.0
-7.023104262771085e-05	0.0
0.0	0.0
-0.0004669352201744914	0.006
0.0	1.0
0.0	0.006
-4.664327093450993e-07	1.0
0.0	0.0
0.0	0.0
0.0	1.0
0.0	0.0
0.0	0.0
0.0	1.0
0.0	1.0
-0.00015127299411688	1.0
0.0	0.0
-4.950083894073032e-05	1.0
-1.3593399671663065e-05	0.0
0.0	0.0
0.0	0.0
0.0	1.0
0.0	0.0
-0.0005270146648399532	0.0
0.0	0.0
0.0	0.0
0.0	0.0
-0.00020284803758841008	0.0
-0.006472987122833729	0.0
-0.00044187839375808835	0.0
0.0	0.0
0.0	0.0
0.0	0.0
0.0	1.0
0.0	0.0
0.0	0.0
0.0	0.0
0.0	1.0
0.0	0.0
0.0	0.0
-0.0005376329645514488	0.0
0.0	0.0
0.0	0.0
0.0	1.0
0.0	0.0
0.0	0.0
0.0	1.0
0.0	0.0
0.0	0.0
-0.0035191138740628958	1.0
0.0	1.0
0.0	1.0
0.0	0.0
0.0	0.0
0.0	0.0
-8.215904017561115e-06	0.0
-0.00034664463601075113	0.0
-6.754305650247261e-05	1.0
0.0	0.0
-0.0008062751148827374	0.0
-0.00047783300396986306	0.0
0.0	1.0
0.0	1.0
0.0	1.0
0.0	1.0
0.0	0.0
0.0	0.0
-5.581130972132087e-05	1.0
0.0	1.0
0.0	0.0
0.0	1.0
-1.5194148023089937e-11	0.0
-6.906377529958263e-05	1.0
-0.000320016173645854	0.0
-0.0023354296572506428	0.0
-1.3242832210380584e-05	0.0
-6.801426206948236e-05	0.0
0.0	0.0
-0.00016188863082788885	1.0
0.0	1.0
0.0	0.0
0.0	0.0
0.0	0.0
0.0	0.0
0.0	0.0
0.0	0.0
0.0	0.0
-6.937993475730764e-06	0.0
-0.00055670429719612	0.0
0.0	0.0
0.0	0.0
0.0	0.0
-0.0005885457503609359	0.0031645569620253164
0.0	0.05215646940822467
0.0	1.0
0.0	0.0031847133757961785
0.0	1.0
0.0	0.058174523570712136
-6.868824129924178e-05	0.058174523570712136
0.0	1.0
-0.011254415847361088	0.0
-0.0034374890383332968	0.0
-2.258570885871336e-09	0.0
0.0	0.0
0.0	0.001
0.0	0.0
-0.04878165200352669	0.0
0.0	0.0
-2.7245632736594416e-05	0.0
0.0	0.0
-0.0002474307839293033	0.021
0.0	0.0
-0.0009226612746715546	1.0
0.0	0.0
0.0	0.0
-0.020922239869832993	0.0
0.0	0.0
0.0	0.0
0.0	1.0
0.0	1.0
0.0	0.0
0.0	1.0
-0.0011882471153512597	0.0
-0.008932286873459816	0.0
-0.0019950764253735542	1.0
-2.5600687877158634e-05	1.0
-8.91550189408008e-06	1.0
0.0	1.0
-0.0011141912546008825	0.0
-0.0014978022081777453	0.0
0.0	0.001519756838905775
0.0	1.0
-2.5208663281817145e-12	1.0
0.0	0.0
0.0	1.0
-0.0023598945699632168	0.0
-1.0592798638242584e-08	0.0
0.0	0.003
0.0	0.0
0.0	0.0
0.0	1.0
-0.009764961898326874	0.003
0.0	0.003
0.0	0.003
0.0	0.003
0.0	0.0
-0.00015775598876643926	0.0
0.0	1.0
0.0	1.0
0.0	0.0
0.0	0.0
0.0	1.0
0.0	0.0
0.0	1.0
0.0	1.0
0.0	1.0
0.0	1.0
0.0	0.0
-8.930467032541856e-08	0.0
0.0	0.0
-5.500436728311797e-08	0.0
-6.466799095505849e-05	0.0
0.0	0.0
-0.0005672031547874212	0.0
0.0	0.0
-0.0002875583595596254	0.0
0.0	0.0
-4.790175808011554e-06	0.0
0.0	0.0
-0.0014807042898610234	0.0
0.0	0.0
0.0	0.0
0.0	0.0
0.0	0.0
-0.0007625463185831904	0.0
0.0	0.0
0.0	0.0
0.0	0.0
0.0	0.0
0.0	0.0
-0.0005329629057087004	0.0
0.0	0.0
0.0	0.0
-1.7672117634819247e-14	0.0
0.0	0.0
0.0	0.0
-4.709755918597125e-10	0.0
0.0	1.0
0.0	0.0
0.0	1.0
-0.00043119455222040415	0.0
0.0	0.0
0.0	1.0
0.0	0.0
0.0	1.0
-1.1194320848062489e-07	1.0
0.0	1.0
-0.0010575678898021579	1.0
0.0	1.0
0.0	1.0
0.0	1.0
0.0	0.0
0.0	0.0
0.0	0.011
-8.680734754307196e-05	0.0
-3.5185649949198705e-08	0.0
0.0	0.0
0.0	0.0
-3.839833152596839e-05	0.0
0.0	0.0
-0.0017345206579193473	0.0
-0.0008691474795341492	0.0
0.0	0.0
0.0	0.014
0.0	0.0
-0.00042502270662225783	0.014
-1.003412307909457e-05	0.0
-4.4139646604435256e-08	0.0
0.0	0.0
-0.005692848935723305	0.0
-5.020861060245352e-09	0.0
-2.916509947681334e-05	0.014
0.0	0.0
0.0	0.0
0.0	0.0
-0.001013098401017487	0.0
0.0	1.0
-3.875412585330196e-05	1.0
-3.483071623122669e-06	1.0
-8.223882105085067e-06	0.0
-2.5045309826055018e-08	1.0
-0.0013006608933210373	0.0
-0.00019397542928345501	1.0
0.0	1.0
-0.0005314648151397705	0.0
0.0	1.0
0.0	0.0
-0.0003348631435073912	1.0
0.0	0.0
0.0	1.0
-0.003661118680611253	0.0
-1.3234561829691266e-13	0.0
0.0	1.0
0.0	1.0
-0.004484782461076975	0.0
-0.0006130560068413615	0.0
0.0	1.0
-2.8594631107381474e-09	0.0
0.0	0.0
0.0	0.0
0.0	0.0
-0.006549992598593235	0.0
0.0	0.0
0.0	0.0
0.0	0.0
-0.0026650484651327133	0.0
0.0	1.0
-4.1809257709246594e-06	1.0
-0.018312228843569756	0.0
0.0	0.0
0.0	0.0
0.0	0.0
