-0.0027389973402023315	0.0
-1.5252554774747296e-09	0.0
0.0	0.0
0.0	0.0
-5.23372298394365e-15	0.0
0.0	0.0
-0.0010350878583267331	0.0
-1.1190731896704165e-07	0.0
0.0	0.0
0.0	1.0
0.0	1.0
0.0	0.001
0.0	0.0
-5.12501117100328e-08	0.0
-1.2639339729503263e-05	1.0
0.0	0.0
-4.179407187621109e-05	1.0
0.0	0.0
0.0	0.0
-9.80541153694503e-05	0.0
0.0	1.0
-0.0002302897337358445	0.0
0.0	0.0
0.0	0.0
-5.387790338318155e-07	0.0
0.0	0.0
0.0	0.0
0.0	0.0
-2.9899112519160553e-07	0.0
0.0	0.0
0.0	0.0
-4.453712244867347e-05	0.0
0.0	0.0
0.0	0.0
0.0	0.0
-5.574138049269095e-05	1.0
-1.1353961326676654e-07	0.0
-4.903119688037805e-09	0.0
-0.00021610518160741776	0.0
0.0	0.0
-0.00021614512661471963	0.0
-7.496212674595881e-06	0.0
0.0	1.0
-1.4231137583919917e-06	0.0
-0.0003673804458230734	0.035
0.0	1.0
0.0	0.0
-0.0018466049805283546	0.0
0.0	1.0
0.0	0.529
0.0	0.529
-0.00012644220259971917	0.0
-0.0007997100474312901	0.0
-8.470499892609951e-07	1.0
-0.00018598505994305015	0.0
0.0	1.0
-0.00017812282021623105	0.0
0.0	0.0
-0.00011491732584545389	0.0
-8.895340579329059e-05	1.0
0.0	1.0
-0.00017956097144633532	0.0
0.0	0.0
-0.0012241355143487453	1.0
0.0	1.0
-2.2028121748007834e-05	0.0
0.0	1.0
-0.00047118941438384354	0.0
-0.060080111026763916	0.0
0.0	0.0
0.0	0.0
0.0	1.0
-0.0016382299363613129	0.0
-0.009857225231826305	0.0
-5.4846292186994106e-05	0.0
-3.075239851180536e-14	0.0
0.0	0.0
0.0	0.001
0.0	0.0
0.0	0.0
0.0	0.0
-0.007849877700209618	0.0
-0.0001504766842117533	0.0
-1.363274895993527e-05	1.0
0.0	1.0
-7.754049875074998e-05	1.0
0.0	1.0
-1.092437400984636e-06	1.0
0.0	0.0
0.0	0.0
0.0	0.0
-0.00019510211132001132	0.0
-1.4097337186491643e-10	0.0
-0.0032180515117943287	0.0
0.0	1.0
0.0	0.0
0.0	1.0
-0.00022221548715606332	0.0
0.0	0.0
0.0	0.0
0.0	0.0
0.0	1.0
-4.888280273007695e-06	0.0
0.0	0.0
-0.00025869105593301356	0.0
0.0	0.0
0.0	1.0
0.0	1.0
-0.054214928299188614	0.0
-1.935515392403886e-08	0.0
0.0	0.0
-5.825898188049905e-05	0.0
0.0	0.0
-0.08395834267139435	0.0
0.0	1.0
-3.447381402565952e-08	0.0
0.0	0.0
0.0	1.0
0.0	0.0
-0.0009766998700797558	0.0
0.0	1.0
0.0	1.0
0.0	1.0
0.0	1.0
0.0	0.0
-0.0008411642629653215	1.0
-0.0019989788997918367	0.0
0.0	0.494
-4.006809994905325e-09	0.0
-0.002134987385943532	0.0
0.0	0.529
-0.0002350075519643724	0.0
-0.00015476025873795152	1.0
0.0	0.0
0.0	0.0
-0.0002380847290623933	0.036
0.0	0.0
0.0	0.0
-3.612369982874952e-05	0.0
-1.6603660668579323e-08	0.0
-0.004675074014812708	0.0
-0.00011710377293638885	1.0
-0.0012535108253359795	0.0
0.0	0.0
0.0	0.0
-0.0020489287562668324	1.0
0.0	0.0
0.0	1.0
0.0	0.0
-3.1491267691308167e-06	0.0
0.0	0.0
0.0	0.0
-0.0019375570118427277	0.0
0.0	1.0
-0.07346998155117035	0.0
-0.0015880713472142816	0.0
0.0	1.0
-0.002198307542130351	0.0
-0.00014143406588118523	0.0
0.0	0.0
-4.4757012801710516e-05	0.0
-0.002478244947269559	0.0
0.0	0.0
0.0	0.0
0.0	0.0
0.0	0.0
-0.0011646045604720712	0.0
-0.00561242550611496	0.0
-0.0018832165515050292	0.0
-0.006265027914196253	0.0
0.0	0.0
0.0	0.0
0.0	0.0
-0.0005399467772804201	0.0
-0.0006377655081450939	0.0
0.0	1.0
0.0	1.0
0.0	0.0
0.0	1.0
0.0	0.0
0.0	1.0
-9.462735306442482e-08	1.0
0.0	1.0
0.0	0.0
0.0	0.343
-4.594998972606845e-05	1.0
0.0	0.0
0.0	0.0
0.0	0.0
0.0	0.0
0.0	0.0
-0.007316065952181816	0.0
0.0	1.0
0.0	0.0
0.0	0.0
-0.002823895076289773	0.0
-0.0028730633202940226	0.0
0.0	0.0
0.0	0.0
0.0	0.0
-5.056625013821758e-05	1.0
-4.2377692466288863e-07	0.0
0.0	0.0
0.0	0.0
0.0	0.0
0.0	0.0
0.0	0.0
-2.623399268486537e-05	0.0
-0.00048177127609960735	0.0
0.0	0.0
0.0	0.0
0.0	0.0
0.0	0.0
0.0	0.0
-1.0707794373399082e-10	0.0
-0.0008171888766810298	0.0
0.0	0.0
0.0	0.0
-0.00022676761727780104	0.0
0.0	0.0
0.0	0.0
0.0	0.0
-1.752887186512453e-07	0.013
-1.5709072158642812e-06	0.0
0.0	0.0
-9.053455869434401e-05	0.0
-0.0024518417194485664	0.0
-0.0038127058651298285	0.0
0.0	1.0
-5.200990563025698e-05	1.0
0.0	1.0
0.0	1.0
0.0	1.0
0.0	0.005035246727089627
-1.0728734196163714e-05	0.0
0.0	0.007035175879396985
-0.0021003740839660168	0.005035246727089627
-0.07410873472690582	0.0
-0.01695641316473484	0.0
-0.0019837382715195417	0.0
0.0	0.0
-0.00010421873594168574	0.0
0.0	0.0
0.0	0.0
-4.218054891680367e-05	0.0
-4.467198778002057e-06	0.0
0.0	0.013
-0.002208737889304757	0.013
0.0	0.013
0.0	0.0
0.0	0.0
-0.0013309648493304849	0.0
-2.2166499746845147e-08	0.0
0.0	0.005
0.0	0.009881422924901186
-1.4067551568075487e-09	0.4964824120603015
0.0	0.4964824120603015
0.0	0.009881422924901186
-6.616902737732744e-06	0.4964824120603015
-0.00016404288180638105	0.4964824120603015
0.0	0.009881422924901186
0.0	0.494
0.0	0.0
0.0	0.494
-6.279895006788827e-12	0.0
-0.0023186979815363884	0.0
-4.919107823297963e-07	0.0
0.0	0.0
0.0	0.0
0.0	0.0
-0.0004981817328371108	0.0
0.0	0.0
-0.001482741441577673	0.0
0.0	0.0
-0.003161653643473983	0.0
0.0	0.0
-0.0011791064171120524	1.0
-3.579675103537738e-05	0.0
-0.00012119490565964952	0.0
0.0	0.0
-0.006765596102923155	0.0
0.0	0.0
0.0	0.0
0.0	0.0
0.0	0.0
-0.0005061693373136222	0.0
-0.0001659732370171696	0.0
-2.770846307953434e-08	0.0
-1.2230999345774762e-05	0.0
-0.001588126877322793	0.0
0.0	0.0
0.0	0.0
0.0	0.0
0.0	0.0
0.0	1.0
-0.008939036168158054	0.0
0.0	1.0
0.0	0.0
0.0	1.0
0.0	1.0
-0.00011613868264248595	0.0
0.0	1.0
-1.5100032214832027e-05	1.0
0.0	1.0
0.0	0.0
0.0	1.0
-7.286190520972013e-05	0.0
0.0	0.0
0.0	0.0
-0.002727281767874956	0.0
-0.002790051745250821	0.0
0.0	0.0
0.0	0.0
0.0	1.0
0.0	1.0
0.0	0.0
0.0	0.0
0.0	1.0
0.0	1.0
-9.623844562156592e-06	1.0
0.0	1.0
0.0	0.0
0.0	1.0
0.0	0.001
-0.00022413351689465344	0.0
-0.0009013558737933636	0.0
-2.8766518880729564e-05	0.0
-0.00011575751705095172	0.0
0.0	0.0
0.0	0.001
0.0	0.0
-0.0038785417564213276	0.0
0.0	0.0
-0.002038851846009493	0.001
0.0	0.0
-5.0774659143826284e-08	0.0
0.0	0.0
-5.1067431172668876e-08	0.0
-0.007348261773586273	0.0
0.0	0.0
0.0	1.0
0.0	0.0
0.0	1.0
0.0	1.0
0.0	1.0
-0.02440248243510723	0.0
0.0	1.0
0.0	0.0
-4.082161467522383e-06	0.0
-1.2119627399442834e-06	0.0
0.0	0.0
-2.032888524183818e-09	0.0
0.0	1.0
-0.006794718559831381	0.0
0.0	0.0
-0.0003413327212911099	0.06
0.0	0.0
-8.943027864916075e-07	0.0
-0.003156856866553426	0.0
0.0	0.494
-0.004260999150574207	0.0
0.0	0.0
0.0	0.0
0.0	0.0
0.0	0.0
0.0	0.002072538860103627
0.0	0.002072538860103627
-3.43062165484298e-05	1.0
0.0	0.0
0.0	1.0
-0.00046837044646963477	1.0
0.0	0.0
-0.0011763445800170302	0.0
0.0	0.0
0.0	1.0
-2.0985864466638304e-05	1.0
0.0	1.0
0.0	1.0
0.0	0.05090137857900318
0.0	0.0
-6.759961252100766e-06	0.0
0.0	0.057
0.0	0.0
0.0	0.0
0.0	1.0
0.0	0.003009027081243731
0.0	0.003009027081243731
0.0	0.003009027081243731
0.0	0.003009027081243731
0.0	0.0
-0.001392059843055904	0.0
0.0	1.0
-3.2801028737594606e-07	1.0
-6.5466265368741e-05	1.0
0.0	1.0
0.0	1.0
-0.0003506415814626962	0.0
-3.7271740893629612e-06	1.0
-0.0006006489275023341	1.0
-0.00023671735834795982	0.0
0.0	0.0
0.0	0.0
-2.380506157351192e-05	0.0
0.0	0.0
0.0	0.0
-7.399468449875712e-05	0.0
-0.0011124741286039352	0.0
-2.714248694246635e-06	0.002
0.0	0.0
-3.984541763202287e-06	0.0
-0.00016267155297100544	0.0
-1.4308041500044055e-05	0.0
-0.0009029333596117795	0.0
0.0	0.0
0.0	1.0
-1.4128954006764616e-08	0.0
-3.910680788976606e-06	0.0
0.0	0.0
0.0	0.0
0.0	0.0
-0.002681564539670944	0.0
0.0	0.0
-0.00018047010235022753	0.0
0.0	1.0
0.0	1.0
-9.35410298552597e-06	1.0
0.0	0.0
0.0	0.0
0.0	0.0
0.0	0.011
-0.0003662036906462163	0.0
0.0	0.0
0.0	0.0
0.0	0.0
-0.0023353772703558207	0.0
0.0	0.0
-7.442420610459521e-05	0.0
-0.00024167583615053445	0.0
0.0	0.0
-0.0039360797964036465	0.0
-0.009539424441754818	0.014861995753715499
-0.0028071328997612	1.0
-5.445475471788086e-05	0.0
-0.00011913494381587952	0.0
0.0	0.0
0.0	0.0
-1.1602141967159696e-05	0.0
0.0	0.0
0.0	0.0
0.0	0.0
0.0	0.0
-0.0004584666748996824	0.0
0.0	0.0
-0.00198159902356565	0.0
-0.000850513344630599	0.0
0.0	0.0
0.0	0.0
0.0	1.0
-6.620958642455932e-11	0.0
0.0	0.0
0.0	0.0
-0.00012110164243495092	0.008
-0.0005210003582760692	1.0
-0.00015906573389656842	0.36363636363636365
0.0	0.0
0.0	0.0
0.0	1.0
0.0	0.0
0.0	1.0
-7.556716918877271e-10	0.0
0.0	1.0
-2.5880108296405524e-05	0.0
-9.049804461369604e-09	1.0
0.0	1.0
0.0	1.0
-0.004898222163319588	0.0
0.0	0.0
0.0	1.0
0.0	1.0
0.0	0.0
-0.004328492097556591	0.0
-0.00020771785057149827	0.0
0.0	0.0
-1.9257847725384636e-06	0.0
-0.00010798859148053452	0.0
0.0	0.0
0.0	0.0
-9.94088713923702e-06	0.0
0.0	0.0
0.0	0.0
0.0	0.011
0.0	0.0
0.0	1.0
0.0	0.0
0.0	0.0
0.0	1.0
0.0	1.0
0.0	1.0
0.0	0.0
-1.5484661162190605e-06	1.0
-0.005111963488161564	0.0
0.0	0.0
0.0	0.0
-0.014584194868803024	0.0
0.0	0.0
0.0	0.0
-6.58205317449756e-05	1.0
-2.6590887500788085e-05	1.0
-0.0014317798195406795	1.0
0.0	1.0
0.0	1.0
0.0	0.0
0.0	0.0
0.0	0.0
0.0	1.0
0.0	0.003
0.0	1.0
-5.7987668697023764e-05	0.004784688995215311
0.0	1.0
0.0	1.0
0.0	0.0
0.0	0.0
0.0	0.0
0.0	0.262
0.0	1.0
-0.0012563180644065142	1.0
-0.002263735281303525	0.0
-0.000425641454057768	0.0
0.0	0.0
-0.0008756188908591866	0.0
0.0	0.0
0.0	0.0
-0.001649112906306982	0.0
-2.530094025132712e-05	0.0
0.0	0.0
-0.0017252160469070077	0.0
0.0	0.0
0.0	0.0
-0.0035531665198504925	0.0
-0.0010237881215289235	0.0
-0.0002823387912940234	0.0
0.0	0.0
-0.000817177293356508	1.0
0.0	0.0
-3.3623546187300235e-05	1.0
0.0	0.004
0.0	1.0
0.0	0.0
0.0	1.0
0.0	1.0
-0.0036664321087300777	0.209
0.0	0.209
-0.0004620760155376047	0.209
-2.919285299607388e-11	0.0
0.0	0.209
0.0	0.211
-9.428743942407891e-05	1.0
-4.865651135332882e-07	0.0
0.0	0.0
0.0	0.0
0.0	0.0
-0.00059747404884547	0.0
0.0	0.0
-1.3706506734451323e-14	0.0
0.0	1.0
0.0	0.0
0.0	0.0
-2.3240472728502937e-06	0.0
-1.0212746701654396e-06	0.0
0.0	0.0
-5.573407543124631e-05	1.0
-3.3033202839760634e-07	0.02
0.0	1.0
0.0	0.0
-0.00011697701847879216	0.0
-0.0054674651473760605	0.0
-6.458979555645783e-07	0.0
-0.0057975719682872295	0.0
-7.961515075294301e-05	0.0
-2.1102212485857308e-05	0.0
-0.0013476694002747536	1.0
0.0	1.0
-0.017367133870720863	0.0
0.0	0.0
0.0	1.0
-1.7194077372550964e-05	0.0
0.0	0.0
0.0	1.0
-0.0010316778207197785	0.0
0.0	0.0
0.0	0.0
0.0	0.0
0.0	0.0
0.0	0.0
0.0	0.011
0.0	0.0
-0.000834027596283704	0.0
-0.0001021773277898319	0.0
0.0	0.0
0.0	0.0
0.0	0.0
0.0	1.0
0.0	0.0
0.0	0.0
0.0	0.0
0.0	0.0
-1.5343621271313168e-05	0.0
0.0	0.0
0.0	0.0
0.0	0.062
0.0	0.0
0.0	0.0
0.0	0.12550607287449392
-3.0642129331681645e-06	0.0
0.0	0.062
-1.0872057600863627e-06	0.0
0.0	0.0
0.0	0.0
-0.0014518313109874725	0.0
0.0	0.0
0.0	0.0
0.0	0.0
0.0	1.0
0.0	0.0
0.0	1.0
0.0	0.0
0.0	0.0
-4.048865321237827e-06	0.0
-0.00015234644524753094	1.0
0.0	0.0
-0.0029977865051478148	0.0
-1.9527254975764546e-13	1.0
0.0	0.0
0.0	0.0
0.0	1.0
0.0	1.0
0.0	1.0
0.0	1.0
0.0	1.0
0.0	0.0
-0.000588182476349175	1.0
0.0	1.0
0.0	0.020242914979757085
-4.555931081995368e-05	0.0
-3.612239015637897e-05	0.0
0.0	0.0
-0.0005323526565916836	0.0
0.0	0.0
-0.001046020770445466	0.0
-6.046731868991628e-05	0.0
-0.009822258725762367	0.0
-7.278442240021832e-07	0.0
-0.002388782100751996	0.0
0.0	1.0
0.0	1.0
-0.0027727968990802765	0.0
-0.00047959634684957564	1.0
0.0	1.0
0.0	0.0
0.0	0.0
0.0	0.0
0.0	0.0
0.0	1.0
-3.4220097866466404e-09	1.0
0.0	1.0
0.0	0.0
-1.1151412309118314e-06	1.0
-0.002322574844583869	0.0
-4.781016104971059e-05	0.0
0.0	0.0
0.0	1.0
0.0	0.07150259067357513
0.0	0.069
0.0	0.069
-5.517821591638494e-06	0.0
0.0	0.0
0.0	1.0
0.0	1.0
0.0	0.0
0.0	0.0
-0.02104567550122738	0.0
-0.0006219489150680602	0.0
-0.023997154086828232	0.0
-0.0751202329993248	0.0
0.0	0.0
-0.0019876740407198668	0.0
-1.991792942135362e-06	0.0
0.0	0.0
-2.030246726292262e-08	0.0
-4.063638812112913e-07	0.0
0.0	0.0
-0.004942671395838261	0.0
0.0	0.0
0.0	0.0
-3.2268692393699894e-06	0.0
-0.0007494239252991974	0.0
0.0	0.0
-0.0008119737613014877	0.0
-0.0005161419394426048	0.0
-1.083900400544735e-07	0.0
0.0	0.0
0.0	0.0
-0.00240156683139503	0.0
-0.0013603948755189776	0.0
0.0	0.0
0.0	0.0
-0.000204445343115367	0.0
0.0	0.0
0.0	0.0
-0.006967219058424234	0.0
0.0	0.0
-1.7739957058893197e-08	0.0
-0.016820132732391357	0.0
-0.0012520547024905682	0.0
-0.014842472039163113	0.0
0.0	0.0
-4.21818857621048e-10	1.0
-5.157076157047413e-05	0.0
-3.944112904719077e-06	1.0
-2.0792913346667774e-06	0.0
-1.397818095938419e-06	0.0
0.0	0.0
-0.0002618441649246961	0.0
-0.0031551162246614695	0.0
