0.0	0.0
0.0	1.0
0.0	0.0030737704918032786
0.0	1.0
-0.0047857556492090225	0.0
0.0	1.0
-3.478395228739828e-06	1.0
0.0	0.003
-0.000689107459038496	0.0
0.0	1.0
0.0	0.0
0.0	0.0
0.0	0.0
0.0	1.0
0.0	0.0
0.0	1.0
0.0	0.0
0.0	0.0
0.0	0.0
0.0	0.012
0.0	0.0
0.0	0.0
0.0	0.0
0.0	0.0
0.0	0.0
0.0	0.0
-0.0018050838261842728	0.0
0.0	0.0
0.0	0.0
0.0	0.0
0.0	0.0
0.0	0.0
-0.001042442861944437	0.0
0.0	0.0
-1.1103697128422851e-10	1.0
0.0	0.0
0.0	1.0
0.0	1.0
-0.000388678046874702	1.0
0.0	1.0
-0.0007823319756425917	1.0
-2.680265242815949e-05	0.034
0.0	0.0
0.0	0.0
-0.00040238522342406213	1.0
-8.020854380674791e-08	1.0
-0.007055446971207857	0.0
-0.0005080387345515192	0.0
0.0	0.0
-0.00987263023853302	0.0
-1.6863464225025382e-06	0.0
-0.0006564123905263841	0.0
0.0	0.0
0.0	0.0
0.0	0.0
0.0	0.0
-1.3985667465021834e-05	1.0
-2.234075736851082e-06	0.0
-0.0004959828802384436	1.0
0.0	1.0
0.0	1.0
0.0	1.0
0.0	0.0
0.0	0.0
0.0	0.0
-8.778786074817302e-13	0.0
0.0	0.001
-6.138641765573993e-06	1.0
0.0	1.0
-9.068934741662815e-05	0.0
-6.024753815836448e-07	1.0
0.0	0.0
0.0	1.0
-0.0035346068907529116	0.0
-1.3694500921701547e-05	1.0
0.0	1.0
0.0	0.0
-0.00012422080908436328	0.0
-1.1102869393653236e-05	0.0
0.0	0.0
-0.0005599828436970711	0.0
-0.004018132574856281	0.0
0.0	0.0
-0.0016003010096028447	0.0
0.0	0.0
-0.0016521018696948886	0.0
0.0	0.0
0.0	0.019
-0.0029204704333096743	0.0
0.0	0.0
0.0	0.019
-0.0034439864102751017	0.0
0.0	0.0
0.0	0.0
0.0	0.0
-0.0004984485567547381	1.0
0.0	1.0
-3.773598564293934e-06	1.0
0.0	1.0
0.0	0.0
0.0	1.0
-0.00012662491644732654	0.0
0.0	0.002
-1.697360971775197e-07	1.0
0.0	1.0
-1.2648904146317363e-07	0.0
0.0	0.038
0.0	0.038
0.0	0.038
-0.0027956406120210886	0.0
-1.2851165593019687e-05	1.0
0.0	0.038
0.0	1.0
-0.0010975489858537912	0.0
0.0	1.0
-0.0067851487547159195	0.0
-0.00025477504823356867	1.0
0.0	1.0
-0.0004779282899107784	1.0
-0.000205331074539572	0.0
0.0	1.0
-3.569508783603931e-13	1.0
0.0	1.0
-2.1140745957382023e-05	0.0
-3.0770447665418033e-06	1.0
0.0	1.0
-1.2590887443764132e-08	1.0
0.0	0.0
0.0	1.0
0.0	1.0
0.0	1.0
-0.0036418756935745478	0.0
0.0	0.0
0.0	0.0
0.0	0.0
0.0	1.0
-0.0001948796707438305	0.0
0.0	1.0
0.0	0.294
-7.007725071161985e-05	0.0
-0.00013352467794902623	0.0
0.0	1.0
0.0	0.0
-0.0002941516286227852	0.0
0.0	1.0
0.0	0.0
0.0	1.0
0.0	1.0
0.0	1.0
0.0	1.0
0.0	1.0
-0.001773774973116815	1.0
0.0	1.0
-0.0005839542136527598	0.0
0.0	1.0
-4.861691049740102e-10	1.0
-0.002466809004545212	0.0
-9.580594633007422e-05	1.0
-2.8979923172300914e-07	0.0
0.0	0.0
-2.5004905523928755e-07	0.0
0.0	0.0
-0.0002420847595203668	0.0
-1.359450951810004e-08	0.0
0.0	0.0
-0.0010785969207063317	0.0
-4.183877990726614e-06	0.0
-1.447741815319148e-09	0.0
0.0	0.0
0.0	0.0
0.0	0.0
0.0	0.0
-1.1465109750474767e-08	1.0
-0.00043971367995254695	0.0
0.0	1.0
0.0	1.0
0.0	1.0
-0.0018089266959577799	0.0
0.0	1.0
-0.0004395778232719749	1.0
-0.000396423798520118	1.0
0.0	0.0
0.0	0.0
0.0	0.0
0.0	0.099
-0.0005560409044846892	0.099
-2.6197470859301575e-08	0.0
-0.004828948527574539	0.0
0.0	0.0
-0.0003202836087439209	0.14022662889518414
0.0	0.052
0.0	0.052
0.0	0.052
-7.314857271012443e-07	0.0
-0.047994352877140045	0.0
0.0	0.0
-0.0027086345944553614	0.0
0.0	0.0
0.0	0.0
0.0	0.0
-1.2598061402968597e-06	0.0
0.0	0.0
0.0	0.0
-0.004114595241844654	0.0
0.0	0.0
-0.0010009114630520344	0.0
-0.0008520976989530027	0.0
0.0	0.0
0.0	0.003
0.0	0.0
-0.00034662053803913295	0.0
0.0	0.0
0.0	0.0
0.0	0.0
0.0	0.0
-0.0010021907510235906	0.0
-2.53167653507802e-10	1.0
-5.138708365848288e-05	1.0
-0.0008885284187272191	1.0
-0.0035576678346842527	0.0
0.0	1.0
0.0	1.0
0.0	0.0
0.0	0.0
-0.00030355382477864623	1.0
0.0	1.0
-0.00017087733431253582	0.0
0.0	1.0
0.0	1.0
-4.5494155109793155e-09	0.0
0.0	1.0
0.0	0.0
-6.362958770989025e-11	0.0
0.0	0.0
-0.0026590428315103054	0.0
0.0	0.0
0.0	0.0
0.0	0.0
0.0	1.0
-3.727116927620955e-05	1.0
0.0	1.0
0.0	1.0
-0.000472903746413067	0.0
-3.203109736205079e-05	0.0
0.0	0.0
0.0	0.0
0.0	0.001
0.0	0.0
-7.935905266265308e-09	0.0
-0.013675674796104431	0.0
-0.0002264793438371271	0.007
0.0	1.0
-0.002015648875385523	0.0
0.0	0.0
0.0	0.0
0.0	0.007
0.0	1.0
0.0	0.0
-4.4550134248311224e-07	0.0
0.0	0.0
-0.00018978022853843868	0.0
0.0	0.0
0.0	0.0
0.0	0.0
0.0	1.0
0.0	0.0
-0.0031912783160805702	1.0
0.0	0.0
-1.5749518009200436e-11	0.0
0.0	0.0
0.0	1.0
0.0	0.0
0.0	0.0
0.0	1.0
0.0	1.0
0.0	0.0
-4.58608688802542e-08	1.0
0.0	1.0
-0.0020546680316329002	0.0
-0.0004919474595226347	0.0
-0.0007535605109296739	0.0
-0.001732943463139236	0.0
0.0	0.0
0.0	0.0
-2.7123613222101994e-07	0.0
-1.4596820392398513e-06	0.0
0.0	0.0
-3.308794020995265e-07	0.0
0.0	0.0
0.0	0.0
-1.837652234826237e-06	0.0
0.0	0.0
0.0	0.0
0.0	0.0
0.0	0.0
0.0	0.0
-0.0006986989174038172	0.0
0.0	0.0
0.0	0.0
0.0	0.0
-7.536853985357084e-08	0.0
0.0	0.0
0.0	0.0
-0.00024225842207670212	0.0
0.0	0.0
-0.009947692044079304	0.0
0.0	0.0
0.0	0.0
-9.421478898730129e-05	1.0
-6.031562749253538e-11	0.0
0.0	0.0
-0.006555827800184488	0.0
-2.8540459925952e-11	0.0
0.0	0.0
0.0	0.0
-0.002879808424040675	0.0
0.0	1.0
-0.01225418783724308	0.0
-0.034828491508960724	0.0
-0.0021943659521639347	0.0
-1.5032587804761355e-12	0.0
0.0	0.005
-0.0014695115387439728	0.0
0.0	0.0
0.0	0.0
-7.268874213650633e-08	0.0
0.0	1.0
-0.0012205693637952209	1.0
-0.0001352639519609511	1.0
0.0	0.0
0.0	1.0
-9.503480396233499e-05	0.0
0.0	1.0
-2.796864828269463e-05	1.0
0.0	0.0
0.0	0.0
0.0	1.0
-1.746921270751045e-06	0.0
-2.8523969210908495e-12	1.0
0.0	0.0
0.0	1.0
-0.000618215010035783	0.0
-0.016271432861685753	0.0
0.0	1.0
0.0	1.0
0.0	1.0
0.0	1.0
-0.00016208151646424085	0.0
0.0	0.0
0.0	0.0
0.0	0.0
0.0	0.0
0.0	0.0
0.0	0.294
0.0	0.0
-0.016840379685163498	0.0
0.0	0.0
-0.0004973475006408989	0.0
0.0	0.0
-1.842476587965436e-10	0.0
0.0	0.0
0.0	0.0
-9.905337834681394e-12	0.0
-0.003114236518740654	0.0
-3.065622513531707e-05	0.0
-0.0015779510140419006	0.0
0.0	0.0
0.0	0.0
0.0	0.0
0.0	0.0
-4.120842334032204e-09	0.0
-0.011912764981389046	0.0
0.0	0.0
-2.552988576098869e-07	0.0
-0.010397801175713539	0.0
-0.0013173589250072837	0.001
0.0	1.0
-0.0024666069075465202	0.0
0.0	0.0
0.0	0.0
0.0	0.0
-3.1321609750278867e-09	0.0
0.0	0.0
-0.0013857107842341065	0.0
0.0	0.0
-8.188805804820731e-05	1.0
-0.001251163543201983	1.0
0.0	1.0
0.0	1.0
-4.531231390103585e-09	0.0
-0.0002783940581139177	1.0
-0.0016106413677334785	0.0
0.0	1.0
0.0	0.0
-0.013623025268316269	0.0
0.0	0.0
-8.208835566847483e-08	1.0
0.0	0.0
-0.0006377045647241175	0.0
0.0	1.0
0.0	1.0
-0.0002550052886363119	1.0
-2.274982580274809e-05	0.002
-3.65053019777406e-05	0.0
0.0	0.0
-3.582228964660317e-05	1.0
0.0	0.0
-3.929369631805457e-05	0.0
-1.7343393210467184e-06	0.0
0.0	0.0
-0.0006859771092422307	0.0
0.0	0.0
-0.010584965348243713	0.0
0.0	0.0
0.0	0.0
0.0	0.001
-9.398898441759229e-07	0.001
-1.8408302768398166e-14	0.0
-5.749650426878361e-06	0.0
-1.1602601102111976e-09	0.0
-0.0002166816993849352	0.001
0.0	0.0
0.0	0.0
-0.00246161175891757	0.0
0.0	0.0
0.0	0.0
-3.376900622242829e-06	0.0
0.0	1.0
-0.006207122001796961	0.0
-0.0010541805531829596	1.0
-0.0044976649805903435	0.0
-5.57951170776505e-06	0.0
-9.594189123163233e-07	1.0
-0.0010117089841514826	0.0
0.0	1.0
-1.0793752380777732e-06	1.0
0.0	1.0
0.0	0.0
0.0	1.0
0.0	1.0
-6.47048466362321e-07	0.0
-0.0001590471511008218	1.0
0.0	1.0
0.0	0.0
0.0	0.0
-7.827163790352643e-05	0.0
0.0	0.0
-0.00019080043421126902	1.0
0.0	0.068
0.0	0.068
0.0	0.068
0.0	0.068
-0.0004356474382802844	0.0
0.0	0.0
0.0	1.0
-1.5963194528012536e-05	0.0
-0.0015745803248137236	0.0
-0.0008171019144356251	0.0
-0.045925382524728775	0.0
0.0	0.0
0.0	1.0
0.0	1.0
0.0	1.0
-1.5920240912237205e-06	1.0
0.0	0.125
0.0	1.0
-1.1539060505716403e-11	1.0
-2.257938831462525e-05	1.0
-0.0001535039918962866	1.0
0.0	0.0
0.0	0.0
0.0	0.0
0.0	0.0
0.0	1.0
0.0	1.0
-2.6114590582437813e-05	0.0
-2.5062739950953983e-05	1.0
0.0	0.0
-0.016571369022130966	0.0
-0.0014726257650181651	0.0
0.0	1.0
0.0	0.0
0.0	0.0
-0.00015668713604100049	1.0
-0.0005090743070468307	0.0
-1.6976082406472415e-05	0.0
0.0	0.0
0.0	1.0
0.0	1.0
-5.021303195462679e-07	1.0
-0.0036118649877607822	0.0
0.0	0.0
-0.000393273017834872	0.0
-3.419316271902062e-05	0.52
-0.000635532836895436	0.0
-0.0008142870501615107	0.0
0.0	0.0
0.0	0.0
-2.716165070637544e-08	0.0
0.0	0.0
-0.0008494739304296672	0.0
-0.0005394266336224973	0.0
-0.0003945096686948091	0.0
0.0	0.0
0.0	0.0
-3.3401302061975002e-06	0.0
0.0	1.0
-1.5441333744092844e-05	0.0
0.0	1.0
-2.100645657421296e-09	1.0
0.0	0.0
0.0	0.0
0.0	0.0
-4.934153530200547e-09	0.0
-3.982059752161149e-06	1.0
-8.360710489796475e-05	1.0
0.0	1.0
-0.03125067055225372	0.0
0.0	0.0
0.0	0.0
0.0	0.0
0.0	1.0
0.0	1.0
0.0	1.0
0.0	0.0
0.0	0.0
-2.6390578611312776e-08	0.0
-8.3879803103315e-10	0.0
-9.748457523528486e-05	0.0
0.0	1.0
-0.0006272800383158028	1.0
-0.0002365860709687695	0.0
0.0	0.0
0.0	0.0
-0.002842051675543189	1.0
-1.0739624940470094e-06	0.0
-2.4510875391570153e-06	0.0
0.0	1.0
0.0	1.0
-5.3350966481957585e-05	1.0
0.0	0.0
-6.520801889564609e-07	0.0
0.0	0.0
0.0	0.0
0.0	0.0
-0.001068750862032175	0.0
-0.002579241758212447	0.0
0.0	0.0
-0.00019612247706390917	0.0
0.0	1.0
0.0	0.001
0.0	1.0
0.0	0.0
-0.004804596304893494	0.0
0.0	0.0
-1.856510789366439e-05	1.0
-8.933733965932333e-07	0.0
0.0	1.0
-5.1295082005749226e-14	1.0
0.0	0.0
0.0	1.0
0.0	0.0
0.0	1.0
0.0	0.0
0.0	0.0
0.0	0.0
-7.816398283466697e-05	0.0
0.0	0.0
-0.0060694292187690735	0.0
0.0	0.0
0.0	0.0
-1.0355920210258773e-07	1.0
0.0	1.0
0.0	0.0
-8.684106433065608e-06	1.0
0.0	1.0
0.0	0.0
0.0	0.0
-0.040903471410274506	0.0
0.0	0.0
-0.000928244087845087	0.0
0.0	1.0
-1.1482444278954063e-05	0.0
0.0	0.0
-5.124909512232989e-05	0.0
0.0	1.0
-6.389251439031796e-08	1.0
-0.0003607137768995017	0.0169971671388102
0.0	1.0
0.0	0.012
0.0	1.0
0.0	1.0
-0.00012653028534259647	0.0
0.0	0.012
-0.00011546272435225546	1.0
-0.0002844334812834859	1.0
-0.0001012640495900996	0.0
-0.0009438584093004465	1.0
0.0	0.0
0.0	0.0
0.0	1.0
0.0	0.0
0.0	0.0
-0.007302314043045044	0.0
0.0	1.0
0.0	1.0
0.0	0.0
0.0	0.0
0.0	0.0
0.0	1.0
-3.786022716667503e-05	0.0
-3.95316277490565e-08	0.0
0.0	0.0
-3.449487121542916e-05	1.0
0.0	0.0
0.0	1.0
0.0	0.0
0.0	1.0
0.0	1.0
-0.021053481847047806	0.0
-0.00029202207224443555	0.0
0.0	0.0
-0.0019265435403212905	0.0
0.0	0.0
0.0	0.0
-1.5300127415684983e-05	1.0
-9.881813457468525e-05	0.002
-2.0833887504068116e-08	0.002
-1.0830958530050339e-07	0.0
0.0	0.002
0.0	0.002
-3.696086423587985e-05	0.0
0.0	0.002
-0.006176078226417303	0.0
-0.006093312986195087	0.0
0.0	0.0
-0.008385900408029556	0.0
0.0	0.0
0.0	1.0
-4.214711225358769e-05	0.0
0.0	1.0
-0.0008483638521283865	1.0
0.0	1.0
0.0	1.0
0.0	0.0
-0.0019973181188106537	0.0
0.0	0.0
0.0	0.0
0.0	0.0
-1.0326491974410601e-05	0.0
0.0	1.0
0.0	0.0
0.0	0.0
0.0	0.0
-3.956517048209207e-06	0.0
0.0	1.0
0.0	0.0
0.0	0.0
-0.002529837191104889	0.0
-8.341029911207443e-07	0.0
-0.005041682627052069	0.0
0.0	1.0
0.0	1.0
