0.0	0.0
-0.0031119263730943203	0.0
-0.00028942484641447663	0.0
-0.0009326933650299907	0.0
-0.02197640761733055	0.0
-0.00427324790507555	0.0
0.0	0.0
0.0	0.128
-0.0001260680437553674	0.0
0.0	0.0
-0.0009024151950143278	0.0
-2.628671245474834e-05	0.0
-5.197328391659539e-06	0.0
0.0	0.0
0.0	0.0
0.0	0.0
0.0	0.0
-8.652056749269832e-06	0.0
-0.0012650525895878673	0.0
0.0	0.0
0.0	0.0
0.0	0.0
0.0	0.0
-0.0012637781910598278	0.0
0.0	0.0
-0.001719475258141756	0.0
0.0	0.0
0.0	0.0
-0.005533985793590546	0.0
0.0	0.0
0.0	0.166
0.0	0.0
0.0	1.0
0.0	0.0
-1.4244867088564206e-05	0.0
0.0	1.0
0.0	0.0
0.0	0.0
0.0	0.0
0.0	0.0
0.0	1.0
0.0	0.0
-3.869265128741972e-05	0.0
0.0	0.0
0.0	1.0
0.0	0.0
0.0	0.0
-0.002221411094069481	0.0
-0.0012106643989682198	0.0
-0.0023478225339204073	0.0
-3.435441612964496e-05	0.0
-0.0011437233770266175	0.0
-0.00011106931924587116	0.0
-9.398501424584538e-05	0.0
-1.3020804544794373e-05	1.0
-0.00040418904973194003	1.0
0.0	0.0
0.0	0.0
0.0	0.02
-1.389036619059425e-08	0.02
0.0	0.0
-0.003996525425463915	0.0
0.0	0.0
0.0	0.0
0.0	1.0
-3.848591404675972e-06	0.0
-8.343767632368326e-08	0.0
-0.004590062890201807	0.0
-0.004093542229384184	0.029
0.0	0.0
-7.69287180446554e-06	0.0
0.0	1.0
0.0	1.0
0.0	1.0
0.0	1.0
0.0	1.0
0.0	0.0
-0.0019116983748972416	1.0
-9.30027795220667e-07	0.088
0.0	0.088
0.0	0.0
0.0	1.0
0.0	1.0
0.0	1.0
-4.960558630529022e-09	0.218
-3.1036693215469313e-09	0.0
-9.703738214739133e-06	0.0
-0.000717227638233453	1.0
-1.9692222849698737e-05	1.0
-0.00025589417782612145	1.0
0.0	0.0
0.0	1.0
0.0	0.0
0.0	0.0
-0.002460284624248743	0.0
0.0	0.249
0.0	0.0
0.0	0.0
-7.014556467765942e-05	0.0
-0.0009317274671047926	0.001
-0.003919475711882114	0.001
0.0	0.0
-1.5161054989221157e-06	0.0
0.0	0.0
0.0	0.00101010101010101
0.0	0.01001001001001001
0.0	0.01001001001001001
0.0	0.00101010101010101
0.0	1.0
0.0	0.04141414141414142
0.0	0.010427528675703858
-3.134892949674395e-07	1.0
-4.605038139010587e-13	1.0
-4.104266437821025e-08	1.0
0.0	1.0
0.0	0.0
0.0	1.0
0.0	0.0
0.0	1.0
-0.0005543712759390473	1.0
0.0	1.0
-0.0005360223585739732	0.128
0.0	0.0
-4.98079222310821e-09	0.0
-2.0901386960758828e-05	0.128
0.0	0.128
-0.0021105341147631407	0.0
0.0	0.128
-0.0001543230755487457	0.0
-5.377415179808054e-10	1.0
-0.0028115424793213606	0.0
0.0	0.0
0.0	0.0
-2.2208094208053808e-07	0.0
-8.643744386915841e-09	1.0
0.0	1.0
0.0	1.0
0.0	0.003
-0.00016706866153981537	1.0
-1.3493612414094969e-06	0.0
0.0	1.0
0.0	1.0
0.0	1.0
0.0	1.0
0.0	0.024072216649949848
0.0	0.0
0.0	0.0030737704918032786
-1.2269732962977287e-07	1.0
0.0	0.0030737704918032786
0.0	1.0
0.0	0.024
0.0	0.0
0.0	0.0
-3.78161457774695e-05	0.0
0.0	1.0
0.0	0.0
0.0	0.0
0.0	0.0
0.0	0.0
0.0	0.0
0.0	0.0
0.0	1.0
-0.00011273918062215671	0.0
-0.0004165952268522233	1.0
0.0	1.0
-0.006595330312848091	0.0
0.0	0.0
0.0	1.0
0.0	1.0
0.0	0.013
0.0	0.0
0.0	0.013
0.0	0.0
0.0	1.0
0.0	0.011
0.0	0.0
0.0	0.0
-1.3942865734861698e-05	0.011
-3.206507281916515e-11	1.0
-0.0048726145178079605	0.0
0.0	0.0
-0.0032250448130071163	0.0
0.0	1.0
0.0	0.0
0.0	0.005
0.0	0.005
0.0	0.0
0.0	0.0
0.0	1.0
0.0	0.0
-0.007758031133562326	0.0
0.0	0.0
0.0	1.0
-4.835598520003259e-05	0.0
0.0	0.0
0.0	0.0
-2.5818103622891886e-13	0.0
-0.00010703691077651456	0.0
-4.490052560868207e-06	0.0
0.0	0.0
0.0	0.0
0.0	0.0
-0.0005283018108457327	0.0
0.0	0.0
-2.957252763735596e-05	0.0
0.0	0.0
0.0	0.0
-1.445353336748667e-05	0.013
0.0	0.0
-0.0007583121187053621	0.0
-0.0009271673625335097	0.0
0.0	0.0
-0.00017375200695823878	0.0
0.0	1.0
-1.1751231795642525e-05	1.0
0.0	0.0
-1.9942883966450609e-07	0.0
-0.0010141453240066767	0.0
0.0	0.0
-0.0023241769522428513	0.0
-0.0036033170763403177	0.0
0.0	0.0
0.0	0.0
-3.2413423468824476e-05	0.0
0.0	0.0
-4.7486136550700664e-11	0.0
-3.080508759012446e-05	0.0
0.0	0.0
-4.442280896910233e-06	0.0
0.0	0.0
0.0	1.0
-1.7602066293420648e-07	1.0
-2.8490021106164498e-11	0.0
0.0	0.0
0.0	0.0
-8.402149660469149e-07	0.0
0.0	0.0
0.0	0.0
0.0	0.0
0.0	0.0
-6.568565004272386e-05	0.0
0.0	0.0
0.0	1.0
0.0	0.0
0.0	0.0
0.0	0.0
0.0	0.0
0.0	0.0
-0.00016924789815675467	0.0
-0.003556071314960718	0.0
-0.0001413169811712578	0.0
-0.00017661185120232403	0.0
0.0	0.0
0.0	0.0
0.0	1.0
0.0	0.0
-1.6755477190599777e-05	0.0
-0.002183144213631749	0.0
0.0	0.0
-8.854981388140004e-06	0.0
-4.218719550408423e-05	0.0
-0.00019713633810169995	0.0
-6.702277346448682e-07	0.0
-0.004204973578453064	0.0
0.0	0.0
0.0	0.0
-2.2359348804457113e-05	0.0
0.0	0.0
-0.00015967759827617556	0.0
0.0	0.0
0.0	0.0
-8.754387818044052e-05	0.0
-0.0020854065660387278	0.0
0.0	0.0
0.0	0.0
0.0	0.0
0.0	0.0
0.0	0.0
-0.00010948150884360075	0.0
0.0	1.0
0.0	0.0
-4.922587322653271e-05	0.0
0.0	0.0
0.0	0.0
-4.1801555994425144e-08	1.0
0.0	0.009
-0.0007919548079371452	0.0
-0.0025580106303095818	0.0
0.0	0.0
-0.005749029107391834	0.0
0.0	0.0
0.0	0.0
0.0	0.0
-3.038526301679667e-06	0.0
0.0	0.0
-0.0031303500290960073	0.0
-0.0008024609996937215	0.0
-0.00014755221491213888	0.0
-0.00014108719187788665	0.0
0.0	0.0
0.0	0.0
0.0	1.0
-1.838938779030741e-09	1.0
0.0	0.0
0.0	0.0
0.0	0.0
0.0	0.0
0.0	0.0
0.0	1.0
0.0	0.0
-0.00044478607014752924	0.0
-6.611347544094315e-06	0.0
0.0	0.0
0.0	0.0
0.0	0.0
-0.00043282407568767667	0.0
0.0	0.0
0.0	0.0
-2.0095201946901398e-08	1.0
0.0	1.0
0.0	0.0
0.0	0.0
-0.008631700649857521	0.0
-0.00013450061669573188	0.0
-0.00024513635435141623	0.0
-0.0012774955248460174	0.0
0.0	0.018867924528301886
0.0	0.04684317718940937
-0.0015170879196375608	0.0
0.0	1.0
0.0	0.0
-0.016508739441633224	0.0
-0.00023622081789653748	1.0
-0.0005317830946296453	0.0
0.0	0.0
0.0	0.0
0.0	0.0
0.0	0.0
0.0	0.0
-1.769777009030804e-05	0.0
-0.001641982700675726	0.0
0.0	0.0
0.0	1.0
-0.0023640641011297703	0.0
0.0	0.0
0.0	0.0
-0.001040622708387673	0.01
0.0	0.0
-1.1708372085195151e-06	0.01
0.0	0.0
0.0	0.01
0.0	0.01
-8.422271662311687e-07	0.0
-0.00014260661555454135	0.0
0.0	1.0
0.0	1.0
0.0	0.0
0.0	1.0
-0.0009515797137282789	1.0
-0.00011391202133381739	0.002
0.0	0.0
0.0	0.0
-0.00038152304477989674	0.0
-0.0002719935146160424	0.0
-2.1442315978337234e-10	1.0
-0.00019877197337336838	1.0
-1.8249489585286938e-05	1.0
0.0	1.0
0.0	1.0
0.0	0.0
0.0	1.0
-0.02134621888399124	0.0
0.0	0.0
-6.46718981442973e-05	1.0
0.0	1.0
0.0	0.0
0.0	0.0
0.0	0.0
0.0	0.0
0.0	0.0
0.0	0.0
-0.001049887971021235	0.0
0.0	1.0
0.0	0.0
-1.9312024960527197e-05	1.0
0.0	0.006030150753768844
0.0	0.005030181086519115
0.0	1.0
0.0	0.005773672055427252
-0.00277858623303473	0.005773672055427252
0.0	0.13467336683417086
0.0	1.0
-0.0002489729376975447	1.0
-0.00019049174443352968	1.0
-9.977561603591312e-07	1.0
0.0	1.0
0.0	0.0
0.0	1.0
0.0	1.0
0.0	1.0
0.0	0.0
-0.0017069989116862416	1.0
0.0	1.0
0.0	0.0
0.0	0.0
-0.00029297193395905197	0.0
0.0	0.001
-1.3187967624617158e-06	0.0
0.0	1.0
0.0	1.0
0.0	1.0
-0.001008846564218402	1.0
0.0	1.0
-0.00030768063152208924	0.0
0.0	0.0
-0.0009440276771783829	0.002
-6.531503800033533e-07	1.0
0.0	0.002
-2.5520643021081924e-07	0.002
-2.6000353869903847e-08	1.0
-7.50091639929451e-05	0.011
0.0	0.011
-2.9185659514041618e-05	0.011
-0.0007787877111695707	0.011
0.0	0.0
0.0	0.011
0.0	0.011
0.0	0.011
-6.704551651637303e-07	0.0
0.0	1.0
0.0	1.0
-0.03757155314087868	0.0
0.0	0.016177957532861477
0.0	0.011055276381909548
-2.9886381526011974e-05	0.005055611729019211
-0.0015588492387905717	0.005055611729019211
0.0	0.011055276381909548
-6.628957862631069e-07	0.0
0.0	0.0
-0.004586096853017807	0.0
0.0	0.0
0.0	0.0
-3.681861198856495e-05	0.0
-2.1656634999089874e-05	1.0
0.0	0.0
0.0	0.0
0.0	0.0
0.0	0.0
-1.2792442248610314e-05	1.0
-0.001130064600147307	0.0
0.0	0.0
-1.6036048045009466e-09	0.0
-0.0016978130443021655	0.0
0.0	0.0
-0.004107961896806955	0.0
0.0	0.0
0.0	0.0
0.0	0.009240246406570842
0.0	0.026236125126135216
0.0	1.0
-0.010755251161754131	0.0
0.0	0.0
0.0	0.0
-0.0004036662867292762	0.0
0.0	0.003
-0.015613798052072525	0.0
0.0	0.003
-0.016527608036994934	0.0
0.0	0.044132397191574725
0.0	1.0
-0.00018590370018500835	0.0
-0.003299998352304101	0.0
-0.017969463020563126	0.0
-6.621744887524983e-06	1.0
-0.0019377939170226455	1.0
-0.002044408582150936	1.0
-4.259462730260566e-05	1.0
-0.00021479402494151145	0.0
0.0	1.0
0.0	1.0
-0.00015930531662888825	1.0
0.0	0.002
0.0	1.0
-0.0034267015289515257	0.0
-0.0012890421785414219	1.0
-4.812818224309012e-05	0.0
0.0	1.0
-0.0033225875813513994	0.0
-0.0012057542335242033	0.0
0.0	0.0
0.0	0.004
-0.013090996071696281	0.004
-4.077634457644308e-06	0.0
0.0	0.0
0.0	0.0391566265060241
-0.00013903348008170724	0.039
0.0	0.0
0.0	0.039
-0.0039667729288339615	0.0
0.0	0.0
-0.009758609347045422	0.0
-1.8742592544640502e-07	0.020263424518743668
0.0	0.020263424518743668
-1.9074828742304817e-05	1.0
0.0	0.0
0.0	0.0
0.0	0.0
-0.022413190454244614	0.0
0.0	1.0
-0.003915228880941868	0.013
0.0	0.013
-3.921589950550697e-07	1.0
0.0	0.0
0.0	0.0
-0.011204696260392666	0.0
0.0	1.0
0.0	0.0
0.0	0.0
-0.00016144408436957747	1.0
0.0	1.0
0.0	1.0
0.0	1.0
0.0	0.0
0.0	1.0
0.0	0.0
-2.3681965103605762e-05	1.0
-0.0068614184856414795	0.0
0.0	0.0
-0.0002436542126815766	1.0
0.0	0.0
0.0	0.0
-0.0026706927455961704	0.0
0.0	0.0
0.0	0.0
0.0	1.0
0.0	1.0
0.0	1.0
0.0	1.0
-6.747052248101681e-05	0.0
0.0	0.0
0.0	0.0
0.0	1.0
-0.0004906777176074684	0.0
0.0	1.0
0.0	1.0
-0.0013053108705207705	1.0
0.0	0.0
0.0	0.0
0.0	0.0
-9.166029485641047e-06	1.0
-0.0005295866867527366	0.0
0.0	1.0
0.0	1.0
-1.5524258287769044e-06	1.0
0.0	0.0
-2.7947598937316798e-05	1.0
0.0	0.0
0.0	0.0
-9.759300034772878e-09	0.0
-0.0020806065294891596	0.0
0.0	1.0
0.0	0.0
0.0	0.0
-0.012126351706683636	0.041
0.0	0.0
0.0	0.0
-0.0013645171420648694	0.0
0.0	0.0
-2.743255208770279e-06	0.001
0.0	0.0
-0.000987784587778151	0.0
0.0	0.0
0.0	0.001
-0.00020392372971400619	0.0
-2.263647758127263e-08	0.0
0.0	0.001
-2.9022816306678578e-05	0.001
0.0	0.001
0.0	0.0
0.0	0.0
-0.0010281444992870092	0.0
-0.000138437986606732	0.0
0.0	0.009
-2.419041993562132e-05	0.009
0.0	1.0
0.0	0.0
-0.009514030069112778	0.0
-0.0001403173664584756	0.0
0.0	0.0
0.0	0.0
0.0	0.0
-0.0001968409342225641	0.0
-6.870061042718589e-05	0.0
-0.00018935356638394296	0.0
0.0	1.0
0.0	1.0
0.0	0.0
0.0	1.0
-0.001548979664221406	0.0
-0.006371172145009041	0.0
0.0	1.0
0.0	0.0
0.0	1.0
0.0	1.0
0.0	0.04
0.0	0.04
0.0	0.04
0.0	0.020833333333333332
0.0	0.04081632653061224
0.0	0.29850746268656714
0.0	0.0
0.0	1.0
0.0	0.04081632653061224
-1.441556946701894e-06	0.4878048780487805
0.0	1.0
-2.143865751591534e-09	1.0
-8.457502644887427e-07	0.0
-1.1144386917294469e-05	0.0
-5.134526873007417e-05	0.0
0.0	0.0
0.0	0.0
-0.0020046650897711515	0.0
0.0	0.0
-5.433470278148889e-07	0.0
0.0	0.0
-0.0005196621059440076	0.0
0.0	0.0
0.0	0.0
0.0	0.0
0.0	0.0
0.0	0.0
0.0	0.0
-1.3323241435884287e-13	0.0
-0.001141790533438325	0.0
0.0	0.0
-1.523379822288007e-08	1.0
-0.0005444732378236949	0.0
0.0	0.0
-2.2281537894741632e-05	0.0
0.0	0.0
0.0	0.0
0.0	0.0
-1.3310748727235477e-05	0.0
-3.758676029974595e-05	1.0
0.0	0.0
0.0	0.0
0.0	1.0
-0.001349227735772729	1.0
-0.010802273638546467	0.0
0.0	0.0
-7.1538893280376215e-06	0.009
-1.4252275832404848e-05	0.009
0.0	0.009
0.0	0.0
-0.0009308990556746721	0.0
0.0	0.0
-0.0040891943499445915	0.0
0.0	0.0
0.0	1.0
0.0	0.0
0.0	1.0
0.0	1.0
-4.3068860977601986e-11	0.0
0.0	0.0
0.0	0.0
0.0	0.0
0.0	0.0
-6.502617679871037e-07	0.02
0.0	0.0
-0.001861251424998045	0.0
-0.0036588874645531178	0.0
-4.334537879913114e-05	0.0
0.0	0.0
-5.852150025020819e-06	0.0
-0.002144397236406803	0.02
0.0	0.02
0.0	0.02
-0.00010248861508443952	0.02
-0.00394674064591527	0.0
0.0	0.02
0.0	0.0
0.0	0.0
-9.780642962198272e-09	0.0
-0.015276120975613594	0.0
0.0	0.0
0.0	0.02
0.0	0.02
0.0	0.0
0.0	0.0
-0.000947018968872726	0.0
-0.004307022783905268	0.0
-1.2506005987233948e-05	0.0
0.0	0.128
0.0	0.0
-0.00020739248429890722	0.0
-0.00046364543959498405	0.0
-4.7995457862270996e-05	0.0
0.0	0.0
-9.197941835736856e-05	0.0
-7.438228203682229e-05	0.0
-4.526391705894639e-09	1.0
-8.879811730366782e-07	0.0
0.0	1.0
-0.007463002577424049	0.0
-0.014761540107429028	0.0
0.0	0.0
0.0	1.0
-0.009038751013576984	0.0
0.0	0.0
0.0	0.0
0.0	0.0
-0.0012125977082177997	0.0
-0.002039768500253558	0.0
-6.535902684845496e-06	0.0
-0.001993018900975585	0.0
-0.0005875538336113095	1.0
0.0	0.0
0.0	0.0
0.0	0.0
-3.351067479062664e-10	0.001
-0.024604829028248787	0.0
-2.816720552800689e-05	0.0
-0.0003485236666165292	1.0
-0.0007129869773052633	1.0
-7.484165689675137e-05	0.0
0.0	0.0
-0.002075016498565674	0.0
0.0	1.0
0.0	1.0
0.0	0.0
0.0	0.0
0.0	0.0
-0.00011638567957561463	1.0
0.0	0.0
0.0	0.0
-1.5873974916758016e-05	0.325
0.0	0.009027081243731194
-0.0016571709420531988	1.0
0.0	0.0
0.0	0.0
-0.003324040211737156	0.003
-5.55289261683356e-05	0.0
0.0	0.396
-6.060611212888034e-06	0.0
0.0	0.0
0.0	0.0
0.0	0.0
0.0	0.0
0.0	0.0
0.0	0.0
0.0	0.0
0.0	1.0
0.0	0.003
-7.114761683624238e-05	0.0
0.0	0.003
0.0	0.0
-1.0720204954850487e-05	1.0
-0.0016830505337566137	0.0
0.0	0.0
-0.00023051987227518111	0.002
-4.027869726996869e-05	0.0
0.0	1.0
0.0	0.0
0.0	0.0
-8.56246242619818e-06	1.0
0.0	1.0
0.0	1.0
-0.00028468831442296505	0.0
-6.265132105909288e-05	0.009155645981688708
0.0	1.0
0.0	1.0
0.0	0.017154389505549948
-0.0035424698144197464	0.0
0.0	0.009
0.0	0.009
-0.026377655565738678	0.0
-0.0020083903800696135	1.0
-0.0006229461869224906	0.0
-0.0004718039417639375	0.0
0.0	0.0
-3.2636414744047215e-06	0.0
-2.707096200538217e-06	0.0
0.0	0.0
0.0	0.0
-0.004176748916506767	0.0
-0.0013103362871333957	0.0
-0.0006359172402881086	0.0
0.0	0.0
0.0	0.0
0.0	0.0
0.0	0.0
0.0	0.0
0.0	0.0
