0.0	0.0
0.0	0.0
0.0	1.0
0.0	0.0
-7.870367113582688e-08	0.0
-2.5516681034787325e-06	0.0
-0.007062528748065233	0.0
-0.008498280309140682	0.0
0.0	0.0
-0.0024632734712213278	0.0
-0.0005473023047670722	1.0
0.0	0.0
0.0	0.0
-0.005025021731853485	0.0
0.0	0.0
-0.002176601206883788	0.0
0.0	0.0
0.0	1.0
-0.00019738308037631214	0.0
0.0	0.0
0.0	1.0
-2.611255354167952e-07	0.0
-3.026107833647984e-06	0.0
0.0	1.0
-0.00822994764894247	0.0
-0.0002500004193279892	1.0
0.0	1.0
-1.6677629901096225e-05	0.0
-2.2487698458917293e-07	0.0
-2.3480074560211506e-06	0.0
0.0	0.0
0.0	1.0
0.0	1.0
-0.0026147353928536177	1.0
0.0	0.0
-0.0004963559913448989	1.0
0.0	1.0
0.0	1.0
-0.0006311835604719818	1.0
0.0	0.0
0.0	1.0
-0.0008875380735844374	0.0
-0.0005193929537199438	0.0
0.0	1.0
-8.613889804109931e-05	1.0
-0.0006534564308822155	1.0
0.0	1.0
-6.187907274579629e-05	0.0
0.0	0.0
-0.0034933569841086864	0.0
-0.0036547223571687937	0.0
-0.008038455620408058	0.0
-0.006589151453226805	0.0
0.0	0.0
0.0	0.0
-0.00458192266523838	0.0
-0.006275974679738283	0.0
0.0	1.0
0.0	1.0
-0.004764217883348465	0.0
0.0	1.0
0.0	1.0
0.0	0.0
-0.01739460602402687	0.0
0.0	0.0
0.0	0.0
0.0	0.0
0.0	0.0
0.0	0.0
0.0	0.0
0.0	0.0
0.0	0.0
0.0	0.0
-7.419424491672544e-06	0.0
-0.0046978965401649475	0.0
-0.00064838957041502	0.0
0.0	0.0
0.0	0.001
-5.237749990333134e-17	0.0
0.0	0.0
-7.895770249888301e-05	0.0
0.0	0.0
0.0	1.0
0.0	1.0
-0.007825824432075024	0.0
0.0	0.0
-0.0006293231272138655	0.0
0.0	0.044
0.0	0.0
-1.1527883714279596e-07	0.044
-8.670853276271373e-05	0.0
0.0	0.044
0.0	0.001
-8.817509296932258e-06	0.0
0.0	0.0
0.0	0.0
-0.0035109389573335648	0.0
0.0	0.0
0.0	0.0
0.0	0.0
-0.00028461599140428007	0.0
0.0	0.0
-4.267711517513817e-07	0.0
0.0	1.0
-4.778969014296308e-06	1.0
0.0	0.0
0.0	0.0
-0.004513169638812542	0.0
0.0	1.0
0.0	1.0
-0.005246342159807682	0.0
-0.00035256208502687514	0.0
0.0	0.0
-0.0007523903041146696	0.0
-0.0018022068543359637	0.0
-1.5392827013016586e-09	0.0
0.0	0.0
-0.003104653675109148	0.0
0.0	0.0
-0.006046884693205357	0.0
-5.841388883709442e-07	0.0
0.0	0.0
0.0	0.0
-1.5615098902799218e-07	0.0
0.0	0.0
0.0	0.0
0.0	0.0
0.0	1.0
0.0	0.0
0.0	1.0
-0.007877065800130367	0.0
0.0	0.0
-0.000778487476054579	0.0
-0.00019369088113307953	0.0
0.0	0.0
-0.0009071874083019793	1.0
-2.273413201692165e-06	0.0
0.0	0.0
-0.0008728784741833806	0.0
0.0	0.0
-0.000588253082241863	0.0
-0.018917931243777275	0.0
0.0	1.0
0.0	0.0
-0.001192862750031054	0.002
0.0	0.002
0.0	0.002
0.0	0.0
0.0	0.0
-0.0013150613522157073	1.0
-5.116604188948326e-12	0.0
0.0	0.0
0.0	1.0
0.0	0.0
0.0	0.0
-0.022271400317549706	0.0
0.0	0.0
0.0	1.0
0.0	0.0
-0.005099857691675425	0.0
0.0	0.0
0.0	0.0
0.0	0.0
0.0	0.0
0.0	1.0
0.0	1.0
-2.1942612420389196e-06	0.0
0.0	1.0
-6.11077837220364e-08	1.0
0.0	0.0
0.0	0.022448979591836733
0.0	0.022448979591836733
0.0	0.022448979591836733
-1.8161369630398383e-10	0.0
0.0	0.0
0.0	0.0
0.0	0.0
0.0	0.0
0.0	0.0
0.0	0.0
0.0	0.0
0.0	0.0
0.0	0.0
0.0	0.0
0.0	0.0
-2.505296652088873e-05	0.0
0.0	0.0
-0.004491171333938837	0.0
-0.00011247969814576209	0.0
0.0	0.0
0.0	1.0
-0.0012115903664380312	0.0
-0.00011922028352273628	0.0
-0.0015958764124661684	0.0
-0.0013409947277978063	0.0
0.0	0.0
0.0	0.0
0.0	0.008849557522123894
0.0	1.0
-0.0002512178325559944	0.003
-0.0003247402491979301	1.0
-0.0014716251753270626	0.0
-2.7749386989628366e-12	1.0
-0.0011762678623199463	0.0
0.0	0.0
-0.0004651597118936479	0.0
0.0	0.0
-3.7731083466496784e-06	1.0
0.0	0.0
0.0	0.0
0.0	0.0
0.0	0.001
0.0	0.0
0.0	1.0
0.0	0.0
0.0	0.0
-8.239118898245579e-08	0.0
0.0	0.0
-0.015606135129928589	0.0
0.0	0.0
0.0	0.0
-0.0006667881389148533	0.0
0.0	0.0
0.0	0.0
-4.705524042947218e-05	0.0
0.0	0.0
-7.317000563489273e-05	0.0
0.0	0.0
-1.6742860680096783e-05	0.0
0.0	0.0
-0.005608560983091593	0.0
-7.506831752834842e-05	0.0
-0.00011599499703152105	0.0
0.0	0.0
0.0	0.0
-0.006676213350147009	0.0
-9.030323440128996e-07	0.006
0.0	0.006
0.0	0.0
-0.0021320043597370386	0.0
0.0	1.0
0.0	1.0
-2.2039186031719282e-09	0.0
0.0	0.0
-6.63404498482123e-05	1.0
0.0	0.0
0.0	1.0
0.0	1.0
-0.04880374297499657	0.0
0.0	0.0
0.0	0.0
0.0	0.0
-0.00839286856353283	0.0
-0.00035189531627111137	0.0
0.0	0.0
-6.05795435149048e-07	0.0
-0.00010200539691140875	0.0
0.0	0.0
-0.00012422971485648304	0.0
0.0	1.0
-0.00118841917719692	0.0
0.0	0.0
0.0	0.0
-9.187794057652354e-05	0.0
-0.00042103862506337464	0.0
-8.281028567580506e-05	1.0
0.0	0.0
-2.424959859581577e-07	1.0
-0.0006529629463329911	0.0
-0.01046295277774334	0.0
0.0	1.0
-0.0003750682226382196	1.0
-1.4412707969313487e-05	0.0
-4.1343206248711795e-05	0.0
0.0	1.0
0.0	1.0
-8.837576751830056e-05	1.0
0.0	0.0
-0.00169363000895828	0.0
-8.408515714108944e-05	1.0
-2.97424503514776e-05	1.0
-0.003552017267793417	0.142
0.0	1.0
-0.003080351511016488	0.0
-4.9539885367266834e-05	0.0
-0.00010535072215134278	0.0
0.0	0.0
0.0	0.0
-1.32024679260212e-05	0.0
0.0	0.0
0.0	0.0
-4.913246084470302e-05	0.0
0.0	1.0
0.0	0.0
0.0	1.0
0.0	1.0
-0.0006706650019623339	1.0
0.0	1.0
-0.00030767093994654715	0.0
-1.200084534502821e-05	1.0
0.0	1.0
-0.0003165272646583617	0.0
0.0	0.0
-6.946044095457182e-07	1.0
0.0	0.0
0.0	0.009
0.0	0.0
0.0	0.0
0.0	1.0
0.0	0.0
-1.1500815162435174e-05	0.0
0.0	1.0
0.0	0.022
0.0	0.0
0.0	0.0
0.0	0.0
-3.0992548545327736e-06	0.022
-0.003847901476547122	0.0
0.0	0.0
0.0	0.0
-0.00018082580936606973	0.0
0.0	0.0
0.0	0.0
0.0	1.0
0.0	1.0
0.0	0.0
-6.182127663123538e-07	1.0
-0.007161665707826614	0.0
0.0	1.0
0.0	1.0
0.0	0.0
0.0	0.273
0.0	0.0
0.0	0.237
0.0	0.0
-5.561417492572218e-05	0.0
0.0	0.0
-0.001701502362266183	0.0
0.0	0.0
-9.392693755216897e-06	0.0
-0.0005802988889627159	0.0
0.0	0.0
-1.4535765480161444e-08	0.0
0.0	0.0
-5.4689244279870763e-05	0.0
-0.00500662112608552	0.0
0.0	0.0
-2.76420382760989e-06	0.0
-1.4733166153746424e-07	0.0
0.0	0.0
-9.90874286799226e-06	0.0
0.0	0.0
-2.7531814339454286e-07	0.0
0.0	0.0
0.0	0.0
-0.00261174445040524	0.0
0.0	0.0
0.0	0.0
0.0	0.0
0.0	0.0
-0.0021979811135679483	0.0
-0.0004559782682918012	0.0
0.0	0.0
-2.6863597668125294e-05	0.0
0.0	1.0
0.0	0.0
-4.8606700147502124e-05	0.0
0.0	0.0
-0.0003925833443645388	0.0
0.0	0.0
-0.004974329378455877	0.0
-0.00016567451530136168	0.0
-3.653052544905222e-07	0.0
-0.0018609440885484219	0.0
0.0	0.0
-0.001968221738934517	0.0
0.0	0.0
0.0	0.0
-0.0005662873736582696	0.0
-0.005652825813740492	0.0
0.0	0.0
0.0	0.0
-2.6664254619390704e-05	1.0
-1.1931582776014693e-05	0.0
0.0	1.0
0.0	1.0
-6.289658631430939e-05	1.0
0.0	0.0
-0.0061567602679133415	0.0
-2.164538273063954e-06	0.0
0.0	0.0
-7.107259225591633e-10	0.0
-0.013860570266842842	0.0
-0.004785014316439629	0.0
0.0	0.0
0.0	0.0
-1.6218833479797468e-05	1.0
0.0	1.0
-5.9055000747321174e-05	1.0
-0.0029063106048852205	0.0
0.0	0.0
0.0	0.0
0.0	1.0
-0.012677385471761227	0.0
0.0	0.0
0.0	0.0
-5.444929774967022e-05	1.0
0.0	0.0
-0.006013604812324047	0.0
0.0	0.0
0.0	0.0
0.0	0.0
0.0	0.0
0.0	0.0
0.0	0.0
-0.0009011798538267612	0.023404255319148935
0.0	1.0
0.0	1.0
-0.004269697703421116	0.0
0.0	1.0
0.0	0.0
-2.022843773374916e-06	1.0
0.0	0.022
-0.009954424574971199	0.0
0.0	1.0
0.0	1.0
0.0	0.0
-3.088614641821863e-10	0.0
0.0	0.022
0.0	0.0
0.0	1.0
0.0	0.0
-0.0007638501701876521	0.030428769017980636
-7.589710730826482e-05	0.7287066246056783
-0.0063103605061769485	0.02860858257477243
-0.0026984941214323044	0.02860858257477243
0.0	0.2361963190184049
0.0	0.231
0.0	0.0
0.0	1.0
0.0	0.0
0.0	0.0
-2.5280896807089448e-05	1.0
-0.00020992482313886285	0.0
-3.990236052686669e-08	0.0
0.0	0.0
-0.0002574794343672693	0.0
-0.00176254753023386	0.012
-0.00029338771128095686	1.0
0.0	0.0
0.0	0.0
0.0	0.0
0.0	0.0
0.0	0.0
-1.3491068706628084e-08	0.0
0.0	0.0
-0.0013233072822913527	0.0
0.0	0.0
-0.016639575362205505	0.0
-3.229856156394817e-05	1.0
0.0	0.0
0.0	1.0
-0.000166118930792436	1.0
-0.03690938651561737	0.0
0.0	0.0
0.0	0.0
-0.004791393410414457	0.0
0.0	0.0
0.0	0.0
0.0	0.0
0.0	1.0
0.0	1.0
0.0	0.0
-0.0035837015602737665	0.0
-0.0003724464331753552	0.0
0.0	0.0
0.0	1.0
0.0	1.0
0.0	0.0
0.0	1.0
0.0	1.0
0.0	0.0
0.0	1.0
-0.004382418002933264	0.0
0.0	0.0
-0.0024265493266284466	0.0
0.0	0.0
0.0	0.0
0.0	1.0
-1.5922132661216892e-06	0.0
-0.0006915893754921854	0.009
-6.9453839387279e-05	0.0102880658436214
-2.534526117869973e-07	0.028282828282828285
-0.004993087612092495	0.0102880658436214
-9.483014764555264e-06	1.0
-6.902649329276755e-05	0.0
0.0	1.0
0.0	0.0
-0.00012808747123926878	0.007
0.0	0.0
0.0	1.0
-2.354948492211406e-06	0.0
-1.2129521564929746e-07	0.0
-0.002288529183715582	0.0
0.0	0.0
-0.00019907811656594276	1.0
0.0	1.0
0.0	0.0
-3.667030614451505e-05	1.0
0.0	0.0
0.0	0.0
-0.0009543341584503651	0.0
0.0	1.0
-7.436116720782593e-05	1.0
-0.002204451709985733	0.0
0.0	0.0
0.0	0.0
-0.0003205047978553921	0.0
0.0	0.0
-0.005527593661099672	0.0
0.0	0.0
0.0	1.0
0.0	1.0
0.0	1.0
0.0	1.0
-2.0239305342784064e-07	1.0
0.0	1.0
0.0	1.0
-9.614655027689878e-08	0.105
-1.3799018461213564e-07	0.0
-3.701433470837401e-08	0.0
-9.758247682123411e-11	0.0
-0.0005805306136608124	0.0
0.0	0.0
0.0	0.0
-9.694037572671732e-09	0.0
0.0	0.0
-1.6793455515085043e-09	0.0
-8.037944098759908e-06	0.0
-0.0014310438418760896	0.0
0.0	0.0
0.0	0.0
0.0	0.0
-1.4108280765867676e-06	0.0
0.0	1.0
0.0	0.0
0.0	0.0
0.0	0.0
0.0	0.0
-1.4744979637271172e-07	0.0
0.0	0.0
0.0	0.0
-1.0842960591617157e-06	0.0
-2.3160009732237086e-06	0.0
-0.005319878458976746	0.0
0.0	0.0
0.0	0.003
-5.6629333167190765e-11	0.0
0.0	0.0
0.0	0.0
-0.018686963245272636	0.0
0.0	0.0
0.0	1.0
0.0	1.0
0.0	1.0
0.0	0.005
0.0	0.0
-0.0001801764447009191	1.0
0.0	1.0
0.0	0.0
0.0	0.0
-0.012277700006961823	0.0
-0.0006156417657621205	0.0
0.0	0.0
-0.00013535255857277662	0.0
0.0	0.0
0.0	0.0
0.0	0.0
-1.5305041678459474e-09	0.0
-0.0039948332123458385	0.0
-3.1734511139802635e-05	0.0
0.0	0.0
-0.00010256967652821913	0.0
0.0	0.0
0.0	1.0
0.0	0.0
0.0	0.0
-1.7661615174802137e-06	0.0
0.0	0.0
0.0	0.0
-0.001098976586945355	0.0
0.0	0.0
0.0	0.0
0.0	0.0
0.0	0.029
-1.1101615200459491e-06	0.0
0.0	0.0
-5.3545118134934455e-05	0.337
-0.003969253972172737	0.001445086705202312
-4.6477314754156396e-05	0.3083083083083083
-0.008850155398249626	0.0
-0.001060649286955595	0.0
-0.0023979595862329006	0.0
-0.009801889769732952	0.0
0.0	0.0
-7.476435712305829e-06	0.0
0.0	0.0
0.0	0.0
0.0	0.0
0.0	0.0
0.0	0.0
0.0	0.0
-7.703909545853094e-07	0.0
-0.00026049657026305795	0.0
0.0	0.0
0.0	0.0
0.0	1.0
0.0	0.0
-0.0015427055768668652	0.0
0.0	1.0
0.0	0.001088139281828074
0.0	0.001088139281828074
-4.131732930545695e-05	0.0
0.0	0.08108108108108109
0.0	0.0
-4.644229647965403e-06	0.0
0.0	0.0
0.0	0.0
0.0	0.081
0.0	0.0
-0.0005356119363568723	0.0
0.0	0.0
0.0	0.0
0.0	0.0
0.0	0.0
0.0	0.2782608695652174
-0.00498824380338192	0.0
0.0	0.018
-1.372928068121837e-06	0.018
0.0	0.0
-2.4803202336443064e-07	0.0
-0.008020371198654175	0.0
0.0	0.0
0.0	0.0
-0.00025107787223532796	0.0
0.0	1.0
0.0	0.0
0.0	1.0
-2.5509056285955012e-05	1.0
0.0	0.0
0.0	0.0
-4.447592516498844e-07	0.0
-1.031779083859874e-05	0.0
0.0	0.0
0.0	0.0
0.0	0.0
0.0	1.0
0.0	0.0
0.0	1.0
-1.163365482170775e-06	0.0
0.0	0.0
0.0	1.0
-1.5136391084524803e-05	0.0
0.0	0.0
-4.673235607624733e-14	0.0
-0.019561875611543655	0.0
0.0	0.0
0.0	0.0
0.0	0.0
0.0	0.0
0.0	0.0
0.0	0.0
-0.0005257459124550223	1.0
-0.00011993385851383209	1.0
0.0	0.0
0.0	1.0
0.0	0.0
0.0	1.0
-6.91257300786674e-05	1.0
-0.0003370780614204705	1.0
-0.008066973648965359	0.0
0.0	0.0
0.0	0.005
-0.00164401950314641	0.0
0.0	0.0
0.0	0.0
-4.894607030792031e-08	0.0
-0.000982466503046453	0.0
-3.1092788344011524e-09	0.0
0.0	0.0
-2.153571040253155e-05	0.0
-0.002669407520443201	0.0
0.0	0.0
0.0	0.0
0.0	0.0
-0.00027924016467295587	0.0
0.0	1.0
-0.0002533721853978932	1.0
0.0	1.0
0.0	0.0
-1.5087292013049591e-05	0.0
0.0	0.0
0.0	0.0
0.0	0.0
-0.00012501275341492146	0.0
-0.003450202289968729	1.0
-2.5171222659992054e-05	0.0
-0.003156297840178013	0.0
-0.005040554329752922	0.0
-0.005088221747428179	0.0
-0.009682211093604565	0.0
0.0	0.0
0.0	1.0
-2.593928911664989e-07	1.0
-1.2990000186619e-06	1.0
-0.00105475343298167	0.0
0.0	0.0
-0.00024224608205258846	0.0
0.0	0.0
-0.007547754794359207	0.001
0.0	0.0
0.0	0.0
0.0	0.0
0.0	0.0
-0.005134921055287123	0.0
0.0	0.0
0.0	0.0
0.0	0.0
0.0	0.0
-2.1051342628197744e-05	0.0
