-0.0005158038111403584	1.0
0.0	0.0
0.0	1.0
-6.041301730874693e-06	0.0
0.0	1.0
0.0	0.0
0.0	1.0
-0.0001150021271314472	0.007
0.0	1.0
0.0	1.0
0.0	0.0
-8.554781743441708e-06	0.0
-0.002728853141888976	0.0
0.0	0.0
0.0	0.0
-0.002225805539637804	0.0
-0.009186138398945332	0.0
0.0	0.0
0.0	0.0
0.0	0.0
-5.926309540882357e-07	0.0
0.0	0.0
-0.0007023208308964968	0.0
-0.0007588713197037578	0.0
-3.806561653618701e-05	0.0
-3.531464703998566e-11	0.0
-0.0002400781086180359	0.0
-3.2476332307851408e-06	0.0
0.0	0.0
0.0	0.0
-0.006667600944638252	0.0
-2.011840365412354e-07	0.0
0.0	0.0
-1.0745101475251317e-09	0.0
0.0	0.0
-0.0014738667523488402	0.0
0.0	0.0
-0.0022216946817934513	0.0
-0.00021757966896984726	0.0
-0.00104165927041322	0.0
0.0	0.0
0.0	1.0
-1.3278035737585014e-07	0.0
-0.00040284747956320643	0.0
-6.919703082530759e-06	0.0
-5.4603642638539895e-05	0.0
-0.0009214215097017586	0.0
-4.472932175758615e-07	0.0
-2.0439130821614526e-05	0.0
0.0	0.0
0.0	0.0
-0.003307343227788806	0.0
0.0	1.0
0.0	1.0
0.0	0.0
0.0	1.0
0.0	0.0
-0.0170773733407259	0.0
0.0	0.0
-0.0032077652867883444	0.0
-0.0005388357094489038	0.0
-0.0049515375867486	0.0
-4.539709152595606e-06	0.0
0.0	0.0
-2.0952920749550685e-05	0.0
-5.605090835913984e-10	0.027
-3.897733040503226e-05	0.027
0.0	0.027
-1.027217977345174e-09	0.027
0.0	0.0
0.0	0.0
-0.0010293263476341963	1.0
0.0	1.0
-0.02189686708152294	0.0
-0.001541163306683302	0.0
0.0	0.0
-2.6268056899425574e-05	1.0
0.0	0.0
-0.0018706548726186156	1.0
-0.03632612153887749	0.0
0.0	1.0
0.0	0.0
-0.032927293330430984	0.0
-8.552276995033026e-05	1.0
0.0	0.0
0.0	0.0
0.0	0.0
-0.051083896309137344	0.0
-0.005048390943557024	0.0
0.0	0.0
-0.0063385250978171825	0.0
-1.7808741148428453e-09	1.0
0.0	0.0
0.0	0.0
0.0	1.0
0.0	1.0
0.0	0.0
-0.004168632905930281	0.0
0.0	1.0
0.0	0.0
-4.586127943184692e-06	0.0
0.0	0.0
0.0	1.0
0.0	0.0
-1.676642568781972e-05	0.0
0.0	1.0
0.0	0.0
0.0	1.0
0.0	1.0
-0.000439559284131974	1.0
0.0	1.0
-8.16029842098942e-06	0.0
-0.0012620125198736787	0.0
-6.515806944662472e-06	0.0
0.0	0.0
0.0	0.0
-0.007048696745187044	0.0
-7.57927555241622e-05	0.0
-0.0013558825012296438	0.0
0.0	0.0
-0.0013358112191781402	0.0
-0.010711976327002048	0.0
0.0	0.0
-6.107602530391887e-05	0.0
-0.004568458069115877	0.0
-4.2309162040510273e-07	0.0
-6.009145363350399e-05	0.0
0.0	0.0
-0.004153728019446135	0.0
-1.0928861229331233e-05	1.0
0.0	0.0
0.0	0.0
0.0	0.0
0.0	0.0
0.0	0.0
-7.664362200454633e-12	0.0
0.0	0.0
-0.0019963495433330536	0.0
0.0	0.0
-0.0004909475683234632	0.0
0.0	0.0
-2.586911250546109e-05	0.0
-3.957545124944062e-10	0.0
0.0	0.0
0.0	0.0
0.0	1.0
-0.0010387629736214876	0.0
-0.0006354466895572841	0.0
0.0	0.0
-2.781696275633294e-05	0.918
-6.362133288254014e-16	0.918
0.0	0.0
-0.006785309873521328	0.0
0.0	0.0
-0.00429708743467927	0.047
0.0	0.0
0.0	1.0
-1.6218176824622788e-05	1.0
-4.5363549722177154e-11	0.0
0.0	0.0
0.0	1.0
-2.340725222893525e-05	1.0
-0.01515065785497427	0.0
-2.873256198654417e-05	1.0
0.0	1.0
-0.0011695638531818986	0.008221993833504625
0.0	1.0
-2.7164677618429778e-08	0.007
0.0	0.0
-1.121687326355314e-10	0.007
-0.0104858772829175	0.0
-2.2533039611971617e-07	1.0
-5.716841769753955e-05	1.0
-1.7074731886168593e-06	0.0
-0.0010428285459056497	0.0
0.0	0.0
-0.00035714698606170714	0.0
0.0	0.0
-0.0003139451437164098	0.0
0.0	0.0
0.0	0.0
0.0	0.0
0.0	0.0
0.0	0.0
-0.0008404547697864473	0.0
0.0	0.0
0.0	0.0
0.0	0.0
-1.5497276763198897e-05	1.0
0.0	0.0
-0.0004114758921787143	1.0
0.0	1.0
0.0	0.0
0.0	1.0
-2.0236764612491243e-05	1.0
0.0	0.0
0.0	0.0
-0.0006670328439213336	0.0
0.0	1.0
0.0	0.0
0.0	0.0
-5.725769725017926e-08	0.004357298474945534
0.0	1.0
0.0	1.0
0.0	0.0
0.0	0.006
0.0	0.006
0.0	1.0
0.0	0.0
-5.582863615849476e-10	1.0
0.0	0.0
0.0	0.004
-5.696889274986461e-05	0.004
0.0	0.0
-0.050745315849781036	0.0
0.0	0.004
0.0	0.0
-0.0004943438107147813	0.004
0.0	0.004
-0.00016379269072785974	0.0
-0.0016203095437958837	0.004
-4.213364768190786e-09	0.0
-0.003296460257843137	0.0
0.0	0.0
0.0	0.0
0.0	1.0
0.0	1.0
0.0	0.004
0.0	0.0
0.0	0.0
-7.349711268034298e-06	0.0
0.0	1.0
0.0	0.0
-0.01148347370326519	0.0
0.0	0.0
0.0	0.0
0.0	0.0
0.0	1.0
0.0	0.0
-1.7912784144868965e-08	0.0
0.0	0.0
-4.79522132081911e-05	0.0
0.0	0.0
-5.297815164340136e-07	0.0
-0.0005783709930256009	0.0
0.0	0.0
0.0	1.0
-0.00011238416482228786	0.0
0.0	1.0
0.0	1.0
-3.787644402564183e-07	1.0
-2.1987609510887296e-09	0.0
0.0	1.0
-2.551557599872467e-06	1.0
-2.4592162972680853e-08	0.001
0.0	1.0
0.0	0.0
0.0	1.0
0.0	0.0
-0.0029468373395502567	1.0
0.0	0.0
-0.00015457220433745533	0.0
-0.0007505266694352031	0.0
0.0	0.0
-0.00015520749730058014	0.0
-3.690161715151456e-14	1.0
0.0	1.0
0.0	0.0
-1.3377201639741543e-06	0.0
-5.2881766521295503e-08	0.0
-0.0144555838778615	0.0
0.0	0.0
-0.0018231497379019856	0.0
0.0	0.0
-0.0019556458573788404	0.0
0.0	1.0
0.0	1.0
0.0	0.0
0.0	0.0
-0.0012065817136317492	1.0
0.0	0.0
0.0	0.0
-5.109376463585669e-12	0.0
0.0	1.0
0.0	1.0
0.0	1.0
0.0	1.0
0.0	1.0
0.0	1.0
-0.0003656292101368308	0.0
0.0	0.0
0.0	0.0
-0.00018580247706267983	0.0
0.0	0.0
-0.00015730081941001117	0.0
-0.011336710304021835	0.0
-9.473890258959727e-07	0.0
-0.004248200915753841	0.0
0.0	1.0
0.0	1.0
-1.6758586980358814e-06	0.0
0.0	0.0
-0.0011239416198804975	0.0
0.0	0.0
0.0	0.0
-4.484898497025824e-08	0.0
-0.00041660721763037145	0.0
0.0	1.0
0.0	1.0
0.0	0.0
0.0	0.0
-0.00017897822544910014	0.0
-0.0001803065388230607	0.0
0.0	0.0
-5.500220868270844e-05	0.0
0.0	0.0
-3.1014401429274585e-06	0.0
-0.0014110389165580273	1.0
-0.0002795207255985588	0.0
-1.4629941688326653e-05	0.0
0.0	0.0
-0.022324660792946815	0.0
-0.0005041537806391716	0.0
-2.3637054255232215e-05	0.0
0.0	0.0
0.0	0.0
-9.354444773634896e-05	0.0
0.0	1.0
-8.00799680291675e-05	0.0
-2.956521971686499e-10	0.0
-2.8593308343261015e-06	0.0
-0.001908827805891633	0.0
0.0	0.0
0.0	0.0
-7.344775809769999e-08	0.0
-2.272004530823324e-05	0.0
-0.0004326538182795048	0.0
-0.0005988348857499659	0.0
0.0	0.0
-9.417265687261533e-07	0.0
0.0	0.0
0.0	1.0
-6.868706259410828e-05	1.0
-1.0802255928865634e-05	0.0
-0.0034125535748898983	0.0
0.0	1.0
0.0	1.0
0.0	1.0
0.0	0.0016722408026755853
-0.0008839759393595159	1.0
0.0	0.0
-4.633427579392446e-06	1.0
0.0	0.0
0.0	0.0
0.0	1.0
-0.0007365541532635689	0.0
-7.841012120479718e-05	0.004357298474945534
0.0	1.0
-0.00010644720168784261	0.0
0.0	0.0
0.0	0.0
0.0	1.0
-5.3317267884267494e-05	1.0
0.0	1.0
0.0	1.0
0.0	0.0
-3.3658634492894635e-05	1.0
-0.002495279535651207	1.0
0.0	1.0
0.0	1.0
-2.835527311617625e-06	1.0
-0.00011478353553684428	1.0
0.0	1.0
0.0	0.0
0.0	1.0
0.0	0.0
-8.77619459060952e-05	0.0
0.0	0.0
0.0	0.0
0.0	0.0
0.0	0.0
-3.8079440855653957e-05	1.0
0.0	1.0
0.0	0.0
-1.1500726065927225e-10	0.0
-4.704282673628768e-06	0.0
-0.0015828278847038746	0.0
-0.0002096079260809347	0.0
-0.007205809000879526	0.0
0.0	0.0
-6.14435975876404e-06	0.0
0.0	0.0
0.0	0.0
-0.0030654477886855602	0.0
0.0	0.0
0.0	1.0
-8.130582500598393e-06	0.0
0.0	0.0
0.0	0.0
0.0	0.0
0.0	1.0
-2.8303391445660964e-05	0.0
-0.0006391098140738904	0.0
0.0	0.0
-0.000120152959425468	0.0
0.0	1.0
-0.00717972032725811	0.0
0.0	0.0
-5.680654731332613e-12	0.0
0.0	0.0
0.0	0.0
-0.00029403978260234	0.0
0.0	0.0
0.0	0.0
0.0	0.0
0.0	0.0
0.0	0.0
0.0	0.0
-2.7066832331001933e-07	0.0
-4.520903166849166e-05	0.0
0.0	0.0
0.0	0.0
-0.0017884108237922192	0.0
0.0	0.0
-1.0911752751363579e-10	0.0
-0.0003427158226259053	0.0
0.0	0.0
0.0	0.0
0.0	1.0
-4.550307006190302e-11	1.0
-2.5359639039379545e-05	0.0
-3.335558673711603e-08	0.0
-0.00018178604659624398	1.0
0.0	0.0
-8.888314187061042e-05	1.0
-3.5275775189802516e-07	1.0
0.0	1.0
0.0	1.0
-0.0008863058756105602	0.001
-0.0006734170601703227	0.0
-9.829850000642182e-08	0.0
-0.0039412034675478935	0.0
0.0	1.0
-9.16628705454059e-05	0.0
0.0	1.0
0.0	0.0
0.0	1.0
0.0	0.0
-8.442561352239863e-07	0.0
0.0	0.0
-1.1475491668022642e-09	0.0
-0.00017166449106298387	0.0
0.0	0.0
0.0	0.0
0.0	0.0
0.0	0.0
0.0	0.0
0.0	0.0
0.0	1.0
0.0	0.0
0.0	0.0
0.0	0.0
0.0	0.0
-0.00040295804501511157	0.0
-2.5615806862333557e-06	0.082
-0.002195241628214717	0.082
0.0	0.082
0.0	0.0
0.0	0.0
-0.0011926675215363503	0.0
0.0	0.0
-3.844715212864003e-09	0.0
0.0	0.0
0.0	0.0
0.0	0.0
0.0	0.0
-2.1387018545038217e-10	0.037
0.0	0.0
0.0	0.0
-8.955984043268472e-08	0.0
-5.080375444777019e-07	0.0
0.0	0.0
0.0	0.0
0.0	0.0
-6.234872853383422e-05	0.001
-3.1798368581803516e-05	0.0
0.0	1.0
0.0	0.0
0.0	0.0
0.0	1.0
0.0	0.0
0.0	0.0
-0.013210507109761238	0.0
-2.2385471311281435e-05	0.0
-0.00449897488579154	0.0
-1.5781029816253067e-08	0.0
0.0	0.0
-0.00011694913700921461	0.0
0.0	0.0
0.0	0.0
0.0	0.0
-0.02938641421496868	0.0
-0.002987445332109928	0.0
0.0	0.0
-0.0025606611743569374	0.0
0.0	0.0
0.0	0.0
0.0	0.022
-0.0003982113266829401	0.0
-0.0013757189735770226	0.0
0.0	1.0
0.0	0.0
-3.698995554302087e-10	0.0
0.0	1.0
0.0	0.047
0.0	1.0
0.0	0.0
0.0	0.0
0.0	0.0
0.0	0.0
0.0	0.0
0.0	0.0
-0.00033059934503398836	1.0
-9.699826358788854e-11	0.0
0.0	0.0
0.0	0.0
0.0	0.0
0.0	0.0
0.0	1.0
0.0	0.0
-0.0003684067924041301	1.0
0.0	1.0
0.0	1.0
-0.0012298078509047627	1.0
-5.2573730499716476e-05	0.059
-0.002478895941749215	0.0
-4.9800346459960565e-05	1.0
0.0	1.0
0.0	1.0
0.0	0.0
0.0	1.0
-1.3514082638721447e-05	1.0
-0.001596591086126864	1.0
0.0	0.05905905905905906
0.0	1.0
0.0	1.0
0.0	1.0
0.0	1.0
0.0	1.0
0.0	1.0
-0.03407555818557739	0.0
0.0	0.0
-8.021352550713345e-05	0.0
-3.9161921449704096e-05	1.0
0.0	0.0
0.0	1.0
0.0	1.0
0.0	1.0
-0.006055285222828388	0.0
0.0	0.0
-7.435977522618487e-07	1.0
0.0	1.0
0.0	1.0
0.0	1.0
0.0	1.0
-1.4042480870557483e-05	0.0
-0.015398724004626274	0.0
0.0	1.0
0.0	0.0
-7.09163083811859e-09	1.0
0.0	0.0
0.0	0.0
0.0	0.2722722722722723
0.0	0.0013736263736263737
-0.025330951437354088	0.0
0.0	1.0
-0.007573792710900307	0.001
0.0	0.0
-1.7291676771002962e-11	1.0
0.0	0.0
0.0	0.0
0.0	0.0
0.0	1.0
-1.4385696886165533e-05	0.0
0.0	0.0
0.0	0.0
0.0	0.0
-0.005082929972559214	0.0
-3.876739356201142e-06	0.0
-0.0025381126906722784	0.0
-4.5702196075581014e-05	0.0
0.0	0.0
0.0	0.0
0.0	0.0
-0.0005897480878047645	0.0
0.0	1.0
-1.0597995242278557e-05	1.0
0.0	0.0
0.0	1.0
0.0	1.0
0.0	1.0
0.0	0.0
0.0	0.0
0.0	1.0
0.0	0.0
-0.0011440780945122242	0.0
-0.00010436106094857678	1.0
-0.0003506707143969834	1.0
-4.5704828153247945e-06	1.0
0.0	0.0
0.0	1.0
0.0	1.0
-0.0009497975697740912	1.0
-2.1479872884810902e-05	0.0
0.0	0.0
0.0	0.0
0.0	0.0
-0.002700467361137271	0.0
-7.269375782925636e-05	0.0
0.0	0.0
0.0	0.0
-0.0008365288376808167	0.0
0.0	0.0
0.0	0.0
0.0	0.0
-0.0013917280593886971	0.0
0.0	1.0
0.0	1.0
-1.184762243866544e-08	1.0
0.0	1.0
0.0	0.0
-1.7450591940360027e-06	0.0
-5.8522353356238455e-05	1.0
0.0	0.0
-1.7811948097024022e-11	1.0
0.0	0.0
-3.688667860046735e-08	0.0
-0.00019323828746564686	0.0
0.0	0.0
-1.9382750906515867e-06	0.0
-2.203069016104564e-05	0.01
0.0	0.0
0.0	0.0
-0.0004469749692361802	0.0
0.0	0.0
0.0	1.0
-0.0001412370038451627	0.0
0.0	0.0
0.0	0.0
-0.002338626654818654	0.0
-1.568758789538549e-09	0.0
-0.0012305640848353505	0.0
-0.0003902647877112031	0.0
0.0	0.0
-5.276629977402081e-08	0.0
0.0	0.001
0.0	0.0
-0.0025516177993267775	0.001
-6.797693458793219e-06	0.0
0.0	0.0
-0.00013766602205578238	0.0
-0.0001635098597034812	0.0
0.0	0.0
0.0	1.0
0.0	0.0
-0.002099903766065836	0.0
0.0	1.0
-0.0007654064684174955	1.0
0.0	1.0
0.0	0.0
0.0	1.0
0.0	1.0
0.0	0.0
-0.0005016939248889685	0.0
0.0	0.0
-6.28964407951571e-05	0.0
0.0	1.0
0.0	0.0
-0.003830855945125222	0.0
-0.0012886279728263617	0.0
-0.0025088530965149403	0.0
0.0	0.0
0.0	0.0
0.0	0.0
0.0	0.0
-0.0031731710769236088	0.0
0.0	1.0
0.0	1.0
-0.0008507478632964194	0.0
0.0	0.0
-0.05946781486272812	0.0
0.0	0.0
0.0	1.0
0.0	0.0
0.0	0.0
0.0	0.0
0.0	0.0
0.0	0.0
0.0	0.0
0.0	0.0016722408026755853
-0.003713152604177594	0.0
-3.3840690321085276e-06	0.001
0.0	0.001
-6.550850957864895e-05	0.0
-0.0005116993561387062	0.001001001001001001
-0.02116364985704422	0.0
0.0	0.001
0.0	0.0
0.0	0.0
-0.0005202279426157475	0.0010905125408942203
-3.1689381785326987e-08	0.001
0.0	0.0
0.0	1.0
0.0	1.0
0.0	1.0
0.0	1.0
0.0	1.0
0.0	1.0
0.0	1.0
0.0	1.0
0.0	1.0
-0.001956259598955512	0.0
-1.6261409996332077e-07	1.0
0.0	0.0
0.0	0.0
0.0	0.0
0.0	0.0
-0.0006863043527118862	0.0
-0.0018498203717172146	0.0
-0.0007292478694580495	0.0
0.0	0.0
0.0	0.0
-0.005692454986274242	0.0
0.0	0.0
0.0	0.0
0.0	0.0
0.0	1.0
0.0	0.0
-0.0006226908299140632	1.0
-7.3096757660096046e-06	0.0
