-0.0007283088052645326	0.0
0.0	0.0
-0.0032301428727805614	0.0
0.0	0.0
0.0	0.0
-0.0021476191468536854	0.0
0.0	0.0
0.0	0.0
0.0	0.0
-0.0006164036458358169	0.0
0.0	0.0
0.0	0.0
0.0	0.0
-1.89911645520624e-06	1.0
-2.0148971088929102e-05	0.0
0.0	0.0
0.0	0.428
-7.209914609784818e-11	1.0
0.0	0.0
0.0	0.001
-1.1013074981747195e-05	0.001
0.0	0.0
-9.080276504391804e-05	0.0
0.0	0.001
-0.015425357967615128	0.0
-0.0003951872349716723	1.0
-1.1061982149840333e-05	0.0
0.0	0.0
0.0	1.0
-4.1222072866275994e-08	0.0
0.0	1.0
0.0	0.0
0.0	1.0
-0.009767497889697552	0.0
0.0	0.0
0.0	0.0
0.0	1.0
0.0	1.0
0.0	0.0
0.0	1.0
0.0	0.0
0.0	1.0
0.0	0.0
0.0	0.0
0.0	1.0
0.0	0.0
0.0	0.0
0.0	0.0
0.0	0.0
0.0	0.0
0.0	0.0
-7.0267924456857145e-06	1.0
0.0	0.0
-0.002269398421049118	0.0
0.0	0.0
0.0	1.0
0.0	0.0
-0.003347246441990137	0.0
0.0	1.0
-9.572250547762451e-08	0.0
-0.0013148854486644268	0.0
-0.00042821577517315745	0.0
0.0	0.0
0.0	0.0
0.0	1.0
-2.879326984839281e-06	0.008
-0.0007339863223023713	0.0
0.0	1.0
0.0	0.0
-0.009322643280029297	0.0
0.0	1.0
0.0	0.0
-1.4027521046955371e-06	0.0
0.0	0.0
-2.830607263604179e-05	0.0
0.0	0.0
-0.0036721646320074797	0.0
0.0	0.0
-0.00015177467139437795	0.0
-3.239215118355787e-07	0.0
0.0	0.0
-0.0004598370287567377	0.0
-1.7245351519289956e-15	0.0
-8.130497008096427e-05	0.0
-0.003818368772044778	0.0
0.0	0.0
-0.004806039854884148	0.0
0.0	0.0
-6.552119202751783e-07	0.0
0.0	0.0
0.0	1.0
0.0	1.0
0.0	1.0
0.0	1.0
0.0	1.0
0.0	1.0
0.0	0.0
0.0	0.0
0.0	0.0
0.0	0.0
0.0	0.0
0.0	0.0
0.0	1.0
0.0	0.0
0.0	1.0
0.0	1.0
0.0	1.0
0.0	1.0
0.0	0.0
-0.0008025919087231159	0.0
-0.0023299914319068193	0.0
0.0	0.057
0.0	0.057
0.0	0.0
-2.193714681197889e-05	0.0
0.0	1.0
-0.004573989659547806	0.0
0.0	1.0
-0.0029265100602060556	0.0
0.0	0.0
0.0	1.0
-9.039187176540509e-08	1.0
-0.00029740974423475564	0.0
-0.013328099623322487	0.0
-0.004619717597961426	0.0
0.0	1.0
0.0	1.0
0.0	0.0
0.0	0.0
-0.0005516773089766502	0.0
-0.007155548315495253	0.038
0.0	0.0
0.0	0.0
0.0	0.0
-0.0031650771852582693	0.0
-1.5558626387246477e-07	0.001
-1.8722673189586203e-07	0.0
-0.00019869259267579764	0.0
0.0	0.0
0.0	1.0
-1.8186792516416972e-08	0.0
0.0	1.0
0.0	0.0
-0.0001514810574008152	0.0
0.0	0.0
-0.0005280364421196282	0.0
0.0	0.0
0.0	1.0
0.0	0.0
-0.002204102696850896	1.0
0.0	1.0
0.0	0.0
0.0	0.0
-4.866156814387068e-05	0.0
0.0	0.0
0.0	0.0
0.0	0.0
-8.407469387350375e-09	0.0
-3.074356129673106e-07	0.005
0.0	0.0
-2.1175363684733384e-08	1.0
0.0	0.0
0.0	0.0
0.0	1.0
-0.00014773086877539754	0.0
-0.0005871126195415854	0.0
0.0	1.0
-3.136395025649108e-05	1.0
0.0	0.0
-0.0014816030161455274	0.0
-4.791946821569582e-07	0.0
-5.460110514832195e-06	0.0
0.0	0.0
-0.0009740833193063736	0.0
0.0	0.0
-0.0016325120814144611	0.0
-0.0037646093405783176	0.0
0.0	0.003
0.0	1.0
0.0	0.0
0.0	0.0
0.0	0.0
-8.035297582864587e-07	0.0
-2.8599632059922442e-05	0.0
-2.208062869613059e-05	0.0
0.0	0.0
-0.00047010192065499723	0.0
0.0	0.0
0.0	0.0
0.0	0.0
-0.0004292215744499117	0.0
0.0	0.0
-5.3795051826455165e-06	0.0
-3.130282664187689e-07	1.0
0.0	0.0
0.0	0.0
0.0	1.0
0.0	0.086
0.0	0.086
0.0	0.0
-4.232324499753304e-06	1.0
0.0	1.0
-0.00080013059778139	0.0
0.0	1.0
0.0	1.0
0.0	1.0
-1.688032534730155e-05	1.0
-0.019974078983068466	0.0
0.0	1.0
0.0	0.0
0.0	0.0
0.0	0.0
-1.6281456964861718e-06	0.0
-0.000562057364732027	1.0
-1.1853490633484398e-08	1.0
-7.014109542069491e-06	0.0
-0.00048397452337667346	0.0
-0.007370586507022381	0.0
0.0	0.0
0.0	0.0
0.0	0.0
0.0	0.0
0.0	0.0
-8.461050526875624e-08	0.0
0.0	0.0
0.0	0.0
0.0	0.0
0.0	1.0
0.0	1.0
-8.535572305845562e-06	1.0
0.0	1.0
0.0	1.0
-4.686955037414009e-07	1.0
-0.005303713958710432	1.0
0.0	0.0
0.0	1.0
0.0	1.0
0.0	1.0
0.0	0.0010515247108307045
-8.359133789781481e-05	0.04904904904904905
0.0	0.049
0.0	0.0
0.0	0.0
-0.0015518264845013618	0.0
-5.7135192037094384e-05	0.0
0.0	1.0
0.0	1.0
0.0	1.0
0.0	0.0
0.0	0.0
-0.00014061493857298046	0.0
-0.005505319219082594	0.0
-0.001066518947482109	0.0
0.0	0.0
-2.0038078218931332e-06	0.0
-1.028331308994268e-09	1.0
0.0	0.0
0.0	0.0
0.0	0.0
-0.006611146964132786	0.0
-0.0014270006213337183	0.0
-0.001452057622373104	0.0
-0.03188753500580788	0.0
-8.127234468702227e-05	0.0
-0.0005462107947096229	0.001
0.0	0.0
-0.0019780939910560846	0.001
0.0	0.0
0.0	0.0
0.0	0.0011587485515643105
0.0	0.13713713713713713
-0.0003025984042324126	0.13713713713713713
-0.0013429528335109353	0.0
0.0	0.2655038759689923
0.0	0.0
0.0	0.0
0.0	0.0
0.0	0.0
-6.018757714443268e-10	0.0
0.0	0.0
0.0	0.0
0.0	1.0
-1.5633109796908684e-05	0.0
0.0	0.0
0.0	1.0
0.0	1.0
0.0	0.0
0.0	0.003
-4.081100541952765e-06	0.0
-0.0029302206821739674	1.0
-2.6409032216179185e-05	1.0
-0.00016596428758930415	0.0
0.0	1.0
-0.006907217670232058	0.042
-0.00021041226864326745	0.0
0.0	0.0
-0.0010891971178352833	0.0
-2.3335843479799223e-07	0.0
0.0	0.0
-5.5601325584575534e-05	0.0
-1.0849612408492249e-06	0.0
0.0	0.0
0.0	0.0
-0.001704067108221352	0.0
0.0	0.0
0.0	0.0
-1.2101268964670453e-07	1.0
0.0	0.0
0.0	0.008
-3.358907633810304e-05	0.0
0.0	0.0
0.0	0.0
-0.0017259559826925397	0.0
-4.70598170068115e-05	0.0
-0.02316495031118393	0.0
-0.0028510934207588434	0.0
0.0	0.0
0.0	0.0
-0.0014680784661322832	1.0
-0.0007701694848947227	0.026
0.0	0.026
-3.177302403400972e-07	0.0
0.0	1.0
0.0	0.0
0.0	1.0
-0.013539532199501991	0.0
0.0	0.0
0.0	0.0
0.0	0.0
-0.0332719124853611	0.0
0.0	1.0
-0.017820753157138824	0.0
0.0	0.0
-0.009556892327964306	0.0
-1.2828347735194257e-06	1.0
-0.004258305300027132	0.0
-1.7064348867279477e-06	1.0
0.0	0.0010080645161290322
-0.0005965929594822228	0.0
0.0	0.0
-0.0003734573838301003	0.0
0.0	1.0
0.0	1.0
0.0	0.0
0.0	0.0
0.0	1.0
-7.2073627066515655e-09	1.0
0.0	0.0
-3.060243216168601e-06	0.0
0.0	1.0
-0.0033073772210627794	0.0
0.0	1.0
0.0	0.0
0.0	0.0
0.0	0.137
0.0	0.0
0.0	0.137
-0.00038965491694398224	0.0
0.0	1.0
-0.0006025604670867324	1.0
0.0	0.0
-0.007441490422934294	0.0
0.0	0.0
0.0	0.0
0.0	0.0200845665961945
0.0	0.0050968399592252805
0.0	0.005
0.0	0.0
0.0	0.5206030150753769
0.0	1.0
0.0	0.5206030150753769
-0.0021314830519258976	0.01037344398340249
-4.085080036020372e-06	0.0
0.0	1.0
0.0	0.01037344398340249
0.0	0.5206030150753769
0.0	0.0
-0.0005459588719531894	0.005
0.0	0.0
0.0	1.0
0.0	1.0
0.0	0.005
0.0	0.0
-8.007088880823687e-10	0.005
0.0	0.005
0.0	1.0
-3.6583489571029304e-09	0.0
0.0	0.0
0.0	0.028
0.0	0.6363636363636364
-1.5439594047705896e-11	1.0
-1.850403741343598e-08	0.0
-0.017890695482492447	0.0
0.0	1.0
0.0	1.0
0.0	0.0
-0.0008467183215543628	0.0
0.0	1.0
-0.0019535014871507883	0.0
0.0	1.0
-2.2088927316080012e-15	1.0
-0.00044850478298030794	0.0
-0.0001687991461949423	0.0
-8.313259058922995e-07	1.0
-1.679143508681591e-07	0.0
-0.00024098467838484794	1.0
-1.170015018203685e-08	0.0
-0.0010481571080163121	0.0
0.0	0.0
0.0	0.0
-0.004028063267469406	0.0
-0.005770090501755476	0.0
0.0	0.0
-1.8153210476157255e-05	0.0
-0.0017599781276658177	0.0
0.0	0.0
0.0	0.0
0.0	0.0
0.0	0.0
0.0	0.0
0.0	0.0
0.0	0.0
-1.5207646697490418e-08	0.0
0.0	0.0
-2.8059641408617608e-05	0.0
0.0	0.0
0.0	0.0
-1.1057369420086616e-06	0.0
0.0	0.0
0.0	1.0
-0.002545175375416875	0.0
0.0	1.0
0.0	0.0
-2.1013098375988193e-05	0.0
0.0	0.0
-0.006576633546501398	0.0
0.0	0.0
0.0	0.0
-2.804674068102031e-06	0.0
0.0	0.0
0.0	0.0
0.0	0.0
-0.003931544721126556	0.0
-0.002732089953497052	0.0
-4.483735392568633e-05	0.0
0.0	0.0
0.0	1.0
-2.0245764564613342e-14	0.0
0.0	1.0
0.0	1.0
-0.001830422435887158	0.0
0.0	0.0
0.0	0.0
0.0	0.0
-2.9677687507501105e-07	1.0
0.0	0.0
0.0	0.0
0.0	0.0
0.0	0.0
-2.615163248265162e-05	0.0
0.0	1.0
-0.0012406068854033947	0.0
0.0	0.0
-0.0002664121857378632	1.0
-0.008420881815254688	0.0
0.0	0.0
-0.0008920177351683378	0.0
0.0	0.0
0.0	0.0
-1.7564303789185942e-06	0.0
0.0	0.0
0.0	0.0
0.0	0.0
-0.005033643916249275	0.0
-0.00019498936308082193	1.0
0.0	0.0
0.0	0.0
-8.132626135193277e-06	0.0
0.0	0.0
-0.0008342080982401967	0.0
0.0	0.0
-0.0003384663141332567	0.0
0.0	1.0
0.0	0.0
0.0	0.0
0.0	0.0
-0.00010549605212872848	0.0
-0.00023402516671922058	0.0
0.0	0.054
0.0	0.003
-0.007796229794621468	0.003
0.0	0.003
0.0	0.0
-5.896187576581724e-05	0.0
0.0	0.0
0.0	1.0
0.0	0.0
0.0	1.0
0.0	0.946
-0.0014426405541598797	0.0
0.0	0.0
-0.0003241274389438331	0.0
-0.0015500853769481182	0.0
-0.04054596275091171	0.0
0.0	0.0
-1.9846559951020026e-08	0.0
-0.00030069646891206503	0.0
-0.007521520368754864	0.0
-0.00535334600135684	0.0
-1.2408756314141733e-11	1.0
0.0	1.0
0.0	1.0
-4.572028089455671e-09	0.0
-0.001052051316946745	0.0
0.0	1.0
-0.002084663836285472	0.0
0.0	0.0
-2.031826261372771e-05	1.0
-2.757158483746025e-07	0.0
-0.0012569826794788241	1.0
0.0	0.0
0.0	0.0
0.0	1.0
0.0	1.0
-1.4550611922459211e-05	0.0
0.0	1.0
-1.644489384489134e-05	1.0
0.0	1.0
0.0	0.0
0.0	1.0
-4.77777234664245e-07	0.0
-0.001697425963357091	1.0
0.0	1.0
-2.1038665920514177e-07	0.0
-0.000935543270315975	1.0
0.0	1.0
0.0	0.0
0.0	1.0
-0.0006890675867907703	1.0
-0.001856149290688336	0.0
0.0	0.0
-0.0005002131802029908	0.516
0.0	1.0
-2.50361207321248e-08	0.0
0.0	0.0
-0.0001434381993021816	0.0
-7.482872206310276e-07	0.0
0.0	0.0
0.0	0.002
0.0	0.002
0.0	0.002
0.0	0.002
0.0	0.002
0.0	0.002
-9.084584598895162e-05	0.002
-0.00011733923020074144	0.002
0.0	0.0
0.0	0.0
0.0	0.002
0.0	0.0
0.0	0.0
0.0	0.0
0.0	0.0
0.0	0.002
0.0	1.0
0.0	0.0
-0.0010074346791952848	0.0
0.0	0.001
-0.0012511357199400663	0.0
0.0	0.0
0.0	0.0
-0.0068019600585103035	0.0
-9.452473932469729e-07	0.0
-0.000436092697782442	0.0
0.0	0.0
0.0	0.0
0.0	0.0
0.0	0.0
0.0	0.0
0.0	0.0
-4.1959623331422335e-08	0.0
0.0	0.0
0.0	1.0
0.0	0.0
0.0	1.0
-0.0011451586615294218	0.03182751540041068
0.0	0.026831785345717233
0.0	0.03508771929824561
0.0	0.026236125126135216
-1.2243857554494753e-06	0.0
0.0	0.0
0.0	0.0
0.0	0.0
0.0	0.001
-9.216805665346328e-06	0.0
0.0	0.0
0.0	1.0
-0.0032776687294244766	0.0
-0.0026446080300956964	0.0
-0.0003580967604648322	0.0
0.0	0.0
0.0	1.0
0.0	0.0
0.0	0.0
0.0	1.0
0.0	0.0
-9.105525350605603e-06	0.0
0.0	1.0
-1.411850263366432e-07	0.002
-0.003868080209940672	0.0
0.0	1.0
0.0	1.0
0.0	1.0
0.0	0.0
-9.226242400472984e-05	1.0
-0.0002050243638223037	0.0
0.0	1.0
-9.217836804964463e-08	0.0
0.0	0.0
0.0	0.0
-5.064277047495125e-06	0.0
0.0	0.0
0.0	0.0
0.0	0.0
0.0	0.0
0.0	0.0
0.0	0.0
-0.06815934181213379	0.0
0.0	0.0
-0.0003689175646286458	0.0
-0.00032426288817077875	0.0
-0.006542573682963848	0.0
-0.0025346188340336084	1.0
0.0	0.0
-1.899172639241442e-05	1.0
0.0	1.0
0.0	1.0
-2.628225956868846e-06	0.005
0.0	0.0
-0.0007969096186570823	0.005
-0.00032915233168751	0.0
-3.8226266596552705e-09	0.0
0.0	0.0
-5.3312061936594546e-05	0.0
-0.00018110139353666455	0.0
0.0	0.0
0.0	0.0
-3.324134070226137e-07	0.0
0.0	0.0
0.0	0.0
-4.19485877500847e-05	1.0
0.0	1.0
-1.0963670320052188e-05	0.0
0.0	0.0
-5.356581596061005e-07	0.0
-0.00014264693891163915	1.0
0.0	0.0
0.0	1.0
-1.429797171501393e-13	0.0
0.0	1.0
-0.005221128463745117	0.0
-7.817601010984276e-10	0.0
0.0	0.0
-0.0038508581928908825	0.0
0.0	0.0
-4.498877785863442e-07	0.005
-1.3693772416445427e-05	0.0
-4.2121766455238685e-05	0.0
0.0	0.0031380753138075313
0.0	0.0
0.0	0.0
-3.6074957279197406e-06	0.0
0.0	1.0
0.0	1.0
0.0	0.0
0.0	0.005
0.0	0.0
-4.031535718240775e-05	0.0
0.0	0.0
-1.0075967111333739e-05	0.0
0.0	1.0
-3.2393021683674306e-05	0.0
-0.009185422211885452	0.0
0.0	1.0
0.0	0.0
0.0	0.0
-7.834382267901674e-05	1.0
-1.0611282050376758e-05	0.0
0.0	0.0
0.0	0.0
-3.4224132150484365e-07	0.0
0.0	0.0
0.0	0.0
-1.985683724115006e-07	1.0
-8.708967652637511e-05	1.0
0.0	0.043
-1.3831357136950828e-05	0.0
-0.002679773373529315	0.0
-0.002186500234529376	0.0
0.0	1.0
0.0	0.005
0.0	1.0
0.0	1.0
-9.615167073206976e-05	0.0
-3.2704883778933436e-05	0.0
-9.3060101789888e-05	1.0
0.0	0.0
-2.412603805623803e-07	0.0
0.0	1.0
0.0	0.0
0.0	1.0
0.0	0.0
-1.563180012453813e-05	0.0
0.0	0.0
0.0	1.0
0.0	0.0
0.0	0.0
-0.0004456940514501184	1.0
0.0	0.0
0.0	1.0
0.0	0.0
0.0	1.0
0.0	0.0
0.0	0.0
0.0	0.039
-2.2539215649430844e-07	0.0
0.0	1.0
0.0	0.0
-0.0010154132032766938	0.0
0.0	0.0
-1.8232739762424899e-09	1.0
0.0	1.0
0.0	1.0
-3.580260254931744e-10	0.0
-8.597534417731367e-08	0.039
-0.0026700147427618504	0.0
-0.0003300741664133966	0.0
0.0	0.0
-1.0446365994454254e-10	0.0
-0.0010111670708283782	0.0
0.0	0.0
0.0	0.0
0.0	0.0
-1.1534410987223964e-05	0.0
0.0	0.0
-0.061658408492803574	0.0
-0.0005059727700427175	1.0
0.0	0.0
-0.00019065773813053966	0.0
-0.010127793066203594	0.0
-0.00019643621635623276	0.0
0.0	0.0
-8.619026203859903e-08	1.0
-5.783459073427366e-06	0.0
0.0	0.0
-9.161383651701271e-09	0.0
-1.646879354666453e-05	0.0
