0.0	0.0
-9.488546481861704e-08	0.0
0.0	0.0
-0.010372137650847435	0.0
0.0	0.0
-1.670810434006853e-06	0.0
0.0	0.0
0.0	0.0
-0.00023169814085122198	0.0
0.0	0.0
-0.00011184335744474083	0.0
0.0	0.102
0.0	0.102
-0.012472194619476795	0.0
0.0	1.0
0.0	0.102
0.0	1.0
0.0	1.0
-4.486587767971173e-10	1.0
-0.0074178604409098625	0.0
0.0	0.0
0.0	0.0
-1.7692671860913833e-07	0.0
-9.727027645567432e-06	0.0
0.0	0.0
0.0	0.0
0.0	0.0
-5.602412420557812e-05	0.0
0.0	0.0
0.0	0.0
-0.005827928427606821	0.0
-0.0015349528985098004	0.0
-0.0001435802405467257	1.0
-1.5960324617481092e-06	1.0
0.0	0.0
-3.66159468967453e-07	0.0
0.0	0.0
0.0	0.0
0.0	0.017
0.0	0.017
0.0	1.0
-1.5530090990978351e-07	0.017
0.0	0.0
0.0	0.0
-0.00010388856753706932	0.0
-6.147579512116863e-08	0.017
0.0	0.0
-2.7276457331026904e-05	0.0
0.0	0.017
0.0	0.0
-3.983659756234825e-12	0.0
0.0	0.0
0.0	0.0
0.0	0.0
-5.9569818404270336e-05	0.0
0.0	1.0
0.0	0.015
0.0	0.0
0.0	0.0
0.0	0.0
-0.004478753544390202	0.015
0.0	0.015
-0.00029326690128073096	0.015
-0.0054663303308188915	0.0
0.0	1.0
0.0	1.0
0.0	0.0
-6.212278691464235e-08	1.0
-0.0002794663596432656	0.0
0.0	1.0
0.0	1.0
-2.2225812301712722e-07	1.0
0.0	1.0
-2.2656758413841516e-10	1.0
0.0	1.0
-0.0002685607469175011	0.9491525423728814
0.0	1.0
-5.816257544211112e-05	1.0
0.0	1.0
0.0	0.0
-0.0007595246424898505	0.2802802802802803
0.0	0.0
-0.002377233700826764	0.0
0.0	1.0
-0.0005743344081565738	0.0
-9.095588211494032e-07	0.0
-1.5539955711574294e-05	1.0
-1.117274337048002e-06	1.0
0.0	0.0
0.0	0.0
-5.1567305490607396e-05	0.0
-1.85686021723086e-05	0.0
0.0	0.0
0.0	0.0
0.0	0.0
-3.602725203923914e-16	0.0
0.0	0.0
0.0	0.0
0.0	0.011
0.0	0.0
-2.899063292716164e-05	0.0
0.0	0.011
0.0	0.011
0.0	0.0
0.0	1.0
0.0	0.0
0.0	0.0
-0.0010406275978311896	0.0
-0.0003633720043580979	0.0
-1.9832555153698195e-06	0.0
0.0	1.0
-2.120808403560659e-06	0.001
-0.007432866375893354	0.0
0.0	0.001
0.0	0.001
0.0	0.0
0.0	0.0
-8.70573494466953e-05	1.0
0.0	0.0
-0.0011993850348517299	0.0
-1.3166886470017403e-09	0.0
0.0	0.0
-0.0020431948360055685	0.0
0.0	0.008
0.0	0.0
0.0	0.0
-0.0018158664461225271	0.0
-8.996303949970752e-05	0.0
-0.00010798538278322667	0.0
0.0	0.0
0.0	0.0
-5.6466586102033034e-05	0.0
0.0	0.0
-0.0017598056001588702	0.018
0.0	0.018
0.0	0.018
0.0	0.0
-0.004183864686638117	0.018
-0.018333356827497482	0.0
0.0	0.0
-3.035087729585939e-06	0.0
0.0	0.60481444332999
-8.561991649003176e-07	0.0
0.0	0.0
-0.00038140700780786574	0.603
-7.323914424147565e-15	0.0
-5.860529199708253e-05	0.0
-1.8006372556556016e-05	0.0
-7.856190495658666e-05	0.0
0.0	0.001
-7.131161083862025e-08	0.001
-1.7679136362858117e-05	0.0
0.0	1.0
-7.052910223137587e-05	0.001
-2.3440496079274453e-05	0.001
0.0	0.001
-1.2593798004445489e-08	1.0
0.0	1.0
0.0	0.0
-0.0002848772273864597	0.0
-0.004792042076587677	0.28
-0.00013175989442970604	1.0
-2.901099833252374e-05	0.0
0.0	1.0
0.0	0.0
-0.011344247497618198	0.0
-0.00025456224102526903	1.0
0.0	0.0
0.0	1.0
-0.0010579260997474194	0.0
-0.001815878669731319	0.0
0.0	0.0
-0.00018149497918784618	0.0
0.0	0.0
-1.836349099448853e-07	0.0
-0.0025164380203932524	0.0
0.0	1.0
0.0	1.0
-7.384567402013431e-10	0.0
0.0	1.0
0.0	1.0
-9.507488721283153e-05	0.024
0.0	1.0
-0.00018883665325120091	1.0
0.0	1.0
-0.0063631669618189335	0.0
0.0	1.0
0.0	0.0
-2.013830453506671e-05	0.0
0.0	1.0
-6.557848973898217e-05	1.0
0.0	1.0
0.0	1.0
0.0	0.0
0.0	0.0
0.0	0.0
0.0	1.0
0.0	1.0
0.0	1.0
0.0	1.0
0.0	0.0
0.0	1.0
-1.2540876014099922e-05	0.0
0.0	0.0
-4.282507234165678e-06	1.0
-0.0009738922817632556	0.0
0.0	0.0
0.0	0.0
-0.0022178618237376213	0.0
0.0	0.0
-1.7841008229879662e-05	0.0
0.0	0.0
0.0	0.0
0.0	1.0
0.0	1.0
0.0	0.0
-0.0003296781796962023	0.0
0.0	1.0
0.0	0.0
0.0	0.0
-0.0005336570320650935	1.0
-1.381170818604005e-06	0.0
0.0	0.0
-3.562710844562389e-05	0.0
-0.00015235357568599284	0.0
-4.0420305595034733e-05	1.0
0.0	1.0
0.0	0.0
0.0	1.0
-4.156900246243822e-08	0.0
-0.00021559039305429906	0.0
-3.336665486131096e-07	0.0
0.0	0.0
-2.818377652147319e-06	0.0
0.0	0.0
0.0	1.0
0.0	1.0
0.0	0.0
0.0	1.0
0.0	0.0
0.0	0.0
-1.9039856852032244e-05	0.0
-0.0002950461639557034	0.0
0.0	0.0
-2.672475420695264e-05	0.0
0.0	0.0
-8.206389345843945e-09	0.0
-0.0013729888014495373	0.0
0.0	0.0
0.0	0.0
0.0	0.0
-5.3761933571649934e-08	0.0
-4.306359187467024e-05	0.0
-6.222619641782501e-12	0.0
0.0	0.0
0.0	1.0
0.0	1.0
0.0	1.0
0.0	1.0
0.0	0.05105105105105105
-0.002351359697058797	0.0
-4.193287531961687e-05	1.0
0.0	1.0
-3.3275262012466555e-06	0.0
-0.00029117113444954157	0.0
-0.005358434282243252	0.051
-0.004717105068266392	0.0
0.0	0.0
-1.025139499688521e-05	1.0
0.0	0.0
0.0	0.0
0.0	0.0
0.0	0.0
0.0	0.0
0.0	0.0
-0.0015040184371173382	0.0
0.0	1.0
0.0	0.0
0.0	0.317
-0.00013336443225853145	0.0
-0.013638138771057129	0.0
-0.014422299340367317	0.004
0.0	0.0
0.0	0.004
0.0	0.0
-5.1087759023182855e-11	1.0
0.0	1.0
0.0	1.0
-4.270287899998948e-05	0.003
0.0	0.0
0.0	0.003
-5.519099886441836e-06	1.0
0.0	0.0
0.0	0.003
-0.0001165706999017857	0.0
-0.0008385342080146074	0.0
-0.0037145374808460474	0.003
0.0	0.0
0.0	0.0
-0.0026706603821367025	0.003
-4.3251293391222134e-05	0.0
-6.779380896659859e-07	0.003
0.0	0.0
0.0	0.0
-0.0006263521499931812	0.0
0.0	0.003
-0.0002078965917462483	0.0
0.0	0.003
-0.01343934703618288	0.0
0.0	0.0
-3.0486098694382235e-06	0.102
-0.0013159187510609627	1.0
0.0	1.0
0.0	1.0
0.0	1.0
-6.8734007072635e-05	1.0
-0.0052938698790967464	0.0
0.0	0.0
0.0	0.0
-1.1971324056503363e-05	1.0
0.0	0.0
0.0	1.0
0.0	0.0
-8.733671711524948e-05	0.0
-0.0010187360458076	0.0
0.0	0.0
-1.9424071524554165e-06	0.0
-1.4153776817238395e-07	0.0
-0.0002072677161777392	0.0
-0.00020405196119099855	0.0
0.0	1.0
-0.00024786213180050254	0.0
-0.004648871719837189	0.0
0.0	0.0
0.0	0.0
0.0	0.0
0.0	0.0
0.0	0.0
-4.0169674321077764e-05	1.0
-0.0009593206923455	0.0
-0.002320232568308711	0.0
0.0	0.0
-0.0035579076502472162	0.0
-0.0021432084031403065	0.0
0.0	0.0
0.0	0.0
0.0	0.0
-2.28235568736513e-15	0.0
0.0	0.0
0.0	0.0
-1.0475490917413732e-12	0.0
0.0	0.0
0.0	0.0
-6.50970650895033e-06	1.0
-0.00758169312030077	0.0
0.0	0.0
0.0	0.0
0.0	1.0
0.0	0.0
0.0	0.005
0.0	1.0
-0.0032461918890476227	0.0
0.0	0.0
0.0	0.0
-0.006340100895613432	0.0
0.0	0.0
0.0	0.0
0.0	1.0
-0.0007420742185786366	0.0
0.0	1.0
-0.00012783393322024494	0.0
-6.381580169545487e-05	0.0
0.0	0.0
-7.967322090962625e-08	0.0
0.0	0.0
0.0	0.0
-0.005368559155613184	0.0
0.0	0.0
-0.000122719764476642	0.0
0.0	0.0
-9.056465933099389e-05	0.0
0.0	0.0
-9.01243129192153e-06	0.0
-1.9015235011465847e-05	0.0
-0.00026994230574928224	0.0
0.0	0.0
0.0	0.0
0.0	0.0
0.0	0.0
-1.427285769750597e-05	0.0
0.0	0.0
0.0	0.009
0.0	0.0
0.0	0.0
-1.220664125867188e-05	0.009
-8.199375588446856e-05	0.0
0.0	0.009
0.0	0.009
0.0	0.0
-0.0002607741625979543	0.0
-0.014236761257052422	0.0
0.0	0.0
-2.6860203433898278e-05	0.0
-2.336123738899687e-09	0.102
0.0	0.0
0.0	0.102
0.0	0.0
-2.778886062232422e-13	0.0
0.0	0.102
-0.0009389236220158637	0.102
-1.8494016984504924e-08	0.102
-4.885117377284587e-08	0.102
-0.0010287887416779995	0.102
-1.23091217574256e-06	0.0
0.0	0.0
0.0	0.0
-0.00033356191124767065	0.0
-0.002747250022366643	0.0
0.0	0.0
-0.008524008095264435	0.0
0.0	0.0
0.0	0.0
0.0	0.015
-3.800696867983788e-05	0.0
0.0	0.0
-0.0004293663369026035	0.0
-0.0017672076355665922	0.0
0.0	0.0
0.0	0.0
0.0	0.0
0.0	0.0
0.0	0.0
-0.004671487957239151	0.0
0.0	0.0
0.0	0.0
0.0	0.0
0.0	0.015
0.0	0.015
-4.940013604937121e-05	0.0
0.0	0.015
-0.0007759721484035254	0.0
-0.004825943149626255	0.0
0.0	0.0
-0.00021415796072687954	0.0
-0.0001056422115652822	1.0
0.0	1.0
0.0	1.0
0.0	0.266
0.0	0.298
0.0	1.0
-7.229737661873514e-07	1.0
0.0	0.0
0.0	1.0
0.0	1.0
0.0	0.0
-0.00034220790257677436	0.0
0.0	0.0
-0.0004357447614893317	0.0
0.0	0.0
-0.001283064833842218	0.0
0.0	0.0
-1.5801575500518084e-05	0.0
-1.5590869224979542e-05	0.0
0.0	1.0
0.0	0.0
0.0	0.051
0.0	0.0
0.0	0.0
0.0	0.0
0.0	0.0
0.0	1.0
0.0	0.0
0.0	0.0
-8.932025252761377e-07	0.0
0.0	1.0
-5.049105133991816e-09	1.0
-0.0694684311747551	0.0
0.0	0.0
0.0	0.0
0.0	0.0
0.0	0.0
0.0	0.0
-1.1853122572347274e-07	0.0
0.0	0.0
-5.8060872106580064e-05	0.0
0.0	0.0
0.0	0.0
-6.335924922495906e-07	0.0
-0.0004728467611130327	0.0
0.0	0.0
0.0	0.0
-1.624930700927507e-05	0.0
-1.198714585370908e-07	1.0
-0.0002394860639469698	0.0
0.0	0.0
0.0	1.0
0.0	1.0
-0.0007795237470418215	1.0
0.0	1.0
0.0	0.0
0.0	1.0
0.0	0.0
0.0	0.0
0.0	0.0
0.0	0.0
-0.005539540201425552	0.032
0.0	1.0
-0.00018441212887410074	1.0
-0.0032252995297312737	0.0
0.0	0.0
0.0	0.0
0.0	1.0
-5.604650771262598e-11	0.0
0.0	1.0
0.0	0.0
0.0	1.0
0.0	1.0
0.0	1.0
0.0	1.0
-0.00020183082961011678	0.0
0.0	0.0
-2.2165999325807206e-05	0.0
-3.012327498552736e-09	0.0
-0.00037505474756471813	0.0
-9.582622695347709e-09	0.0
0.0	0.0
0.0	0.0
0.0	0.003
-0.00027626228984445333	0.003
0.0	0.003
-0.003235279582440853	0.003
-4.471669308259152e-05	0.0
0.0	0.0
-6.113484414527193e-05	0.0
-0.00448652496561408	0.0
0.0	0.0
0.0	0.0
-0.0016315006650984287	0.0
0.0	0.0
0.0	0.0
-0.006474727299064398	0.0
0.0	0.0
-3.4042761399177834e-05	0.0
0.0	1.0
0.0	1.0
0.0	0.0
-0.0005106784519739449	0.003
-0.00142227066680789	0.003
0.0	0.0
0.0	0.0
-0.0004625269502867013	0.0
-0.00257748831063509	0.0
0.0	0.0
0.0	0.0
-0.001047073514200747	0.0
0.0	0.0
-4.621171001417679e-08	0.051
0.0	0.0
-0.0017413789173588157	0.0
0.0	0.05188199389623601
0.0	1.0
0.0	0.05188199389623601
0.0	0.05188199389623601
-0.00758797163143754	0.0
-0.00015607953537255526	1.0
0.0	1.0
0.0	0.0
-3.5516758423170813e-09	1.0
0.0	0.0
0.0	0.0
0.0	0.0
-0.000570652773603797	0.0
0.0	0.0
0.0	0.0
-3.441212174948305e-05	0.0
0.0	0.0
0.0	1.0
-4.364134292700328e-05	1.0
-0.008477440103888512	0.0
0.0	1.0
0.0	0.0
0.0	0.0
0.0	1.0
-3.648194478955702e-06	1.0
0.0	1.0
-1.6068366676336154e-05	0.0
0.0	0.0
0.0	1.0
-7.154792314167935e-08	1.0
0.0	0.0
-0.002845939714461565	0.0
0.0	0.0
-9.281875179567578e-08	0.0
0.0	1.0
0.0	0.0
0.0	0.0
0.0	0.603
-0.0011439330410212278	0.0
-0.006613484118133783	0.0
-0.001634931075386703	0.0
0.0	0.0
-0.0017266481881961226	0.0
-7.256586104631424e-05	0.0
0.0	0.0
-0.00010118974751094356	0.0
0.0	0.0
-0.0038914696779102087	0.0
0.0	0.0
-0.00037599224015139043	0.0
-9.906246489777004e-09	1.0
0.0	0.0
0.0	0.0
-0.00028220913372933865	0.0
-8.72794225870166e-06	0.0
0.0	0.0
0.0	1.0
-1.8775290655526078e-08	0.0
0.0	0.0
0.0	1.0
0.0	1.0
0.0	1.0
0.0	1.0
-1.450898707844317e-07	1.0
0.0	0.0
-9.388842590851709e-05	0.0
0.0	1.0
0.0	0.0
0.0	1.0
-4.5788029617854775e-11	0.0
-1.6182183344426448e-06	1.0
-1.4278375601861626e-06	0.0
0.0	1.0
0.0	0.0
-3.436098268139176e-06	0.0
0.0	0.0
-0.00010458724136697128	0.0
0.0	0.0
-0.012958589009940624	0.0
-0.001155903097242117	0.0
-3.9003814013196386e-14	0.0
-0.0002749515697360039	0.0
-9.40156041906448e-06	1.0
0.0	0.0
0.0	0.0
0.0	0.0
0.0	0.0
-2.8248675221220765e-07	0.0
-9.839568396174947e-12	0.0
0.0	0.0
0.0	0.0
0.0	0.0
-0.0005648632068186998	1.0
0.0	0.0
0.0	1.0
0.0	1.0
0.0	1.0
-3.92598479947992e-07	0.0
-1.2304975825827569e-05	0.0
0.0	0.0
-2.4745703749995407e-11	1.0
0.0	1.0
0.0	0.0
0.0	0.0
-1.998367952182889e-05	1.0
-0.003385990858078003	0.0
0.0	0.0
0.0	0.021
0.0	1.0
-0.00020611926447600126	1.0
0.0	1.0
0.0	1.0
-0.020641585811972618	0.0
0.0	1.0
0.0	0.0
0.0	1.0
0.0	1.0
0.0	1.0
0.0	1.0
0.0	1.0
-0.01367294229567051	0.0
-0.0002356877812417224	1.0
0.0	1.0
-0.004989138338714838	0.0
0.0	0.0
0.0	1.0
-0.00019066146342083812	0.0
-0.0008736024610698223	1.0
0.0	0.0
0.0	1.0
-0.0007527027046307921	0.0
-2.7463007867822853e-08	0.0
-0.002676143776625395	0.0
-0.0005236602737568319	0.0
-0.000846672395709902	0.0
0.0	0.0
-0.006269122939556837	0.0
0.0	0.0
-1.973476493333237e-09	0.0
-0.001405305927619338	1.0
-6.83862017467618e-05	0.0
-2.7093730750493705e-05	1.0
0.0	1.0
-5.428779331850819e-05	0.0
-0.0015967142535373569	0.009
0.0	0.0
-0.0160074345767498	0.0
-1.2602549759321846e-05	0.009
0.0	1.0
0.0	0.0
0.0	0.0
0.0	0.0
0.0	0.0
-0.014600582420825958	0.0
0.0	1.0
-0.01448956597596407	0.0
0.0	1.0
0.0	1.0
0.0	1.0
-0.00113097473513335	1.0
0.0	0.0
0.0	0.0
0.0	0.0
-6.586692325072363e-05	1.0
0.0	0.0
0.0	1.0
0.0	1.0
0.0	1.0
0.0	0.0
0.0	1.0
0.0	1.0
0.0	0.0
0.0	0.0
0.0	0.0
-0.0018593257991597056	1.0
-0.03841911256313324	0.0
0.0	0.0
-0.00015580255421809852	1.0
0.0	0.0
0.0	0.0
0.0	1.0
-0.0015743870753794909	0.0
-5.381265509640798e-06	0.0
0.0	0.0
-0.0007584784179925919	0.0
0.0	0.0
0.0	1.0
0.0	1.0
-1.44379484496443e-12	0.0
0.0	0.0
0.0	1.0
0.0	0.0
-0.00012563378550112247	1.0
0.0	1.0
-0.00010854400170501322	1.0
0.0	0.0
0.0	0.0
0.0	0.0
0.0	1.0
-0.00020682306785602123	1.0
-1.88165304280119e-05	0.0
0.0	0.0
-0.0014519346877932549	1.0
0.0	1.0
0.0	1.0
0.0	1.0
0.0	0.0
-0.00013618914817925543	1.0
0.0	0.0
0.0	0.0
0.0	0.0
-0.004518516361713409	0.0
0.0	0.0
-0.002306561218574643	0.0
0.0	0.0
-7.720960275037214e-05	0.0
0.0	0.0
-0.0004065555112902075	0.0
0.0	0.0
0.0	0.0
0.0	0.0
0.0	1.0
0.0	0.0
-2.060079623333877e-06	0.0
-0.00026697214343585074	0.0
0.0	0.0
0.0	1.0
-3.357974856044166e-05	0.0
-0.0002870929311029613	0.0
-2.1231552693734557e-07	0.0
-2.5103799998760223e-05	0.0
0.0	0.0
0.0	0.0
0.0	0.0
-0.00014614328392781317	0.0
0.0	0.0
0.0	0.0
0.0	0.0
0.0	0.0
