0.0	0.0
-1.1900602459036236e-07	1.0
-0.00878708716481924	0.0
0.0	0.003
0.0	0.003
0.0	0.003
0.0	0.003
0.0	0.014
0.0	0.015
0.0	0.0
0.0	1.0
0.0	0.0
-0.0016483109211549163	0.012
-2.7100240913568996e-05	0.012
0.0	0.011
0.0	0.0
0.0	0.0
0.0	0.0
0.0	0.0
0.0	0.0
0.0	0.0
0.0	0.00508130081300813
0.0	0.005
-3.377821826688887e-07	0.057
-0.0014937520027160645	0.052
-4.8320262067136355e-06	0.0
0.0	0.0
-0.0002043310960289091	0.0
-0.00021019183623138815	0.0
-5.593565788331034e-07	0.0
0.0	0.0
-0.024577053263783455	0.0
-0.0031983680091798306	0.0
-0.00019651619368232787	0.0
0.0	0.0
0.0	0.0
0.0	0.0
-0.002933835843577981	0.0
-2.6578582037473097e-06	1.0
0.0	1.0
0.0	0.0
-0.0002837794891092926	0.0
-3.591373379241425e-11	0.0
-0.0033453188370913267	0.0
0.0	1.0
-0.00019611410971265286	0.0
0.0	0.0
0.0	1.0
-4.865328695480287e-10	1.0
0.0	0.0
-2.3603163867846888e-07	1.0
0.0	0.0
-0.0007467156392522156	0.0
-1.765368870110251e-05	0.007
0.0	0.0
-0.00025949618429876864	0.0
0.0	0.0
0.0	0.007
-8.486464139423333e-06	0.0
-0.00014971759810578078	0.0
-8.919157153286505e-06	0.0
0.0	0.0
0.0	0.0
0.0	0.0
-0.005386646371334791	0.0
-3.0234253989291915e-10	0.0
0.0	0.0
0.0	0.0
-4.4990642322773056e-07	0.0
-0.0007840689504519105	0.0
-4.051882933708839e-05	0.0
0.0	0.0
0.0	0.0
-4.05609498557169e-05	0.0
-0.011753153055906296	0.0
-3.6356041732688027e-07	1.0
-9.008781676374256e-13	1.0
0.0	1.0
-0.001120810629799962	1.0
0.0	0.0
0.0	0.948
0.0	0.948
0.0	0.0
0.0	0.0
0.0	0.0
-1.6377166502934415e-06	1.0
-0.004193658474832773	0.0
0.0	0.948
-7.824949534551706e-06	0.0
0.0	0.0
0.0	0.0
-0.018756194040179253	0.0
-4.464443918550387e-06	0.0
-1.7570522814480682e-09	0.0
0.0	1.0
-5.781854997621849e-05	1.0
-3.940422743653471e-08	0.0
0.0	0.0
-0.001577123417519033	0.0
0.0	0.0
0.0	0.0
0.0	1.0
-1.4138458459544978e-10	0.0
0.0	0.0
0.0	0.0
0.0	0.0
-0.0006093853153288364	0.0
0.0	0.0
-8.139829921205433e-10	0.0
-8.283752350735085e-08	0.0
0.0	0.0
0.0	0.0
-7.088739221217111e-05	0.0
-4.952421659254469e-05	0.0
-4.4739241644720096e-08	0.0
-4.690472997026518e-05	0.0
0.0	0.0
0.0	1.0
0.0	0.0
-0.004726347513496876	0.01503006012024048
0.0	1.0
-2.5227407718375616e-08	0.0
-0.005857779644429684	0.002
-1.744959081406705e-05	1.0
-0.0040519703179597855	0.0
0.0	0.0
-2.5030828521011017e-09	0.0
0.0	0.0
-2.371622213104274e-05	0.0
-1.4141069186734967e-05	0.0
-0.001049920218065381	0.0
0.0	0.0
-0.0001799280144041404	1.0
-0.0020310538820922375	0.0
0.0	1.0
0.0	0.0
-0.0003751601616386324	0.0
-0.0012056283885613084	0.0
-3.827034689152242e-09	0.0
0.0	0.0
0.0	0.0
0.0	0.0
0.0	0.0
-4.797999281436205e-06	0.0
0.0	0.0
0.0	0.0
0.0	0.0
0.0	0.0
-0.011912446469068527	0.0
-9.499051520833746e-05	0.0
-2.100595963838714e-07	0.0
0.0	0.0
0.0	0.0
0.0	0.0
0.0	0.0
0.0	0.948
-0.000853099802043289	0.0
0.0	0.948
0.0	1.0
0.0	0.0
0.0	0.0
0.0	1.0
0.0	1.0
0.0	1.0
-0.0006995998555794358	0.0
0.0	1.0
-1.262633645637834e-06	0.0
0.0	0.0
0.0	0.0
-0.009739813394844532	0.007
-0.0002519733679946512	0.0
0.0	0.0
-0.00018713253666646779	1.0
-0.0055575561709702015	0.0
0.0	0.0
-0.0013590715825557709	0.0
-1.3247656625026138e-06	0.0
0.0	1.0
0.0	0.0
-7.564223913902879e-09	0.0
-0.08702205866575241	0.0
0.0	1.0
0.0	0.242
-1.7265233509533573e-06	1.0
-1.935407681230572e-06	0.294
0.0	0.294
-0.00019026412337552756	0.0
0.0	0.0
-0.0010767191415652633	0.0
0.0	0.0
0.0	0.0
-1.0633385863243285e-15	0.041
0.0	0.0
-0.003547387197613716	0.007
-1.0168159860768355e-05	0.0
-0.00012016320397378877	0.0
0.0	0.0
-0.0019469321705400944	0.0
0.0	0.0
-0.0002716730232350528	0.0
0.0	0.0
-0.002018614439293742	0.0
0.0	0.0
-0.018652386963367462	0.0
-2.3774884539307095e-05	0.0
-1.4397979839486652e-06	0.0
0.0	0.0
0.0	0.0
0.0	1.0
0.0	1.0
-0.0016438193852081895	0.0
0.0	0.0
-0.0021675017196685076	0.0
-5.045272359893715e-07	0.0
-1.1211055195303743e-08	1.0
0.0	1.0
0.0	1.0
0.0	1.0
0.0	0.0
0.0	1.0
0.0	1.0
0.0	1.0
-0.0006904088077135384	0.0
0.0	1.0
0.0	0.0
0.0	1.0
0.0	0.0
0.0	1.0
0.0	1.0
0.0	1.0
0.0	1.0
0.0	1.0
0.0	1.0
0.0	1.0
-3.8200500966922846e-06	0.0
-0.0004468949628062546	1.0
0.0	1.0
-2.4192859200411476e-05	0.0
-0.0023922461550682783	1.0
0.0	0.0
-1.0213591777885611e-10	1.0
-0.007750566583126783	0.0
0.0	0.0
-1.6945430616033264e-05	1.0
0.0	1.0
-0.02497585117816925	0.0
0.0	1.0
0.0	1.0
-0.000654093804769218	0.0
0.0	0.0
-1.4524744074151386e-05	0.0
0.0	0.0
-7.820849532436114e-07	0.0
-2.3420586785505293e-06	0.0
-0.00018345960415899754	0.0
0.0	1.0
0.0	0.0
0.0	0.0
-0.015765855088829994	0.0
0.0	0.0
-0.002011039759963751	0.0
0.0	0.0
-0.00547172361984849	0.0
-0.0011993173975497484	0.0
0.0	0.0
0.0	0.0
0.0	0.0
-1.4203319409489268e-08	1.0
0.0	0.0
0.0	0.0
0.0	1.0
0.0	0.0
0.0	0.0
0.0	0.0
0.0	0.0
0.0	0.0
-0.002284050453454256	0.0
0.0	0.0
0.0	0.0
0.0	0.0
0.0	0.0
0.0	0.0
-6.239933281904086e-05	1.0
0.0	0.0
0.0	0.0
-0.003998813219368458	0.0
0.0	0.0
0.0	1.0
-0.0009143163915723562	1.0
0.0	1.0
-0.007464786525815725	0.0
-7.2171133069787174e-06	0.0
-6.997378022788325e-06	0.0
-6.056555701405841e-09	1.0
0.0	0.0
-6.686679262202233e-05	1.0
0.0	0.0
-1.1822293144447826e-10	0.052
-0.0026973378844559193	0.0
-6.728210211193186e-10	0.0
0.0	1.0
0.0	0.05220883534136546
-0.0008430080488324165	1.0
0.0	1.0
0.0	0.0
0.0	1.0
0.0	0.0
0.0	0.0
-0.008503442630171776	0.0
0.0	0.0
0.0	0.0
0.0	0.0
0.0	0.002
-4.1450662138231564e-06	0.0
-4.0156633573928957e-10	0.002
-0.003897409187629819	0.0
0.0	1.0
-0.001265264698304236	0.0
-2.067790161319749e-09	0.0
0.0	1.0
0.0	1.0
0.0	0.0
0.0	1.0
0.0	1.0
0.0	0.002
0.0	0.002
0.0	0.0
0.0	0.0
-0.0004276470572222024	0.0
-0.0005370405269786716	0.0
0.0	0.0
-7.546628239651909e-06	0.0
0.0	0.0
0.0	0.0
0.0	0.0
-5.6847184168873355e-06	0.0
-0.0029086340218782425	0.0
0.0	0.0
0.0	0.0
0.0	0.0
0.0	0.0
-0.006133520510047674	0.0
-0.002604458248242736	0.0
-1.1419384691180312e-06	0.0
0.0	0.0
0.0	0.0
0.0	0.0
0.0	0.0
-0.0008210164378397167	1.0
0.0	0.0
0.0	0.0
-1.429174403710931e-06	1.0
0.0	1.0
0.0	0.0
0.0	0.0
-0.0016323731979355216	0.0
-0.0015409645857289433	1.0
0.0	1.0
0.0	1.0
0.0	1.0
-5.691282467523706e-07	0.0
0.0	0.0
0.0	0.0
0.0	0.001
0.0	0.001
0.0	0.0
0.0	0.001
0.0	0.0
-0.0002626380883157253	0.001
0.0	0.001
0.0	0.0
0.0	0.0
0.0	0.0
-3.601751086534932e-05	0.0
-0.01626591384410858	0.0
-5.1009561019554894e-08	1.0
0.0	0.0
0.0	0.0
-4.826106669497676e-05	0.0
0.0	0.0
0.0	0.0
0.0	0.0
0.0	1.0
-2.5494755391264334e-05	1.0
0.0	0.0
-3.461423693806864e-05	0.0
0.0	0.0
0.0	0.0
0.0	0.0
0.0	0.0
-6.193959052325226e-07	0.0
-0.0004913675365969539	0.0
0.0	0.0
-1.7575942479197693e-07	0.004
-2.7159705950907664e-06	0.0
0.0	0.004
-4.164999609201914e-06	1.0
-0.00048040220281109214	0.004
0.0	0.002
0.0	1.0
-0.012635698541998863	0.0
0.0	0.0020060180541624875
0.0	0.003006012024048096
0.0	0.0020060180541624875
0.0	1.0
0.0	1.0
-0.0005205872002989054	1.0
-4.460217314772308e-05	1.0
-0.003544043516740203	0.0
0.0	0.003006012024048096
0.0	0.003006012024048096
0.0	0.003006012024048096
0.0	0.0
-0.00014507862215396017	0.0
-0.00040198012720793486	0.003006012024048096
0.0	0.0
-0.0006888965144753456	0.0
-0.00027670376584865153	0.0
0.0	1.0
0.0	0.0
0.0	0.0
0.0	0.0
0.0	0.7884615384615384
-8.501586125930771e-05	0.0
0.0	1.0
0.0	1.0
-6.838975878054043e-06	1.0
-8.181995525546881e-09	1.0
-3.591865606722422e-05	0.004
0.0	0.0
0.0	0.0
-0.0013067394029349089	0.0
0.0	0.0
-0.00011307658860459924	0.0
0.0	0.0
0.0	1.0
0.0	0.0
-0.0004979364457540214	0.0
0.0	0.0
-1.430423708370654e-06	0.0
0.0	0.0
-1.4212944734026678e-05	0.0
-1.8903449916507498e-09	0.0
-0.0015863468870520592	0.0
-0.00025619592634029686	0.0
-0.0015753417974337935	0.004
0.0	0.0
0.0	0.0
-0.000228850549319759	0.004
0.0	0.0
0.0	0.0
0.0	0.0
0.0	1.0
0.0	0.0
-5.497057031789154e-07	0.003
0.0	1.0
-0.0008021420217119157	1.0
0.0	0.0
0.0	0.0
0.0	0.0
-0.012147893197834492	0.0
-0.001828145468607545	0.0
-0.0031592489685863256	0.0
0.0	0.0
-0.00032833131263032556	0.0
-0.0005059158429503441	0.0
-5.0788376029231586e-06	0.0
-0.003160859690979123	0.0
0.0	0.0
-3.6022149743075715e-06	0.0
0.0	0.0
0.0	0.0
0.0	0.0
0.0	0.0
-0.001997605664655566	0.0
0.0	0.0
-0.002661326201632619	0.0
0.0	0.0
0.0	0.0
0.0	0.0
-0.0003301096730865538	0.0
-0.000550468044821173	0.0
0.0	0.003
0.0	0.0
0.0	0.0
-0.00012486417836043984	0.0
-0.006473570596426725	0.003
0.0	0.003
0.0	0.0
0.0	0.003
0.0	0.003
0.0	0.0031645569620253164
0.0	0.003
0.0	1.0
-0.0001945661351783201	0.0
0.0	0.003215434083601286
-0.0005141264409758151	1.0
-0.0002470533945597708	1.0
0.0	1.0
0.0	0.0
0.0	0.0
0.0	0.0
-4.6920333261368796e-05	0.0
0.0	0.0
0.0	1.0
0.0	1.0
-3.249181099818088e-05	1.0
0.0	0.0
-0.014236492104828358	0.0
0.0	1.0
-4.769976840179879e-07	1.0
0.0	0.0
0.0	1.0
0.0	1.0
0.0	0.041
0.0	1.0
-1.0704663509386592e-05	1.0
0.0	1.0
-0.009498686529695988	0.0
0.0	1.0
0.0	0.0
0.0	0.0
0.0	0.0
-0.00027268074336461723	0.0
0.0	0.0
-6.679971420453512e-07	0.0
-4.194608393959243e-08	0.0
0.0	1.0
-3.698939465834883e-08	0.0
0.0	0.0
0.0	0.0
0.0	0.0
-5.210515882936306e-05	0.0
-0.0004603567358572036	0.0
0.0	0.0
0.0	0.0
0.0	0.0
0.0	1.0
0.0	1.0
-3.1008985388325527e-06	1.0
0.0	0.0
-0.006513618864119053	0.0
-5.661265458911657e-05	0.0
0.0	1.0
-2.094293591881069e-07	0.0
-7.125049705791753e-08	0.0
-7.927435945020989e-05	0.0
-0.0042045218870043755	0.0
0.0	1.0
-0.001056885113939643	0.0
0.0	0.0
-0.0003071960527449846	0.0
-0.0014803525991737843	0.0
0.0	0.0
0.0	1.0
0.0	1.0
-0.00018374210048932582	0.0
0.0	0.0
-0.0002136881521437317	0.0
0.0	1.0
0.0	0.0
0.0	1.0
0.0	0.0
0.0	0.0
0.0	0.948
0.0	0.0
0.0	1.0
0.0	0.0
-1.354545588583278e-06	0.0
0.0	0.0
-0.0011416603811085224	0.0
-8.126607099256944e-06	1.0
-0.00021699520584661514	0.008
0.0	0.0
0.0	0.0
0.0	1.0
-0.004773597698658705	0.0
-1.2120716746721882e-05	0.0
-0.001144809415563941	0.0
0.0	0.0
0.0	0.0
-1.9146378690493293e-05	1.0
0.0	1.0
0.0	0.011612903225806452
0.0	0.011612903225806452
-0.0001719319843687117	0.22704339051463168
-3.354970249347389e-05	0.22704339051463168
-0.00012146909284638241	0.22704339051463168
-3.993552309111692e-05	0.0
0.0	0.22704339051463168
0.0	0.0
-4.37181461165892e-06	1.0
0.0	0.0
0.0	1.0
0.0	0.0
0.0	0.0
-0.00048531373613514006	0.0
0.0	0.0
-3.1132710631709415e-08	0.003
0.0	0.003
0.0	0.003
0.0	1.0
-0.0015284932451322675	1.0
0.0	1.0
0.0	1.0
-1.0217300768999849e-05	1.0
0.0	0.06699751861042183
0.0	1.0
0.0	0.0
0.0	1.0
0.0	0.14978902953586498
-0.0016245896695181727	0.0
0.0	0.0
-1.1924770660698414e-05	1.0
-6.937171974641387e-07	0.0
-1.3269787046965575e-08	0.0
0.0	0.0
0.0	1.0
0.0	1.0
-0.05286308750510216	0.0
0.0	1.0
0.0	1.0
0.0	1.0
0.0	1.0
-0.00011764920054702088	1.0
-0.00023722338664811105	1.0
-0.0004962878883816302	1.0
-0.0009106408688239753	0.003
0.0	0.003
-7.948661959744641e-07	0.0
-0.0007921913056634367	0.0
-9.118281013797969e-06	0.0
-2.3649641661904752e-05	0.0
0.0	0.0
-0.00587419793009758	0.0
-0.015113634057343006	0.0
0.0	0.0
0.0	0.001
0.0	0.0
0.0	0.001
0.0	0.0
0.0	0.0
0.0	0.0
-0.004523536190390587	0.0
0.0	0.0
-0.00013355335977394134	0.0
-1.4961358374421252e-08	1.0
0.0	1.0
0.0	1.0
0.0	1.0
0.0	0.0
-0.00017657219723332673	0.002
-1.116403467449345e-07	0.0
-8.319010476043331e-07	0.0
-3.6309629081188177e-07	0.0
0.0	0.0
0.0	0.0
0.0	0.0
0.0	0.0
-1.1834542419819627e-05	1.0
0.0	0.0
-0.0018667401745915413	0.0
0.0	0.0
-3.6255078157410026e-05	0.0
0.0	0.0
0.0	0.0
-1.279254320252221e-06	1.0
0.0	0.0
-4.562819958664477e-05	0.0
0.0	0.0
0.0	1.0
0.0	0.0
-0.017042117193341255	0.0
0.0	0.0
0.0	0.031
0.0	1.0
0.0	1.0
0.0	1.0
0.0	0.0
-1.2810622784797943e-08	0.0
-1.717269333312288e-05	0.0
-0.004457526840269566	0.0
0.0	0.0
0.0	0.0
-0.0007761643500998616	0.0
0.0	0.0
0.0	0.006
-0.0015026174951344728	0.0
0.0	0.0
-6.966612074547907e-13	0.0
-2.2899239411344752e-05	0.0
0.0	0.0
-0.0021076954435557127	0.0
-1.6343532251994475e-06	0.0
-0.0008624200127087533	0.0
0.0	0.007
-0.0005553197697736323	0.0
-3.239289435441606e-05	0.0
0.0	1.0
-0.0004489533603191376	0.0
-0.0003942670882679522	1.0
0.0	1.0
-0.0031382825691252947	0.0
-0.0009265246917493641	0.0
0.0	0.0
-0.0005241376347839832	0.0
-0.0002851065364666283	0.0
-0.0004153489717282355	0.0
0.0	0.0
0.0	0.0
0.0	0.0
0.0	0.0
0.0	0.0
0.0	0.0
-6.611227831854194e-08	0.0
0.0	0.0
0.0	0.0
0.0	0.0
-5.517252077424928e-08	0.0
0.0	0.0
-0.000494576059281826	0.0
-0.00010318439308321103	0.0
-0.005347844213247299	0.0
-2.2097910914453678e-05	0.0
0.0	0.0
0.0	0.0
-0.004522014409303665	0.0
0.0	0.0
0.0	0.0
-0.0007087193662300706	0.0
0.0	0.0
0.0	0.0
0.0	1.0
0.0	0.0
0.0	0.0
0.0	0.0
0.0	0.0
0.0	0.0
-0.0008863422553986311	0.0
-0.00013501117064151913	0.0
0.0	1.0
0.0	0.0010030090270812437
0.0	0.003003003003003003
-0.0037994731683284044	0.0020060180541624875
0.0	0.0020060180541624875
0.0	0.0010030090270812437
-0.010551854968070984	0.0010030090270812437
-0.00035274913534522057	0.001
0.0	0.0
-0.007492084056138992	0.0
0.0	0.0
0.0	1.0
-1.3934579328633845e-05	0.0
-0.0031402078457176685	0.0
0.0	0.0
-0.0078021869994699955	0.0
-0.00011640507000265643	1.0
0.0	1.0
0.0	0.0
0.0	0.0
0.0	0.0
0.0	1.0
-0.0012072250247001648	0.0
0.0	1.0
-3.585342346923426e-05	0.0
0.0	0.0
0.0	0.0
0.0	1.0
-0.00018653868755791336	0.0
0.0	0.0
0.0	0.0
0.0	1.0
-0.00011146331235067919	0.0
-0.0013111807638779283	0.0
0.0	0.0
0.0	1.0
-1.4531767282555119e-11	0.0
-0.0014105826849117875	1.0
0.0	1.0
0.0	0.0
0.0	0.0
0.0	0.0
-8.845394461332035e-08	0.0
0.0	1.0
0.0	1.0
0.0	0.0
0.0	0.0
-8.29414933001954e-13	1.0
0.0	1.0
-0.001040521077811718	0.0
0.0	0.0
-5.148879655969552e-10	0.0
-0.0034730741754174232	0.0
-2.233271288787364e-06	0.052
0.0	0.0
0.0	0.0
0.0	0.0
-2.9006876502535306e-05	0.0
-0.0006965916254557669	0.052
0.0	0.0
-0.0028484854847192764	0.0
0.0	0.0
0.0	0.004
0.0	0.0
-2.428553216304863e-07	0.0
-3.794651259880766e-09	0.0
-0.0016346089541912079	0.0
0.0	0.0
0.0	0.0
0.0	0.0
-1.1499116936430909e-10	1.0
-0.0005526610766537488	1.0
0.0	0.0
0.0	0.004
0.0	0.0
0.0	0.0
-3.3669839467620477e-06	0.0
0.0	1.0
-0.0012293102918192744	0.0
0.0	0.037
-4.223219093546504e-06	0.0
0.0	0.0
-2.862643486878369e-05	0.0
-2.012992155187021e-07	0.0
-3.833676771591854e-07	0.0
0.0	0.0
0.0	0.0
-3.3329388315905817e-06	0.0
-5.854794289916754e-05	1.0
0.0	0.0
0.0	0.0
-1.1434225655193586e-07	0.0
0.0	0.0
-0.0037836844567209482	0.0
-5.227350993664004e-05	1.0
-0.00019139368669129908	0.0
0.0	0.948
0.0	1.0
0.0	1.0
0.0	0.948
-0.0010897464817389846	0.0
0.0	0.948
-0.0002635723794810474	0.0
0.0	0.948
0.0	0.948
0.0	0.0
-7.607391799835383e-11	0.0
-0.0006623801309615374	0.948
0.0	0.0
0.0	1.0
-0.000137456736410968	1.0
0.0	0.0
0.0	1.0
0.0	1.0
0.0	0.0
-4.2620085878297687e-05	1.0
-1.1450974852778018e-06	0.0
0.0	0.0
0.0	0.0
0.0	0.0
