-4.7404626002389705e-07	0.0
-0.007817280478775501	0.0
-0.008539821021258831	0.0
0.0	0.0
-9.487508577876724e-06	0.0
0.0	0.0
0.0	0.0
0.0	0.0
-8.392432704340536e-08	0.0
-0.0006589280092157423	0.0
0.0	0.0
-0.0003569205873645842	0.0
-0.0008558686822652817	0.0
-0.0019379662116989493	0.0
0.0	0.0
0.0	1.0
-0.0017785540549084544	0.0
-2.5167673811665736e-05	0.011
0.0	0.0
0.0	0.0
0.0	0.0
-2.536126203267486e-06	0.0
-3.782586645684205e-05	0.0
-3.075222593906801e-06	1.0
-0.008917910046875477	0.0
-2.958504410344176e-07	0.0
-2.1153196939849295e-05	1.0
0.0	0.526
0.0	1.0
0.0	1.0
-0.004211208317428827	0.0
0.0	0.0
-0.0021307109855115414	0.0
-0.00285612721927464	0.0
0.0	0.0
0.0	0.0
-0.0003153603174723685	0.0
-0.0006946923094801605	0.0
0.0	0.0
-4.2515063114478835e-07	0.0
0.0	0.0
0.0	0.0
-3.7978246837155893e-05	0.0
0.0	0.0
-3.123255373793654e-05	0.0
0.0	0.0
-1.2443637160686194e-06	0.0
-0.0002616249257698655	0.0
-0.00039495102828368545	0.0
-3.975833806180162e-06	0.0
0.0	0.0
0.0	0.0
-0.0024815055076032877	0.0
0.0	0.0
0.0	0.0
-5.2480765589280054e-05	0.0
-0.0006854740786366165	0.0
0.0	0.0
-0.002326651243492961	0.0
0.0	0.0
0.0	0.0
0.0	0.0
-0.0016481609782204032	0.0
-0.006634947843849659	0.0
0.0	0.0
-9.123082804762817e-07	0.311
0.0	0.0
0.0	0.0
0.0	0.0
0.0	0.0
-1.488335692556575e-05	0.0
0.0	0.0
0.0	1.0
0.0	1.0
-0.0002450580941513181	1.0
0.0	1.0
0.0	1.0
-0.009466811083257198	0.0
0.0	0.0
0.0	0.02
0.0	0.0
-0.020594432950019836	0.0
0.0	0.0
-1.5233249328616694e-08	0.0
0.0	0.0
0.0	1.0
0.0	0.0
0.0	0.0
0.0	0.0
-4.398511277425854e-10	0.0
0.0	1.0
0.0	1.0
0.0	0.0
-1.2291143320908304e-05	0.0
0.0	1.0
-6.487659993581474e-05	0.0
-1.5875482858973555e-05	1.0
0.0	0.0
0.0	1.0
0.0	0.0
-2.125996843460598e-06	0.0
-0.0003277244104538113	0.0
-9.259629223379306e-06	1.0
-7.155153434723616e-05	1.0
0.0	1.0
0.0	1.0
0.0	0.0
-0.00027948053320869803	1.0
0.0	1.0
-3.4805936593329534e-05	0.057
0.0	0.0
0.0	1.0
0.0	0.0
-4.977703227382335e-08	0.0
-0.0003223676758352667	0.002
-8.544618140149396e-06	1.0
-0.0008481225231662393	0.0
0.0	0.0
0.0	0.0
-0.0002769179700408131	0.0
-0.009918738156557083	0.0
-0.012215344235301018	0.0
0.0	0.0
-9.921001947077457e-06	0.0
0.0	1.0
-0.005959431640803814	0.003
-0.0005159208085387945	0.0
0.0	0.0
0.0	0.0
-0.00013228638272266835	0.0
-0.0025423606857657433	0.0
-7.558398920082254e-06	0.0
0.0	0.0
0.0	0.0
0.0	0.0
-2.1482885586010525e-06	0.006
0.0	0.0
0.0	1.0
0.0	0.0
0.0	1.0
0.0	1.0
-0.0013682451099157333	0.0
0.0	0.0
-1.0915272241618368e-06	0.0
0.0	0.0
0.0	0.0
0.0	0.0
-1.0138206789633841e-06	0.001
0.0	1.0
0.0	1.0
0.0	0.0
0.0	0.0
-0.0014047177974134684	0.311
-2.9382694265223108e-05	0.0
0.0	1.0
-4.531733495405366e-12	0.0
-1.9006380913566545e-09	1.0
-4.046236426802352e-05	0.0
-1.1972446145591675e-07	0.0
0.0	1.0
0.0	0.0
-0.00021734599431511015	0.0
-2.2023716610419797e-06	0.0
0.0	1.0
0.0	0.0
0.0	0.0
0.0	0.0
-0.001417572726495564	0.0
-9.16740194867316e-09	0.0
-1.3505344213626813e-05	0.0
-0.013014696538448334	0.0
0.0	0.0
0.0	1.0
0.0	1.0
0.0	0.0
0.0	0.0
0.0	0.0
0.0	0.0
-4.1781207983149216e-05	0.002
-1.7524448026051687e-07	0.0
0.0	0.0
0.0	0.0
0.0	0.0
0.0	0.0
0.0	0.0
-0.006699828896671534	0.0
-0.0005445226561278105	0.0
0.0	0.0
0.0	0.0
0.0	0.0
0.0	0.0
-0.00032324768835678697	0.004
0.0	0.004
-3.1889285310171545e-05	1.0
0.0	0.004
0.0	0.0
-0.004122465383261442	0.0
0.0	0.0
0.0	0.0
-1.3065991621985518e-09	1.0
-2.1905488978291032e-08	0.0
0.0	1.0
0.0	0.0
-0.00019635177159216255	0.0
0.0	0.0
0.0	0.0
-0.004656387027353048	0.0
0.0	0.0
0.0	1.0
-7.057352922856808e-05	1.0
0.0	1.0
0.0	1.0
-0.023553716018795967	0.0
-0.00025036654551513493	0.057
0.0	0.057
0.0	0.057
0.0	0.0
0.0	0.0
-0.0007047273684293032	1.0
0.0	0.0
0.0	0.0
0.0	0.0
-1.1116472364847141e-07	1.0
0.0	0.0
-5.657228030031547e-06	1.0
-0.0014677387662231922	0.0
-0.00037283499841578305	0.0
-0.000602333399001509	1.0
0.0	0.0
0.0	0.311
0.0	0.0
0.0	1.0
0.0	0.0
0.0	0.0
0.0	0.0
-9.229996794601902e-05	0.0
-0.0003192874719388783	0.0
-0.009992050938308239	0.0
-1.4589864689648624e-12	0.0
-1.6590509077218235e-13	0.0
0.0	1.0
0.0	0.0
-8.695566066307947e-06	0.0
0.0	0.0
-0.00040844010072760284	0.0
-1.4884457414154895e-05	0.007
-0.000573387835174799	0.0
-8.167099440470338e-05	0.0
0.0	0.0
-3.912558211444095e-12	0.0
-2.032074007729534e-06	0.0
0.0	0.0
0.0	0.0
0.0	0.0
-9.488005048297055e-07	0.0
-0.004370368551462889	0.0
0.0	0.0
-1.4669726766669555e-08	1.0
-0.0005286272498778999	0.0
0.0	1.0
0.0	0.0
0.0	0.0
-0.006598547101020813	0.0
-0.0004959340440109372	0.0
0.0	0.0
0.0	0.0
0.0	0.0
0.0	0.0
0.0	0.0
0.0	0.0
0.0	0.0
0.0	0.0
0.0	1.0
0.0	0.0
-0.011880354955792427	0.0
-4.474514298635768e-06	0.163
0.0	0.0
0.0	0.163
-2.7400193403082085e-07	0.0
0.0	0.0
0.0	0.0
-2.6070212697959505e-05	0.0
0.0	0.0
0.0	0.0
0.0	0.0
0.0	1.0
0.0	1.0
0.0	0.0
0.0	0.0
-3.716040509971208e-06	1.0
-0.011743944138288498	0.0
-5.130802674102597e-05	0.0
0.0	0.0
-0.02285393886268139	0.0
0.0	0.0
-0.0018040298018604517	0.0
0.0	0.0
0.0	0.0
-8.54785175761208e-05	0.0
0.0	1.0
0.0	0.094
-1.8995723394255037e-06	0.0
-7.2413931775372475e-06	0.094
0.0	0.0
0.0	0.0
-4.185792690236667e-08	0.094
-0.00018687070405576378	1.0
-0.02035544253885746	0.0
0.0	0.0
0.0	0.0
0.0	0.0
-2.3389090664238665e-10	0.0
0.0	0.0
0.0	0.0
0.0	0.0
0.0	0.0
0.0	0.0
-0.000967168714851141	0.0
0.0	1.0
0.0	0.0
0.0	0.0
-0.015394159592688084	0.0
0.0	0.0
0.0	1.0
0.0	1.0
0.0	0.0
0.0	0.0
-3.6455119243328227e-06	0.0
-2.639678496052511e-05	0.0
-0.01261538453400135	0.0
-0.002074750140309334	0.0
0.0	0.0
-0.00010926160757662728	0.0
0.0	0.0
-1.0129163456440438e-05	1.0
0.0	0.0
-0.011510384269058704	0.0
-0.002368427347391844	0.0
-0.005744928494095802	0.0
0.0	0.008
0.0	0.008
-2.744085847439237e-09	0.008
-7.683736839680932e-06	0.0
-0.002198414411395788	0.0
0.0	0.0
-0.00021894708334002644	0.0
-9.577426681062207e-05	0.0
-3.5813874887935526e-07	0.0
-0.012808729894459248	0.0
-0.00022516095486935228	0.0
-3.518012547942817e-08	0.0
-0.0008958877297118306	0.0
0.0	0.0
-8.66744539962383e-06	0.0
-0.00014449021546170115	0.0
-9.332039189757779e-05	1.0
0.0	0.0
-1.0573785402812064e-05	0.0
0.0	0.0
-0.001384913339279592	0.0
-0.00018512399401515722	0.0
0.0	0.0
0.0	0.0
-0.004982295446097851	0.0
0.0	0.0
0.0	0.0
0.0	0.0
0.0	0.0
-6.681643953398986e-12	1.0
0.0	1.0
-1.179382798000006e-05	1.0
0.0	0.0
-1.3413239685178269e-05	0.0
0.0	0.0
0.0	0.0
-4.134900564167765e-07	0.0
-5.8461954895172585e-12	0.0
0.0	0.0
0.0	0.0
0.0	1.0
0.0	0.0
0.0	0.0
-1.390208694829198e-07	0.0
-3.8536921920240275e-07	0.0
-1.4951196135370992e-05	0.0
0.0	0.0
-0.002855104859918356	0.0
0.0	0.0
0.0	0.0
0.0	1.0
-5.572446752921678e-06	0.0
-0.024185357615351677	0.0
-1.582933890631466e-07	1.0
-1.634379742654346e-08	1.0
0.0	1.0
-0.005254160612821579	0.0
-1.6456889184723877e-08	0.0
0.0	0.0
-7.702691566177644e-13	1.0
0.0	0.0
0.0	1.0
-5.188845989323454e-06	1.0
-3.641550616606537e-09	0.0
0.0	1.0
0.0	1.0
0.0	1.0
-0.0028055759612470865	0.0
0.0	0.0
0.0	1.0
0.0	1.0
0.0	1.0
-9.488405794400023e-07	1.0
-0.014375178143382072	0.0
-0.0026738259475678205	0.0
0.0	0.0
0.0	0.0
0.0	0.0
-0.00015880280989222229	0.0
-0.0014292122796177864	0.0
-0.03768809884786606	0.0
0.0	0.0
-0.007530727423727512	0.0
-9.928677968673583e-08	1.0
0.0	0.0
0.0	0.0
-0.0024336727801710367	0.0
-8.113412332022563e-05	0.0
-0.0019401800818741322	0.0
0.0	0.0
-0.0030967541970312595	0.0
-0.0005498423706740141	0.0
0.0	0.0
-0.0007692076615057886	1.0
-3.898449449479813e-06	0.0
-1.571340746409078e-08	0.0
-0.000472972693387419	0.0
0.0	0.0
0.0	0.0
-0.010973729193210602	0.0
-4.4343251293099684e-11	0.0
-3.128501703031361e-05	0.0
-9.092118853004649e-05	0.0
-1.6808033853621396e-09	0.0
0.0	0.0
0.0	0.0
0.0	0.0
0.0	0.0
0.0	0.0
0.0	0.0
0.0	0.0
-1.8809780158335343e-05	0.0
0.0	0.0
0.0	0.0
-2.9900394338255865e-07	0.0
0.0	0.0
0.0	0.0
-5.9780948504339904e-05	0.0
0.0	0.0
-0.0005911616026423872	0.0
-0.00010078972991323099	0.0
0.0	0.0
0.0	0.0
0.0	0.0
-2.7117964691569796e-06	0.0
0.0	0.0
0.0	0.0
-3.75373039943061e-12	0.0
-0.0011933495989069343	0.0
-0.000481784634757787	0.031
0.0	1.0
0.0	0.0
0.0	1.0
0.0	0.0
0.0	0.0
0.0	0.0
0.0	0.0
0.0	0.0
-2.641810397108202e-07	1.0
-2.6427449117960577e-09	0.0
-0.0001194829455926083	1.0
-0.0018682064255699515	0.0
0.0	0.0
-3.816514659860104e-09	0.0
-0.0003194917517248541	0.0
-0.000749113445635885	0.0
0.0	0.0
0.0	1.0
0.0	1.0
0.0	1.0
-0.021496715024113655	0.0
-0.0004423442005645484	0.0
0.0	0.0
0.0	0.136
0.0	1.0
0.0	0.0
0.0	0.0
0.0	0.0
-1.8640215785126202e-05	1.0
-3.4829463402274996e-05	0.0
0.0	1.0
0.0	0.0
0.0	1.0
0.0	0.0
-0.00021891554933972657	0.0
0.0	0.526
0.0	0.0
-0.022216683253645897	0.0
0.0	0.0
-1.3958253475720994e-05	0.0
-0.00029362665372900665	0.0
0.0	0.0
-7.665964221814647e-05	0.0
-0.003968919161707163	0.0
0.0	0.0
0.0	0.0
0.0	0.0
-3.161401400575414e-05	0.0
0.0	1.0
0.0	0.0
0.0	0.0
0.0	0.0
-0.001085707452148199	0.0
-0.00020982792193535715	0.0
0.0	0.0
-5.9307954103360316e-08	0.0
0.0	0.0
-0.0010258242255076766	0.0
-0.0010940494248643517	0.0
-0.03162946179509163	0.0
0.0	0.0
0.0	0.0
-0.00034506869269534945	0.0
0.0	0.0
-0.0005356111214496195	0.0
0.0	0.0
0.0	0.0
-0.0007232705829665065	0.0
0.0	0.0
-0.0015080595621839166	0.0
0.0	0.0
0.0	0.0
-0.00027754015172831714	0.0
-0.006126378197222948	0.01607717041800643
0.0	0.0
-0.002097249496728182	0.0
0.0	0.0
0.0	0.0
-0.003610657062381506	0.0
-0.000810804485809058	0.0
0.0	0.0
-3.233231609556242e-06	1.0
0.0	0.0
0.0	1.0
-0.0022537095937877893	0.163
0.0	1.0
0.0	1.0
0.0	0.163
0.0	1.0
0.0	0.163
-2.3774631699780002e-05	0.163
0.0	0.163
-3.1689540946899797e-07	0.163
0.0	0.163
0.0	0.0
-0.0057546840980648994	0.0
0.0	0.0
0.0	0.163
0.0	0.163
-4.337664893938609e-09	0.0
-7.720257417531684e-05	0.0
0.0	0.0
0.0	0.0
-0.00010270014900015667	0.0
-1.1737973864001106e-06	0.0
0.0	0.0
0.0	1.0
-0.0004719390126410872	0.0
-1.1401019719414762e-06	0.0
-0.012778304517269135	0.0
0.0	0.0
0.0	0.0
-1.013843586861185e-08	0.0
-9.953138942364603e-06	0.0
0.0	0.0
0.0	0.0
-0.0018436958780512214	0.0
-1.5754679505430857e-10	0.0
0.0	0.0
-0.00010976682824548334	0.0
0.0	0.0
-0.0111415209248662	0.0
0.0	0.0
0.0	1.0
-0.00028515205485746264	0.0
-5.908588036618312e-07	1.0
0.0	0.0
0.0	1.0
-0.009868061169981956	0.0
0.0	0.0
-0.0014277346199378371	1.0
0.0	0.0
0.0	1.0
0.0	1.0
-6.180760829010978e-05	0.0
0.0	0.0
0.0	0.008
-0.0014136325335130095	1.0
0.0	1.0
0.0	1.0
-0.0015861971769481897	0.0
-0.0017376906471326947	0.0
0.0	0.032
0.0	1.0
0.0	0.0
-6.750864515840671e-13	1.0
0.0	0.0
-0.0008711793343536556	1.0
0.0	0.0
-0.0028874659910798073	0.0
0.0	0.0
0.0	0.0
-0.0008733226568438113	0.0
0.0	0.0
-0.0001671264471951872	0.0
0.0	0.0
0.0	0.0
-5.966487879049964e-05	0.0
0.0	0.0
0.0	0.0
-0.0005036006332375109	0.0
0.0	0.0
0.0	0.0
0.0	0.0
0.0	0.0
0.0	0.0
0.0	0.311
-6.201545388329066e-10	1.0
-0.0005494864890351892	1.0
0.0	1.0
-0.0007445233059115708	1.0
-0.02559073269367218	0.0
-6.48000923320069e-06	0.0
-0.0030818316154181957	0.0
-1.0675103112589568e-06	0.0
0.0	1.0
0.0	0.0
-4.0018991853685293e-07	0.0011947431302270011
0.0	1.0
0.0	1.0
0.0	0.0
0.0	0.0
0.0	0.0
0.0	0.0
0.0	0.0
0.0	0.0
-0.0012693698517978191	0.0
0.0	0.0
-0.0008929675677791238	0.0
-0.0002074006333714351	0.0
-0.0007610308239236474	0.0
-5.061025149188936e-06	0.0
-5.1151941988791805e-06	0.0
0.0	0.0
-0.006028931587934494	0.0
0.0	0.0
0.0	1.0
0.0	1.0
0.0	0.0
0.0	0.0
0.0	0.0
-1.071867791324621e-05	1.0
-0.00010767054482130334	1.0
-0.005569204222410917	0.0
-3.931281966629285e-09	0.0
0.0	0.0
-2.4791584110062104e-06	0.0
0.0	0.0
0.0	0.0
-5.591619355982402e-06	0.0
0.0	1.0
0.0	0.0
-0.0004017537576146424	0.0
0.0	1.0
0.0	0.0
-0.001074536587111652	0.0
0.0	0.0
0.0	0.0
0.0	1.0
0.0	1.0
0.0	1.0
-2.0286638573452365e-06	0.0
0.0	0.0
0.0	0.0
-0.0004501370422076434	0.0
-0.001958254724740982	0.0
-4.010492375527974e-06	0.0
0.0	0.0
-1.6981316548481118e-06	0.0
0.0	0.0
0.0	0.0
0.0	1.0
-8.09451285022078e-06	1.0
0.0	1.0
0.0	1.0
0.0	0.0
0.0	1.0
-0.00022000832541380078	1.0
-1.6224388369248666e-12	1.0
0.0	1.0
0.0	0.0
0.0	0.0
0.0	0.0
-9.228811563843919e-07	0.0
0.0	0.0
0.0	0.0
0.0	0.0
0.0	0.0
0.0	0.0
-0.0017482619732618332	0.0
-0.002277984516695142	1.0
0.0	1.0
0.0	1.0
0.0	1.0
0.0	1.0
0.0	1.0
0.0	1.0
0.0	0.0
0.0	1.0
-0.0009695345070213079	0.004
0.0	0.0
0.0	0.006
0.0	0.0
-0.003162853652611375	0.0
-0.0013394568813964725	0.0
-0.0013838090235367417	0.0
-0.0006880595465190709	0.0
-2.606826683404506e-07	0.0
0.0	0.0
-4.0654358599567786e-05	1.0
0.0	0.0
0.0	1.0
0.0	0.001
-2.1022550811267138e-08	1.0
0.0	0.0
0.0	1.0
-0.002079954370856285	0.001
0.0	1.0
0.0	0.001
-3.7507268124681303e-11	0.001
0.0	0.001
-0.00019504899682942778	0.0
-6.874385007904493e-07	0.001
-2.7819138267659582e-05	0.0
0.0	0.0
0.0	0.0
-2.0075484385984055e-08	0.0
-0.0005831108428537846	0.0
-0.0002366398402955383	0.0
0.0	0.0
0.0	0.0
0.0	1.0
-2.790041264688625e-07	1.0
0.0	0.0
-0.0009108973317779601	0.0
0.0	0.0
-0.002281041583046317	0.0
-0.00038955884519964457	0.0
0.0	0.0
0.0	0.0
-1.964439375057303e-11	0.051
0.0	1.0
0.0	0.051
0.0	0.0
0.0	0.0
-6.664008105872199e-05	1.0
0.0	1.0
0.0	0.0
-4.239321424392983e-05	1.0
0.0	1.0
-0.0013531007571145892	0.0
-0.00020771186973433942	0.0
0.0	0.0
-0.0027733787428587675	0.0
0.0	0.0
0.0	0.0
-1.9866760339937173e-05	0.0
-6.601022050745087e-06	0.0
0.0	0.0
-2.657799268490635e-05	0.0
0.0	0.0
0.0	0.002
0.0	0.0
0.0	0.0
-0.009424171410501003	0.0
0.0	0.0
-0.03674712032079697	0.0
-0.0011069576721638441	0.0
-0.0024104902986437082	0.0
0.0	0.0
-5.404571646987211e-15	0.0
-5.35877697984688e-05	0.0
-7.382678468559334e-09	0.0
-5.589530701399781e-05	0.0
0.0	0.015
-1.0547565043594886e-09	1.0
0.0	0.0
0.0	0.0
0.0	0.015
-2.345450866414467e-06	0.015
0.0	0.0
0.0	0.0
-0.006408131681382656	0.001
-0.01496812142431736	0.0
0.0	0.0
0.0	0.0
-2.5667321046363156e-10	1.0
0.0	0.0
-0.0038273686077445745	0.0
0.0	0.014
0.0	0.0
0.0	0.014014014014014014
0.0	1.0
-3.075152562814765e-05	1.0
0.0	1.0
0.0	0.0
-2.203060134320367e-08	0.0
-6.601919455562211e-09	0.014014014014014014
0.0	0.014014014014014014
-2.1938389181741513e-05	1.0
0.0	1.0
0.0	0.0
0.0	0.0
0.0	0.0
-8.014545892365277e-05	0.0
-8.498101669829339e-05	0.0
-0.016219602897763252	0.0
-0.0001392832346027717	0.0
-4.621373136615148e-06	0.0
0.0	0.0
-0.00041502155363559723	0.0
0.0	0.0
0.0	0.0
