-1.095352445190656e-06	0.0
0.0	0.007
-0.0599886029958725	0.0
0.0	0.0
0.0	1.0
-0.00016511410649400204	0.0
-3.6310009932094545e-07	1.0
0.0	0.0
0.0	0.0
0.0	1.0
0.0	1.0
0.0	1.0
-0.0008599841385148466	0.0
-0.00011016151984222233	1.0
-3.653355815913528e-05	0.0
0.0	0.0
0.0	1.0
-0.0006759772077202797	1.0
0.0	0.0
0.0	0.0
0.0	1.0
0.0	0.0
0.0	0.0
0.0	0.0
0.0	0.0
0.0	0.0
0.0	0.0
-0.00014190869114827365	0.0
0.0	0.0
-0.0003849008062388748	0.0
0.0	0.0
0.0	0.0
-1.213914515574288e-07	0.0
-1.1014706615242176e-05	1.0
0.0	0.002
0.0	0.002
0.0	1.0
0.0	0.0
0.0	0.0
0.0	1.0
-2.276321356475819e-05	0.0
0.0	1.0
-5.096442691865377e-05	0.0
0.0	0.0
0.0	1.0
0.0	1.0
0.0	0.0
0.0	1.0
-0.0008503610733896494	0.0
-1.6427644311534095e-07	1.0
-2.8740930702042533e-07	1.0
-6.557353344760486e-07	1.0
-7.615675201577687e-09	1.0
-0.001507852110080421	0.0
-2.35842332330094e-08	0.009
-2.524809872284095e-07	0.0
-0.00022802337480243295	0.009
-0.0055712927132844925	0.002004008016032064
0.0	0.002004008016032064
0.0	0.0
-1.3343019418243784e-06	0.0
0.0	0.0
0.0	1.0
-1.5780718953806172e-08	0.0
-0.015300001949071884	0.0
0.0	0.0
-1.5354185961768962e-05	1.0
0.0	0.0
-0.0012967094080522656	0.022
0.0	1.0
0.0	0.022
0.0	0.0
0.0	0.0
0.0	0.0
0.0	0.0
0.0	1.0
0.0	1.0
0.0	1.0
-0.002463000360876322	0.0
-1.0039389053417835e-05	1.0
-5.632600368699059e-05	0.0
-0.00018490261572878808	1.0
-0.00021509653015527874	0.0
0.0	0.0
-0.0022871175315231085	0.0
-1.869542931923207e-12	1.0
-3.388036247997661e-06	0.0
-3.9174417906906456e-05	0.0
0.0	0.0
0.0	0.0
0.0	0.0
-0.0001385804353049025	0.0
0.0	0.0
0.0	0.0
-0.0004600555694196373	0.0
0.0	1.0
0.0	0.0
0.0	0.0
-6.561052578035742e-05	0.0
0.0	0.0
0.0	0.006
0.0	0.0
0.0	0.0
0.0	0.0
0.0	1.0
0.0	0.0
0.0	1.0
0.0	0.0
0.0	1.0
0.0	1.0
0.0	1.0
-0.08995036035776138	0.0
0.0	1.0
-0.004306966904550791	0.0
-2.4101906092255376e-05	0.0
0.0	0.0
0.0	1.0
0.0	0.0
0.0	0.032
0.0	0.0
-0.0005973721272312105	1.0
-0.000435894588008523	1.0
0.0	0.0
0.0	1.0
0.0	0.0
-0.0008358062477782369	0.032
-7.785971689600046e-08	0.022
0.0	0.022
0.0	0.022
0.0	0.0
-4.991957212041598e-06	0.022
0.0	0.0
0.0	0.0
0.0	0.002
0.0	0.0
0.0	0.0
-0.00016188628796953708	1.0
0.0	0.348
0.0	1.0
-1.5034778977351948e-10	0.348
-2.902482663103001e-07	1.0
0.0	0.348
0.0	1.0
0.0	0.0
0.0	0.0
0.0	0.0
0.0	0.348
-0.001544914091937244	0.0
0.0	0.0
0.0	0.0
0.0	0.0
0.0	0.0
0.0	0.0
-0.00039401534013450146	0.0
-0.0017140309792011976	0.0
0.0	0.0
0.0	0.0
0.0	0.0
-0.013819185085594654	0.0
-0.005932819098234177	0.0
0.0	0.0
0.0	0.0
-0.06786494702100754	0.0
0.0	0.0
0.0	0.0
0.0	0.0
-7.609841122757643e-05	0.0
0.0	0.0
0.0	0.0
0.0	0.0
-0.00019966372929047793	0.0
0.0	0.0
-0.00016387303185183555	0.0
0.0	0.0
0.0	0.0
-0.0001957860658876598	0.0
0.0	0.0
0.0	0.0
-0.012299031019210815	0.0
-0.00069591891951859	0.0
0.0	0.0
0.0	1.0
-6.563928423020116e-07	1.0
-0.0027571488171815872	1.0
0.0	1.0
0.0	1.0
-0.00010867763194255531	0.0
0.0	0.0
0.0	0.0
0.0	1.0
-5.569073255173862e-05	0.0
0.0	0.0
0.0	0.0
0.0	0.0
0.0	0.0
0.0	0.0
0.0	0.0
0.0	0.0
0.0	0.028
0.0	0.0
0.0	0.0
0.0	0.028
-3.5470362490741536e-05	0.028
-0.002770559396594763	0.0
0.0	0.0
0.0	0.028
0.0	0.028
-4.450732376426458e-06	0.028
0.0	0.028
-0.004220993258059025	1.0
0.0	1.0
-0.0052822609432041645	0.0
0.0	0.0
-0.0032265663612633944	0.0
0.0	0.0
-2.0931061044393573e-06	0.002
-0.025333883240818977	0.0
-2.3979222532943822e-05	0.0
-0.00040845246985554695	0.0
-8.936125368563808e-07	0.0
0.0	1.0
0.0	0.001
0.0	0.0
0.0	1.0
0.0	1.0
-0.0004965512198396027	0.0
0.0	0.0
0.0	1.0
-0.004032067023217678	0.0
-3.872587694786489e-05	0.0
-0.0009112206171266735	1.0
0.0	0.0
0.0	0.0
-6.7102478169545066e-06	1.0
0.0	1.0
-0.0018908845959231257	0.0
0.0	1.0
0.0	0.0
0.0	1.0
-0.0018745834240689874	0.0
0.0	0.0
0.0	0.0
0.0	0.0
-0.03587980568408966	0.0
-0.003481063758954406	0.0
0.0	0.0
-7.355531739250409e-09	0.0
0.0	0.0
0.0	0.0
0.0	0.0
0.0	0.0
0.0	0.0
-2.6869766855952548e-08	1.0
-3.264928818680346e-05	0.0
-6.971929906285368e-06	1.0
0.0	0.0
-0.007227023597806692	0.0
-0.009780678898096085	0.0
-0.0004852164420299232	1.0
0.0	0.0
0.0	0.0
-0.00037332854117266834	0.0
0.0	0.0
-0.00058138178428635	0.0
-0.001723994268104434	0.0
0.0	1.0
0.0	0.0
0.0	0.022
-2.2622168671659892e-06	1.0
0.0	0.0
-3.141193155897781e-05	0.0
0.0	0.0
-4.913447264698334e-05	0.022
-7.119297151803039e-06	0.0
0.0	0.0
0.0	1.0
-0.0007454257574863732	0.0
0.0	0.0
0.0	0.0
0.0	0.0
0.0	0.0
0.0	0.0
0.0	0.0
0.0	0.0
0.0	0.0
-0.010988987050950527	0.0
-8.562580688931121e-08	0.0
-0.00024132990802172571	0.0
0.0	0.0
-1.9492490821448882e-07	0.0
0.0	0.0
0.0	0.0
-0.0003706362913362682	0.0
0.0	0.0
-7.911480679467786e-06	0.0
0.0	0.0
0.0	0.0
-0.0014908314915373921	0.0010224948875255625
0.0	0.0
0.0	0.0
-4.009806930937998e-10	0.0
-9.431702346773818e-05	0.0
-0.005934499204158783	0.0
-0.0005603979807347059	0.001
-5.3072948702492795e-08	0.001
0.0	1.0
-0.00037105841329321265	0.0
0.0	0.0
-2.3889065232651774e-06	0.0
-0.003249457338824868	0.0
0.0	0.0
0.0	0.0
-8.683456514599341e-14	0.07280080889787664
0.0	1.0
0.0	1.0
0.0	0.0
-0.00028764878516085446	1.0
0.0	0.0
0.0	0.0
0.0	0.0
-0.0009186753886751831	0.0
0.0	0.0
-0.00029193374211899936	1.0
-0.0003579117765184492	0.0
-0.000502401206176728	0.0
-0.0025114857126027346	1.0
-0.0071743628941476345	0.0
-1.3013299771102993e-08	1.0
-0.000462387572042644	1.0
0.0	1.0
0.0	0.0
-0.01132158748805523	0.0
0.0	0.0
-6.284079063334502e-06	0.0
0.0	0.0
0.0	0.0
-1.4231771956474404e-06	0.0
-7.397090371341619e-07	0.0
0.0	0.0
0.0	0.0
0.0	0.0
-8.224823977798223e-05	0.0
-2.4313835638167802e-06	1.0
-0.0029033704195171595	0.0
-1.4059126840493263e-07	0.0
-7.673190339119174e-06	0.0
-1.987332751696158e-07	0.0
0.0	0.0
0.0	0.0
-0.0005288192769512534	0.0
0.0	1.0
0.0	0.0
0.0	0.0
-8.5593947005691e-06	0.0
0.0	0.0
-7.2216553235193714e-06	0.0
-2.2228392481338233e-05	1.0
-0.001647957949899137	0.0
0.0	0.0
0.0	1.0
0.0	0.0
-1.1915604503087707e-08	0.0
-0.01640482246875763	0.0
-0.022846108302474022	0.0
0.0	1.0
0.0	1.0
0.0	1.0
0.0	0.0
0.0	0.001
0.0	1.0
-0.003941060043871403	0.0
-1.7907458502164353e-11	0.0
-0.00045193592086434364	1.0
0.0	0.0
0.0	1.0
0.0	1.0
0.0	0.105
0.0	1.0
0.0	0.105
-3.457914132809492e-08	0.0
-0.0013643851270899177	0.105
-0.014017293229699135	0.0
0.0	1.0
-1.4519135893564794e-10	0.0
0.0	0.002
0.0	0.002
-0.00021165150974411517	0.0
0.0	0.0
-0.0029590073972940445	0.0
0.0	0.0
0.0	0.0
-0.014080765657126904	0.0
-0.000851058925036341	1.0
0.0	0.0
0.0	1.0
0.0	0.0
0.0	0.0
-0.04140011966228485	0.0
-7.128874131012708e-07	1.0
0.0	1.0
-6.119837969720265e-09	1.0
0.0	1.0
-0.00039693707367405295	0.0
-1.7152689906652085e-05	1.0
0.0	0.0
0.0	0.0
0.0	1.0
-5.802560190204531e-05	0.015
-0.00019508801051415503	0.0
-1.6776909887994407e-06	0.015
0.0	0.0
-0.0019274232909083366	0.0
-3.184743763995357e-05	0.015432098765432098
0.0	0.0
-7.848757377360016e-08	0.0
-0.006392271723598242	0.0
0.0	0.0
-4.721645836980315e-06	0.0
0.0	0.0
-1.304699617321603e-05	0.0
0.0	0.0
0.0	0.0
-0.0014154252130538225	0.0
0.0	0.001
-0.001692027086392045	0.0
0.0	0.001607717041800643
-2.5849923986243084e-05	0.0
-0.0011195746483281255	0.105
0.0	0.0
-0.0002098748809657991	0.0
0.0	0.0
0.0	0.0
0.0	0.0
0.0	0.0
0.0	0.0
0.0	0.0
0.0	0.0
0.0	0.0
-7.017492009708803e-08	0.0
-8.092211646726355e-05	0.0
-0.002869829535484314	0.0
-2.798575735596387e-07	0.0
0.0	0.0
-0.0022658000234514475	0.0
-0.0012257914058864117	0.0
-0.0008784475503489375	0.0
0.0	0.0
0.0	0.0
0.0	0.0
0.0	0.0
0.0	0.0
-0.0009005530155263841	0.0
0.0	0.0
0.0	0.0
-8.075031132648292e-08	0.0
-3.2283892323903274e-06	0.0
0.0	0.0
0.0	1.0
0.0	0.0
-0.0022966829128563404	0.0
0.0	0.0
-2.0592483451764565e-06	0.0
0.0	0.0
-7.106660859790281e-07	0.0
0.0	0.0
0.0	0.0
-0.0011081149568781257	1.0
0.0	0.0
0.0	1.0
0.0	0.0
0.0	1.0
0.0	0.0
-0.00013532098091673106	0.0
-6.130134352133609e-06	0.0
0.0	0.0
-0.010074377991259098	0.0
-8.12814414530294e-06	0.0
0.0	0.0
-0.003931397572159767	0.0
0.0	0.0
-5.7299370382679626e-05	1.0
-0.00010111671872437	1.0
-0.009480205364525318	0.0
0.0	1.0
-1.1209242529730545e-06	0.0
0.0	1.0
0.0	0.0
0.0	0.0
0.0	0.0
0.0	0.0
0.0	1.0
-7.146860525608645e-07	1.0
-0.0006202126969583333	1.0
-0.0006830782513134181	1.0
0.0	0.0
0.0	1.0
-0.0030039441771805286	0.0
-9.22723047551699e-05	0.0
0.0	0.0
0.0	0.0
-0.00010773456597235054	0.0
-0.0005087995086796582	0.0
-1.0715596090449253e-06	0.0
-0.0004666931927204132	0.0
0.0	0.0
-0.000540327571798116	0.0
-8.148017554244981e-17	0.0
0.0	1.0
-0.0021116165444254875	0.0
-2.6849727873923257e-05	1.0
-0.00014125749294180423	0.0
0.0	0.0
0.0	0.0
0.0	0.0
-0.0011486776638776064	1.0
0.0	1.0
0.0	0.0
0.0	0.0
0.0	0.0
0.0	1.0
0.0	0.0
0.0	0.0
-1.0802306178447907e-06	0.0
-5.906243586650817e-06	0.0
0.0	1.0
0.0	0.0
0.0	0.0
-4.003098365501501e-05	0.0
0.0	0.0
-3.260676919580874e-07	1.0
0.0	1.0
0.0	0.0
0.0	1.0
0.0	0.0
0.0	0.0
-0.0005198295111767948	0.0
0.0	0.0
0.0	0.0
-8.85896006366238e-05	0.0
-1.4662978609081279e-09	0.0
0.0	0.0
0.0	0.0
-0.0015089409425854683	0.0
0.0	0.0
-1.1610588757093865e-07	0.0
-1.849171530921012e-05	0.0
-0.0005165381007827818	0.0
0.0	0.0
0.0	0.0
0.0	0.0
-5.1295122830197215e-05	0.044
0.0	0.044
0.0	0.044
0.0	0.044
0.0	0.0
-2.1824628220201703e-06	0.0
0.0	1.0
0.0	0.0
0.0	0.0
-0.0024940946605056524	0.0
0.0	0.0
0.0	0.0
-1.94790473528883e-07	0.0
0.0	0.0
-8.77240290719783e-06	0.0
-0.0001765843917382881	0.0
0.0	0.0
0.0	0.001
0.0	1.0
-0.00012669336865656078	0.0
0.0	0.0
-0.003676725784316659	0.0
-0.0010375051060691476	0.0
-0.00033657552557997406	0.0
-0.00029805817757733166	0.0
0.0	1.0
0.0	1.0
-0.0011275323340669274	0.0
-0.00011828576680272818	0.0
0.0	0.0
0.0	0.0
0.0	0.0
-4.604731262958239e-09	0.0
0.0	0.0
0.0	0.0
0.0	0.0
-0.003730210941284895	0.0
-3.369893519789002e-08	1.0
0.0	1.0
0.0	0.011
-1.0629490993993573e-12	0.011
-0.001022481475956738	0.0
0.0	0.001
-0.0009129034006036818	0.001
-0.00023752578999847174	0.001
-1.1989581253146753e-05	0.0021141649048625794
0.0	0.001001001001001001
0.0	0.0
0.0	0.0
0.0	0.0
0.0	0.0
-5.189001228700363e-09	0.0
-7.964733231347054e-05	0.0
-0.00012651282304432243	0.0
-0.0001445746747776866	0.0
0.0	0.0
0.0	1.0
-0.0001665272138779983	0.028
-0.0009105330100283027	0.0
-7.510971954616252e-06	1.0
0.0	1.0
-2.9696453629490804e-11	1.0
0.0	0.0
-0.0014514862559735775	1.0
-6.021500666975044e-06	1.0
-0.0050796824507415295	0.028
-9.357523231301457e-05	1.0
0.0	0.0
0.0	0.0
0.0	1.0
0.0	1.0
-0.0020353824365884066	0.002
0.0	1.0
-0.00013856185250915587	0.0
0.0	1.0
-4.121669189771637e-05	1.0
0.0	1.0
-0.010808557271957397	0.0
0.0	1.0
0.0	0.028169014084507043
-0.00023202833835966885	1.0
-3.611662460308631e-16	1.0
0.0	1.0
-0.008129676803946495	0.0
-0.001533634727820754	0.0
-0.03597909212112427	0.0
0.0	1.0
-4.3644686229527e-05	1.0
-0.00033631687983870506	0.0
0.0	0.0
0.0	0.0
-4.167727070125693e-07	1.0
0.0	0.001
0.0	0.0
0.0	0.0
0.0	1.0
0.0	0.0
0.0	0.0
-0.004307879600673914	0.0
0.0	0.0
0.0	0.0
0.0	0.011
0.0	1.0
0.0	0.0
0.0	1.0
-0.0001324587792623788	0.011
-0.0021720854565501213	0.0
0.0	0.011
0.0	1.0
0.0	1.0
-4.81803399452474e-05	0.0
0.0	0.0
0.0	0.0
0.0	0.0
0.0	0.0
-0.0002566383918747306	0.0
-9.324750863015652e-05	0.0
0.0	0.0
-0.004865397699177265	0.0
0.0	0.0
-6.226950972632039e-06	0.0
-0.003802618244662881	0.0
0.0	0.0
0.0	1.0
-2.4166950662873887e-09	1.0
-0.00012746697757393122	1.0
0.0	0.0
-4.25316538894549e-05	1.0
0.0	1.0
-6.404665327863768e-06	1.0
0.0	1.0
0.0	1.0
-2.0139557818765752e-05	0.0
0.0	0.0
-0.0004470142594072968	0.0
-0.00031570540159009397	1.0
0.0	0.0
0.0	0.0
0.0	0.0
-2.941074626505724e-06	0.0
0.0	0.0
0.0	0.0
-2.6057843570015393e-05	0.0
0.0	0.0
0.0	0.0
-0.00013781333109363914	0.0
0.0	1.0
-2.1470616047736257e-05	1.0
0.0	0.0
0.0	0.0
0.0	0.0
0.0	0.0
-0.0003139454929623753	0.0
0.0	0.0
0.0	0.0
0.0	0.0
0.0	0.0
-6.57924756524153e-05	0.0
0.0	0.0
0.0	0.0
0.0	1.0
-0.0007740341825410724	1.0
0.0	0.0
-1.3226677765487693e-05	1.0
-0.001431946875527501	0.0
-0.01567821390926838	0.0
-3.071685625855025e-07	0.0
0.0	1.0
-7.321573502849787e-05	0.0
0.0	1.0
-0.0078958785161376	0.0
0.0	0.0
0.0	0.0
0.0	0.0
0.0	0.0
-1.3855267573439217e-13	0.0
0.0	0.0
-0.0016210897592827678	0.0
0.0	0.0
0.0	0.0
0.0	0.0
0.0	0.0
0.0	0.0
0.0	0.0
0.0	0.0
0.0	0.0
0.0	0.0
0.0	0.0
0.0	0.0
0.0	0.0
0.0	1.0
0.0	1.0
-1.020273732166288e-08	0.0
-0.0035236154217272997	0.0
0.0	1.0
0.0	1.0
-0.007936742156744003	0.0
-7.355593538704852e-07	0.0
0.0	0.0
0.0	0.0
0.0	0.0
-0.11091796308755875	0.0
0.0	0.0
0.0	0.0
0.0	1.0
0.0	0.0
0.0	0.0
0.0	0.0
-0.0015439759008586407	0.0
-0.011361517943441868	0.0
-0.0011776852188631892	0.0
0.0	0.0
0.0	0.0
-1.0743322491180152e-05	0.0
-5.959185367387931e-10	1.0
0.0	0.0
0.0	1.0
-2.9688926588278264e-05	0.0
0.0	1.0
-0.0009692041203379631	0.0
-4.380056452646386e-06	0.0
0.0	0.0
-1.622760947839197e-08	0.0
0.0	1.0
0.0	1.0
-0.00015111522225197405	1.0
-0.009163721464574337	0.0
0.0	0.0
-9.711956226965412e-05	1.0
0.0	0.0
0.0	1.0
0.0	0.0
-2.587802373454906e-05	0.0
0.0	0.0
0.0	0.0
0.0	0.0
-7.051857392070815e-05	0.0
-0.003907817415893078	0.0
0.0	0.0
-1.9570612491692785e-11	0.0
-0.0001564281847095117	0.0
0.0	0.0
0.0	0.0
0.0	0.0
