0.0	0.0
-2.487137862772215e-05	0.0
-0.0021642146166414022	0.0
0.0	0.0
0.0	0.0
0.0	0.0
-0.01712672784924507	0.0
-3.359230618116271e-07	0.0
0.0	0.0
-0.0028107878752052784	0.0
-1.3340978512133006e-05	0.0
-0.02277744561433792	0.0
0.0	0.0
0.0	0.0
0.0	0.0
-0.010090778581798077	0.0
0.0	0.0
0.0	0.0
-1.1717548709100356e-08	0.0
0.0	0.0
-0.0008153485250659287	0.0
0.0	0.0
-0.0006264681578613818	0.0
0.0	1.0
0.0	0.0
0.0	1.0
0.0	1.0
0.0	0.0
0.0	0.0
0.0	0.0
0.0	0.0
0.0	0.0
0.0	0.005
-3.232396509858373e-17	0.005
0.0	0.0
-2.098855475196615e-06	0.0
0.0	0.0
0.0	0.0
-0.0020661735907197	0.0
0.0	0.0
0.0	0.005
0.0	0.0
0.0	0.005
-2.2549998902832158e-05	0.0
0.0	0.005
-0.003564255079254508	0.0
-0.0015352254267781973	0.0
0.0	0.005
0.0	0.0
-0.0006433053640648723	0.0
0.0	1.0
-1.216394185377112e-08	1.0
-0.014423052780330181	0.0
0.0	1.0
-0.0021550413221120834	0.0
-0.02639562077820301	0.0
0.0	0.0
-0.008734692819416523	0.0
-0.00016716436948627234	1.0
-2.083757862439417e-12	0.0
-7.477515282516833e-06	1.0
0.0	1.0
-0.00017274345736950636	1.0
-3.260910671087913e-05	0.0
0.0	0.0
-0.03405587375164032	0.0
0.0	0.0
0.0	0.0
0.0	0.0
-0.0014965054579079151	0.0
0.0	0.0
0.0	0.0
-0.00017457040667068213	0.0
0.0	0.0
-1.0441750575296282e-08	0.0
-0.0006251026643440127	0.0
0.0	1.0
-0.00012370714102871716	1.0
0.0	0.0
0.0	0.0
0.0	0.0
-1.2744761761496193e-06	0.0
0.0	0.0
-0.012227683328092098	0.0
0.0	0.0
-0.0022759621497243643	0.0
0.0	0.0
0.0	0.0
0.0	0.0
0.0	0.0
0.0	0.0
0.0	0.0
-0.0011102940188720822	0.0
0.0	0.0
0.0	0.0
-0.0008020719978958368	0.0
0.0	0.0
-3.146885774185648e-06	0.0
0.0	0.0
0.0	0.0
-0.002480027498677373	0.0
0.0	0.0
0.0	0.0
0.0	0.0
-0.0006745465798303485	0.0
0.0	0.0
-0.0001864741207100451	0.0
0.0	0.0
-0.0006761149852536619	0.0
-6.172139546833932e-05	0.0
0.0	0.001
-4.2004577949228405e-07	0.0
0.0	0.0
0.0	1.0
0.0	1.0
0.0	0.0
0.0	0.0
0.0	0.0
-7.140751989709315e-08	0.0
-0.00016617921937722713	0.0
0.0	0.0
-3.3049484926550576e-08	0.0
-0.0005123942391946912	0.0
0.0	0.0
0.0	0.0
0.0	0.0
0.0	0.0
0.0	1.0
0.0	1.0
-0.011900720186531544	0.0
-0.0015063858591020107	0.0
0.0	0.0
0.0	1.0
0.0	0.0
-0.0019442617194727063	0.0
0.0	0.0
0.0	0.0
-0.0007839409518055618	1.0
0.0	0.0
0.0	0.0
0.0	0.0
0.0	1.0
0.0	0.0
-0.00010074611054733396	0.0
-0.001716829021461308	0.0
0.0	1.0
-1.1861587836392573e-06	1.0
0.0	0.0
0.0	0.0
0.0	0.0
-6.468868605224998e-07	0.0
0.0	0.0
-0.0022240832913666964	0.0
-4.397380689624697e-05	0.0
0.0	0.0
-0.00018198747420683503	0.144
-1.0574256066320231e-06	0.658
0.0	1.0
0.0	0.0
-0.048627037554979324	0.0
0.0	0.155
-0.0023405756801366806	0.0
-2.611415766295977e-06	0.155
0.0	0.0
-0.00035011855652555823	0.0
0.0	0.0
-0.0003255247138440609	1.0
-6.985601794440299e-05	0.0
0.0	0.0
0.0	1.0
-2.377290684307809e-07	1.0
0.0	0.0
-7.360836766501233e-12	0.0
-0.00011663864279398695	0.0
0.0	0.0
0.0	0.0
0.0	0.0
0.0	0.0
-0.0001981365348910913	0.0
0.0	0.0
0.0	0.0
0.0	1.0
-0.00019275516388006508	0.0
0.0	1.0
0.0	0.0
0.0	0.0
-7.243976870086044e-05	0.0
0.0	0.0
-0.0038572419434785843	0.0
0.0	0.0
0.0	0.0
-1.4008548532729037e-05	0.0
-0.0015827772440388799	0.0
0.0	0.0
0.0	0.0
-6.62405182083603e-06	0.005
0.0	0.0
0.0	0.005
0.0	0.0
0.0	0.0
-0.0006745556020177901	0.005
0.0	0.0
-0.0010300598805770278	0.005
0.0	0.0
-3.738264524599799e-07	0.0
0.0	1.0
0.0	1.0
0.0	1.0
-0.00022516677563544363	1.0
-0.0003024485195055604	0.0
0.0	0.0
0.0	0.0
0.0	0.658
0.0	0.0
0.0	1.0
0.0	1.0
0.0	1.0
-0.0004524463147390634	0.34210526315789475
0.0	0.658
0.0	1.0
0.0	1.0
0.0	0.0
0.0	0.0
0.0	0.2
0.0	1.0
0.0	0.0
-4.594620785724167e-14	1.0
0.0	1.0
0.0	0.002
-1.2845478636336338e-07	1.0
0.0	0.0
0.0	0.0
0.0	0.0
0.0	0.0
0.0	0.0
-0.0008738074102438986	0.0
0.0	0.0
-6.930165909579955e-06	0.0
-0.00022384118346963078	0.033
-0.00029953737976029515	0.0
-0.0001281353470403701	0.033
0.0	0.0
0.0	0.0
-0.0018685046816244721	0.0
0.0	0.0
0.0	0.033
0.0	0.034
0.0	0.0
-5.400349056827736e-09	0.0
0.0	0.0
-0.002076404867693782	0.0
-0.0022240180987864733	0.0
0.0	0.0
-0.009441738948225975	0.0
0.0	0.0
0.0	0.0
0.0	0.0
0.0	1.0
0.0	0.0
-2.4109635887725744e-07	0.0
0.0	1.0
-2.591501470305957e-05	0.0
-0.00032965990249067545	1.0
0.0	1.0
-3.2326522614312125e-06	0.0
0.0	0.0
0.0	0.0
0.0	0.0
0.0	0.0
-0.001191267161630094	0.0
-7.11226457497105e-05	0.0
0.0	0.0
-9.52627306105569e-05	0.0
-0.00030447079916484654	0.0
0.0	0.0
0.0	0.0
-0.0010740258730947971	0.0
0.0	0.0
-0.00037030401290394366	0.0
0.0	1.0
-0.036514852195978165	0.0
0.0	1.0
0.0	0.0
0.0	0.0
0.0	0.0
0.0	0.0
-0.0001555000781081617	0.001
0.0	0.0
0.0	0.0
0.0	0.0
-1.655102096265182e-05	0.0
-0.00020169989147689193	0.0
-6.00421117269434e-08	0.0
0.0	0.0
0.0	0.0
-0.0034863457549363375	0.0
-1.7656791442277608e-06	1.0
-3.8294865589705296e-07	1.0
0.0	1.0
0.0	0.551
0.0	0.0
0.0	1.0
0.0	0.658
0.0	0.0
0.0	0.0
-5.093822437629569e-06	0.0
0.0	0.0
0.0	0.0
-3.6627974964176246e-07	0.0
0.0	0.0
0.0	0.0
0.0	0.0
0.0	0.0
0.0	0.001
-0.0012227284023538232	0.001
0.0	0.001
-0.004761546850204468	0.001
0.0	0.001
-2.2030517357052304e-06	0.0
0.0	0.0
0.0	0.0
0.0	0.0
0.0	0.0
-5.015222086512949e-06	0.0
-6.46256230538711e-05	0.0
-6.931962707312778e-05	0.0
-0.0003698292712215334	0.0
-0.001598745584487915	0.0
0.0	1.0
0.0	0.0
-0.004215666558593512	0.0
-7.708374027970422e-07	0.0
0.0	1.0
0.0	0.0
0.0	0.0
-0.00025597604690119624	0.0
0.0	0.0
0.0	0.0
0.0	0.0
-1.3733314517594408e-05	0.658
0.0	0.026
0.0	0.0
-4.167264755494671e-09	1.0
0.0	0.014
0.0	0.0
-0.01002056710422039	0.0
0.0	0.0
0.0	1.0
0.0	1.0
0.0	0.0
-0.0012510467786341906	0.0
-0.014992155134677887	0.0
-1.2113519005652051e-05	0.0
0.0	0.0
0.0	0.0
-0.006446952931582928	0.0
0.0	1.0
-3.71582864318043e-05	1.0
0.0	0.0
-3.00413944387401e-07	1.0
-7.713204831816256e-05	0.0
-0.03459908813238144	0.0
-0.00033428394817747176	0.107
0.0	1.0
0.0	0.0
-0.004210568964481354	0.0
0.0	0.0
-2.6370748033160973e-12	0.0
0.0	0.0
0.0	0.0
-3.3051130685635144e-06	0.0
0.0	0.015015015015015015
0.0	0.015015015015015015
-0.004664368461817503	0.0
0.0	1.0
-0.00012174295261502266	1.0
-0.01312730461359024	0.0
-0.003974887542426586	0.0
0.0	1.0
-3.367580703184103e-08	1.0
-3.135578197088762e-07	0.0
0.0	1.0
0.0	1.0
0.0	0.0
0.0	0.0
0.0	1.0
0.0	0.0
-2.1548547390892736e-09	0.0
0.0	0.0
0.0	1.0
0.0	0.0
-6.910524825798348e-05	0.0
-2.7175050490768626e-05	0.0
0.0	0.0
0.0	0.0
0.0	0.0
-8.577462722314522e-05	0.0
0.0	0.0
-0.00016141014930326492	0.0
0.0	0.0
-0.0001260342833120376	1.0
0.0	1.0
-1.031740310963869e-07	1.0
0.0	1.0
0.0	0.0
0.0	0.0
0.0	0.0
-0.001032131491228938	0.0
0.0	0.0
-0.00018204102525487542	0.0
0.0	0.0
-0.0004121322126593441	0.0
-0.00018184508371632546	0.0
0.0	0.0
0.0	0.0
-4.3341998434698326e-07	1.0
0.0	1.0
0.0	1.0
0.0	0.0
0.0	0.0
0.0	1.0
0.0	1.0
-1.1814791367470434e-09	0.0
-0.0017030132003128529	0.0
0.0	0.0
0.0	1.0
0.0	0.0
-2.820365452294027e-08	0.0
0.0	0.0
-0.006514775101095438	0.0
0.0	0.0
0.0	0.0
0.0	0.0
-2.3086477085598744e-06	0.0
-0.00010103136446559802	0.0
0.0	0.0
0.0	0.0
-1.1555011170116813e-08	0.0
0.0	1.0
0.0	0.0
0.0	0.0
0.0	1.0
-7.513730793107243e-08	1.0
0.0	0.0
0.0	0.0
0.0	0.0
0.0	0.0
0.0	0.0
-2.469240367730663e-09	0.001
0.0	0.0019723865877712033
-0.00021404992730822414	0.0
0.0	0.007007007007007007
0.0	0.007007007007007007
0.0	0.0
0.0	0.0
-0.00045412182225845754	0.007
0.0	1.0
-2.133906718881917e-06	0.0
0.0	0.007
-0.009872671216726303	0.0
-4.391228856093221e-07	0.007
0.0	0.0
0.0	0.0
0.0	0.007
0.0	0.0
0.0	0.007
-1.009621314551623e-06	0.0
0.0	0.0
0.0	0.0
-7.019794523444034e-09	0.0
-1.1743441774569874e-07	0.0
0.0	0.0
0.0	0.0
0.0	0.0
0.0	0.007
-1.3717818546865601e-05	0.0
-1.0992470151904854e-06	1.0
0.0	0.144
0.0	1.0
0.0	0.144
0.0	0.144
0.0	1.0
-0.00032446961267851293	0.0
-5.979221532470547e-05	0.0
-1.189596218864608e-06	1.0
0.0	0.144
0.0	0.144
-0.0005023977137170732	1.0
-5.25850809935946e-05	1.0
0.0	0.007
0.0	0.010638297872340425
-0.0030207436066120863	0.007
-0.001283859135583043	0.007
0.0	0.007
0.0	0.0
0.0	0.0
0.0	1.0
-7.852066119085066e-06	0.0
-1.5209549019346014e-05	0.0
0.0	0.0
-2.7335345293977298e-05	0.0
-9.881985170068219e-05	0.0
0.0	0.0
-7.196392459718481e-08	0.0
0.0	0.0
0.0	0.0
0.0	0.0
0.0	0.0
-0.0021038127597421408	0.0
0.0	0.0
0.0	0.0
0.0	0.0
-3.7879224692005664e-05	0.0
-0.00022175176127348095	0.514
-6.730396240328673e-09	0.0
-0.0016297339461743832	0.0
-3.9767098058973716e-08	0.514
0.0	0.0
0.0	1.0
-0.00017586142348591238	0.0
-0.0010868507670238614	0.0
-0.0008011185564100742	1.0
-7.596328941872343e-05	0.0
0.0	0.047
0.0	1.0
0.0	0.0
0.0	0.0
0.0	0.4502923976608187
-2.362854729653918e-06	1.0
-0.0002114583767252043	1.0
0.0	1.0
-2.088175392600533e-07	0.0
-6.403389852494001e-05	0.047
-0.0010949684074148536	0.047
0.0	0.047
-8.687691661179997e-06	0.047
0.0	0.0
-4.043515033913536e-08	0.0
0.0	0.0
0.0	0.0
0.0	0.0
0.0	0.0
0.0	0.0
0.0	0.0
-0.0029080226086080074	0.0
0.0	1.0
0.0	1.0
-0.0010001537157222629	0.0
-0.0006345239817164838	1.0
0.0	1.0
0.0	1.0
-2.2809193467310251e-07	1.0
-0.0001430382690159604	0.0
-2.9211385026428616e-06	0.0
0.0	0.0
0.0	1.0
-7.62693744036369e-05	1.0
0.0	1.0
0.0	0.0
-7.539615580753889e-06	0.0
-0.007187740411609411	0.0
-4.389988248476584e-07	0.0
-3.407535041333176e-05	0.0
-0.0011957373935729265	0.0
0.0	0.0
0.0	0.0
0.0	0.0
0.0	0.0
-0.0024913030210882425	0.0
-3.889168510795571e-05	0.0
-2.2271917643479355e-08	0.0
0.0	0.003
0.0	0.0
0.0	0.0
0.0	0.003
0.0	0.003
0.0	0.003
0.0	0.0
-0.004955141805112362	0.0
0.0	0.003
0.0	0.003
0.0	0.0
0.0	0.0
-0.005350234918296337	0.0
-0.0012899506837129593	0.0
0.0	0.0
-1.8620067976371502e-06	0.0
-4.7643356083426625e-05	0.0
0.0	0.0
-4.9054142969851e-09	0.0
-8.492557351802432e-12	0.0
0.0	1.0
-0.006441880948841572	0.0
0.0	1.0
-1.2936756377257552e-07	0.0
0.0	0.0
0.0	0.0
-0.007511786185204983	0.0
0.0	0.0
0.0	0.0
-0.011689838953316212	0.0
-2.2379904294211883e-06	1.0
-2.1263049347908236e-06	0.007
0.0	0.0
0.0	0.0
0.0	1.0
0.0	1.0
0.0	1.0
0.0	1.0
0.0	0.0
-0.016060147434473038	0.0
-7.197525064839283e-07	0.003
0.0	0.0
-0.0029659655410796404	0.0
0.0	0.0
0.0	0.0
0.0	0.0
-0.0017534400103613734	0.0
-0.008675712160766125	0.0
0.0	0.0
0.0	0.0
-5.2970492106396705e-05	0.0
0.0	0.0
-0.0004854997678194195	0.0
0.0	0.0
0.0	0.0
-0.0022514399606734514	0.0
0.0	0.0
0.0	0.0
-1.3826592093479917e-09	1.0
0.0	0.0
0.0	0.0
-7.739227661507364e-12	0.0
-0.0035785436630249023	0.001
-0.00044096476631239057	1.0
0.0	0.0
0.0	0.0
-0.00015915694530121982	0.0
-0.004192523658275604	0.0
0.0	0.0
0.0	0.001
-8.137137774610892e-05	0.0
-5.097200846648775e-05	1.0
-1.4699454595756833e-06	0.0
-0.00020139600383117795	0.0
0.0	0.0
-3.333113272674382e-05	0.0
0.0	0.0
-2.2377294683906257e-08	0.0
0.0	0.342685370741483
-4.569278098642826e-05	0.342
0.0	0.342
-0.00011114913650089875	0.342
-0.001564742298796773	1.0
-0.00033843409619294107	0.0
-0.00013529029092751443	0.342
0.0	0.342
-1.114469523599837e-05	1.0
-0.0002639266022015363	0.0
0.0	0.0
-0.0005110015044920146	0.0
0.0	0.0
0.0	0.144
0.0	0.0
0.0	0.0
0.0	0.144
0.0	1.0
0.0	0.144
0.0	1.0
-0.012078385800123215	0.0
0.0	0.0
0.0	0.144
0.0	1.0
0.0	0.0
-0.0005409989389590919	0.0
-3.3620528938627103e-06	0.0
-5.68437189940596e-06	0.144
0.0	0.0
-0.00014396353799384087	0.0
0.0	1.0
0.0	0.0
-0.015119167044758797	0.0
0.0	0.18580645161290324
0.0	0.18580645161290324
-1.3241221950011095e-06	0.18580645161290324
0.0	0.0
0.0	0.027
-0.0001267950574401766	0.0
0.0	0.0020554984583761563
-0.0008953810320235789	0.0020554984583761563
0.0	0.0
-0.0032215791288763285	0.00303951367781155
0.0	0.0070140280561122245
0.0	0.0070140280561122245
-0.002015334088355303	0.0
0.0	0.0020242914979757085
0.0	0.012
0.0	0.0
0.0	0.0
-0.013633408583700657	0.0
0.0	0.012
0.0	0.0
0.0	0.0
0.0	0.0
0.0	1.0
-0.0005290440167300403	0.0
0.0	0.0
0.0	0.0
-0.00396481528878212	0.0
-0.0020566724706441164	0.0
0.0	0.0
0.0	0.0
-5.283663540467387e-06	0.0
-0.00018494647520128638	0.0
-0.0007422699127346277	0.0
0.0	0.0
0.0	0.0
0.0	0.0
-0.0005587112973444164	0.0
-0.0006002383888699114	0.07049345417925479
-6.898982974234968e-05	0.07049345417925479
-1.1597741433888586e-08	0.0
-4.778538098548779e-08	0.007526881720430108
0.0	0.007526881720430108
0.0	0.07049345417925479
0.0	0.007
0.0	0.0
-0.003044928191229701	0.0
0.0	0.0
0.0	0.0
0.0	0.007
-0.004153459332883358	0.0
-1.8123892004950903e-05	0.0
0.0	0.0
0.0	0.0
0.0	0.0
0.0	0.0
0.0	0.0
-3.6959029330319026e-06	0.0
0.0	1.0
0.0	1.0
0.0	0.0
-9.371685791847995e-07	0.0
-0.000810296565759927	0.0
0.0	0.0
0.0	0.0
-0.0008306641248054802	0.0
0.0	0.658
-0.018523838371038437	0.0
-1.030954763336922e-06	0.0
0.0	0.0
-0.00109483499545604	0.0
0.0	0.0
0.0	0.0
0.0	0.0
0.0	0.0
0.0	0.0
-0.00019200023962184787	0.0
0.0	0.0
-3.685824822241557e-06	0.0
0.0	1.0
-0.0003737295337487012	1.0
-0.00212519196793437	0.0
0.0	1.0
-2.266868978040293e-05	0.0
0.0	0.0
0.0	0.0
0.0	1.0
-7.978524507734619e-09	1.0
0.0	1.0
0.0	0.0
0.0	1.0
-0.0003698947839438915	0.0
0.0	0.0
0.0	0.0
-9.305601906817174e-07	1.0
0.0	0.0
-0.00043355199159123003	0.0
-0.0007327718194574118	0.0
-0.0015540799358859658	0.0
0.0	0.0
-0.03595777228474617	0.0
-0.0017892116447910666	0.0
-0.00011527440801728517	0.0
0.0	0.0
-3.0691664960613707e-06	0.0
0.0	1.0
0.0	1.0
0.0	1.0
-6.700373887724709e-06	1.0
0.0	0.0
0.0	0.0
0.0	0.0
0.0	0.063
0.0	1.0
0.0	1.0
0.0	0.0
-4.500500381254824e-07	1.0
0.0	0.0
0.0	0.0
0.0	0.0
-0.00048315772437490523	0.0
0.0	0.0
-2.1476949768839404e-05	0.0
0.0	0.0
-0.021632563322782516	0.0
0.0	0.0
0.0	0.0
0.0	0.0
-0.0061392164789140224	0.0
0.0	0.0
-0.031534112989902496	0.0
0.0	0.0
-0.00012230566062498838	0.0
0.0	0.0
0.0	0.0
0.0	0.0
0.0	0.0
-0.0004587582661770284	0.0
0.0	0.0
