-1.7984140565641127e-10	0.0
-1.0355234031367289e-10	0.0
0.0	0.0
0.0	1.0
-0.00957777351140976	0.0
0.0	1.0
0.0	1.0
-0.007361880969256163	0.0
0.0	0.0
-0.00025190686574205756	1.0
-0.00021161296172067523	1.0
-5.600264557870105e-06	1.0
0.0	1.0
-0.000361499231075868	0.0
-0.0007609895546920598	0.0
-7.653826469322667e-05	0.0
0.0	0.0
0.0	1.0
-0.0004994138143956661	0.0
0.0	1.0
0.0	0.0
-0.0007680640555918217	0.0
0.0	0.0
-0.0007316291448660195	1.0
-7.249328914937792e-10	0.004
0.0	0.004
-1.4638289191903908e-10	1.0
-0.03635406121611595	0.0
-0.0007640718249604106	1.0
0.0	0.0
0.0	0.022082018927444796
-7.608750456711277e-05	0.022082018927444796
-0.002140359953045845	0.05005107252298264
-6.725577259203419e-05	1.0
-2.8614889743039384e-05	1.0
-9.043521276907995e-05	0.049
0.0	0.0
0.0	0.0
-4.697586064139614e-06	0.0
-1.0763703262028912e-09	0.0
0.0	0.0
0.0	0.0
-0.002430045511573553	0.0
0.0	1.0
-0.0006730731693096459	0.0
0.0	0.0
0.0	1.0
-4.6381683205254376e-05	0.0
0.0	0.0
-2.2736372506937386e-10	0.0
-0.0004865945957135409	1.0
0.0	0.0
0.0	0.0
0.0	0.0
-0.0014014407061040401	0.021
-0.0003487391222734004	0.0
0.0	1.0
0.0	0.0
0.0	0.0
0.0	0.0
0.0	0.0
-0.011370555497705936	0.0
0.0	1.0
0.0	0.0
-0.0004598930827341974	1.0
-3.9762131087694996e-11	0.0
0.0	0.0
0.0	0.0
0.0	0.0
-2.9517210009544215e-08	0.0
-8.841699127515312e-06	0.0
0.0	0.0
-6.231098086573184e-05	0.0
0.0	0.0
-0.0013255893718451262	0.0
0.0	0.0
-0.0022253121715039015	0.0
-5.0655675210009576e-08	0.0
0.0	0.0
-1.3302612842380768e-06	0.001
0.0	0.0
0.0	0.0
-0.00015809625620022416	0.0
0.0	1.0
-1.091362946681329e-07	0.0
0.0	0.0
0.0	1.0
0.0	1.0
0.0	0.0
0.0	1.0
0.0	1.0
0.0	0.0
0.0	0.032
0.0	0.0
0.0	0.0
0.0	0.0
-0.001898780930787325	1.0
0.0	1.0
0.0	0.0
0.0	0.0
0.0	0.0
-2.270854224661889e-07	0.0
0.0	1.0
0.0	0.0
-0.0002183355245506391	1.0
-0.0025019499007612467	0.0
-0.003336838912218809	0.0
-1.2313435604482947e-07	0.0
0.0	0.0
0.0	0.0
0.0	1.0
0.0	1.0
-1.6570174921071157e-06	0.0
0.0	0.0
0.0	0.0
0.0	1.0
0.0	0.0
-5.125526149640791e-05	0.0
0.0	0.951
0.0	0.0
-7.556450327683706e-06	1.0
0.0	0.0
0.0	1.0
0.0	0.0
0.0	0.0
0.0	0.0
0.0	0.0
0.0	0.058
-0.0004695534298662096	0.0
0.0	0.0
-2.1273653771913814e-07	0.0
0.0	0.0
-1.0878133593905659e-07	1.0
-0.002923095365986228	0.0
0.0	0.004
-0.0003653386083897203	1.0
-0.04177497699856758	0.0
-1.4934904868368903e-07	0.049
-2.9993799444127944e-08	0.0
0.0	0.001
0.0	0.001
0.0	0.0
0.0	0.0
-4.3579833075568786e-09	0.001001001001001001
0.0	0.0
-1.6327890079992358e-06	0.0
0.0	0.0
-0.0008632871904410422	0.0
0.0	0.0
-0.00016941117064561695	0.0
0.0	0.0
0.0	0.0
0.0	0.0
0.0	0.0
-3.012541310454253e-05	1.0
0.0	0.009
-2.0538466760644525e-10	1.0
-0.005590308457612991	0.0
-9.717222155813943e-07	1.0
-3.489138145074122e-10	0.0
0.0	1.0
0.0	0.0
-6.381815182976425e-05	0.0
-1.1857116533064982e-06	1.0
0.0	1.0
-0.0003543273196555674	0.0
0.0	0.0
-0.002441414399072528	0.0
0.0	0.0
0.0	0.0
0.0	1.0
-1.543126700198627e-06	0.0
-0.0003366945602465421	0.049
-0.0031206519342958927	0.0
-3.34561650561227e-06	1.0
-0.0003355829685460776	0.0
-2.415159178781323e-05	1.0
0.0	0.049
0.0	0.0
-0.0010932431323453784	0.0
0.0	0.049
-0.00034839988802559674	0.0
0.0	1.0
-0.00013264393783174455	0.0
-0.0012550116516649723	0.004
-8.081534730308704e-08	0.004
-0.0002170545340050012	0.004
0.0	0.005
0.0	0.0
0.0	0.004
0.0	0.004
-0.00352105381898582	0.0
0.0	0.004
0.0	0.0
0.0	0.951
0.0	0.951
-0.00025145531981252134	0.951
0.0	0.0
0.0	1.0
0.0	1.0
-0.000636110664345324	0.0
-1.6666348528815433e-05	0.0
0.0	0.0
0.0	0.0
-7.535762022937076e-16	0.0
0.0	0.0
0.0	0.0
0.0	0.0
-0.00020673367544077337	0.0
0.0	0.0
0.0	0.0
0.0	0.0
-1.8012517102761194e-05	0.0
-4.752507276606366e-09	0.0
0.0	0.0
0.0	0.0
-0.00020619513816200197	1.0
0.0	0.0
0.0	0.0
-0.0002804140094667673	1.0
-0.0040909359231591225	0.0
-0.005813341587781906	0.0
-1.259355940419482e-06	0.0
0.0	0.0
-0.0004063135711476207	0.0
0.0	0.0
0.0	0.0
0.0	0.0
0.0	0.0
-0.00034964081714861095	1.0
-0.00015177138266153634	1.0
-0.00045786064583808184	1.0
0.0	0.951
0.0	0.0
0.0	1.0
0.0	1.0
0.0	1.0
-6.296721011267437e-08	0.0
-0.0007757167331874371	0.0
0.0	0.0
0.0	1.0
0.0	0.0
0.0	0.0
0.0	0.0
0.0	1.0
0.0	1.0
-9.859894817054737e-06	0.006309148264984227
-0.0003425047325436026	0.0
-6.0272574046393856e-05	0.0
0.0	0.0
-0.00028875129646621644	0.0
0.0	1.0
-1.8297058746591377e-12	1.0
-5.283794735078118e-09	1.0
-0.00048395522753708065	0.0
0.0	1.0
-0.00019461166812106967	1.0
0.0	1.0
0.0	1.0
0.0	0.0
0.0	1.0
0.0	1.0
0.0	1.0
-5.38107178726932e-06	1.0
0.0	1.0
0.0	0.0
0.0	1.0
0.0	1.0
0.0	1.0
-5.150116339791566e-05	1.0
-0.013418772257864475	0.0
0.0	0.0
-0.0005728123360313475	0.1
-9.205681635648943e-06	0.1
0.0	0.1
-0.00017312142881564796	0.0
-5.513214273378253e-05	0.0
0.0	0.0
0.0	0.0
0.0	0.0
0.0	1.0
0.0	0.0
0.0	0.0
-2.8153803214081563e-05	0.0
0.0	0.0
0.0	0.0
0.0	0.0
0.0	0.0
-0.0011392699088901281	0.0
-1.544323458801955e-05	0.0
0.0	0.0
0.0	0.0
0.0	1.0
0.0	0.006
0.0	0.0
-0.10193168371915817	0.0
0.0	0.0
0.0	1.0
-6.243305051611969e-06	0.0
-1.2030500727566729e-11	0.0
0.0	0.0
-1.5901676420071453e-07	0.0
0.0	0.0
0.0	0.0
0.0	0.0
-0.010528743267059326	0.0
0.0	1.0
0.0	0.0
0.0	1.0
-2.9877357974328334e-06	0.0
0.0	0.0
-0.009069684892892838	0.0
0.0	0.0
0.0	1.0
0.0	1.0
-0.004221823066473007	0.0
0.0	0.0
-4.593095218297094e-05	0.0
0.0	0.0
0.0	1.0
0.0	0.0
0.0	1.0
0.0	1.0
0.0	1.0
0.0	0.0
0.0	0.0
-0.012375547550618649	0.0
0.0	0.0
0.0	1.0
-7.857087758189607e-10	0.0
0.0	0.0
0.0	0.0
0.0	1.0
-2.0378033482870705e-08	0.0
0.0	1.0
0.0	0.0
-0.0006007218617014587	1.0
0.0	1.0
-0.019709546118974686	0.0
0.0	0.0
0.0	0.6603575184016824
0.0	1.0
0.0	0.049
-6.162066767956276e-08	0.049
0.0	0.0
0.0	1.0
-0.05630215257406235	0.0
0.0	0.0
-8.652660653751809e-06	0.0
0.0	0.0
0.0	1.0
0.0	0.0
0.0	0.0
0.0	0.0
0.0	0.0
-3.835456936940318e-06	0.0
0.0	0.0
0.0	0.0
-1.813756171031855e-06	0.0
-7.818544872861821e-06	0.0
-1.1883732895512367e-06	0.0
-0.000656879972666502	0.0
0.0	0.0
0.0	0.0
-7.381940463346837e-07	0.0
-1.1262712177995127e-05	0.0
0.0	0.0
0.0	0.0
-3.6948054912500083e-05	0.058
-3.931431624693005e-09	0.058
-0.0026306461077183485	0.058
-0.0003516503784339875	0.0
-0.0011890452587977052	0.0
-0.000496437365654856	0.0
0.0	0.0
0.0	1.0
0.0	0.0
0.0	1.0
0.0	0.0
0.0	0.0
0.0	0.0
0.0	0.0
-4.229337946526357e-07	0.0
0.0	0.0
-4.0570631654190947e-07	1.0
0.0	1.0
0.0	0.0
-1.8736509446171112e-05	1.0
0.0	1.0
0.0	0.0
0.0	0.0
0.0	0.0
0.0	0.004
0.0	0.0
0.0	0.004
0.0	0.0
0.0	0.0
0.0	0.0
-2.3619468265678734e-05	0.0
0.0	0.0
-0.002090464811772108	0.0
-2.208080331911333e-06	0.04
0.0	0.0
-0.00021257062326185405	0.0
0.0	0.0
-3.5084296996501507e-06	0.0
0.0	0.049
0.0	1.0
0.0	0.0
0.0	1.0
0.0	1.0
0.0	0.0
0.0	0.0
-0.0012898619752377272	0.0
0.0	0.0
0.0	0.0
-8.843667455948889e-05	0.0
0.0	0.0
-5.176646482141223e-06	1.0
-1.1095029549323954e-05	1.0
-0.0002760671195574105	1.0
0.0	0.0
0.0	0.0
-0.0004387497319839895	0.0
0.0	0.0
0.0	0.0
0.0	0.0
-0.001973989186808467	0.0
0.0	0.0
0.0	0.231
0.0	1.0
-9.876681694720446e-09	1.0
-2.1070020466140704e-06	0.0
0.0	0.07407407407407407
-3.775210416279151e-06	0.007007007007007007
0.0	0.04904904904904905
0.0	0.04904904904904905
0.0	0.0
0.0	0.0
-0.0048537300899624825	0.001
-0.0002726290840655565	0.0
0.0	0.0
-8.56599672260927e-06	0.0
0.0	0.0
0.0	0.0
0.0	0.0
-4.957086408019507e-10	0.0
0.0	1.0
-3.830546030918738e-18	0.0
0.0	0.0
0.0	1.0
0.0	0.0
-4.963117135048378e-06	0.0
-0.0025106356479227543	0.0
0.0	0.0
0.0	0.0
-2.4460002805426484e-06	0.0
0.0	0.0
-0.0002787528501357883	0.0
0.0	0.0
0.0	0.0
0.0	0.0
-3.9868569729151204e-05	0.0
0.0	0.0
-0.00039194466080516577	0.0
0.0	0.0
-4.0471815736964345e-05	0.0
0.0	0.0
0.0	1.0
-4.305405127524864e-06	0.0
0.0	1.0
0.0	0.0
-0.0004056068428326398	0.0
-0.002180177252739668	0.0
0.0	0.0
0.0	0.0
0.0	0.0
0.0	0.0
-1.3828141298688479e-08	0.0
0.0	0.0
-0.000336805620463565	0.0
0.0	0.0
0.0	0.0
-0.0009659227216616273	0.0
0.0	0.0
0.0	0.0
0.0	0.0
0.0	1.0
0.0	0.0
-0.006243923678994179	0.0
0.0	0.0
-0.00019216013606637716	0.0
-2.852342049664003e-06	1.0
-2.742416849166318e-10	0.0
-0.0005804169923067093	0.0
0.0	1.0
0.0	0.0
0.0	1.0
-0.0340539887547493	0.0
-0.0032223870512098074	0.0
0.0	0.0
0.0	1.0
0.0	0.049
0.0	0.0
0.0	1.0
0.0	0.0
-0.00024052597291301936	0.0
-4.246826961207262e-07	0.0
-1.3922711941671828e-11	0.0
-0.0025305773597210646	0.0
0.0	1.0
0.0	0.0
0.0	0.0
0.0	0.0
-6.867467732263322e-07	0.0
-2.400567154836608e-06	1.0
-0.0006361149717122316	0.0
0.0	0.0
0.0	1.0
0.0	1.0
-0.00032443011878058314	1.0
0.0	0.0
-7.167731155277579e-07	0.0
-0.00012894657265860587	0.0
-0.0012820394476875663	0.0
-2.615557770369037e-09	1.0
0.0	0.0
-2.902930100390222e-05	0.0
-0.002507080789655447	0.0
-7.274775998666883e-05	0.0
-0.0022168701980262995	0.0
0.0	0.0
0.0	1.0
-0.012843235395848751	0.0
0.0	1.0
0.0	1.0
-0.0009505959460511804	0.0
0.0	1.0
-1.0306595868314616e-05	1.0
-5.013563786349096e-09	0.0
0.0	1.0
-3.128329626633786e-05	1.0
-2.4312441837537335e-06	0.0
0.0	0.0
0.0	0.0
-0.0007191618205979466	1.0
0.0	1.0
0.0	1.0
-1.0027378039012547e-08	0.0
0.0	0.0
0.0	0.0
0.0	1.0
0.0	0.0
-4.197346825662862e-08	1.0
-1.8043191403194214e-06	0.0
-0.0007226362358778715	0.005479452054794521
0.0	0.002103049421661409
0.0	0.0
-5.129983264851035e-07	0.0
0.0	0.001
0.0	0.0
-0.001066993223503232	0.32
-4.112489477847703e-05	0.0
-7.4294104706496e-05	0.006309148264984227
-0.00033267802791669965	0.0
0.0	0.001
0.0	1.0
0.0	0.0
0.0	0.001
0.0	0.0
-3.068338264711201e-05	0.001
-2.7097592010250082e-06	0.001
0.0	0.001
0.0	0.001
0.0	0.001
0.0	0.001
0.0	0.001
0.0	0.0
0.0	1.0
0.0	0.0
0.0	0.0
0.0	0.0
0.0	0.001
0.0	0.001
0.0	0.0
0.0	0.001
0.0	0.0
0.0	0.001
-0.0002162306773243472	0.0
-2.247181510028895e-05	0.0
-3.898777322319802e-06	0.0
0.0	1.0
-3.01877262245398e-05	0.0
-0.0120802978053689	0.0
0.0	1.0
0.0	0.0
0.0	0.951
0.0	0.0
0.0	0.0
0.0	0.0
0.0	0.0
-5.650993261951953e-05	0.0
0.0	0.0
-3.290312633907888e-06	0.0
0.0	0.0
0.0	0.0
-0.016654251143336296	0.0
0.0	0.0
0.0	0.0
-0.006456379313021898	0.0
0.0	0.0
-0.03628363087773323	0.0
0.0	0.0
-0.0038979605305939913	0.0
0.0	0.0
-0.005157211795449257	0.0
0.0	0.0
-0.0175945945084095	0.0
-1.1731882013175238e-13	1.0
0.0	0.0
0.0	0.0
0.0	0.0
0.0	0.0
0.0	0.0
0.0	1.0
0.0	0.0
0.0	1.0
0.0	0.049
0.0	0.049
-0.013335424475371838	0.0
-0.0011053679045289755	0.0
-2.291598732995226e-08	1.0
0.0	0.0
-0.0001355422573396936	0.0
-0.011407949961721897	0.0
-0.00044019045890308917	1.0
0.0	0.951
0.0	0.0
0.0	1.0
0.0	0.951
0.0	0.0
0.0	1.0
0.0	0.0
0.0	0.0
-0.019140921533107758	0.0
0.0	0.0
0.0	0.0
0.0	0.0
-0.000933017407078296	0.0
0.0	1.0
0.0	1.0
-2.218519693997223e-05	1.0
0.0	0.0031545741324921135
0.0	1.0
0.0	0.0
0.0	0.0
0.0	1.0
0.0	1.0
0.0	0.0
-6.817195412622823e-07	0.025
-0.0002656144497450441	1.0
0.0	0.0
-1.35215477712336e-05	0.025
0.0	1.0
0.0	0.025
0.0	1.0
0.0	0.0
0.0	0.0
-0.001793988747522235	0.0
-5.646116187563166e-05	0.0
0.0	0.0
0.0	0.0
-0.0003278577933087945	0.0
0.0	0.0
0.0	0.0
0.0	0.0
-0.0013658872339874506	0.0
0.0	0.0
0.0	0.0
0.0	0.0
-1.5800112862507376e-07	0.099
-0.0008007439901120961	0.0
0.0	0.0
0.0	1.0
0.0	1.0
-0.0002925694570876658	1.0
0.0	1.0
-9.306511492468417e-05	0.0
-0.001671330537647009	0.0
0.0	0.0
-0.00044996419455856085	0.0
-0.005730374716222286	0.0
-0.011306768283247948	0.001
0.0	0.0
0.0	1.0
-0.0005134193925186992	0.0
-0.0014559620758518577	0.0
0.0	0.0
-6.744087386323372e-06	0.0
-1.0723424566094764e-05	1.0
0.0	0.0
0.0	1.0
-1.458782890040311e-06	1.0
-0.00017196920816786587	1.0
0.0	0.0
-0.0011850695591419935	1.0
0.0	0.0
-0.0002579102001618594	0.0
-0.0011376244947314262	0.0
0.0	0.0
0.0	0.0
0.0	0.0
-3.6518631532089785e-05	0.0
0.0	0.0
0.0	0.0
-3.14980570692569e-05	0.049
0.0	0.0
0.0	0.0
0.0	0.0
0.0	1.0
-0.012010117061436176	0.0
-0.017352275550365448	0.0
-2.8400711016729474e-05	1.0
0.0	1.0
0.0	1.0
0.0	1.0
0.0	0.003
0.0	1.0
-0.004467306192964315	0.0
0.0	0.002
0.0	0.002103049421661409
-0.009214814752340317	0.0
-0.00016897247405722737	0.0
0.0	0.0
0.0	0.0
0.0	0.0
-0.0006095662829466164	0.0
-0.0011092581553384662	0.0
0.0	0.0
-0.004621624480932951	0.0
0.0	0.951
-0.0022637418005615473	0.0
0.0	1.0
0.0	0.0
-3.3866010198835284e-05	0.008412197686645636
-0.000998960342258215	1.0
0.0	1.0
0.0	0.008412197686645636
0.0	0.0
0.0	0.951
0.0	0.0
-9.506392962066457e-05	0.0
0.0	0.0
0.0	0.0
0.0	0.0
-0.0018651477294042706	0.0
-0.006290654186159372	0.0
-0.0002163969911634922	0.0
0.0	0.0
0.0	0.0
-0.003389948746189475	0.0
0.0	1.0
0.0	0.0
-1.326885376329301e-05	0.0
0.0	1.0
0.0	0.0
-8.163149268452087e-16	1.0
-3.546938387444243e-06	0.0
-0.002237861743196845	0.0
-0.0029768384993076324	0.0
-0.00111398717854172	1.0
-0.0013579628430306911	0.0
-2.605701638458413e-06	0.0
-0.0039304764941334724	0.0
-0.0014924403512850404	0.0
0.0	0.951
-0.004103668965399265	0.0
0.0	1.0
-0.0016358935972675681	1.0
-1.080048477319906e-07	1.0
0.0	0.0
-3.2058460419648327e-06	0.002
-0.0006752571789547801	0.0
0.0	0.0
0.0	0.0
-6.1634840676561e-05	0.022044088176352707
0.0	0.022044088176352707
-0.010503070428967476	0.0
-0.04036841168999672	0.0
