0.0	0.0
0.0	0.0
0.0	0.0
0.0	1.0
-0.0038741857279092073	0.0
0.0	1.0
-0.00024213346478063613	0.0
-0.0015963020268827677	0.029
0.0	0.029
0.0	0.0
-1.4311908671515994e-05	0.0020597322348094747
0.0	0.0
0.0	1.0
0.0	0.0
-2.538626233672403e-07	0.0
-0.00021088415815029293	0.0
0.0	0.029
0.0	0.0
0.0	0.0
0.0	1.0
-1.709261596261058e-05	1.0
-0.02408561296761036	0.0
-4.4796754082199186e-05	1.0
0.0	1.0
-1.710661535980762e-06	0.0
0.0	1.0
-0.00011188108328497037	0.036
0.0	0.036
0.0	0.0
-3.4090267365732493e-14	0.0
0.0	0.0
-0.00015110595268197358	0.0
-0.00137063127476722	0.0
0.0	0.0
-0.008169086650013924	0.0
0.0	0.0
0.0	0.0
-0.00022424706548918039	0.0
-0.0024364949204027653	0.0
0.0	0.0
0.0	0.0
-0.012248181737959385	0.0
0.0	0.0
-4.8402900574728847e-05	0.0
-0.06273902952671051	0.0
0.0	1.0
0.0	1.0
-2.6253204055137758e-09	1.0
0.0	0.0
-1.8560467651695944e-07	1.0
0.0	0.0
0.0	0.0
0.0	1.0
0.0	1.0
-3.2042812563304324e-06	0.0
-0.0008590170764364302	0.0
0.0	0.041
-0.003035446396097541	0.041
0.0	0.0
-1.4865282537357416e-05	0.041
-0.0018988237716257572	0.0
0.0	0.041
0.0	1.0
0.0	0.0
-6.889904398121871e-07	1.0
-1.857619125189558e-08	1.0
0.0	0.041
0.0	0.041
-0.00018040789291262627	0.0
0.0	0.041
0.0	0.0
-0.0017518290551379323	0.0
0.0	0.0
0.0	0.0
-3.423684756853618e-05	0.0
0.0	1.0
0.0	1.0
0.0	1.0
0.0	1.0
0.0	1.0
0.0	0.0
0.0	0.0
0.0	1.0
0.0	1.0
0.0	0.0
-0.0031959693878889084	0.0
-1.9951773992943345e-06	1.0
0.0	0.0
0.0	0.0
0.0	0.0
-0.0005076105589978397	0.0
0.0	0.0
-5.771199994342169e-06	0.0
-0.00015578442253172398	0.0
0.0	0.0
0.0	0.0
0.0	0.0
0.0	0.0
-0.01519815158098936	0.0
0.0	0.0
0.0	0.0
0.0	1.0
0.0	0.359
-1.6053096260293387e-05	1.0
0.0	0.0
0.0	0.0
0.0	1.0
-1.0984742402797565e-05	1.0
0.0	0.0
0.0	0.0
-3.511657496346743e-06	0.0
0.0	1.0
-2.4201485757657792e-06	0.0
0.0	0.002
0.0	0.0
0.0	0.002
0.0	0.0
0.0	0.002
-0.0030563168693333864	0.0
0.0	0.0
0.0	0.0
-0.0053811389952898026	0.0
-0.0018210273701697588	0.0
-0.0005734365549869835	0.0
0.0	0.0
0.0	0.0
0.0	0.0
0.0	0.0
0.0	0.0
0.0	1.0
0.0	0.0
-0.00022970986901782453	1.0
0.0	1.0
0.0	0.0
0.0	0.019
0.0	0.0
0.0	0.027
-0.002562561770901084	1.0
0.0	1.0
0.0	0.0
0.0	0.0
-0.0024100274313241243	0.0
-0.0009277096833102405	0.0
0.0	0.0
0.0	0.0
-0.00021992743131704628	0.0
0.0	0.0
-3.534867937560193e-05	0.0
0.0	0.0
0.0	0.0
0.0	0.0
-3.527364970068447e-05	0.0
-0.0001675030798651278	0.05
0.0	0.0
0.0	0.002
0.0	0.0
-0.04571491852402687	0.0
0.0	0.0
-0.07762513309717178	0.0
0.0	0.0
0.0	0.0
0.0	0.0
-2.0944638384756686e-11	1.0
-0.0005439284141175449	0.0
0.0	0.0
-3.0467594115179963e-05	0.0
-9.146835509454831e-05	0.0
-0.0005701964255422354	0.0
-0.0027097887359559536	0.0
-4.469733028145129e-09	0.0
0.0	0.0
0.0	0.0
0.0	1.0
-5.388557156038587e-07	0.0
0.0	0.0
-9.34925083129201e-06	0.0
0.0	1.0
-3.1018884328659624e-05	1.0
0.0	1.0
0.0	1.0
0.0	1.0
0.0	0.0
0.0	1.0
-0.00040779763367027044	0.0
-0.0006724907434545457	0.0
0.0	0.0
-3.317302912364539e-07	1.0
-0.006678346544504166	0.0
-0.012699145823717117	0.0
-3.465957831849664e-08	0.0
0.0	0.39021739130434785
0.0	0.0
0.0	0.0
0.0	0.0
0.0	0.0
-0.0003603725344873965	0.0
0.0	0.0
-0.00025367928901687264	0.006
0.0	0.006
-8.641383715257689e-07	0.006
0.0	0.0
0.0	0.0
0.0	0.006
-0.0016363965114578605	1.0
0.0	0.0
-1.637852847125032e-06	1.0
0.0	0.0
-2.6249000484313e-07	1.0
0.0	0.0
0.0	0.0
0.0	0.0
-3.1497815466963175e-09	0.006
0.0	0.0
-0.005028917454183102	0.0
0.0	0.006
-0.0008130357600748539	0.006
0.0	0.0
-0.000326505396515131	0.0
0.0	1.0
0.0	1.0
-5.562626938626636e-06	1.0
0.0	1.0
-6.260286227188772e-06	0.0
0.0	0.0
-0.04209253564476967	0.0
0.0	0.005
0.0	0.0
-0.0006106177461333573	0.0
0.0	1.0
-8.600590808782727e-05	1.0
0.0	1.0
0.0	0.0
-0.0023695160634815693	0.0
0.0	1.0
0.0	1.0
0.0	1.0
0.0	1.0
-1.847327257564757e-05	1.0
0.0	0.0
0.0	0.0
0.0	0.0
-4.145133303268267e-08	1.0
0.0	1.0
0.0	0.0
0.0	0.0
0.0	1.0
-6.069093069527298e-05	1.0
0.0	0.0
0.0	0.0
0.0	1.0
-0.0004324221226852387	0.0
0.0	1.0
0.0	1.0
0.0	0.0
0.0	0.0
0.0	1.0
-9.286804561270401e-05	0.0
0.0	0.0
0.0	0.0
-7.25349600543268e-05	0.0
-8.615650585852563e-06	0.0
-3.7292563774826704e-06	0.359
-7.205167573687277e-09	1.0
0.0	1.0
0.0	0.0
0.0	1.0
0.0	1.0
-7.999248191481456e-05	1.0
0.0	0.0
0.0	0.0
0.0	0.0
-0.0019188174046576023	0.0
0.0	1.0
0.0	0.0
-2.4160253815352917e-06	1.0
0.0	1.0
0.0	0.0
-5.933878583164187e-06	0.0
0.0	0.0
0.0	0.0
0.0	0.0
0.0	0.0
-0.0004938511410728097	0.0
0.0	0.0
-0.00020503558334894478	0.0
0.0	0.005
-0.002340417355298996	0.0
0.0	0.0
0.0	0.0
0.0	0.0
-0.013576868921518326	0.0
-0.000329089118167758	0.0
-5.111735390528338e-08	0.0
0.0	0.0
-0.004865060094743967	0.0
-0.0004490427963901311	0.0
-8.10350029496476e-05	0.0
0.0	1.0
0.0	0.0
0.0	0.0
-7.184915773450484e-08	1.0
0.0	0.0
-0.00019021108164452016	0.0
0.0	0.0
-0.033565670251846313	0.0
-1.5852367141633295e-05	0.359
-0.001384371193125844	0.359
0.0	0.0
0.0	0.0
-0.00024991287500597537	0.0
-0.0060320766642689705	0.0
0.0	0.0
0.0	1.0
-0.006721701007336378	0.0
0.0	0.0
0.0	0.0
0.0	0.0
-4.6317376212420846e-17	1.0
0.0	1.0
0.0	0.0
0.0	0.0
-0.0017599968705326319	0.0
-4.758215084166295e-07	0.001
-1.3976077184452151e-07	0.0
0.0	1.0
0.0	0.0
-3.144520407949436e-11	1.0
0.0	0.0
0.0	0.0
0.0	0.0
-2.2570198780158535e-05	0.0
0.0	1.0
-4.725287453766214e-06	1.0
0.0	0.0
0.0	0.0
0.0	1.0
0.0	1.0
0.0	0.0
0.0	1.0
0.0	0.0
-6.579388718819246e-05	0.0
0.0	0.0
-0.00474807433784008	0.0
0.0	0.139
-0.0002791075094137341	0.641
-5.425170357398201e-08	0.0
0.0	0.641
0.0	1.0
0.0	0.641
-0.0011487033916637301	1.0
0.0	0.641
0.0	0.0
0.0	1.0
0.0	1.0
-2.1678792109014466e-05	1.0
-0.0008879895904101431	0.0
-2.964117129522492e-06	1.0
0.0	0.0
0.0	0.0
-0.000627001456450671	1.0
0.0	0.0
0.0	1.0
0.0	0.0
0.0	0.0
-0.0034450218081474304	0.0
0.0	0.0
-0.001644174219109118	0.0
0.0	1.0
-0.0005064334254711866	0.05
-9.29874559574273e-08	0.0
0.0	1.0
0.0	1.0
-0.00043740292312577367	0.0
-0.0028675796929746866	0.006
-5.24341714935872e-07	0.006
0.0	0.0
-0.0005918225506320596	0.006
-0.00031896878499537706	1.0
0.0	0.016713091922005572
0.0	0.0
-0.04256032034754753	0.0
-0.004120763391256332	0.0
-0.00021978076256345958	0.006
0.0	0.006
0.0	0.0
-0.00017447321442887187	0.0
0.0	0.0
0.0	0.0
0.0	0.037
-5.027370571042411e-05	0.037
0.0	0.0
0.0	0.037
-0.0021894429810345173	0.0
-1.0333351383451372e-06	0.0
0.0	0.037
-3.7935438740532845e-05	0.0
0.0	1.0
0.0	1.0
-1.0563301344745923e-09	1.0
-5.610825581925383e-09	0.0
0.0	0.0
0.0	0.0
-0.0014128938782960176	0.0
0.0	0.0
-0.0002140491851605475	0.0
0.0	0.0
0.0	0.0
0.0	0.0
0.0	0.0
-0.043078966438770294	0.0
0.0	0.0
-0.007285831030458212	0.0
0.0	0.0
-0.0063857403583824635	0.0
0.0	1.0
-0.00034164873068220913	0.0
-0.005189090501517057	0.0
-1.0905036106123589e-05	1.0
0.0	0.0
0.0	0.001
-3.07099305985048e-08	1.0
0.0	1.0
0.0	0.0
0.0	0.0
0.0	0.0
0.0	0.0
-0.002986754523590207	0.0
-1.243915050963551e-07	0.0
0.0	1.0
0.0	0.053
0.0	1.0
-0.0034556547179818153	0.0
0.0	0.0
0.0	0.0
0.0	0.0
-1.0232854492642218e-06	0.0
-6.891472992265335e-08	0.0
0.0	0.0
0.0	0.0
-0.0023680836893618107	0.0
-0.001956410938873887	0.0
0.0	1.0
0.0	0.0
0.0	0.0
0.0	1.0
0.0	1.0
0.0	0.0
0.0	0.0
0.0	0.0
-0.0009588543325662613	0.0
-5.122573384142015e-06	0.0
0.0	0.0
-6.876113900489145e-09	0.0
0.0	0.0
-0.0014919893583282828	0.0
0.0	1.0
0.0	1.0
-6.04682753521657e-12	1.0
-0.0033683262299746275	0.0
0.0	0.0
0.0	0.0
-0.00020604261953849345	0.0
0.0	0.0
-8.036509652198376e-11	0.0
-0.00010457919415785	0.0
0.0	0.0
0.0	0.0
0.0	0.0
0.0	0.0
0.0	0.0
-0.0001749607763485983	1.0
-0.017888180911540985	0.0
0.0	0.0
-0.006856356281787157	0.0
0.0	1.0
-0.0007117859786376357	0.0
-4.827420707442798e-05	1.0
0.0	0.0
0.0	1.0
0.0	1.0
-1.876651500865023e-09	1.0
0.0	0.0
0.0	1.0
-0.0016209088498726487	0.0
0.0	0.0
-0.0009316412615589797	0.084
0.0	0.084
-1.8857596728594217e-07	0.0
0.0	0.0
0.0	0.0
0.0	0.0
-7.216629455797374e-05	0.0
-5.08454611747311e-10	0.0
0.0	0.0
0.0	1.0
-0.00015105280908755958	0.0
0.0	1.0
-0.004794700536876917	0.0
0.0	0.0
-0.0001474725577281788	0.0
-0.005232950206845999	0.0
-1.3250823030830361e-05	0.0
0.0	0.0
-2.0438672436284833e-05	0.0
0.0	0.0
-0.0027667542453855276	0.0
0.0	0.0
0.0	0.0
0.0	1.0
-0.0021451644133776426	0.0
0.0	1.0
0.0	0.0
0.0	0.0
-0.0002770891587715596	0.0
-0.0007245882297866046	0.0
-0.00505828857421875	0.0
-0.004158311989158392	0.0
0.0	0.0
0.0	0.0
0.0	0.0
0.0	0.0
0.0	1.0
-0.0005197226419113576	0.0
-0.0006671242881566286	0.0
0.0	1.0
0.0	0.0
0.0	0.0
0.0	0.0
-4.064275582749133e-10	0.0
-8.375885762745838e-09	0.0
-0.0005927516031078994	1.0
-4.720553260995075e-05	0.0
0.0	0.0
-0.001475313096307218	1.0
0.0	0.0
0.0	0.0
0.0	1.0
0.0	1.0
0.0	1.0
-1.8108248411863315e-07	1.0
-0.0002417060313746333	0.0
-0.0007585880812257528	1.0
0.0	0.0
0.0	0.0
-5.413628656469882e-09	1.0
0.0	1.0
0.0	0.0
-0.00016469905676785856	0.0
0.0	0.0
0.0	0.0
0.0	0.024
-9.32855618884787e-05	0.0
-3.810534690273926e-05	0.0
0.0	0.0
0.0	0.0
0.0	0.0
0.0	0.0
0.0	1.0
-1.580639036546927e-05	0.0
-1.4893143998051528e-06	1.0
0.0	1.0
-0.0009242135565727949	0.0
-0.013224842958152294	0.0
0.0	0.0
-7.755605185844061e-12	0.0
0.0	0.0
-0.0006931870011612773	1.0
0.0	0.0
-8.068942491945563e-08	0.0
0.0	0.0
0.0	0.0
0.0	0.0
0.0	0.0
-1.0609122682581074e-06	1.0
0.0	0.0
-0.00012106623034924269	0.0
-2.9739931406425058e-08	0.0
-8.418759534833953e-06	0.0
0.0	1.0
-7.682641444262117e-05	1.0
0.0	0.0
0.0	0.0
-5.1062768761767074e-05	1.0
0.0	1.0
0.0	0.004
-0.00020948503515683115	1.0
-6.135361036285758e-05	1.0
0.0	1.0
-3.3257934184405258e-09	0.004008016032064128
0.0	0.0
0.0	0.0
0.0	0.0
0.0	0.0
0.0	0.0
0.0	1.0
-0.0021432109642773867	0.0
-0.024210644885897636	0.0
-0.0396728441119194	0.0
0.0	0.0
0.0	0.0
0.0	1.0
0.0	0.0
0.0	1.0
0.0	0.0
-0.0005597342969849706	0.0
-0.006233809050172567	0.0
0.0	0.0
0.0	0.0
0.0	0.0
0.0	0.0
0.0	0.0
0.0	0.0
0.0	0.0
-0.0024916455149650574	1.0
0.0	0.0
0.0	0.0
0.0	0.0
0.0	0.0
0.0	0.0
0.0	0.0
0.0	0.0
0.0	0.0
0.0	0.0
-4.4344048433231364e-09	0.0
-0.000962566293310374	0.0
-0.001343113137409091	0.0
0.0	1.0
-0.00015226510004140437	1.0
0.0	0.0
0.0	1.0
0.0	0.0
0.0	0.0
-5.2781747399421874e-06	0.0
0.0	0.0
0.0	0.0
0.0	0.0
0.0	0.0
0.0	0.0
0.0	0.0
0.0	0.0
-0.004020395688712597	0.0
0.0	0.0
-5.608732681139372e-05	0.0
0.0	1.0
-3.526981117829564e-06	0.0
-0.0009873799281194806	1.0
-0.011882530525326729	0.0
0.0	1.0
0.0	0.0
-0.019135577604174614	0.0
0.0	0.0
-2.1803556649047096e-07	0.0
0.0	0.0
0.0	0.0
0.0	0.0
0.0	0.0
-0.004114478826522827	0.0
-1.6505272526501358e-07	0.0
0.0	0.0
-0.00014837650815024972	0.0
-0.00030630765832029283	0.0
0.0	0.0
0.0	0.0
0.0	0.0
-9.560844046063721e-05	0.0
0.0	1.0
0.0	0.0
-0.002835148712620139	0.0
-0.004461989738047123	0.0
0.0	0.006
0.0	0.0
0.0	1.0
-0.00017274996207561344	0.0
0.0	0.148
-0.000467986857984215	0.148
-5.595143011305481e-05	0.0
0.0	0.0
-1.655985237825064e-09	0.0
0.0	0.0
-3.4439683105347285e-08	0.0
0.0	0.0
0.0	0.0
-0.0024943833705037832	0.0
0.0	0.0
0.0	0.0
0.0	0.0
0.0	0.0
0.0	0.0
0.0	0.0
0.0	0.0
-0.00017548097821418196	0.0
-0.00670199329033494	0.0
-1.0944309902782834e-09	0.0
-1.681091271166224e-05	0.0
-0.0005907883169129491	0.0
0.0	0.0
0.0	0.0
0.0	0.0
0.0	0.0
-0.000945378968026489	0.0
-0.003490305971354246	0.0
0.0	0.0
0.0	0.0
0.0	0.0
0.0	0.0
-8.49121306600864e-08	0.0
-0.001792478491552174	0.0
0.0	0.0
-0.00013802121975459158	0.0
0.0	1.0
-8.813747626845725e-06	0.0
-0.005627765320241451	0.0
0.0	1.0
0.0	1.0
0.0	0.0
0.0	0.0
0.0	1.0
0.0	1.0
0.0	1.0
0.0	1.0
0.0	0.0
-5.278169555822387e-05	0.0
-0.00011107449972769246	0.0
0.0	1.0
-1.3714675333176274e-06	0.0
0.0	0.0
0.0	1.0
0.0	1.0
0.0	1.0
0.0	0.0
0.0	1.0
-0.0032830340787768364	0.0
0.0	0.641
-2.748164661170449e-06	0.0
0.0	1.0
-6.002620978051709e-08	0.0
-0.0015339715173467994	0.0
0.0	0.0
0.0	0.0
-1.9016762564660894e-07	0.0
0.0	0.0
0.0	0.0
-5.541494485505893e-10	1.0
0.0	0.0
0.0	1.0
-0.002458453644067049	0.0
-0.00024299482174683362	0.0
0.0	1.0
0.0	0.0
-2.0602841686923057e-05	0.002
0.0	0.0
0.0	0.0
0.0	0.0
-4.4982762403833476e-08	0.0
0.0	0.0
-5.763673538439207e-09	0.0
0.0	1.0
-3.076332723139785e-05	0.0
-1.360840724373702e-05	0.0
-4.94737280656854e-13	1.0
-0.0042558703571558	0.0
0.0	1.0
-1.0790254911796637e-08	0.0
0.0	0.0
-0.031872209161520004	0.0
-5.805049659102224e-05	0.0
-6.744718120899051e-05	1.0
-0.006143646780401468	0.0
-0.004581518471240997	0.0
0.0	0.0
-0.0008693447452969849	1.0
0.0	0.004
0.0	1.0
-1.09986112875049e-05	0.0
-2.2448996617185912e-07	1.0
0.0	1.0
0.0	0.0
-0.0019173077307641506	0.0
-9.256989869754761e-05	1.0
-3.65694759238977e-05	0.0
-1.323196011071559e-05	1.0
0.0	1.0
0.0	0.0
0.0	0.0
