-0.0005491047049872577	0.0
-0.00024445075541734695	0.0
-0.0005459176609292626	0.0
0.0	0.0
-1.5923051250865683e-05	0.0
0.0	0.008
-0.000725801452063024	0.0
-2.4567540094722062e-05	0.0
0.0	0.008
0.0	0.008
-0.0005953292129561305	0.008
-0.0022987958509474993	0.002
0.0	0.0
0.0	0.002
0.0	0.0
0.0	0.002
-1.1136266039102338e-05	0.002
-0.0025165085680782795	0.017
0.0	0.004
0.0	0.0
-5.6602133554406464e-05	0.0
-2.2644921955361497e-06	0.0
-8.102551873889752e-06	0.0
-0.000998697243630886	0.008
0.0	0.0
0.0	0.0
-2.154430876544211e-05	0.0
-0.00012988655362278223	0.0
0.0	0.0
0.0	0.0
0.0	0.0
-0.00049233139725402	0.0
0.0	0.0
0.0	0.0
-0.02695266529917717	0.0
0.0	1.0
0.0	1.0
-3.120262448419453e-08	0.0
-0.00010480944911250845	0.0
0.0	1.0
0.0	1.0
-0.0001620500988792628	1.0
0.0	0.0
-4.79154604882126e-10	1.0
-6.122396735008806e-05	0.0
0.0	1.0
0.0	1.0
-4.2198334995191544e-05	1.0
-0.005018080119043589	0.0
0.0	0.0
0.0	0.0
-1.8719124454946723e-06	1.0
-0.00023805101227480918	0.0
-1.9643896109755588e-07	1.0
0.0	1.0
0.0	1.0
0.0	0.0
-0.0021108381915837526	1.0
0.0	1.0
-1.0259745067742188e-05	0.0
0.0	1.0
0.0	1.0
0.0	1.0
-0.00010795387788675725	1.0
-0.0054962653666734695	0.0
0.0	1.0
0.0	1.0
0.0	1.0
0.0	0.0
-4.5110533392289653e-05	0.0
-6.113826316322957e-07	1.0
0.0	0.0
0.0	0.0
0.0	1.0
-2.0096185835427605e-05	0.0
-0.00659460062161088	0.0
0.0	0.0
-0.0027801303658634424	0.0
0.0	1.0
-0.004713503178209066	0.08045977011494253
0.0	0.04658721560130011
0.0	0.08045977011494253
0.0	0.0
0.0	0.0
0.0	1.0
-0.00016200635582208633	0.0
0.0	1.0
0.0	0.0
0.0	0.0
0.0	0.0
0.0	0.0
0.0	1.0
0.0	0.0
0.0	1.0
-0.07095812261104584	0.0
-0.00587915163487196	0.0
0.0	1.0
0.0	0.0
-0.0029771863482892513	0.0
0.0	0.0
0.0	0.0
-0.03318812698125839	0.0
-0.0009224674431607127	0.0
0.0	1.0
0.0	1.0
0.0	0.0
-0.0006328024319373071	0.0
0.0	0.0
0.0	0.0
0.0	0.0
0.0	0.0
0.0	0.0
-0.001476895879022777	0.0
0.0	0.0
0.0	0.0
0.0	0.0
-3.0854983013028914e-09	0.0
-0.00217245751991868	0.0
-0.007094256579875946	0.0
-1.94068094927502e-09	1.0
0.0	0.0
0.0	1.0
-0.0018457978731021285	0.0
0.0	0.0
0.0	0.0
-0.02077028714120388	0.0
0.0	1.0
0.0	1.0
-5.3490341088036075e-05	1.0
0.0	0.0
0.0	0.0
0.0	0.0
-4.883990527559945e-07	0.0
0.0	1.0
0.0	0.0
0.0	0.0
-0.0013335853582248092	1.0
0.0	0.0
0.0	0.0
-0.0001009110055747442	0.0
0.0	0.0
0.0	0.0
0.0	0.0
0.0	1.0
0.0	0.0
0.0	0.0
0.0	0.0
0.0	1.0
0.0	0.0
-4.18427589465864e-07	1.0
0.0	0.0
-2.085798314510612e-06	0.0
0.0	0.0
-0.001021739561110735	0.923
-0.00010451723210280761	0.0
0.0	0.0
0.0	0.923
0.0	0.923
0.0	0.0
0.0	0.923
-6.35075120953843e-05	0.923
-9.870762873731564e-09	0.0
0.0	0.923
0.0	1.0
0.0	0.0
0.0	0.0
-0.008011884056031704	0.0
0.0	1.0
0.0	0.0
-0.0011101028649136424	1.0
-4.055620956933126e-05	1.0
-2.9824013836332597e-07	1.0
0.0	0.0
0.0	0.0
0.0	0.0
-1.5548348528682254e-06	0.0
0.0	0.0
-0.0012311659520491958	0.0
0.0	1.0
-6.9301522671594284e-06	0.0
-1.1999145499430597e-05	0.0
0.0	0.0
-0.005009220913052559	0.0
0.0	0.0
0.0	0.0
0.0	0.0
0.0	1.0
0.0	1.0
0.0	1.0
0.0	0.0
-8.530821651220322e-05	0.0
-0.004749771673232317	0.0
0.0	0.0
-1.0288337080055499e-06	1.0
0.0	0.0
0.0	0.053
-0.00024062921875156462	1.0
-3.234516270822496e-06	0.0
0.0	0.0
0.0	0.0
0.0	0.0
0.0	1.0
-6.902963377797278e-06	1.0
0.0	0.0
-5.081338167656213e-05	0.0
0.0	0.0
0.0	0.0
0.0	0.0
0.0	0.0
-4.851100584346568e-06	0.0
-0.00010939938511000946	0.0
0.0	1.0
0.0	0.0
-5.8766716392710805e-05	0.0
-0.00017121387645602226	0.0
0.0	0.0
0.0	0.0
-7.480888370992034e-07	0.077
0.0	0.0
-0.0024284489918500185	0.0
0.0	0.0
0.0	1.0
0.0	0.036
0.0	0.0
0.0	0.036
-0.0007520940853282809	0.0
0.0	0.036
-4.2968127672793344e-05	0.036
0.0	0.0
0.0	0.036
0.0	0.036
0.0	0.036
-1.9278264517197385e-05	1.0
-0.0018970685778185725	0.0
0.0	1.0
0.0	1.0
-4.816114369532443e-07	0.0
-0.016062980517745018	0.0
0.0	1.0
-5.680318281520158e-06	1.0
-0.0016913043800741434	0.0
0.0	1.0
0.0	0.0
0.0	0.0
0.0	1.0
0.0	1.0
0.0	1.0
0.0	0.923
0.0	0.923
0.0	0.002
-5.294835432323453e-07	0.0
0.0	0.0
0.0	0.0
0.0	0.0
-3.105022551608272e-05	0.0
-2.2877818537381245e-06	0.0
-0.00017895943892654032	0.0
0.0	0.0
-0.007988246157765388	0.0
0.0	0.0
0.0	1.0
0.0	0.0
0.0	1.0
0.0	1.0
-0.0012716454220935702	0.0
0.0	1.0
0.0	0.0
-2.498885805835016e-06	0.0
-0.004041622392833233	0.05526315789473684
-0.00012202507787151262	1.0
-0.0005660819006152451	1.0
0.0	1.0
0.0	0.021
-0.0006671520532108843	1.0
-1.2027507182210684e-05	1.0
0.0	1.0
-2.6940950192511082e-05	0.0
-1.2012972838704172e-09	0.0
0.0	0.0
-2.0401107576617505e-06	0.0
0.0	0.0
0.0	0.0
0.0	0.0
0.0	1.0
0.0	0.0
0.0	0.0
-0.0023737470619380474	0.0
-0.0012509647058323026	0.001
-0.004747736733406782	0.0
0.0	0.0
0.0	0.001
-0.0068753683008253574	0.0
-0.0020101063419133425	0.0
-3.037141686945688e-05	0.0
-6.152497917355504e-06	0.001
0.0	0.0
-0.0022377807181328535	0.001
0.0	0.001
-0.0010200003162026405	0.0
-0.008050587028265	0.0
-0.0007837170851416886	1.0
0.0	1.0
0.0	1.0
0.0	1.0
-4.381839335820814e-10	0.0
0.0	1.0
0.0	0.0
-0.005122000817209482	0.0
-0.001149370800703764	0.0
0.0	1.0
0.0	0.001
-0.0034204572439193726	0.0
0.0	0.0
-0.0021913452073931694	0.0
-7.520049985032529e-05	1.0
0.0	0.0
0.0	1.0
0.0	1.0
-0.022613579407334328	0.0
-3.979575012635905e-06	0.6883116883116883
-7.525412237807672e-11	1.0
-0.0001774081465555355	1.0
0.0	1.0
0.0	0.0
0.0	0.0
0.0	0.038
-1.605459800657627e-07	0.022
0.0	0.0
0.0	1.0
0.0	0.023681377825618945
0.0	0.07259713701431493
-2.793096882669488e-07	0.0
0.0	0.0
0.0	0.0
0.0	0.0
0.0	0.0
0.0	0.0
-0.0001465109089622274	0.0
0.0	0.0
0.0	0.053
0.0	0.0
0.0	0.0
0.0	0.0
0.0	0.0
-0.00046794628724455833	0.0
0.0	0.0
0.0	0.0
0.0	0.0
0.0	0.0
0.0	1.0
0.0	1.0
0.0	0.0
-4.8783276724861935e-06	0.0
0.0	1.0
0.0	0.0
0.0	1.0
0.0	0.0
-4.314691892659539e-08	0.0
-4.2030627810163423e-05	0.051
-4.498809721553698e-05	1.0
-0.0011378985363990068	0.0
-4.311638974741072e-07	0.38
-6.325801950879395e-05	0.38
0.0	0.0
0.0	0.0
-0.003571526613086462	0.0
0.0	0.38
0.0	0.382
-8.268191464821939e-08	0.0
0.0	0.382
0.0	0.382
0.0	0.002
-6.515346058222349e-07	0.002
0.0	0.002
-0.001418167958036065	0.0
0.0	0.002
0.0	0.0
0.0	0.0
0.0	0.0
-0.0033916267566382885	0.0
0.0	0.0
0.0	0.0
0.0	0.0
0.0	0.0
-9.365878073097633e-10	0.0
0.0	0.0
-0.0034080890472978354	0.0
-0.005951238330453634	0.0
0.0	0.288
0.0	0.0
-4.029983458053721e-09	0.0
0.0	0.288
0.0	0.077
-8.731753098345507e-10	0.0
0.0	0.077
-4.520844959188253e-05	0.0
0.0	0.0
-0.00047701277071610093	0.0
-0.00037729679024778306	0.0
-0.005724193528294563	0.0
-0.0041801705956459045	0.0
-0.0038401028141379356	0.0
0.0	1.0
0.0	0.0
0.0	1.0
0.0	1.0
-0.005432245787233114	0.0
-0.0008358318591490388	0.0
0.0	1.0
0.0	1.0
-0.00010512776498217136	1.0
0.0	0.38
0.0	0.0
0.0	0.38
0.0	0.0
0.0	0.38
0.0	1.0
0.0	0.0
0.0	0.0
0.0	0.0
0.0	0.02
0.0	0.0
0.0	0.0
0.0	0.02
0.0	0.0
-0.006508416496217251	0.0
0.0	0.0
-1.0890266111118763e-07	0.0
-0.00485457107424736	0.0
-0.0020093524362891912	0.0
0.0	0.0
0.0	0.0
0.0	0.0
0.0	0.0
0.0	0.0
0.0	0.0
0.0	0.0
-4.1127827898890246e-06	0.0
0.0	0.0
-0.00019094355229754	0.0
-0.0030526346527040005	0.0
-2.1694014640250003e-11	0.0
0.0	0.0
-1.280604209341618e-07	0.0
-0.00043086017831228673	0.0
-0.0008105685701593757	0.0
0.0	0.0
0.0	0.0
0.0	0.0
0.0	0.0
-5.5451964726671576e-05	0.0
-0.0030330175068229437	0.0
0.0	0.0
0.0	0.0
0.0	0.0
0.0	0.0
-0.0009235967881977558	0.0
0.0	0.0
-6.782067885069409e-06	0.0
0.0	0.0
-3.6876508602290414e-06	0.0
0.0	0.0
0.0	0.0
0.0	0.0
-4.539528163149953e-05	0.0
0.0	0.0
0.0	0.0
0.0	0.0
-0.01283517200499773	0.0
0.0	0.0
-0.005062810145318508	0.0
-0.0010570607846602798	0.003
0.0	1.0
-0.0001392099220538512	1.0
-1.658667497395072e-05	0.0
-8.79023446032079e-06	0.0
0.0	0.0
0.0	0.001
0.0	0.001
0.0	0.0
0.0	0.0
0.0	0.0
0.0	0.0
0.0	0.0
0.0	0.0
0.0	1.0
-0.0006708083092235029	1.0
0.0	1.0
0.0	1.0
0.0	0.0
0.0	0.0
-0.00011692983389366418	0.0
0.0	1.0
0.0	1.0
0.0	0.0
-0.0037064922507852316	0.011
-0.0019331241492182016	1.0
-3.589771324641333e-07	0.0
-0.0010662209242582321	0.0
0.0	0.0
0.0	1.0
0.0	0.0
-1.4506739489661413e-06	0.0
0.0	0.0
0.0	0.0
-0.0008862369577400386	1.0
-8.538529073121026e-06	1.0
-0.03178812935948372	0.0
0.0	0.0
0.0	1.0
0.0	0.0
-4.723211168311536e-05	1.0
-3.461054109976658e-09	1.0
-0.0002594865800347179	0.009
0.0	0.0
0.0	0.03
-0.00022728159092366695	0.0
-0.0002683469501789659	0.0
0.0	0.009
-3.0844523735140683e-07	0.0
0.0	0.009
-0.008816899731755257	0.0
0.0	0.0
0.0	0.0
0.0	0.009
0.0	0.0
-0.025260329246520996	0.0
0.0	0.017
0.0	0.0
-8.414205154849697e-08	1.0
-5.831823841617734e-07	0.0
-2.516062158974819e-05	1.0
-0.0013110509607940912	1.0
0.0	0.0
-0.0005243659252300858	0.0
0.0	0.0
0.0	0.0
0.0	0.0
-0.007108931429684162	0.0
0.0	0.0
-5.172290184418671e-05	0.0
0.0	1.0
0.0	1.0
0.0	0.0
0.0	1.0
0.0	1.0
0.0	1.0
-0.0011942546116188169	1.0
0.0	1.0
0.0	1.0
-0.00026611622888594866	0.0
-0.005842562764883041	0.0
-0.0009239259525202215	0.0
0.0	1.0
0.0	0.0
0.0	0.0
-2.4505905457772315e-05	0.0
0.0	0.0
0.0	1.0
-0.004326208028942347	0.0
-4.919479579257313e-07	0.0
-0.00033106570481322706	1.0
0.0	0.0
-0.0024835632648319006	0.0
-5.107890110878088e-09	0.009503695881731784
0.0	1.0
0.0	1.0
-1.79635648578369e-07	0.0
0.0	0.0
0.0	1.0
-0.00043215538607910275	0.0
0.0	0.0
0.0	0.0
0.0	0.0
0.0	0.0
-1.3261625099403318e-05	0.0
0.0	0.0
-0.002004745416343212	0.0
0.0	0.0
0.0	0.0
0.0	0.0
0.0	0.0
-2.208895466537797e-06	0.0
-6.919616862433031e-05	1.0
0.0	1.0
-4.437270763446577e-05	0.0
-1.4916254542640672e-07	0.001
-4.377506411401555e-05	0.0
-1.4583151823899243e-06	0.001
-0.0033935715910047293	0.0
-1.2730874914268497e-06	0.0
0.0	0.0
0.0	1.0
0.0	0.0
0.0	0.0
0.0	0.0
0.0	0.0
0.0	1.0
-2.1767867508515337e-08	0.0
-0.00023465428967028856	0.0
0.0	0.0
0.0	0.0
-3.155141996558086e-07	1.0
0.0	1.0
-0.0001419539621565491	1.0
0.0	0.077
-0.002411968307569623	1.0
-0.0016333238454535604	0.077
0.0	0.077
0.0	0.0
0.0	0.07971014492753623
0.0	0.03683640303358613
-0.011698763817548752	0.03683640303358613
0.0	0.07971014492753623
0.0	0.07971014492753623
0.0	0.03683640303358613
0.0	0.0
-1.4133279364614282e-05	0.03683640303358613
-0.0015004093293100595	0.03683640303358613
0.0	1.0
0.0	1.0
-1.6289906852762215e-05	0.0
0.0	1.0
-0.0005655414424836636	0.0
0.0	1.0
0.0	1.0
0.0	1.0
0.0	0.0
0.0	0.0
-6.672117888228968e-05	0.0
0.0	0.0
0.0	0.0
0.0	0.0
0.0	0.0
-0.0008614002144895494	0.0
-0.002236932748928666	0.0
0.0	0.0
-0.00021184730576351285	0.0
0.0	0.0
-0.002937423763796687	0.0
0.0	1.0
-0.0008098820107989013	0.0
0.0	0.0
0.0	0.0
0.0	0.0
0.0	0.0
-5.519332830772328e-07	0.0
-0.00460542319342494	0.0
0.0	0.0
0.0	0.0
0.0	0.0
0.0	0.0
-1.9924755179090425e-05	0.13
-0.011017023585736752	0.0
-0.0003303558623883873	0.0
0.0	0.207
0.0	0.207
-0.008326211012899876	0.0
-9.97273382381536e-05	1.0
-0.0029809114057570696	0.0
0.0	1.0
0.0	0.0
-1.7314794604317285e-05	0.0
0.0	0.0
-6.962051202208386e-07	1.0
-0.000137944080051966	1.0
0.0	0.0
0.0	1.0
0.0	1.0
0.0	0.0
0.0	1.0
0.0	0.0
0.0	0.0
-5.962063909237258e-08	1.0
0.0	0.0
-0.00026097227237187326	1.0
0.0	0.0
-4.529294528765604e-05	1.0
-7.309147622436285e-05	1.0
0.0	0.0
0.0	1.0
0.0	1.0
0.0	1.0
0.0	0.007
-0.00031911215046420693	0.0
0.0	0.0
-3.7910484707026626e-07	0.0
-5.98521552319653e-08	1.0
0.0	0.017
-0.00037141478969715536	1.0
0.0	1.0
0.0	1.0
-3.387054221093422e-06	0.0
-0.0018604436190798879	1.0
-1.02288186099031e-06	1.0
-2.5302836093032965e-07	0.0
-9.318900993093848e-05	0.0
-1.2776320446050704e-08	0.0
0.0	0.0
-0.0028579942882061005	0.0
-2.6919360607280396e-07	0.0
0.0	0.0
0.0	0.0
0.0	0.0
0.0	0.0
-0.0014391993172466755	0.0
-2.1945978005533107e-05	0.0
0.0	0.0
-1.5393081412184983e-05	0.0
-0.0017044098349288106	0.0
-0.0025972805451601744	1.0
0.0	0.0
0.0	0.0
0.0	0.0
-0.004078006837517023	0.0
0.0	0.0
-0.010543575510382652	0.003
-5.867972504347563e-05	0.0
-0.0068444013595581055	0.015706806282722512
-0.001366772223263979	0.809
0.0	0.0
0.0	0.0
0.0	1.0
0.0	0.0
-0.0005280529148876667	0.0
0.0	0.0
-0.00289240968413651	0.0
-1.4341189853439573e-06	0.0
0.0	0.0
0.0	1.0
-1.6315095763275167e-06	0.0
0.0	0.0
-0.0003132829151581973	0.0
0.0	1.0
-0.0008969700429588556	1.0
0.0	0.0
0.0	1.0
-0.00011363864177837968	0.0
-4.491144864005037e-06	0.0
-0.003785288892686367	0.0
-3.603787627071142e-05	0.0
-0.003594379173591733	0.003
-2.942280616480275e-06	0.0
0.0	0.0
-0.00019998979405499995	0.0
-0.00040097656892612576	0.0032502708559046588
-2.171059350075666e-05	0.0
0.0	1.0
0.0	1.0
-3.5820576727019215e-08	1.0
0.0	0.0
0.0	0.0
-0.00030778799555264413	0.0
0.0	1.0
0.0	0.0
0.0	1.0
0.0	0.0
-3.185279274475761e-05	1.0
-0.0006808973266743124	0.0
0.0	0.0
0.0	0.0
-3.248637767683249e-06	0.0
0.0	0.0
-0.000869913783390075	0.0
-3.054481339859194e-06	0.0
0.0	0.0
0.0	0.0
0.0	0.0
0.0	0.0
0.0	0.0
-0.0039980183355510235	0.0
-0.0023916256614029408	0.0
0.0	0.0
