0.0	0.0
-4.272774458513595e-05	0.0
-0.000748096383176744	0.0
-7.64768515182368e-08	0.0
0.0	0.0
-0.001942002447322011	1.0
-0.0018228256376460195	0.0
0.0	1.0
0.0	1.0
-0.005586531478911638	0.0
-0.000984485843218863	1.0
0.0	0.0
0.0	0.0
0.0	0.021
-3.826878369750375e-09	0.0
-0.0075713228434324265	0.0
0.0	0.0
0.0	0.0
0.0	0.0
-1.1575999451451935e-05	0.0
-1.643970293230268e-08	0.0
0.0	0.0
-0.009297620505094528	0.0
-9.285491614718921e-06	0.0
0.0	0.0
0.0	0.0
0.0	0.0
-0.0012751134345307946	0.0
0.0	1.0
0.0	0.0
0.0	0.0
0.0	0.0
0.0	0.0
-6.78770732065459e-07	0.0
-0.0013433345593512058	0.0
0.0	1.0
-1.9174013488054698e-08	1.0
-0.006083231419324875	0.0
0.0	0.0
-0.0015944181941449642	0.0
-2.1931942683295347e-05	0.0
-0.0008225562050938606	0.0
0.0	0.0
-0.000425098929554224	0.0
0.0	0.0
0.0	0.0
-0.0003096149885095656	0.0
0.0	0.0
0.0	0.0
0.0	0.0
0.0	0.0
0.0	0.0
0.0	0.0
0.0	0.0
0.0	0.0
0.0	0.0
0.0	0.0
-0.00043825735338032246	0.0
-0.0039222510531544685	0.0
0.0	0.0
0.0	1.0
0.0	0.0
-0.002765834331512451	0.0
0.0	0.0
0.0	1.0
0.0	0.139
-0.00935646053403616	0.0
0.0	1.0
-3.583196667023003e-05	1.0
0.0	1.0
-0.001281448290683329	0.009389671361502348
0.0	1.0
0.0	1.0
-1.7730022591422312e-05	1.0
0.0	0.0
0.0	1.0
0.0	1.0
-0.0013550480362027884	1.0
-8.201587661460508e-06	1.0
-0.0011434899643063545	0.0
0.0	0.0
0.0	0.0
0.0	0.0
0.0	0.0
0.0	0.0
-0.00046500880853272974	0.0
-8.762635417269848e-08	0.294
0.0	0.294
0.0	0.0
0.0	0.0
-0.0026719693560153246	0.0
0.0	0.294
-0.0003839598211925477	1.0
0.0	0.004
0.0	1.0
0.0	0.004
0.0	0.004
0.0	0.0
0.0	0.0
0.0	0.0
0.0	0.0
0.0	0.0
0.0	0.0
0.0	0.0
0.0	0.0
-1.99565215552866e-06	1.0
0.0	0.0
-0.007458472158759832	0.0
-0.00022617392824031413	0.0
0.0	0.0
-1.2615319064934738e-05	0.0
-0.0015912578674033284	0.0
0.0	0.0
-3.519760127801419e-07	0.0
0.0	0.0
-0.0019142780220136046	0.0
0.0	0.0
-5.940654773439746e-06	0.0
-0.006138713099062443	0.0
0.0	0.0
0.0	0.0
-0.0013537792256101966	0.0
0.0	0.0
-4.459791398403468e-06	0.0
-1.5148160503741792e-11	0.0
-1.6846604466991266e-06	0.0
0.0	0.0
-0.00021186648518778384	0.0
0.0	0.0
-1.0772537279990502e-06	0.0
0.0	0.0
-6.257765198824927e-05	0.0
-0.013242621906101704	0.0
-8.17018275256487e-08	0.0
0.0	1.0
0.0	0.0
0.0	0.0
0.0	0.0
0.0	0.0
0.0	0.0
-0.00013594949268735945	0.0
0.0	1.0
-0.0007025092490948737	1.0
0.0	1.0
0.0	0.0
-0.006886908318847418	0.0
-0.0036837460938841105	0.0
0.0	0.0
-8.111965871648863e-05	0.0
0.0	1.0
-0.00590890645980835	0.0
-6.611185199290048e-07	1.0
0.0	1.0
-0.0010582752292975783	0.0
0.0	0.0
-2.4244782252935693e-05	0.0
0.0	0.0
-5.609831714536995e-05	1.0
0.0	0.038
-0.00014039989036973566	1.0
0.0	0.038
-1.7445257981307805e-05	0.038
-0.00048106591566465795	1.0
-0.0025281847920268774	0.0
0.0	0.0
-0.00032805680530145764	0.0
-0.00012156334560131654	0.0
0.0	0.0
0.0	0.0
0.0	0.0
0.0	0.0
0.0	0.0
0.0	1.0
-9.887205669656396e-05	0.0
0.0	1.0
0.0	1.0
0.0	1.0
0.0	0.0
0.0	0.0
0.0	1.0
-0.00038594185025431216	0.006
-7.227297828649171e-06	1.0
0.0	0.007
0.0	0.007
0.0	0.0
0.0	1.0
0.0	1.0
0.0	0.0
-0.003982999362051487	0.0
-2.5984398632772354e-08	0.0
0.0	0.0
0.0	0.0
0.0	0.0
0.0	0.0
0.0	0.0
-0.0009196853497996926	0.0
-0.00541987968608737	0.0
-0.001802799990400672	0.0
0.0	0.0
-3.031734649994178e-07	0.0
0.0	0.0
0.0	0.0
-0.0007860174519009888	0.0
0.0	0.0
0.0	0.0
0.0	0.0
-0.01728806458413601	0.0
-0.006332446821033955	0.0
0.0	0.0
0.0	1.0
-0.00011947110033361241	1.0
0.0	0.0
-0.0005029068561270833	0.0
0.0	0.0
-0.05542685464024544	0.0
0.0	0.0
0.0	1.0
0.0	1.0
-0.001794791896827519	0.003
0.0	1.0
0.0	1.0
0.0	0.0
-2.9281859497132245e-06	1.0
-1.9324731051484356e-11	0.0
0.0	0.023
-0.0025979913771152496	0.023
0.0	0.0
-0.0014977658865973353	1.0
0.0	0.0
-4.7650132728449535e-06	0.0
0.0	0.212
-2.318560973435524e-06	0.0
-8.627475472167134e-05	1.0
0.0	0.212
0.0	0.0
-0.0017535765655338764	0.0
0.0	0.0
-0.00012697036436293274	1.0
0.0	1.0
0.0	1.0
-7.169682703533908e-06	1.0
0.0	0.0
0.0	0.0
-0.0025286837480962276	1.0
-0.0002255710423924029	0.0
-0.0002267918607685715	0.0
0.0	1.0
-6.32429655524902e-05	1.0
-6.389659392880276e-05	1.0
-0.0011026281863451004	0.0
0.0	0.0
-0.0007690778584219515	1.0
0.0	1.0
0.0	0.0
-2.10790472010558e-06	1.0
-3.3248663839913206e-06	1.0
0.0	0.0
0.0	0.0
0.0	1.0
-6.938152364455163e-05	1.0
0.0	0.0
-1.5368514141300693e-05	1.0
-6.151327852421673e-06	1.0
-0.00879238173365593	0.0
0.0	0.0
0.0	0.0
-2.940934564321651e-06	1.0
0.0	0.506
-6.244953887346583e-09	0.0
0.0	0.506
0.0	0.506
-4.0902037312662287e-07	0.0
0.0	0.0
-0.013082943856716156	0.0
0.0	0.506
0.0	0.0
0.0	1.0
-1.0556903795588823e-08	1.0
0.0	0.0
-0.008542913943529129	0.0
0.0	1.0
-9.615925227990374e-05	1.0
-0.0004230010963510722	1.0
0.0	0.0
0.0	0.0
0.0	0.0
0.0	0.0
0.0	0.0
-0.0041094450280070305	0.0
-0.0012882065493613482	0.0
0.0	0.0
0.0	0.0
0.0	0.0
-0.0021752328611910343	0.0
-6.493842619192947e-08	0.0
-7.340361480601132e-05	0.0
0.0	0.0
0.0	0.0
0.0	0.0
0.0	1.0
-8.555354042982799e-07	1.0
0.0	1.0
0.0	1.0
0.0	0.0
-3.629459115472855e-06	1.0
0.0	1.0
-0.005445332266390324	0.0
0.0	0.0
0.0	0.0
0.0	1.0
-0.0021525961346924305	0.0
0.0	0.0
-0.00011947740858886391	1.0
0.0	1.0
0.0	1.0
0.0	0.0
0.0	1.0
-0.00010459055192768574	0.0
-0.00021401669073384255	0.008
-2.561480414442485e-07	1.0
0.0	1.0
0.0	0.0
-2.7963858428847743e-07	0.0
-0.0009905430488288403	0.0
0.0	0.0
0.0	0.0
0.0	0.0
-0.00010777374700410292	0.0
0.0	0.0
-4.8147099640516444e-09	0.0
-0.0008101973799057305	0.0
0.0	0.0
0.0	0.0
-0.0020926014985889196	0.0
0.0	0.0
0.0	0.0
-0.00029039717628620565	0.0
0.0	0.0
0.0	0.0
-4.7592417104169726e-05	0.0
-0.0014958209358155727	0.0
0.0	0.0
-1.6877218911304226e-07	0.0
-0.0003522536426316947	0.0
-0.0016982440138235688	0.0
-2.097903416142799e-05	0.0
-6.851867961898961e-09	1.0
-0.00042703148210421205	0.0
0.0	0.0
-0.001160409301519394	0.0
0.0	0.0
0.0	0.003
0.0	1.0
0.0	1.0
0.0	0.0
-0.0031149517744779587	0.0
0.0	0.0
-0.00019574994803406298	0.0
0.0	0.0
0.0	0.0
0.0	1.0
-1.2152845840773807e-07	1.0
0.0	1.0
0.0	1.0
-1.6144154901809316e-09	1.0
0.0	1.0
0.0	1.0
-0.002004645997658372	1.0
0.0	1.0
0.0	1.0
0.0	1.0
-1.1364186320861336e-06	1.0
0.0	0.0
-1.6946860581512624e-13	1.0
0.0	0.0
0.0	1.0
0.0	0.0
0.0	0.002
-0.0013343623140826821	1.0
0.0	0.0
-1.6202573727142067e-09	1.0
-7.60952098062262e-05	0.0
0.0	0.0
0.0	1.0
0.0	0.002
-0.0002771974541246891	1.0
-6.552247810986955e-08	0.0
0.0	0.0
0.0	1.0
0.0	1.0
0.0	1.0
-0.0006946589564904571	1.0
0.0	1.0
0.0	1.0
-1.473218890168937e-05	1.0
0.0	0.0
0.0	0.0
0.0	1.0
-0.0002722232020460069	0.0
-0.00021049266797490418	0.0
-0.001438549137674272	0.0
-0.003325018100440502	0.0
0.0	0.0
-0.00010237709648208693	0.0
-2.3216921363200527e-07	0.0
0.0	0.0
-8.086513844318688e-06	0.0
-1.1510027434269432e-05	0.0
0.0	1.0
-0.0014173996169120073	1.0
0.0	0.0
0.0	0.0
0.0	0.0
0.0	0.0
-5.174519174033776e-05	0.0
-3.7127890664123697e-06	0.0
-0.004810384940356016	0.0
-4.938718848279677e-05	1.0
0.0	0.0
-0.003866136772558093	0.0
0.0	0.0
-4.281134908384887e-12	0.0
-0.0026512262411415577	0.0
-0.0021543526090681553	0.0
0.0	0.0
0.0	0.0
0.0	0.0
0.0	0.0
0.0	0.0
0.0	0.0
-0.002825373550876975	0.0
0.0	0.0
0.0	0.0
0.0	0.0
0.0	0.0
-8.28936172183603e-05	0.0
-0.0007175676873885095	0.0
0.0	0.0
0.0	0.0
0.0	0.002
-0.02273510955274105	0.0
0.0	0.0
0.0	0.0
0.0	1.0
0.0	0.0
-0.0010231370106339455	0.0
0.0	1.0
0.0	1.0
0.0	0.0
-0.0026988708414137363	0.0
0.0	1.0
-0.00020470583694987	1.0
-0.0008424681145697832	0.0
-0.00347659713588655	0.0
-4.214442378724925e-05	1.0
-1.1646940356602187e-10	0.0
-4.94626110594254e-05	0.005
0.0	0.0
0.0	0.005
-0.010408284142613411	0.0
0.0	0.082
0.0	0.082
-1.2369428814551497e-09	0.082
0.0	0.0
0.0	0.0
0.0	0.0
0.0	0.0
0.0	0.0
-1.8323429685551673e-05	0.0
-0.0009186324314214289	0.0
-0.0019964606035500765	0.0
0.0	0.0
-0.004903079941868782	0.0
0.0	0.0
0.0	0.0
-0.008385024964809418	0.0
-0.0002607624919619411	0.0
-0.0014858521753922105	0.0
-0.010400447063148022	0.0
-0.001174164586700499	0.014
0.0	0.014
0.0	0.014
-8.103440450213384e-06	0.0
-1.2974376659258269e-05	0.0
-8.333672241178647e-08	0.0
0.0	0.0
0.0	0.0
0.0	0.0
0.0	0.001
-0.00039827419095672667	1.0
-0.0013346424093469977	0.0
0.0	0.001
-0.00048534604138694704	1.0
0.0	0.001
0.0	1.0
-2.0875171685474925e-05	0.001
-6.097343793953769e-05	0.0
0.0	0.0
-0.0037137235049158335	0.0
0.0	0.0
-2.452742819514242e-06	0.0
0.0	1.0
-2.4974991674753255e-07	0.001
-4.184384670224972e-05	0.001
0.0	0.0
0.0	0.0
-0.0001578095107106492	1.0
0.0	1.0
0.0	1.0
0.0	0.0
0.0	0.0
0.0	0.0
0.0	1.0
0.0	0.0
-0.0006463968311436474	0.0
0.0	0.0
0.0	0.0
-0.010845703072845936	0.0
-2.9218530688061546e-15	1.0
0.0	1.0
-6.881579611217603e-05	1.0
0.0	0.0
0.0	0.0
-0.0006111653055995703	0.0
0.0	0.0
-0.0013254407094791532	0.0
0.0	0.0
0.0	0.0
-1.0947934470095788e-06	0.0
0.0	0.0
0.0	0.0
0.0	0.0
-0.0005441568791866302	0.0
0.0	0.0
-6.336624974734306e-11	0.0
0.0	1.0
-0.00023632514057680964	0.0
-0.0005960658309049904	1.0
0.0	0.0
0.0	1.0
-1.044428324208091e-12	0.0
0.0	1.0
0.0	1.0
-0.0009815036319196224	1.0
0.0	0.093
-3.391902869687158e-10	1.0
0.0	0.0
0.0	0.0
-1.945954636539682e-06	0.0
0.0	0.0
-3.5679927901099973e-09	0.0
-0.0018570980755612254	0.0
0.0	0.0
0.0	0.0
0.0	0.0
-0.00017589678463991731	0.0
-0.00011574634845601395	0.014
0.0	0.0
0.0	0.0
0.0	1.0
-0.00029635036480613053	0.0
0.0	0.0
-0.00024258825578726828	1.0
0.0	0.0
0.0	0.0
-0.0011165845207870007	0.0
-3.3008702303050086e-05	0.0
-0.00023797260655555874	0.0
0.0	0.0
0.0	0.0
-3.924387925735573e-08	0.0
0.0	1.0
0.0	1.0
-9.934314584825188e-05	0.0
-0.0008654530392959714	0.0
-1.855165834285799e-07	0.0
0.0	1.0
-0.00170497118961066	1.0
0.0	1.0
-0.002240354660898447	0.0
-8.889863966032863e-05	1.0
0.0	1.0
-1.4429699657370065e-09	1.0
-0.00018663414812181145	1.0
-2.5197703479307165e-08	0.0
-0.00018301879754289985	1.0
0.0	1.0
0.0	0.0
-0.0038693577516824007	0.0
0.0	0.0
-0.008971269242465496	0.0
0.0	0.0
-4.6854115680616815e-06	0.0
0.0	0.0
0.0	0.0
0.0	0.0
-2.2142390143642388e-09	0.0
-4.247634933562949e-05	0.0
0.0	1.0
0.0	1.0
-0.0026545620057731867	0.0
0.0	1.0
-0.001139623811468482	0.0
0.0	0.0
-0.0026630472857505083	0.0
-0.00010495493916096166	0.0
-4.6890403886112875e-12	0.0
-0.0020750691182911396	0.0
-0.00015807135787326843	0.0
-9.252797313064054e-12	0.0
0.0	0.0
0.0	1.0
-0.005514564923942089	0.0
0.0	0.0
0.0	0.0
-0.0028753315564244986	0.0
0.0	0.101
0.0	0.0
0.0	0.101
-1.3630889043270145e-05	1.0
0.0	0.0
-2.5270595870097168e-05	0.0
0.0	0.005
0.0	0.0
-3.180681596859358e-05	0.0
-4.203827120363712e-05	0.0
-0.00025246627046726644	0.0
0.0	0.0
0.0	0.0
0.0	0.0
0.0	0.0
0.0	0.0
0.0	0.0
0.0	0.0
-0.0004456907627172768	0.0
0.0	0.0
-0.0038628880865871906	0.0
-0.005044534802436829	0.0
0.0	0.0
0.0	0.0
-0.0010533496970310807	0.0
0.0	0.0
0.0	1.0
-0.004102351609617472	0.0
-0.0009278319776058197	0.0
-0.0001279940188396722	0.0
0.0	1.0
-0.0002620723389554769	0.015
0.0	1.0
0.0	0.0
-7.746889991722128e-07	1.0
-0.0003986331867054105	1.0
0.0	1.0
-0.003366772085428238	0.0
0.0	0.0
-0.0004444164806045592	1.0
0.0	1.0
-7.295800514839357e-06	1.0
-0.0008037936058826745	1.0
0.0	1.0
0.0	0.0
-0.00033429948962293565	0.003
-8.087448345769194e-16	1.0
-0.0003170465352013707	1.0
0.0	1.0
0.0	1.0
0.0	0.0
0.0	1.0
-1.294834783038823e-05	0.0
-0.0021774277556687593	0.0
-0.002651837421581149	0.0
0.0	0.0
0.0	0.0
0.0	0.0
0.0	1.0
-3.3604908367124153e-07	0.0
0.0	0.0
0.0	1.0
0.0	1.0
0.0	1.0
0.0	1.0
0.0	0.0
0.0	0.0
-0.0013447230448946357	0.0
0.0	0.0
0.0	0.0
-0.000339288089890033	0.0
-1.8130351691070246e-06	0.0
-0.00011118664406239986	1.0
-2.7001931357517606e-06	1.0
0.0	0.0
0.0	0.0
0.0	1.0
-2.1955560441710986e-05	0.0
0.0	1.0
0.0	0.0
-1.5120706109428284e-07	0.0
-0.00010692865907913074	0.0
0.0	0.0
-7.99025599462766e-07	0.001
0.0	1.0
0.0	1.0
0.0	0.0
-1.4291645644703976e-10	1.0
0.0	1.0
0.0	0.0
-0.0003225940454285592	1.0
-1.8096593521477189e-06	0.0
-0.0005284290527924895	0.0
-0.00021285319235175848	0.082
-1.4841587017144775e-06	0.0
-0.0028836263809353113	0.0
0.0	0.0
-1.4113757970335428e-05	1.0
-9.049957725437707e-07	0.01
0.0	0.0
0.0	1.0
-9.499634412435398e-10	0.0
0.0	1.0
0.0	1.0
-1.4142464351607487e-05	1.0
0.0	0.0
0.0	0.0
0.0	1.0
0.0	1.0
-0.0003990537370555103	0.0
-6.251828017411754e-05	0.0
0.0	0.0
-0.003815425792708993	0.0
-0.0006238276255317032	0.0
0.0	0.0
0.0	0.0
-0.008943138644099236	0.0
0.0	0.0
0.0	1.0
0.0	1.0
0.0	1.0
-1.6052601495175622e-05	0.0
