0.0	0.0
-9.17014476726763e-05	0.0
0.0	0.0
-0.0007563402759842575	0.0
-5.426883217296563e-05	0.0
-2.529060793676763e-06	0.0
-5.901301847188734e-07	0.0
0.0	0.0
-5.076910269963264e-07	1.0
0.0	1.0
-6.231343832041603e-07	0.0
0.0	0.0
-0.00030838887323625386	0.0
0.0	0.0
-2.352962610530085e-06	0.0
-1.086354188828409e-07	0.0
0.0	1.0
-4.255271505826386e-06	1.0
-4.2296423430343566e-07	0.008
0.0	0.027
-0.011082309298217297	0.027
0.0	1.0
0.0	0.0
-4.416022875375347e-06	0.027
0.0	1.0
0.0	0.0010277492291880781
0.0	0.001
0.0	0.0
0.0	1.0
-0.0007191786426119506	0.0
0.0	1.0
-0.006700645666569471	0.0
0.0	0.0
0.0	0.0
0.0	0.0
-0.0015718445647507906	1.0
-0.002267436357215047	0.0
-0.0026770022232085466	0.0
0.0	0.0
0.0	0.0
0.0	0.004
0.0	0.0
-0.004416368901729584	0.0
0.0	0.0
0.0	0.0
0.0	1.0
0.0	0.0
-0.0003369356272742152	1.0
-3.4782124203047715e-06	1.0
0.0	1.0
0.0	0.0
-4.587273139122772e-08	1.0
-5.491852789418772e-05	1.0
-5.034267360315425e-06	0.0
-1.7142143349246908e-07	1.0
-9.025816689245403e-05	1.0
-1.1555198398127686e-06	1.0
-0.0013366036582738161	0.0
-0.00016720930580049753	0.0
-0.03006945177912712	0.0
0.0	0.0
-3.434933387325145e-05	0.0
0.0	0.0
0.0	0.0
0.0	1.0
0.0	1.0
-5.797499034088105e-05	0.0
0.0	0.0
0.0	1.0
0.0	0.0
0.0	1.0
-1.2746761967719067e-05	0.0
0.0	1.0
0.0	1.0
-0.0015039814170449972	0.0
-9.915233022184111e-06	0.0
-0.003341282717883587	0.0
0.0	0.0
0.0	0.0
-0.036798425018787384	0.0
0.0	0.004
-0.00025698711397126317	0.0
-1.1026239690181683e-06	0.004
-0.00012937661085743457	0.0
-0.013639656826853752	0.0
0.0	0.004
0.0	0.0
0.0	1.0
-0.00020517002849373966	0.0
-1.1594302122830413e-06	0.004
0.0	0.004
0.0	0.0
-0.021777044981718063	0.0
0.0	0.004
0.0	0.004
-8.855687951836444e-07	0.0
-0.002317890990525484	0.004
0.0	0.0
0.0	0.0
0.0	0.0
-3.962438768212451e-06	0.004
0.0	0.0
0.0	0.004
-0.0001598744565853849	0.0
0.0	0.0
-0.0012210843851789832	1.0
-1.8434919146770312e-09	1.0
0.0	0.0
0.0	0.0
0.0	0.0
0.0	1.0
0.0	0.0
0.0	1.0
0.0	0.0
-2.494406908226665e-05	1.0
0.0	1.0
0.0	0.0
0.0	0.0
0.0	1.0
0.0	0.0
0.0	1.0
0.0	1.0
-3.7487152440007776e-05	0.0
0.0	0.0
-0.00040672841714695096	0.0
0.0	1.0
0.0	1.0
0.0	1.0
-0.08677421510219574	0.0
0.0	1.0
-1.1096217633621563e-07	1.0
0.0	0.0
-7.524054672103375e-05	0.0
0.0	0.0
-0.000840331893414259	1.0
-0.001495131989941001	0.0
-0.0005928135360591114	0.0
-0.00958171021193266	0.0
0.0	0.0
-0.0004838140739593655	0.0
0.0	0.0
-0.002730016363784671	0.0
0.0	1.0
0.0	0.0
0.0	0.0
0.0	0.0
-0.000276281003607437	0.0
0.0	0.129
0.0	0.0
-0.00029009292484261096	0.129
-5.693211733159842e-06	0.0
0.0	0.0
0.0	0.0
0.0	0.0
-0.001338271307758987	0.0
0.0	0.0
0.0	1.0
-0.0007068533450365067	0.0
0.0	1.0
-3.159800326102413e-05	0.0
0.0	0.0
0.0	0.0
-1.585849531693384e-07	0.0
0.0	0.0
-5.780691935797222e-06	0.0
0.0	1.0
0.0	1.0
0.0	0.0
0.0	0.0
-0.0026953606866300106	0.0
-0.00015414929657708853	0.0
0.0	0.0
0.0	0.0
0.0	0.0
-0.0014928948367014527	0.0
-0.0015197856118902564	0.019
0.0	0.0
-0.0057234265841543674	0.0
0.0	0.0
-0.003325405530631542	0.0
-4.936582990922034e-05	0.0
0.0	0.0
0.0	0.0
0.0	0.019
-7.088281563483179e-05	0.0
0.0	0.0
-0.0001189535396406427	0.0
0.0	0.02
0.0	0.02
0.0	0.02
-0.00015808768512215465	0.0
0.0	1.0
-8.038455416681245e-05	0.0
0.0	0.0
0.0	0.02
0.0	0.02
-0.003742038505151868	0.0
0.0	1.0
0.0	1.0
-1.0870398000406567e-05	1.0
-0.0017302912892773747	1.0
0.0	1.0
0.0	1.0
0.0	0.0
-2.8224175707691757e-07	1.0
-0.0002400535304332152	1.0
-0.010619970969855785	0.0
-8.307112580041576e-07	1.0
0.0	0.0
0.0	0.0
-0.0004977359785698354	0.0
-1.0340126671559702e-10	0.0
-0.0133308544754982	0.0
0.0	0.0
0.0	0.0
0.0	1.0
-0.0005238201119937003	1.0
0.0	1.0
0.0	0.0
0.0	0.0
0.0	1.0
-3.8594513171119615e-05	0.039
0.0	0.0
0.0	0.0
0.0	1.0
-9.149368338512431e-07	0.0
-0.0014679610030725598	0.0
-1.226170667223414e-07	0.038
-0.0027237830217927694	1.0
0.0	1.0
0.0	0.03807615230460922
0.0	0.0
-0.0003691600286401808	0.0
-0.0016714269295334816	0.002079002079002079
0.0	0.002079002079002079
0.0	0.0020181634712411706
-0.00030095959664322436	0.0020181634712411706
-0.00029197067487984896	0.0020181634712411706
-6.575391307706013e-05	0.0020181634712411706
0.0	0.0020181634712411706
0.0	0.009018036072144289
0.0	0.009018036072144289
0.0	0.009018036072144289
0.0	0.0020181634712411706
0.0	0.009018036072144289
0.0	0.009018036072144289
-9.269288420910016e-05	1.0
-2.5460087726969505e-06	0.009
-1.6760858443376492e-06	1.0
0.0	0.022
0.0	0.0
0.0	0.0
-0.0013963662786409259	0.0
-5.20604203302355e-07	0.0
0.0	0.0
0.0	0.0
-6.716203643009067e-06	0.0
-0.00011325232480885461	0.0
-0.002857029205188155	0.001
0.0	0.0
-3.671794547699392e-05	0.0
0.0	0.0
0.0	0.0
0.0	1.0
0.0	1.0
-2.199823211412877e-05	0.0
-0.004383550491183996	0.0
0.0	0.0
-0.0007926721009425819	0.0
0.0	0.0
0.0	0.0
0.0	0.0
-5.522046819805837e-09	0.0
-0.056621719151735306	0.0
0.0	1.0
0.0	0.0
0.0	1.0
0.0	1.0
0.0	1.0
-1.0207621926383581e-05	0.0
0.0	0.0
0.0	0.0
-0.0015479658031836152	1.0
0.0	1.0
0.0	1.0
0.0	0.0
0.0	1.0
0.0	0.0
0.0	0.0
-0.0006040260195732117	0.0
-2.0614837922039442e-05	0.0
0.0	0.0
0.0	0.011
0.0	0.0
0.0	0.0
0.0	0.0
0.0	0.0
-0.0011096937814727426	0.0
0.0	0.0
0.0	0.027
-1.392483000017819e-07	0.027
0.0	0.0
0.0	0.0
-1.653640720178373e-05	0.0
-0.001532637164928019	0.0
0.0	0.0
-0.00010472868598299101	1.0
0.0	1.0
0.0	1.0
0.0	1.0
0.0	0.0
0.0	1.0
0.0	0.0
0.0	1.0
-0.001420757849700749	1.0
0.0	0.0
-0.00450622895732522	0.0
-1.4428621398110408e-05	0.0
-0.00010668841423466802	0.0
-0.0019465693039819598	0.0
0.0	0.0
-0.00012602178321685642	0.0
0.0	0.0
0.0	0.0
0.0	0.0
0.0	0.0
-3.6283050576457754e-05	0.0
0.0	0.0
0.0	0.0
-0.0012137520825490355	0.0
-2.6791003620019183e-05	0.001
0.0	0.0
0.0	0.0
0.0	0.0
-6.456934443122009e-06	0.0
-6.846250471426174e-05	0.003
-0.0004983475664630532	0.003
0.0	0.0
0.0	0.0
0.0	0.0
-0.001365453819744289	0.0
0.0	0.0
-0.002041527535766363	0.0
-0.0028643119148910046	0.0
0.0	0.0
0.0	0.0
0.0	0.0
-6.95923445164226e-05	0.0
0.0	0.0
0.0	0.0
0.0	0.004
-2.0016813095935504e-08	0.0
-0.005642984993755817	0.0
0.0	0.0
0.0	0.0
0.0	0.001
-1.3440227348837652e-06	1.0
0.0	0.0
0.0	0.0
-0.0003747185692191124	0.0
0.0	0.0
0.0	0.0
0.0	1.0
-0.0017933652270585299	0.0
-1.8547477789732092e-11	0.0
0.0	0.0
0.0	1.0
-0.0031440986786037683	0.0
-0.009402868337929249	0.0
0.0	0.0
0.0	0.0
-3.7254752061066654e-10	0.0
0.0	0.0
0.0	0.0
0.0	0.0
0.0	0.0
-7.044254016363993e-05	0.0
0.0	0.0
-0.00019840715685859323	0.0
0.0	0.05263157894736842
0.0	0.011
0.0	0.011
0.0	0.011
0.0	0.011
0.0	1.0
0.0	1.0
-0.000746046775020659	0.0
0.0	1.0
-0.008320571854710579	0.0
0.0	1.0
0.0	0.0
0.0	0.0
0.0	0.0
-0.00018544723570812494	0.0
0.0	0.0
-0.00023029603471513838	1.0
0.0	0.0
-0.00036310835275799036	1.0
-8.789158164290711e-05	1.0
-0.0007305069011636078	1.0
0.0	1.0
-0.0008616633713245392	0.0
-0.0012111783726140857	0.0
0.0	0.0
0.0	0.0
-0.00039636431029066443	0.0
0.0	0.001
0.0	0.001
0.0	0.001
-0.0011072615161538124	0.001
-0.00022506015375256538	0.0
-4.576112377918662e-09	0.0
0.0	0.001
-0.00028864547493867576	0.0
-0.015838926658034325	0.0
0.0	0.0
-0.0004466496466193348	0.0
-0.00015136356523726135	0.0
-0.0013999143848195672	0.0
-1.1614834875217639e-05	0.0
0.0	1.0
0.0	1.0
0.0	1.0
0.0	0.0
0.0	0.0
-0.00039124226896092296	1.0
-1.120320666814223e-05	1.0
0.0	0.0
0.0	0.0
-4.41029405919835e-05	1.0
0.0	1.0
-0.001867675338871777	1.0
-0.0037403563037514687	0.0
0.0	0.0
-0.006526921410113573	0.0
0.0	0.0
-0.0025668288581073284	0.0
0.0	0.0
0.0	0.0
-3.360455691492348e-09	0.0
0.0	0.0
-0.001294031273573637	0.0
0.0	0.0
0.0	0.0
0.0	0.0
0.0	1.0
0.0	1.0
0.0	1.0
0.0	0.0
-2.296566526638344e-05	1.0
0.0	1.0
0.0	0.0
-0.0005343526136130095	0.0
-1.1249490853515454e-05	1.0
-0.00014229647058527917	1.0
0.0	0.0
0.0	1.0
0.0	0.0
-9.019512799568474e-05	1.0
0.0	1.0
-4.4044012611266226e-05	1.0
0.0	1.0
-0.0002319092454854399	1.0
0.0	1.0
0.0	0.0
0.0	1.0
0.0	1.0
0.0	1.0
-6.859774202894187e-06	1.0
0.0	0.0
0.0	0.0
0.0	0.0
0.0	0.0
0.0	1.0
0.0	0.0
0.0	0.0
0.0	1.0
0.0	0.0
-0.001971396617591381	0.0
0.0	0.0
-4.425116458151024e-06	0.0
0.0	0.0
0.0	0.0
0.0	0.0
0.0	1.0
-0.0007433907012455165	0.0
-0.02431824989616871	0.0
-0.002471873303875327	0.006
-0.00023467290156986564	0.006
0.0	0.0
0.0	0.0
0.0	0.001
-0.0009169291006401181	0.0
0.0	0.0
-5.394066988628765e-07	0.0
0.0	0.0
0.0	0.0
-0.0008333851583302021	1.0
-1.1084505573610501e-13	0.0
-3.278371877968311e-05	0.0
-1.1851749377456144e-06	0.0
-2.2743104466371733e-07	0.0
-7.477849067072384e-06	1.0
0.0	1.0
0.0	0.0
-5.354090535547584e-05	0.0
-0.0020377314649522305	0.0
-0.009088248014450073	0.0
0.0	1.0
0.0	0.0
-3.586286254630977e-07	1.0
0.0	0.0
0.0	0.0
-0.0003876376140397042	0.0
-0.0006328666349872947	0.0
0.0	0.0
-0.008823653683066368	0.0
0.0	0.0
0.0	0.0
0.0	0.006
-8.789333514869213e-05	0.0
-0.00017215698608197272	0.006
0.0	0.0
-1.1621594921962242e-06	0.006160164271047228
0.0	0.026262626262626262
-0.0010421827901154757	0.02610441767068273
0.0	1.0
0.0	0.026
-0.00042987012420780957	0.0
-0.007758907973766327	0.0
0.0	0.0
0.0	0.0
0.0	1.0
0.0	0.0
0.0	0.0
-0.008056122809648514	0.0
0.0	0.0
0.0	0.0
0.0	0.0
0.0	0.0
0.0	0.0
0.0	0.0
-3.129553442704491e-05	0.0
0.0	0.0
-1.4041840756817692e-07	0.0
0.0	0.0
0.0	0.0
0.0	0.0
0.0	0.0
0.0	1.0
0.0	0.0
0.0	0.0
-8.300933586724568e-06	0.0
0.0	0.0
-0.00384429725818336	0.0
0.0	0.0
0.0	0.0
-0.00026475737104192376	0.0
0.0	0.0
0.0	0.0
-0.009568953886628151	0.0
0.0	1.0
0.0	1.0
-4.3316225628586835e-07	1.0
0.0	1.0
0.0	0.0
-1.0620108525927208e-07	1.0
0.0	1.0
0.0	0.0
0.0	1.0
0.0	0.0
-1.367297528531708e-07	0.0
0.0	1.0
0.0	0.0
0.0	0.0
-3.4522226854960536e-08	0.0
-1.7746676350682833e-09	1.0
0.0	1.0
-0.021774470806121826	0.0
0.0	0.0
0.0	0.0
-0.0025095241144299507	0.0
0.0	0.0
-0.00027083870372734964	0.0
-0.00030837778467684984	0.0
0.0	1.0
0.0	0.0
-2.871074267218887e-09	0.0
0.0	0.0
-3.868119165417738e-06	0.0
0.0	0.0
-3.18784368573688e-05	1.0
0.0	0.0
0.0	0.0
0.0	0.0
-3.677800123114139e-05	0.0
0.0	0.0
-1.0400704923085868e-05	0.005
0.0	0.0
0.0	0.005
0.0	0.005
0.0	0.005
0.0	0.0
-0.03460068255662918	0.0
0.0	1.0
-0.00010383960034232587	0.0
0.0	1.0
0.0	0.0
0.0	0.018
0.0	0.0
-0.0008933924837037921	0.0
0.0	0.0
0.0	0.0
0.0	1.0
-0.03765333816409111	0.0
0.0	0.0
-0.002453066874295473	0.0
0.0	1.0
0.0	1.0
-0.0016872023697942495	0.0
-0.0004053742450196296	1.0
-2.9421385988825932e-05	0.0
0.0	0.0
0.0	0.002
-0.00023255670384969562	0.002
0.0	0.0
0.0	0.0
-0.0011492610210552812	0.0
0.0	0.0
0.0	0.0
0.0	0.0
-0.0009083646582439542	0.0
-0.00122636288870126	0.0
0.0	0.0
0.0	1.0
-0.0008500129333697259	0.0
-0.002673035953193903	0.0
0.0	0.0
0.0	0.0
0.0	0.0
0.0	0.0
-6.96879651513882e-05	0.007
-0.0005723100621253252	0.0
-1.0364600752090988e-13	0.0
0.0	0.0
0.0	0.007
-6.297785254042289e-15	0.0070140280561122245
-0.0009738525841385126	1.0
0.0	0.0
-4.332282969699008e-06	0.0
0.0	0.0
0.0	1.0
-4.766721758642234e-05	0.0
-0.0017796254251152277	0.0
-1.911664912768174e-05	0.0
-1.1130742993969989e-09	0.0
0.0	0.0
-0.004678095690906048	0.0
-1.5112785149540287e-05	0.0
0.0	0.0
0.0	0.0
-3.8968883018242195e-05	1.0
-0.002040039049461484	0.0
0.0	0.0
-7.251245177225529e-12	1.0
-9.358116415114637e-08	0.0
-3.7803532904945314e-05	0.0
-0.0013397063594311476	1.0
0.0	1.0
-3.169338402830846e-11	0.0
-1.1335138196955086e-06	0.0
0.0	0.0
-1.0884792089882467e-07	0.0
-2.838800128301955e-06	0.0
-1.6466646002299967e-07	0.0
0.0	0.0
0.0	1.0
0.0	0.0
0.0	1.0
-0.0031610990408807993	1.0
-0.00022705392620991915	0.0
0.0	1.0
0.0	1.0
-3.19983246299671e-06	0.0
0.0	0.001
-4.847539685215452e-07	0.0
0.0	0.0
0.0	0.0
-1.1471757943581906e-07	1.0
-4.961610784448567e-07	1.0
0.0	0.0
0.0	0.0
-0.001737391809001565	0.0
0.0	0.0
-3.238741101085907e-06	1.0
0.0	0.0
0.0	1.0
0.0	0.0
-6.114084953878773e-06	0.0
0.0	0.0
0.0	0.0
0.0	0.0
-2.180998671974521e-05	0.0
-0.0005329723353497684	0.0
-0.006521978415548801	0.0
0.0	0.0
-3.696277190101682e-06	0.0
0.0	0.0
0.0	0.0
0.0	0.0
0.0	0.0
-0.004799561575055122	0.0
0.0	0.0
-0.00025491410633549094	0.0
0.0	0.0
0.0	0.0
0.0	0.0
0.0	1.0
0.0	1.0
-0.0009087702492251992	1.0
0.0	0.0
0.0	0.0
0.0	0.0
-0.0007002785569056869	0.0
-2.7252801260146953e-07	1.0
0.0	1.0
0.0	1.0
0.0	1.0
0.0	1.0
0.0	0.0
-0.0009316939976997674	1.0
0.0	1.0
0.0	0.0
-2.1590501546597807e-06	0.0
-0.004779167473316193	0.0
0.0	0.0
0.0	0.0
-0.0008005574927665293	0.0
0.0	0.0
0.0	0.001
-0.00028350131469778717	0.0
0.0	1.0
-0.00012981089821550995	1.0
0.0	0.0
-5.837904737404642e-08	0.0
-0.0002057024830719456	0.0
-2.2455168391388725e-07	0.0
0.0	1.0
0.0	0.0
-1.960141526069492e-05	0.0
0.0	0.0
-0.0006796186789870262	0.0
-0.0021942672319710255	1.0
-0.0009414624073542655	0.0
0.0	1.0
-3.031529516306364e-08	1.0
0.0	1.0
0.0	1.0
0.0	0.0
-2.2885046746523585e-07	1.0
0.0	1.0
0.0	1.0
0.0	1.0
0.0	1.0
0.0	1.0
0.0	1.0
-0.00013321223377715796	1.0
0.0	1.0
-2.85394889942836e-06	1.0
-0.0010080134961754084	0.0
0.0	1.0
-0.015538301318883896	0.0
-7.171300775432599e-10	0.006
-7.476461810762558e-11	0.05533199195171026
0.0	0.05533199195171026
0.0	1.0
0.0	0.05606523955147808
0.0	1.0
0.0	0.0
0.0	0.0
0.0	1.0
0.0	0.0
0.0	0.0
0.0	1.0
0.0	0.0
-0.08402667194604874	0.0
0.0	0.0
0.0	0.0
-0.0001339922600891441	0.0
-1.4152894856067633e-08	0.0
0.0	0.0
0.0	0.0
-0.0012936793500557542	0.0
-0.0020848445128649473	0.0
-1.984118716791272e-05	0.0
0.0	0.0
0.0	0.0
-0.002159079536795616	0.0
-0.00294451043009758	0.0
0.0	1.0
0.0	1.0
0.0	1.0
0.0	1.0
-0.0005941017880104482	1.0
0.0	1.0
0.0	0.0
-6.869859134894796e-07	0.0
0.0	0.0
