-5.9355865232646465e-05	0.0
-9.45375177252572e-06	0.0
-1.877053651400118e-10	0.0
-1.0893719490923104e-06	1.0
-1.439789656387802e-07	1.0
0.0	0.0
0.0	1.0
0.0	0.0
-1.2738679515678086e-06	1.0
-0.0001594109635334462	1.0
-0.0008435903582721949	0.0
-3.491905076202784e-08	0.0
0.0	0.0
0.0	0.0
-1.0956117124649722e-09	0.0
0.0	1.0
-0.00021770145394839346	1.0
0.0	1.0
0.0	0.0
0.0	1.0
0.0	1.0
0.0	1.0
-0.0038821359630674124	0.0
-9.492099550811872e-09	0.0
-1.929670816025464e-06	0.0
0.0	0.0
0.0	0.0
0.0	0.0
-9.90837065728556e-07	0.0
0.0	0.0
-0.0029916928615421057	0.0
0.0	0.0
-0.00013901542115490884	0.0
-1.8142192609316155e-11	0.0
-5.669071833835915e-05	0.0
-3.1449017114937305e-05	0.0
0.0	1.0
0.0	0.0
0.0	1.0
-5.703859278582968e-05	0.0
-8.126015745801851e-05	0.0
0.0	1.0
0.0	0.0
-0.00018323537369724363	0.0
-0.0005323623772710562	0.0
0.0	0.0
0.0	0.0
0.0	0.0
-6.397978324912401e-08	0.0
0.0	1.0
0.0	1.0
0.0	1.0
0.0	1.0
0.0	1.0
0.0	0.0
0.0	0.032563025210084036
0.0	0.0
0.0	1.0
0.0	1.0
-0.003439992666244507	0.0
-0.0035059910733252764	1.0
-3.466165310328506e-07	1.0
0.0	1.0
0.0	1.0
0.0	0.0
-1.54310509969946e-06	0.0
-0.0003231318260077387	1.0
-1.3349214896152262e-05	0.0
-3.3112248729594285e-06	0.0
-0.01898326724767685	0.0
0.0	0.0
0.0	0.1
-0.0066617922857403755	0.0
0.0	0.0
0.0	1.0
0.0	1.0
0.0	1.0
-0.0008627019706182182	0.0
-0.0011465620482340455	0.0
-3.599168121581897e-05	0.0
-1.3672365639649797e-07	0.0
0.0	1.0
0.0	0.0
0.0	0.0
0.0	1.0
-0.0005849240114912391	0.0
0.0	0.029
-2.4437201151528143e-09	0.0
-2.422812940494623e-06	1.0
-0.0003114169230684638	0.0
0.0	0.0
-5.8640274801291525e-05	0.0
0.0	0.0
-0.00031321938149631023	1.0
0.0	1.0
-0.00023610687640029937	0.0
-0.00012668415729422122	0.0
-0.00011378905765013769	0.0
0.0	1.0
-1.0992403431941966e-08	0.0
-1.1676242138491943e-05	1.0
0.0	0.0
-4.2510346247581765e-05	0.0
-3.1432179525836546e-07	0.0
0.0	0.0
0.0	1.0
0.0	0.0
0.0	1.0
-0.00019637453078757972	0.0
-0.00025593183818273246	0.0
-0.0003809138434007764	0.0
-1.4908742684838217e-07	1.0
0.0	0.0
-7.285644096555188e-05	1.0
0.0	0.0
0.0	0.0
0.0	0.0
-0.002993109403178096	0.0
0.0	0.0
0.0	0.0
0.0	0.0
0.0	0.0
0.0	0.0
0.0	0.0
0.0	0.0
0.0	0.0
0.0	0.0
0.0	0.0
0.0	0.0
0.0	0.0
0.0	0.0
0.0	0.0
-0.005576490890234709	0.0
0.0	0.0
-6.634041255892953e-06	0.0
0.0	0.0
-6.302879774011672e-05	0.002
-0.01416023913770914	0.0
0.0	1.0
0.0	1.0
0.0	0.0
0.0	1.0
0.0	0.002
-2.658616540429648e-05	0.002
0.0	1.0
0.0	0.0
0.0	0.0
-0.0001362232433166355	1.0
0.0	0.0
0.0	0.002
0.0	0.0
0.0	0.0
-1.4345437338025846e-10	0.0
0.0	1.0
0.0	0.0
0.0	0.0
-1.0999499266972634e-07	0.0
0.0	0.0
0.0	1.0
-1.7940790542070317e-07	0.0
0.0	0.0
0.0	0.0
-0.0005701659247279167	0.0
0.0	0.0
-0.0026687721256166697	0.002
0.0	0.002
0.0	0.0
0.0	0.0
0.0	0.0
0.0	0.0
0.0	0.0
0.0	0.018
-1.9855453956552083e-06	0.018
-0.000569435185752809	0.018
0.0	0.0
0.0	0.018
0.0	0.018
0.0	1.0
0.0	0.0
0.0	1.0
0.0	1.0
0.0	0.0
0.0	1.0
-0.001518225995823741	0.018
0.0	0.0
0.0	1.0
0.0	1.0
0.0	0.0
0.0	0.018
0.0	0.018575851393188854
-1.1506273040140513e-05	0.0
-0.00011207858187844977	0.0
0.0	0.0
-0.0001796823344193399	0.0
-3.129369724774733e-05	0.167
-0.00040445083868689835	0.0
-0.0036727935075759888	0.0
-0.00011870792513946071	0.167
0.0	0.0
-0.0002264935610583052	0.167
0.0	0.0
0.0	0.0
0.0	0.178
-0.0002349832357140258	0.0
-2.3102350255044257e-08	0.0
-0.0002274586004205048	0.0
0.0	0.167
0.0	0.167
-0.00019269630138296634	0.0
0.0	0.0
0.0	0.0
0.0	0.167
-6.591640703845769e-05	0.167
0.0	0.0
-1.3776612831861712e-05	0.0
0.0	0.0
-0.0009200611966662109	0.0
0.0	0.0
0.0	0.0
0.0	0.0
0.0	0.0
-6.618175120820524e-06	0.0
-0.0011186548508703709	0.0
-0.00023702111502643675	0.0
0.0	0.0
-0.0015712237218394876	0.483
0.0	0.0
0.0	0.0
0.0	0.483
0.0	0.0
0.0	0.483
-2.1657588149537332e-05	0.483
-0.00571499252691865	0.0
0.0	0.0
0.0	0.0
0.0	0.0
0.0	0.0
-0.00017116437084041536	0.0
0.0	0.0
-8.828405952954199e-07	0.0
0.0	0.0
0.0	0.0
0.0	0.0
0.0	0.0
0.0	0.0
-4.4710975544148823e-07	0.0
0.0	0.0
0.0	0.0
0.0	0.0
-9.376190064358525e-06	0.0
0.0	0.0
0.0	0.0
0.0	0.02
-0.0032950362656265497	1.0
-8.74895413289778e-05	0.0
-0.0033136296551674604	0.0
-0.004059314727783203	0.02
0.0	0.0
0.0	0.0
-6.592075010303233e-07	0.0
0.0	0.0
0.0	0.0
0.0	0.0
0.0	1.0
-1.1065785787689464e-10	0.0
0.0	0.0
0.0	0.0
0.0	1.0
0.0	0.0
0.0	0.0
0.0	0.0
-5.373110525397351e-06	0.0
0.0	0.0
0.0	0.0
0.0	0.0
0.0	0.0
0.0	0.0
0.0	1.0
0.0	1.0
-3.1081942779564997e-06	1.0
-0.0002461463154759258	1.0
0.0	0.0
-0.002486795885488391	1.0
0.0	0.0
0.0	0.0
-6.879837997075811e-07	0.0
0.0	0.0
0.0	0.0
0.0	0.0
0.0	0.0
0.0	0.0
-1.5146226360229775e-05	0.0
0.0	0.0
-0.006343736778944731	0.0
0.0	0.0
0.0	0.0
0.0	0.0
0.0	1.0
0.0	1.0
0.0	0.0
0.0	0.0
0.0	0.0
0.0	0.0
0.0	0.0
0.0	0.0
-0.00030622887425124645	0.0
-0.00014879356604069471	0.523
-0.0003076002758461982	0.0
-4.177871687716106e-06	0.0
0.0	1.0
-6.007236379446113e-07	0.0
0.0	0.0
0.0	1.0
-0.00020171375945210457	0.0
0.0	0.0
-0.0009259430808015168	0.0
-2.528215918573551e-05	0.0
0.0	0.0
-5.803738986287499e-06	0.0
-0.0001117431529564783	0.0
0.0	0.0
-0.00261554098688066	0.0
-0.0006009877542965114	0.0
-2.2146849005366676e-05	1.0
0.0	1.0
0.0	0.0
-5.909495670586296e-10	0.0
0.0	0.0
0.0	0.0
-0.005362278316169977	0.0
0.0	0.0
-8.733312824915629e-06	0.0
-2.001499706238974e-05	0.0
0.0	0.0
0.0	0.0
-0.0008460619719699025	0.0
-4.5850152673665434e-05	0.0
-0.0023117309901863337	0.0
-1.397711912431987e-06	1.0
-0.0009531466057524085	0.0
0.0	0.0
0.0	1.0
0.0	1.0
0.0	0.0
-3.440662840148434e-05	1.0
0.0	1.0
0.0	0.0
-2.210762886534212e-06	0.0
0.0	1.0
-0.0007409785175696015	0.0
-1.4602335340896389e-06	1.0
0.0	0.0
0.0	0.0
0.0	0.0
0.0	0.0
-5.70630218135193e-05	0.0
0.0	0.0
-5.6513432355131954e-05	0.0
0.0	0.0
0.0	1.0
-8.954348800216394e-07	0.0
-3.7854340462217806e-06	0.0
-0.011532985605299473	0.0
0.0	0.0
-4.432579103763601e-08	0.0
0.0	1.0
-2.853989371942589e-06	1.0
0.0	0.0
0.0	0.0
0.0	1.0
-0.00013226082955952734	0.0
0.0	0.201
-0.0017645136686041951	0.0
0.0	0.0
0.0	0.076
-3.401764980814903e-11	0.076
-1.2705057770290296e-06	1.0
0.0	0.018
-0.0013347640633583069	0.0
0.0	0.0
0.0	0.018
0.0	0.0
0.0	0.0
-4.5535969661614217e-07	0.0
0.0	0.0
0.0	0.0
-2.8489443138823844e-05	0.0
0.0	0.0
-6.877697160234675e-05	0.0
-3.430759534239769e-05	0.0
-4.6304339775815606e-05	0.0
-0.00012870694627054036	1.0
-0.00031351076904684305	1.0
0.0	1.0
0.0	1.0
0.0	1.0
-0.049221836030483246	0.0
0.0	0.0
0.0	0.0
-1.1480313332867809e-05	1.0
-0.0012141999322921038	1.0
0.0	0.0
0.0	1.0
0.0	1.0
-1.4656694474979304e-05	0.0
0.0	0.0
0.0	0.0
0.0	0.0
0.0	1.0
0.0	0.0
-3.5803630453301594e-05	0.0
0.0	0.0
0.0	1.0
0.0	0.004
0.0	0.0
-0.013336362317204475	0.0
0.0	1.0
0.0	1.0
-7.101066876202822e-05	0.0
-0.0008184395846910775	0.0
-4.767235623148736e-06	0.0
0.0	0.0
-1.1636568615358556e-06	0.0
0.0	0.0
0.0	0.0
0.0	0.0
-1.2534854249679483e-05	0.0
0.0	0.0
-0.0016195204807445407	0.0
0.0	1.0
0.0	0.0
0.0	0.0
0.0	0.0
-3.3680491924314993e-06	0.0
-0.0035791483242064714	0.0
0.0	0.0
-1.082398625840142e-06	0.0
0.0	1.0
0.0	0.137
0.0	0.0
-3.278515941929072e-05	0.137
0.0	0.0
0.0	0.137
-1.5487073596887058e-06	0.0
0.0	0.0
-0.007491049822419882	0.0
-1.988731492019724e-05	0.0
-5.1851111493306234e-05	0.0
0.0	0.0
0.0	0.0
0.0	1.0
0.0	0.0
-0.002732794964686036	0.0
-1.6470146874780767e-05	1.0
0.0	1.0
-2.9363204703258816e-06	0.0
0.0	1.0
-0.00129686517175287	0.0
0.0	1.0
0.0	0.0
0.0	0.0
0.0	0.0
0.0	0.001
-3.567260137060657e-05	0.0
0.0	0.0
-0.004097749944776297	0.0
-8.214482427604253e-10	0.0
-0.0008499307441525161	0.0
-0.0005405229167081416	0.0
0.0	0.0
-0.008762050420045853	0.0
-7.239375008794013e-06	0.0
-7.637877530441983e-08	1.0
-0.00019484609947539866	0.0
-0.0007277601980604231	0.0
-0.00214589387178421	0.0
-3.940556325687794e-06	0.0
0.0	0.0
0.0	0.0
-7.904569656602689e-07	0.0
-0.005448182113468647	0.0
0.0	0.0
0.0	0.0
0.0	0.0
0.0	0.0
0.0	1.0
-0.003258408745750785	0.0
-0.000876788457389921	0.0
-0.0006051746313460171	0.0
-1.6850819974933984e-06	0.0
-0.0003146151138935238	1.0
0.0	1.0
-1.0693261174310464e-06	0.0
-1.7484306226833723e-05	0.0
0.0	0.016
-0.0008538920665159822	0.0
0.0	0.0
0.0	1.0
-0.0020596941467374563	0.0
-0.00013486681564245373	0.0
0.0	0.0
-0.009831437841057777	0.0
0.0	1.0
-0.008620639331638813	0.0
0.0	0.0
-2.481020965205971e-05	0.0
-7.695854264966329e-07	0.0
0.0	0.005
-0.008899536915123463	0.0
0.0	0.0
0.0	0.005
0.0	0.0
0.0	0.005
0.0	0.0
0.0	0.0
-4.730976070277393e-05	0.0
-0.0018405925948172808	0.0
0.0	1.0
0.0	1.0
0.0	1.0
-2.1082507828396047e-06	0.0
-8.72144810273312e-05	1.0
-2.06050958695414e-06	1.0
0.0	0.0
0.0	1.0
0.0	1.0
-0.00037684966810047626	0.0
0.0	1.0
0.0	0.0
-6.379702426784206e-06	0.0
0.0	0.0
0.0	0.0
0.0	0.0
-0.0034057050943374634	0.0
-0.00017257568833883852	0.0
0.0	0.0
0.0	1.0
0.0	0.0
0.0	1.0
-0.0022358158603310585	1.0
0.0	1.0
0.0	0.0
0.0	0.0
-0.00017432206368539482	0.0
-0.0015714828623458743	0.0
0.0	0.0
-6.503384497591469e-08	0.001
0.0	0.0
0.0	1.0
0.0	1.0
0.0	0.001
0.0	1.0
0.0	1.0
-0.0005096341483294964	0.0
0.0	0.001
-0.00023485682322643697	0.0
-0.00026888877619057894	0.001
0.0	0.001
0.0	0.0
0.0	0.0
0.0	0.0
-2.566639523138292e-06	0.0
-6.393860985554056e-06	0.0
0.0	0.0
0.0	0.0
-1.314350993197877e-05	0.0
0.0	0.0
-0.0035308548249304295	0.002
-1.9850229193707492e-07	0.0
0.0	0.0
0.0	0.0
0.0	0.0
-0.0001889606937766075	0.0
-4.321200322010554e-06	0.0
0.0	1.0
-5.0738076851075675e-08	0.0
-9.56349950342883e-08	0.002
0.0	1.0
-3.258923300109018e-07	0.0
0.0	0.002
0.0	0.0
0.0	0.0
-0.004375939257442951	0.0
0.0	0.0
0.0	0.0
-1.4957767007217626e-06	0.0
0.0	0.0
0.0	0.0
-0.00022672335035167634	0.0
-0.00017950382607523352	0.0
-3.5196953831473365e-05	0.0
0.0	0.0
-1.2842038543681156e-10	0.0
-0.00010791145905386657	0.0
-1.2928472642670386e-05	0.06
0.0	0.06
-0.026698822155594826	0.0
0.0	0.001
0.0	0.0
-5.7510624174028635e-05	0.0
0.0	0.001076426264800861
0.0	0.001
-0.00099535274785012	1.0
0.0	0.0
0.0	1.0
-0.00013372809917200357	1.0
0.0	1.0
-0.00038922892417758703	0.0
0.0	1.0
-1.1891796930285636e-05	0.0
0.0	0.0
0.0	0.0
0.0	0.0
-6.009031494613737e-08	0.0
0.0	0.0
0.0	0.0
0.0	1.0
0.0	1.0
0.0	0.0
-0.0038078641518950462	0.0
-0.0029736412689089775	0.0
-1.8331837054574862e-05	1.0
0.0	0.0
0.0	0.0
0.0	0.0
0.0	1.0
0.0	1.0
-5.791225134998967e-07	0.001
0.0	1.0
0.0	1.0
0.0	0.0
-0.0002832223544828594	0.0
0.0	0.0
-2.675454925338272e-05	0.0
0.0	1.0
-0.007042477838695049	0.0
-0.00025090432609431446	0.0
-0.0010335484985262156	1.0
-0.00017265822680201381	0.0
0.0	1.0
-0.0003240139631088823	1.0
0.0	0.0
0.0	1.0
0.0	0.0
0.0	1.0
-9.211491658334126e-08	1.0
0.0	0.0
0.0	0.0
-0.002773812972009182	0.0
0.0	0.0
-1.5971781976986676e-05	0.0
-2.731160975599778e-06	0.0
0.0	0.0
0.0	0.0
0.0	0.0
0.0	0.0
0.0	0.0
-1.3998866279507638e-06	0.0
0.0	0.0
0.0	0.0
0.0	0.0
-1.4988462680776138e-05	0.0
0.0	0.0
-0.0016115248436108232	0.0
0.0	0.0
-3.9543863294966286e-07	0.0
-0.0031183618120849133	0.0
0.0	0.0
0.0	0.0
-0.004888757597655058	0.0
0.0	0.0
-2.634602047635326e-08	0.0
-3.850948449013458e-09	0.0
-0.003678228473290801	0.0
0.0	0.0
0.0	0.0
-0.000583350018132478	0.0
0.0	0.0
0.0	0.0
0.0	0.0
-0.0017099556280300021	0.0
-0.00013850789400748909	0.0
-0.021648721769452095	0.0
0.0	0.0
0.0	0.0
0.0	0.0
0.0	1.0
0.0	1.0
0.0	0.0
0.0	0.0
0.0	1.0
0.0	0.0
-6.469879735959694e-05	0.034
0.0	0.034
-0.00040992783033289015	0.0
-0.00030349561711773276	0.034
-5.780267201771494e-06	0.034
-0.00021959644800517708	0.0
-0.0013421900803223252	0.034
0.0	0.034
0.0	0.034
0.0	1.0
0.0	1.0
-1.5807074305485003e-05	1.0
0.0	0.0
0.0	0.0
-0.000263867957983166	0.0
-5.7510900660417974e-05	0.0
0.0	0.0
0.0	0.0
-0.001788696856237948	0.0
0.0	0.0
0.0	0.0
-0.00014227660722099245	0.0
0.0	0.0
-0.0031792116351425648	0.0
0.0	0.0
0.0	0.0
0.0	0.0
0.0	0.0
0.0	1.0
0.0	0.0
-0.00318545033223927	0.0
-5.297535847492707e-12	1.0
0.0	0.0
-3.102670464300017e-12	0.0
-0.005124759394675493	0.0
0.0	1.0
-0.0005042568081989884	0.0
-5.7008837650585065e-09	0.0
0.0	1.0
-1.3281329302117229e-05	1.0
-4.7984340199036524e-05	0.0
-0.00010304221359547228	0.001
0.0	1.0
-0.0004585424321703613	0.0
-0.007731781806796789	0.001
0.0	1.0
0.0	0.0
0.0	1.0
0.0	0.0
-4.538350367511157e-06	0.0
0.0	0.0
0.0	1.0
-5.800505823572166e-05	1.0
0.0	1.0
0.0	0.0
-2.1074652977404185e-05	0.0
0.0	0.0
-0.001217070734128356	0.0
0.0	0.0
0.0	0.0
-7.037779647250941e-12	0.0
0.0	1.0
0.0	0.0
0.0	1.0
-5.5999776122916956e-06	0.0
-0.003817621385678649	0.0
0.0	0.0
0.0	0.0
-2.40467966250435e-06	0.001
-0.005923025775700808	0.0
-0.0010029891273006797	0.0
0.0	1.0
-0.0019673185888677835	0.0
0.0	1.0
-2.385202719779045e-07	0.0
0.0	1.0
-0.00044042046647518873	0.004
-0.01593012735247612	0.0
0.0	0.004
0.0	0.004
0.0	0.0
0.0	0.003
0.0	0.003
-1.4693156913381245e-07	0.0
-0.0016262043500319123	0.0
-0.00019547803094610572	0.0
0.0	0.0
0.0	1.0
0.0	0.0
-0.001215349300764501	0.0
-1.0066039067169186e-05	1.0
-0.009020629338920116	0.0
-0.0020969975739717484	0.0
-0.0040625822730362415	0.0
0.0	1.0
0.0	1.0
-0.0013915159506723285	0.0
-0.00034147771657444537	0.0
0.0	0.0
-3.963437222864741e-07	0.0
0.0	0.0
