-9.848029094428057e-07	0.0
-0.0017138536786660552	0.0
-0.02987879142165184	0.0
0.0	0.0
0.0	0.0
0.0	0.0
0.0	0.0
0.0	1.0
-0.001871890272013843	0.0
-5.928827567780459e-11	0.0
-0.017960481345653534	0.0
-0.0013127635465934873	0.001
0.0	0.001
0.0	0.001
0.0	0.0
-0.000935001764446497	0.0
0.0	1.0
0.0	0.0
0.0	0.0010893246187363835
0.0	0.0010893246187363835
0.0	0.0
0.0	0.0
-0.001849356573075056	0.082
0.0	0.0
-1.970787266714069e-08	0.0
0.0	0.082
0.0	0.0
0.0	0.0
-0.00033954926766455173	0.0
-8.699992982974525e-12	1.0
0.0	0.0
-4.381254541563524e-14	0.0
0.0	0.0
0.0	0.0
-0.0072017027996480465	0.0
-0.00018299992370884866	0.0
-8.483792043989524e-05	1.0
0.0	0.0
-3.781877239816822e-05	0.0
-0.0011369436979293823	1.0
0.0	0.697
0.0	0.0
0.0	0.0
0.0	0.0
0.0	1.0
0.0	0.0
0.0	0.0
0.0	0.0
0.0	0.0
-1.748842805682216e-05	0.0
-8.55028338264674e-05	0.0
0.0	0.0
0.0	0.201
0.0	0.0
0.0	0.0
-2.2136102415970527e-05	0.201
-0.0009046170744113624	0.0
-4.628195893019438e-05	0.0
0.0	0.0
-0.0008664177730679512	0.0
-1.1182695743627846e-05	0.0
0.0	0.0
-1.2764662642439362e-06	0.0
0.0	0.319
-1.5170196547842352e-06	0.319
0.0	0.0
-0.0003361819835845381	0.0
-4.344291028246516e-06	1.0
0.0	0.0
0.0	0.0
0.0	0.0
-0.014724638313055038	0.0
0.0	0.0
-0.0005407521966844797	0.0
0.0	0.0
-0.018855860456824303	0.0
-2.4964650947367772e-05	0.0
0.0	0.0
0.0	1.0
0.0	0.0
0.0	1.0
0.0	1.0
0.0	1.0
0.0	1.0
-4.164922938798554e-05	0.0
0.0	0.0
-0.012713223695755005	0.0
0.0	0.0
-5.4677308014561277e-08	0.0
-0.002325088484212756	0.0
0.0	0.0
0.0	0.0
-9.947312355507165e-05	1.0
0.0	0.0
-1.4586256838811096e-05	0.0
0.0	0.0
-0.00010898031177930534	1.0
-0.0004396902222651988	1.0
0.0	0.0
0.0	1.0
0.0	0.006472491909385114
-0.00010638031380949542	0.07344064386317907
-0.0006832275539636612	0.0
0.0	0.0010787486515641855
0.0	0.0
0.0	0.0
-1.9778214266352734e-07	1.0
-0.0004550498561002314	0.0
-0.003048887476325035	0.0
0.0	0.0
0.0	1.0
0.0	1.0
0.0	0.0
-0.004672354087233543	0.0
0.0	0.0
-0.00010923048830591142	1.0
0.0	0.0
-0.00014822276716586202	0.0
0.0	0.0
-0.015126239508390427	0.0
-0.12163852155208588	0.0
-6.949073576834053e-05	0.0
-6.691170710837469e-07	0.0
0.0	0.0
-3.6712019535478646e-10	0.0
0.0	0.0
-2.4913579181884415e-06	1.0
0.0	1.0
0.0	0.0
0.0	1.0
-0.003191491821780801	0.0
0.0	0.0
-0.0026543946005403996	0.0
0.0	0.0
0.0	0.0
-0.0011697071604430676	0.0
0.0	1.0
0.0	0.0
0.0	0.0
0.0	0.0
0.0	1.0
-0.0023760583717375994	0.0
0.0	0.0
-0.002404279075562954	0.0
0.0	0.0
-3.1387269245897187e-06	1.0
0.0	1.0
0.0	1.0
0.0	0.303
0.0	0.303
0.0	0.0
-0.0013410247629508376	0.0
0.0	0.0
-0.005060091149061918	0.054519368723098996
0.0	0.038
-0.0032426377292722464	0.0
-0.00017948588356375694	0.0
-2.487656502125901e-06	0.0
0.0	0.0
-0.004278344102203846	0.0
-1.98576586285526e-07	0.0
-5.682483242708258e-05	0.0
0.0	0.001
0.0	0.001
0.0	0.0
0.0	0.0
-0.019502073526382446	0.0
-0.00012274876644369215	0.0
0.0	0.0
-0.00812355987727642	0.0
0.0	1.0
0.0	0.0
0.0	0.0
-0.000173061533132568	1.0
0.0	1.0
-1.0851418652535472e-09	1.0
0.0	1.0
0.0	0.0
-1.1738998182408977e-05	0.0
-0.0010996881173923612	0.0
0.0	0.0
-1.4298269945811626e-07	0.0
-0.001281214994378388	0.0
-0.1292702853679657	0.0
-8.907689448278688e-07	0.0
-3.7069407881062943e-06	0.0
-0.00020005719852633774	0.0
-1.5573418110648163e-08	0.0
-0.002724762773141265	0.0
-5.420328761829296e-06	1.0
-2.9239659852464683e-05	0.0
-1.628608146120314e-07	0.0
0.0	1.0
0.0	0.0
0.0	1.0
-5.556835458264686e-05	1.0
0.0	1.0
-9.337932169728447e-06	0.013
0.0	0.0
0.0	0.0
-0.0034476793371140957	0.006
-3.113432512691361e-06	0.0
0.0	1.0
0.0	0.0
-3.074051346629858e-05	0.0
0.0	0.0
-1.619216732251516e-06	0.0
0.0	0.0
0.0	0.0
0.0	0.098
-3.0491906954921433e-07	0.098
-0.004526322707533836	0.098
0.0	1.0
-0.003910665865987539	0.0
0.0	0.0
0.0	0.0
-2.0692896214313805e-05	0.0
-0.0020328087266534567	0.0
-0.0003713738115038723	0.0
0.0	0.0
-0.04773253947496414	0.0
-0.0004488768463488668	0.0
-0.0034147282131016254	0.0
0.0	0.0
0.0	0.0
0.0	0.0
0.0	0.0
0.0	0.0
-0.0025909114629030228	0.0
-2.2837346591586538e-07	0.0
0.0	0.0
0.0	0.0
0.0	0.0
-0.007130371406674385	0.0
0.0	1.0
0.0	1.0
0.0	0.0
-0.002461522351950407	0.0
0.0	0.0
0.0	0.0
0.0	0.0
0.0	1.0
0.0	0.0
0.0	1.0
0.0	0.0
-6.110127959146894e-10	0.0
-4.0603145845530264e-10	0.0
0.0	0.0
0.0	0.0
0.0	0.0
0.0	0.0
-0.00032547168666496873	0.006
-0.00041005437378771603	0.006
0.0	0.006
-0.006771398242563009	0.0
0.0	1.0
0.0	0.006
0.0	0.0
0.0	0.014
0.0	1.0
-0.002317029982805252	0.014
-0.00020836391195189208	0.014
0.0	1.0
-8.669648377690464e-05	1.0
-0.0001327853969996795	1.0
-2.8538242986542173e-05	0.0
0.0	0.0
-0.019061638042330742	0.0
0.0	0.308
-7.752193596388679e-06	0.308
0.0	1.0
0.0	0.0
0.0	0.0
-1.2109146155125927e-05	1.0
-0.008600033819675446	0.0
0.0	0.0
-3.4933173991984244e-16	0.0
-6.064791705284733e-06	0.0
0.0	0.0
-0.00595430051907897	0.0
0.0	0.0
-0.00290286960080266	0.0
-5.7681970311307396e-09	0.0
0.0	0.0
0.0	0.0
0.0	1.0
-0.00016385057824663818	1.0
-0.0334995798766613	0.0
0.0	0.0
-8.588084483562852e-07	0.0
-5.5960018841005876e-08	1.0
-8.011735917534679e-05	0.0
-0.001930920174345374	0.0
-8.470598089616033e-08	0.0
0.0	0.0
0.0	0.0
-0.001342090079560876	0.0
-2.686784318939317e-05	0.0
-0.00070508400676772	0.0
0.0	0.0
-0.002577835228294134	0.0
0.0	0.0
0.0	0.0
0.0	0.0
-0.005520176608115435	0.0
0.0	0.038
0.0	1.0
-0.00040933865238912404	1.0
0.0	0.0
0.0	1.0
-1.626704829504888e-06	0.0
0.0	1.0
-2.3128388420445845e-05	0.0
-0.0002522459253668785	0.0
0.0	0.1292517006802721
-0.0005352962180040777	1.0
0.0	0.038
0.0	0.0
-0.001745146350003779	0.0
0.0	0.0
-8.71788927270245e-07	0.0
0.0	1.0
-2.472686901455745e-06	0.0
0.0	0.0
0.0	0.0
-4.285422619432211e-05	1.0
0.0	0.0
0.0	0.007
0.0	1.0
0.0	1.0
0.0	0.0
-0.054592374712228775	0.0
0.0	0.0
0.0	0.0
0.0	0.0
0.0	0.0
0.0	0.0
0.0	0.009
0.0	0.0
0.0	0.0
0.0	0.0
0.0	0.0
0.0	0.0
0.0	0.0
-1.2635454904597054e-09	1.0
0.0	1.0
0.0	1.0
0.0	0.0
-5.930962743150303e-07	1.0
0.0	1.0
-1.912947482196614e-05	0.141
-0.02957196719944477	0.0
0.0	1.0
0.0	0.0
0.0	0.0
0.0	0.002
-0.00011595016985666007	0.002
0.0	0.002
0.0	0.0
-2.4066227979346877e-06	0.0
0.0	0.0
0.0	0.0
0.0	0.0
0.0	0.0
0.0	0.0
0.0	0.0
0.0	0.0
0.0	0.0
-5.4463380365632474e-05	0.0
-0.0022639231756329536	0.003
0.0	0.003
0.0	0.0
-0.00042955210665240884	0.0
-0.0016241151606664062	0.0
0.0	0.0
0.0	0.0
0.0	0.0
-6.367805781337665e-06	1.0
0.0	0.0
-0.003773260163143277	0.013
0.0	1.0
-8.858439291348566e-14	0.0
0.0	0.0
0.0	0.004
0.0	1.0
-0.042425625026226044	0.0
-2.3015536498860456e-05	1.0
-1.487643658037996e-05	1.0
0.0	0.0
-5.263409974531896e-08	0.004
0.0	0.004
-0.004897716920822859	0.004
0.0	1.0
0.0	0.0
0.0	0.0
-4.97167604862625e-07	0.0
0.0	0.01
0.0	0.017
-0.0034594337921589613	0.0
-0.005632595159113407	0.017
-1.5540679669356905e-05	0.0
-0.0012130032991990447	0.0
0.0	0.0
-3.1409783662894597e-09	0.0
-1.8780674508889206e-05	0.017
-0.009604818187654018	0.0
0.0	0.0
-0.011106491088867188	0.0
0.0	1.0
0.0	1.0
0.0	0.0
0.0	1.0
0.0	0.0
-0.0002472582273185253	0.0
-8.531818821211345e-06	0.0
0.0	0.0
-1.3807250454078712e-08	0.0
0.0	0.0
-0.007250611204653978	0.0
0.0	0.0
-0.0031577113550156355	0.0
0.0	0.0
-4.0925013378156905e-11	0.0
-0.001166919362731278	0.0
-0.00035933865001425147	0.0
0.0	0.0
-5.615585219054253e-10	0.0
0.0	1.0
0.0	0.0
0.0	0.0
0.0	1.0
0.0	0.0
0.0	0.0
-4.090820220881142e-05	1.0
-0.000279553874861449	1.0
0.0	1.0
0.0	0.0
0.0	0.0
-2.7047944968217053e-05	1.0
-0.0001548935251776129	0.0
0.0	0.0
-0.0031498936004936695	0.0
-0.010560385882854462	0.0
0.0	0.0
-0.01240385789424181	0.0
0.0	0.0
-6.104758085712092e-06	0.0
-2.3288084349815108e-08	0.0
0.0	0.0
0.0	0.0
-0.00045175751438364387	0.0
-4.608283416018821e-05	0.0
-0.010243364609777927	0.0
0.0	0.0
-1.1267688115879082e-08	0.0
0.0	0.0
-0.06482286006212234	0.0
-1.3135933841113001e-05	0.0
0.0	0.0
0.0	0.0
-0.0004650739429052919	0.0
-1.7951460904441774e-06	1.0
0.0	1.0
0.0	0.0
-3.0805008464085404e-06	0.0
0.0	0.0
-0.002557707019150257	0.0
0.0	0.0
0.0	0.0
-0.0006668210262432694	0.0
-0.04344611614942551	0.0
0.0	1.0
0.0	1.0
0.0	1.0
-0.004075171891599894	0.0
0.0	1.0
0.0	1.0
-1.4664630398897316e-08	1.0
-8.57531722431304e-06	0.0
-0.0006913907127454877	1.0
-2.2711259362040437e-07	1.0
-0.00020436815975699574	0.0
-5.825455900776433e-06	0.0
-3.6132809100308805e-07	1.0
0.0	1.0
0.0	1.0
0.0	1.0
0.0	1.0
0.0	1.0
0.0	0.0
-0.001254567177966237	0.001
0.0	0.0
-6.264866897254251e-06	0.0
-1.2599845831573475e-05	1.0
0.0	1.0
0.0	1.0
-0.09522925317287445	0.0
0.0	0.0
-4.038037332065869e-06	1.0
0.0	0.0
0.0	0.0
0.0	1.0
0.0	0.0
0.0	0.0
-0.00019965265528298914	1.0
0.0	0.0
0.0	0.0
0.0	0.0
-2.1013667719671503e-05	1.0
0.0	0.0
-0.0022068528924137354	0.0
0.0	0.0
-4.751033702632412e-05	0.0
0.0	1.0
0.0	0.0
-0.0004937578341923654	0.0
-3.2523555546504213e-06	1.0
-2.1171761545701884e-05	0.0
-5.629024713016406e-08	0.0
0.0	0.697
0.0	1.0
0.0	0.0
-1.6472924357913143e-07	0.0
-0.006237052846699953	0.0
-5.978877393175708e-09	0.0
-0.0063115740194916725	0.0
0.0	0.0
0.0	0.0
0.0	0.0
-1.9080682989169873e-07	1.0
-0.0022473721764981747	0.0
-0.003448148723691702	0.0
-0.0015777936205267906	0.0
0.0	0.0
0.0	0.0
0.0	0.0
0.0	0.0
0.0	0.0
-1.9429724488873035e-05	0.0
0.0	0.0
-0.00037627757410518825	1.0
-0.0015020201681181788	0.0
0.0	0.0
-0.00014432394527830184	0.0
-4.604078276315704e-05	0.0
0.0	1.0
0.0	0.0
-2.776884321065154e-05	0.0
-3.3289416023762897e-07	1.0
0.0	1.0
-0.02864682488143444	0.0
0.0	0.045
-9.733728802530095e-05	0.0
0.0	1.0
0.0	1.0
0.0	0.007
0.0	0.007
0.0	0.0
-0.00260939565487206	1.0
-0.00012715274351648986	1.0
0.0	0.0
-2.9561747396655846e-06	0.0
0.0	0.0
0.0	0.0
0.0	0.0
0.0	0.0
0.0	1.0
-9.055045602224254e-09	0.0
0.0	0.0
0.0	1.0
0.0	0.0
0.0	0.0
0.0	0.001
-0.0016660736873745918	0.0
0.0	0.001
-2.5374070901307277e-05	0.0
-0.0001315852568950504	0.294
0.0	0.294
0.0	0.294
0.0	0.0
-0.00017521055997349322	0.0
-1.9883489130734233e-06	0.0
0.0	0.0
-1.3650519576913211e-05	0.0
0.0	1.0
0.0	0.0
0.0	1.0
0.0	0.0
0.0	0.0
0.0	0.0
0.0	0.38
-0.0030305925756692886	0.0
-7.908328552730381e-05	1.0
0.0	0.0
0.0	0.0
-0.0012084604240953922	1.0
0.0	1.0
-6.436311377910897e-05	0.0
0.0	0.0
-0.01253650151193142	0.0
0.0	0.0
0.0	0.0
0.0	0.0
0.0	0.0
0.0	0.0
0.0	0.0
0.0	0.0
0.0	0.0
0.0	0.0
-0.0002027037407970056	0.0
0.0	0.0
0.0	0.0
-0.0002808880526572466	0.0
0.0	0.0
-1.6105501288166124e-07	0.0
0.0	0.072
0.0	0.072
0.0	0.0
-0.0014359828783199191	0.0
0.0	1.0
-0.0005280085024423897	1.0
-1.617060547687288e-06	0.0
-1.3713705811824184e-05	0.016
-0.0017257671570405364	0.016
0.0	0.0
0.0	0.0
0.0	0.0
0.0	1.0
-0.00021291602752171457	0.0
0.0	0.0
0.0	0.0
0.0	0.0
0.0	0.045
0.0	0.0
-9.039658471010625e-05	1.0
0.0	1.0
-0.00038334057899191976	1.0
0.0	0.0
0.0	1.0
0.0	0.0
0.0	0.0
0.0	0.0
-0.0028235798235982656	0.0
-1.1735504813259467e-05	0.0
-0.001511263195425272	0.0
-0.0010168763110414147	0.0
0.0	0.0
-0.005932283122092485	0.0
0.0	0.0
-1.4628655662818346e-05	0.0
0.0	0.0
0.0	0.0
-1.4608635012791638e-07	0.0
0.0	0.0
0.0	1.0
-0.0017090699402615428	1.0
-1.500986286373518e-06	1.0
-0.0013779571745544672	1.0
0.0	0.0
-0.00015226980031002313	1.0
0.0	0.0
0.0	0.0
-5.439170706715568e-13	0.0
-1.8729991516086564e-12	0.161
-0.0007739998400211334	0.0
0.0	0.0
-3.2312016173818847e-06	1.0
0.0	1.0
0.0	1.0
-0.00029073579935356975	1.0
-6.814401422161609e-05	0.0
0.0	0.0
0.0	1.0
0.0	0.0
-7.699184607190546e-06	0.0
-0.00044770451495423913	0.0
0.0	1.0
-0.002165179466828704	0.0
-0.00010216913506155834	1.0
0.0	1.0
0.0	0.0
0.0	0.03296703296703297
-0.002279459498822689	0.0
-1.014957160805352e-05	1.0
0.0	1.0
0.0	1.0
0.0	0.0
-0.006061988417059183	1.0
-0.00045968088670633733	1.0
-1.885517849586904e-05	0.0
0.0	0.0
-0.0022782310843467712	0.0
0.0	0.0
0.0	0.0
0.0	0.0
0.0	0.0
-5.2288687584223226e-05	0.0
0.0	0.0
-9.728335862746462e-05	0.0
0.0	0.0
0.0	0.0
0.0	1.0
-0.003208118723705411	0.0
-0.013855242170393467	0.0
0.0	0.0
0.0	0.0
0.0	1.0
0.0	0.0
0.0	1.0
0.0	0.0
0.0	0.0
0.0	1.0
0.0	0.0
0.0	0.0
0.0	0.0
-7.832232284954443e-08	0.0
0.0	0.0
-2.968498336031189e-07	0.0
0.0	1.0
0.0	1.0
0.0	0.0
0.0	1.0
0.0	1.0
0.0	0.0
0.0	0.0
0.0	1.0
-0.0013122675009071827	0.0
0.0	0.0
-0.026943784207105637	0.0
0.0	0.0
0.0	0.0
-0.0003092254919465631	0.0
-0.000175656852661632	0.0
-4.810851805814309e-06	0.0
-5.37770647497382e-05	0.0
0.0	0.0
0.0	0.0
0.0	1.0
0.0	0.0
0.0	0.0
-2.2194366465555504e-05	0.0
-0.018511459231376648	0.0
0.0	1.0
0.0	0.029
-0.0003243827959522605	0.029
0.0	0.0
-0.0025556134060025215	0.0
0.0	1.0
0.0	0.0
-0.0003617910260800272	0.0
-0.005894829984754324	0.0
-3.0003770916664507e-06	0.0
-5.986185325213e-09	0.0
-0.0002449330931995064	1.0
0.0	1.0
0.0	0.0
0.0	0.0
-2.2354590328177437e-05	0.0
-0.0008693718700669706	0.0
0.0	0.0
0.0	1.0
-0.0007290260982699692	0.0
-0.0012832345673814416	1.0
0.0	1.0
0.0	1.0
-2.9532340704463422e-05	0.0
-0.0014950806507840753	1.0
0.0	1.0
0.0	1.0
0.0	0.0
-0.001173754339106381	1.0
0.0	0.089
0.0	0.0
-0.0006377820391207933	0.0
-0.0035059999208897352	1.0
0.0	0.0
-0.0026191980578005314	0.0
0.0	1.0
0.0	1.0
0.0	0.0
0.0	0.0
-0.00795864686369896	0.0
0.0	0.0
0.0	0.0
-1.6565620171604678e-05	0.0
0.0	0.0
0.0	0.0
0.0	0.0
-3.843040394713171e-05	1.0
0.0	1.0
0.0	1.0
-1.2908911628528585e-07	0.0
-1.1492475199536118e-18	1.0
-5.916701297792315e-07	0.0
-0.00013170645979698747	0.0
0.0	0.0
-2.627380490594078e-05	0.0
0.0	0.0
-0.0023790474515408278	0.0
0.0	0.0
-3.73633301933296e-05	0.0
0.0	0.0
-1.1445729919401515e-09	0.0
0.0	0.0
0.0	1.0
0.0	0.0
0.0	0.0
0.0	0.0
0.0	0.0
0.0	1.0
0.0	0.0
0.0	1.0
0.0	0.0
-8.527277532266453e-05	0.0
0.0	0.0
-0.026372281834483147	0.0
0.0	0.0
-0.001356738619506359	0.0
0.0	1.0
0.0	0.0
-0.0038184456061571836	0.0
0.0	0.0
-0.0007588936714455485	1.0
0.0	0.0
0.0	1.0
0.0	0.0
0.0	0.0
0.0	1.0
-0.0005611085798591375	1.0
-2.640960883582011e-05	0.0
0.0	1.0
-1.436955324812724e-22	0.0
0.0	1.0
-2.798285159144598e-09	0.0
-2.7860977525051567e-07	1.0
0.0	0.0
0.0	0.0
0.0	0.0
