-0.005462631583213806	0.0
0.0	1.0
-1.44792089429302e-08	1.0
0.0	1.0
-7.997622560651507e-06	1.0
0.0	1.0
-0.0019045755034312606	0.0
-0.0002718724717851728	0.0
0.0	1.0
-1.9112832205792074e-07	0.0
0.0	0.0
0.0	0.0
0.0	0.0019193857965451055
0.0	0.0
0.0	1.0
0.0	1.0
-0.0692041739821434	0.0
-0.06389138847589493	0.0
0.0	0.0
0.0	0.0
0.0	1.0
0.0	1.0
0.0	1.0
0.0	1.0
-0.0010038143955171108	0.0
0.0	1.0
0.0	1.0
-7.141382411646191e-06	0.0
0.0	1.0
0.0	0.0
-0.002538384171202779	1.0
-0.00010251330968458205	0.005
-0.0005919582908973098	1.0
0.0	1.0
-5.5035005061654374e-05	0.0
0.0	1.0
-0.005167032591998577	0.0
0.0	1.0
0.0	1.0
-0.0002718257310334593	0.0017730496453900709
0.0	0.011538461538461539
0.0	0.0
0.0	0.023
0.0	0.0
0.0	0.006
0.0	0.0
0.0	0.0
0.0	0.001
0.0	1.0
0.0	0.001
-0.0005922183627262712	0.001
0.0	0.0
-0.045328229665756226	0.0
-2.8945426038262667e-06	0.0
0.0	0.003
0.0	0.0
-1.6682054138073e-07	0.003
-0.016922052949666977	0.0
0.0	0.0
0.0	0.0
0.0	0.0
-1.9646869654559393e-17	1.0
0.0	0.0
-0.0017187659395858645	0.025
0.0	0.0
0.0	0.0
0.0	0.0
-2.589471114333719e-05	1.0
0.0	1.0
0.0	0.0
-2.392481837887317e-05	0.0
0.0	1.0
0.0	0.0
-0.029720846563577652	0.0
0.0	0.15
-0.031183116137981415	0.0
0.0	0.0
-0.01128459069877863	0.0
-0.0009563435451127589	1.0
0.0	1.0
0.0	0.14754098360655737
-0.0005823137471452355	1.0
0.0	0.028037383177570093
0.0	0.14754098360655737
0.0	0.0
0.0	0.144
-2.6970386812763536e-08	0.0
-0.0033983848989009857	0.0
0.0	0.0
0.0	1.0
-5.235281423665583e-05	1.0
0.0	1.0
0.0	0.0
0.0	0.0
0.0	1.0
-2.2273722866117396e-09	1.0
0.0	1.0
-6.510719686048105e-05	0.0
0.0	0.0
0.0	1.0
-0.010870657861232758	0.0
-5.436084360432858e-10	0.0
0.0	0.0
0.0	0.0
0.0	0.0
0.0	1.0
-0.01354113407433033	0.0
0.0	1.0
-0.0007068624254316092	1.0
0.0	1.0
0.0	0.0
-5.835238698637113e-05	1.0
0.0	0.0
0.0	0.0
0.0	0.0
0.0	1.0
-2.437882642425393e-07	1.0
-3.916337391274283e-06	1.0
-2.399420509391348e-06	1.0
0.0	0.0
-8.897333714230626e-08	1.0
0.0	0.0
-0.00017540162662044168	0.0
0.0	0.0
0.0	1.0
-3.327160413846286e-07	0.0
0.0	1.0
-5.306268576532602e-05	0.0
-1.1344267250024131e-06	0.0
0.0	0.0
-0.00014457409270107746	0.0
0.0	0.0
0.0	0.0
0.0	0.0
0.0	0.0
-0.00032505212584510446	0.0
0.0	1.0
-1.397561572957784e-05	1.0
0.0	1.0
0.0	1.0
-4.947330671711825e-05	0.034
0.0	0.034
-0.0006175908492878079	0.0
0.0	1.0
-1.0002215731219621e-06	0.004545454545454545
-0.00012789330503437668	1.0
0.0	0.0
0.0	0.0
-4.960892692906782e-05	0.0
-2.533555198169779e-05	0.0
-0.00030477100517600775	0.0
-4.378573198460245e-11	1.0
0.0	0.0
-0.0008875478524714708	0.0
-0.0065276967361569405	0.0
0.0	0.0
0.0	0.0
0.0	0.0
-8.844167176391693e-09	1.0
-1.6474149333589594e-07	0.0
-2.586531081760768e-05	0.0
0.0	0.0
0.0	1.0
-0.011259947903454304	0.0
-0.0002665952779352665	0.0
0.0	0.0
0.0	0.001
0.0	0.004
0.0	1.0
0.0	1.0
-2.1513393221539445e-05	0.0
-0.0014643518952652812	0.0
0.0	0.0
-1.5032705960038584e-05	1.0
-0.009134819731116295	0.0
-8.226554655266227e-07	0.0
0.0	1.0
0.0	1.0
-0.024987751618027687	0.0
-0.0011614332906901836	0.0
-0.006977550685405731	0.0
-0.007527881767600775	0.0
0.0	1.0
-0.0005019251839257777	0.0
-0.002040535444393754	0.0
0.0	0.0
0.0	1.0
-2.1378365744340044e-10	1.0
0.0	1.0
0.0	0.0
-9.049603733046752e-09	1.0
0.0	1.0
0.0	0.002
-0.05457893759012222	0.0
0.0	1.0
-0.0009832980576902628	0.0
-0.029844319447875023	0.0
-3.98414044866513e-07	1.0
0.0	0.0
-0.0001541967794764787	1.0
-0.0005844641127623618	1.0
-2.8301246857154183e-07	0.0
0.0	1.0
-0.005172583740204573	0.17216117216117216
0.0	1.0
-0.000568163872230798	1.0
-0.00025221091345883906	1.0
-2.6408786652609706e-05	1.0
0.0	0.0
0.0	1.0
0.0	0.0
-9.333257366961334e-06	1.0
-5.324734502210049e-06	1.0
-8.255839020421263e-06	0.0
0.0	0.0
0.0	0.0
0.0	0.0
-9.656754562659131e-11	1.0
0.0	0.521
0.0	0.0
0.0	0.0
-0.004297282081097364	0.0
-0.0017936984077095985	1.0
0.0	0.0
-7.292751251952723e-05	0.0
0.0	1.0
0.0	0.0
0.0	0.0
0.0	0.0
0.0	1.0
0.0	0.0
0.0	0.0
0.0	0.005
-0.0006790724582970142	0.0
-0.002703060396015644	0.0
0.0	1.0
0.0	1.0
0.0	0.0
0.0	0.0
0.0	1.0
0.0	1.0
-2.1742895114584826e-05	1.0
-0.002825590316206217	1.0
-0.0014244827907532454	0.0
0.0	1.0
0.0	0.0
0.0	0.0
-0.00017805330571718514	0.0
-1.1306708984193392e-05	1.0
-0.0005687483353540301	1.0
-4.625654764822684e-05	1.0
0.0	0.0
0.0	0.0
-1.649691694183275e-05	0.0
-0.00021195101726334542	1.0
-0.004914027638733387	0.0
0.0	0.0
-0.00014889267913531512	1.0
-0.0030109258368611336	0.0
-1.4512764209939633e-05	0.0
0.0	1.0
-2.6724178496806417e-06	0.0
-1.1549531336640939e-05	1.0
0.0	1.0
0.0	1.0
0.0	0.0
0.0	0.0
0.0	1.0
0.0	0.0
0.0	0.0
0.0	0.0
0.0	0.22
0.0	0.0
0.0	0.0
0.0	1.0
-0.0029433679301291704	0.0
-7.260825077537447e-05	1.0
0.0	1.0
-0.0003040809533558786	1.0
-0.0007318680873140693	1.0
-3.4295204386580735e-05	1.0
0.0	1.0
-9.56820986175444e-06	0.0
-0.0006088638328947127	0.0
-0.008518652990460396	0.0
-0.10203063488006592	0.0
0.0	0.0
-0.005424764472991228	0.0
0.0	1.0
0.0	0.0
0.0	1.0
0.0	0.004
-0.000704132195096463	0.0
-8.947607654796741e-10	0.0
0.0	0.0
-1.1684338119266613e-07	0.0
-0.0013843138003721833	1.0
0.0	1.0
-0.00012584707292262465	0.0
-1.1425826647662451e-13	1.0
-4.2010909965028986e-05	0.0
0.0	1.0
0.0	1.0
-2.157086100851302e-06	1.0
-4.056736457869192e-08	0.0
-5.08010145949811e-07	1.0
-0.0004342400352470577	0.0045662100456621
0.0	1.0
-0.0010949209099635482	0.003
-2.2493007634238893e-07	0.0
0.0	0.0
0.0	1.0
0.0	1.0
0.0	0.0
-2.4383969048358267e-06	1.0
-0.0012619983172044158	0.0
0.0	1.0
-2.3587212738540586e-10	1.0
-1.7110009139287286e-05	1.0
-0.003120511071756482	1.0
-0.04119368642568588	0.0
0.0	1.0
-0.010250129736959934	0.0
0.0	0.0
0.0	0.0
-6.659104911932445e-08	0.0
-0.000559395004529506	1.0
0.0	0.0
0.0	0.0
0.0	1.0
0.0	0.044
0.0	0.044
0.0	0.044
-0.004342838190495968	0.001
-5.690140096703544e-05	0.0
0.0	0.001
0.0	1.0
0.0	0.0
0.0	1.0
0.0	1.0
0.0	1.0
0.0	0.0
0.0	0.023
0.0	0.023
-0.0015006244648247957	0.0
0.0	0.0
-7.613180787302554e-05	0.0
0.0	0.0
0.0	1.0
0.0	0.0
0.0	0.0
0.0	1.0
0.0	1.0
-0.0021032015793025494	0.0
0.0	1.0
0.0	0.003048780487804878
0.0	1.0
-0.00022782947053201497	0.05913978494623656
-6.122804346864186e-11	1.0
0.0	1.0
0.0	0.0
-0.0001605405705049634	0.0
0.0	1.0
0.0	1.0
0.0	1.0
-0.0033716873731464148	1.0
0.0	1.0
0.0	0.0
0.0	1.0
0.0	1.0
0.0	1.0
-7.617746291543881e-07	1.0
-8.581067231716588e-05	1.0
-0.0005929511971771717	1.0
-0.00029277289286255836	1.0
0.0	0.0
0.0	1.0
0.0	1.0
-0.07244483381509781	0.0
0.0	0.049
0.0	1.0
-2.686389234440867e-05	0.0
-0.008403758518397808	0.0
-2.2300283741639234e-16	0.0
0.0	0.0
-0.0113582918420434	0.0
0.0	1.0
-0.00011296076263533905	1.0
0.0	0.006
-1.0702928193495609e-05	0.0
0.0	0.006
-5.7045126595767215e-05	0.0
-0.0006547285011038184	1.0
0.0	0.03125
0.0	0.008255933952528379
0.0	1.0
-0.0020363579969853163	0.0020639834881320948
0.0	0.031062124248496994
0.0	1.0
-0.0009589440305717289	1.0
0.0	0.031062124248496994
0.0	0.002
-0.002540361136198044	0.0
0.0	0.006
0.0	0.006
0.0	0.0
0.0	0.0
0.0	1.0
0.0	1.0
-0.04026897996664047	0.0
-2.729206416418606e-09	1.0
0.0	0.0
0.0	0.0
0.0	1.0
0.0	0.0
0.0	1.0
-0.0010329822544008493	0.0
0.0	0.0
0.0	0.0
0.0	0.0
0.0	0.0
-4.654286749428138e-05	1.0
0.0	0.0
0.0	0.0
-0.0008176475530490279	0.0
0.0	0.001
-0.0014097541570663452	0.001
0.0	0.001
0.0	0.001
0.0	1.0
0.0	0.0
0.0	0.001
-0.004224720411002636	0.0
0.0	0.0
0.0	0.0
-4.377425939089408e-12	1.0
-5.39669375854146e-09	1.0
0.0	1.0
0.0	0.0
0.0	1.0
-4.0917655041994294e-07	0.0
-8.256382799665118e-10	1.0
0.0	1.0
-0.005446719471365213	0.0
-0.0004352583782747388	1.0
-3.631016443250701e-05	0.0
-0.025450818240642548	0.0
0.0	1.0
-0.00015567211084999144	1.0
-0.0002416060451650992	1.0
-0.00039462524000555277	1.0
-1.490642098644912e-08	1.0
0.0	0.0
-0.009160234592854977	0.0
0.0	0.0
0.0	0.0
-0.012668633833527565	0.0
0.0	0.0
-0.0017891892930492759	1.0
0.0	1.0
0.0	1.0
0.0	0.009
0.0	0.0
0.0	1.0
-1.0018313787441002e-06	0.0
0.0	1.0
0.0	0.0
0.0	1.0
-0.0007383690681308508	1.0
0.0	0.004
0.0	1.0
-0.006574948783963919	0.004
0.0	0.004
0.0	0.0
0.0	1.0
0.0	0.007677543186180422
0.0	0.004
0.0	0.0
-0.00033128962968476117	0.0
0.0	0.0
0.0	0.0
0.0	1.0
0.0	1.0
0.0	0.0
0.0	0.0
0.0	1.0
0.0	1.0
-0.0003562264028005302	1.0
0.0	1.0
0.0	1.0
0.0	1.0
0.0	1.0
0.0	0.0
-1.1762350368371699e-05	1.0
0.0	0.013800424628450107
0.0	1.0
0.0	1.0
-1.6687479728716426e-05	0.006
0.0	0.0
-0.0013382772449404001	1.0
0.0	0.0
0.0	0.016
-0.0003325717698317021	1.0
0.0	0.0
0.0	1.0
0.0	0.001
-0.00021547538926824927	1.0
-0.00019231444457545877	0.001
0.0	0.001
0.0	1.0
-2.8706279408652335e-05	0.0019193857965451055
0.0	0.0
0.0	0.0
-3.8546368159586564e-05	1.0
-0.00010841084440471604	0.0
0.0	0.0
0.0	1.0
-0.0007531814044341445	0.0
0.0	0.0
0.0	0.0
-7.61719547881512e-07	0.0
0.0	0.0
0.0	0.0
-0.00016179730300791562	0.0
0.0	0.0
-2.792301756926463e-06	0.0
0.0	0.0
-9.703881914902013e-06	0.0
-5.342783993000921e-08	0.0
-1.2129504511904088e-07	0.0
-0.00013081867655273527	0.0
0.0	1.0
-0.010963949374854565	0.0
0.0	1.0
0.0	0.0
0.0	0.0
0.0	1.0
-4.117866225783473e-08	1.0
0.0	0.0
0.0	1.0
-0.0063967895694077015	0.0
0.0	0.0
-7.363477925537154e-05	1.0
0.0	0.0
0.0	1.0
-0.0011719585163518786	1.0
-0.0007807883084751666	0.0
-0.01059943251311779	0.0
0.0	0.0
0.0	0.14314314314314314
-0.00014675087004434317	1.0
-0.000855955935548991	0.0
0.0	1.0
-0.008262167684733868	0.0
0.0	0.001
-0.0011948039755225182	0.001
-0.0013972764136269689	0.0
-8.861245441948995e-05	0.0
0.0	0.001
-0.0007367752259597182	0.0
0.0	0.0
-9.219888306688517e-05	0.0
-0.0020789289847016335	0.0
0.0	0.0
0.0	0.0
0.0	0.0
0.0	0.0
-5.403629984357394e-06	0.0
-0.002141323173418641	0.0
0.0	0.038
0.0	0.0
0.0	0.0
-0.002598833292722702	0.038
0.0	0.0
-0.0008342851069755852	0.0
0.0	0.0
-7.049558189464733e-05	1.0
0.0	0.0
0.0	0.0
0.0	0.0
-8.031556717469357e-06	0.0
0.0	0.014925373134328358
0.0	0.0
0.0	1.0
0.0	0.0
0.0	0.0
0.0	1.0
-0.00025720641133375466	0.0
0.0	1.0
0.0	0.0
-9.129961836151779e-05	0.0
-1.074892861652188e-05	0.006
0.0	0.0
-0.0546276792883873	0.0
0.0	0.0
-0.017977464944124222	0.0
0.0	1.0
0.0	1.0
0.0	0.005005005005005005
0.0	1.0
0.0	0.0
0.0	0.005005005005005005
0.0	0.03203203203203203
-0.00037321276613511145	0.03203203203203203
0.0	0.005
0.0	0.0
0.0	1.0
-0.0017093631904572248	0.0
0.0	1.0
0.0	0.0
-8.099786619197857e-09	0.0
0.0	1.0
-5.796485424980347e-07	0.0
-1.0171520443691406e-06	0.0
0.0	0.0
-1.855602249634103e-08	0.025
-0.012313954532146454	0.0
0.0	0.0
0.0	0.0
0.0	0.0
-0.00041011295979842544	0.0
-0.0005746597307734191	0.0
-3.782864723689272e-06	0.0
-1.3750011476076907e-06	1.0
0.0	1.0
0.0	1.0
-0.0014209174551069736	0.0
-0.0002608416834846139	0.0
-5.13432314619422e-06	1.0
0.0	0.0
0.0	1.0
-0.07265003770589828	0.0
-4.6659810323035344e-05	1.0
0.0	0.0
-0.007553411182016134	0.002
0.0	0.0
-0.0013400528114289045	0.002
-6.570131461103301e-08	0.0
0.0	0.0
0.0	0.0
0.0	0.0
0.0	1.0
0.0	0.0
0.0	1.0
-8.350846655957866e-06	0.002
0.0	0.0
