0.0	0.0
0.0	1.0
0.0	1.0
-0.001160413958132267	0.0
0.0	1.0
0.0	0.0
-9.97683237073943e-05	0.0
-0.001182210398837924	0.0
0.0	0.0
-0.003898331429809332	0.0
-0.0003374543448444456	0.04613841524573721
-8.678389349370264e-06	0.0031446540880503146
-0.002090809168294072	1.0
0.0	1.0
0.0	0.0
0.0	1.0
-2.109999952537578e-09	0.0
-3.513178671710193e-05	1.0
0.0	1.0
-1.9371720554772764e-05	0.0
-4.7595582145731896e-05	0.0
-0.0005408693687058985	0.0
-0.00037634314503520727	0.0
-0.002435109345242381	0.0
0.0	0.0
-2.954531411192285e-11	0.0
0.0	1.0
0.0	0.0
-9.900302799792371e-12	0.0
0.0	0.0
0.0	0.0
0.0	1.0
0.0	1.0
0.0	1.0
-0.00036587243084795773	0.0
0.0	0.0
0.0	0.019
0.0	0.0
0.0	1.0
0.0	1.0
0.0	0.0
0.0	1.0
0.0	1.0
-0.0005910878535360098	1.0
0.0	0.0
-0.0007066037505865097	0.0
-2.375304347879137e-06	1.0
-0.000868485716637224	1.0
0.0	1.0
0.0	0.0
0.0	1.0
0.0	1.0
0.0	1.0
0.0	0.0
0.0	0.0
0.0	1.0
-0.027734095230698586	0.0
0.0	1.0
-0.10542118549346924	0.0
-0.005909484811127186	0.0
-0.002103881910443306	1.0
-8.1084374414786e-07	1.0
0.0	1.0
-7.819449820090085e-06	1.0
-4.284695933165494e-06	0.0
-0.0008357827900908887	1.0
0.0	1.0
0.0	1.0
0.0	0.0
0.0	1.0
-0.0047498345375061035	0.0
-0.0028295526280999184	0.0
0.0	1.0
-1.689983946562279e-05	0.0
0.0	1.0
-0.0016460001934319735	1.0
-0.00231569679453969	0.0
-2.5755955448403256e-06	0.0
-1.3897418284614105e-05	0.0
0.0	0.0
0.0	0.0
0.0	0.0
-3.617757329266169e-07	0.0
-4.6240508311257145e-08	0.0
-0.0003260237572249025	0.558
-2.9414217351586558e-05	1.0
0.0	0.0
0.0	0.558
0.0	0.558
-1.1800082120316802e-06	0.0
-4.402416653448427e-09	0.0
0.0	1.0
0.0	1.0
0.0	0.0
0.0	0.0
0.0	1.0
-3.7805837109772256e-06	1.0
0.0	0.762303664921466
-6.62367237964645e-05	1.0
-3.706162710059857e-09	0.0
0.0	1.0
0.0	1.0
0.0	0.0
0.0	1.0
-0.0012193277943879366	1.0
0.0	0.0
0.0	1.0
0.0	0.0
-4.5032017226276366e-08	1.0
0.0	1.0
-8.814831380732358e-05	1.0
0.0	0.014
-2.6538931706454605e-05	0.0
0.0	0.0
0.0	0.0
0.0	0.0
-0.0014725920045748353	0.0
-0.00025733275106176734	1.0
-0.0014007275458425283	0.0
0.0	1.0
0.0	1.0
0.0	1.0
0.0	0.0
0.0	0.0
-0.00219096802175045	1.0
-3.231679875170812e-05	1.0
0.0	0.0
0.0	1.0
-0.004058388527482748	0.143
-1.298076455213959e-07	0.0
-8.822729059918683e-14	0.0
0.0	0.0
0.0	0.0
0.0	0.558
0.0	0.0
-0.0005760349449701607	0.0
-1.3272851262513541e-08	0.0
-0.004605755675584078	0.0
0.0	1.0
0.0	1.0
-0.0010847878875210881	0.0
0.0	0.0
0.0	0.0
0.0	0.0
0.0	0.0
0.0	0.0
0.0	1.0
-0.017549661919474602	0.0
0.0	0.0
0.0	0.038461538461538464
-0.00028019380988553166	0.0
0.0	0.0
0.0	1.0
0.0	0.0
0.0	0.0
-1.909924867504742e-05	0.010090817356205853
-1.2414860066201072e-05	0.00909090909090909
0.0	1.0
-2.125283208442852e-05	1.0
-0.00012501767196226865	1.0
-0.006704383995383978	0.0
-0.009698444977402687	0.01
0.0	1.0
0.0	0.01
0.0	1.0
0.0	1.0
0.0	0.12512613521695257
0.0	1.0
-1.2627191381398006e-07	0.00101010101010101
-0.008660825900733471	0.0
0.0	1.0
0.0	1.0
0.0	0.0
0.0	1.0
0.0	1.0
0.0	0.12462006079027356
-0.0003098285524174571	0.0
0.0	0.013
0.0	1.0
0.0	1.0
-0.001562564168125391	1.0
-3.06633191939909e-05	0.0
0.0	1.0
-0.0017386628314852715	0.0
0.0	0.6057692307692307
0.0	0.441
0.0	1.0
0.0	0.0
0.0	0.0
-0.0001040219867718406	0.0
-0.0011241959873586893	0.0
-0.0076174186542630196	0.0
0.0	1.0
-5.811622472151612e-08	0.0
0.0	0.0
-0.00466141989454627	0.003
0.0	0.003
0.0	0.0
0.0	0.0
-0.002820353489369154	0.0
0.0	0.0
0.0	1.0
-0.0063286274671554565	0.0
0.0	0.17
0.0	0.0
0.0	0.0
-0.0004139234370086342	0.17
-0.027006227523088455	0.0
-0.001361848204396665	0.0
0.0	0.0
0.0	1.0
0.0	0.0
-5.153339213692654e-11	1.0
0.0	1.0
0.0	0.0
0.0	0.0
0.0	1.0
-1.1254164663582937e-15	0.0
-0.0020566764287650585	0.0
0.0	1.0
0.0	1.0
0.0	1.0
0.0	0.0
-2.7644939560190346e-14	1.0
0.0	0.019
0.0	1.0
0.0	0.019
-1.0128635040018708e-05	0.0
-1.2546763173304498e-05	1.0
0.0	1.0
-0.006390316877514124	0.0
0.0	0.0
0.0	1.0
-0.002216727240011096	0.0
-0.00012123517808504403	1.0
0.0	1.0
0.0	1.0
0.0	0.0
-7.036812348815147e-06	0.0
0.0	1.0
0.0	0.0
0.0	0.0
-0.0016195581993088126	0.0
-0.004051670432090759	0.0
0.0	0.0
0.0	1.0
0.0	0.0
-0.000454055581940338	1.0
0.0	1.0
0.0	1.0
0.0	1.0
-0.0003129866672679782	0.0
-0.0001876627211458981	0.0
-0.00019005192734766752	0.0
0.0	1.0
0.0	0.0
0.0	1.0
0.0	0.0
0.0	1.0
0.0	0.0
0.0	1.0
-0.002136553404852748	0.0
-0.00030192549456842244	0.0
-1.7159426657364918e-10	1.0
-6.617508188355714e-05	0.0
0.0	0.0
0.0	1.0
0.0	0.0
0.0	0.0
0.0	0.0
-0.004521496593952179	0.0
0.0	0.0
0.0	1.0
0.0	0.0
-5.320987952472933e-07	1.0
0.0	0.0
0.0	1.0
0.0	0.0
0.0	1.0
0.0	1.0
0.0	1.0
-0.009602278470993042	0.001
0.0	1.0
0.0	0.0
0.0	0.0
0.0	0.0
0.0	1.0
0.0	1.0
-1.7099001752285403e-06	0.0
0.0	0.0
-6.806286023675057e-07	1.0
0.0	1.0
-1.1065314538427629e-05	0.0
-0.000452220905572176	0.0
-0.031759221106767654	0.0
0.0	1.0
0.0	1.0
-9.334462083643302e-05	1.0
-2.3768665414536372e-05	0.0
0.0	1.0
0.0	1.0
0.0	1.0
-4.605611138686072e-06	1.0
0.0	1.0
0.0	1.0
0.0	0.0
0.0	0.0
0.0	0.0
-0.021377339959144592	0.0
0.0	1.0
0.0	1.0
0.0	0.0
0.0	1.0
-0.003657379187643528	0.0
0.0	0.0
-2.5783312594285235e-05	0.0
0.0	0.0
-0.0013642077101394534	0.0
-0.00013840400788467377	0.728
0.0	0.728
0.0	0.728
-3.5825325994665036e-06	0.0
0.0	0.0
0.0	0.0
0.0	0.0
-7.195137641247129e-07	0.0
0.0	0.0
0.0	0.0
-0.0056867278181016445	0.0
0.0	0.0
-0.00013011453847866505	0.0
-0.0005064978613518178	0.016
0.0	0.016
0.0	0.015
-0.0012537717120721936	0.015
0.0	0.0
-5.187453280086629e-05	0.0
0.0	1.0
0.0	0.004
0.0	0.004
0.0	1.0
0.0	0.0
0.0	0.272
0.0	1.0
0.0	1.0
-0.00024326929997187108	0.0
-7.157502888988088e-12	0.0
0.0	1.0
-1.5411196727654897e-05	0.0
-0.00014815051690675318	1.0
0.0	1.0
-5.5336757213808596e-05	1.0
0.0	1.0
0.0	1.0
-0.002759309019893408	0.0
0.0	0.1254355400696864
-3.878312337945999e-09	0.4574688796680498
0.0	1.0
-0.0021584443747997284	1.0
0.0	0.0
0.0	0.4574688796680498
0.0	0.4574688796680498
0.0	0.0
0.0	0.0
0.0	0.0
0.0	0.0
-0.015542746521532536	0.0
0.0	1.0
0.0	0.0
-0.001289793523028493	0.0
0.0	0.0
0.0	1.0
0.0	0.0
0.0	0.078
-2.30765544984024e-06	0.0
0.0	0.0
0.0	1.0
0.0	1.0
-0.00018915985128842294	0.0
-7.97608372522518e-05	0.0
0.0	0.0
0.0	1.0
0.0	0.0
0.0	1.0
-3.888593613776692e-10	1.0
-0.0004977098433300853	0.0
0.0	1.0
0.0	1.0
0.0	1.0
0.0	1.0
-0.004537852015346289	0.0
0.0	0.0
-0.000182285817572847	1.0
-7.4032159318448976e-06	1.0
0.0	1.0
0.0	1.0
-0.00943080522119999	0.0
0.0	1.0
0.0	1.0
0.0	0.0
0.0	1.0
0.0	0.0
-0.002929682144895196	0.0
-0.0012706724228337407	0.0
0.0	0.0
0.0	0.0
0.0	1.0
-2.2430171479540352e-15	0.0
0.0	0.0
-0.00010470380948390812	0.0
-0.0640660896897316	0.0
-0.0011431436287239194	0.0
0.0	1.0
-4.420366167323664e-05	1.0
0.0	1.0
-7.420291012749658e-07	1.0
0.0	0.0
0.0	0.272
0.0	0.0
0.0	1.0
0.0	0.0
-2.5841307760288146e-08	0.0
0.0	0.001
-0.0026522029656916857	0.001
-0.0007517091580666602	0.0
-2.3534403315039754e-09	1.0
-0.004379418212920427	0.0
0.0	1.0
-0.008268271572887897	0.0
-0.011748675256967545	0.0
-1.7565834014021675e-06	1.0
0.0	1.0
0.0	0.0
0.0	1.0
0.0	1.0
0.0	0.0
-7.40999894333072e-07	0.0
-0.0009701249073259532	0.0
-0.0003117840096820146	1.0
-1.3842360147009458e-07	0.0
-0.00016673390928190202	1.0
0.0	0.0
-6.285602285061032e-05	0.0
0.0	0.0
0.0	0.0
-0.00702463835477829	0.0
-0.00014901600661687553	1.0
0.0	0.0
-0.0009344125282950699	0.0
0.0	1.0
-4.386293585412204e-05	0.0
0.0	0.0
0.0	1.0
0.0	0.0
0.0	1.0
-0.00246203294955194	0.0
-0.00034002025495283306	0.0
0.0	0.0
0.0	0.14560439560439561
-0.00018979856395162642	0.272
-6.892192345731019e-07	0.0
-2.5174523443638464e-07	1.0
-8.546464300707157e-07	0.272
0.0	0.0
-0.0028575006872415543	0.0
0.0	1.0
0.0	0.0
0.0	0.0
0.0	0.0
0.0	0.0
0.0	0.06018518518518518
0.0	0.7943262411347518
-0.000275672588031739	0.0
0.0	0.0
0.0	1.0
0.0	0.0
-8.061320500019065e-07	0.0
-0.0005451792967505753	0.0
0.0	0.547
0.0	1.0
-0.011452171951532364	0.0
-0.0010044671362265944	0.0
0.0	1.0
0.0	1.0
0.0	1.0
-0.0010443531209602952	1.0
0.0	1.0
0.0	0.586
-7.005696578410436e-10	0.586
0.0	0.586
0.0	0.0
0.0	0.558
0.0	0.0
0.0	1.0
0.0	0.0
0.0	0.0
0.0	0.0
0.0	1.0
-0.00016130227595567703	1.0
-0.0001381628680974245	0.0
0.0	1.0
-0.00036306536640040576	0.0
-4.79600657854462e-07	1.0
0.0	0.0
0.0	0.056
-0.0003081070026382804	1.0
-0.0016563134267926216	0.0
-1.7614437469379296e-12	1.0
-3.8465018388327e-13	1.0
0.0	1.0
0.0	1.0
-3.4137866578021203e-07	0.0
0.0	1.0
0.0	0.0
0.0	0.0
0.0	0.0
-0.00021001991990488023	0.0
0.0	1.0
-0.010140236467123032	0.0
0.0	0.20588235294117646
0.0	1.0
-0.0001353862608084455	0.0
0.0	1.0
0.0	1.0
0.0	0.0
-0.00037624561809934676	0.0
0.0	1.0
0.0	1.0
-2.7852177026943536e-06	0.0
0.0	0.0
0.0	1.0
-0.0002751169668044895	1.0
-5.586756742559373e-06	1.0
0.0	1.0
0.0	0.0
0.0	0.0
0.0	1.0
0.0	1.0
-0.0016321410657837987	0.0
0.0	0.0
0.0	0.0
0.0	1.0
0.0	0.0
-0.00042390049202367663	1.0
-0.00018252637528348714	0.0
-2.2820452727501106e-07	0.0
0.0	1.0
0.0	0.0
-0.0004156737413723022	0.0
0.0	1.0
0.0	1.0
-0.0032718274742364883	1.0
0.0	0.0
0.0	0.0
0.0	0.0
0.0	1.0
-0.0007888989639468491	0.0
-1.019142756297775e-11	0.0
0.0	0.0
-3.619508061092347e-05	0.0
0.0	0.038
0.0	0.038
-9.960951501852833e-06	0.0
0.0	0.0
0.0	0.0
0.0	0.0
-0.007911236956715584	0.0
-0.00015378379612229764	0.0010416666666666667
0.0	1.0
-3.1804975151317194e-05	0.14760147601476015
-3.7392555896076374e-06	0.0
0.0	1.0
0.0	0.004310344827586207
0.0	0.04004004004004004
-8.805913239484653e-06	0.0010416666666666667
-0.000206355718546547	0.0
0.0	0.0
0.0	0.0
0.0	0.272
0.0	0.0
-5.74683447496227e-08	0.0
-4.017699666292174e-06	0.0
0.0	0.0
0.0	0.0
0.0	1.0
0.0	0.0
0.0	0.272
0.0	0.0
0.0	1.0
-9.171214514935855e-06	0.0
0.0	0.0
-0.0010137547506019473	0.0
-0.0006116092554293573	0.0
-0.024228712543845177	0.0
-2.4877012037904933e-05	0.0
-5.990804652356019e-07	1.0
-1.4484187431662576e-06	1.0
-0.002445029094815254	1.0
-7.526336412411183e-05	1.0
-0.0012298630317673087	0.0
-0.010516279377043247	0.0
0.0	0.0
0.0	1.0
-1.098077575534262e-07	0.558
-0.00010175292118219659	0.558
-0.0002595140540506691	0.0
0.0	0.0
0.0	1.0
0.0	0.003
-4.632556010619737e-05	0.0
0.0	0.0
-5.758347469964065e-07	0.0
0.0	1.0
0.0	0.0
0.0	1.0
-0.00019834791601169854	0.227
0.0	0.056
0.0	1.0
-0.00012305605923756957	0.056
0.0	0.2733668341708543
-1.9418346710153855e-05	0.0
0.0	0.0
0.0	0.2733668341708543
0.0	0.2733668341708543
0.0	0.0
-0.0004598184605129063	0.031055900621118012
-7.505763477411165e-08	0.0
-0.0003907405771315098	1.0
-7.022733257144864e-07	1.0
-6.435023806261597e-06	0.728
0.0	0.0
0.0	0.0
-0.0008335537277162075	0.0
-0.0016174796037375927	0.0
0.0	0.0
0.0	0.028
-1.94776703210664e-06	0.0
0.0	0.0
0.0	0.0
0.0	0.0
0.0	1.0
0.0	0.0
0.0	0.0
-0.00582282617688179	0.0
0.0	0.0
-4.449572315934347e-06	1.0
0.0	1.0
-6.80319018897535e-08	0.0
-3.7864214391447604e-05	0.0
0.0	0.0
-0.01835709996521473	0.0
-0.0008122837753035128	0.0
-1.1488146810734179e-05	0.0
-0.002535758540034294	0.0
0.0	0.0
0.0	0.0
-1.916642531796242e-06	0.0
0.0	0.0
0.0	1.0
0.0	1.0
0.0	1.0
-0.0026669236831367016	0.0
0.0	0.0
0.0	1.0
-0.005482370965182781	0.0
-0.0005432235193438828	1.0
0.0	1.0
-0.00012974499259144068	1.0
0.0	1.0
-1.774408247001702e-07	1.0
0.0	1.0
0.0	0.0
-4.0458358885331336e-11	1.0
0.0	0.0
0.0	0.0
0.0	1.0
-0.001596185378730297	0.0
