-0.0009001782163977623	0.0
-0.0034996250178664923	0.0
0.0	1.0
-0.0016162252286449075	0.004123711340206186
0.0	1.0
0.0	1.0
-0.0029136871453374624	0.011
-0.0006308163283392787	0.0
0.0	0.011
-1.0367657523602247e-05	1.0
0.0	0.007
0.0	0.007
0.0	0.0
-0.00010977686906699091	0.0
0.0	0.0
-0.004062343388795853	0.0
-3.0479848646791652e-05	0.0
-0.0005079658003523946	0.002
0.0	0.0
-9.682989912107587e-07	0.002
-1.3961252420813253e-07	0.002
0.0	0.0
0.0	1.0
-4.571220870275283e-06	0.0
0.0	1.0
-5.088629606575523e-08	1.0
0.0	1.0
-1.9391743766306035e-09	0.0022346368715083797
0.0	1.0
0.0	0.0
-3.2848704449861543e-06	0.0
-0.0006975416326895356	0.0
0.0	1.0
-4.061859897319664e-07	0.0
0.0	0.0
0.0	0.0
0.0	0.0
-0.0010876745218411088	0.0
-0.004385733045637608	0.0
0.0	0.0
0.0	0.0
0.0	0.0
0.0	0.0
0.0	0.0
-0.00010338214633520693	0.0
-8.047746086958796e-05	1.0
-0.0016400907188653946	0.0
0.0	0.0
-0.0001376318687107414	1.0
0.0	0.0
-0.00029246549820527434	0.0
0.0	0.0
0.0	0.0
-2.6107232997674146e-07	1.0
0.0	0.0
0.0	0.0
0.0	0.001004016064257028
0.0	1.0
0.0	1.0
0.0	1.0
0.0	0.0
-0.005725113209336996	0.001004016064257028
-4.7038756747497246e-05	0.001004016064257028
-5.1293958676978946e-05	0.0
0.0	1.0
-0.003645207965746522	0.001
-0.00022006484505254775	1.0
0.0	0.001
-4.548959987005219e-05	0.0
0.0	0.001
0.0	1.0
-6.092227067711065e-06	0.0
-2.5850403062577243e-07	0.001
-0.0022408016957342625	0.0
-1.0119713778067307e-07	0.0
0.0	1.0
0.0	1.0
-3.093753619715263e-14	1.0
-0.0030705933459103107	1.0
0.0	1.0
-0.003752316115424037	0.0
-0.0005266572115942836	0.001001001001001001
0.0	0.0
-2.065423541353084e-05	0.0
-0.0021446715109050274	0.0
0.0	0.0
0.0	0.0
0.0	0.0
-0.0005985827883705497	1.0
0.0	0.0
-0.0038150351028889418	0.0
0.0	0.0
0.0	0.008
0.0	1.0
-7.097438609049433e-11	0.0
0.0	1.0
0.0	0.0
-4.741547243725108e-08	1.0
0.0	1.0
-3.3999491279246286e-05	1.0
0.0	0.0
-0.0018624273361638188	0.0
0.0	1.0
-7.497438225811948e-09	0.0
0.0	0.0
-2.5274564450228354e-06	1.0
-8.193152325475239e-07	1.0
0.0	0.0
-0.0004035370657220483	0.0
-0.018268322572112083	0.0
0.0	0.0
-0.00011526471644174308	0.078
0.0	0.0
-0.0023892733734101057	0.071
0.0	0.071
0.0	0.0
0.0	0.0
0.0	1.0
-0.001416501123458147	0.0
0.0	1.0
0.0	1.0
0.0	1.0
-4.818805336981313e-07	0.0
0.0	0.0
0.0	1.0
0.0	1.0
0.0	1.0
-0.0007482651271857321	1.0
0.0	1.0
0.0	1.0
-3.3299020429922166e-08	1.0
0.0	1.0
0.0	0.0
0.0	0.0
0.0	0.0
-0.0131488386541605	0.0
0.0	1.0
0.0	1.0
0.0	0.0
0.0	0.0
-0.0005675671272911131	0.0
-2.0431272787391208e-05	1.0
0.0	1.0
0.0	1.0
0.0	0.0
0.0	0.0
0.0	1.0
-0.0008701703045517206	1.0
0.0	1.0
0.0	1.0
0.0	0.001002004008016032
-0.0001331482781097293	0.00101010101010101
0.0	1.0
0.0	0.0
-1.7190834000757604e-07	1.0
0.0	1.0
-0.04011596366763115	0.0
0.0	0.0
-0.00026585059822537005	1.0
-0.0829559862613678	0.0
0.0	1.0
-9.335523827758152e-06	1.0
0.0	0.0
0.0	1.0
-2.4623993510886066e-08	1.0
0.0	0.0
0.0	1.0
0.0	1.0
-8.150865323841572e-05	1.0
-0.00363373220898211	0.0
0.0	1.0
-0.0007523855892941356	1.0
0.0	0.0
0.0	1.0
0.0	0.0
-4.555399613082045e-09	0.0
0.0	1.0
-0.000570789270568639	1.0
0.0	1.0
0.0	1.0
0.0	1.0
0.0	0.0
-0.0007157434010878205	0.0
-0.0006130279507488012	0.0
-5.118147683447205e-08	0.001001001001001001
0.0	1.0
0.0	0.001
-2.3237380020191267e-08	0.0
0.0	1.0
-0.008983809500932693	0.0
-0.058380741626024246	0.0
0.0	1.0
0.0	0.0
0.0	1.0
-9.581124322721735e-05	1.0
-0.0018172593554481864	0.0
-0.00029806949896737933	0.0
0.0	0.0
-0.00012988800881430507	0.0
0.0	0.0
0.0	0.348
-0.00018855302187148482	0.0
-0.0009794897632673383	0.348
-1.2414549911080736e-13	1.0
0.0	0.003
0.0	1.0
-9.485995542490855e-05	1.0
-2.2978188951583434e-07	1.0
-1.2691008066667564e-07	0.0
0.0	1.0
0.0	1.0
0.0	1.0
0.0	0.004
0.0	1.0
-1.437081550648145e-06	0.0
-0.0016516713658347726	1.0
-0.0001997773943003267	1.0
-0.02120266482234001	0.0
-1.6999871510492426e-09	1.0
-2.5874967377603753e-06	0.0010070493454179255
-2.484753236497994e-10	1.0
0.0	0.007
-0.000656558433547616	1.0
-4.29296824222547e-06	0.007
0.0	0.007
-6.619678606512025e-05	0.0
-6.230920007510576e-06	1.0
-1.1421526323829312e-05	1.0
-0.0003312004264444113	0.0
0.0	1.0
-2.506701690663249e-08	1.0
0.0	1.0
0.0	1.0
0.0	1.0
0.0	1.0
-8.887105309440813e-07	1.0
0.0	1.0
0.0	0.0
0.0	0.0
-0.0022485090885311365	0.0
0.0	1.0
-0.0026855047326534986	0.0
0.0	1.0
0.0	0.0
0.0	0.0
-6.175728231028188e-06	1.0
0.0	0.0
-2.511423735995777e-05	1.0
0.0	0.0
-0.00020260157180018723	0.0
0.0	1.0
-0.012809524312615395	0.0
0.0	1.0
-2.5941221792891156e-07	0.0
0.0	0.0
0.0	0.0
-1.6537443414677e-08	1.0
0.0	1.0
0.0	1.0
-0.00015640431956853718	1.0
-0.003512324532493949	0.0
0.0	0.0
0.0	1.0
0.0	0.0
-0.0007631230400875211	0.0
-9.481261262211937e-12	0.0
-9.584180588717572e-06	0.0
0.0	0.001
-8.424469797319034e-07	0.0
-0.0014057791559025645	0.0
0.0	0.0
0.0	0.0
0.0	0.0
-3.589316899255124e-10	0.0
-6.919255974935368e-05	0.0
0.0	1.0
-0.0009120134636759758	0.0
-0.010871384292840958	0.0
0.0	0.0
-6.667326670140028e-05	0.0
0.0	0.003
0.0	0.003
-0.0006737071089446545	1.0
-0.000951876922044903	0.0
0.0	0.0
-1.1308984539937228e-05	0.0
0.0	1.0
-1.9514490645633487e-07	1.0
-6.976981239859015e-05	0.0
0.0	1.0
0.0	1.0
0.0	0.0
0.0	0.0
-4.1572722693672404e-05	1.0
0.0	1.0
-0.009047044441103935	0.008
0.0	1.0
0.0	1.0
-3.251537095128043e-10	0.0
0.0	0.0
-0.0006368503090925515	1.0
-0.002845031674951315	1.0
0.0	0.366
0.0	0.0
0.0	0.0
0.0	0.0
-1.408058415108826e-05	0.0
0.0	0.0
0.0	0.0
0.0	0.0
-1.5099143411134719e-06	1.0
-6.499681903804344e-10	0.004
0.0	1.0
-0.0019704534206539392	1.0
-1.8046139302896336e-05	1.0
-2.0365031883073925e-09	1.0
0.0	0.01
-0.0025765495374798775	1.0
0.0	0.0
0.0	1.0
0.0	1.0
-0.002578608226031065	0.0
-3.890606603818014e-05	0.0
0.0	0.0
0.0	1.0
-4.682584275883528e-08	0.0
0.0	1.0
0.0	1.0
0.0	1.0
0.0	1.0
-0.002180857351049781	1.0
0.0	0.348
-0.00014075866783969104	0.348
-0.000137068098410964	0.348
-2.2815996203462419e-07	0.348
0.0	1.0
-0.0016296766698360443	0.0
0.0	0.0
0.0	1.0
0.0	0.0
-0.004294524434953928	1.0
0.0	0.0
-0.07130745053291321	0.0
-3.8500502341776155e-06	0.0
0.0	1.0
-5.8977180742658675e-05	1.0
0.0	1.0
0.0	1.0
0.0	1.0
-0.00010956566984532401	1.0
0.0	1.0
-1.9023725599254249e-06	1.0
-2.874546953535173e-05	0.0
0.0	0.0
-7.144001574488357e-05	0.0
0.0	0.0
0.0	0.0
0.0	1.0
-0.009278064593672752	0.0
0.0	0.011
0.0	0.0
0.0	1.0
0.0	0.0
0.0	1.0
0.0	0.0
0.0	1.0
-6.581772626912397e-11	1.0
0.0	0.0
-0.00018367393931839615	1.0
-1.4448785805143416e-05	0.007
-0.0015221323119476438	0.0
0.0	0.0
0.0	1.0
-1.189083718600159e-06	0.0
0.0	0.0
-0.0013038706965744495	0.008
-3.924429984181188e-05	1.0
-0.04987678676843643	0.0
0.0	1.0
-4.463741788640618e-05	1.0
0.0	0.0
-4.49277193226294e-09	0.0
0.0	1.0
0.0	0.0
-1.325886535979981e-11	1.0
-0.00017212984676007181	0.0
0.0	0.0
-1.3879487596568651e-05	0.0
0.0	1.0
0.0	0.045
0.0	1.0
0.0	0.0
-0.00345623935572803	0.0
0.0	1.0
0.0	0.0
-4.710197943486039e-12	0.0
0.0	0.0
0.0	0.0
0.0	0.0
0.0	0.0
0.0	0.0
-4.375127537059598e-05	0.0
-0.002763566095381975	0.0
-1.1836085889171954e-07	1.0
0.0	1.0
0.0	0.0
0.0	0.0
-0.00044747977517545223	1.0
0.0	1.0
0.0	1.0
-7.261660357471555e-07	0.0
-0.004528805613517761	0.0
0.0	0.651
0.0	0.0
0.0	0.0
0.0	0.0
-0.024852609261870384	0.0
0.0	0.0
-0.0004475159221328795	1.0
0.0	1.0
0.0	1.0
0.0	0.0
0.0	1.0
0.0	0.0
0.0	0.0
-0.0003378806577529758	0.0
0.0	0.0
0.0	0.0
0.0	0.0
-0.0004593940102495253	0.0
-0.0014427779242396355	0.0
0.0	1.0
0.0	0.0
-0.001702208654023707	0.0
-3.4194707065893226e-09	0.0
0.0	0.0
-0.00010668379400158301	0.0
0.0	1.0
0.0	0.0
0.0	0.0
0.0	1.0
0.0	1.0
-0.0045731691643595695	0.0
-0.0015154678840190172	1.0
0.0	0.0
-2.2212871044757776e-05	0.0
0.0	0.0
0.0	0.0
0.0	0.0
-2.0665396505137323e-07	1.0
0.0	0.0
0.0	0.0
-1.8838882454019767e-08	0.0
0.0	1.0
-1.2710637286991115e-16	0.0
-7.4751767442649e-07	0.0
0.0	1.0
-5.4054733482189476e-05	1.0
-0.00035842397483065724	0.0
-1.1909901331819128e-07	0.0
0.0	1.0
0.0	0.004
0.0	0.018018018018018018
0.0	1.0
-1.324344611930428e-05	1.0
-5.774054845364418e-11	1.0
0.0	0.004
0.0	1.0
0.0	0.004004004004004004
0.0	1.0
0.0	0.0
-0.0002551329671405256	0.0
-7.253062358358875e-05	1.0
0.0	1.0
-0.00020664055773522705	0.0
-1.2838067275922072e-09	0.0
0.0	0.0
0.0	0.0
0.0	0.001
0.0	1.0
0.0	0.0
0.0	1.0
-0.0010561568196862936	0.0
-4.3148567783646286e-05	1.0
-0.0007529532304033637	1.0
0.0	1.0
0.0	1.0
0.0	0.0
0.0	1.0
0.0	0.008
0.0	0.0
0.0	1.0
0.0	0.0
-0.007747709285467863	0.0
0.0	0.003
0.0	0.0
-0.0019241120899096131	0.0
0.0	1.0
-0.0065832664258778095	0.0
0.0	0.0
-0.00010755563562270254	1.0
-2.6735766378571668e-11	0.002
0.0	0.0
0.0	1.0
0.0	1.0
0.0	0.0
-0.00011985953460680321	0.002002002002002002
0.0	1.0
0.0	0.001
-0.0017644905019551516	0.0
0.0	0.0
0.0	0.0
-0.0018275026232004166	0.0
-0.006240351591259241	0.001
-0.00020267377840355039	1.0
0.0	0.016016016016016016
0.0	0.01634320735444331
-8.844154217513278e-05	0.021341463414634148
0.0	1.0
0.0	0.0010162601626016261
0.0	0.0
0.0	1.0
0.0	1.0
0.0	1.0
-6.128716631792486e-05	0.999
0.0	1.0
-0.018395081162452698	0.0
0.0	1.0
0.0	0.0
-0.0048623704351484776	0.0
0.0	1.0
-1.60934696680215e-08	0.0
0.0	1.0
-6.4376622503914405e-06	1.0
0.0	1.0
0.0	1.0
0.0	0.0
-0.0044243838638067245	0.0
-0.00014162238221615553	0.0
-7.136408353147772e-09	1.0
0.0	0.0
-5.624779646495881e-07	0.0
0.0	0.0
0.0	0.0
-4.534597337624291e-06	0.0
-0.001147884177044034	0.0
0.0	0.0
0.0	0.0
-0.0006193529115989804	0.0
0.0	1.0
-1.2384180730603059e-14	1.0
0.0	0.0
0.0	0.0
-0.008648294024169445	0.0
0.0	1.0
0.0	0.0
0.0	0.0
-2.9494518457795493e-05	1.0
-0.0012898294953629375	1.0
0.0	1.0
-0.0004997945507057011	1.0
-0.0044947159476578236	0.0
-0.0004237329412717372	0.0
-0.0003956109285354614	1.0
0.0	0.0
0.0	1.0
-0.0007623027777299285	1.0
0.0	1.0
0.0	1.0
0.0	1.0
-1.1656344213406555e-05	0.001
-0.0010348662035539746	0.0
-5.859293742105365e-05	0.0
-6.483590553330032e-09	0.0
0.0	0.005
0.0	1.0
-0.0047004749067127705	0.0
-1.5382767060145852e-06	0.0
-0.0050137098878622055	0.0
-0.0007384303607977927	1.0
0.0	1.0
0.0	0.0
0.0	0.001
0.0	0.0
0.0	0.0
0.0	1.0
0.0	0.0
-0.03274490684270859	0.0
0.0	0.0
-1.0208822232016246e-06	1.0
-0.007404206320643425	0.0
0.0	1.0
-6.1092757519531915e-09	1.0
0.0	1.0
-1.053412961482536e-05	1.0
0.0	0.002004008016032064
-1.3476340427587274e-05	1.0
-0.0012070266529917717	1.0
0.0	0.0
-1.4372822988661937e-05	1.0
0.0	0.0
-0.0014470282476395369	1.0
0.0	0.0
-0.005855339113622904	0.0
0.0	0.0
0.0	1.0
0.0	0.0
0.0	0.0
0.0	0.0
