-0.0005258122109808028	0.055
0.0	0.0
0.0	0.0
0.0	0.0
-9.865411811915692e-06	0.0
0.0	0.0
0.0	1.0
0.0	0.0
0.0	1.0
-0.00026078621158376336	0.0
-9.106289508054033e-05	0.001
-0.03926024213433266	0.0
-1.2266852536413353e-05	0.0
-0.0008334523881785572	0.001
0.0	0.0
0.0	0.0
0.0	0.015120967741935484
0.0	1.0
0.0	1.0
0.0	0.001
-2.2783833628636785e-05	0.0
0.0	0.0
-7.972894673002884e-05	0.001
0.0	0.0
-5.9398203688942885e-08	1.0
0.0	0.0
-0.0011496080551296473	0.0
-1.9651838556455914e-06	0.0
0.0	0.0
0.0	0.0
-4.831010664929636e-05	0.0
0.0	0.0
-3.4446664358256385e-05	0.0
-1.991981406490595e-07	0.0
-5.572238478634972e-06	0.0
0.0	0.0
0.0	1.0
0.0	0.0
-1.1974083946597602e-08	0.0
0.0	1.0
-0.0021531684324145317	0.0
-0.0005406414857134223	0.0
0.0	0.0
-2.139831600800335e-08	0.0
0.0	1.0
-0.0029272986575961113	0.0
0.0	0.0
0.0	0.0
0.0	1.0
0.0	0.0
-0.0002063036517938599	1.0
-0.0034005537163466215	0.0
-1.381223047047797e-08	1.0
0.0	0.0
0.0	0.0
0.0	1.0
0.0	1.0
-2.2366049961419776e-05	1.0
-0.0019917369354516268	0.0
0.0	0.0
-0.00040952092967927456	0.0
0.0	1.0
-0.00010351339733460918	0.0
0.0	0.0
0.0	0.0
-0.003966197837144136	0.0
0.0	1.0
-0.0015762952389195561	0.0
0.0	0.0
0.0	1.0
0.0	0.0
0.0	0.0
-5.653005791828036e-05	1.0
0.0	0.0
-2.441814103804063e-05	0.0
-5.018064712203341e-06	0.0
-2.0376885004225187e-05	0.0
-0.00026506755966693163	0.0
0.0	0.0
0.0	0.0
0.0	0.0
-0.0002831365563906729	0.0
-0.004546391777694225	0.0
0.0	1.0
0.0	0.0
-9.841123392106965e-05	1.0
0.0	0.0
0.0	0.0
0.0	0.0
0.0	1.0
0.0	1.0
0.0	1.0
0.0	1.0
0.0	0.0
0.0	1.0
0.0	1.0
0.0	1.0
-6.505587407446001e-06	1.0
-0.0006061345338821411	0.028
0.0	1.0
0.0	0.0
0.0	0.0
0.0	0.0
0.0	0.0
0.0	1.0
-5.9795533161377534e-05	0.0
-2.0688908989541233e-05	0.0
0.0	0.0
-2.629001183418467e-10	0.0
0.0	1.0
0.0	0.0
0.0	1.0
-0.0006893217796459794	0.0
0.0	1.0
0.0	1.0
0.0	0.0
0.0	1.0
-1.3523833087799953e-17	0.0
-0.00011577882105484605	1.0
0.0	1.0
-2.1748703147750348e-05	0.0
-0.006903214380145073	0.0
0.0	0.0
-1.4221002153647078e-10	0.0
0.0	1.0
-0.00420074537396431	0.002
0.0	0.004
0.0	0.0
-8.45981276142993e-08	1.0
-6.92906032782048e-05	0.0
0.0	0.0
0.0	0.0
0.0	0.0
0.0	1.0
-0.008517540991306305	0.0
-1.2002657548415563e-11	0.0
-0.0004649892798624933	0.0
-2.5515984880541964e-09	1.0
-5.379315553000197e-05	0.0
-0.010251477360725403	0.001
0.0	0.0
-0.0001455788587918505	1.0
0.0	1.0
0.0	0.0
-5.958566362096462e-06	0.0
-0.00020944846619386226	1.0
-0.006253644358366728	0.001
0.0	1.0
0.0	0.0
0.0	1.0
0.0	0.0
0.0	0.001
0.0	0.0
-0.0005837758653797209	0.001
0.0	0.0
0.0	1.0
0.0	0.0
0.0	0.069
0.0	1.0
-0.0001683978916844353	1.0
0.0	0.0
0.0	1.0
0.0	1.0
-0.00030778037034906447	0.0
0.0	0.0012970168612191958
-0.056027308106422424	0.0
-0.000339065445587039	0.0
0.0	0.0012987012987012987
-7.004696271906141e-06	0.001
0.0	0.0
-1.4597841300201253e-06	1.0
0.0	1.0
-0.01433240994811058	0.0
-6.309930647714732e-16	1.0
-4.987189186067553e-06	0.0
0.0	1.0
0.0	1.0
-8.735240442092618e-08	1.0
0.0	0.0
0.0	0.0
-0.00010947929695248604	1.0
0.0	0.07007007007007007
-1.4876692944199021e-07	0.0
0.0	0.0
0.0	0.0
0.0	1.0
0.0	0.0
-0.00014500485849566758	0.0
0.0	0.001
0.0	1.0
-1.174120445313065e-08	0.001
0.0	0.0
0.0	0.0
-0.003756563412025571	0.001
0.0	1.0
-1.7395256790564417e-08	0.0
-1.3644822502101306e-05	1.0
0.0	1.0
0.0	0.0
0.0	1.0
0.0	1.0
0.0	1.0
-0.007745002396404743	0.0
0.0	0.0
0.0	1.0
0.0	1.0
0.0	0.002
-2.0601821404397924e-07	0.002
0.0	0.002
0.0	1.0
-0.00012664245150517672	0.0
-0.00018833029025699943	0.0
0.0	1.0
-0.00010301498696208	0.0
0.0	0.0
0.0	0.0
0.0	0.0
0.0	0.0
0.0	0.0
0.0	1.0
0.0	0.0
0.0	0.001
0.0	0.0
0.0	0.001
-7.774812615934934e-07	0.0
0.0	0.0
0.0	0.0
0.0	1.0
-9.043134241437656e-09	0.0
-2.1321498024917673e-06	0.0
0.0	0.0
0.0	0.1040582726326743
0.0	1.0
-3.3788364817155525e-05	0.043333333333333335
-0.0025647731963545084	1.0
0.0	1.0
0.0	1.0
0.0	1.0
-9.680855146143585e-05	1.0
0.0	1.0
0.0	1.0
0.0	1.0
0.0	0.0
0.0	1.0
0.0	0.1
0.0	0.0
0.0	0.0
0.0	1.0
-1.694188199508062e-06	0.0
0.0	0.0
0.0	0.0
-0.0031082830391824245	0.0
-0.00013501009379979223	0.0
-0.00023337273159995675	0.0
0.0	1.0
0.0	0.046
0.0	1.0
0.0	1.0
-0.0038951109163463116	0.046
-0.00012355171202216297	1.0
-0.02720855548977852	0.0
-0.0011082664132118225	0.0
0.0	1.0
0.0	1.0
-0.00016618955123703927	1.0
0.0	0.0
0.0	0.085
-0.00021489067876245826	1.0
-0.02032022923231125	0.0
-0.00011982376599917188	0.0
0.0	0.0
0.0	0.0
0.0	0.0
0.0	1.0
0.0	0.0
-1.7166051975436858e-06	0.0
-0.002811279147863388	0.0
-4.5003229587337046e-08	0.0
-6.918002327438444e-05	1.0
-0.0009708194993436337	0.036
0.0	0.0
-0.0005641240277327597	0.0
-0.0028087610844522715	0.0
-0.0008120819111354649	0.0
0.0	0.0
-6.429666541407641e-07	1.0
0.0	0.0
0.0	0.02
0.0	0.02
0.0	0.0
-1.3983802205075335e-07	0.02
0.0	0.02
0.0	0.0
0.0	0.0
0.0	0.02
-0.00011836615885840729	0.02
0.0	0.0
-1.1380942854799514e-09	0.0
0.0	1.0
0.0	0.0
-0.006112405564635992	0.0
0.0	0.0
-9.726371791307642e-11	1.0
-4.192320557194762e-05	0.0
0.0	1.0
-0.0010724635794758797	0.0
-2.4484086679876782e-05	0.0
-0.0001314043183811009	1.0
-0.00012980551400687546	1.0
0.0	1.0
0.0	1.0
-7.501089385186788e-07	1.0
-0.001279686694033444	0.0
0.0	0.771
0.0	1.0
-2.9013606763328426e-05	0.0
0.0	1.0
-0.0014424915425479412	1.0
0.0	0.541
0.0	0.541
-4.990876550436951e-05	0.541
0.0	1.0
-2.4364126147702336e-06	0.0
-8.17262673535879e-07	1.0
-0.0004365622589830309	0.0
-0.01314930897206068	0.0
0.0	1.0
0.0	0.0
0.0	0.0
-0.0005011322209611535	0.0
-4.7086111010230525e-08	0.0
0.0	0.0
0.0	0.0
0.0	0.0
0.0	0.0
-0.0016210029134526849	0.0
-7.868639499974961e-07	0.0
-0.00017470349848736078	0.0
0.0	0.0
0.0	1.0
-5.371170573198469e-06	1.0
0.0	1.0
0.0	0.0
-1.0765802471723873e-05	1.0
0.0	1.0
0.0	1.0
0.0	0.0
-3.53685464915543e-07	1.0
0.0	1.0
-0.0004240427806507796	0.0
0.0	1.0
0.0	1.0
-8.075232472037897e-05	1.0
-0.0013466360978782177	1.0
0.0	1.0
-4.5814213081030175e-05	1.0
0.0	1.0
0.0	0.0
0.0	1.0
-0.00029029627330601215	0.0
-0.013288497924804688	0.0
0.0	0.0
0.0	0.0
0.0	1.0
0.0	0.0
0.0	1.0
0.0	1.0
-2.667424632818438e-05	0.0
-0.0016030208207666874	0.0
0.0	1.0
0.0	1.0
-2.1183608623687178e-05	0.0
0.0	0.0
0.0	1.0
-0.00541510246694088	0.0
-0.0029853887390345335	0.005
0.0	0.0
-3.2919808545806006e-10	1.0
-0.0014752045972272754	0.0
0.0	0.0
0.0	0.0
-0.0003298693336546421	0.0
0.0	0.002
0.0	0.015
-0.00271696038544178	0.0
-2.675768939752743e-08	1.0
0.0	0.0
0.0	1.0
0.0	0.0
0.0	0.013
-0.0009931870736181736	0.0
-6.288839813350933e-06	1.0
0.0	0.013
0.0	0.0
0.0	1.0
0.0	0.03951367781155015
0.0	0.0
-1.6069752746261656e-06	1.0
-0.0006870405049994588	0.016861219195849545
-5.207836011322797e-07	1.0
0.0	0.0
0.0	1.0
0.0	1.0
0.0	1.0
-1.4344206647365354e-05	1.0
0.0	1.0
0.0	1.0
0.0	0.0
0.0	0.229
0.0	1.0
-0.00016046508972067386	1.0
-3.370379636180587e-05	0.0
-0.00028942342032678425	0.0
0.0	1.0
0.0	1.0
0.0	0.0
-1.8773090026957817e-10	1.0
-1.874992960892996e-08	0.0
-0.00045579992001876235	0.0
-0.0005820392980240285	0.0
0.0	0.0
0.0	1.0
0.0	1.0
0.0	0.028
-1.4475882380793337e-05	0.0
0.0	0.0
-7.559581263194559e-06	1.0
-2.757240963546792e-06	0.013
0.0	0.013
0.0	1.0
0.0	0.0
0.0	1.0
-1.7240216038771905e-05	0.0
0.0	1.0
-6.597693311821695e-12	0.0
-3.0053211048652884e-06	1.0
0.0	0.039
0.0	0.039
0.0	1.0
0.0	0.0
-0.00015421763237100095	0.0
-9.407435754837934e-06	1.0
-0.0038556500803679228	0.0
-9.256725024897605e-05	0.0
0.0	1.0
0.0	0.0
0.0	0.0
-3.1506934305980394e-07	0.0
0.0	0.0
0.0	1.0
0.0	1.0
-5.4210260714171454e-05	0.0
-3.488726861178293e-06	0.0
0.0	1.0
0.0	1.0
0.0	1.0
0.0	1.0
0.0	0.0
-0.00029914520564489067	0.0
-0.00028425935306586325	0.004
0.0	0.0
-0.000809204822871834	0.004
-0.0007167999865487218	0.004
-0.00021139008458703756	1.0
0.0	1.0
0.0	1.0
-0.0018443348817527294	0.0
0.0	1.0
-2.3571691265544814e-09	1.0
-7.002889105933718e-06	1.0
0.0	0.0
0.0	0.0
0.0	0.0
0.0	0.0
-0.017805567011237144	0.0
0.0	1.0
0.0	0.0
0.0	0.0
-0.005019374657422304	0.0
0.0	0.002
-5.368889333112747e-07	0.0
0.0	1.0
-0.00034092049463652074	0.0
0.0	0.0
-1.4888549230818171e-05	0.0
0.0	0.0
0.0	1.0
0.0	1.0
0.0	1.0
-1.508484537282584e-08	0.013
0.0	1.0
-1.5305777196772397e-06	0.0
0.0	1.0
0.0	1.0
0.0	0.004
-1.406114336077735e-08	0.0
0.0	1.0
0.0	0.0
-2.198904439865146e-06	0.012
0.0	0.0
0.0	1.0
0.0	0.012
-2.780281420200481e-06	0.012
-5.0635760999284685e-05	0.012
-3.422582892653736e-07	0.012
0.0	0.0
0.0	0.012486992715920915
0.0	0.012486992715920915
-1.6689087942722836e-06	0.039473684210526314
-0.006815778557211161	0.0
0.0	0.81
-0.005759992636740208	0.0
-0.004662428516894579	0.0
0.0	0.0
0.0	0.771
-1.6351391707303264e-07	0.771
0.0	0.0
-0.005932033993303776	0.0
0.0	0.0
-0.00012149784743087366	0.0
-0.0002475182118359953	1.0
0.0	0.0
-0.0004984637489542365	1.0
0.0	1.0
0.0	0.0
-0.001896067289635539	0.0
-4.255042498901851e-12	0.0
-2.9750162866548635e-05	0.0
0.0	0.0
0.0	0.0
0.0	0.0
0.0	0.0
0.0	1.0
-0.00029012837330810726	0.0
0.0	1.0
0.0	0.0
0.0	1.0
0.0	1.0
-1.6615798813290894e-05	0.0
0.0	1.0
-9.50543199706999e-09	0.0
0.0	1.0
-0.0013966619735583663	0.0
0.0	0.0
0.0	1.0
0.0	1.0
-1.921946750371717e-05	0.0
-0.0020342725329101086	0.0
-0.00229552760720253	0.0
0.0	0.0
0.0	1.0
-2.2614742647419916e-06	0.0
0.0	1.0
0.0	1.0
0.0	1.0
0.0	1.0
0.0	1.0
0.0	1.0
-3.089211109141843e-10	1.0
0.0	1.0
-2.758481787168421e-05	1.0
0.0	0.121
-7.998857472557575e-05	1.0
-0.00010431528789922595	0.0011135857461024498
-2.8884867788292468e-05	1.0
0.0	0.0
-1.3422911706584273e-06	1.0
0.0	0.0
-1.578132810209354e-06	0.0
-4.8980582505464554e-05	1.0
-0.012242749333381653	0.0
0.0	1.0
-1.0417625162517652e-06	0.0
-0.0006552764098159969	1.0
0.0	0.0
-1.6052534874688718e-06	0.004
-0.0012200583005324006	0.0
-1.7538508245706907e-06	0.004
0.0	0.0
0.0	0.0
-0.0016536919865757227	0.0
0.0	0.0
0.0	0.0
0.0	0.0
-0.002358658006414771	0.0
0.0	0.0
-2.0243004321407465e-12	0.0
0.0	1.0
0.0	0.0
-9.555083287093868e-12	0.039
-4.05099081035587e-06	0.039
0.0	0.0
0.0	0.0
-1.4030904083028872e-07	0.0
-0.0010229777544736862	0.0
0.0	0.0
0.0	1.0
-0.0009383488795720041	1.0
0.0	0.0
-0.0025630933232605457	1.0
0.0	1.0
-0.00019491412967909127	1.0
-1.4025232530912035e-06	0.0
-1.8901296527928935e-08	1.0
0.0	0.0
-0.000893724849447608	1.0
0.0	1.0
-0.00020809461420867592	0.0
0.0	0.0
0.0	0.0
0.0	1.0
0.0	1.0
0.0	0.0
0.0	1.0
0.0	1.0
0.0	0.0
-0.002356837270781398	0.0
0.0	1.0
-0.00022596119379159063	0.0
0.0	1.0
0.0	0.0
0.0	1.0
-0.002341974526643753	0.0
0.0	0.0
-0.0006008475902490318	1.0
0.0	1.0
0.0	1.0
0.0	1.0
0.0	0.0012970168612191958
0.0	0.0
0.0	0.0
-0.00015392524073831737	0.0
-0.00020441437663976103	0.0
-0.0007779778097756207	1.0
-0.0018770855385810137	0.0
-1.7762461084203096e-06	0.0
-0.0011180051369592547	0.0
0.0	0.0
0.0	0.181
-0.00033937679836526513	1.0
-0.0008740610210224986	0.0
0.0	0.181
-0.00031232376932166517	0.0
0.0	0.0
0.0	0.0
-0.0017749444814398885	0.0
-3.475654226231528e-12	0.0
0.0	0.0
-9.044520265888423e-05	0.0
-0.016193870455026627	0.0
-0.00028934970032423735	0.0
0.0	1.0
0.0	0.0
-5.897892606299138e-06	0.0
0.0	0.0
-0.0007745592738501728	0.0
-0.0019082172075286508	0.0
-0.008182099089026451	0.102
-3.98958072764799e-05	0.0
-5.617937972601794e-07	0.102
0.0	0.0
-0.01040510181337595	0.0
0.0	0.102
0.0	0.102
0.0	0.0
0.0	0.0
0.0	0.0
-0.0005072762724012136	0.001
-1.0925721198873362e-06	0.0
-1.1177591296984701e-08	0.0
-6.758164694531388e-09	0.0
0.0	0.0
-0.004011366982012987	0.0
0.0	0.0
-9.351947660718452e-09	1.0
0.0	0.0
-0.0007821940234862268	1.0
0.0	1.0
-6.338042868314631e-10	1.0
0.0	1.0
-0.00038354392745532095	0.0
0.0	0.0
0.0	0.0
0.0	1.0
0.0	0.0
0.0	1.0
0.0	0.0
-0.0015659461496397853	0.0
-1.2811400551537844e-10	1.0
0.0	0.0
-3.3012995118042454e-05	1.0
0.0	1.0
0.0	0.0
0.0	0.0
-0.00019532885926309973	0.0
0.0	1.0
-0.0006406455649994314	1.0
-3.1782758014742285e-05	0.0
0.0	1.0
0.0	0.0
0.0	0.0
-0.0003323263954371214	1.0
0.0	0.0
