-4.635155346477404e-05	0.0
0.0	1.0
0.0	0.0
0.0	1.0
0.0	1.0
-1.7552943972987123e-05	1.0
-1.3968374332762323e-05	0.0
0.0	1.0
0.0	0.009
0.0	0.0
0.0	1.0
-0.0006681426893919706	0.0
0.0	0.0
0.0	0.0
0.0	1.0
0.0	1.0
-1.3403833918346209e-06	1.0
0.0	0.0
0.0	1.0
0.0	1.0
0.0	1.0
-0.00016250184853561223	0.0
-1.4563735817318957e-07	0.0
0.0	1.0
0.0	1.0
-0.0001748139038681984	0.0
-0.0013182283146306872	0.0
0.0	0.0
-0.0006217557820491493	0.0
0.0	0.0
0.0	1.0
0.0	0.0
-0.001223631203174591	0.0
-5.62561297101638e-07	0.0
0.0	1.0
-7.31512939111667e-09	0.0
-5.283585051074624e-05	0.0
-0.0003230737056583166	0.0
0.0	0.0
-0.04866533353924751	0.0
-4.453334589982205e-09	0.0
0.0	1.0
0.0	1.0
0.0	1.0
-7.762004656797217e-07	1.0
-3.71709575119894e-06	1.0
-0.0005994074745103717	0.002
0.0	0.0
0.0	0.0
0.0	1.0
0.0	1.0
-3.589410474650342e-18	0.001
0.0	0.0
0.0	1.0
0.0	1.0
-4.837033884541597e-06	0.0
0.0	1.0
-0.014285849407315254	0.0
0.0	1.0
0.0	0.0
0.0	0.0
-0.00021551642566919327	0.0
0.0	0.0
0.0	1.0
-3.176223572154413e-06	0.0
0.0	1.0
0.0	1.0
-0.0005668913945555687	0.0
0.0	1.0
0.0	1.0
-9.640031203161925e-05	0.0
-0.0006398358382284641	0.0
-1.5179022739175707e-05	1.0
0.0	1.0
0.0	0.0
-0.0012682891683652997	1.0
-2.6359234239770046e-10	1.0
-0.0008603988098911941	0.0
0.0	1.0
-0.02509491704404354	0.0
0.0	1.0
-0.0007080487557686865	0.0
0.0	0.0
-1.0338828038253234e-15	0.0
-0.0013837810838595033	0.001
0.0	0.0010090817356205853
0.0	0.001
0.0	0.0
-1.1710081707860809e-05	0.001001001001001001
0.0	1.0
0.0	0.0
0.0	1.0
0.0	0.0
-0.0006142423371784389	0.991
0.0	1.0
-0.00031278826645575464	1.0
0.0	1.0
0.0	1.0
-0.00011348799307597801	0.0
0.0	0.0
-0.0002589341311249882	0.0
-0.0003994105791207403	0.0
0.0	1.0
-5.423809170679306e-07	0.0
-2.6388465812487993e-06	1.0
-4.814049075281719e-15	1.0
0.0	1.0
-0.00026986750890500844	1.0
0.0	1.0
-0.015925336629152298	0.0
0.0	0.0
0.0	1.0
0.0	1.0
-0.0001412906713085249	1.0
0.0	1.0
-6.058770668460056e-05	1.0
0.0	1.0
-6.709052740916377e-06	1.0
0.0	1.0
-0.001701802364550531	0.002285714285714286
0.0	0.0
-0.0009053549147211015	0.0
0.0	0.002
0.0	0.0
0.0	0.0
0.0	0.0
-0.00976266898214817	0.0
-4.483188604353927e-06	0.0
0.0	0.0
0.0	1.0
0.0	0.156
-0.0021193281281739473	0.0
0.0	0.0
0.0	0.0
0.0	1.0
-0.004663066938519478	0.0
-0.0009747615549713373	0.0
-4.73321642857627e-06	1.0
0.0	1.0
0.0	1.0
0.0	1.0
-0.04432025924324989	0.0
-8.626464875760576e-08	0.0
-1.1278996936425756e-07	0.0
-1.2499180229497142e-05	0.0
0.0	0.0
0.0	0.0
0.0	1.0
0.0	0.0
0.0	1.0
0.0	1.0
-1.7861524759243963e-10	1.0
-0.017387740314006805	0.0
0.0	0.06760847628657922
0.0	1.0
0.0	1.0
-0.0009259872604161501	0.067
0.0	1.0
0.0	0.0
0.0	0.991
0.0	0.991
-8.030306730688608e-07	1.0
0.0	0.0
-0.001979369204491377	0.0
-2.905377605166848e-10	0.0
0.0	0.088
-0.0025583456736057997	0.008
0.0	0.0
-0.0005107731558382511	1.0
-0.004561577923595905	1.0
0.0	0.0
-7.603014182677725e-07	1.0
-5.971013479211251e-07	1.0
0.0	0.009036144578313253
-5.87868744332809e-05	0.010040160642570281
0.0	1.0
0.0	0.0
-4.879248081124388e-07	0.0
0.0	0.0
0.0	0.0
-0.0015598046593368053	0.0
0.0	0.0
0.0	0.0
-0.029856888577342033	0.0
-0.00814181100577116	0.0
0.0	1.0
0.0	0.0
-1.608213345480336e-13	1.0
-1.7046104403561912e-05	1.0
-0.008702589198946953	0.0
-2.570463266238221e-06	1.0
-5.86152273172047e-05	0.0
-1.0028060604128086e-09	1.0
0.0	1.0
0.0	0.0
-5.886704752128269e-12	0.0
0.0	0.0
0.0	1.0
0.0	0.0
0.0	0.0
0.0	1.0
-0.0007094008033163846	1.0
0.0	0.0
-8.334315680258442e-06	0.0
-1.5115476344362833e-05	0.0
-3.8065081753302366e-06	0.0
0.0	0.0
-0.001465017907321453	0.0010070493454179255
0.0	1.0
0.0	0.0603448275862069
-4.425537554197945e-06	0.0
0.0	0.0
0.0	0.026236125126135216
-8.095633319271656e-08	0.0
0.0	0.0
0.0	0.009240246406570842
0.0	0.026236125126135216
-0.0009180582128465176	0.009240246406570842
0.0	1.0
0.0	0.0
0.0	0.991
-0.0001356159191345796	0.991
0.0	0.0
0.0	0.0
0.0	1.0
-0.0009506791247986257	0.0
-1.278903738466397e-08	1.0
-0.004333879332989454	0.0
0.0	1.0
-5.772958502348047e-07	0.0
0.0	1.0
-0.00010533983004279435	1.0
-5.973645883505796e-11	0.0
0.0	0.001
-5.006036190025043e-07	0.001
0.0	1.0
0.0	0.164
-4.120725498069078e-05	1.0
0.0	1.0
-0.00043981679482385516	1.0
0.0	1.0
-0.00013992589083500206	0.0
0.0	0.991
0.0	1.0
0.0	1.0
0.0	0.0
0.0	1.0
-0.0006385656888596714	0.0
0.0	1.0
0.0	0.0
0.0	0.0
-1.0230451152892783e-05	0.0
0.0	0.0
-0.00015765646821819246	0.0
-2.493822648830246e-06	1.0
-0.0004331887175794691	0.004
-0.0006456339033320546	0.004
0.0	0.0
-5.371480710891774e-06	0.004
-3.631533036241308e-05	0.0
-6.995847070356831e-05	0.0
0.0	0.0
0.0	0.0
-0.006546511314809322	0.0
0.0	0.0
0.0	0.0
0.0	0.0
0.0	0.009
0.0	0.0
0.0	0.0
-5.244997009867802e-05	0.009
-0.0007558998768217862	1.0
0.0	0.009
-0.0002733798755798489	0.0
-0.0025509516708552837	0.0
-0.003789806505665183	0.0
-0.00013621644757222384	0.0
-0.0011912621557712555	0.991
0.0	0.0
-0.005797399673610926	0.0
0.0	0.0
0.0	1.0
0.0	0.0
0.0	0.0
-0.004180914256721735	0.0
0.0	0.0
0.0	0.0
-0.0006273417384363711	0.0
0.0	0.0
0.0	0.0
0.0	0.0
-6.565939111169428e-05	0.0
0.0	0.0
-0.00020376589964143932	0.0
0.0	0.991
-0.0018243672093376517	0.0
-1.6707304894225672e-05	0.0
-0.00035826279781758785	0.0
0.0	0.0
0.0	0.0
0.0	0.0
-0.0003901468589901924	0.0
0.0	1.0
0.0	0.0
-7.996163731149863e-06	0.0
-0.0009754375205375254	0.0
-1.0886726242720357e-10	0.0
0.0	0.0
-0.00022848420485388488	0.0
0.0	0.0
0.0	1.0
0.0	0.0
0.0	1.0
-0.010353269055485725	0.0
0.0	0.0010080645161290322
0.0	0.009153318077803204
-0.010022757574915886	0.0
0.0	0.008008008008008008
0.0	0.008008008008008008
0.0	0.07056451612903226
-2.067481545964256e-06	0.0
0.0	0.07056451612903226
0.0	0.0
0.0	0.05155746509129968
0.0	0.07247899159663866
-3.531436121306797e-08	0.07563025210084033
0.0	0.0
-4.078690807318708e-08	0.14775160599571735
-0.003661861876025796	0.0
-0.002550925128161907	0.06962663975782038
0.0	1.0
0.0	1.0
0.0	0.0
-0.0003231906157452613	0.0
0.0	0.0
0.0	0.0
0.0	0.0
0.0	0.0
-0.0018263692036271095	1.0
-0.01182672381401062	0.0
0.0	1.0
0.0	1.0
0.0	1.0
-7.535316399298608e-05	1.0
-2.2461901608039625e-05	1.0
0.0	0.0
-3.773207857271643e-10	0.0
-0.002938636811450124	0.0
0.0	0.009081735620585268
-0.0010218482930213213	0.0
0.0	0.0
0.0	0.0
-0.0011624039616435766	0.0
0.0	0.009
0.0	0.0
0.0	1.0
0.0	0.009
0.0	1.0
-0.000495899235829711	0.0
0.0	0.0
-0.0010439633624628186	0.0
0.0	0.0
0.0	0.0
-0.003931942395865917	0.0
0.0	1.0
-0.00044770934619009495	0.0
0.0	0.025
-6.2338862960587e-08	0.0
0.0	0.0
0.0	0.0
-6.356868834700435e-05	0.009
-3.671681406558491e-05	0.009
0.0	0.0
0.0	0.0
-0.0009065279155038297	0.0
0.0	0.0
0.0	0.0
-0.003541927319020033	0.0
0.0	0.0
0.0	0.0
-0.0013850110117346048	1.0
0.0	0.0
0.0	0.0
0.0	0.0
0.0	0.0
0.0	0.0
0.0	0.0
0.0	0.0
-0.0018256471958011389	0.0
-0.00037123754736967385	0.021
0.0	0.0
-0.0002586579939816147	1.0
0.0	1.0
0.0	1.0
-4.1613511712057516e-05	1.0
0.0	0.0
0.0	1.0
-0.0002786101831588894	0.0
-4.443547368282452e-06	0.0
-0.0029051192104816437	0.0
0.0	0.0
0.0	0.0
0.0	0.0
-0.012533899396657944	0.0
0.0	0.0
0.0	0.0
-0.00016677542589604855	0.0
-0.003288415027782321	0.0
0.0	1.0
-2.3188802060758462e-06	0.0
0.0	0.005
-9.570542169967666e-05	1.0
0.0	0.0
0.0	1.0
0.0	0.0
0.0	1.0
0.0	1.0
-0.00012148392852395773	0.0
0.0	0.0
0.0	0.0
0.0	0.0
0.0	0.0
-6.761908298358321e-05	0.0
0.0	0.0
0.0	0.0
0.0	1.0
-7.695639214944094e-05	1.0
-1.3541305634134915e-05	1.0
0.0	1.0
0.0	1.0
0.0	0.0
0.0	0.0
-0.000581399304792285	0.0
0.0	0.0
-4.323264511185698e-05	0.0
-9.542560968842095e-13	0.0
0.0	1.0
0.0	0.0
-3.073870902881026e-05	0.0
0.0	0.0
-1.5242572999341064e-06	0.0
0.0	1.0
0.0	1.0
-0.023072242736816406	0.0010090817356205853
0.0	1.0
0.0	1.0
0.0	1.0
0.0	1.0
-0.006869927980005741	0.0
0.0	0.0
0.0	0.0
-2.9533091527866873e-09	0.0
0.0	0.005
0.0	0.014
0.0	0.013714285714285714
-9.972074622055516e-05	1.0
0.0	0.0
0.0	0.0
0.0	1.0
-6.00232306169346e-06	0.0
-0.0001853060384746641	1.0
-1.0228394785372075e-05	1.0
-0.002552929101511836	1.0
0.0	1.0
-3.300028038211167e-05	1.0
0.0	1.0
0.0	1.0
0.0	0.0
-2.2858916054246947e-05	1.0
0.0	1.0
-0.0032214003149420023	1.0
-3.6834269849350676e-05	0.0
0.0	0.0
0.0	0.0
0.0	0.0
0.0	0.0
-0.0011413880856707692	1.0
0.0	0.0
0.0	0.0
-3.427920819376595e-05	0.0
0.0	0.0
-0.01425731647759676	0.0
0.0	0.0
-0.0048386408016085625	0.0
0.0	0.0
0.0	0.0
0.0	1.0
0.0	1.0
0.0	0.0
0.0	0.0
-0.001794300740584731	0.0
0.0	1.0
0.0	1.0
-0.003416206920519471	0.0
0.0	0.0
-0.004660022910684347	0.0
-0.0006391866481862962	1.0
0.0	1.0
0.0	1.0
0.0	1.0
-0.0021412342321127653	0.0
-2.357726225454826e-05	1.0
0.0	0.0
-0.00014335321611724794	1.0
0.0	0.0
0.0	1.0
0.0	0.0
0.0	1.0
-0.010352158918976784	0.0
-0.00028626873972825706	0.0
-6.215041675750044e-11	0.0
0.0	0.0
0.0	0.001
-0.0004061858344357461	0.0010090817356205853
-0.0014814514433965087	0.0
-0.002068430883809924	1.0
-0.01623622700572014	0.0
-5.318453531799605e-06	1.0
0.0	1.0
-0.000131234060972929	1.0
-0.0009661732474341989	1.0
0.0	1.0
-8.81194937392138e-05	1.0
0.0	1.0
-0.0006424430175684392	0.116
0.0	0.11681772406847936
-0.010744163766503334	0.0
0.0	0.991
0.0	0.0
-0.00020704105554614216	0.0
-0.0020047493744641542	0.0
-4.598889063345268e-06	0.0
0.0	0.0
0.0	1.0
0.0	0.991
0.0	1.0
0.0	0.0
0.0	0.0
-0.00047617414384149015	0.0
-3.083713090745732e-05	0.0
0.0	1.0
0.0	1.0
-5.4027400331335684e-09	1.0
0.0	0.0
0.0	0.0
0.0	0.0
0.0	0.0
-0.0020951498299837112	0.0
0.0	0.0
-1.9246162992203608e-05	0.0
0.0	1.0
0.0	0.0
0.0	1.0
0.0	0.0
0.0	0.991
0.0	0.991
0.0	0.057
-0.0004624031134881079	0.0
0.0	0.0
-1.793847914655089e-08	1.0
0.0	0.0
0.0	0.0010604453870625664
0.0	0.0010604453870625664
0.0	0.05757575757575758
-3.9742917579133064e-05	0.0010604453870625664
0.0	0.0
-0.00029988339520059526	1.0
0.0	1.0
-0.020410243421792984	0.0
-0.0008144298917613924	0.001
0.0	1.0
0.0	0.0
0.0	0.0
0.0	0.0
0.0	1.0
0.0	0.0
0.0	0.0
0.0	1.0
0.0	1.0
0.0	1.0
0.0	0.1170534813319879
0.0	0.009
0.0	0.0
-0.005621273536235094	0.004
-6.61680860503111e-06	0.057750759878419454
0.0	1.0
0.0	1.0
0.0	1.0
0.0	1.0
-0.0024651887360960245	0.0
0.0	0.12633832976445397
-0.007320109289139509	0.0
0.0	0.0
-4.1392440148189935e-13	0.5263157894736842
0.0	0.0
-0.0008868176955729723	1.0
-1.5134438399400096e-05	0.13521695257315844
-0.00015654326125513762	0.0
-0.00034174873144365847	1.0
0.0	0.0
0.0	1.0
0.0	0.0
0.0	1.0
0.0	1.0
-4.4793611664317723e-07	0.0
0.0	1.0
0.0	1.0
0.0	1.0
0.0	1.0
0.0	0.0
0.0	0.0
0.0	0.0
-0.0005744799855165184	0.0
0.0	0.0
0.0	1.0
-2.3325858364842134e-06	0.01
0.0	1.0
0.0	1.0
-0.00020474685879889876	1.0
-0.020256079733371735	0.0010090817356205853
0.0	0.009009009009009009
0.0	1.0
0.0	0.001
0.0	1.0
0.0	0.009009009009009009
0.0	0.0
0.0	1.0
0.0	0.0
0.0	0.009
-0.0002172627137042582	0.0
-6.990456207390721e-18	1.0
0.0	0.0
0.0	0.009
0.0	0.0
-0.006615097168833017	0.0020181634712411706
-3.418186622639041e-07	0.009018036072144289
-0.0011766452807933092	0.0
0.0	1.0
-7.127516437321901e-05	0.0
-0.0023692401591688395	1.0
0.0	1.0
0.0	1.0
-0.000768298574257642	0.0
0.0	0.0
-1.0580114576441702e-05	1.0
-2.2950005131860962e-06	1.0
0.0	1.0
-0.0011038811644539237	0.0
-0.0018249638378620148	1.0
0.0	1.0
0.0	1.0
0.0	0.0
-0.0005122635047882795	1.0
-0.023143040016293526	0.0
0.0	1.0
0.0	0.0
-1.5480944171031297e-07	0.009
0.0	0.009
0.0	0.0
-0.0013662852579727769	0.0
-0.00043205381371080875	0.0
-0.0001132435500039719	0.0
0.0	0.0
0.0	0.991
-0.0012461222941055894	0.0
0.0	0.0
-0.0018622750649228692	0.0
0.0	0.3333333333333333
0.0	0.991
-0.00048824065015651286	0.0
-4.979306595487287e-06	0.991
-3.6385399901361914e-12	1.0
-1.7450176528654993e-05	0.991
-0.009771711193025112	0.0
0.0	0.002
-0.0004986599087715149	0.0
-0.0006340613472275436	1.0
-0.00444473372772336	0.0
0.0	0.0
0.0	1.0
0.0	0.002
0.0	0.002
0.0	0.0
0.0	0.0
-2.245975520054344e-05	0.002
0.0	0.0
0.0	1.0
-0.0017460878007113934	1.0
-0.013046101666986942	0.0
-0.005734553094953299	0.0
0.0	0.002
0.0	1.0
0.0	0.0
0.0	0.002
-5.454468919197097e-06	0.0
0.0	0.0
0.0	0.0
0.0	0.0
0.0	0.0
-0.0028326925821602345	0.0
-0.0004611490876413882	0.009
-0.0005622325697913766	0.0
0.0	1.0
-0.0006490297964774072	0.0
0.0	0.0
-0.0002069290931103751	0.0
0.0	0.0
-0.0001004803561954759	0.0
-1.9946311269336547e-08	1.0
-8.03397415438667e-06	1.0
0.0	0.0
-2.6571798580898864e-11	0.0
-1.3579514188677422e-06	0.0
0.0	0.0
0.0	0.0
0.0	1.0
-0.0001718224084470421	0.0
0.0	0.0
0.0	0.007
0.0	0.0
-0.0012006568722426891	0.0
-0.007014403585344553	0.0
0.0	0.0
-0.0014738565078005195	0.0
