-9.775820944923908e-05	1.0
0.0	0.0
-0.0010070119751617312	0.0
0.0	0.0
-1.3429545106191654e-05	0.0
-0.0022115616593509912	0.0
0.0	0.0
-0.001649257494136691	0.0
-1.05773563063849e-06	0.0
0.0	0.0
-0.0036405427381396294	0.0
-0.0004914198652841151	0.0
-1.7810362906711674e-10	0.0
-4.197499038127717e-06	0.0
-0.0007017204188741744	0.0
-2.4773018594714813e-05	0.0
0.0	0.0
-1.9286066162749194e-05	1.0
0.0	0.0
0.0	1.0
-0.00047625985462218523	1.0
-0.0005865684361197054	0.0
0.0	0.0
0.0	1.0
0.0	1.0
0.0	0.0
-7.244839252962265e-06	0.0
0.0	1.0
0.0	0.001
0.0	0.001
0.0	0.001
0.0	0.0
0.0	0.0
-0.00044845291995443404	0.0
0.0	1.0
0.0	1.0
-0.003088731551542878	0.0
0.0	1.0
0.0	0.001
-3.6701149064288785e-11	0.0
-0.004793000407516956	0.0
0.0	0.0
0.0	0.0
-0.0010293712839484215	0.0
0.0	0.0
-0.0030680885538458824	0.0
-0.00032134796492755413	0.0
0.0	0.0
0.0	1.0
0.0	0.0
-2.4181196067729616e-07	1.0
-0.0006215477478690445	1.0
-8.529093611286953e-05	1.0
0.0	1.0
0.0	0.017857142857142856
0.0	0.0
0.0	0.0
0.0	0.0
0.0	0.006
0.0	0.006
0.0	0.0
0.0	0.0
0.0	0.0
-0.005363753065466881	0.0
0.0	0.0
0.0	1.0
-0.0029501712415367365	0.0
0.0	0.0
-0.0002946913300547749	1.0
0.0	0.052313883299798795
0.0	0.0
-0.0002471384359523654	0.006329113924050633
-7.670107038393326e-08	0.0
0.0	1.0
0.0	1.0
-5.964996034890646e-06	1.0
0.0	0.006329113924050633
-9.718709407025017e-06	1.0
0.0	0.0
-0.0013308145571500063	1.0
0.0	1.0
-0.016640979796648026	0.0
-0.0007434699800796807	1.0
-1.118250782770891e-12	0.05
-0.009558022953569889	0.0
0.0	1.0
0.0	0.0
0.0	0.0
0.0	1.0
-0.023371072486042976	0.0
-5.319981255524908e-08	0.0
0.0	0.0
0.0	0.0
-0.00010881118214456365	0.0
0.0	0.0
0.0	0.001
0.0	0.0
0.0	1.0
0.0	1.0
-9.358606803289149e-06	1.0
0.0	1.0
-0.0033508508931845427	1.0
-8.923148584472074e-07	0.0
0.0	0.0
0.0	1.0
0.0	1.0
0.0	0.0024630541871921183
-1.3246243213416165e-07	1.0
-0.00040953283314593136	0.0
-0.0010291717480868101	0.18837675350701402
0.0	0.18837675350701402
-1.7335481970803812e-05	0.18837675350701402
0.0	0.0024630541871921183
0.0	1.0
0.0	1.0
-1.9266572053311393e-06	1.0
0.0	0.188
0.0	0.188
0.0	0.0
0.0	1.0
0.0	1.0
-0.00830104574561119	0.0
0.0	1.0
0.0	1.0
0.0	1.0
-4.005248410976492e-05	0.0
0.0	0.0
0.0	1.0
-0.03942793607711792	0.0
0.0	1.0
0.0	1.0
-6.107099181917874e-08	1.0
-3.759841638384387e-05	0.0
0.0	1.0
0.0	1.0
-0.0034972287248820066	0.0
0.0	0.0
-0.002307636896148324	0.0
0.0	1.0
-0.0025429828092455864	0.0
-1.734775691153434e-11	1.0
0.0	0.0
0.0	0.0
0.0	0.0
0.0	0.0
0.0	1.0
0.0	1.0
0.0	1.0
0.0	0.0
0.0	0.0
-5.9755617257906124e-05	0.0
0.0	1.0
0.0	1.0
0.0	0.0
0.0	0.053
0.0	1.0
0.0	0.0
0.0	0.053
0.0	0.0
0.0	1.0
-0.0016256821108981967	0.144
-0.00011655324487946928	0.0
0.0	1.0
0.0	0.155
0.0	0.13
-3.508223016979173e-05	0.0
-0.0007944058161228895	0.232
0.0	0.232
0.0	0.232
0.0	0.0
0.0	0.155
-1.881551361293532e-05	0.155
0.0	0.155
0.0	0.0
0.0	0.0
0.0	0.155
-7.530627044616267e-05	0.103
0.0	0.0
-0.005410915706306696	0.07391304347826087
0.0	1.0
0.0	1.0
-2.7464186132419854e-05	0.017
0.0	1.0
0.0	0.0
-0.0020901078823953867	0.0
0.0	0.0
0.0	0.0
0.0	0.0
0.0	0.0
-5.457362931338139e-05	0.0
0.0	1.0
0.0	0.0
0.0	0.0
0.0	0.0
-0.005843989551067352	0.0
0.0	1.0
0.0	1.0
0.0	0.0
-0.0008267612429335713	0.0
-1.3637839401781093e-05	0.188
0.0	0.0
-2.681347723409999e-06	0.0
0.0	1.0
-0.013786515220999718	0.0
-4.76481636724202e-06	0.188
-1.1297725905023981e-05	0.0
0.0	1.0
0.0	1.0
-0.0009699446382001042	0.0
-0.002031829673796892	0.44976076555023925
-0.002709302818402648	0.0
0.0	0.013
-0.0007918394985608757	0.0
-0.036928027868270874	0.0
0.0	1.0
-0.00017210635996889323	0.0
-1.2412202522682492e-05	0.0
0.0	0.0
0.0	0.0
0.0	0.0
0.0	0.0
0.0	0.0
0.0	0.0
0.0	0.0
0.0	0.0
0.0	1.0
-0.002081026090309024	0.0
0.0	0.0
0.0	0.0
0.0	0.13054187192118227
-0.001013596192933619	0.13054187192118227
0.0	1.0
0.0	1.0
0.0	1.0
0.0	0.0
0.0	0.0
0.0	1.0
-5.129282362759113e-05	1.0
-4.852965139434673e-05	1.0
0.0	1.0
0.0	0.0
0.0	1.0
-0.0002462108386680484	0.0
0.0	0.0
0.0	0.0
-0.0149058997631073	0.0
-5.182039899409574e-07	1.0
0.0	1.0
0.0	0.01
0.0	0.008
0.0	0.0
0.0	0.0
-0.0032368714455515146	0.0
-0.0003295361530035734	0.0
-3.504473227167182e-07	0.0
0.0	1.0
0.0	1.0
0.0	0.0
0.0	1.0
0.0	0.0
-0.0001642605202505365	0.0
0.0	1.0
-0.0020997649990022182	0.0
-8.050022734096274e-05	0.0
0.0	1.0
0.0	0.0
0.0	0.158
0.0	1.0
0.0	0.0
0.0	0.0
0.0	1.0
-9.937073741639324e-08	0.0
-9.07022368323851e-09	0.0
-1.7226794213343055e-08	0.0
-8.404316131915834e-10	1.0
-0.00036402043770067394	0.0
-0.0013808532385155559	0.0
0.0	0.0
-1.9820414198790104e-09	0.0
0.0	0.01901901901901902
-2.0459337974898517e-05	0.0
-3.812762656707491e-07	0.0
0.0	0.0
0.0	0.0
0.0	0.0
-0.0007189252064563334	0.0
0.0	1.0
0.0	0.0
0.0	0.0
0.0	0.0
-3.1315357773564756e-05	0.0
-0.0016435509314760566	1.0
0.0	0.0
-0.00019360845908522606	0.0
0.0	0.0
0.0	0.002
0.0	1.0
0.0	0.002
-0.0013294429518282413	0.002008032128514056
0.0	0.01098901098901099
0.0	1.0
0.0	0.0
-3.2238867788692005e-06	0.0
-3.165173257002607e-05	1.0
-2.8088548376103972e-08	1.0
0.0	1.0
-2.941970365100133e-07	0.0
-0.00015927049389574677	0.05
0.0	0.0
0.0	0.0
-0.00010364870831836015	0.0
0.0	0.0
0.0	0.0
0.0	0.0
0.0	0.0
-0.0004386206855997443	1.0
0.0	0.0
0.0	1.0
0.0	0.0
-0.0016975481994450092	0.0
0.0	1.0
0.0	1.0
0.0	0.0
0.0	1.0
0.0	0.0
-0.003992057871073484	0.0
0.0	0.0
0.0	0.05
0.0	0.0
0.0	1.0
0.0	1.0
-2.0645356926252134e-05	0.188
0.0	1.0
-0.0018081533489748836	1.0
0.0	0.0
0.0	0.0
-0.00023842393420636654	1.0
-8.285617525416455e-08	0.0
0.0	0.0
-0.0001510168076492846	0.0
-9.487902685734184e-10	0.0
0.0	1.0
0.0	0.0
0.0	0.0
-0.0009243317181244493	1.0
0.0	0.0
0.0	1.0
0.0	1.0
0.0	0.0
-0.0005137877888046205	0.0012987012987012987
0.0	0.0
0.0	1.0
0.0	1.0
-1.672489347015471e-08	0.06679764243614932
0.0	1.0
0.0	1.0
-0.002964638639241457	0.0
0.0	1.0
0.0	1.0
0.0	0.0
-6.469430768873963e-09	1.0
0.0	0.0
0.0	0.093
-5.766072064261607e-10	0.0
-0.001375506049953401	0.0
0.0	0.009
0.0	0.009
-0.0007842812337912619	0.23208879919273462
-0.00016024122305680066	0.23208879919273462
0.0	1.0
0.0	0.0
0.0	1.0
-0.0008149113273248076	1.0
0.0	0.0
-7.903968798927963e-05	1.0
0.0	1.0
0.0	1.0
-3.506212306092493e-05	1.0
-1.5113934750843327e-05	0.582
-0.0002459264360368252	1.0
0.0	1.0
0.0	0.0
0.0	0.0
0.0	0.0
0.0	0.0
0.0	0.0
0.0	1.0
0.0	0.0
-1.5112882465473376e-06	1.0
-0.00035787528031505644	1.0
0.0	0.0
-6.528895755764097e-05	0.0
0.0	0.0
-0.0015113011468201876	0.0
0.0	0.0
0.0	0.0
-1.1713441381289158e-05	0.0
0.0	0.0
-4.201417169724664e-08	0.0
-0.005680511239916086	0.0
-0.00046170549467206	0.0
0.0	1.0
-0.002794551197439432	0.0
0.0	0.0
0.0	0.0
-0.014155173674225807	0.0
-0.0017274859128519893	0.0
-0.0002549074706621468	0.0
0.0	0.094
-0.0008012827020138502	0.0
-0.0003360547998454422	0.09839357429718876
0.0	0.002036659877800407
-0.00020214747928548604	0.004434589800443459
0.0	0.09839357429718876
0.0	0.004434589800443459
-0.0005526293534785509	0.09839357429718876
0.0	0.004434589800443459
0.0	0.0
0.0	1.0
-1.1334877925150977e-08	0.181
-4.077983976458199e-05	1.0
-0.0003124316281173378	0.0
0.0	1.0
0.0	1.0
-1.6543321379458575e-08	0.125
0.0	1.0
0.0	0.0
0.0	1.0
0.0	0.0
0.0	0.491
0.0	0.0
0.0	1.0
0.0	0.016
0.0	1.0
0.0	1.0
0.0	0.0
0.0	0.0
0.0	0.0
0.0	1.0
-0.0002506151795387268	0.0
-3.8932162119759606e-17	0.0
0.0	0.001
0.0	1.0
0.0	0.0
-0.005317044910043478	0.003694581280788177
-0.0015749731101095676	0.0
-0.0004603751585818827	1.0
0.0	1.0
-1.3255124997613166e-08	1.0
0.0	0.0
0.0	0.009
-0.004606014583259821	0.0
0.0	0.009
-2.2057503201722284e-07	0.0
0.0	0.0
-7.76921006035991e-05	1.0
-0.0004564064147416502	0.0
0.0	1.0
0.0	0.091
0.0	0.091
-0.00018274756439495832	0.091
-0.008482938632369041	0.0
-0.0003524562926031649	1.0
-1.9798175344476476e-05	0.0
-5.677290027961135e-05	0.0
0.0	1.0
-0.00014146330067887902	0.0
0.0	0.0
-0.0005552651127800345	0.0
0.0	0.0
0.0	1.0
-5.370814324123785e-05	1.0
0.0	0.0
-0.003054962493479252	0.0
0.0	1.0
0.0	0.23
-9.279228318885557e-14	0.0
0.0	0.23
0.0	0.23
0.0	1.0
0.0	0.0
0.0	0.0
-0.00014658391592092812	1.0
0.0	0.0
-0.0045702410861849785	0.0
0.0	0.0
-0.0035752635449171066	0.0
-5.94505706885684e-07	0.0
0.0	0.002
0.0	0.002105263157894737
-0.0003165416419506073	0.050100200400801605
0.0	0.0
0.0	0.002
0.0	0.0
0.0	0.003
0.0	0.0
-0.0007926085381768644	0.0022002200220022
-0.0006590622942894697	1.0
0.0	1.0
0.0	0.0022002200220022
0.0	1.0
-1.7718552044243552e-05	1.0
-0.0019825983326882124	0.0
-0.00047363535850308836	0.0
-0.0016757567645981908	0.0
0.0	0.0
0.0	0.009
0.0	0.0
0.0	0.009
-0.006333354394882917	0.0
0.0	1.0
0.0	0.011083743842364532
0.0	0.18970736629667004
0.0	0.0
-4.817723674932495e-05	0.0
0.0	0.0
0.0	0.0
0.0	0.0
0.0	0.042
0.0	0.0
0.0	0.0
-0.056549862027168274	0.0
-0.0004877413739450276	0.0
0.0	0.0
0.0	0.0
0.0	0.0
-1.7399075886714854e-06	0.188
-0.000208273486350663	0.0
-0.0006348813185468316	1.0
0.0	0.0
0.0	0.0
-1.4675409829578712e-06	0.188
0.0	0.0
-2.1180615021876292e-06	1.0
0.0	1.0
0.0	1.0
-2.97421240197035e-13	1.0
0.0	1.0
0.0	1.0
0.0	0.0
0.0	0.0
-2.091891701638815e-06	1.0
0.0	1.0
-6.9545973424567364e-09	1.0
0.0	0.2832512315270936
0.0	0.24415584415584415
-7.798310252837837e-05	0.2832512315270936
0.0	0.0
0.0	0.0
0.0	0.011
-7.549155078834247e-09	0.011
-1.3851686730959045e-07	0.014267185473411154
-6.006956482451642e-06	0.013546798029556651
-0.0006992126582190394	0.19009100101112233
0.0	0.013546798029556651
-0.0008407775894738734	0.013546798029556651
0.0	1.0
0.0	1.0
-0.00019273052748758346	1.0
-0.004743093159049749	0.0
0.0	0.0
0.0	1.0
0.0	1.0
0.0	1.0
0.0	0.0
0.0	0.0
0.0	1.0
0.0	1.0
-6.800046037369611e-08	0.001
0.0	0.0
0.0	1.0
0.0	1.0
-0.006957311648875475	0.0
0.0	0.0
0.0	0.0
0.0	0.0
-7.580807164231373e-07	0.0
-1.362106331725954e-06	0.0
0.0	0.0
0.0	0.0
0.0	0.0
-0.002100202487781644	1.0
0.0	0.0
-0.00033293748856522143	0.0
-2.865148417185992e-05	0.0
0.0	0.0
0.0	0.0
0.0	0.0
0.0	0.0
-2.0252783894392223e-09	0.0
-0.00019020793843083084	0.0
0.0	0.0
0.0	1.0
0.0	0.0
-3.570745832348621e-08	1.0
-3.0836633868602803e-06	0.0
-0.00014515730435959995	1.0
-0.0003428637864999473	1.0
-0.004548906814306974	0.0
-0.007540680002421141	0.0
-0.00413157744333148	0.0
-2.2991820515017025e-05	0.188
0.0	0.679
-0.0002482490090187639	1.0
-1.5380021068267524e-05	1.0
0.0	0.491
0.0	0.0
-0.00035148425376974046	0.0
0.0	1.0
0.0	1.0
0.0	0.0
-8.043173147598282e-05	0.0
0.0	1.0
0.0	1.0
-5.7516761131637395e-08	1.0
-6.388262136169942e-06	0.0
0.0	1.0
-3.68143773812335e-05	1.0
-1.031406640095156e-07	0.5837512537612839
0.0	0.006
-0.001311865053139627	0.0
0.0	0.006
-5.369961399992462e-06	0.0
-1.3102465345582459e-05	1.0
0.0	1.0
-4.20323085563723e-05	0.0
-2.112383526764461e-06	1.0
-0.06163441389799118	0.0
0.0	1.0
-4.706234176410362e-05	0.0
0.0	0.0
-0.0005512828938663006	0.0
0.0	0.0
0.0	1.0
-0.0216232817620039	0.0
-0.006537478882819414	0.0
0.0	0.0
-0.00018407416064292192	0.0
-0.0023277585860341787	0.0
0.0	0.0
0.0	0.0
0.0	1.0
-0.0032640756107866764	0.0
-0.0037970624398440123	0.0
-0.00026662310119718313	0.023
0.0	0.0
-9.61034165811725e-05	0.0
-4.431152774486691e-05	1.0
0.0	1.0
-1.4169707355904393e-05	1.0
0.0	0.0
0.0	1.0
-0.0003093549457844347	0.0
0.0	0.0
0.0	0.0
-1.8314945918973535e-05	1.0
0.0	1.0
0.0	0.0
-1.7666487162060207e-09	1.0
0.0	0.09574468085106383
-0.005647056270390749	0.0
-2.9388520061957024e-08	0.018
0.0	1.0
-3.814965270770854e-12	0.0
0.0	0.0
-0.00010383095650468022	0.0
0.0	0.0
0.0	0.0
-3.3167005312861875e-05	0.0
0.0	1.0
0.0	1.0
0.0	0.0
0.0	0.001002004008016032
-3.2114170608110726e-05	1.0
-0.00043060825555585325	0.0
0.0	1.0
0.0	0.0
-5.970027268631384e-05	1.0
-8.007907013052318e-07	1.0
0.0	1.0
-0.0014714740682393312	1.0
0.0	1.0
-9.227140981238335e-05	0.0
-0.022003380581736565	0.0
-2.630966810102109e-05	0.0
0.0	0.0
0.0	0.014084507042253521
0.0	0.0
-8.720772370907071e-07	0.0
-2.0420954172095662e-07	1.0
0.0	0.0
-0.0017543283756822348	0.0
0.0	0.0
0.0	0.006
-0.016414830461144447	0.0
-0.0012105864007025957	0.0
0.0	0.0
-3.907453027807151e-09	0.0
-0.007495809346437454	0.0
-2.997512904556743e-09	0.0
-0.0587608776986599	0.0
-0.0011521077249199152	0.001
-2.8008893423248082e-05	0.0
-0.00027899781707674265	0.0
0.0	0.0
0.0	0.0
-0.002563181798905134	0.0
0.0	1.0
0.0	1.0
0.0	1.0
0.0	0.0
0.0	1.0
0.0	1.0
-0.0019256268860772252	1.0
0.0	0.0
0.0	0.0
0.0	0.0
