-2.1362029656302184e-05	0.0
0.0	1.0
0.0	0.0
0.0	0.0
-9.756086910783779e-06	0.0
0.0	0.0
-0.0003164929512422532	1.0
0.0	1.0
0.0	1.0
-0.008140877820551395	0.0
0.0	0.0
0.0	1.0
-5.19192690262571e-05	0.0
-0.0007975370972417295	0.0
-0.0004547948483377695	1.0
0.0	0.0
-0.0011658481089398265	0.0
-0.010021137073636055	0.003952569169960474
0.0	0.012
-0.0004546278214547783	0.0
0.0	1.0
0.0	0.0
0.0	0.0
-0.003987894393503666	0.0
0.0	0.0
-1.8338077584223456e-11	1.0
-0.0006018552812747657	0.004
0.0	0.004
0.0	1.0
0.0	0.001
0.0	1.0
0.0	0.0
-1.1330537397213902e-08	1.0
0.0	0.0
0.0	0.0
-0.0008023871341720223	0.0
0.0	0.0
0.0	0.014
-4.535392872639932e-05	1.0
0.0	0.0
0.0	0.0
-3.87300946869118e-09	0.0
0.0	0.0
-0.031265705823898315	0.0
0.0	1.0
0.0	1.0
-1.2569046248245286e-08	0.001
0.0	0.0
0.0	1.0
0.0	1.0
0.0	1.0
0.0	0.0
0.0	0.0
0.0	0.0
0.0	0.0
0.0	0.0
-6.055417179595679e-05	1.0
-0.0018596416339278221	0.0
-0.00022192520555108786	0.00641025641025641
0.0	1.0
0.0	0.0
0.0	1.0
0.0	0.0
0.0	1.0
0.0	1.0
-1.6666368537698872e-05	0.0
0.0	1.0
-0.056014422327280045	0.0
0.0	0.0
0.0	0.0
0.0	1.0
0.0	0.0
0.0	1.0
0.0	0.085
-5.039134265416578e-08	0.0
0.0	1.0
-0.002251856029033661	0.0
-2.064740147034172e-05	0.0
0.0	1.0
0.0	1.0
0.0	1.0
0.0	0.085
-0.00045575626427307725	0.0
0.0	0.085
-0.007460664492100477	0.085
0.0	0.0
0.0	0.0
0.0	0.008
0.0	1.0
0.0	0.0
-0.0001053145169862546	0.0
0.0	0.0
0.0	0.0
-1.7350920700209826e-07	0.0
0.0	0.545
0.0	0.0
0.0	0.002
-0.0009206043905578554	0.002
-5.4377142078010365e-06	0.0
0.0	0.0
-0.0018306949641555548	0.0
-3.9916740206535906e-06	0.0
0.0	0.0
-7.079719216562808e-05	1.0
-0.0018140650354325771	0.0
0.0	1.0
0.0	0.0
-0.0012367672752588987	0.028
-2.5443523554713465e-06	0.028
0.0	0.0
0.0	0.0
0.0	1.0
0.0	1.0
-0.006063984706997871	0.0
-0.005009751301258802	0.0
0.0	0.0
0.0	0.0
0.0	0.002
-0.0003068462247028947	0.002
-1.0820529041666305e-06	0.0
0.0	0.0
0.0	1.0
-6.136830779723823e-05	1.0
-0.0028028737287968397	0.0
0.0	1.0
0.0	1.0
0.0	1.0
-0.00034363422309979796	0.0
0.0	1.0
0.0	0.0
0.0	0.0
-0.020235374569892883	0.0
-0.007237574085593224	0.0
-1.5488210920011625e-05	0.0
0.0	0.0
0.0	0.0
-2.90736643364653e-05	0.0
0.0	0.0
-4.726025792933797e-08	1.0
-0.0007764911279082298	1.0
0.0	0.0
-8.616930102789411e-08	0.001
0.0	0.0
0.0	0.212
-1.8296677808393724e-05	1.0
-0.00035478436620905995	1.0
0.0	1.0
0.0	1.0
-1.0963452950818464e-05	0.0
0.0	1.0
-0.0016832923283800483	1.0
0.0	1.0
0.0	0.0
-0.0007408341043628752	0.0
-0.00458511570468545	1.0
-0.00012974692799616605	0.0
-0.006663644220679998	0.0
0.0	0.001
0.0	0.001
0.0	1.0
-0.00074014812707901	1.0
0.0	0.0
0.0	1.0
-1.5258959820130258e-06	0.0
0.0	1.0
-3.070761522394605e-05	0.001
0.0	0.001
0.0	0.001
-1.814480299344723e-07	0.0
0.0	0.0
0.0	0.0
-0.0029084254056215286	0.0
0.0	0.0
0.0	1.0
-5.150325159775093e-05	0.0
0.0	1.0
0.0	1.0
0.0	1.0
0.0	1.0
0.0	1.0
0.0	0.0
0.0	0.0
0.0	1.0
-3.003917670163503e-10	1.0
0.0	1.0
0.0	0.007
-0.000206162832910195	1.0
0.0	1.0
-9.370979569212068e-06	1.0
0.0	0.0
0.0	0.0
-0.015484137460589409	0.0
-0.0015655880561098456	1.0
0.0	1.0
0.0	0.0
-3.6356614145915955e-05	1.0
0.0	1.0
-0.00037225615233182907	1.0
0.0	0.0
-7.931814616313204e-05	0.0
0.0	0.0
0.0	0.0
0.0	1.0
0.0	0.0
0.0	1.0
0.0	0.0
-0.00039322723750956357	1.0
0.0	1.0
0.0	0.0
0.0	1.0
-1.9711888371576336e-11	1.0
0.0	1.0
0.0	0.0
0.0	1.0
-3.812255954471766e-06	1.0
0.0	1.0
0.0	1.0
0.0	1.0
-4.58774775324855e-05	1.0
0.0	0.0
0.0	1.0
0.0	1.0
0.0	1.0
-3.2572629038440937e-07	0.0
-0.0005503275897353888	0.0
-0.0006173671572469175	0.0
-0.00058341259136796	0.0
0.0	0.0
0.0	1.0
0.0	0.0
-0.0014075725339353085	0.0
0.0	0.0
0.0	0.0
0.0	0.0
0.0	0.0
0.0	1.0
0.0	0.0
-1.1102310054411646e-05	0.0
-0.0003432898665778339	0.0
0.0	0.0
0.0	1.0
-4.3084057210762694e-07	0.0
0.0	1.0
0.0	1.0
0.0	1.0
0.0	1.0
0.0	1.0
0.0	0.0
0.0	0.0
0.0	0.0
0.0	1.0
-0.002682697493582964	0.0
0.0	0.0
0.0	0.002
0.0	1.0
-2.0406156409080722e-07	1.0
-6.50173460599035e-05	1.0
0.0	0.0
-0.0017905395943671465	0.016
-0.0061767627485096455	0.0
0.0	0.0
0.0	0.0
-1.2182119462522678e-05	1.0
0.0	1.0
0.0	1.0
0.0	1.0
0.0	1.0
0.0	0.0
-0.0010139551013708115	0.0
-0.001095201470889151	1.0
0.0	1.0
0.0	1.0
0.0	1.0
0.0	0.007
0.0	1.0
0.0	0.0
0.0	0.0
0.0	0.0
-8.534300488527435e-10	0.0
-6.180348282214254e-05	0.0
0.0	0.0
0.0	1.0
0.0	0.0
-0.016846774145960808	0.0
0.0	1.0
0.0	1.0
-8.284794603241608e-06	0.0
0.0	1.0
0.0	1.0
0.0	1.0
0.0	1.0
0.0	0.0
0.0	1.0
0.0	1.0
0.0	1.0
-6.408118924383643e-09	1.0
0.0	0.001
0.0	0.0
0.0	0.001
-0.004855705425143242	0.001
-1.496459935879102e-05	0.001
0.0	0.001
0.0	1.0
-0.0025751241482794285	0.0
-6.737101188036831e-08	1.0
0.0	0.002002002002002002
-0.00035863867378793657	1.0
-9.013205271912739e-05	1.0
0.0	1.0
0.0	1.0
0.0	1.0
-0.000364992069080472	0.010440835266821345
-4.589600166582386e-07	0.0
0.0	0.13911290322580644
0.0	0.009280742459396751
-2.245506003362152e-10	0.009280742459396751
0.0	0.009280742459396751
-0.0002821640809997916	0.019656019656019656
0.0	0.0
0.0	0.0
0.0	0.0
0.0	0.844
-0.000618215708527714	0.0
0.0	0.0
-0.0008907326264306903	0.0
-2.3159567774655443e-07	0.0
0.0	0.0
0.0	0.0
-7.546252618340077e-07	0.0
-1.9376608179300092e-05	0.0
0.0	0.0
0.0	0.0
-5.391391823650338e-05	0.0
0.0	0.0
0.0	1.0
0.0	0.367
0.0	0.367
0.0	0.367
0.0	0.367
0.0	0.0
0.0	0.068
0.0	0.068
0.0	0.3208154506437768
-4.0819116975399083e-08	0.0
-0.0019230620237067342	0.0
0.0	0.0
0.0	0.0
-0.00025827722856774926	0.068
0.0	0.0
-0.015278913080692291	0.0
-0.0005166358896531165	1.0
0.0	1.0
0.0	1.0
0.0	1.0
-1.5048780277471252e-10	1.0
0.0	1.0
0.0	1.0
-9.182742360280827e-05	0.0
0.0	0.0
0.0	0.0
0.0	0.0
-0.0010473470902070403	0.0
0.0	1.0
0.0	0.0
-3.641292278189212e-05	1.0
0.0	1.0
-0.006934939883649349	0.0
-0.001744088833220303	1.0
-0.00041839078767225146	1.0
-0.0005794258904643357	1.0
-0.00036075981915928423	1.0
0.0	0.0
-1.9004502973984927e-05	0.0
0.0	0.0
0.0	1.0
0.0	0.0
-0.0004819342866539955	0.0
-5.416747952957657e-11	0.0
0.0	1.0
0.0	1.0
0.0	1.0
-0.00019925148808397353	1.0
-0.0001147020811913535	0.007339449541284404
0.0	0.004004004004004004
-0.004016968887299299	0.004004004004004004
0.0	0.0
0.0	1.0
-6.773309024765695e-08	0.0
-5.756492100772448e-06	1.0
-2.525936179154087e-05	0.011
0.0	1.0
-0.0009780466789379716	0.011
0.0	0.0
0.0	0.0
-0.00041531873284839094	0.0
-2.3292887063597334e-10	1.0
-4.632526586110338e-18	0.0
-0.004428335465490818	0.0
0.0	1.0
0.0	0.0
0.0	1.0
0.0	0.0
-0.0026342689525336027	0.0
0.0	1.0
0.0	1.0
-0.0005365752731449902	0.0
0.0	1.0
0.0	1.0
-0.0002793857711367309	1.0
0.0	0.0
0.0	0.0
0.0	0.0
-0.0008026823634281754	0.0
-0.0012363583082333207	0.0
0.0	0.0
-5.114540613249119e-07	0.0
-0.0013715189415961504	0.545
0.0	0.545
0.0	0.844
0.0	0.0
0.0	0.844
0.0	0.0
0.0	1.0
-5.4055594773672055e-06	1.0
0.0	0.7803138373751783
0.0	0.0
0.0	1.0
0.0	0.0
-0.029276710003614426	0.0
0.0	1.0
-1.465948298573494e-05	1.0
0.0	0.046822742474916385
-1.472003168601077e-05	0.0
0.0	0.0
0.0	0.0
0.0	0.0
0.0	0.0
0.0	1.0
0.0	1.0
-0.02147289738059044	0.0
0.0	0.0
-1.0827339735897112e-07	0.0
-0.0007385122589766979	1.0
-0.0013225988950580359	1.0
-0.008715133182704449	0.0
-0.0002882922999560833	1.0
0.0	0.0
0.0	1.0
0.0	0.0
0.0	0.0
0.0	1.0
0.0	1.0
-1.3638655218528584e-05	1.0
0.0	1.0
0.0	0.0
0.0	0.006
-4.572207672026707e-06	1.0
0.0	0.0
0.0	1.0
0.0	1.0
0.0	1.0
0.0	1.0
0.0	1.0
0.0	0.0
0.0	0.0
0.0	1.0
-0.02488047070801258	0.0
-0.008410792797803879	0.0
0.0	0.0
-2.4499897790519753e-06	1.0
-1.4838532624850131e-09	1.0
0.0	1.0
0.0	1.0
0.0	0.0
0.0	0.002
0.0	1.0
-0.008196870796382427	0.0
0.0	1.0
0.0	0.002
-0.00020863747340627015	1.0
0.0	1.0
-2.813890887409798e-06	1.0
-0.001801772858016193	0.0
0.0	1.0
0.0	1.0
0.0	0.0
-0.007496908772736788	0.0
-0.0003898816939909011	0.003
0.0	0.003
-0.004085850901901722	0.0
-0.0022168958093971014	0.003
0.0	0.0
0.0	0.0
-2.797557317535393e-05	0.0
0.0	0.0
0.0	0.0
0.0	1.0
-0.0001368749508401379	0.0
-0.0007513345335610211	0.0
-0.0006528596859425306	0.0
-2.7004325602320023e-05	1.0
0.0	0.019
-0.0002972491201944649	0.004077471967380225
-3.0288017569546355e-06	0.0
0.0	0.0
-8.055317266553175e-07	1.0
0.0	1.0
-2.886890726472302e-08	1.0
0.0	0.0
0.0	0.0
0.0	1.0
0.0	0.0
-0.00018244372040499002	0.0
0.0	0.0
0.0	1.0
-0.0003935086424462497	1.0
-9.582492930348963e-05	0.0
-3.256904165027663e-05	1.0
0.0	1.0
0.0	0.0
0.0	0.154
0.0	0.0
-0.0002481334377080202	0.0
-3.2278708772537357e-07	0.0
0.0	0.0
-0.0023078995291143656	0.0
-4.058294052811107e-06	1.0
0.0	0.0
-0.00011450948659330606	1.0
-5.688452347385464e-06	1.0
0.0	1.0
0.0	1.0
0.0	0.0
-0.00017427303828299046	0.0
-0.0025126170367002487	1.0
0.0	1.0
0.0	1.0
-0.000264089263509959	1.0
0.0	0.0
-3.4704775316640735e-05	1.0
-2.009489321608271e-07	0.0
-0.0013752251397818327	1.0
0.0	0.0
-0.004960753954946995	0.0
0.0	0.0
0.0	1.0
0.0	0.156
-3.208648138297576e-07	0.0
0.0	1.0
-3.3432079362683e-05	1.0
0.0	1.0
0.0	1.0
0.0	1.0
0.0	0.0
0.0	0.0
0.0	0.02564102564102564
0.0	0.8473895582329317
-1.074895727981584e-08	0.0
-2.5789910068851896e-05	0.844
0.0	0.299
-0.0003756057994905859	0.0
0.0	0.0
0.0	0.0
0.0	0.0033444816053511705
-1.4885287782817613e-05	0.0
0.0	1.0
0.0	1.0
0.0	1.0
-2.0500950995483436e-05	0.0
0.0	1.0
-0.0005490028997883201	0.0
-0.000710224499925971	0.0
-0.0007329594227485359	0.0
-0.0008807497215457261	0.0
-7.709652709309012e-05	0.0
-7.446846958525377e-13	1.0
0.0	0.0
0.0	1.0
0.0	1.0
0.0	0.0
-3.5706167977878067e-07	0.0
0.0	0.0
-3.94667949876748e-05	0.0
0.0	1.0
-0.003490437287837267	0.0
0.0	0.0
0.0	1.0
0.0	0.0
0.0	0.0
-0.001523460727185011	0.002
0.0	1.0
-0.0029192909132689238	0.0
-0.001937704742886126	0.0
-0.0038706439081579447	0.0
0.0	1.0
0.0	1.0
-0.000574507110286504	1.0
-3.785657827393152e-05	0.005005005005005005
0.0	0.0010050251256281408
0.0	1.0
0.0	1.0
-0.0004816296277567744	0.0
-4.1037702658286435e-07	1.0
-1.6301369498705753e-07	1.0
-0.0007813289994373918	0.0
0.0	1.0
0.0	1.0
-0.0038673540111631155	0.0
0.0	1.0
0.0	0.0
0.0	0.0
-0.030899975448846817	0.0
0.0	0.0
0.0	0.0
0.0	0.0
0.0	0.0
0.0	0.0
0.0	0.109
0.0	0.0
0.0	1.0
0.0	0.0
0.0	0.0
-0.00028985986136831343	0.0
0.0	0.0
0.0	0.009174311926605505
-0.0005508313188329339	0.005
-1.8417111277813092e-05	1.0
-0.0009475119295530021	1.0
0.0	1.0
0.0	1.0
0.0	1.0
0.0	0.0
-0.00032880163053050637	1.0
0.0	1.0
-2.3115949261409696e-06	1.0
-0.0002315227029612288	0.0
0.0	1.0
0.0	1.0
-0.0008390738512389362	0.0
0.0	1.0
0.0	0.30120481927710846
0.0	0.004004004004004004
0.0	0.0011904761904761906
0.0	0.001004016064257028
0.0	0.004004004004004004
0.0	0.001004016064257028
0.0	0.0
0.0	1.0
0.0	0.0
0.0	1.0
0.0	1.0
-0.0003878776333294809	0.0
0.0	1.0
-2.7747462993943373e-08	1.0
0.0	0.0
-4.03300126516795e-15	0.0
0.0	0.0
-0.0024992027319967747	0.0
-1.873707697086502e-05	0.0
