-0.0003792051284108311	0.0
0.0	1.0
0.0	1.0
0.0	0.0
0.0	0.0
-0.00021823174029123038	1.0
0.0	0.0
0.0	0.0
-1.1434089284656328e-14	0.0
0.0	0.0
0.0	0.0
-0.0001313378452323377	0.0
0.0	0.0
-9.979582438202073e-11	1.0
0.0	0.0
0.0	0.0
0.0	0.0
-0.0008381595835089684	1.0
-6.000316716381349e-06	0.0
0.0	0.0
-3.959785317420028e-05	1.0
0.0	0.0
0.0	0.0
0.0	1.0
0.0	0.0
-0.0014963217545300722	0.0
0.0	1.0
0.0	0.0
0.0	0.0
-0.00011035526404157281	0.0
0.0	0.0
0.0	0.015337423312883436
0.0	1.0
-2.611885914560535e-16	0.0
0.0	0.0
0.0	0.0
0.0	1.0
0.0	0.0
0.0	0.0
0.0	1.0
0.0	0.0
-5.658349664372508e-07	0.0
0.0	0.0
-4.915257159154862e-05	0.0
0.0	0.0
-0.013188786804676056	0.0
0.0	1.0
0.0	0.978
0.0	1.0
0.0	0.0
0.0	0.0
-0.0005956492968834937	0.0
0.0	0.0
0.0	0.0
-0.004382046405225992	0.022
0.0	0.0
0.0	0.0
0.0	0.0
0.0	0.0
-0.00011280854232609272	0.0
-0.0008687930530868471	0.0
-5.11598159391724e-07	0.0
0.0	0.0
-0.0005733941216021776	0.0
-0.0011866976274177432	0.0
0.0	0.0
0.0	0.0
-2.46470288622902e-09	0.0
0.0	0.0
-1.0633754072841839e-06	0.0
-1.886135942186229e-05	0.0
0.0	0.0
-0.0001618923561181873	1.0
0.0	0.0
0.0	1.0
0.0	1.0
-1.2688045103459444e-07	1.0
0.0	0.0
0.0	1.0
-0.004815160296857357	0.0
0.0	0.00408997955010225
-0.0007812904077582061	0.0
0.0	0.0
-0.01488537061959505	0.0
0.0	0.0
-3.418066262383945e-05	0.0
0.0	1.0
-7.453940042978502e-07	0.0
0.0	1.0
-0.001137691317126155	0.0
0.0	1.0
0.0	1.0
-2.1471122657601427e-09	1.0
0.0	0.0
0.0	0.0
0.0	0.0
-0.00012593095016200095	0.0
0.0	1.0
0.0	1.0
0.0	0.0
0.0	1.0
0.0	1.0
-1.9992673969682073e-06	0.375
-0.0027953151147812605	0.0
0.0	0.0
-3.3479432204330806e-06	1.0
-3.43854735547211e-05	1.0
-0.0012836760142818093	0.0
-0.04715929925441742	0.0
0.0	0.0
0.0	0.074
-0.005089889280498028	0.0
0.0	0.17307692307692307
0.0	0.0
0.0	0.0
-0.005972050596028566	0.0
0.0	0.0
-0.0009548221714794636	0.0
-0.005719917826354504	0.0
-0.00017401874356437474	0.0
0.0	0.0
-0.00028069602558389306	1.0
0.0	1.0
-0.00024393013154622167	0.0
0.0	1.0
-0.00019721673743333668	1.0
-0.00024044743622653186	0.0
0.0	0.011
-0.0029150876216590405	0.0
0.0	0.0
0.0	0.0
0.0	0.0
0.0	0.0
0.0	0.258
-0.00014029238082002848	0.0
0.0	0.0
0.0	0.0
0.0	0.258
0.0	0.978
0.0	0.0
0.0	0.0
0.0	0.0
0.0	0.0
-5.235339358478086e-06	0.0
0.0	1.0
0.0	1.0
0.0	1.0
-1.9381232174708884e-09	1.0
0.0	0.0
0.0	1.0
-3.698763975990005e-06	0.0
-1.2118889891610252e-08	0.002
-0.005418540444225073	0.0
-1.853894260328559e-10	0.0
0.0	0.0
-0.0003631446452345699	1.0
-0.0046928455121815205	0.0
0.0	1.0
0.0	1.0
-6.614730096998755e-08	1.0
0.0	1.0
-0.004384658299386501	0.0
0.0	1.0
-0.0005034843925386667	0.0
0.0	1.0
-0.0006975256255827844	1.0
0.0	1.0
-1.8761191313387826e-05	0.0
0.0	0.0
0.0	0.0
0.0	1.0
-7.297373667825013e-05	1.0
0.0	0.0
0.0	0.0
0.0	0.0
0.0	1.0
-0.00030826308648101985	0.0
0.0	1.0
0.0	1.0
0.0	1.0
0.0	0.00802407221664995
0.0	1.0
0.0	1.0
0.0	1.0
0.0	1.0
0.0	0.0
0.0	0.0
-0.004107282031327486	0.0
0.0	0.0
-2.37100561406578e-10	0.0
0.0	0.001
0.0	1.0
-1.5502453765137147e-09	0.0
0.0	0.0
0.0	0.0
0.0	0.0
0.0	1.0
0.0	1.0
-0.0005808165878988802	1.0
-0.0012416468234732747	0.0
-0.00010259296686854213	0.0
0.0	1.0
0.0	0.0
-0.00023887187126092613	0.0
0.0	0.0
0.0	1.0
-1.8885720010075602e-07	1.0
0.0	0.0
-2.4575381303293398e-06	1.0
0.0	1.0
0.0	0.0
0.0	0.0
-0.0011472762562334538	0.0
-2.013828748204105e-08	0.0
0.0	1.0
0.0	0.0
0.0	1.0
0.0	0.0
-6.618753189968629e-08	0.0
-0.00019484518270473927	0.0
0.0	0.0
-0.0026545238215476274	0.017382413087934562
0.0	1.0
-5.76829339501983e-12	0.0
0.0	0.0
-8.910927135730162e-05	1.0
0.0	1.0
0.0	0.0
0.0	0.0
0.0	0.0
0.0	0.0
0.0	0.0
0.0	0.0
-0.0006332910270430148	1.0
0.0	0.0
0.0	0.0
0.0	1.0
-0.0010975203476846218	1.0
-2.8306851163506508e-05	0.0
-0.0007209509494714439	0.0
0.0	0.0
-0.0018135469872504473	1.0
-0.006672462914139032	0.0
0.0	0.0
-0.0003070001839660108	0.978
0.0	0.0
0.0	0.0
0.0	1.0
0.0	0.0
0.0	0.0
-0.00025894309510476887	1.0
-0.0018066155025735497	0.0
-0.006853961851447821	0.0
-0.001607490237802267	0.0
0.0	0.0
0.0	0.0
0.0	1.0
0.0	1.0
0.0	1.0
-0.0008275170694105327	0.022
0.0	0.022
0.0	0.0
0.0	0.0
0.0	1.0
0.0	0.258
-0.00028272299095988274	1.0
-0.00010279423440806568	1.0
0.0	1.0
0.0	0.0
0.0	1.0
-1.313281427428592e-05	0.0
0.0	1.0
-3.849190063909269e-12	0.022
0.0	0.0
0.0	0.0
-0.0005913755740039051	0.239
-0.002984937047585845	0.0
0.0	1.0
0.0	1.0
0.0	0.0
-0.00015832654025871307	1.0
0.0	0.0
0.0	0.022
0.0	0.022
-3.4011515825937977e-10	1.0
0.0	1.0
-1.2310053534747567e-05	1.0
-2.1927868147031404e-05	1.0
0.0	0.0
-1.9025654182769358e-05	0.0
0.0	0.0
0.0	0.0
0.0	1.0
0.0	0.0
0.0	0.0
0.0	0.0
0.0	0.0
-0.003828959306702018	0.0
-7.021432247711346e-05	0.0
-9.531610885460395e-06	0.0
0.0	1.0
0.0	0.0
-0.0007063926314003766	0.0
0.0	0.0
0.0	1.0
0.0	0.0
-5.253524282267108e-09	0.0
-7.371974106717971e-07	1.0
0.0	0.0
0.0	0.004
0.0	0.0
0.0	0.004
0.0	0.0
-0.0001023389704641886	0.0
0.0	0.0
-2.6750914816631166e-09	1.0
0.0	1.0
-1.1763338079617824e-05	0.0
0.0	1.0
-4.213386637275107e-05	0.0
-4.0130324634364296e-15	0.0
-0.00562405027449131	0.0
-5.34480313945096e-05	1.0
0.0	1.0
0.0	0.0
0.0	0.0
0.0	1.0
-0.0001417467719875276	0.0
0.0	0.0
0.0	0.0
0.0	0.0
-4.239156623953022e-06	1.0
0.0	0.0
-4.74715443488094e-06	0.0
-0.0009765877621248364	0.004
-0.002251378260552883	1.0
0.0	0.0
-0.0011671711690723896	1.0
0.0	0.038
-5.448866602364433e-08	1.0
0.0	0.0
-2.146941377120532e-14	0.0
-1.1853815522044897e-05	1.0
0.0	0.0
-3.232936069252901e-05	0.0
0.0	0.0
-2.8688627935480326e-06	0.0
-2.948247129097581e-05	1.0
0.0	1.0
-4.6335324441315606e-05	0.0
-0.015082408674061298	0.0
0.0	0.0
-0.0009122953633777797	0.007
0.0	1.0
-0.004834150895476341	0.007
0.0	1.0
-0.0013022482162341475	0.0
0.0	0.035
-0.00018773158080875874	0.0
0.0	1.0
0.0	1.0
0.0	0.0
-1.58158819374421e-10	0.0
-0.0002335861645406112	0.0
-2.6668352802516893e-05	0.0
0.0	0.0
-0.0014387553092092276	0.0
0.0	0.0
0.0	0.0
-5.100708222016692e-06	1.0
0.0	0.0
0.0	0.0
-0.0008462197729386389	0.0
0.0	1.0
-0.00015614730364177376	1.0
0.0	1.0
0.0	1.0
0.0	0.0
0.0	0.0
0.0	0.0
0.0	1.0
0.0	0.054
-7.650635961908847e-05	1.0
0.0	0.054
0.0	0.0
-0.0013101951917633414	1.0
-7.408070246128773e-07	1.0
-7.476283769847214e-08	0.05
-0.0002854746417142451	0.0
0.0	1.0
-1.7463704436993497e-16	1.0
0.0	1.0
0.0	0.0
0.0	0.0
-0.0024737154599279165	0.0
-2.1198992783411086e-07	1.0
0.0	0.0
0.0	0.0
0.0	1.0
0.0	1.0
-4.115798674320104e-06	1.0
-0.001208784757182002	0.0
-2.1356242996262154e-06	1.0
-1.4296682593339938e-07	0.0
-2.557814013925963e-07	0.0
0.0	0.0
-2.8607638569155824e-07	0.0
-0.0008972299401648343	0.0
-3.9096315163078543e-07	1.0
0.0	0.0
-0.00032724140328355134	0.0
0.0	0.0
0.0	0.0
-5.85481103598795e-08	1.0
0.0	1.0
-3.0440079346050197e-09	1.0
0.0	1.0
0.0	1.0
0.0	0.0
-0.0019916691817343235	0.0
0.0	0.0
-1.1836372323159594e-05	0.0
0.0	0.0
-4.778447328135371e-05	1.0
-0.0007304606842808425	1.0
-2.7833150895162362e-08	1.0
-0.0010338398860767484	1.0
-5.717432941310108e-06	1.0
-9.246529657502833e-07	1.0
-0.0002760718925856054	0.0
0.0	0.0
0.0	0.0
0.0	0.0
0.0	0.022
-4.590980040575232e-07	0.636
0.0	0.636
0.0	0.0
0.0	0.0
-0.004691923037171364	0.0
-0.0019323924789205194	0.0
0.0	0.0
-7.3926908953581e-05	0.0
0.0	0.0
0.0	1.0
-0.0002456032088957727	0.0
-7.325209298869595e-05	0.0
0.0	0.0
0.0	0.0
-5.2323311905411174e-08	0.0
0.0	0.0
0.0	0.0
0.0	0.0
0.0	1.0
0.0	0.0
0.0	0.0
-1.006547831194915e-10	0.0
0.0	0.0
0.0	1.0
0.0	1.0
0.0	0.0
0.0	0.0
0.0	0.978
-0.03463718295097351	0.0
0.0	0.0
-0.0021924430038779974	1.0
-0.0026914463378489017	0.0
0.0	1.0
0.0	0.0
-0.0022037639282643795	0.0
-4.671536046885194e-09	0.002
0.0	0.002
0.0	0.0
-3.0131641626240935e-09	0.0
0.0	0.0
0.0	0.0
0.0	0.0
0.0	0.0
0.0	0.0
-0.0004342151805758476	0.0
-0.0008512449567206204	0.0
-0.002151887398213148	0.0
-0.0002632782852742821	1.0
0.0	0.0
-0.0002164789621019736	1.0
0.0	0.0
0.0	0.0
-0.003163374960422516	0.025
0.0	0.0
-0.002639992395415902	0.0
-0.0005433371406979859	0.003
-0.0036468233447521925	0.003
-0.0034271073527634144	0.0
0.0	0.001
0.0	0.001
0.0	0.0010141987829614604
0.0	0.0010141987829614604
0.0	0.0
-0.0006932673277333379	0.014014014014014014
0.0	0.014014014014014014
0.0	1.0
0.0	0.0
0.0	1.0
-2.9247641464280605e-07	0.0
-1.8810163149307613e-10	1.0
-0.00012182821956230327	0.0
0.0	1.0
-5.705581497750245e-05	0.0
0.0	0.0
0.0	0.0
-1.7653592294664122e-05	0.0
-7.938790986372624e-06	1.0
0.0	1.0
0.0	1.0
-0.0010413634590804577	1.0
-0.0027724907267838717	0.001
-0.0011552273062989116	0.0010224948875255625
0.0	0.0
-6.1003000155324116e-05	1.0
0.0	1.0
0.0	1.0
0.0	0.0
0.0	0.007
0.0	1.0
-5.217995480144566e-11	1.0
-1.6329482832588837e-07	1.0
0.0	1.0
0.0	1.0
0.0	0.0
0.0	0.0
0.0	0.11042944785276074
-0.007169793359935284	0.0
-2.077321141769062e-06	0.108
0.0	0.0
0.0	0.0
0.0	0.0
0.0	0.0
-0.00010052222933154553	0.0
0.0	0.0
-0.00012143571075284854	1.0
0.0	0.0
-0.0018946484196931124	0.0
0.0	1.0
0.0	0.0
-0.00021840685803908855	0.0
0.0	0.0
-0.004434863105416298	0.0
0.0	0.0
0.0	1.0
-1.3808069525111932e-05	0.0
-3.898724116879748e-06	0.0
0.0	1.0
-6.400035346132427e-08	0.0
0.0	0.0
0.0	0.0
0.0	1.0
0.0	0.0
-2.959296141469281e-10	1.0
0.0	1.0
0.0	0.0
-9.102145703820952e-10	0.0
0.0	0.003
0.0	1.0
0.0	0.002
0.0	0.002
-0.0001808386150514707	0.002
0.0	1.0
0.0	0.0
-0.00021778963855467737	1.0
0.0	1.0
-3.76471652998589e-05	0.0
0.0	0.0
0.0	0.0
-3.6695433664135635e-05	1.0
0.0	0.0
-2.7586789656197652e-05	0.0
0.0	0.0
0.0	0.0
-0.0019518849439918995	0.001
-2.4988423774630064e-08	0.0
0.0	0.001
0.0	0.0
0.0	0.0
0.0	1.0
0.0	0.001
-0.0002809162251651287	1.0
0.0	0.0
-4.265929965185933e-05	1.0
-0.00043707978329621255	1.0
0.0	1.0
-0.002695633564144373	0.0
-1.9153741703803462e-08	0.0
0.0	0.0
-0.00078269571531564	1.0
0.0	1.0
0.0	1.0
-0.00036005544825457036	0.066
-0.003252351423725486	0.0
0.0	0.066
-2.937753924925346e-05	0.0
0.0	0.0
-0.0003902161552105099	0.066
-0.0015476426342502236	0.066
0.0	0.0
0.0	0.0
-0.00014929908502381295	0.066
-0.0004128715372644365	0.066
-6.922594911884516e-05	0.06748466257668712
-0.01127774640917778	0.0
-1.0785580570882303e-06	0.0
0.0	1.0
0.0	1.0
0.0	0.066
-0.00346315442584455	0.0
0.0	1.0
-0.008001969195902348	0.0
0.0	0.0
0.0	0.0
-0.003005670616403222	0.0
0.0	1.0
0.0	0.0705521472392638
0.0	0.07
-1.2561779394459904e-10	0.0
-0.001418513827957213	0.067
0.0	0.0
0.0	0.0
-5.5715318580951134e-08	1.0
0.0	0.0
-0.0001052700899890624	0.0
0.0	0.0
-1.9979328499175608e-05	0.0
-0.013537691906094551	0.0
-0.00018548029765952379	1.0
0.0	0.0
-0.0007843485800549388	0.0
-1.4039207130167597e-08	0.0
0.0	1.0
0.0	0.978
0.0	0.0
-0.00017886869318317622	0.0
0.0	1.0
-0.0044915019534528255	0.0
0.0	1.0
-0.001323774573393166	1.0
-4.211401392240077e-05	0.0
0.0	1.0
0.0	1.0
-0.00202567339874804	1.0
0.0	1.0
0.0	0.978
-2.307808344426121e-08	0.0
0.0	0.978
0.0	0.0
0.0	1.0
-0.003627142868936062	0.0
0.0	0.066
0.0	1.0
-0.0031900492031127214	0.0
-9.023226610338497e-12	0.066
-1.1854250914211661e-07	1.0
0.0	1.0
-1.4789652595936786e-06	1.0
-7.106961220415542e-06	1.0
0.0	1.0
-0.00019135864567942917	0.0
0.0	1.0
0.0	0.0
-3.165860107401386e-05	1.0
0.0	1.0
0.0	0.0
0.0	1.0
0.0	1.0
-9.796464291866869e-05	0.0
0.0	0.1813186813186813
