0.0	0.2
-0.02878349833190441	0.0
0.0	1.0
0.0	0.2
-0.00018414265650790185	0.2
0.0	0.0
-0.0018496266566216946	0.0
-9.781431344890734e-07	1.0
-6.24703444529473e-09	1.0
-0.0013699013506993651	0.0
0.0	0.0
-6.692198803648353e-05	1.0
-0.0003617471666075289	1.0
-0.004395072348415852	0.0
-3.449490759521723e-05	1.0
0.0	1.0
0.0	1.0
0.0	1.0
0.0	1.0
-4.965932930645067e-06	0.0
0.0	0.0
-8.571931289225176e-07	1.0
-3.749280352849382e-08	1.0
0.0	1.0
0.0	1.0
0.0	1.0
0.0	1.0
-1.233845239312359e-07	1.0
0.0	0.0
-5.631910880765645e-06	1.0
0.0	1.0
0.0	0.0
0.0	1.0
-0.0017172748921439052	0.0
0.0	1.0
0.0	0.0
-9.604506885807496e-06	0.0
-0.0006812626379542053	0.007
-2.6304895072826184e-05	1.0
0.0	0.0
0.0	0.0
-8.384075727008167e-07	0.007838745800671893
-9.591977868694812e-05	0.007838745800671893
0.0	0.007838745800671893
0.0	0.10775427995971802
0.0	0.007838745800671893
0.0	0.10775427995971802
-0.0010309097124263644	0.0
0.0	1.0
0.0	0.020289855072463767
-0.007377472706139088	0.0
0.0	1.0
-0.0008314475999213755	1.0
-1.5329496818594635e-05	1.0
0.0	1.0
-0.027345187962055206	0.0
0.0	1.0
-0.001342799630947411	0.0
-0.005500859580934048	0.0
0.0	1.0
0.0	1.0
-6.917412420648361e-09	1.0
0.0	1.0
-0.00022923065989743918	0.0
-0.0021591458935290575	1.0
-0.055627334862947464	0.0
0.0	1.0
-0.00011241246829740703	1.0
0.0	0.2
-0.002715839073061943	0.0
-0.00858293753117323	0.0
0.0	1.0
-4.257676877728045e-08	1.0
0.0	1.0
-7.205580487834595e-08	0.0
-0.0005047818413004279	0.0
0.0	1.0
0.0	1.0
0.0	0.0
-0.005486901383846998	0.0
0.0	0.0
-0.0007750703953206539	0.0
0.0	1.0
-0.00021691671281587332	0.0
-6.547688826685771e-05	0.0
-7.89390287536662e-06	1.0
0.0	0.0
0.0	1.0
-0.008936801925301552	0.0
-0.00030808677547611296	1.0
0.0	0.0
0.0	0.0
0.0	1.0
-3.0179309760569595e-05	1.0
0.0	1.0
-1.856827338997391e-06	1.0
-0.0009791830088943243	0.0
0.0	1.0
-8.534629891698842e-09	1.0
0.0	0.0
0.0	0.0
0.0	1.0
-0.001261104247532785	1.0
0.0	1.0
0.0	0.0
0.0	1.0
-1.3977738717585453e-06	0.0
0.0	0.0
0.0	0.0
0.0	0.0
0.0	1.0
-0.00048346526455134153	0.0
-0.004497435875236988	0.0
0.0	0.0
-9.31227405089885e-05	1.0
0.0	0.0
-9.796943231776822e-06	0.0
0.0	0.0
0.0	0.0
0.0	0.0
-1.816388510954281e-12	1.0
-0.00876464881002903	0.0
0.0	1.0
0.0	0.0
0.0	1.0
0.0	0.0
0.0	1.0
0.0	0.0
-0.0018602441996335983	0.0
0.0	0.0
-2.6410452846903354e-05	0.0
-4.315349542594049e-06	1.0
0.0	1.0
0.0	0.0
0.0	0.0
0.0	0.0
-2.1371249658841407e-07	0.0
0.0	0.0
-5.096277959637519e-07	0.0
0.0	0.0
-2.8778370619875204e-07	0.0
-8.338243873140527e-09	0.107
0.0	0.119
-0.0014446022687479854	0.119
0.0	0.119
-0.029255133122205734	0.0
0.0	0.0
-7.826182013559446e-08	1.0
0.0	0.0
0.0	0.0
0.0	0.0
0.0	0.0
-0.00032706689671613276	0.0
0.0	0.012036108324974924
0.0	0.012
0.0	1.0
-0.0005476396181620657	0.0
0.0	0.0
0.0	1.0
0.0	0.0
0.0	0.0
0.0	1.0
-1.7501915472450946e-09	1.0
0.0	0.0
0.0	1.0
-1.2928291653224733e-05	1.0
0.0	0.0
0.0	1.0
-0.00010347025818191469	0.0
0.0	1.0
0.0	1.0
0.0	0.0
-0.00035395368468016386	1.0
0.0	0.0
-0.0018130176467821002	0.0020387359836901123
0.0	0.01903807615230461
0.0	0.0020387359836901123
0.0	0.0020387359836901123
0.0	0.0025
-0.00011985268793068826	0.0020387359836901123
0.0	0.01903807615230461
-1.1870937441926799e-06	0.01903807615230461
0.0	1.0
0.0	0.0
0.0	1.0
0.0	0.05785123966942149
0.0	1.0
-0.0004610654432326555	0.0
0.0	0.0
-6.559761004609754e-06	1.0
0.0	0.0
0.0	0.0
0.0	0.0
-0.00704306922852993	0.0
-0.0038468544371426105	0.0
0.0	0.0
0.0	0.56875
0.0	0.56875
-0.0033865044824779034	0.0
0.0	0.0
-1.506309956766927e-07	0.0
0.0	0.0
-5.708588983466267e-12	1.0
0.0	0.0
0.0	0.0
0.0	0.0
-0.004871734417974949	0.001
0.0	1.0
0.0	1.0
-0.00016261056589428335	0.0
-7.30748839217199e-09	1.0
0.0	0.0
0.0	1.0
-0.001979022054001689	1.0
0.0	1.0
0.0	1.0
-8.567370059608947e-06	0.012
0.0	0.0
0.0	0.0
-0.0045052794739604	0.0
-0.00026138490648008883	1.0
-0.0006357331876643002	0.004
0.0	1.0
0.0	1.0
-0.00015142030315473676	0.0
0.0	0.0
0.0	0.0
-0.00011787992116296664	0.0
-0.0003151072596665472	1.0
0.0	1.0
-0.0009718617657199502	1.0
0.0	1.0
0.0	0.0
0.0	0.0
-0.00043367090984247625	0.2
0.0	0.0
0.0	0.0
-8.626231533526152e-07	0.0
0.0	0.0
-2.0434249778378266e-11	0.0
-0.027283621951937675	0.0
-0.0001320418086834252	0.0
0.0	0.001
-0.002497281413525343	0.0
0.0	1.0
0.0	1.0
-3.117164624200086e-07	0.0
-2.0720844986499287e-05	0.0
-3.064694678589497e-11	1.0
0.0	0.041
0.0	0.0
0.0	1.0
0.0	0.0
0.0	0.0
-0.007472365163266659	0.0
-6.091516614042947e-12	0.0
-9.573137504048645e-05	0.0
-0.0003806054010055959	0.0
0.0	0.004
-7.797807484166697e-05	0.0
0.0	0.0
0.0	1.0
0.0	0.0
-0.000955503957811743	0.0
0.0	0.0
0.0	0.0
0.0	1.0
0.0	0.0
-0.0011351860594004393	0.0
0.0	0.01875
0.0	0.20304568527918782
0.0	0.01875
-0.01983184739947319	0.0
0.0	0.0
0.0	0.001
0.0	0.001
-2.8868297974327106e-08	0.0
-5.566728759731632e-06	0.0
-0.0006580020999535918	0.0015267175572519084
-6.189951818669215e-06	0.34534534534534533
0.0	1.0
0.0	0.0
-0.0007644310244359076	1.0
-0.00022842995531391352	1.0
-0.0695560947060585	0.0
-5.845412033522734e-06	1.0
0.0	1.0
0.0	0.0
-0.00032696541165933013	1.0
0.0	1.0
0.0	1.0
-0.0009853541851043701	0.18604651162790697
0.0	1.0
-7.683597505092621e-05	0.0
-0.0004808824451174587	0.0
0.0	0.1256490134994808
0.0	0.054491899852724596
0.0	1.0
0.0	1.0
-0.002083749743178487	0.0
0.0	0.001
-0.006765013560652733	0.0
-0.001590740866959095	0.0
-3.6534179344016593e-06	1.0
0.0	1.0
-6.011278941286946e-08	0.0
0.0	0.0
0.0	0.0
0.0	1.0
0.0	0.011111111111111112
-0.0014796399045735598	1.0
0.0	1.0
0.0	1.0
0.0	0.0
0.0	0.0
0.0	1.0
-0.0016107900300994515	1.0
0.0	1.0
0.0	0.0
0.0	0.0
-4.615749276126735e-06	0.024
0.0	1.0
-0.0005497956881299615	0.0
-0.002332410542294383	1.0
0.0	0.0
-6.689645033475244e-06	0.0
0.0	0.0
0.0	0.0
0.0	0.0
0.0	0.0
-0.002858532825484872	0.0
0.0	0.0
0.0	1.0
0.0	0.0
0.0	0.0
0.0	0.0
0.0	1.0
0.0	0.0
-0.02193230576813221	0.0
0.0	0.0
0.0	0.0
-0.006608972325921059	0.0
-3.068922887905501e-05	1.0
-0.0019406718201935291	0.0
0.0	0.0
-1.1695262855937472e-06	0.0
-0.0005329177947714925	1.0
0.0	0.0
0.0	0.0
-0.013434972614049911	0.0
-8.488937601214275e-05	1.0
-2.0974843550902733e-07	0.0
-0.0004387703665997833	0.0
-0.00017541884153615683	0.0
0.0	0.0
0.0	0.0
0.0	1.0
0.0	0.0
0.0	0.001
-0.00036221739719621837	0.0
0.0	0.0
0.0	0.0
0.0	0.0
0.0	0.0
0.0	1.0
-5.3123614634387195e-05	0.0
-0.01838253065943718	0.0
-1.460327439417597e-06	0.0
-0.0027348811272531748	0.0
0.0	0.0
0.0	0.0
0.0	0.0
0.0	0.0
-2.5976993129006587e-05	0.0
-0.0001672687503742054	0.0
-0.0006289779557846487	1.0
-0.02473115362226963	0.0
-4.161746983299963e-05	0.0
0.0	0.0
-5.3614751749364586e-08	0.0
0.0	0.0
-1.4254443158279173e-05	1.0
0.0	0.0
-4.620371328201145e-06	1.0
0.0	0.0
0.0	1.0
-1.9253438665600697e-07	0.0
0.0	0.0
-2.13048388104653e-05	1.0
-0.0008768448024056852	1.0
0.0	1.0
-0.008067324757575989	0.0
0.0	1.0
0.0	1.0
-0.00041506130946800113	0.0
0.0	1.0
0.0	1.0
0.0	1.0
0.0	1.0
-0.002476809546351433	0.0
0.0	1.0
-0.00010702958388719708	1.0
0.0	1.0
-0.0012995459837839007	0.0
0.0	0.0
0.0	0.0
0.0	1.0
-0.005158782936632633	0.0
0.0	0.0
0.0	1.0
0.0	1.0
0.0	0.0
0.0	1.0
0.0	0.001
0.0	0.0
0.0	1.0
-2.9600534617202356e-05	0.0
0.0	1.0
0.0	1.0
-1.6362971564376494e-06	0.0
0.0	0.0
0.0	0.0
0.0	1.0
0.0	1.0
-6.547926204802934e-06	0.001
-0.0014276173897087574	0.0
0.0	0.0
0.0	0.0
-0.00013138448412064463	0.0
-0.00018313652253709733	0.027
0.0	0.0
0.0	0.0
-0.006771417334675789	0.0
-2.7666001187753864e-06	0.003
0.0	0.0
0.0	1.0
-0.005189632996916771	0.075
0.0	0.015
0.0	1.0
0.0	1.0
-0.0018368136370554566	0.0
0.0	0.0
0.0	1.0
0.0	0.2
0.0	0.2
-2.611465959034831e-07	1.0
0.0	1.0
0.0	0.2
-0.004907634574919939	0.0
0.0	0.201
0.0	0.001001001001001001
-0.00010582741379039362	0.0
0.0	0.0
0.0	1.0
-1.9275935869700334e-07	1.0
-0.04731231927871704	0.0
-0.004236450418829918	0.0
0.0	1.0
-5.414971724349016e-07	1.0
0.0	0.0
-0.012472419999539852	0.001
-8.735018127481453e-06	0.0
-0.0007050292333588004	0.047
0.0	1.0
0.0	0.0
0.0	0.046
-0.0004352588439360261	0.0
0.0	0.0
-2.1172638298594393e-05	1.0
-0.00012226059334352612	1.0
0.0	1.0
0.0	1.0
-0.00015220481145661324	1.0
-0.00014335625746753067	1.0
0.0	1.0
-5.862809302925598e-06	1.0
-1.8616259922499268e-10	1.0
-2.826120180543512e-06	1.0
-0.024202456697821617	0.0
-0.0008569295750930905	0.0
0.0	0.0
0.0	1.0
-0.0012896704720333219	0.0
0.0	0.0
-9.66325717360883e-12	0.0
-0.0033290700521320105	0.0
0.0	0.0
0.0	1.0
0.0	0.018072289156626505
0.0	1.0
-9.289097491205212e-09	1.0
0.0	0.0
-0.01230540033429861	0.0
0.0	0.0
-0.0013486057287082076	0.0
0.0	0.0
0.0	0.0
0.0	0.0
-4.0134122514245973e-07	0.008
-0.000854229845572263	0.0
0.0	0.011
0.0	0.0
0.0	1.0
0.0	0.011
-1.3106223377690185e-05	0.0
-0.002141224220395088	0.0
-8.690993126947433e-05	0.0
-4.403567436384037e-05	0.002
0.0	0.0
0.0	0.0
0.0	0.0
0.0	1.0
0.0	0.0
0.0	1.0
0.0	0.0
0.0	0.0
0.0	0.0
0.0	0.0
-7.497676790535479e-08	0.0
0.0	1.0
0.0	0.0
-2.5451547116972506e-05	0.0
-0.001981549197807908	1.0
-0.00017262819164898247	0.0
-2.9912502213846892e-05	0.0
-0.0029698286671191454	1.0
-7.934319312674631e-10	0.0
-0.0012376545928418636	0.0
0.0	0.0
-0.011881299316883087	0.0
0.0	0.20060180541624875
0.0	0.0
-3.318007293273695e-05	0.003
-0.00023650981893297285	1.0
0.0	0.003
-0.0025426573120057583	0.0
0.0	1.0
0.0	1.0
0.0	0.0
0.0	0.0
-2.6230967705487274e-05	0.034
0.0	0.0
0.0	1.0
-2.3563338800158817e-06	1.0
0.0	1.0
-2.5610441298340447e-05	1.0
-0.0003587777609936893	1.0
0.0	0.038
0.0	1.0
-0.0011720848269760609	0.0
0.0	0.0
-0.0008545974269509315	0.0
0.0	0.0
-2.963830425528613e-08	0.0
-0.0008515691733919084	0.0
0.0	0.0
0.0	1.0
0.0	1.0
0.0	0.0
-0.00314106373116374	0.0
-1.3314027569322207e-07	0.0
-2.6968087695422582e-05	0.0
0.0	0.0
-1.1731793921748723e-12	1.0
-3.2600698887108592e-06	0.0
-0.008403762243688107	0.0
0.0	1.0
-0.00041273157694377005	0.0
0.0	1.0
0.0	1.0
0.0	0.0
-0.00222695036791265	1.0
-0.0016537710325792432	0.008
0.0	1.0
0.0	0.0
0.0	0.0
-1.781741957529448e-06	0.009
0.0	0.008
0.0	0.0
0.0	0.0
0.0	0.0
0.0	0.0
0.0	1.0
0.0	0.0
0.0	0.0
-0.00037048233207315207	1.0
0.0	0.0
-1.699235543939359e-11	0.0
-2.8782682420569472e-05	0.0
0.0	1.0
0.0	0.0
0.0	0.0
0.0	0.0
-5.233829428880066e-12	1.0
0.0	1.0
0.0	1.0
0.0	0.0
-0.0003039924195036292	0.0
-6.191638385644183e-05	1.0
0.0	0.00125
0.0	0.0
-6.37974728601165e-10	0.0
0.0	1.0
-2.6041941509902244e-06	1.0
-0.00015888486814219505	0.0
0.0	1.0
0.0	1.0
0.0	0.014028056112224449
0.0	0.014028056112224449
0.0	1.0
-1.4049910532776266e-06	1.0
0.0	0.0
0.0	1.0
0.0	1.0
0.0	1.0
-7.627783134012134e-07	0.014
0.0	0.0
0.0	0.0
0.0	1.0
-1.9647597582661547e-05	0.05027932960893855
0.0	1.0
-0.012732124887406826	0.0
-0.004833690356463194	0.0
0.0	0.0
0.0	1.0
0.0	1.0
0.0	0.009
0.0	1.0
0.0	0.012
0.0	0.0
-0.0002650583628565073	0.013
0.0	0.0
0.0	1.0
-9.359369869343936e-06	0.001
0.0	0.0
0.0	0.0
0.0	1.0
-2.9879354315198725e-06	1.0
-0.0006981950718909502	0.0
0.0	0.0
0.0	1.0
0.0	1.0
0.0	1.0
0.0	1.0
0.0	1.0
-0.00022162638197187334	1.0
-0.0022850921377539635	0.0
-0.00030329381115734577	1.0
-0.0013649618485942483	0.0
0.0	0.0
-0.0026065034326165915	0.0
-4.952874519403849e-07	0.0
0.0	1.0
0.0	1.0
-0.00038766534999012947	0.0
0.0	1.0
0.0	1.0
0.0	1.0
-1.4055156327685836e-07	1.0
-7.134136467357166e-06	1.0
0.0	1.0
-5.986203905194998e-05	1.0
-2.5674970061118074e-07	1.0
0.0	0.0
0.0	1.0
0.0	0.0
0.0	0.0
0.0	0.078
0.0	1.0
-0.00019615005294326693	0.0
0.0	0.0
-0.00016293181397486478	0.046
0.0	0.046
0.0	0.0
-4.4281808775359366e-10	0.0
-7.1761678555049e-05	1.0
-3.902698608726496e-06	0.0
0.0	0.0
0.0	0.0
0.0	0.0
-0.0038300296291708946	0.0
-0.0011489716125652194	0.0
0.0	0.0
0.0	0.0
-1.2434381460479926e-05	0.006024096385542169
-0.0005829202709719539	0.0
0.0	1.0
-0.0002736473979894072	0.0
0.0	0.139
0.0	0.139
-0.012660084292292595	0.0
-0.0018761761020869017	1.0
-0.0018058473942801356	0.137
-1.662338945607189e-05	1.0
0.0	0.0
-1.8089132936438546e-05	0.136
-0.00012136609439039603	0.006944444444444444
-0.0016216019866988063	0.13682092555331993
0.0	0.0
-9.891465424516355e-09	0.455
0.0	1.0
0.0	0.4592964824120603
0.0	0.0
-1.5050611182232387e-05	0.457
0.0	0.57125
0.0	0.0
0.0	1.0
-0.0018197138560935855	1.0
0.0	1.0
0.0	0.2337962962962963
0.0	0.0
0.0	0.3552397868561279
-0.0002593068638816476	0.0
0.0	1.0
0.0	1.0
0.0	1.0
-6.900329026393592e-05	1.0
0.0	0.56875
0.0	0.0
-0.0013865639921277761	0.0
0.0	0.0
-1.9052989955525845e-05	1.0
0.0	1.0
0.0	0.0
0.0	1.0
-0.00118022330570966	0.008
-2.227689748224293e-07	1.0
-0.0006715634954161942	0.008
-0.003453968558460474	0.0
0.0	0.0
0.0	1.0
0.0	1.0
0.0	0.00875
0.0	0.2014098690835851
0.0	1.0
0.0	0.2
0.0	0.2
0.0	0.0
-2.187967038480565e-05	1.0
-0.0049454267136752605	0.0
-0.0005311616114340723	0.0
0.0	0.0
-4.002468045882779e-08	0.0
0.0	0.0
