-0.0009246144909411669	0.0
0.0	0.0
0.0	0.0
0.0	0.0
0.0	0.018
-0.00028480158653110266	0.0
0.0	0.0
0.0	1.0
0.0	1.0
-0.005227318964898586	0.0
0.0	1.0
0.0	1.0
-0.0006705195410177112	1.0
0.0	0.077
0.0	1.0
0.0	0.0
0.0	0.0
-8.3982537034899e-05	1.0
-2.4967755507532274e-07	1.0
0.0	1.0
-2.9797236900108715e-10	1.0
0.0	1.0
0.0	0.0
-2.1980675228405744e-05	1.0
0.0	0.0
-0.03435436263680458	0.0
0.0	0.0
-0.010260901413857937	0.0
0.0	0.0
0.0	1.0
-3.463589382590726e-05	1.0
0.0	0.0
-7.143897619243944e-06	1.0
-3.7466872981894994e-06	0.0
0.0	0.013
-0.00019149112631566823	0.0
-0.0008685867069289088	0.0
0.0	0.0
-0.007921858690679073	0.0
-7.780644750710053e-08	0.0
0.0	0.0
0.0	0.0
-4.492046718951315e-05	0.0
-0.00014089180331211537	0.0
-6.835770909674466e-05	1.0
-0.0007777183782309294	0.0
-2.912963736889651e-07	0.0
0.0	1.0
-5.756207428930793e-06	1.0
0.0	1.0
0.0	0.0
0.0	1.0
-0.0015710878651589155	1.0
-0.004102571867406368	0.0
0.0	1.0
0.0	0.039
0.0	0.039
-2.455774195109228e-10	0.039
-1.0513367243447647e-07	0.0
0.0	1.0
-8.664167694405478e-07	0.041
0.0	0.043
-1.36868209210661e-07	0.0
-0.0038940536323934793	0.0
-0.0012685528490692377	0.039
0.0	0.33610822060353795
0.0	0.05760709010339734
-5.759832610863214e-10	0.0
-0.027306782081723213	0.0
-1.9478281563633376e-14	0.0
-2.3573131002763148e-08	0.0
0.0	0.055
-2.092826434818562e-06	0.0
0.0	1.0
-1.9889487626323366e-11	0.0
-0.0033496872056275606	1.0
0.0	0.0
0.0	0.0
-0.0001178757956949994	1.0
-0.00032421908690594137	1.0
0.0	1.0
0.0	0.0
0.0	0.0
-1.9882223867284665e-08	0.116
-0.0005247985827736557	0.116
0.0	1.0
-5.780823630630039e-05	1.0
0.0	0.0
0.0	1.0
0.0	0.002
0.0	1.0
0.0	0.0
0.0	0.0
0.0	0.0
0.0	0.0
0.0	0.0
0.0	1.0
-0.00015966744103934616	0.0
0.0	0.0011933174224343676
-0.00011180033470736817	1.0
0.0	0.0
0.0	1.0
0.0	0.0855421686746988
0.0	0.1743810548977395
-0.00047071545850485563	0.08919597989949749
0.0	0.0041753653444676405
0.0	0.0
-1.0147880857402924e-05	0.0
0.0	1.0
-1.210817002217368e-09	0.0
-0.015097462572157383	0.042682926829268296
0.0	1.0
0.0	1.0
0.0	0.0
0.0	0.0
-0.021634578704833984	0.0
-6.362076965160668e-05	1.0
0.0	0.0
0.0	0.0
0.0	0.0
0.0	0.007
0.0	0.015
0.0	0.015
0.0	0.0
0.0	0.0
0.0	0.046
-1.6439170167359407e-06	0.0
0.0	0.0
-7.516908908655751e-07	1.0
0.0	0.0
0.0	0.0
0.0	0.005
-2.8370454874249162e-09	0.0
-6.93353794517515e-12	1.0
-6.4137625486182515e-06	0.005
0.0	0.005
0.0	0.0
0.0	0.0
-0.004346471279859543	0.005
0.0	0.0
-0.17807331681251526	0.0
0.0	0.005
0.0	0.005
0.0	0.005
0.0	0.005
-0.00021023655426688492	0.0
-0.00010193043999606743	0.005
-3.4181171940872446e-05	0.0
-0.001060317736119032	0.0
0.0	1.0
-0.0034850710071623325	0.0
0.0	0.0
-1.0719405807435578e-08	0.0
-0.001023195800371468	0.001
0.0	0.001
0.0	0.0
0.0	0.0
-0.002899555955082178	0.0
0.0	0.0
0.0	1.0
0.0	1.0
-0.0006016009137965739	0.0
-6.9597714258406995e-09	1.0
-0.002947255503386259	0.02
0.0	1.0
0.0	1.0
-0.0010904755908995867	0.0
0.0	1.0
-0.0028692057821899652	0.0
0.0	1.0
0.0	0.0
0.0	0.0010204081632653062
0.0	0.023894862604540025
0.0	0.0010204081632653062
0.0	0.0
0.0	1.0
0.0	0.0010204081632653062
-1.629573915806759e-07	0.0
-5.6467477804744703e-08	0.0
0.0	1.0
-0.00011889224697370082	0.328
0.0	0.0
0.0	0.329
0.0	1.0
-0.007932991720736027	0.0
0.0	0.0
0.0	1.0
0.0	0.0
-0.0016604708507657051	0.0
-0.00018366803124081343	1.0
0.0	0.002
-0.01119913998991251	0.0
0.0	0.002
0.0	0.0
0.0	0.0
0.0	0.0
0.0	0.003
-0.005491306073963642	0.0
-3.0716344667780504e-07	1.0
-0.0011690849205479026	1.0
-4.8487248704987e-07	0.002
0.0	1.0
0.0	1.0
-4.340942177805118e-05	1.0
0.0	0.006006006006006006
0.0	0.003188097768331562
-0.08715970814228058	0.0
0.0	0.07040572792362769
0.0	1.0
0.0	1.0
0.0	0.0
-0.00018487188208382577	1.0
0.0	1.0
0.0	1.0
0.0	1.0
0.0	0.0
0.0	1.0
0.0	0.0
0.0	0.0
0.0	1.0
-8.387127081732615e-08	0.006
-0.0003420561843086034	0.0
-0.000368713604984805	0.0
-1.6551603421177674e-09	0.002
-1.0329717525792148e-07	0.0
0.0	0.0
-1.8318547745366232e-06	0.0
-0.0005034882924519479	0.0
0.0	0.0
-0.00020982310525141656	0.002
0.0	1.0
0.0	1.0
-2.280060698467423e-06	0.0
0.0	1.0
-0.0013186681317165494	0.0
0.0	0.046
0.0	0.0
-0.00043324523721821606	0.012195121951219513
0.0	0.0041928721174004195
-0.001568123698234558	0.0
-2.3136180471450274e-11	1.0
-0.0002466432051733136	0.0
0.0	0.004
-1.2893301573058125e-05	0.0
0.0	0.0
0.0	0.039
0.0	1.0
-3.2343912607757375e-05	1.0
0.0	0.0
0.0	0.0
0.0	0.0
-0.01796928606927395	0.0
0.0	0.0
-0.003223206615075469	0.0
-0.0009721386013552547	0.0
0.0	1.0
-0.0012907071504741907	0.0
0.0	1.0
0.0	1.0
-0.012673198245465755	0.0
0.0	0.0
0.0	1.0
-0.0004494674794841558	0.0
-0.0008994395029731095	1.0
0.0	1.0
0.0	1.0
0.0	0.0
0.0	0.0
-0.00026248590438626707	1.0
0.0	1.0
0.0	0.0
0.0	1.0
0.0	0.0
0.0	1.0
-9.380040864925832e-05	0.0
0.0	1.0
0.0	0.0
-0.0021778324153274298	0.0
-2.2967169570620172e-05	0.0
-0.0004101591184735298	1.0
0.0	1.0
-0.021590394899249077	0.0
-8.147718290274497e-06	0.043209876543209874
-0.00023392091679852456	1.0
0.0	0.0
0.0	0.0
0.0	0.009503695881731784
-0.0023383258376270533	0.009072580645161291
0.0	0.0
0.0	1.0
-0.0011543040163815022	0.0
0.0	0.0
-0.0054571013897657394	0.0
0.0	0.0
0.0	0.0
0.0	1.0
0.0	1.0
0.0	1.0
-0.00571246724575758	0.0
-5.144098395248875e-05	0.0
0.0	0.0
0.0	1.0
0.0	0.0
0.0	0.0
0.0	0.0
0.0	1.0
-2.654794798218063e-06	1.0
0.0	0.077
0.0	0.077
-2.39942039570451e-07	1.0
0.0	1.0
0.0	1.0
0.0	1.0
-9.361512638861313e-05	0.0
-0.0012640421045944095	0.0
0.0	0.0
-4.59984184075779e-09	0.0
0.0	1.0
-0.001023453427478671	0.0
0.0	1.0
0.0	1.0
-0.0007451139390468597	1.0
0.0	0.0011933174224343676
0.0	0.0011933174224343676
0.0	1.0
-7.622382690897211e-05	1.0
0.0	1.0
0.0	0.0
0.0	0.02386634844868735
0.0	0.0
0.0	1.0
0.0	0.0
0.0	1.0
0.0	0.0
-0.0017409194260835648	0.0
0.0	1.0
0.0	1.0
0.0	1.0
-1.986884967664082e-07	0.0
-0.0011817641789093614	0.0
0.0	0.0
-2.397064520209824e-07	0.0
-3.674791373975417e-11	0.0
-1.6507285636180313e-06	1.0
0.0	1.0
0.0	1.0
-6.451957597164437e-05	0.0
-5.285702400215087e-07	0.039
0.0	0.0
0.0	0.0
-4.239847112330608e-05	0.039
-0.002611844101920724	0.039
0.0	1.0
0.0	1.0
-0.0008472490007989109	0.0
-0.0004074733587913215	0.0
-8.119346861512611e-10	0.0
0.0	1.0
0.0	0.0
0.0	1.0
-1.781149983060004e-08	1.0
-3.6241726775188e-05	0.03296703296703297
0.0	1.0
-2.2476434935470024e-08	1.0
-1.442222492187284e-05	0.0
-0.002145210048183799	0.0
0.0	0.0
-0.0028582103550434113	0.0
0.0	0.0
0.0	1.0
0.0	1.0
0.0	0.009
0.0	0.0
0.0	1.0
0.0	0.0
0.0	0.0
0.0	0.009
-9.252684685634449e-05	0.0
0.0	0.0
0.0	0.0
-0.0024699706118553877	1.0
0.0	1.0
0.0	0.0
-8.521433483110741e-05	1.0
0.0	0.0
0.0	1.0
0.0	0.0
0.0	0.0
0.0	0.0
0.0	0.0
0.0	0.0
0.0	0.0
0.0	0.0
-0.0005194275290705264	1.0
0.0	0.0
0.0	1.0
0.0	0.0
-0.0002611130475997925	1.0
0.0	0.0
0.0	0.0
0.0	0.0
0.0	0.0
-1.0292235508302383e-08	1.0
-0.0016060475027188659	0.0
-0.00092623959062621	0.162
0.0	0.0
0.0	0.0
0.0	0.162
-5.3291623771656305e-06	0.0
0.0	0.162
-0.0010213947389274836	0.162
0.0	0.162
-0.0019507375545799732	0.0
-1.241455083800247e-05	0.0
-0.00034068452077917755	0.018
-0.00020490819588303566	0.0
0.0	1.0
-2.171658586291869e-08	0.0
0.0	0.018
-0.0034895497374236584	0.0
-7.540504887160182e-10	1.0
-0.0004743235476780683	0.0
0.0	0.0
-7.965473741933238e-06	1.0
0.0	0.0
0.0	1.0
0.0	1.0
-0.00010174166527576745	1.0
0.0	1.0
-2.841194327629637e-05	1.0
-0.00047156476648524404	0.0
0.0	0.0
0.0	1.0
0.0	1.0
0.0	1.0
-0.00013056027819402516	0.0
0.0	0.0
0.0	0.042
0.0	0.0
0.0	0.0
0.0	0.0
0.0	0.042
-0.0027517336420714855	0.0
-0.00041043516830541193	0.0
0.0	0.0
0.0	0.0
0.0	0.0
-0.010141336359083652	0.0
-0.0007775879348628223	0.0
0.0	0.0
-0.0006521456525661051	0.0
0.0	0.0
0.0	1.0
-1.3121070878696628e-05	0.0
-7.033168571979331e-07	0.0
0.0	1.0
0.0	1.0
-0.00039761862717568874	1.0
-1.6327016778491799e-12	1.0
0.0	0.0
0.0	0.0
0.0	1.0
0.0	1.0
-4.5219108869787306e-05	0.0
0.0	0.0
-0.0018568598898127675	0.0
0.0	1.0
-0.08037912845611572	0.0
0.0	0.0
-0.0004303818859625608	0.0
-0.001670467434450984	0.0
-0.00011358633491909131	1.0
-0.0023913132026791573	0.0
-0.0003692540340125561	0.0
-3.940385340683861e-06	0.005
-4.310686563258059e-05	0.0
-0.0011097819078713655	0.0
0.0	0.0
-7.098133210092783e-07	0.0
-0.0001308095670538023	0.0
0.0	1.0
-0.00026794912992045283	0.0
-6.157265364237219e-09	0.0
0.0	0.004
0.0	1.0
-0.005261774640530348	0.0
-0.0010997221106663346	0.0
0.0	0.0
0.0	0.04225352112676056
0.0	0.04225352112676056
0.0	1.0
0.0	0.0
0.0	0.0
0.0	0.0
0.0	1.0
-0.0009651902364566922	0.0
0.0	1.0
0.0	0.0
0.0	0.0
0.0	1.0
0.0	0.0
0.0	0.0
0.0	0.0
-1.480671107856324e-05	0.0
0.0	0.0
0.0	0.0
-3.666508928290568e-05	0.0
-0.0019923013169318438	0.0
0.0	0.0
-8.658483352519397e-07	1.0
0.0	1.0
0.0	0.0
0.0	1.0
-2.591815473351744e-07	1.0
-1.0905359282276095e-08	0.0
0.0	1.0
0.0	1.0
-1.4306292541732546e-05	0.0
-0.0004713335947599262	1.0
-7.64795458962908e-06	0.0
0.0	0.0
0.0	0.0
0.0	0.0
0.0	1.0
0.0	1.0
-2.931972176156705e-07	1.0
-9.216542821377516e-05	1.0
-0.00015238671039696783	1.0
0.0	0.0
0.0	1.0
0.0	0.0
0.0	1.0
0.0	1.0
-0.00010606808064039797	1.0
0.0	1.0
-2.6159750632359646e-06	0.003
-0.002291859360411763	0.0
-0.004060163628309965	0.0
-1.9429191588926642e-10	0.0
-0.00023365719243884087	0.0
-0.00930414441972971	0.0
-0.007859556004405022	0.0
-0.0018003813456743956	0.0
-1.3432843843474984e-05	0.0
-0.0006660877843387425	0.0
0.0	0.0
-0.004459509160369635	0.0
-2.307943577761762e-05	1.0
0.0	0.0
0.0	1.0
-0.013060971163213253	0.0
0.0	0.0
-5.357665031624492e-06	0.0
0.0	1.0
0.0	0.0
0.0	0.0
0.0	1.0
0.0	1.0
-0.00116614974103868	1.0
-0.001851160079240799	1.0
0.0	0.0
0.0	0.0
-7.791372627252713e-05	1.0
0.0	1.0
0.0	1.0
0.0	0.076
0.0	0.0
0.0	0.076
-2.647561530011444e-07	0.0
-5.705508510089885e-09	0.0
0.0	0.0
0.0	0.033
-0.002261972287669778	0.023
0.0	1.0
0.0	1.0
-8.830350850530522e-08	0.006141248720573183
0.0	0.006141248720573183
-1.803094740182587e-08	0.006
-0.0019165407866239548	0.0
0.0	1.0
0.0	0.0
-0.00011247119982726872	0.0
0.0	0.0
0.0	1.0
-0.0012450810754671693	0.0
-0.006790834944695234	0.0
0.0	0.0
-5.778041511916854e-08	0.0
-0.00010766037303255871	1.0
0.0	0.0
0.0	0.0
0.0	0.0
-0.01041706558316946	0.0
-2.588367888078924e-12	0.0
0.0	0.0
-4.133519178139977e-05	0.0
-3.389861376490444e-05	1.0
0.0	0.0
0.0	1.0
-0.00543522322550416	0.0
-2.575255741987803e-08	0.006147540983606557
0.0	1.0
-0.02291133999824524	0.0
0.0	0.0
0.0	0.0
0.0	0.005
0.0	0.0
0.0	0.0
0.0	1.0
0.0	0.0
0.0	0.0
0.0	0.328
0.0	0.32964824120603015
0.0	0.005
-0.00023498287191614509	0.0
0.0	0.0
-3.029869901638449e-07	0.0
0.0	0.0
-2.8841630410170183e-05	0.0
-9.508271148206404e-08	0.0
-1.2403540868011209e-11	0.0
0.0	0.0
0.0	0.0
0.0	0.0
-1.6952306395978667e-05	0.0
-8.067652743193321e-06	0.0
-6.939583130360916e-08	0.0
-6.206880619351774e-16	0.0
0.0	0.0
0.0	0.001
0.0	0.0
0.0	0.0
-1.6508644193891087e-06	0.0
-0.0004017763421870768	1.0
0.0	1.0
0.0	1.0
0.0	0.0
-0.0031651118770241737	0.0
0.0	1.0
-0.0017502385890111327	1.0
-5.6637450285279556e-09	1.0
-0.00016279405099339783	1.0
-0.003771141404286027	0.0
-4.7232424549292773e-07	0.0
0.0	0.0
0.0	1.0
0.0	0.0
-3.154979276587255e-05	0.0
0.0	0.0
0.0	0.0
0.0	0.0
-0.007425342686474323	0.0
0.0	0.0
0.0	0.0
-4.0579929191153497e-05	0.0
-2.3421751649266298e-08	0.0
0.0	0.0
-0.004724639002233744	0.0
-0.0034484260249882936	0.0
-2.8273018415347906e-06	0.0
0.0	1.0
0.0	0.0
0.0	1.0
-2.161046808168976e-08	0.0
-0.0006624418310821056	0.027522935779816515
0.0	0.838
0.0	1.0
0.0	0.0
0.0	0.0
0.0	0.0
0.0	0.0
0.0	0.0
