0.0	0.0
0.0	0.0
-0.001840704819187522	0.0
0.0	0.0
0.0	1.0
-7.102923973434372e-06	1.0
0.0	1.0
0.0	0.0
-6.11984942224808e-05	0.0
-0.010782421566545963	0.0
0.0	1.0
0.0	0.0
0.0	0.0
0.0	1.0
0.0	1.0
-0.00020676302665378898	1.0
0.0	1.0
-0.0014308321988210082	0.0
0.0	0.063
-2.743026250584535e-08	0.063
0.0	1.0
0.0	0.0
0.0	0.0
-0.04227829352021217	0.0
0.0	1.0
0.0	0.063
0.0	0.0
0.0	0.06673728813559322
0.0	1.0
0.0	0.0
-0.00013328106433618814	1.0
0.0	0.0
-7.960771654325072e-06	0.0
0.0	1.0
0.0	1.0
0.0	0.003
-0.011880484409630299	0.0
0.0	0.0
0.0	1.0
0.0	0.0
-0.0004913271404802799	0.0
-1.3982437963022676e-07	1.0
-0.0012865157332271338	0.0
-0.0006363159627653658	0.0
-8.462862410851812e-09	0.0
0.0	0.0
-0.002809910336509347	0.0
0.0	0.0
-2.1128228411271266e-07	1.0
-0.004226050339639187	1.0
-0.00022995390463620424	0.0
0.0	0.0
0.0	1.0
0.0	1.0
0.0	0.007268951194184839
0.0	0.03726082578046324
-0.05485105141997337	0.0
0.0	0.0
-3.251550151617266e-05	1.0
-0.0002581629960332066	1.0
0.0	0.0
-3.3672461086098338e-06	1.0
0.0	1.0
0.0	0.0
0.0	0.0
-0.00016381956811528653	0.0
-0.0033073071390390396	0.0
0.0	0.0
-0.0003996409650426358	0.0
-0.00011503767018439248	0.0
-0.012976939789950848	0.0
-2.536815190978814e-05	0.0
0.0	0.0
0.0	0.0
0.0	1.0
-0.00014491192996501923	0.0
-0.00048516871174797416	0.0
0.0	0.0
-5.684070856659673e-05	0.0
0.0	0.0
0.0	1.0
-0.0001173648051917553	1.0
0.0	1.0
0.0	0.0
0.0	1.0
-3.047709833481349e-05	0.0
0.0	1.0
0.0	0.0
0.0	1.0
0.0	1.0
-0.0015473351813852787	0.0
-9.426118776900694e-05	1.0
0.0	1.0
0.0	1.0
0.0	1.0
0.0	0.0
0.0	1.0
-2.1801719412906095e-05	1.0
0.0	0.004
-0.0003520871396176517	1.0
0.0	0.006
0.0	0.006
-0.00042291663703508675	1.0
-3.5713725083041936e-05	0.0
0.0	0.0
-2.5175051632686518e-05	0.0
0.0	0.0
-0.00012386385060381144	0.0
0.0	0.0
0.0	1.0
0.0	0.0
0.0	0.0
-4.174452988081612e-05	1.0
0.0	0.0
-0.0017845050897449255	0.0
-7.845570166864491e-07	0.0
0.0	0.0
0.0	0.0
0.0	0.0
0.0	1.0
0.0	0.0
0.0	0.001
-0.0038662913721054792	0.0
-0.0003775533987209201	0.0
-4.4893149606650695e-05	1.0
0.0	0.0
0.0	0.0
0.0	0.016
0.0	0.0
-0.0010671175550669432	0.0
-1.7169683133033686e-06	1.0
-0.0011586988111957908	1.0
0.0	1.0
-0.0006084984634071589	1.0
-4.494341555982828e-05	0.0
0.0	0.0
0.0	0.0
0.0	0.0
-0.00010620541434036568	0.0
-0.0009236721671186388	0.0
-0.0021063790190964937	0.0
-0.0007378616719506681	0.937
-2.783258196359384e-06	0.0
0.0	0.0
-0.0029311315156519413	0.0
0.0	0.001
-0.0012720213271677494	0.0
0.0	1.0
-0.002644310239702463	1.0
0.0	0.0
-0.006930152885615826	0.0
-2.483494608895853e-05	1.0
-2.409875632380931e-09	0.0
0.0	1.0
-0.00667940080165863	0.0
-1.9637995762877836e-07	0.0
-8.237227302743122e-05	0.0
0.0	0.06006006006006006
0.0	1.0
0.0	1.0
-0.0005323357181623578	0.06006006006006006
0.0	1.0
0.0	1.0
0.0	0.0
-0.0006913667893968523	0.0
0.0	1.0
-0.0030699397902935743	1.0
0.0	0.0
-1.680243401011583e-13	0.0
-2.418487838440342e-06	0.0
-0.0007588743465021253	0.0
0.0	0.035
-0.00025031802942976356	0.035
-2.85870715988068e-10	0.0
0.0	0.0
-0.0042336913757026196	0.035
0.0	0.0
-2.1445817344201146e-10	0.035
0.0	0.0
0.0	1.0
0.0	0.0
0.0	0.0
0.0	1.0
-0.00043779349653050303	0.0
-0.0002741313073784113	1.0
-1.7162284393634764e-06	1.0
-8.222874384955503e-06	0.035
0.0	0.060658578856152515
-1.5681001968914643e-05	0.0
-0.004206045530736446	0.03815261044176707
0.0	0.004158004158004158
0.0	0.004158004158004158
0.0	1.0
-0.0007801271276548505	0.0
-0.003872617846354842	0.0
-7.749687938485295e-06	1.0
0.0	1.0
0.0	0.0
-0.0010665152221918106	1.0
0.0	1.0
0.0	1.0
0.0	0.005
0.0	0.005
0.0	0.0
-0.0007461864151991904	1.0
0.0	0.0
-8.89375587576069e-05	0.40904522613065325
-3.796860881255526e-10	1.0
-0.000698077492415905	0.0
0.0	0.0
-7.156119681894779e-05	1.0
-0.0001151565884356387	1.0
0.0	0.0
-1.0974566748700454e-06	1.0
-0.0005631840322166681	1.0
-0.005377143621444702	0.0021344717182497333
-7.30046109827763e-14	1.0
0.0	0.0021344717182497333
0.0	1.0
-3.8480695366160944e-05	0.06312625250501001
0.0	0.0
0.0	0.0
0.0	1.0
0.0	0.002183406113537118
0.0	0.002183406113537118
0.0	0.0
0.0	1.0
0.0	1.0
0.0	1.0
0.0	1.0
0.0	0.17098445595854922
0.0	1.0
-3.003710276061611e-07	0.0
0.0	0.0
0.0	1.0
0.0	1.0
0.0	1.0
-0.0003016832342837006	0.0
0.0	0.0
0.0	1.0
0.0	0.0
0.0	1.0
0.0	1.0
-0.0006522819167003036	1.0
-0.0016483372310176492	0.015
0.0	0.0
0.0	1.0
0.0	1.0
0.0	0.0
0.0	0.0
0.0	0.0
0.0	1.0
0.0	0.0
-0.0026035336777567863	0.0
0.0	0.0
-4.734646154247457e-06	0.0
0.0	1.0
-0.00011442414688644931	0.0
0.0	0.0
0.0	1.0
0.0	0.0
0.0	0.0
0.0	1.0
0.0	0.0010070493454179255
0.0	0.0010070493454179255
0.0	1.0
-8.176186383934692e-06	0.0
-0.0009931769454851747	0.001
-0.0497722253203392	0.0
0.0	0.0
-0.0003610091225709766	0.001
-9.243600652553141e-05	1.0
0.0	0.0
-0.005033915862441063	0.0
0.0	1.0
0.0	1.0
0.0	1.0
0.0	1.0
0.0	1.0
0.0	0.0
0.0	1.0
-0.0015173926949501038	1.0
0.0	1.0
0.0	1.0
-0.0020936226937919855	1.0
0.0	0.0
0.0	0.0
0.0	0.0
-8.735810115467757e-05	0.0
0.0	0.0
0.0	0.0
-0.0014138261321932077	0.006
-0.010327533818781376	0.014319809069212411
-0.0003577059833332896	1.0
0.0	0.0
0.0	0.583
0.0	1.0
0.0	0.0056179775280898875
0.0	1.0
-4.599776115554732e-09	0.0
-8.493773684392636e-09	0.0
-1.417432258676854e-06	1.0
0.0	1.0
-8.18879998405464e-05	1.0
0.0	1.0
0.0	1.0
0.0	0.0
0.0	1.0
-0.000299959909170866	1.0
-0.0007989912410266697	1.0
-8.488459570799023e-05	1.0
-6.715663971590402e-07	0.0
0.0	1.0
-0.011660930700600147	0.0
-2.5871612407968314e-08	0.0
-2.1766294322489443e-10	0.0
0.0	0.0
0.0	1.0
-0.003238785546272993	1.0
0.0	0.0
-0.00017848008428700268	1.0
-1.045730689541724e-11	1.0
0.0	0.063
0.0	0.0
0.0	1.0
0.0	1.0
-0.0009185589151456952	1.0
0.0	0.0
0.0	0.0
-2.1789171569253085e-06	1.0
0.0	0.0
-0.004076678771525621	1.0
0.0	1.0
-3.960865433327854e-05	1.0
0.0	0.0
0.0	1.0
0.0	1.0
0.0	0.0
0.0	0.0
-0.001361035741865635	0.0
0.0	0.0
-0.03129998594522476	0.0
0.0	0.0
0.0	0.03614457831325301
-0.0004340881132520735	0.0
-5.7064266002271324e-05	0.021
0.0	0.0
-4.69562437501736e-05	0.021
-0.0009082069154828787	1.0
-0.0003430555807426572	0.0
-6.01409695377697e-08	0.021
-0.001489001326262951	0.0
0.0	0.001
-0.00018291734158992767	0.001
0.0	1.0
0.0	0.0
-0.0026864069513976574	0.0
0.0	1.0
-0.0005563778686337173	0.001
0.0	1.0
0.0	1.0
0.0	0.0
-5.572289851762946e-10	1.0
0.0	0.0
0.0	0.0
0.0	1.0
0.0	1.0
0.0	0.0
0.0	1.0
0.0	1.0
0.0	1.0
-0.000684278376866132	0.0
-1.3651722838403657e-05	1.0
0.0	1.0
-8.086292052622568e-12	0.0
0.0	0.0
-0.0005279369652271271	0.0010080645161290322
-6.978853343753144e-05	0.0
-0.016033196821808815	0.0
-6.65652396492078e-06	1.0
0.0	0.011
0.0	0.0
0.0	1.0
0.0	0.0
0.0	1.0
0.0	1.0
0.0	1.0
0.0	1.0
-1.525806851532252e-06	0.0
0.0	0.0
0.0	0.0
0.0	0.011
0.0	0.0
-0.0020223241299390793	1.0
0.0	0.0
0.0	0.0
0.0	1.0
0.0	0.0
-0.0016557666240260005	0.0
0.0	0.0
-3.656329863588326e-05	1.0
-0.0005893519264645875	0.0
-3.45590684958097e-08	0.0
0.0	0.0010672358591248667
0.0	1.0
0.0	0.0
-2.9677565294150554e-07	0.0
-0.0001747646601870656	0.0
-4.117088181487816e-08	0.0
-3.3543412428116426e-05	1.0
-1.4436088349611964e-05	0.0
0.0	0.0
0.0	0.0
0.0	1.0
0.0	1.0
-0.003270781831815839	1.0
0.0	1.0
-0.0001387388474540785	1.0
-3.0220737698982703e-06	1.0
-3.8111054891487584e-05	0.0
0.0	0.0
0.0	0.0
-3.782934527407633e-06	0.0
0.0	1.0
-0.0013790521770715714	0.0
0.0	0.0
-0.0021643831860274076	0.0
0.0	1.0
-2.381691592745483e-05	0.0
0.0	0.0
0.0	0.0
-4.005867594969459e-06	0.003
-6.059396095992042e-09	0.0
-1.0655357073119376e-05	0.0
-0.001181135536171496	0.0
-0.0002219524176325649	0.937
0.0	0.937
0.0	0.0
0.0	1.0
0.0	0.937
0.0	0.0
0.0	1.0
-1.914144291959019e-07	1.0
0.0	1.0
-1.681063821479256e-08	1.0
0.0	1.0
-4.6022087190067396e-05	0.0
0.0	1.0
0.0	1.0
-0.00024605836370028555	1.0
-0.0021510859951376915	1.0
0.0	1.0
0.0	1.0
0.0	0.0
0.0	0.0
0.0	1.0
0.0	1.0
0.0	1.0
0.0	0.0
0.0	0.0
-1.2803147342310695e-07	1.0
0.0	0.0
-0.0034522395581007004	0.0
0.0	1.0
0.0	0.041289023162134945
-0.0002130829234374687	0.0
0.0	0.0
-1.2365210011466843e-07	0.0
0.0	0.007
0.0	0.0
0.0	0.0
-4.696803807746619e-05	0.0
0.0	0.0
0.0	1.0
-9.741085523273796e-05	1.0
-3.4435780094099755e-07	1.0
-0.00042735179886221886	1.0
-3.215677679690998e-07	0.185
-0.00032218851265497506	0.0
0.0	0.185
-0.00091732939472422	0.01
0.0	0.01
0.0	1.0
0.0	1.0
0.0	0.14428857715430862
0.0	0.0
0.0	0.0
0.0	0.0
-0.001719599007628858	0.0
-0.007232981268316507	0.0
-0.0021580145694315434	0.0
0.0	1.0
0.0	1.0
0.0	1.0
0.0	1.0
0.0	1.0
-3.1866835570326657e-07	1.0
0.0	1.0
0.0	0.0
-0.0032063706312328577	1.0
-2.0228178527759155e-06	0.0
0.0	0.0
-4.252271173754707e-05	0.0
0.0	0.0
-5.121491085446905e-06	0.0
0.0	0.0
0.0	0.0
0.0	1.0
-3.40377664542757e-05	0.0
-9.906457125907764e-05	0.0
0.0	0.0
0.0	0.0
0.0	0.0
-8.377702442885493e-08	0.0
-0.007180128246545792	0.0
0.0	0.0
-1.3077230960334418e-06	1.0
0.0	0.0
-7.943375749164261e-06	1.0
0.0	0.0
0.0	0.0
0.0	1.0
-0.011323452927172184	0.0
0.0	1.0
0.0	0.0
0.0	1.0
0.0	0.0
0.0	0.0
0.0	0.063
0.0	0.0
0.0	0.063
-0.00024499843129888177	0.0
0.0	0.0
-1.408462139806943e-05	0.063
-0.002541364636272192	0.0
-0.00022057817841414362	0.0
0.0	0.0
-0.00021496448607649654	0.035
0.0	0.0
-0.000532146543264389	0.0
0.0	1.0
-9.598425387835618e-10	0.035
-0.00025046043447218835	1.0
0.0	1.0
0.0	0.0
0.0	0.0
0.0	1.0
-0.00013207658776082098	1.0
0.0	0.0
0.0	0.0
-6.134671275503933e-05	1.0
-0.00036209513200446963	0.0
-0.007678967900574207	0.0
0.0	0.937
0.0	1.0
0.0	1.0
0.0	1.0
-0.0035463538952171803	0.0
-0.0004786556528415531	0.0
0.0	0.0
0.0	1.0
-8.945295121520758e-06	1.0
0.0	0.0
0.0	0.0
0.0	0.0
0.0	0.0
-6.218529163826148e-11	0.0
0.0	0.0
-0.001441103988327086	1.0
-1.9379097011551494e-06	0.0
-5.9472498833201826e-05	1.0
0.0	1.0
0.0	0.0
0.0	1.0
-4.084134707227349e-05	1.0
0.0	1.0
-1.9609958599176025e-06	0.0
-8.6871096982577e-08	0.0
0.0	0.0
0.0	0.0
0.0	1.0
0.0	1.0
0.0	1.0
-0.00010447159002069384	0.0
0.0	0.0
0.0	0.0
0.0	0.0
0.0	1.0
-0.001313161221332848	1.0
0.0	1.0
0.0	0.0
0.0	0.581
-0.0036629268433898687	0.0
-0.0005106354365125299	0.0
0.0	0.014
0.0	0.0
0.0	0.0
0.0	0.0
0.0	0.0
0.0	1.0
-0.0016720270505174994	0.0
-1.044285818352364e-05	1.0
-0.0013511715224012733	0.0
0.0	1.0
0.0	1.0
0.0	0.008849557522123894
0.0	0.0
0.0	0.018201284796573874
-4.588183219311759e-05	1.0
0.0	1.0
0.0	0.08036622583926754
0.0	0.0
0.0	0.024
0.0	0.0010245901639344263
0.0	0.0
0.0	0.0
-4.4648231778410263e-07	1.0
-0.02204267866909504	0.0
-5.913828772463603e-06	0.0
0.0	0.0
0.0	1.0
0.0	1.0
0.0	0.0
0.0	0.0
0.0	0.063
0.0	0.063
-2.298079380125273e-06	0.0
0.0	0.0
-2.941105321951909e-06	0.09247967479674797
0.0	1.0
0.0	0.028455284552845527
-0.004201178904622793	0.01646090534979424
0.0	0.06370070778564206
0.0	0.06370070778564206
-1.9802746464847587e-07	0.011739594450373533
0.0	0.063
-0.001648645498789847	0.0
-2.71354484021602e-11	1.0
0.0	0.0
0.0	0.0
0.0	0.0
0.0	1.0
0.0	0.0
-8.077683522067503e-10	0.0
