-3.3882422485476127e-06	0.0
0.0	0.0
0.0	0.0
0.0	1.0
0.0	0.067
0.0	0.0
0.0	0.0
-4.672924807519463e-12	1.0
-0.015617240220308304	0.0
-0.00610387185588479	0.0
0.0	1.0
-0.004132460802793503	0.0
0.0	0.0
-1.2893069651909173e-06	1.0
-0.00010186638246523216	0.0
-0.0001321394374826923	1.0
-3.4660757819438004e-08	0.0
0.0	0.0
-0.0033200508914887905	0.0
0.0	1.0
0.0	0.0
0.0	0.0
0.0	0.0
0.0	0.0
0.0	1.0
0.0	1.0
0.0	0.0
-5.816040356876329e-06	0.0
0.0	0.0
0.0	0.0
0.0	0.0
-0.0002428744628559798	0.0
-0.00034497753949835896	1.0
-1.6819136083867647e-09	0.0
-1.9829916197977582e-07	1.0
0.0	0.0
0.0	1.0
0.0	0.0
0.0	0.0
0.0	1.0
0.0	0.0
0.0	0.0
-2.2943968360777944e-06	0.0
-0.00011600605648709461	1.0
-0.003677333937957883	0.0
0.0	1.0
0.0	0.0
0.0	1.0
-0.04292171820998192	0.0
0.0	1.0
0.0	0.0
-9.835051059781108e-06	1.0
-0.0029213482048362494	1.0
-3.629098864621483e-05	0.0
0.0	1.0
-0.0009623335208743811	1.0
-0.002234854269772768	0.0
-2.9958165725929575e-08	1.0
0.0	1.0
0.0	0.003
-0.001827360363677144	0.003
0.0	0.0
0.0	0.0
0.0	0.0
-8.975336029948267e-09	1.0
0.0	1.0
0.0	0.0
-0.005359342321753502	0.0
0.0	0.0
0.0	0.0
0.0	0.0
-0.0017751487903296947	0.011
0.0	0.0
-0.0016539775533601642	0.0
0.0	1.0
-0.001987901981920004	0.0
-2.9902541882620426e-06	0.0
-0.00552222179248929	0.0
0.0	0.0
0.0	1.0
0.0	0.0
-0.00018891828949563205	0.0
-6.845875333283402e-08	0.0
0.0	0.0
0.0	1.0
0.0	0.142
0.0	0.0
-0.0007668097387067974	0.142
0.0	1.0
-9.002859587781131e-05	0.0
0.0	1.0
-6.229249893685562e-10	0.002333722287047841
0.0	0.0
-1.8906062493329046e-08	1.0
-8.338246698258445e-05	1.0
0.0	1.0
-0.01134414877742529	0.0
0.0	1.0
-0.009188035503029823	0.0
0.0	0.0
-0.0012966502690687776	0.0
-1.9186044752927955e-08	0.53
0.0	0.53
0.0	0.0
0.0	0.53
0.0	0.0
0.0	0.0
-2.4727844447625102e-06	1.0
-9.397124358656583e-07	0.0
0.0	0.0
-0.0004911464639008045	0.0
0.0	1.0
-4.6318815293489024e-05	1.0
-0.001197619130834937	0.0
0.0	1.0
0.0	0.0
0.0	1.0
-2.741410014550638e-07	0.0
0.0	0.0
0.0	0.0
0.0	0.0
-0.016143471002578735	0.0
0.0	0.0
0.0	1.0
0.0	1.0
0.0	0.0
-1.4142846112008556e-06	0.0
-3.8400924107229173e-10	0.0
-5.215092073740379e-07	1.0
-0.00030001121922396123	0.0
0.0	1.0
0.0	1.0
-0.010023282840847969	0.0
0.0	1.0
0.0	0.0
-0.0003077936125919223	0.0
0.0	0.009
0.0	0.0
0.0	1.0
0.0	0.53
0.0	0.0
-0.024074915796518326	0.0
0.0	1.0
0.0	1.0
-0.0002794245374388993	1.0
-0.0017125491285696626	0.0
0.0	1.0
-0.0025526960380375385	0.0
-0.004759074654430151	0.0
0.0	0.0
-6.336770456982777e-05	1.0
0.0	0.0
0.0	1.0
0.0	1.0
-0.0009242100059054792	0.002
-0.007478563115000725	0.0
0.0	0.0
0.0	0.0
0.0	0.0
-9.189474076265469e-05	0.162
0.0	0.162
0.0	0.0
-0.0010092585580423474	0.0
0.0	0.0
0.0	0.0
-0.00010236752859782428	1.0
0.0	1.0
0.0	1.0
-0.029998688027262688	0.0
-0.00987788662314415	0.0
0.0	1.0
-5.327242979547009e-05	1.0
0.0	0.0
-0.0012565510114654899	0.0
0.0	0.0
-0.00018692984303925186	0.0
-0.0005864769918844104	0.0
0.0	1.0
-0.016222473233938217	0.0
0.0	1.0
0.0	1.0
0.0	0.0
0.0	1.0
-2.4943203058569452e-08	1.0
-1.7636998563830275e-06	1.0
-0.004378549754619598	0.0
0.0	1.0
-0.0018504272447898984	0.0
0.0	0.0
0.0	0.0
0.0	0.0
0.0	0.0
0.0	1.0
0.0	0.0
0.0	1.0
-7.475493362107954e-07	1.0
0.0	0.0
0.0	1.0
0.0	0.0
-2.8104679472562566e-07	0.0
0.0	0.0
0.0	0.0
-0.00010725412721512839	0.003
0.0	1.0
0.0	1.0
-5.874965609109495e-06	1.0
0.0	0.0
0.0	0.0
-0.00028483805363066494	1.0
0.0	1.0
0.0	0.0
0.0	0.0
-1.684741306462456e-07	1.0
-0.000418938638176769	1.0
-0.00010127085988642648	1.0
-0.014793614856898785	0.0
-1.81567211257061e-05	0.025396825396825397
-0.0010338738793507218	0.025396825396825397
0.0	1.0
-0.019701018929481506	0.0
0.0	0.0
0.0	0.0
0.0	1.0
0.0	1.0
-0.0006204820820130408	0.021505376344086023
0.0	0.0
0.0	0.0
-0.012968930415809155	0.0
0.0	1.0
-0.004791637882590294	0.0
0.0	0.0
-4.840535439143423e-06	0.53
0.0	0.5458290422245108
-0.0020912527106702328	0.06170212765957447
0.0	0.06170212765957447
-2.5042893980753433e-07	0.0
0.0	0.0
-3.451170869084308e-07	0.86302780638517
0.0	0.17901234567901234
0.0	0.86302780638517
0.0	0.0
-0.000382736703613773	0.0
0.0	0.0
-1.1697494528561947e-06	0.0
0.0	0.0
0.0	0.0
-0.0009422984439879656	1.0
-0.003110819961875677	0.0
-4.843064380111173e-05	0.0
-0.009644001722335815	0.0
-3.3749157068996283e-07	1.0
0.0	0.0
0.0	1.0
-0.0013361289165914059	1.0
0.0	0.0
-0.0011162776499986649	0.0
0.0	0.0
-3.0450660233327653e-06	1.0
-3.311013616058567e-11	1.0
0.0	0.0
-6.200814861578863e-11	1.0
-0.0005613657413050532	0.0
0.0	0.0
-5.003190381103195e-06	0.0
0.0	0.0
0.0	0.0
0.0	0.0
0.0	0.0
0.0	0.0
-1.0537353773543146e-05	0.0
0.0	0.0
-0.011166250333189964	0.0
0.0	0.029
0.0	0.0
0.0	0.0
-0.000942764338105917	0.0
0.0	0.0
0.0	0.0
0.0	0.0
-0.0001067874109139666	0.0
0.0	1.0
0.0	0.0
-4.14062060372089e-06	0.0
0.0	0.0
0.0	0.0
0.0	1.0
0.0	0.001
0.0	0.0
0.0	0.003
0.0	0.003
-0.003803259925916791	0.0
-0.00041934539331123233	0.0
0.0	1.0
-2.242879659775099e-08	0.0
0.0	0.0
0.0	1.0
0.0	0.0
0.0	1.0
-3.611673378145497e-07	1.0
0.0	1.0
-1.5061586964293383e-05	0.0
0.0	0.0
0.0	0.0
0.0	1.0
-0.0016948021948337555	1.0
0.0	1.0
-0.0001709012285573408	1.0
0.0	1.0
0.0	0.013157894736842105
0.0	0.24528301886792453
0.0	0.0
0.0	0.0
-1.3677495189767797e-05	0.0
-0.001045445678755641	0.013
0.0	0.012
-0.002141734817996621	0.012
-1.0659068072627065e-09	1.0
0.0	1.0
0.0	0.0
-0.0803484320640564	0.0
-2.1469084288128215e-07	1.0
0.0	1.0
0.0	1.0
0.0	0.0
0.0	0.0
0.0	0.0
0.0	0.0
-7.601854304084554e-05	0.0
0.0	0.0
-0.0008938543614931405	0.0
0.0	1.0
-0.00010355195263400674	0.0
0.0	1.0
0.0	1.0
-0.0005999613786116242	1.0
-0.002334314864128828	1.0
0.0	0.0
-1.8494247910894046e-08	1.0
-8.369725946977269e-06	1.0
-0.007574481889605522	0.0
0.0	0.0
0.0	0.0
-0.0011926264269277453	1.0
0.0	0.0
0.0	0.0
-4.5110866153663665e-07	0.0
0.0	0.0
-0.03863120824098587	0.0
0.0	0.007
0.0	0.0
0.0	1.0
0.0	0.0
0.0	0.0
-0.0025457805022597313	0.0
0.0	1.0
0.0	0.0
0.0	1.0
-0.00029536758665926754	0.0
0.0	0.0
-0.0016395002603530884	0.0
-0.00045922453864477575	0.0
0.0	0.0
0.0	1.0
0.0	1.0
0.0	1.0
-0.00045270484406501055	1.0
0.0	0.0
-3.2317828413397365e-09	1.0
0.0	1.0
-3.2588168275005103e-12	0.017
-2.3474343834095635e-05	0.0
-0.00028823662432841957	0.029501525940996948
0.0	0.0
-0.00021204078802838922	0.0
0.0	1.0
0.0	1.0
-5.352009058157137e-09	1.0
0.0	0.0
0.0	1.0
-1.5537867511739023e-05	1.0
-8.269140380434692e-06	0.0
0.0	0.0
0.0	0.0
0.0	0.279
0.0	0.279
0.0	0.0
0.0	0.279
0.0	0.279
0.0	1.0
0.0	0.0
0.0	0.0
0.0	1.0
0.0	0.0
0.0	0.0
-2.4025017410167493e-05	1.0
0.0	1.0
-1.2153550414950587e-06	0.6324582338902148
0.0	1.0
-0.0025781437288969755	0.0
-0.005864870268851519	0.0
0.0	1.0
0.0	1.0
0.0	0.0
0.0	1.0
0.0	0.0
0.0	0.0
-0.00037686186260543764	1.0
0.0	0.00425531914893617
0.0	0.023046092184368736
0.0	0.023046092184368736
-9.7887880201597e-07	0.0020470829068577278
0.0	0.0
-0.0018423594301566482	0.0020470829068577278
0.0	0.0
-1.9474699630706027e-09	0.0
0.0	0.023
-0.0001633213396416977	0.0
-6.259184010559693e-05	0.0
-0.002385392552241683	0.0
-0.0006432218942791224	1.0
-0.0008217600407078862	0.0
0.0	0.0
-6.060114077222067e-10	0.0
0.0	0.0
0.0	0.0
-8.818946298561059e-06	0.003
-0.00072815379826352	0.0
0.0	1.0
-0.00043841369915753603	0.002
0.0	0.231
-2.865709575416986e-05	0.231
-0.007721633184701204	0.0
-0.00010399108577985317	0.231
0.0	1.0
0.0	1.0
0.0	0.0
-1.9563454770832323e-05	1.0
-0.0017852990422397852	0.0
0.0	0.0
-4.3473735895915855e-12	1.0
0.0	0.0
-1.3519226058633649e-06	1.0
0.0	0.0
-0.00020015994959976524	0.036
0.0	0.0
0.0	0.036
-5.0706563342828304e-05	1.0
0.0	1.0
0.0	1.0
-3.08483350863753e-07	1.0
0.0	0.0
-0.00013041026249993593	0.064
-7.708336488576606e-05	0.0
-1.3604302694147918e-05	1.0
0.0	1.0
0.0	1.0
0.0	0.0
0.0	1.0
0.0	1.0
-0.0003066631907131523	0.0
-1.5597363471897552e-06	0.0
0.0	0.0
0.0	0.0
-0.0025021748151630163	0.0
-0.0018463637679815292	0.0
0.0	1.0
-3.322120619486668e-06	1.0
0.0	0.0
0.0	1.0
-0.00027310632867738605	1.0
-2.872353434213437e-05	0.0
-1.0452890723128272e-12	0.0
0.0	0.0
0.0	1.0
-0.0006827227771282196	0.0
0.0	1.0
0.0	0.0
0.0	0.0
-0.03292553126811981	0.0
-5.2401883294805884e-06	1.0
-0.00019807455828413367	0.0
0.0	1.0
-0.00020771028357557952	1.0
0.0	0.0
0.0	1.0
-0.00046927965013310313	0.0
-0.0007142006070353091	0.0
0.0	1.0
-1.2946043170813937e-07	1.0
0.0	1.0
-0.00022606636048294604	0.0010298661174047373
-0.0002827366115525365	0.031453362255965296
-2.2244651631808665e-07	0.077
-0.020074743777513504	0.0
-1.4680271220868235e-08	1.0
-6.525970736026565e-11	1.0
0.0	1.0
0.0	0.0
0.0	1.0
0.0	0.0
-0.0037764592561870813	0.0
-0.017801601439714432	0.0
0.0	0.0
0.0	0.0
-0.00048739841440692544	0.0
-0.00025484937941655517	0.0
-0.006276912055909634	0.0
-5.724313041355344e-07	0.0
0.0	0.0
0.0	0.0
-0.0011905317660421133	0.0
-0.0008832291350699961	0.0
0.0	0.0
-0.0037841815501451492	0.0
0.0	0.001
-1.0870701316889608e-07	0.0
-3.556516094249673e-05	0.0
0.0	1.0
0.0	0.0
-0.015634285286068916	0.0
-0.003284494625404477	0.0
-4.3710820136766415e-06	0.0
-0.00032596624805592	0.0
-8.391434107579698e-07	0.0
-0.0005209892988204956	1.0
0.0	0.0
-9.634351590648293e-05	0.0
0.0	1.0
0.0	0.0
0.0	0.0
0.0	0.0
0.0	0.001
0.0	0.0
-2.5327690309495665e-06	0.0
0.0	0.0
0.0	0.001
-1.6424062323494582e-06	0.001
0.0	0.001
-5.162534648661676e-07	0.273
0.0	0.03303303303303303
0.0	1.0
0.0	0.0010298661174047373
-7.207429007394239e-05	0.029
-0.0016425909707322717	0.029
0.0	1.0
-0.007764593698084354	0.0
0.0	0.0
0.0	0.28792569659442724
0.0	1.0
-0.0022416505962610245	0.03683640303358613
-0.00023826101096346974	0.04299583911234397
0.0	0.045454545454545456
0.0	0.0
0.0	0.279
0.0	0.0
0.0	0.0
0.0	0.0
0.0	0.0
0.0	0.0
0.0	0.0
0.0	1.0
0.0	0.0
-0.0010443927021697164	0.0
-1.1998673166147e-08	0.0
-2.4930359359132126e-05	0.0
0.0	0.0
-1.7167480109492317e-05	0.0
-1.981080231416854e-06	1.0
-1.1846783276592276e-10	1.0
-0.0001214168150909245	1.0
0.0	0.0
0.0	1.0
0.0	0.0
0.0	0.0
0.0	1.0
-1.5316315327140728e-08	0.008
0.0	0.0
-3.607260396165657e-06	0.162
-2.7009020413970575e-05	0.0
-0.002647259971126914	0.0
-5.935817948277133e-10	0.064
-0.0001999228697968647	0.064
0.0	0.0
0.0	1.0
0.0	0.003205128205128205
0.0	0.0
-1.775995201569458e-06	0.0
0.0	1.0
0.0	0.0641925777331996
-7.323161116801202e-05	1.0
-0.0001302431192016229	0.003205128205128205
0.0	0.0641925777331996
-0.002342099091038108	0.0641925777331996
0.0	1.0
-0.0003332672349642962	1.0
0.0	1.0
-0.000558634230401367	0.001
-4.628314229648822e-07	0.001
0.0	0.0
0.0	0.0
0.0	1.0
0.0	1.0
0.0	0.0
0.0	0.0
-0.00012199866614537314	0.0
0.0	1.0
0.0	0.0
0.0	0.0
-0.0002839009393937886	1.0
0.0	0.1624874623871615
0.0	1.0
0.0	0.0
-0.0005222612526267767	1.0
-1.7032276446116157e-05	1.0
0.0	0.0
0.0	1.0
-0.0014608066994696856	1.0
-0.00027761724777519703	1.0
0.0	0.0
0.0	1.0
-3.524640851537697e-05	1.0
-0.00014493893831968307	1.0
0.0	1.0
0.0	1.0
-7.682423529331572e-06	0.0
-0.001504384446889162	1.0
0.0	0.0
0.0	1.0
0.0	0.0
-0.0040114158764481544	0.0
0.0	1.0
0.0	1.0
0.0	1.0
-0.00013424508506432176	1.0
0.0	1.0
-0.0004206060548312962	0.0
-0.0019859487656503916	0.0
0.0	0.006
0.0	1.0
0.0	0.0
-2.1452429791679606e-05	0.0
0.0	0.001
-0.0005783629021607339	0.0
0.0	1.0
0.0	1.0
0.0	1.0
-0.00010846743680303916	1.0
0.0	1.0
-3.907678092218703e-06	1.0
-5.178989681553503e-07	1.0
0.0	1.0
-0.004156478680670261	0.0
-0.0006233177264221013	0.0
-0.0007885892409831285	0.0
0.0	1.0
0.0	0.0
-3.2018996828919732e-12	1.0
0.0	1.0
0.0	0.0
0.0	1.0
0.0	0.0
0.0	1.0
0.0	1.0
-0.0014982334105297923	1.0
0.0	1.0
0.0	1.0
0.0	0.0
0.0	1.0
-0.00012912476086057723	1.0
-0.0044334158301353455	0.0
0.0	0.0
-0.00014303157513495535	1.0
0.0	0.0
0.0	1.0
-3.828463377431035e-06	1.0
0.0	0.0
0.0	1.0
-0.00018260604701936245	1.0
0.0	1.0
0.0	0.0
0.0	1.0
-0.0001896884641610086	1.0
0.0	0.0
-4.6754732352383144e-07	0.029
0.0	0.0
-0.00020924757700413465	0.029
-0.00042794100590981543	1.0
-1.3534973732021172e-05	0.0
0.0	1.0
0.0	1.0
-2.242050504719373e-05	1.0
0.0	1.0
-5.395268090069294e-06	1.0
-1.2727820148938918e-06	0.0
-9.579592870068154e-07	0.0
0.0	0.0
0.0	1.0
-1.2792141205864027e-05	1.0
0.0	0.0
0.0	0.0
-1.622476020202157e-06	1.0
-7.911993549214458e-08	0.0
0.0	0.0
0.0	0.0
-2.615655148474616e-06	0.0
-2.2069716578698717e-06	0.0
0.0	0.0
0.0	1.0
0.0	0.0
-3.4019922168226913e-06	0.0
