-0.0005252265837043524	0.0
0.0	0.0
0.0	0.0
0.0	0.308
0.0	0.308
0.0	0.0
-0.00182439386844635	0.0
-0.00012572205741889775	0.0
-6.183766345202457e-06	0.0
0.0	0.0
0.0	0.308
-0.009817107580602169	0.0
0.0	0.0
-0.02823716402053833	0.0
0.0	0.0
0.0	0.0
0.0	0.0
-0.0002194706175941974	0.0
0.0	0.0
-0.011399932205677032	0.0
0.0	0.0
-0.0025920215994119644	0.0
0.0	0.0
-0.013532081618905067	0.0
0.0	0.0
0.0	0.013
0.0	0.0
-0.000190331760677509	0.013
-0.0005198987200856209	0.013
-0.00042381222010590136	1.0
0.0	0.0
0.0	1.0
-0.021851709112524986	0.0
0.0	0.0
-0.0005723803187720478	1.0
-0.07161031663417816	0.0
0.0	1.0
0.0	0.0
0.0	0.0
-0.0007687007891945541	0.002
-5.344445071386872e-06	1.0
0.0	0.025025025025025027
0.0	1.0
-0.008465180173516273	0.0
-0.004514350555837154	0.0
0.0	0.0
0.0	0.0
-5.511487302101159e-07	0.0
0.0	0.0
0.0	1.0
-0.0027934624813497066	0.0
-0.00031490795663557947	0.0
-7.422301132464781e-05	0.0
-1.1359713170122632e-07	0.339
0.0	1.0
0.0	0.0
-2.020916508627124e-05	0.004
0.0	1.0
-2.800099173327908e-05	0.0
-0.003526926739141345	0.0
-1.2463026905606966e-05	0.006
-0.0008215794805437326	0.0058997050147492625
0.0	0.0
0.0	0.0
0.0	1.0
0.0	0.0
0.0	0.002
-2.7538560971152037e-05	0.0
-5.689546469511697e-06	0.0
-8.866715006661252e-08	1.0
0.0	1.0
0.0	0.0
0.0	1.0
0.0	0.0
0.0	1.0
0.0	0.0
0.0	1.0
-1.0558154599493719e-06	1.0
0.0	0.0
0.0	0.0
-0.00025605797418393195	0.0
0.0	0.0
0.0	0.0
0.0	0.0
-1.0144644875254016e-05	0.0
0.0	0.0
0.0	0.001
0.0	0.001
-0.00011744600487872958	0.0
0.0	0.001
0.0	0.0
-0.000484319229144603	0.001
-7.540178921772167e-05	0.0
-0.002322779968380928	0.0
0.0	0.001
-3.41056875186041e-05	0.0
0.0	0.44316546762589926
-0.07006436586380005	0.0
-0.0031883951742202044	0.4407514450867052
0.0	0.0
-1.3744949001193163e-06	0.305
-0.00018321357492823154	0.0
-0.0001920188806252554	0.1
0.0	0.34034034034034033
0.0	0.35035035035035034
-0.00023377375327982008	0.00145985401459854
0.0	1.0
-0.0015513855032622814	0.0
0.0	1.0
0.0	1.0
-0.00010300869325874373	0.0
-0.0673435777425766	0.0
-2.8041483801644063e-08	0.0
0.0	1.0
-0.001887039397843182	0.0
-0.0014258893206715584	0.0
0.0	0.0
0.0	0.0
-0.008341560140252113	0.0
-0.006084165535867214	0.0
0.0	0.0
0.0	0.0
0.0	0.0
0.0	0.0
0.0	0.0
-0.0027691228315234184	0.0
-8.164493920048699e-06	0.0
-3.3947000588341325e-07	0.0
-0.0009097183356061578	1.0
-3.467826536507346e-05	0.002
0.0	1.0
-2.826202762662433e-05	0.0
-0.0002662848273757845	0.0
0.0	0.661
0.0	1.0
0.0	0.0
0.0	0.0
0.0	1.0
0.0	1.0
0.0	0.0
0.0	0.0
0.0	0.0
0.0	0.001
0.0	0.0
0.0	0.0
-9.6914937293132e-18	0.0
0.0	0.0
0.0	0.0
0.0	1.0
-9.666667756391689e-05	0.0
0.0	1.0
0.0	1.0
0.0	0.0
-3.6581632167909106e-10	0.0
0.0	0.0
0.0	1.0
0.0	1.0
-0.04273752123117447	0.0
0.0	0.0
0.0	1.0
0.0	1.0
0.0	1.0
-8.371226613235194e-06	1.0
0.0	0.6786447638603696
0.0	1.0
-0.0004085881810169667	0.0
-3.0696664907736704e-05	0.5098039215686274
-0.0008704150677658617	1.0
0.0	1.0
0.0	0.0
-0.0009426458273082972	0.0
0.0	0.0
-0.0001258349948329851	0.0
0.0	1.0
0.0	0.0
-6.238652372481113e-10	0.0
-7.114298932719976e-05	0.0
0.0	1.0
-0.0008428642759099603	0.005
-0.0008663054322823882	1.0
-1.6347732525900938e-05	1.0
0.0	0.0
-0.0003094113490078598	0.0
0.0	1.0
0.0	0.0
-5.373891998061708e-09	0.0
0.0	0.0
0.0	0.0
-0.001833373331464827	1.0
-8.802480806480162e-06	0.0
-8.25077250965478e-08	0.0
0.0	1.0
0.0	0.009077155824508321
0.0	0.009077155824508321
-0.04190574586391449	0.0
0.0	0.0
-0.0032865237444639206	0.0
0.0	0.0
-8.930264305817559e-10	0.0
-1.499258019066474e-06	1.0
-3.36111661454197e-05	0.0
0.0	0.0
0.0	1.0
-8.338930638274178e-05	0.0
0.0	1.0
0.0	0.0
-8.12277266959427e-06	0.0
-4.2110095819225535e-05	0.0
-0.0006346398149617016	0.0
0.0	1.0
0.0	0.0
0.0	0.0
0.0	0.0
-0.0005474602221511304	0.0
0.0	0.007
0.0	0.0
0.0	0.0
0.0	0.0
0.0	0.0
0.0	1.0
0.0	0.0
0.0	1.0
-2.970374907818041e-06	0.007
0.0	0.0
-0.00016306305769830942	1.0
-1.0127762095635262e-07	1.0
-0.00025996603653766215	0.0
0.0	1.0
-0.006444749888032675	0.0
0.0	0.0
-2.6307941425329773e-07	0.0
0.0	0.0
0.0	0.0030120481927710845
0.0	0.004012036108324975
0.0	0.0
0.0	0.0
0.0	0.0
0.0	0.0
0.0	1.0
-2.9004784664721228e-05	0.0
0.0	0.0
0.0	0.6821465428276574
-7.341539998151347e-08	0.661
0.0	0.661
-8.154976967489347e-06	0.0
-7.919096242403612e-05	1.0
0.0	1.0
-0.0015739229274913669	0.0
0.0	0.0
0.0	1.0
0.0	0.0
-0.0026839543133974075	1.0
0.0	1.0
0.0	1.0
0.0	1.0
0.0	1.0
0.0	0.0
0.0	0.029
-3.011032756461418e-09	0.0
0.0	0.0
-2.5355336674692808e-06	0.0
-0.00021923270833212882	0.0
-0.0003372820792719722	0.0
0.0	1.0
0.0	1.0
-1.2934074220538605e-05	0.0
0.0	1.0
-1.0832649444125764e-08	1.0
0.0	0.0
-0.00027071923250332475	0.0
0.0	0.0
-0.00026659463765099645	1.0
0.0	0.0
-0.00027313322061672807	0.0
0.0	1.0
-4.412076464177517e-07	1.0
0.0	1.0
0.0	1.0
0.0	1.0
-4.317428465583362e-05	1.0
0.0	1.0
0.0	0.0
0.0	1.0
0.0	0.0
0.0	1.0
0.0	1.0
0.0	1.0
-1.3436609151540324e-05	0.0
-0.00021310802549123764	1.0
-5.079216862213798e-05	1.0
0.0	1.0
0.0	0.0
0.0	1.0
0.0	1.0
-1.0215249091061196e-07	0.0
0.0	1.0
0.0	0.0
-1.39118310471531e-05	1.0
0.0	0.0
-2.2970616520012754e-09	0.0
-0.0003166608512401581	0.0
0.0	0.0
0.0	0.031
-7.351141539402306e-05	0.09144542772861357
-9.582520578987896e-05	1.0
0.0	0.0
-1.8489387002773583e-05	1.0
-8.729051842237823e-06	0.0
-2.482156844507699e-07	1.0
-5.996344532022135e-10	1.0
0.0	1.0
-0.00013560675142798573	1.0
-4.7560132543367217e-07	0.0
-2.8271576191229997e-09	1.0
-0.00259140832349658	0.0
-0.006382135208696127	0.001
0.0	0.0
-0.0007221513078548014	0.0
0.0	0.0
0.0	0.0
-4.9111975386040285e-05	0.0
0.0	1.0
0.0	1.0
0.0	1.0
-2.332578515051864e-05	1.0
0.0	1.0
-5.093963409308344e-05	0.0
0.0	0.0
0.0	0.0
-4.81613606098108e-05	0.661
-0.001779053476639092	0.661
0.0	0.015
-0.009604980237782001	0.0
-0.00019143613462802023	0.0
-0.0036902744323015213	0.0
0.0	1.0
0.0	0.0
0.0	0.015
-2.8136980592674554e-11	0.0
0.0	0.0
0.0	0.0
-8.0156250987784e-06	0.0
0.0	1.0
0.0	1.0
-0.0001715385733405128	1.0
-0.000424826517701149	1.0
0.0	0.0
-0.004457215312868357	0.0
-1.184024789324667e-08	0.0
0.0	1.0
-7.454907063220162e-06	0.0
-0.01699107512831688	0.0
0.0	1.0
0.0	1.0
-1.9912036805180833e-05	1.0
0.0	1.0
0.0	1.0
0.0	0.0
0.0	0.0
0.0	0.0
-2.762845269899117e-06	0.001
0.0	0.0
0.0	0.0
0.0	0.0
-8.766593673215084e-09	0.0
-0.0009737646323628724	0.0
0.0	0.0
-0.00026367424288764596	0.009
0.0	0.0
-0.00630336394533515	0.009
-7.549795554950833e-05	1.0
0.0	1.0
-1.223587105414481e-06	0.0
0.0	1.0
0.0	0.0
-2.270620461786166e-05	0.0
0.0	0.0
0.0	0.0
0.0	0.0
-0.0032567258458584547	0.0
-0.0002049641771009192	0.0
-0.004229012411087751	0.0
-2.1936193306260066e-08	0.0
0.0	1.0
0.0	1.0
0.0	0.0
-3.1764736831974005e-06	1.0
-0.000643847684841603	0.0
0.0	0.0
0.0	0.0
0.0	0.0
-0.002130035310983658	0.0
-0.0004257392429281026	0.661
0.0	1.0
0.0	1.0
0.0	0.0
-1.944968789757695e-05	0.0
-0.004685590043663979	0.0
-0.000555761216674	0.0
0.0	0.0
-0.002200640272349119	0.0
-0.0025151383597403765	0.0
0.0	0.0
0.0	1.0
0.0	0.051
0.0	0.0
0.0	0.051
0.0	1.0
0.0	0.0
-5.382676970810962e-09	0.0
0.0	0.0
0.0	0.0
0.0	0.0
0.0	0.0
-7.988435157813001e-08	1.0
-1.3321569625190932e-08	0.0
-7.52223144884212e-11	1.0
-0.004366917535662651	0.0
0.0	1.0
0.0	1.0
0.0	1.0
0.0	0.0
0.0	1.0
0.0	0.0
-7.631173502886668e-06	0.0
-3.513772753649391e-05	0.0
-0.01536878664046526	0.0
0.0	0.0
0.0	0.0
-3.251681150902297e-13	1.0
0.0	1.0
0.0	1.0
0.0	0.0
0.0	1.0
0.0	0.002
0.0	1.0
-1.0245199133507299e-09	1.0
0.0	0.0
-5.344301357013137e-08	1.0
0.0	1.0
0.0	0.0
0.0	0.0
-0.013053083792328835	0.0
-3.286208084318787e-05	0.133
-3.3818041629274376e-06	0.134
0.0	0.134
-0.009265760891139507	0.0
0.0	0.661
0.0	0.0
0.0	1.0
0.0	0.01384083044982699
-0.004427265375852585	0.0
-2.8460306566557847e-05	0.0
-1.8197872577729868e-06	0.0
-0.00016709162446204573	0.0
-2.168743776564952e-06	0.007
0.0	1.0
0.0	0.0
0.0	1.0
0.0	1.0
0.0	0.051
0.0	1.0
0.0	0.051
-4.526907559920801e-06	1.0
0.0	0.0
-0.0022842539474368095	0.0
0.0	0.0
0.0	0.0
0.0	0.0
-0.004898636601865292	0.0
-5.42068301356835e-09	1.0
-1.0249624210700858e-05	1.0
-1.1917131814698223e-07	0.0
-0.00022570148576050997	0.0
0.0	1.0
0.0	1.0
0.0	1.0
0.0	1.0
0.0	1.0
-0.00019088355475105345	1.0
0.0	0.0
-1.646358356310884e-07	0.001
0.0	1.0
0.0	0.0
-0.000527357158716768	1.0
0.0	0.01820020222446916
0.0	0.0
0.0	0.0
-6.624535142663035e-09	0.011
-0.002796428743749857	1.0
0.0	1.0
0.0	1.0
0.0	0.0
-0.00036716219619847834	0.0
0.0	1.0
0.0	0.0
-8.183764293789864e-05	1.0
-0.0004271067737136036	0.0
0.0	0.0
0.0	1.0
0.0	1.0
0.0	1.0
-1.435003298411175e-07	0.005
0.0	1.0
0.0	1.0
0.0	0.0
0.0	0.0
-0.0011245745699852705	0.0
0.0	1.0
0.0	1.0
0.0	0.005
0.0	0.0
0.0	0.0
0.0	1.0
0.0	1.0
-0.0003713980840984732	0.0
0.0	1.0
0.0	0.0
0.0	0.0
0.0	1.0
0.0	1.0
-0.01894408091902733	0.0
0.0	1.0
-4.202237687422894e-05	0.0
0.0	1.0
0.0	0.0
-0.000230902194743976	1.0
-0.010404165834188461	0.0
-1.5589561641604632e-08	1.0
0.0	1.0
-0.00203285226598382	0.0
0.0	1.0
0.0	0.0
0.0	0.0
0.0	1.0
0.0	0.0
-1.3093380546447264e-10	0.031
0.0	0.0
-5.130896241212213e-08	0.0
0.0	0.0
0.0	0.0
0.0	0.0
-7.603158792335307e-06	1.0
-0.00018738409562502056	1.0
0.0	1.0
-0.00010692588693927974	1.0
0.0	0.09144542772861357
0.0	1.0
-3.5183657018933445e-05	0.0
-2.4995455305543146e-07	1.0
0.0	0.0
0.0	1.0
0.0	1.0
0.0	1.0
0.0	0.026026026026026026
0.0	1.0
0.0	0.0
0.0	0.0
-3.953070699935779e-05	1.0
-0.0010066762333735824	0.0
0.0	1.0
0.0	1.0
0.0	1.0
0.0	0.0
-1.2200142691654037e-06	0.0
0.0	1.0
0.0	0.0
0.0	0.0
-0.008532990701496601	0.0
-0.008383728563785553	0.006
-0.0009717380162328482	0.0
-1.0496560207684524e-06	1.0
0.0	1.0
0.0	0.0
0.0	0.0
-0.005378242116421461	0.0
0.0	0.0
-7.125911860583756e-09	0.0
0.0	0.0
0.0	0.0
0.0	1.0
0.0	1.0
-1.3247553054540617e-09	0.067
0.0	1.0
0.0	1.0
0.0	1.0
-7.656919542853302e-09	1.0
0.0	1.0
-6.701104666717583e-07	1.0
0.0	1.0
-0.00025832329993136227	1.0
-0.003293888410553336	0.0
0.0	1.0
0.0	1.0
0.0	1.0
0.0	1.0
-0.0008214403642341495	0.0
0.0	1.0
-1.0369896585871174e-07	0.0
0.0	0.0
0.0	0.0
0.0	1.0
0.0	0.0
0.0	1.0
-6.329984444164438e-06	1.0
-7.985687989275903e-05	0.0
-0.0011630156077444553	0.0
-0.0029465712141245604	0.0
-0.0007127581629902124	0.0
0.0	0.0
0.0	0.0
0.0	1.0
0.0	0.0
-1.0947493365165428e-06	0.661
0.0	1.0
-0.00025617703795433044	1.0
-2.658341602401748e-10	1.0
-2.2053673092159443e-06	0.001
0.0	1.0
0.0	0.001
0.0	0.0
0.0	0.0
0.0	0.0
-0.000362737278919667	1.0
-0.00025289144832640886	0.0
0.0	0.0
0.0	0.0
-9.280029917135835e-05	0.0
0.0	1.0
0.0	0.004
-4.809288043361448e-07	1.0
0.0	0.0
0.0	0.0
-0.0001293663081014529	1.0
0.0	1.0
0.0	0.0
0.0	0.0
0.0	0.0
0.0	0.0
-0.0037597445771098137	0.0
0.0	0.0
-0.00018330921011511236	1.0
0.0	0.0
-0.0010769398650154471	1.0
0.0	1.0
-0.00013406097423285246	0.0
0.0	0.0
0.0	0.0
0.0	0.0
0.0	0.0
0.0	1.0
0.0	1.0
0.0	0.0
-1.5629818506113224e-07	0.0
-0.007217686623334885	0.0
0.0	1.0
0.0	1.0
0.0	1.0
-0.000491634476929903	1.0
0.0	0.661
0.0	0.0
0.0	0.0
-0.0005201423773542047	0.0
-2.2649326638202183e-05	1.0
0.0	0.0
-0.0008134412346407771	0.0
-2.487962266761734e-11	0.009077155824508321
0.0	0.9085545722713865
-0.010304393246769905	0.040983606557377046
0.0	1.0
0.0	1.0
-1.8354327039560303e-05	0.7168803418803419
-7.739242025017745e-10	0.0
0.0	1.0
0.0	1.0
0.0	0.801948051948052
0.0	1.0
0.0	0.0
0.0	1.0
0.0	0.0
-0.0019060862250626087	1.0
0.0	1.0
0.0	1.0
0.0	1.0
-0.000978729221969843	1.0
0.0	1.0
-2.0256631094728306e-10	0.0
-0.0012484111357480288	0.0
0.0	1.0
0.0	1.0
-0.0003374099906068295	0.028
0.0	1.0
0.0	1.0
-1.9189230442862026e-05	0.0
-2.865916394512169e-05	0.0
0.0	1.0
0.0	1.0
0.0	1.0
0.0	1.0
0.0	0.0
-0.00013648219464812428	0.0
0.0	0.0
-8.685258944751695e-05	0.0
0.0	0.0
