0.0	0.0
0.0	0.0
-3.4676522764343076e-10	0.0
0.0	0.0
0.0	0.0
0.0	1.0
-0.00019521145441103727	0.002
-0.0002856110513675958	1.0
0.0	0.0
0.0	0.0
0.0	0.0
-2.6734786606752436e-10	0.0
0.0	1.0
0.0	1.0
0.0	1.0
0.0	1.0
0.0	0.0
0.0	0.0
0.0	0.0
0.0	0.0
0.0	0.0
0.0	1.0
0.0	0.0
0.0	1.0
0.0	1.0
-0.0041494895704090595	0.0
0.0	0.0
-0.0006986977532505989	0.0
-1.8377782851075608e-08	1.0
0.0	0.0
0.0	0.0
-0.00022723322035744786	1.0
0.0	1.0
-8.232121899709455e-07	0.0
0.0	0.041
-0.001727668452076614	0.0
0.0	0.0
0.0	0.0
0.0	0.0
0.0	0.0
0.0	0.0
0.0	0.0
0.0	1.0
-0.004003986716270447	0.0
-5.934517321293242e-05	0.0
0.0	1.0
-0.0001449210976716131	0.226
0.0	0.0
0.0	1.0
0.0	1.0
0.0	1.0
-0.00010284623567713425	0.0
-8.478786185150966e-05	1.0
0.0	1.0
0.0	0.0
-0.0009316280484199524	0.0
0.0	1.0
-0.0005552435759454966	1.0
-1.5542071878371644e-06	0.0
0.0	1.0
-0.0005128316697664559	0.0
-0.032087236642837524	0.0
-4.487809201236814e-05	0.0
0.0	0.0
0.0	0.668
0.0	0.0
0.0	0.0
0.0	0.0
-5.49642754776869e-06	0.0
0.0	1.0
0.0	0.0
0.0	1.0
-0.00020557675452437252	1.0
-0.00033174455165863037	1.0
0.0	1.0
-0.0036848527379333973	0.0
0.0	0.0
0.0	1.0
-0.0007926341495476663	1.0
0.0	0.0
0.0	0.0
0.0	1.0
0.0	1.0
0.0	0.0
0.0	0.0
-2.92259710477083e-06	1.0
0.0	0.047
-0.0015093038091436028	1.0
-0.0029486340936273336	1.0
-1.5406421550279392e-16	0.0
-8.585028155039254e-08	1.0
-0.00021406075393315405	1.0
0.0	0.0
0.0	0.0
0.0	1.0
-0.00013341024168767035	0.16058394160583941
0.0	0.0
0.0	0.0
0.0	1.0
0.0	1.0
-0.003085101256147027	0.0
0.0	1.0
0.0	0.0
0.0	1.0
0.0	0.0
0.0	1.0
0.0	1.0
-1.2614844308700413e-05	1.0
0.0	1.0
0.0	0.0
0.0	0.0
0.0	0.0
0.0	0.0
-7.928704144433141e-05	0.0
-5.761289139627479e-05	0.0
0.0	0.0
0.0	0.0
0.0	0.0
0.0	0.0
0.0	0.0
0.0	0.0
-5.121552596083767e-13	0.0
-0.0021532983519136906	0.0
0.0	1.0
-0.00938944611698389	0.0
0.0	1.0
-0.0013376916758716106	1.0
-1.0650621362628954e-07	1.0
0.0	1.0
-4.524917130765971e-06	1.0
0.0	1.0
0.0	0.0
0.0	0.0
0.0	1.0
-4.16442308051046e-05	0.0
0.0	1.0
0.0	1.0
-1.6600895833107643e-05	1.0
-3.7184804568823893e-06	0.0
-0.0009401478455401957	0.0
-2.3809850972611457e-05	1.0
0.0	0.0
0.0	1.0
-0.002875670325011015	0.0
0.0	0.0
0.0	0.03773584905660377
-2.905675842157507e-07	1.0
0.0	0.0
-3.015071797562996e-06	1.0
0.0	0.0
-3.4077096643159166e-05	1.0
-0.001127527211792767	1.0
0.0	1.0
0.0	0.8723404255319149
0.0	0.0
-0.010878154076635838	0.0
0.0	0.0
-0.012078951112926006	0.0
0.0	1.0
0.0	1.0
0.0	1.0
0.0	1.0
-1.1163488125021104e-05	0.0
0.0	1.0
0.0	1.0
0.0	0.0
-0.0006988647510297596	0.0
0.0	0.089
-0.0010372543474659324	0.0
0.0	1.0
0.0	0.0
0.0	1.0
0.0	0.0
-0.002187367295846343	0.001
-0.003248183988034725	0.0
-0.00048720865743234754	0.0
0.0	0.0
-0.0010066102258861065	1.0
-8.676890956849093e-07	1.0
-2.807154851325322e-05	0.0
-3.6783247196581215e-05	1.0
-1.2121034842493827e-08	0.0
0.0	0.0
0.0	1.0
-0.002794587519019842	0.0
0.0	0.0
0.0	0.0
0.0	0.0
0.0	0.0
-0.00033412512857466936	0.0
-6.06705725658685e-07	0.0
-8.746174717089161e-05	0.06823027718550106
0.0	0.059
0.0	0.0
0.0	0.0
0.0	0.0
0.0	0.0
0.0	1.0
-0.0049163782969117165	0.0
0.0	1.0
-8.83732718648389e-05	0.0
0.0	0.0
0.0	0.0
-0.005637602414935827	0.0
0.0	1.0
0.0	1.0
0.0	1.0
0.0	1.0
0.0	0.0
0.0	0.0
0.0	0.0
0.0	1.0
0.0	1.0
0.0	0.0
0.0	0.0
0.0	0.0
-1.1560716302483343e-05	0.668
-0.002927907044067979	0.0
0.0	0.668
-0.00024582515470683575	0.0
0.0	0.0
-5.652222171192989e-05	0.0
-0.002628384158015251	0.0
-2.2480724055640167e-06	1.0
-3.619099879870191e-05	0.0
0.0	0.0
0.0	1.0
0.0	1.0
0.0	0.0
-0.00017565953021403402	0.0
-0.00014426956477109343	0.0
-4.343093678471632e-06	0.0
-0.004241236485540867	0.0
0.0	1.0
0.0	0.0
0.0	0.0
0.0	0.0
0.0	1.0
0.0	0.0
0.0	0.0
0.0	0.059
0.0	0.0
0.0	0.0
-0.0011082772398367524	0.0021253985122210413
0.0	0.0
-0.00014000775991007686	0.0
-9.105843673751224e-06	1.0
-2.8435311833163723e-05	0.0
0.0	1.0
0.0	0.0
0.0	0.0
0.0	0.0
-0.00036580386222340167	0.0
-6.779489922337234e-06	0.0
-1.50538498928654e-05	1.0
-0.005470835603773594	0.0
0.0	0.0
0.0	1.0
0.0	0.0
-0.0033938093110919	0.0
0.0	0.0
0.0	0.0
0.0	1.0
0.0	1.0
0.0	1.0
-6.54580026093754e-06	0.0
0.0	0.0
0.0	1.0
0.0	1.0
0.0	0.0
-0.0009785400470718741	0.012
0.0	1.0
0.0	0.0
-0.002136827912181616	1.0
0.0	1.0
-2.1013154764659703e-05	1.0
-0.0001620177790755406	1.0
-0.0006052028620615602	0.0
0.0	0.0
0.0	0.001
0.0	0.0
0.0	0.0
-1.6820808923512232e-07	0.0
0.0	1.0
0.0	1.0
-6.7788473643304314e-06	1.0
-4.7594389229743683e-07	0.0
0.0	0.0
0.0	0.0
0.0	0.0
-0.008390646427869797	0.0
0.0	0.0
0.0	0.014
-4.217806406359159e-07	0.014
0.0	1.0
0.0	1.0
0.0	0.0
0.0	1.0
-0.0002069841284537688	0.0
0.0	0.0
0.0	1.0
-0.009735330939292908	0.0
-2.274811595270876e-05	0.0
-0.0005901057156734169	1.0
0.0	1.0
-0.0004781715979333967	0.0
0.0	0.2680722891566265
0.0	0.0
-0.0001993108307942748	0.0
-0.0015125543577596545	0.089
0.0	0.0
-7.53675340092741e-05	0.0
0.0	0.0
0.0	0.0
-0.003270305460318923	0.0
0.0	0.0
0.0	0.0
0.0	0.0
0.0	0.0
0.0	0.027
0.0	0.027
0.0	0.0
0.0	0.0
0.0	0.0
0.0	0.0
-0.0005239827441982925	1.0
0.0	0.0
-0.0022889734245836735	0.0
0.0	1.0
0.0	1.0
0.0	1.0
0.0	0.0
0.0	0.0
0.0	0.0
0.0	0.0
0.0	0.0
0.0	0.002
0.0	0.0
0.0	0.002
-0.0008229747763834894	0.003
-0.002490880899131298	1.0
0.0	0.0
0.0	0.0
0.0	0.004491017964071856
0.0	1.0
-1.8265588694332813e-11	0.4126506024096386
-0.0006696313503198326	0.14
-0.00013868263340555131	1.0
-0.005360665265470743	0.0
0.0	1.0
-0.0017167252954095602	1.0
0.0	1.0
0.0	1.0
-8.378766506211832e-05	1.0
0.0	0.0
-1.0285470608550895e-07	0.0
0.0	0.0
0.0	0.0
-0.0008583200979046524	1.0
0.0	1.0
0.0	1.0
0.0	1.0
0.0	1.0
-0.00313815800473094	1.0
0.0	0.0
-0.003045079531148076	0.0
-0.007822912186384201	0.0
-0.0012193166185170412	0.0
0.0	0.0
0.0	1.0
0.0	0.0
0.0	0.0
0.0	1.0
0.0	0.0
0.0	0.0
-0.0026004654355347157	0.0
0.0	0.041
-0.0005877186777070165	1.0
0.0	0.0
-3.9445950505978544e-07	1.0
-0.00018724497931543738	0.0
0.0	1.0
-7.822074258001521e-05	1.0
-8.136033284245059e-05	1.0
0.0	1.0
-0.004385306034237146	0.0
0.0	0.0
0.0	0.001
0.0	1.0
-0.00031175545882433653	0.0
-0.0006303653935901821	0.0
-0.0002675979631021619	1.0
0.0	1.0
-0.0200973954051733	0.0
-1.1259637631155783e-06	0.0
-0.004987127147614956	0.0
0.0	1.0
0.0	0.0
0.0	0.0
-4.187181912129745e-05	1.0
-6.210255421024158e-09	1.0
-0.06771571934223175	0.0
0.0	0.0
-0.0025548511184751987	0.0
0.0	1.0
0.0	0.0
-4.808558878721669e-05	0.0
0.0	1.0
-0.005120866931974888	0.0
-0.0001789248053682968	1.0
0.0	0.0
-0.0012070793891325593	1.0
0.0	0.0
-3.52270326402504e-05	0.0
-0.0005918396054767072	0.0
-1.2864275959145743e-05	0.0
0.0	0.0
0.0	0.08849557522123894
0.0	0.06626506024096386
-3.294792986707762e-05	1.0
0.0	0.060240963855421686
0.0	0.060240963855421686
0.0	0.0
0.0	0.5044910179640718
-3.9223326893989e-05	1.0
0.0	1.0
0.0	1.0
0.0	1.0
-0.001501825056038797	1.0
0.0	1.0
0.0	0.0
0.0	1.0
-0.0004630328621715307	0.001
0.0	0.0
0.0	1.0
-2.89824547508033e-05	0.0
0.0	0.0
-3.321235635667108e-05	0.0
0.0	0.0
-0.00023118664103094488	0.0
-9.777531886356883e-07	0.0
-0.006117701530456543	0.0
0.0	0.0
0.0	0.0
0.0	0.082
0.0	0.082
-0.00012352570774964988	1.0
-0.0028075145091861486	0.016339869281045753
0.0	0.0
0.0	1.0
-0.00247222650796175	1.0
0.0	0.0
0.0	1.0
0.0	0.0
-1.606296245881822e-05	0.0
-0.003053971566259861	0.0
-0.005834680516272783	0.0
0.0	1.0
0.0	1.0
-0.00017471252067480236	0.0
0.0	0.0
0.0	0.0
-0.0007312310626730323	1.0
0.0	1.0
0.0	1.0
-0.0027219816111028194	0.0
-7.09161686245352e-05	0.0
-0.00013801915338262916	1.0
-0.00151760783046484	0.0
-0.0009220661595463753	1.0
-1.15485498941581e-09	1.0
0.0	1.0
0.0	0.0
0.0	0.0
-0.0006784842698834836	0.0
0.0	0.0
0.0	1.0
0.0	1.0
0.0	1.0
-2.4593845182607765e-07	1.0
0.0	0.0
-1.9496777895255946e-05	0.0
0.0	1.0
-0.00015273893950507045	0.33400402414486924
-6.168023537611589e-05	1.0
0.0	0.33400402414486924
-0.06913229823112488	0.0
0.0	0.33400402414486924
-4.984273255104199e-05	0.0029940119760479044
0.0	0.0
-4.508141500991769e-06	1.0
0.0	0.002
-0.000618218444287777	0.0020920502092050207
0.0	0.04408817635270541
0.0	0.0
0.0	0.0020920502092050207
0.0	0.04408817635270541
-1.2593687377659979e-11	0.0
0.0	0.0
-4.467180133360671e-06	1.0
0.0	0.0
0.0	1.0
0.0	1.0
-0.00011261281179031357	1.0
0.0	1.0
0.0	1.0
0.0	0.0
0.0	1.0
0.0	1.0
0.0	0.0
0.0	0.0
0.0	0.001
-1.7677855623787764e-07	0.0
0.0	0.001
0.0	0.0
0.0	0.0
-0.003156790742650628	1.0
0.0	1.0
0.0	1.0
0.0	1.0
0.0	1.0
-0.0011649002553895116	1.0
0.0	0.0
0.0	1.0
-1.3700542695005424e-05	0.0
-9.232114734913921e-07	0.0
0.0	1.0
0.0	1.0
-0.0031438558362424374	0.0
-3.265650957473554e-05	1.0
-0.0005204632761888206	1.0
0.0	1.0
-0.00012486982450354844	0.0
0.0	0.0
-3.522256520227529e-06	0.0
0.0	0.0
0.0	1.0
-0.0005827655550092459	1.0
0.0	0.0
0.0	0.0
-0.001082508242689073	1.0
-0.00031091697746887803	0.0
0.0	0.0
0.0	0.0
0.0	1.0
-0.007042550947517157	0.0
-6.941229003132321e-06	1.0
0.0	0.001
0.0	1.0
0.0	0.0
0.0	1.0
-2.9128043024684303e-05	1.0
0.0	1.0
0.0	1.0
-0.0026827631518244743	0.060362173038229376
-0.003797727171331644	0.007446808510638298
0.0	0.06042296072507553
0.0	0.06006006006006006
-2.706429036436475e-08	0.0
0.0	0.0
0.0	1.0
0.0	0.0
-0.000852127093821764	0.0
0.0	1.0
0.0	0.0
-7.6577729487326e-05	0.027
-0.009363479912281036	0.027
0.0	1.0
-0.00028533925069496036	1.0
0.0	1.0
0.0	1.0
-0.0010489122942090034	0.027
0.0	1.0
0.0	0.004424778761061947
-0.01257569994777441	0.04104104104104104
-1.977543070097454e-05	1.0
0.0	1.0
0.0	0.0
0.0	1.0
0.0	0.0
-0.002515407744795084	0.0010427528675703858
0.0	1.0
-0.00026540691033005714	0.0
-9.299592989009398e-07	0.0
0.0	0.063
-0.0013001224724575877	0.001
0.0	0.0
0.0	1.0
-2.4582625712810113e-08	0.047
0.0	1.0
0.0	1.0
0.0	1.0
0.0	1.0
0.0	1.0
-0.002134800422936678	0.0
-4.520261498441869e-08	0.0
0.0	0.0
0.0	1.0
0.0	1.0
-2.0851646695518866e-05	1.0
0.0	1.0
0.0	1.0
0.0	0.0
0.0	0.0
-1.8330553075429634e-06	0.0
0.0	0.0
0.0	0.0
0.0	0.0
0.0	0.0
0.0	0.0
0.0	0.022244691607684528
0.0	1.0
0.0	0.0
-1.9971387246187078e-06	0.022
-0.012022088281810284	0.0
-0.00023071188479661942	0.0
-1.2533615745269344e-07	0.0
-5.8481454345837847e-08	0.0
-0.0021942711900919676	0.0
-0.00011687437654472888	0.0
-0.0008774034795351326	1.0
0.0	1.0
0.0	0.0
0.0	0.226
0.0	0.0
-1.3460228842632205e-07	0.0
-9.176133630717231e-08	0.0
-3.886812464770628e-06	1.0
-1.3572144780482631e-05	1.0
0.0	0.0
0.0	0.0
-3.439393799468558e-15	0.0
0.0	1.0
0.0	1.0
0.0	1.0
0.0	1.0
0.0	0.0
0.0	0.0
0.0	0.0
0.0	1.0
-0.00029338340391404927	1.0
-6.550317630171776e-05	1.0
0.0	0.0
0.0	1.0
0.0	1.0
-1.3590244634542614e-05	1.0
0.0	1.0
0.0	1.0
-1.8131816048594374e-09	0.0
0.0	1.0
-0.017540786415338516	0.0
0.0	0.0
0.0	1.0
-9.408565802004887e-07	1.0
0.0	0.0
-0.000595012039411813	0.0
0.0	1.0
0.0	0.0
-0.00019742008589673787	0.0
0.0	0.0
-2.7407113023514285e-08	0.0
-2.3433278784068534e-07	1.0
0.0	0.0
0.0	0.0
0.0	0.0
0.0	0.0
-0.0012830868363380432	0.0
-4.861379420617595e-05	0.0
0.0	1.0
-0.002778945490717888	0.0
0.0	1.0
-2.7676401259668637e-06	0.0
0.0	1.0
0.0	1.0
0.0	1.0
0.0	1.0
0.0	1.0
0.0	0.003
0.0	1.0
-0.00046338982065208256	1.0
0.0	0.0
0.0	0.0
-0.005011796019971371	0.0
0.0	0.0
0.0	0.0
0.0	0.0
0.0	0.0
0.0	0.10887096774193548
0.0	0.008
0.0	0.0
0.0	0.0
0.0	0.13559322033898305
-2.3328142560785636e-05	0.0
0.0	0.22782258064516128
-0.0011439055670052767	0.22782258064516128
-0.009689773432910442	0.07547169811320754
-0.0001016923924908042	0.0
0.0	0.0
-5.036662198421027e-09	0.0
0.0	0.0
-1.599628936255204e-11	0.0
-0.00035850401036441326	0.0
-2.9720752081630053e-07	0.0
0.0	0.0
-7.380420470326499e-07	0.025
-0.0002940493868663907	0.0
0.0	0.0
-0.0010358203435316682	0.0
-3.1907077868709166e-08	0.0
