0.0	0.0
-1.3408913979162662e-08	1.0
0.0	0.034
-1.358188796984905e-06	0.034
0.0	0.0
-0.0005894971545785666	1.0
0.0	0.1561771561771562
-0.0001504294777987525	0.0
0.0	0.0
0.0	0.0
-2.2431483753804216e-11	0.0
-0.0009072020184248686	0.0
0.0	0.0
-0.0019726904574781656	0.0
0.0	0.0
-0.000112354893644806	0.0
0.0	0.0
0.0	0.0
-5.3900937928119674e-05	0.0
0.0	0.0
0.0	0.0
-7.995388351389465e-09	0.0
-0.00015990756219252944	0.0
0.0	1.0
0.0	1.0
0.0	0.0
0.0	0.0
-4.879580046690535e-06	0.028
0.0	0.0
-2.8414215424987788e-09	0.027
-0.005483995191752911	0.0
0.0	0.0
-0.0013694919180124998	0.027
0.0	0.0
-3.781971997796063e-07	1.0
-0.0006788870086893439	0.0
0.0	0.0
0.0	1.0
0.0	0.36077235772357724
0.0	1.0
0.0	0.0
-3.2325999200111255e-05	0.016
0.0	0.016
0.0	1.0
0.0	0.0
0.0	0.016
0.0	0.0
0.0	0.016
0.0	0.016
-0.002323493594303727	0.0
0.0	0.0
0.0	1.0
0.0	0.0
-0.00012046191841363907	1.0
-1.144812699749309e-06	0.0
0.0	0.0
0.0	0.0
-0.0077545796521008015	0.0
0.0	1.0
0.0	0.0
0.0	0.0
0.0	1.0
-0.0002397047501290217	0.0
0.0	0.0
-1.2164384777246795e-10	1.0
-0.04912193864583969	0.0
-0.0002875180507544428	0.0
-0.002142854267731309	1.0
0.0	0.061
-0.0019420183962211013	0.0
0.0	0.061
0.0	0.0
-1.683691152720712e-05	0.0
0.0	0.0
0.0	0.0
0.0	0.0
0.0	0.0
0.0	1.0
0.0	1.0
0.0	0.0
-0.0004900351050309837	0.0
0.0	0.0
0.0	0.0
0.0	0.001
0.0	0.0
0.0	0.0
0.0	0.0
0.0	0.001
0.0	0.0
-8.152967190255822e-09	1.0
0.0	0.001
-0.00013900463818572462	0.0
0.0	0.0
0.0	0.0
0.0	1.0
-4.6495106431621025e-08	0.0
0.0	0.0
-6.283613038249314e-05	0.0
-0.006330894771963358	0.0
-0.004460872616618872	0.0
-0.0008154978859238327	1.0
-0.00028863921761512756	1.0
0.0	0.429
-1.0663751481843065e-06	0.0
-0.06865497678518295	0.0
-0.00015868080663494766	1.0
-0.03088052198290825	0.0
-1.53118326124968e-05	0.0
-0.00016177608631551266	0.0
0.0	0.0
0.0	1.0
0.0	0.0
0.0	0.429
0.0	0.0
0.0	0.0
0.0	0.0
0.0	0.0
-0.0004672655195463449	0.0
0.0	0.0
-0.00039060600101947784	0.0
-0.0040344656445086	0.0
0.0	0.139
-8.088277922979614e-07	0.0
-6.20688806520775e-05	0.0
0.0	0.139
0.0	0.0
-0.0011961247073486447	0.0
-0.0016775047406554222	0.0
0.0	0.0
0.0	0.0
-0.001189680420793593	1.0
-2.1192370525113802e-07	1.0
0.0	1.0
-8.097688260022551e-05	1.0
0.0	1.0
0.0	0.0
0.0	0.0
-1.7881831809063442e-05	0.0
0.0	0.0
0.0	0.0
0.0	0.854
0.0	0.0
0.0	1.0
-7.059826202748809e-06	0.034
-0.005450503434985876	0.0
0.0	0.001
0.0	1.0
-7.88534348927783e-10	1.0
0.0	0.0
-8.13416534128919e-07	0.03625377643504532
0.0	1.0
-0.0026790816336870193	0.036036036036036036
0.0	0.001037344398340249
-0.0003369078622199595	0.0
-0.0007728697382844985	1.0
-0.005048869643360376	0.0
0.0	1.0
-0.0026942649856209755	1.0
0.0	1.0
0.0	0.0
0.0	1.0
-0.010858057998120785	0.0
-0.00013243078137747943	1.0
0.0	0.0
0.0	1.0
0.0	0.0
-0.0008708761888556182	0.0
-1.5197263564914465e-05	0.0
-6.886606570333242e-05	0.0
-0.03796227648854256	0.0
-6.349115455606125e-09	0.0
0.0	1.0
0.0	0.0
-0.005544244311749935	0.0
-3.313160050311126e-06	0.0
0.0	0.0
0.0	0.0
0.0	1.0
-0.000142971781315282	0.0
-0.003392453771084547	0.0
0.0	0.0
-0.0011272705160081387	0.0
-0.011220060288906097	0.0
-0.00039884939906187356	1.0
-7.31645513951662e-06	0.0
0.0	0.0
0.0	1.0
-1.1521092346811201e-06	1.0
-0.02342281863093376	0.0
-7.61100382078439e-05	1.0
-8.663788548801676e-07	0.0
-0.0002596577687654644	0.0
-3.613633907662006e-07	0.0
0.0	0.0
-4.2940378364164644e-08	1.0
-0.0005643684999085963	1.0
0.0	1.0
-2.218269123943628e-08	0.49825783972125437
0.0	0.009
0.0	0.009
0.0	1.0
-0.00046732500777579844	0.0
-0.00039994693361222744	1.0
0.0	0.0
-8.412964234594256e-05	1.0
0.0	1.0
0.0	1.0
0.0	1.0
0.0	1.0
0.0	0.0
0.0	0.0
0.0	0.0
0.0	0.012036108324974924
-0.0018775451462715864	0.003036437246963563
0.0	1.0
0.0	0.0
0.0	0.0
0.0	1.0
-0.0007007145322859287	0.0
-9.821468847803771e-05	0.0
0.0	1.0
0.0	1.0
-1.3973549357615411e-05	1.0
0.0	1.0
0.0	0.0
-0.0005696756998077035	0.0
0.0	1.0
0.0	0.0
0.0	1.0
0.0	1.0
0.0	1.0
0.0	1.0
0.0	0.0
0.0	1.0
-0.00010163796105189249	1.0
0.0	1.0
0.0	0.0
0.0	0.0
-0.0005632208776660264	0.0
0.0	0.0
0.0	1.0
0.0	0.001
-0.0025815425906330347	0.001
-9.098486771108583e-05	0.001
0.0	1.0
0.0	0.001
-0.002526056719943881	0.0
0.0	0.0
0.0	0.0
0.0	0.0
-0.0002170708030462265	1.0
0.0	1.0
-0.0015763853443786502	0.0
-1.2492447076795088e-08	1.0
0.0	0.0
0.0	0.0
0.0	0.0
0.0	1.0
-0.005679027177393436	0.0
-2.828028482326772e-05	0.0
0.0	0.0
0.0	1.0
0.0	1.0
0.0	0.028197381671701913
0.0	0.0
0.0	0.02905811623246493
-2.1805314887046734e-08	0.001002004008016032
0.0	0.001002004008016032
0.0	0.002002002002002002
-1.0738305036284146e-06	1.0
-0.0056465063244104385	0.0
0.0	0.0
-0.0005013433401472867	1.0
-1.576495151311974e-06	1.0
0.0	0.002
-0.00013317515549715608	0.002
-0.03611702471971512	0.0
-0.008604636415839195	0.0
0.0	1.0
0.0	0.0
0.0	1.0
-0.04063573107123375	0.0
0.0	1.0
0.0	1.0
-0.00025776002439670265	0.0
-5.998056167300092e-06	1.0
-0.0005405327538028359	0.0
-0.00015620932390447706	1.0
-0.0038436094764620066	0.0
0.0	1.0
0.0	0.0
0.0	0.0
0.0	0.0
0.0	1.0
0.0	0.0
0.0	1.0
-0.021245593205094337	0.0
-1.6708362471362648e-09	1.0
0.0	0.0
0.0	0.0
0.0	0.085
-0.010022969916462898	0.0
0.0	0.0
-0.00019187218276783824	1.0
0.0	1.0
-0.0012446818873286247	0.0
-1.9172484826412983e-05	1.0
0.0	0.0
0.0	1.0
-0.0001387582451570779	0.00468384074941452
-0.003598882583901286	0.0
0.0	1.0
0.0	1.0
0.0	0.0
0.0	1.0
-2.999577418449917e-06	0.0
0.0	0.0
-1.0231521940795574e-07	1.0
-0.0013653486967086792	0.0
-0.00011845357221318409	0.06
0.0	0.06
-3.985398322470246e-08	1.0
-0.01840893179178238	0.0
0.0	1.0
0.0	1.0
0.0	0.0
-0.0002077976823784411	1.0
0.0	0.0
0.0	1.0
-0.0017337396275252104	1.0
-0.00014297454617917538	0.0
0.0	1.0
0.0	0.024
0.0	1.0
0.0	0.0
-0.0012806509621441364	1.0
0.0	1.0
0.0	1.0
-0.009973245672881603	0.0313588850174216
0.0	0.0
0.0	1.0
-0.00019753436208702624	0.0
0.0	0.0
0.0	1.0
0.0	0.0
0.0	0.0
0.0	0.12111801242236025
0.0	0.12111801242236025
0.0	0.03850509626274066
0.0	0.03850509626274066
0.0	0.12111801242236025
0.0	0.0
0.0	0.0
0.0	0.0
0.0	0.0
-2.350102295167744e-05	0.0
0.0	0.0
-0.014506283216178417	0.0
0.0	0.0
0.0	0.105
0.0	0.0
0.0	1.0
0.0	0.0
0.0	0.0
-0.00010729707719292492	0.105
0.0	0.0
0.0	0.0
0.0	0.0
-0.0018891397630795836	0.0
0.0	0.0
0.0	0.0
-0.012554929591715336	0.0
-2.325902137556568e-08	0.139
0.0	1.0
-0.001342975185252726	1.0
0.0	1.0
0.0	0.0
-9.855456895024872e-09	1.0
0.0	1.0
-0.0014185118488967419	1.0
0.0	1.0
-0.00043882723548449576	0.139
-6.0574304370675236e-05	0.0
0.0	0.0
0.0	1.0
0.0	0.0
0.0	0.0
-0.0019123486708849669	0.0
0.0	0.0
0.0	1.0
0.0	1.0
-5.403724046004754e-08	1.0
0.0	0.0
0.0	0.0
-0.004387723747640848	0.0
0.0	1.0
-6.995139045784526e-08	1.0
0.0	0.0
0.0	1.0
-0.06232396140694618	0.0
0.0	0.065
0.0	0.065
0.0	0.006
-1.1331533933400806e-08	0.006
0.0	1.0
0.0	0.002331002331002331
-0.001551770488731563	0.0
0.0	1.0
0.0	1.0
0.0	0.0
0.0	1.0
-1.046585566655267e-06	1.0
0.0	0.07
0.0	0.0
0.0	1.0
0.0	0.0
0.0	1.0
0.0	0.0
0.0	0.0
-0.0010380020830780268	0.0
0.0	0.0
-0.00031558703631162643	0.0
0.0	0.0
-0.0017097180243581533	0.002
0.0	0.002
0.0	0.072
-2.922586062048538e-10	1.0
0.0	0.0
-0.00033304872340522707	0.0
0.0	0.0
-7.301567165995948e-06	0.0
0.0	0.0
-1.331589016986299e-19	0.0
-3.283641969442641e-10	0.07
-0.0018461389699950814	0.0
-2.4942706659203395e-05	0.0
0.0	0.0
-9.64529020888727e-14	0.0
0.0	0.07
0.0	0.0
0.0	0.05075593952483801
0.0	0.074
0.0	0.0
0.0	1.0
-0.004406244959682226	0.0
0.0	1.0
0.0	1.0
-0.0003809106128755957	0.0
0.0	0.0
-1.0875308431579356e-09	0.0
0.0	0.0
-0.00041924044489860535	0.139
-0.0007299583521671593	0.0
0.0	0.0010351966873706005
-0.0005171263474039733	0.0
0.0	0.0
0.0	1.0
-0.0006860404391773045	0.0
0.0	1.0
0.0	1.0
-5.188977372783121e-11	0.0
-4.824204370379448e-05	0.048582995951417005
0.0	0.047
-2.7827660233015195e-05	0.0
0.0	0.0
0.0	0.0
-0.0012451570946723223	0.0
0.0	0.0
0.0	0.0
-2.629549022969968e-08	0.047
0.0	0.0
0.0	0.0
0.0	0.0
0.0	1.0
0.0	0.001
-0.00031451135873794556	1.0
0.0	1.0
0.0	0.0
-0.00016832054825499654	0.0
-9.456966459930882e-12	0.0
-2.935214070021175e-05	1.0
0.0	0.0
0.0	1.0
0.0	0.008281573498964804
0.0	1.0
0.0	1.0
0.0	0.0
-0.001366357202641666	1.0
-1.8762068521027686e-07	0.001040582726326743
0.0	0.193
-0.000614081509411335	0.0
0.0	1.0
-4.3054637632877757e-10	0.193
-0.0008065920555964112	0.0
0.0	0.0
-0.00029164072475396097	0.0
0.0	1.0
0.0	1.0
-0.0010250245686620474	0.0
-9.673915428720647e-07	1.0
0.0	0.0
-0.00044021234498359263	1.0
-0.013932907022535801	0.0
0.0	0.0
0.0	0.0
-5.7229022786486894e-05	1.0
0.0	1.0
0.0	0.0
0.0	1.0
0.0	0.0
0.0	1.0
-0.0018269926076754928	0.0
-0.0051386295817792416	1.0
0.0	0.0
-3.5298705824970966e-06	0.0
0.0	0.0
0.0	0.0
0.0	0.0
0.0	1.0
0.0	0.0
0.0	0.0
0.0	0.0
0.0	0.0
0.0	0.0
0.0	0.0
-0.00010816741996677592	0.067
0.0	0.0
0.0	1.0
-0.0001304777106270194	1.0
-1.4530688474678755e-07	0.0
0.0	1.0
0.0	1.0
0.0	0.0
0.0	1.0
0.0	1.0
-2.86068413402063e-09	1.0
0.0	1.0
-7.968800730395742e-09	0.0
0.0	0.02531645569620253
0.0	0.0
0.0	0.02531645569620253
-0.00028713158098980784	0.02531645569620253
0.0	0.0
0.0	0.0
0.0	0.0
0.0	0.0
0.0	1.0
-1.2727137800538912e-05	1.0
0.0	0.0
-6.58121716696769e-05	0.0
-0.0006179183255881071	0.001
0.0	0.001002004008016032
0.0	0.0
0.0	0.03203203203203203
-0.0005676396540366113	0.03203203203203203
0.0	0.03203203203203203
0.0	0.03203203203203203
0.0	0.001
0.0	0.0
0.0	0.0
-0.0018793994095176458	0.0
-0.0024270841386169195	0.0
0.0	0.0
-1.2934407017661798e-11	0.0
-4.6819255317132047e-07	0.0
0.0	0.0
0.0	0.0
-2.2785090550314635e-05	1.0
0.0	0.0
0.0	0.002
0.0	1.0
-2.6321373297832906e-05	0.0
-0.0008400282822549343	1.0
0.0	0.0
0.0	0.0
0.0	0.0
0.0	0.001
0.0	0.0
0.0	0.0
0.0	0.0
0.0	1.0
0.0	1.0
0.0	1.0
0.0	1.0
0.0	1.0
0.0	1.0
-4.483998509385856e-06	1.0
0.0	0.0
-1.2351548950295665e-10	0.0380952380952381
0.0	1.0
-0.0014412641758099198	1.0
0.0	1.0
0.0	1.0
0.0	1.0
-0.00447370670735836	0.007070707070707071
-0.005053529981523752	0.0
-0.0007511862786486745	1.0
-1.3296602446644101e-05	0.01006036217303823
0.0	0.010050251256281407
0.0	1.0
-0.0001680253044469282	1.0
-3.1298623071052134e-05	0.027
0.0	1.0
0.0	0.027
-0.0023856223560869694	0.0
-0.0003166510141454637	1.0
-0.0010665799491107464	0.006166495375128468
-1.731291519035949e-07	0.0
0.0	1.0
0.0	0.0
-0.0006525570643134415	0.0
0.0	0.0
-0.0008588928612880409	1.0
0.0	0.0
0.0	0.0
0.0	1.0
0.0	0.0
0.0	1.0
0.0	0.0
-6.450118235079572e-05	0.0
-0.000161729272804223	1.0
0.0	0.0
0.0	0.001
0.0	0.001
0.0	0.0
0.0	0.001
0.0	0.0
-0.0028829285874962807	0.0
0.0	0.0
0.0	0.001
-0.0013620259705930948	0.105
-0.000830533099360764	0.0
-0.013684120029211044	0.0
-3.9901628667848854e-08	0.0
0.0	1.0
-0.0026515526697039604	0.0
0.0	1.0
-3.1717947422293946e-05	0.0
-1.339238480113636e-07	1.0
0.0	1.0
0.0	0.0
-6.015214239596389e-06	0.0
0.0	1.0
-0.00016248662723228335	0.0
0.0	0.0
0.0	1.0
-1.4271618908878736e-07	1.0
-0.0007339048897847533	0.0
-0.00034086222876794636	0.0
-0.0023848703131079674	0.0
-0.0051351869478821754	0.0
0.0	0.0
-1.285452100319162e-07	0.0
0.0	0.0
0.0	0.0
-0.0007881422061473131	0.0
0.0	0.0
0.0	0.0
0.0	0.0
-3.983673013863154e-05	0.0
0.0	1.0
-0.00018982119217980653	0.035
0.0	0.035
0.0	0.0
0.0	0.0
0.0	1.0
-3.093370469287038e-05	1.0
0.0	1.0
0.0	1.0
0.0	1.0
0.0	1.0
0.0	0.0
-1.1050507964682765e-05	1.0
0.0	1.0
-0.00011464697308838367	1.0
-6.926353671588004e-05	0.0
-0.0005875536007806659	1.0
0.0	1.0
0.0	1.0
-8.599045031587593e-06	0.0
0.0	0.0
-0.0004078141355421394	1.0
0.0	1.0
0.0	0.0
-0.00015504594193771482	0.0
-4.106522828806192e-05	1.0
-1.2641175999306142e-05	0.0
-0.008566562086343765	0.0
0.0	0.105
-1.246436465152101e-08	0.0
0.0	0.105
-2.293572833877988e-06	0.0
0.0	0.105
0.0	0.0
0.0	0.105
0.0	0.0
0.0	1.0
-0.0077635482884943485	0.0
-6.397859464435385e-10	0.0
-0.0004856915620621294	0.0
0.0	1.0
0.0	1.0
-7.450806265296706e-07	1.0
-8.264977077487856e-05	1.0
0.0	0.0
0.0	0.0
-0.002463333308696747	0.0
-1.0555590961303096e-05	0.0
-0.07470422983169556	0.0
-3.0480348414130276e-06	0.0
-0.0023909409064799547	0.0
0.0	0.0
0.0	0.027
0.0	0.027
-2.493435204087291e-06	0.0
-3.467515125521459e-05	1.0
0.0	0.0
0.0	0.0
-0.005256837233901024	0.0
-1.3841668078384828e-05	1.0
-0.00037269722088240087	0.0
0.0	1.0
0.0	1.0
0.0	1.0
0.0	0.0
0.0	0.0
0.0	0.0
-0.0006050118245184422	0.011267605633802818
0.0	0.035
-0.031278617680072784	0.0
0.0	0.001
0.0	0.001
-1.8236609093946754e-06	1.0
-0.0014386891853064299	1.0
-9.046563445461262e-15	0.15415415415415415
0.0	0.154
0.0	1.0
0.0	0.0
0.0	1.0
-1.1118578946422986e-08	1.0
-0.0010669650509953499	0.0
-0.007844234816730022	0.0
0.0	1.0
0.0	0.0
0.0	1.0
0.0	0.0
-0.00022410116798710078	0.0
0.0	0.0
0.0	0.0
-3.956582173003653e-09	1.0
0.0	0.0
-0.004857007879763842	0.02
-0.0017947966698557138	0.0
-1.6346191955562972e-07	0.0
-0.00012838159454986453	0.0
0.0	0.0
0.0	0.0
-0.0016961920773610473	0.0
0.0	0.0
-0.0010780105367302895	0.009
-4.640479164663702e-05	0.0
-0.04484572261571884	0.0
-1.6663497603985888e-07	0.0
0.0	0.0
-2.347499275856535e-06	0.0
-0.000354535790393129	0.0
-0.0007199941901490092	0.0
0.0	0.0
-0.004268233198672533	0.0
-0.014423312619328499	0.0
0.0	0.0
-0.0043183439411222935	0.0
0.0	0.0
-5.902708653593436e-05	0.0
-6.516805228784506e-07	0.0
0.0	0.0
