-6.925201159901917e-05	0.0
0.0	1.0
-1.677977343206294e-05	1.0
0.0	1.0
0.0	1.0
0.0	0.0
0.0	1.0
-5.890377360628918e-05	1.0
0.0	0.0
-0.00021590571850538254	0.0
0.0	0.0
0.0	1.0
0.0	1.0
0.0	0.0
-0.002702061552554369	0.0
-0.0018565021455287933	0.0
0.0	1.0
-0.008379221893846989	0.0
0.0	0.0
0.0	1.0
0.0	1.0
0.0	1.0
0.0	0.0
0.0	0.0
0.0	0.0
0.0	0.0
0.0	0.001
-0.00039580711745657027	1.0
0.0	1.0
-0.0003695735358633101	1.0
0.0	1.0
-1.5068075299495831e-05	1.0
-0.00013379642041400075	0.0
-8.413364412263036e-06	0.05
-0.0019345255568623543	0.05
-0.0029336975421756506	0.05
-0.0007329813670367002	0.0
-0.0006804149597883224	0.0
-0.00016158903599716723	1.0
-0.006074976641684771	0.0
0.0	1.0
0.0	1.0
0.0	0.0
0.0	0.0
-2.3219724754053317e-11	0.0
-0.0006827156757935882	0.0
-0.0018249829299747944	0.0
0.0	0.0
0.0	1.0
0.0	0.0
0.0	0.0
-0.00117492803838104	1.0
0.0	1.0
-2.229095480288379e-05	1.0
0.0	0.0
0.0	1.0
-0.0012217392213642597	0.0
0.0	0.0
0.0	1.0
0.0	0.017
-0.0009054406546056271	0.0
0.0	0.0
0.0	1.0
0.0	0.544
-8.249315008868052e-09	0.544
0.0	0.07222787385554426
0.0	0.0
0.0	0.07222787385554426
-2.2783111489843577e-05	0.2886178861788618
-3.088455196120776e-05	0.0
-4.578050720738247e-06	0.0
-3.2081510425996385e-07	1.0
-0.0008344721863977611	0.0
0.0	1.0
0.0	1.0
0.0	0.048
0.0	1.0
0.0	1.0
0.0	0.0
0.0	0.477
-3.1280339385375555e-07	0.0
0.0	1.0
0.0	0.0
0.0	0.477
0.0	1.0
0.0	0.0
0.0	1.0
0.0	0.0
0.0	0.0
0.0	0.129
-0.0014914576895534992	0.0
0.0	0.0
0.0	0.006
0.0	0.0
0.0	0.0
-0.003648602869361639	0.010610079575596816
-9.804375977751079e-09	1.0
0.0	1.0
-0.0014863815158605576	1.0
0.0	1.0
-0.0013089070562273264	1.0
-0.0008359375060535967	1.0
0.0	0.0
0.0	1.0
-0.00481786672025919	0.0
-0.00046374014345929027	1.0
0.0	0.0
0.0	1.0
0.0	0.0
0.0	1.0
0.0	1.0
0.0	1.0
0.0	1.0
0.0	1.0
0.0	1.0
0.0	1.0
0.0	0.0
0.0	0.0
0.0	1.0
0.0	0.0
0.0	1.0
-0.001049697631970048	0.0
0.0	1.0
0.0	0.0
0.0	1.0
0.0	1.0
-1.1399278743162711e-10	1.0
0.0	0.0
0.0	0.0
0.0	1.0
-0.0003159265615977347	0.0
-5.060684760138656e-09	0.0
0.0	1.0
0.0	0.0
0.0	0.0
-4.458020619324543e-10	0.0
0.0	0.0
0.0	0.0
-0.005085504148155451	0.0
-0.00030537485145032406	0.0
-0.0035184952430427074	0.0
0.0	1.0
-0.002631667535752058	0.0
-0.0006194673478603363	0.0
0.0	1.0
0.0	0.0
-1.2761039442921174e-06	0.007
-9.840154234552756e-06	0.007
0.0	1.0
0.0	0.0
-4.177235543145058e-13	0.002
0.0	0.0
0.0	1.0
0.0	1.0
-0.00029198607080616057	1.0
-0.00032152418862096965	0.002
0.0	0.002
-0.003914525732398033	0.002
0.0	0.0
0.0	1.0
0.0	0.0
-0.0005666677607223392	1.0
0.0	0.0
0.0	0.0
-0.0020788346882909536	0.0
-3.0230587275942197e-19	0.0
-1.558712392579764e-05	0.0
-1.343378016827046e-06	0.0
-5.899318367141859e-08	0.024
-0.001239013858139515	0.0
0.0	1.0
-0.039065171033144	0.0
0.0	1.0
-0.00012559740571305156	1.0
0.0	1.0
-0.003778707003220916	1.0
-3.4214665447507286e-06	0.0
0.0	1.0
0.0	0.0
0.0	1.0
0.0	1.0
0.0	0.0
-3.5917459172196686e-05	0.0
0.0	1.0
-9.707693970995024e-05	0.0
0.0	0.0
-0.0016072909347712994	0.0
0.0	0.0
-1.218905822497618e-06	0.0
-1.221115599037148e-05	1.0
0.0	0.0
-2.3113974748412147e-05	1.0
0.0	1.0
-4.0595850236968545e-08	1.0
-0.019523771479725838	0.0
0.0	0.0
0.0	0.0
0.0	0.0
0.0	0.15943491422805248
0.0	0.010688836104513063
0.0	0.0
0.0	0.0
-0.0007393598789349198	0.0
0.0	0.0
-7.32670969227911e-06	1.0
-0.0005292852874845266	0.0
0.0	1.0
0.0	0.0
0.0	0.754
-0.010136187076568604	0.0
0.0	0.0
0.0	0.0
0.0	1.0
0.0	1.0
-0.008424528874456882	0.0
0.0	0.0
0.0	0.0
-0.0033054465893656015	0.0
0.0	1.0
0.0	0.754
-8.097607193070441e-14	0.022099447513812154
-2.9320459254966735e-11	0.0
-0.0010261860443279147	0.0
-7.043284131214023e-05	0.001088139281828074
0.0	0.0
0.0	1.0
-3.785423974278501e-09	1.0
-2.6686995724389817e-08	1.0
0.0	0.014
-4.357100260676816e-05	1.0
0.0	0.0
0.0	0.0
-0.0014039668021723628	1.0
0.0	1.0
-2.607452813663258e-07	0.0
-0.00024652769207023084	0.0
0.0	0.0
-6.601075028811465e-07	0.0
0.0	0.0
0.0	0.0
0.0	1.0
0.0	1.0
0.0	0.0
0.0	1.0
0.0	0.0
-0.00027425348525866866	1.0
0.0	1.0
0.0	0.0
0.0	1.0
-0.0002600759326014668	0.0
-1.33755222009313e-07	1.0
0.0	1.0
-0.002868165262043476	0.0
-4.149030985445279e-07	0.0
0.0	0.0
0.0	1.0
0.0	0.0
-8.960364117349684e-10	0.0
-0.00011986180470557883	0.0
0.0	0.0
-0.0048644524067640305	0.0
-0.00011698508023982868	0.0
-0.00827222689986229	0.0
-0.00017380467033945024	1.0
0.0	0.0
-0.004411409609019756	0.0
-0.0018750126473605633	0.0
-0.008458025753498077	0.0
0.0	0.0
-5.8661994444264565e-06	0.0
-1.470587873697582e-09	0.0
-1.7930255125975236e-05	0.0
0.0	0.0
0.0	0.0
-0.022542044520378113	0.0
-1.0422902363416142e-07	0.0
0.0	0.0
0.0	0.003
-0.0003315554349683225	0.003
0.0	0.003
-3.3927626645890996e-05	0.0
0.0	1.0
0.0	1.0
0.0	1.0
0.0	0.0
0.0	1.0
0.0	0.0
-0.0002137121045961976	1.0
0.0	0.0
0.0	0.0
-2.1076305074529955e-06	0.0
-6.974707389417745e-08	0.0
-8.095575140032452e-06	0.0
0.0	0.0
-0.0006653642049059272	0.0
0.0	1.0
-9.97339520836249e-06	0.004166666666666667
0.0	0.0
0.0	0.0
-0.0016386481001973152	0.040160642570281124
0.0	0.0
0.0	0.0
0.0	1.0
0.0	0.0
0.0	1.0
-3.117430619203887e-11	0.0
0.0	0.0
-8.383401109313127e-06	0.0
0.0	0.001
0.0	0.0
0.0	0.0
0.0	0.0
-0.00018619051843415946	0.0
0.0	0.0
-0.0009655989706516266	0.0
-0.00034222565591335297	0.0
0.0	0.0
-8.916269871406257e-05	0.0
-9.099737781070871e-07	0.0
-0.0016426113434135914	0.0
0.0	1.0
0.0	0.0
-5.819148540808783e-08	0.0
0.0	0.006
0.0	1.0
0.0	0.0
-3.099337959611148e-07	1.0
-0.0003268762957304716	0.006
0.0	0.0
-0.00020065241551492363	1.0
-1.5577889200812933e-08	0.0
0.0	0.0
-2.5621429813327268e-05	0.0
-0.0005839213845320046	0.0
-2.1777829317670694e-08	1.0
0.0	1.0
-0.0057318857870996	0.0
0.0	0.0
-3.3624161005718634e-05	0.0
-0.0008126227767206728	0.0
0.0	0.0
0.0	0.0
0.0	0.0
0.0	1.0
-1.8326676581637003e-05	0.0
-0.002974088303744793	0.0
0.0	0.0
0.0	0.0
0.0	1.0
0.0	0.023
0.0	0.0
0.0	0.0
-0.0011453320039436221	0.0
-0.001683795009739697	1.0
-1.3635791447086376e-06	0.023
0.0	1.0
0.0	1.0
-0.0015447953483089805	1.0
0.0	1.0
-0.0011787775438278913	0.0
0.0	1.0
0.0	1.0
0.0	1.0
-0.0030232721474021673	0.0
0.0	0.0
-0.015805810689926147	0.0
0.0	1.0
0.0	0.0
0.0	0.7555110220440882
-0.00048717623576521873	1.0
0.0	1.0
-1.3677565220859833e-05	1.0
-1.5682685443607625e-06	1.0
-0.0016066193347796798	0.0
0.0	1.0
0.0	0.0
0.0	0.0
-0.0026490308810025454	0.0
0.0	0.0
-0.0006890709046274424	0.0
-2.620516852402943e-07	0.0
0.0	1.0
0.0	0.0
0.0	0.0
-0.0040610176511108875	0.0
0.0	0.0
-0.0003723215195350349	0.0
-0.00029103102860972285	0.0
-0.0014023298863321543	0.006
0.0	0.0
0.0	0.0
0.0	0.0
-8.543589501641691e-05	0.0
0.0	0.0
0.0	0.0
-0.0056593515910208225	0.0
0.0	0.0
0.0	0.0
-0.005982963368296623	0.0
-4.973001341568306e-05	0.0
0.0	0.0
-1.5902193695183087e-07	0.0
0.0	0.0
-0.00022612899192608893	0.0
-0.0002035612560575828	0.0
-1.3242829943749257e-08	0.0
-0.0001301872980548069	0.0
0.0	0.0
0.0	0.0
-4.8841895477380604e-05	1.0
0.0	0.0
-1.6953431130731708e-19	1.0
0.0	0.0
0.0	1.0
0.0	1.0
0.0	0.754
0.0	1.0
-0.0001589360472280532	0.0
0.0	0.754
-9.513934855931439e-06	1.0
0.0	0.0
0.0	1.0
-7.819916390872095e-06	0.0
0.0	0.0
0.0	1.0
-1.5431191059178673e-05	1.0
0.0	0.0
-4.725444036068893e-09	1.0
0.0	0.0
-0.0023941562976688147	0.0
0.0	0.0
0.0	0.0
-2.6786256057675928e-06	0.246
0.0	0.0
0.0	0.0
0.0	1.0
-0.001020129770040512	0.0
0.0	0.0
0.0	0.0
-0.00023965840227901936	0.246
0.0	0.246
-4.2742769323922403e-07	0.246
-0.0029333746060729027	0.0
0.0	0.0
-7.273563529253124e-09	0.0
0.0	0.0
0.0	0.0
0.0	0.0
-2.5923898192559136e-06	0.0
-0.002459515817463398	1.0
0.0	0.0
-8.022331167012453e-05	0.0
0.0	0.246
0.0	1.0
0.0	1.0
0.0	0.0
-3.6670029658125713e-05	1.0
-0.0003908699727617204	0.0
0.0	0.008
0.0	1.0
0.0	1.0
-0.00029433323652483523	1.0
0.0	0.0
-1.1376248210126505e-07	1.0
0.0	0.0
0.0	1.0
-1.3466892312408163e-07	0.754
0.0	1.0
-0.00032706340425647795	1.0
0.0	1.0
0.0	1.0
-1.6519366909051314e-05	0.0
-7.71994746173732e-06	0.0
0.0	1.0
0.0	1.0
-1.1866958402606542e-06	1.0
0.0	0.0
-0.011405865661799908	0.0
0.0	0.007
-0.019296009093523026	0.0
0.0	0.009283819628647215
-6.2005522244446e-12	0.24773413897280966
0.0	1.0
-0.0003711326571647078	0.24798387096774194
0.0	0.010610079575596816
0.0	0.010610079575596816
0.0	0.010610079575596816
-0.007292398251593113	0.0
0.0	0.0010964912280701754
0.0	0.001
-4.250519396009622e-06	0.001838235294117647
-0.0007545363623648882	0.0
0.0	0.001
0.0	1.0
0.0	0.0
0.0	1.0
0.0	0.0
0.0	0.0
0.0	0.0
0.0	0.0
0.0	1.0
0.0	1.0
0.0	1.0
0.0	1.0
0.0	1.0
0.0	0.0
0.0	0.0
0.0	0.0
-2.7677604521159083e-05	0.0
0.0	0.0
0.0	0.0
-0.004797849338501692	0.0
-4.052155233580379e-08	0.0
-1.4160326827550307e-05	1.0
0.0	0.0
0.0	0.0
-0.0026986896991729736	0.0
0.0	0.0
0.0	0.0
-0.0013048070250079036	0.0
-1.3361486139729095e-07	0.0
-2.4982803097373107e-06	0.0
-5.062420882495644e-08	0.0
0.0	0.010482180293501049
0.0	0.0
0.0	0.049
0.0	0.049
-0.00043518535676412284	0.049
0.0	0.0649867374005305
0.0	1.0
0.0	0.0
-0.00025679118698462844	0.0
0.0	0.0
0.0	0.0
0.0	0.0
0.0	0.754
0.0	0.754
0.0	0.021021021021021023
0.0	1.0
0.0	0.021021021021021023
0.0	0.0010030090270812437
0.0	0.249
-8.542298424174533e-09	0.003
0.0	1.0
0.0	1.0
-0.00032665926846675575	1.0
-0.0018324163975194097	0.0
0.0	0.0
0.0	0.0
-9.211766155203804e-06	0.0
0.0	0.0
0.0	0.0
-0.0012208231491968036	1.0
0.0	1.0
0.0	0.0
0.0	0.0
0.0	1.0
0.0	0.01606425702811245
0.0	0.0
0.0	0.0
-0.00035479117650538683	0.0
-5.439009253765492e-16	0.0
-7.365610508713871e-05	0.0
0.0	0.007
0.0	0.0
-0.005482446402311325	0.0
0.0	0.0
-2.421645876893308e-05	0.0
-0.0015552479308098555	0.016
-1.532261428849324e-08	0.0
-0.0008751974091865122	0.016
0.0	1.0
0.0	1.0
-0.0014653400285169482	0.0
0.0	1.0
0.0	1.0
-8.679422535351478e-06	1.0
0.0	0.0
-9.684397809905931e-05	1.0
0.0	0.0
0.0	1.0
-0.0022429621312767267	0.002
0.0	0.0
-0.0014812775189056993	0.0
-0.001957524800673127	0.048
-1.980947956781165e-07	1.0
-8.942518616095185e-05	0.048
0.0	0.0
0.0	0.048
0.0	0.0
0.0	0.0486322188449848
0.0	0.01365546218487395
0.0	0.0486322188449848
-4.924277874351901e-09	0.08090185676392574
-4.0909699237090535e-06	0.0486322188449848
0.0	0.01365546218487395
0.0	0.0
0.0	0.048
0.0	0.0
-0.0010707271285355091	0.0
-1.4232055946195032e-05	0.0
0.0	1.0
0.0	0.048
-0.005411282181739807	0.0
0.0	1.0
0.0	0.0
-2.0163824956398457e-05	0.002
0.0	0.0
0.0	0.0
0.0	1.0
0.0	0.0030181086519114686
0.0	0.006006006006006006
-4.2811507228179835e-06	0.0
-4.909844574285671e-05	0.001
-4.7212637582561e-05	0.001
0.0	0.0
0.0	0.0
-0.0015802030684426427	0.001
0.0	0.001
0.0	1.0
0.0	0.001
0.0	0.001
0.0	0.0010319917440660474
0.0	0.031031031031031032
0.0	1.0
-3.2623174774926156e-05	0.031031031031031032
0.0	0.031031031031031032
0.0	0.001
0.0	0.0
0.0	0.0
0.0	1.0
-3.077699943787593e-07	0.0
0.0	1.0
-1.0850873195522581e-06	1.0
0.0	0.0
0.0	1.0
-0.000197927700355649	0.0
-0.00028827256755903363	1.0
0.0	1.0
-6.449745796999196e-06	0.0
0.0	1.0
0.0	0.0
-3.6100648230785737e-06	1.0
-8.202858481354269e-08	1.0
-8.139752026181668e-05	1.0
0.0	1.0
0.0	1.0
0.0	1.0
0.0	0.0
0.0	0.0
-0.0026173742953687906	0.0
0.0	0.0
-5.203328328207135e-06	1.0
0.0	0.0
0.0	1.0
0.0	1.0
-0.006938708480447531	0.0
0.0	0.0
-4.0114256989909336e-05	0.0
0.0	0.081
0.0	1.0
0.0	0.0
0.0	0.754
-0.0004369918315205723	0.0
0.0	1.0
0.0	0.0
0.0	0.0
0.0	0.0
0.0	0.754
0.0	0.754
0.0	0.0
-8.821502888167743e-07	0.754
-1.4042824432181078e-06	0.0
0.0	0.0
0.0	0.0
-9.542908810544759e-05	0.0
0.0	0.05
0.0	0.0
0.0	0.0
-0.0005375859909690917	0.0
0.0	0.0
-1.0115940085597686e-08	1.0
0.0	0.05052631578947368
-1.0723826562752947e-05	0.052521008403361345
-4.1750425339159847e-07	0.05052631578947368
0.0	0.0
0.0	0.05063291139240506
0.0	0.05052631578947368
-0.0008001828682608902	0.0
0.0	0.0
-0.0024158749729394913	0.0
0.0	1.0
-0.00337564991787076	0.0
0.0	0.01
0.0	1.0
0.0	1.0
0.0	0.0
0.0	1.0
-0.003452989039942622	0.0
0.0	1.0
-6.405578005796997e-06	1.0
0.0	0.0
0.0	1.0
0.0	0.0
-0.00012692061136476696	0.0
0.0	0.0
0.0	0.084
0.0	1.0
-0.00040634092874825	1.0
-5.8270295994589105e-05	0.0
-0.0002533667138777673	0.0
0.0	0.002
