-8.364775567315519e-06	1.0
0.0	0.0
-2.5172448658850044e-05	0.0
0.0	1.0
0.0	0.0
-0.0012659267522394657	1.0
0.0	0.0
0.0	0.0
-2.808547705512865e-08	1.0
-0.004626522772014141	0.0
0.0	0.0
0.0	0.0
0.0	0.0
0.0	0.0
0.0	0.0
-0.0005060223629698157	1.0
0.0	1.0
-1.8436359141560388e-06	0.0
-0.015999458730220795	0.0
-3.30413229221449e-07	0.0
-0.02225676365196705	0.0
0.0	0.0
0.0	1.0
-3.4826389310183004e-05	0.0
-1.0343097045506511e-07	1.0
0.0	0.047021943573667714
0.0	0.0
-2.5045826987479813e-05	0.016016016016016016
-3.873160903111739e-09	1.0
-7.20736261428101e-06	0.0
-0.03981665149331093	0.0
0.0	1.0
-0.00022697173699270934	1.0
-0.00039934972301125526	1.0
0.0	1.0
-3.9313514249572634e-11	0.0
0.0	1.0
0.0	0.0
-2.6667711949812656e-07	0.0
0.0	0.0
-4.570373221213231e-06	0.088
-4.0213618035522813e-07	0.0
-2.6914401263233856e-10	1.0
-5.9770827647298574e-06	1.0
0.0	0.102
0.0	1.0
-0.0014874052722007036	1.0
0.0	0.102
0.0	0.0
0.0	0.0
0.0	1.0
0.0	1.0
-3.150591510348022e-05	0.0
0.0	1.0
0.0	1.0
-0.00016785762272775173	0.0
-0.002392829628661275	0.0
-1.5359903500211658e-06	1.0
-2.3857608539401554e-05	0.08397790055248619
0.0	1.0
-7.533253132407935e-09	0.0
0.0	1.0
0.0	1.0
-0.00012889546633232385	0.007641921397379912
-8.2017741931395e-08	0.0
-1.6167993610594067e-09	0.0
-0.0006371928611770272	0.084
-0.012129177339375019	0.0
-1.6703053915989585e-05	0.0
0.0	0.0
-0.0001477044279454276	1.0
0.0	1.0
0.0	0.0
-1.3317928278411273e-05	1.0
-0.0022125784307718277	0.13
-1.4045614079805091e-05	1.0
-1.2645396054722369e-06	1.0
-1.509204139438225e-06	0.0
-1.4519520163958077e-06	1.0
0.0	0.0
-3.9528437412172934e-08	1.0
-3.1647591214323256e-08	1.0
-0.00033998393337242305	0.0
0.0	0.0
0.0	0.0
0.0	0.0
0.0	0.0
0.0	0.0
0.0	1.0
0.0	0.0
-0.003907163627445698	0.0
0.0	0.0
0.0	0.0
0.0	0.0
0.0	0.0
0.0	1.0
-0.009655255824327469	0.0
0.0	0.0
0.0	1.0
0.0	1.0
0.0	0.088
-0.0003450064978096634	0.0
0.0	0.088
0.0	0.0
0.0	1.0
0.0	0.0
0.0	1.0
0.0	0.0
-0.009867825545370579	0.0
0.0	0.0
0.0	0.0
0.0	1.0
-2.935968090866936e-08	1.0
-0.0028681503608822823	0.0
-9.406823409108256e-08	0.0
-5.433144423250269e-08	1.0
0.0	0.16573556797020483
0.0	1.0
0.0	0.0
-3.983147507824469e-06	1.0
0.0	0.089
0.0	0.0
0.0	1.0
0.0	0.0
0.0	0.109
0.0	0.0
0.0	0.0
0.0	0.0
0.0	1.0
-2.7990197395411087e-06	1.0
0.0	1.0
0.0	1.0
0.0	0.0
0.0	0.0
0.0	0.0
0.0	0.0
-0.033778443932533264	0.0
-1.0543939197305008e-06	1.0
0.0	0.0
0.0	0.0
0.0	0.0
0.0	0.0
0.0	0.0
-0.00011751295096473768	0.0
0.0	0.0
-3.381876740604639e-05	1.0
0.0	1.0
-0.0058932532556355	0.0
-4.19558752184912e-08	1.0
0.0	0.116
0.0	1.0
0.0	0.0
0.0	0.116
-0.0003893227258231491	0.0
-3.7319332477636635e-06	0.095
0.0	0.0
-2.669898321983055e-06	0.0
0.0	0.0
0.0	0.095
-2.422180841676891e-06	0.0
0.0	1.0
0.0	0.0
-0.006037274841219187	0.0
0.0	1.0
-0.005186505150049925	0.0
-0.012985089793801308	0.0
-0.00010977143392665312	1.0
-5.549126854020869e-06	0.0
-2.5267927412642166e-06	1.0
0.0	0.0
-0.002321314299479127	0.0
0.0	0.095
-0.015748322010040283	0.0
-4.975102001480991e-06	0.09723756906077348
0.0	0.0
0.0	1.0
-0.0010732498485594988	0.10416666666666667
-0.00010048831609310582	1.0
-0.0005449714954011142	0.0
0.0	0.0074487895716946
0.0	0.0
0.0	0.0
0.0	0.0
0.0	0.001
-0.002645426196977496	0.001034126163391934
0.0	0.0
-4.2921987187583e-05	0.0
0.0	0.0
0.0	0.0
0.0	0.0
-1.3207497431722004e-05	0.0
0.0	0.0
-0.004183008801192045	0.0
0.0	0.008
-2.0598580618980122e-08	0.008
0.0	0.0
0.0	0.0
0.0	0.008
-0.001004714285954833	0.0
0.0	1.0
0.0	0.0
0.0	0.0
-2.3675964655467396e-07	0.0
0.0	0.008
0.0	0.0
-0.00020445861446205527	0.0
-1.8345059515922912e-06	0.0
0.0	0.0
-0.00018085530609823763	0.0
-0.0011304807849228382	0.0
0.0	0.0
0.0	1.0
0.0	0.0
0.0	0.018
0.0	0.0
0.0	0.0
0.0	0.0
-0.00048372556921094656	1.0
0.0	1.0
0.0	1.0
0.0	0.0
0.0	0.18
0.0	0.0
0.0	0.0
0.0	1.0
-1.4310823872977561e-15	1.0
-3.1479164590564324e-06	0.0
-9.425200914847665e-06	1.0
0.0	0.0
0.0	0.0
0.0	0.0
-2.0894972294627223e-06	1.0
0.0	1.0
0.0	1.0
0.0	0.0
-6.102894076320808e-06	1.0
0.0	1.0
-0.0027755326591432095	0.012
-3.3465216802142095e-06	0.0
-0.026854857802391052	0.0
-1.3018960354216347e-09	0.0
-1.407040733925058e-10	0.0
-0.00032548740273341537	0.0
0.0	0.0
0.0	0.0
-0.0031945775263011456	1.0
-7.29531501875158e-09	1.0
0.0	1.0
0.0	0.0
-0.005943365395069122	1.0
0.0	1.0
0.0	0.0
0.0	0.0
0.0	1.0
0.0	1.0
0.0	0.0
0.0	0.0
0.0	0.0
-0.0028071950655430555	0.0
0.0	0.001394700139470014
0.0	0.001394700139470014
0.0	0.2832832832832833
0.0	0.001394700139470014
0.0	0.001394700139470014
0.0	0.001394700139470014
0.0	0.0
-7.598669071740005e-08	0.001394700139470014
0.0	1.0
0.0	1.0
0.0	1.0
-0.006322470959275961	0.0
0.0	1.0
0.0	0.18
0.0	0.18
0.0	0.18
0.0	0.0
0.0	1.0
0.0	0.0
-1.392087654039642e-07	0.0
0.0	0.0
-0.0001919789210660383	1.0
0.0	0.0
-2.9909492695878725e-06	0.0
-5.505151534634933e-07	0.0
0.0	0.0
0.0	0.0
-2.589976475064759e-06	0.0
-0.017396533861756325	0.0
0.0	1.0
0.0	1.0
0.0	0.0
-1.3287140063766856e-06	0.0
0.0	1.0
-1.3981340529767294e-08	0.0
0.0	0.0
-0.00024395485525019467	0.0
-1.4060888009481687e-09	0.0
0.0	0.0
-0.005490594077855349	0.0
0.0	0.0
-0.0010887559037655592	1.0
-1.6374508504668484e-06	1.0
0.0	1.0
0.0	1.0
-1.8044121969165716e-13	0.0
0.0	0.0
-9.181974292005179e-07	1.0
-2.4447141186101362e-05	1.0
-0.0014226968633010983	1.0
0.0	1.0
-0.00041931148734875023	1.0
0.0	1.0
0.0	1.0
-4.176967922830954e-05	0.088
-2.327540382651705e-09	0.0
-0.0001953774772118777	1.0
-5.877121793673723e-07	1.0
-1.5066590094647836e-05	0.0
0.0	1.0
0.0	0.0
0.0	1.0
-0.0005448737065307796	0.0
0.0	1.0
-9.789965815798496e-08	0.019114688128772636
-5.755823076469824e-05	0.0061162079510703364
0.0	1.0
-8.199832336686086e-06	0.019
-0.00041117455111816525	0.0
0.0	0.0
0.0	1.0
-4.048201844852883e-06	1.0
0.0	0.0
-0.025746062397956848	0.0
-1.8021015080194047e-07	1.0
0.0	0.0
0.0	1.0
0.0	1.0
0.0	1.0
0.0	0.0
-0.0002077121171168983	1.0
0.0	1.0
0.0	1.0
0.0	0.0
-0.008029770106077194	0.0
-0.004147020634263754	0.0
0.0	0.0
-0.0007715708343312144	0.0
0.0	0.0
0.0	1.0
0.0	0.0
0.0	0.0
-3.019104951818008e-05	0.0
0.0	1.0
-0.0030223086941987276	0.0
0.0	0.0
0.0	0.0
0.0	1.0
-1.02668895607394e-08	0.0
-3.1109492152486817e-12	0.0
0.0	0.0
0.0	0.0
-0.0004426547675393522	0.0
0.0	0.0
-0.0014502119738608599	0.0
-8.431088645011187e-05	0.0
-0.015336140990257263	0.0
0.0	0.0
-0.003890261286869645	0.0
0.0	0.0
-0.0018299397779628634	0.0
0.0	0.005
0.0	0.00931098696461825
0.0	0.0
0.0	1.0
-3.3348387660225853e-06	1.0
0.0	0.0
0.0	0.0
0.0	0.0
0.0	0.0
-0.00031450740061700344	0.005
0.0	1.0
-3.717968294347784e-11	1.0
0.0	0.0
-4.630203875422012e-06	1.0
-2.7209946101836024e-11	0.0
-3.1602638728145394e-07	0.0
-0.00012540021270979196	1.0
0.0	1.0
0.0	1.0
0.0	1.0
0.0	1.0
0.0	0.0
0.0	0.0
-9.951416723197326e-05	0.0
0.0	1.0
0.0	0.0
-7.116754659364233e-06	0.0
0.0	0.0
0.0	1.0
0.0	0.0
0.0	0.0
-1.5360596080427058e-05	0.0
-1.2556974979816005e-06	1.0
0.0	0.0
-0.00027694032178260386	0.0
-0.000444561243057251	0.0
-0.0006678325007669628	0.0
0.0	0.0
-0.01757756806910038	0.0
-8.658777369419113e-05	0.0
-0.0006618670304305851	0.0
0.0	1.0
0.0	1.0
0.0	0.18
0.0	0.18
-0.00011528055620146915	0.0
0.0	0.18
-1.1323899595794273e-09	0.18
0.0	0.0
0.0	0.0
-8.990281799015065e-07	0.0
-6.850881618447602e-05	0.34512195121951217
0.0	0.2510460251046025
0.0	0.0
0.0	0.1875
0.0	0.1875
0.0	0.04878048780487805
0.0	0.1875
-5.209472853096031e-09	0.04
0.0	0.0
0.0	1.0
0.0	0.0
0.0	0.0
-0.023678239434957504	0.0
-9.375903755426407e-05	0.145
-8.352326403837651e-05	1.0
0.0	0.0
0.0	0.0
0.0	0.0
0.0	0.0
-0.00011405146506149322	1.0
0.0	1.0
-0.002064684173092246	1.0
0.0	1.0
-0.0045959376730024815	0.0
0.0	0.537
-2.2222544430405833e-05	0.011144883485309016
0.0	0.0
0.0	0.013
0.0	0.013
0.0	0.0
0.0	1.0
0.0	1.0
0.0	0.0
0.0	1.0
-0.00016400794265791774	0.0
0.0	0.319
0.0	1.0
0.0	0.0
0.0	0.0
0.0	0.0
0.0	0.0
0.0	1.0
0.0	1.0
-1.3257671405142446e-08	0.0
0.0	1.0
0.0	0.0
0.0	1.0
-4.834255378227681e-06	0.0
0.0	0.0
0.0	1.0
0.0	0.001
-0.0018274149624630809	1.0
0.0	0.0
-7.5163902693020646e-06	1.0
-0.0005805030814372003	1.0
-8.743384387344122e-05	1.0
-0.0009157252497971058	0.0
0.0	1.0
-7.827568424545461e-07	1.0
-0.004095424432307482	0.01310483870967742
0.0	0.0
-0.0003441568114794791	0.0
0.0	1.0
0.0	1.0
0.0	1.0
0.0	1.0
-0.004976666532456875	0.0
0.0	0.019
-0.001280099735595286	0.0
-0.00028652226319536567	0.0
0.0	1.0
0.0	0.0
0.0	0.0
0.0	1.0
-0.0009250192670151591	0.0
0.0	1.0
-0.0005853151087649167	0.0
0.0	0.0
-0.0015203154180198908	0.0
0.0	1.0
0.0	0.0
-1.830758655785303e-08	0.0
0.0	1.0
-8.714557043276727e-05	1.0
0.0	1.0
-0.0003173248842358589	1.0
-0.0003414473030716181	1.0
0.0	1.0
0.0	0.0
0.0	0.0
-0.003369212383404374	0.0
0.0	0.0
0.0	0.0
0.0	1.0
-1.8086173440678976e-05	0.0
0.0	0.0
0.0	0.0
0.0	1.0
-0.00043479111627675593	0.0
0.0	0.0
0.0	0.0
-9.563969172177167e-08	0.0
-0.00034821234294213355	0.0
-6.092733428886277e-07	0.0
-7.16944268788211e-05	1.0
0.0	0.0
0.0	1.0
0.0	1.0
0.0	0.0
0.0	0.015
-0.0007980887894518673	1.0
-0.00016185140702873468	0.0
0.0	0.0
0.0	0.0
-0.01738777570426464	0.0
0.0	1.0
0.0	0.0
-3.2660802844475256e-06	1.0
0.0	0.0
0.0	1.0
0.0	0.0
0.0	0.0
-1.0126359484274872e-06	1.0
-7.822334424645305e-08	0.0
0.0	0.0
-0.0006580937770195305	0.16387337057728119
-0.016335178166627884	0.0
-0.014994093216955662	0.0
0.0	0.0
0.0	1.0
0.0	0.0
-6.798387767048553e-05	0.0
-3.339059048812487e-06	1.0
0.0	0.0
0.0	0.0
-2.2295407742234374e-09	1.0
0.0	0.0
0.0	1.0
0.0	1.0
-4.3172385630896315e-06	1.0
-1.078565592393943e-08	1.0
0.0	1.0
0.0	1.0
-0.0009362950804643333	1.0
0.0	1.0
0.0	0.0
0.0	1.0
0.0	1.0
0.0	0.09509509509509509
0.0	0.09509509509509509
-0.00026635805261321366	0.0
-0.03287138044834137	0.0
-0.001278592273592949	0.0
0.0	0.0
0.0	0.0
0.0	1.0
0.0	0.0
-0.00015437680121976882	0.0
-0.007937603630125523	0.0
0.0	0.0
0.0	0.0
0.0	0.0
-2.548673450064598e-08	0.0
-9.405753189639654e-06	0.0
0.0	0.0
0.0	1.0
0.0	0.0
-0.0027762202080339193	1.0
0.0	0.0
0.0	1.0
-0.001336358138360083	0.0
-0.003412578022107482	0.0
-8.883821283234283e-05	0.0
-0.00408859271556139	1.0
-0.00032106658909469843	0.0
0.0	1.0
-0.0007763285539112985	1.0
0.0	0.0
-1.5131129657675046e-05	0.0
-0.0007102719391696155	1.0
0.0	0.0
0.0	0.0
-0.0005162428715266287	0.0
-0.00014915599604137242	0.0
0.0	0.0
-8.196864520471081e-09	0.0
0.0	1.0
-0.0011970443883910775	1.0
0.0	1.0
0.0	0.0
0.0	1.0
0.0	0.0
-0.020879771560430527	0.0
0.0	0.0
-0.00035170980845578015	0.0
0.0	0.0
0.0	0.0
-0.0017230925150215626	0.0
0.0	0.0
-0.00017130050400737673	0.0
0.0	0.0
-3.7425977552629774e-06	1.0
0.0	1.0
-0.0023973695933818817	0.0
0.0	1.0
0.0	1.0
0.0	0.0
-0.0006740350509062409	0.0
-0.0007611573091708124	0.0
-0.0007330017979256809	1.0
-7.626660953974351e-05	1.0
-4.9915751532125796e-08	1.0
0.0	0.0
0.0	0.0
0.0	0.0
0.0	0.0
0.0	1.0
0.0	0.0
-2.251714370515856e-08	0.0
0.0	0.0
0.0	1.0
0.0	0.0
0.0	0.0
0.0	0.0
0.0	0.0
0.0	0.0
0.0	1.0
-4.080339567735791e-05	0.0
-8.693106110513327e-07	0.0
0.0	0.0
-0.009008005261421204	0.0
0.0	0.0
-3.405780324428065e-09	0.0
-6.661627412540838e-05	0.0
0.0	1.0
0.0	0.0
0.0	0.0
0.0	1.0
-1.3053771397153469e-07	0.0
-0.001412177225574851	1.0
-1.4120639768577803e-08	0.35
-0.00011650507804006338	1.0
-0.00015914383402559906	0.0
0.0	0.03726082578046324
0.0	0.0
0.0	1.0
0.0	0.0
0.0	1.0
0.0	1.0
-7.429727702401578e-05	0.0
-0.0036642751656472683	0.0
-1.6527782236153143e-06	1.0
0.0	1.0
-0.0006580865592695773	1.0
-0.0033473013900220394	0.0
-1.1504999730682641e-10	0.0
-1.943832472761642e-08	0.0
0.0	1.0
0.0	0.004069175991861648
-0.0002454853383824229	1.0
0.0	0.0
0.0	0.0
0.0	0.0
-0.0003423993184696883	0.0
-0.0014089341275393963	0.0
-0.0072698164731264114	0.0
0.0	0.0
-2.9534829693034226e-08	1.0
0.0	1.0
0.0	0.002002002002002002
0.0	1.0
0.0	1.0
-3.265569509681293e-13	0.021
0.0	0.0
-0.003860974684357643	0.0
-0.00021844255388714373	0.0
-0.00030418147798627615	0.0
0.0	0.0
0.0	0.0
0.0	0.0
0.0	0.0
0.0	0.0
0.0	0.0
-0.000809538527391851	0.0
0.0	0.0
0.0	0.0
0.0	0.0
0.0	1.0
-0.010102594271302223	0.0
-1.930832738139543e-08	0.0
0.0	1.0
-4.5143293391447514e-05	1.0
0.0	1.0
-0.0004917139303870499	1.0
-0.0009403454605489969	1.0
-2.081859202007763e-05	1.0
0.0	0.18018018018018017
0.0	0.0
0.0	0.0
-5.741124553537702e-08	0.0
-0.0013276818208396435	0.0
0.0	0.0
0.0	0.0
-1.992870757305809e-09	1.0
-0.01089513674378395	0.0
0.0	0.0
-0.00015572522534057498	0.0
-2.5912467549460416e-07	1.0
0.0	0.0
0.0	1.0
0.0	1.0
0.0	1.0
0.0	1.0
0.0	0.0
0.0	0.0
0.0	0.002
-1.4479405763268005e-05	1.0
0.0	0.0
-1.0845424384953173e-11	0.0
-0.003988976590335369	1.0
0.0	1.0
0.0	1.0
0.0	0.537
-2.3250261449447862e-07	1.0
0.0	1.0
-1.7821561934527885e-11	0.0
-5.905192210775567e-06	0.0
-0.000586118723731488	0.0
0.0	0.0
0.0	0.0
0.0	1.0
0.0	1.0
-0.00021019496489316225	1.0
