0.0	0.0
0.0	0.0
-5.5440119467675686e-05	1.0
0.0	0.0
-0.00010508478590054438	0.0
0.0	0.0
0.0	0.0
-0.00027248027618043125	0.0
-4.062691004946828e-05	1.0
0.0	0.151
-0.00028645849670283496	0.151
0.0	0.0
-6.962550287425984e-07	0.0
-2.31187732424587e-05	1.0
0.0	1.0
0.0	0.0
0.0	0.0
0.0	0.849
0.0	0.849
0.0	0.849
0.0	0.0
0.0	1.0
-7.806723442627117e-05	1.0
-0.0005499576218426228	1.0
0.0	1.0
-2.2678962068312103e-06	0.0
0.0	1.0
0.0	0.0
0.0	1.0
-5.96804529777728e-05	0.0
-1.1545234457344122e-07	0.10194730813287514
0.0	0.0
0.0	1.0
-0.0002812144812196493	0.0
0.0	0.0
0.0	1.0
0.0	0.0
-7.155820380688738e-11	0.0
-6.289446901064366e-06	1.0
0.0	0.023
0.0	0.0
-0.0006980866310186684	0.0
-2.4482078515575267e-05	0.0
0.0	0.0
0.0	0.0
-0.02085740864276886	0.0
0.0	0.0
0.0	0.0
0.0	0.0
-9.443082831239735e-07	0.0
0.0	0.0
0.0	0.0
0.0	1.0
-3.874189076213952e-07	1.0
0.0	0.0
0.0	0.0
0.0	1.0
0.0	1.0
0.0	1.0
0.0	0.0
-7.808249938534573e-05	1.0
0.0	0.0
0.0	0.106
0.0	0.0
0.0	0.0
-0.0004647867172025144	0.257
0.0	0.3929663608562691
0.0	0.257
-5.793734089820646e-05	0.0
0.0	1.0
-3.211145516157643e-10	1.0
0.0	1.0
0.0	1.0
-4.283627674794843e-07	1.0
0.0	0.849
0.0	1.0
0.0	0.849
-3.414064764228897e-08	1.0
-1.2995267297810642e-06	1.0
-5.978044555376982e-06	0.0
0.0	1.0
0.0	1.0
0.0	1.0
0.0	0.0
0.0	1.0
0.0	1.0
-0.005995732266455889	1.0
0.0	1.0
-1.7016111087286845e-05	1.0
0.0	0.0
0.0	1.0
-0.0005515319644473493	1.0
0.0	1.0
0.0	0.0
0.0	0.346
-0.000138624498504214	1.0
-9.278443030780181e-06	0.006
0.0	1.0
0.0	0.006
-1.908619680079937e-07	1.0
-0.00028304432635195553	0.006
-0.0006348229944705963	0.006
0.0	1.0
0.0	1.0
0.0	1.0
0.0	1.0
0.0	0.0
0.0	0.0
-9.629180567571893e-05	0.0
-7.07293365849182e-05	1.0
-0.05155240371823311	0.0
-0.004520724061876535	0.0
0.0	0.001
0.0	1.0
0.0	1.0
0.0	0.001177856301531213
-4.316815648053307e-06	1.0
0.0	1.0
0.0	1.0
0.0	1.0
-0.0006708251312375069	0.151
0.0	1.0
0.0	0.0
0.0	0.0
0.0	0.0
0.0	1.0
-6.592181875930692e-07	1.0
-0.00016148049326147884	0.0
-0.00016493353177793324	0.0
-0.00037676296778954566	0.0
0.0	0.0
-1.4326778909889981e-05	0.0
0.0	0.0
-0.0017590716015547514	0.0
0.0	0.849
0.0	0.0
0.0	0.0
0.0	1.0
0.0	0.001177856301531213
0.0	1.0
0.0	0.001
0.0	0.152
0.0	0.0
-0.0009090384701266885	0.0
0.0	1.0
-3.9409064811479766e-07	1.0
-0.008769013918936253	0.0
0.0	1.0
0.0	1.0
0.0	1.0
0.0	1.0
-0.0006779739633202553	0.849
0.0	0.849
-0.000990204163827002	0.849
0.0	0.0
-0.0005472975899465382	0.0
0.0	0.0
-0.00025402530445717275	0.015
0.0	0.015
-0.004588972311466932	0.0
-0.006773143075406551	0.0
0.0	0.0
0.0	0.0
0.0	0.0
0.0	0.0
0.0	0.0
0.0	0.0
0.0	0.151
0.0	0.0
0.0	0.0
0.0	0.0
0.0	0.0
0.0	0.0
0.0	0.0
-0.002326088957488537	0.0
0.0	0.0
0.0	1.0
-2.965456405945588e-05	0.0
0.0	0.0
0.0	1.0
0.0	0.0
0.0	0.0
-1.1926637455417222e-09	1.0
0.0	0.0
0.0	1.0
0.0	1.0
-0.0059928265400230885	0.001
-3.4253846479259664e-06	0.0
0.0	0.0
0.0	1.0
-0.00017522013513371348	0.0
-0.001709145843051374	0.0
0.0	1.0
-0.0005127135082148015	0.0
-1.1519521336822436e-07	0.0
-2.2950371203478426e-06	0.0
0.0	0.106
0.0	0.0
0.0	0.0
-7.682738942094147e-05	1.0
0.0	0.0
0.0	0.0
0.0	1.0
0.0	0.0
-9.038407733896747e-05	0.0
0.0	0.0
0.0	0.03
0.0	0.0
0.0	0.0
0.0	0.0
-0.001281419419683516	0.0
-0.00012476954725570977	0.03
0.0	1.0
0.0	1.0
0.0	1.0
0.0	0.0
0.0	0.0
-0.001457054866477847	0.03
0.0	1.0
-2.297334958711872e-06	0.03
-3.3958006042666966e-06	1.0
-1.9859473468386568e-05	1.0
-0.00033750029979273677	0.0
0.0	1.0
-2.2273861628816644e-13	1.0
0.0	0.0
-1.140193944593193e-06	1.0
0.0	1.0
0.0	1.0
0.0	1.0
0.0	1.0
-9.186954230244737e-06	0.002
-0.01537079643458128	0.0
0.0	0.0
0.0	0.002
0.0	0.0
-8.723618520889431e-05	0.0
0.0	0.4098939929328622
0.0	0.4098939929328622
-0.0021891959477216005	0.23159509202453987
0.0	0.0
0.0	0.151
0.0	1.0
0.0	1.0
0.0	0.0
0.0	1.0
-5.590278817635408e-08	0.0
0.0	0.0
0.0	1.0
0.0	0.0
0.0	0.021
0.0	0.173
0.0	0.0
-0.0006701795500703156	0.0
-0.0005169269861653447	0.173
-4.348907896201126e-05	0.173
0.0	1.0
0.0	1.0
-0.0011338063050061464	0.0
0.0	0.0
0.0	1.0
0.0	0.0
-3.3293634515985104e-08	0.0
-0.0003702708927448839	0.0
0.0	0.0
0.0	0.0
0.0	1.0
0.0	0.0
0.0	0.0
-1.7806756659410894e-05	0.0
-0.003595448099076748	0.0
-0.00033059201086871326	1.0
0.0	0.0
-0.00013302940351422876	1.0
-0.002542799571529031	0.0
-0.0058751278556883335	0.0
0.0	0.003
-0.011175244115293026	0.0
0.0	0.0
0.0	0.0624263839811543
0.0	0.0
-7.886958308667147e-10	0.0
0.0	0.0
-0.00024657821631990373	0.0
-4.760897718369961e-05	0.0
0.0	0.151
-4.026125679956749e-05	1.0
0.0	1.0
0.0	1.0
-0.008270985446870327	0.0
-0.00040509685641154647	0.0
0.0	1.0
-7.908551924629137e-05	1.0
-0.00012477966083679348	1.0
0.0	0.0
0.0	1.0
-1.3033554679964254e-08	0.045
0.0	0.849
0.0	1.0
-0.018505878746509552	0.0
0.0	0.053003533568904596
-0.0006987814558669925	1.0
0.0	1.0
-0.004834289196878672	0.0
-6.916349229868501e-05	1.0
-0.004138635937124491	0.0
0.0	0.0
0.0	0.196
-2.1170940271986183e-06	0.196
0.0	0.045
-0.0020900913514196873	0.0
0.0	0.0
0.0	0.0
0.0	0.0
0.0	0.0
-0.00370956864207983	0.0
-0.00024515760014764965	1.0
0.0	0.0
-0.000291891279630363	0.0
-0.0006709240260533988	0.0
-0.0032005661632865667	0.0
-0.0002888141025323421	1.0
-0.001694218604825437	0.0
0.0	1.0
0.0	0.004711425206124852
0.0	0.0
0.0	0.041
-3.97076437366195e-05	0.0
-0.00022420140157919377	0.0
0.0	0.0
-1.374107159790583e-05	0.0
0.0	0.0
0.0	0.0
0.0	1.0
0.0	1.0
-1.2329649052844616e-06	1.0
0.0	1.0
0.0	0.0
0.0	1.0
-3.8582493289140984e-05	0.0
0.0	1.0
0.0	1.0
0.0	1.0
0.0	1.0
-3.059829032281414e-05	1.0
-0.0775003656744957	0.0
0.0	0.0
-0.008822162635624409	0.0
0.0	0.0
0.0	0.0
-0.00025271461345255375	0.002014098690835851
0.0	0.0070140280561122245
-0.00022689366596750915	0.05653710247349823
0.0	0.048
-3.45583503076341e-05	1.0
0.0	0.0
0.0	0.0
-0.00663469173014164	0.0
-0.015375169925391674	0.0
0.0	0.199
-1.3816504607078173e-09	0.0
0.0	0.0
0.0	0.0
-3.8120084866477555e-08	0.151
0.0	0.151
0.0	0.0
-0.0007954161847010255	0.0
0.0	0.0
-4.6331783210007416e-07	0.0
0.0	0.0
-1.3723953998123761e-05	0.0
0.0	0.0
0.0	1.0
0.0	0.0
0.0	1.0
-0.002143601654097438	1.0
0.0	0.151
0.0	0.151
0.0	0.0
0.0	0.0
-0.0024196309968829155	0.0
-0.0003046725760214031	1.0
-1.816525764297694e-05	0.16
0.0	0.17933491686460806
0.0	0.17933491686460806
0.0	0.18610129564193167
-1.992028956010472e-06	0.0
0.0	1.0
0.0	0.0
-4.171616819803603e-05	1.0
0.0	1.0
-0.0001762266765581444	1.0
0.0	0.0
0.0	0.0
0.0	0.0
0.0	1.0
0.0	0.0
-1.525087695020133e-11	0.0
0.0	0.0
-9.877683169179363e-07	0.0
0.0	0.0
0.0	0.0
0.0	0.0
0.0	1.0
0.0	0.0
0.0	0.02237926972909305
0.0	0.0
0.0	0.0
-1.1559912309166975e-05	1.0
0.0	0.849
0.0	1.0
-0.00019291746139060706	0.0
0.0	1.0
-0.012449188157916069	0.0
0.0	0.0
-2.0324924035475256e-11	0.009
0.0	0.010214504596527068
-1.1277981002422166e-06	0.0
0.0	1.0
-0.0012934182304888964	0.0
0.0	0.0
-2.514901325412211e-06	0.0
0.0	1.0
0.0	1.0
-0.002169510116800666	0.0
0.0	1.0
0.0	1.0
0.0	1.0
-6.183918594615534e-05	0.0
-0.00014469365123659372	1.0
0.0	1.0
-0.00014149988419376314	0.0
0.0	1.0
-0.006124712526798248	0.0
-0.0037301634438335896	0.001
0.0	0.0
0.0	0.0
-0.0008538948022760451	1.0
0.0	1.0
0.0	1.0
-0.000745353871025145	0.0
0.0	0.0
-0.022278113290667534	0.0
0.0	1.0
0.0	0.0
0.0	1.0
-0.00043531006667762995	0.0
-1.919031773767177e-12	0.0
0.0	1.0
0.0	0.0
-3.6763381672244577e-07	1.0
0.0	0.0
0.0	1.0
0.0	1.0
-0.00027524709003046155	1.0
0.0	0.0
0.0	0.0
0.0	1.0
-2.866746342533588e-07	0.002
0.0	0.0
-0.002180168405175209	0.0
0.0	0.15531062124248496
0.0	0.002366863905325444
0.0	0.0
0.0	0.002366863905325444
0.0	1.0
0.0	1.0
0.0	0.0
0.0	0.0
0.0	0.0
0.0	0.0
0.0	1.0
-0.00041696405969560146	0.0
-2.5951901534426725e-06	0.0
0.0	1.0
0.0	1.0
-1.436710408597719e-05	1.0
0.0	1.0
-0.00035194476367905736	1.0
0.0	1.0
0.0	1.0
0.0	1.0
0.0	0.0
0.0	1.0
0.0	1.0
-4.172756689513335e-06	0.0
-7.450018892996013e-05	0.001
0.0	0.0
0.0	0.0
0.0	0.0
-0.035540807992219925	0.0
0.0	0.0
0.0	0.0
-0.00036915464443154633	0.151
0.0	0.8498498498498499
-0.002523819450289011	0.0
0.0	1.0
0.0	1.0
-3.9348788050119765e-06	0.001177856301531213
-0.0009464312461204827	0.0
0.0	0.0
0.0	0.0
0.0	1.0
-0.0004043012158945203	0.0
-0.0016712404321879148	1.0
0.0	1.0
0.0	0.0
0.0	0.0
0.0	1.0
0.0	1.0
-0.0001104752445826307	1.0
0.0	0.367
0.0	0.0
-0.0014563804725185037	0.0
-0.005681635346263647	0.367
0.0	1.0
0.0	1.0
-0.000351439171936363	0.0
0.0	0.0
-1.9151397282257676e-05	0.367
-2.7889024423188857e-09	0.0
-0.0017783272778615355	0.722
-0.0005211381358094513	0.0
0.0	1.0
-0.005012893583625555	0.0
-4.609680036082864e-05	1.0
0.0	0.0
0.0	1.0
-1.094713653060353e-09	1.0
-0.0022556183394044638	0.0
0.0	0.0
-4.004076799901668e-06	0.0
0.0	0.0
-5.283641439746134e-05	0.0
-0.0057773282751441	0.0
-7.340694537560921e-06	0.0
0.0	0.0
-0.0029432077426463366	0.0
0.0	0.0
0.0	0.0
0.0	0.0
0.0	0.0
-0.00017154378292616457	0.0
0.0	1.0
0.0	1.0
0.0	0.0
0.0	0.0
-0.001481575658544898	1.0
0.0	1.0
0.0	0.849
0.0	0.849
-1.4742277926416136e-05	0.849
-5.2373008657014e-05	0.0
0.0	1.0
-0.0009193294099532068	1.0
0.0	0.0
0.0	0.0
0.0	1.0
0.0	0.0
0.0	0.0
0.0	0.0
0.0	1.0
0.0	0.0
-0.0006007163319736719	0.0
-0.0006028688512742519	0.0
-5.585352624848383e-09	1.0
0.0	0.0
0.0	0.0
0.0	1.0
0.0	0.0
-1.9473942458603233e-09	0.0
-0.002025466412305832	0.0
0.0	1.0
-9.044683974934742e-05	0.0
0.0	1.0
-0.016208451241254807	0.0
0.0	1.0
-2.2923859432921745e-05	0.0
-5.359630085877143e-05	1.0
0.0	1.0
-0.0010937515180557966	0.0
0.0	1.0
0.0	0.0
0.0	0.0
-0.002560113789513707	0.0
0.0	0.0
0.0	1.0
0.0	0.0
0.0	1.0
0.0	0.0
0.0	0.0966183574879227
0.0	0.08171603677221655
0.0	0.0
-0.05976256728172302	0.0
0.0	0.0
0.0	0.043478260869565216
0.0	0.0
0.0	0.0
0.0	0.0
-0.012684781104326248	0.0
-0.0008210816304199398	0.0
-7.204622761491919e-06	1.0
0.0	0.0
0.0	0.0
0.0	1.0
-9.107632649829611e-05	1.0
-0.0007821314502507448	1.0
-0.012167945504188538	0.0
0.0	1.0
-0.00032175451633520424	0.0
-2.760321485273387e-11	1.0
0.0	1.0
0.0	1.0
-3.071888988841198e-13	1.0
-6.617587496293709e-05	0.0
0.0	1.0
-3.9872596971690655e-05	1.0
0.0	0.203
-0.0007626365986652672	0.0989399293286219
0.0	0.0
-0.011445960961282253	0.0
0.0	1.0
-3.294588532298803e-05	1.0
-3.64278562869913e-09	0.084
0.0	1.0
-0.0004611559852492064	0.0
0.0	1.0
0.0	0.002
-3.606508835218847e-05	0.002355712603062426
-5.127853910380509e-07	0.0
0.0	0.0
0.0	0.0
-4.85654405579794e-10	1.0
0.0	1.0
0.0	0.037
-2.9321863621589728e-05	0.0
-2.661881126186927e-06	1.0
-8.325963030131334e-09	1.0
-0.00013707258040085435	1.0
-1.2354797718217014e-06	1.0
0.0	1.0
0.0	0.0
-2.0527848391793668e-05	1.0
0.0	0.0
-0.00015417643589898944	0.0
-6.35552765970715e-08	1.0
0.0	1.0
-0.0007103090756572783	0.0
-8.086605589596729e-07	0.0
-9.620741366234142e-06	0.849
0.0	0.007
0.0	0.007
0.0	0.0
0.0	0.007
-2.9961982363602147e-05	0.0
-0.0025709676556289196	0.007
-0.001882618060335517	0.0
0.0	0.0
0.0	0.0
0.0	0.0
0.0	0.0
-0.00024798986851237714	0.0
-0.0006918481667526066	0.0
0.0	0.0
0.0	1.0
0.0	1.0
0.0	1.0
0.0	0.0
0.0	1.0
-7.217736128950492e-05	0.0
0.0	1.0
0.0	1.0
0.0	1.0
-1.608690354260034e-07	1.0
0.0	0.0
-2.365230830037035e-05	1.0
-0.00019538741616997868	0.012207527975584944
0.0	1.0
0.0	0.0
0.0	0.0
0.0	0.0
-0.0006971087423153222	1.0
-0.0008312732679769397	0.0
0.0	1.0
0.0	1.0
0.0	0.0
-0.0004913359880447388	0.0
0.0	0.0
-5.991762463963823e-08	1.0
0.0	0.0
0.0	0.0
0.0	1.0
0.0	1.0
0.0	0.14958775029446408
-2.4032727807821175e-08	0.0
0.0	0.0
-2.1875800939596957e-06	1.0
-2.672697405614599e-07	0.849
-0.00206955848261714	0.0
0.0	0.0
0.0	0.0
0.0	1.0
-0.07080712169408798	0.0
0.0	0.14722222222222223
0.0	0.0
-8.169224408050013e-09	0.001
0.0	0.001
-0.0004762831667903811	0.0
0.0	0.0
0.0	0.0
0.0	0.0
0.0	0.849
0.0	0.022
-9.04521527900215e-07	0.0
0.0	0.0
0.0	0.022
0.0	1.0
-9.430254976905417e-06	0.0
0.0	0.0
-0.0015058191493153572	0.0
0.0	0.0
0.0	0.0
0.0	0.0
0.0	1.0
-0.009450772777199745	0.0
-1.2188906111987308e-05	0.02198952879581152
-0.0015637336764484644	0.0
-6.077606258259038e-07	0.0
-0.0003377511748112738	1.0
-4.6243458200478926e-05	1.0
0.0	0.0
-3.134146027150564e-06	1.0
0.0	0.0
0.0	1.0
0.0	0.0
-0.00036727639962919056	0.0
0.0	0.001
0.0	0.0
0.0	0.001
0.0	0.024734982332155476
-0.030591661110520363	0.0
-8.808911933222419e-11	0.0
-0.00044299327419139445	1.0
0.0	1.0
0.0	0.0
0.0	0.0
0.0	0.0
0.0	1.0
0.0	0.0
0.0	0.0
-0.00016947940457612276	0.002
0.0	0.0
0.0	0.0
-0.0354653000831604	0.0
0.0	0.0
-0.0031922769267112017	0.002
0.0	0.0
