-0.00018179990001954138	0.0
0.0	0.0
0.0	0.0
-3.279630220731633e-07	0.0
-0.000275185564532876	0.0
0.0	0.0
-5.998894994263537e-05	0.0
-0.0019688138272613287	0.0
-5.192807748244377e-06	1.0
0.0	0.002
0.0	0.0
0.0	0.0
-0.0001546744315419346	0.002
-0.01098057720810175	0.0
-5.775905864702224e-10	0.0
-2.942605897260364e-05	0.029
0.0	0.0
0.0	0.027522935779816515
-0.001327297417446971	0.0
0.0	1.0
-1.7502674154457054e-07	0.0
-0.0013272279174998403	0.0
0.0	0.0
0.0	0.0
-0.002913203090429306	0.0
0.0	0.0
-6.898921856191009e-05	0.0
-0.00013228648458607495	0.0
-0.10446826368570328	0.0
-4.7685010940767825e-05	0.001
0.0	0.0
0.0	1.0
-3.540359116982472e-09	1.0
0.0	0.0
-0.001035024644806981	0.0
0.0	1.0
0.0	0.0
-0.0008849008590914309	0.0
-1.3342829952023294e-08	0.0
0.0	0.0
0.0	1.0
0.0	0.0
-0.00031892902916297317	0.0
0.0	0.0
-0.0017580793937668204	0.0
0.0	0.0
-0.00010579232184682041	0.0
0.0	1.0
0.0	1.0
0.0	1.0
0.0	1.0
0.0	0.0
-3.0710918252907504e-08	1.0
-0.0007879735785536468	1.0
-0.000149855186464265	1.0
0.0	0.0
0.0	0.0
0.0	0.0
0.0	0.383
-2.2564428945770487e-05	1.0
-7.635984729859047e-06	0.0
-9.711567690828815e-05	0.0
0.0	0.198
0.0	1.0
0.0	1.0
-0.011968306265771389	0.0
0.0	1.0
0.0	0.0
0.0	1.0
0.0	1.0
-0.00039345421828329563	0.0
-0.007053523324429989	0.0
0.0	0.0
0.0	0.0
0.0	0.001
0.0	0.012012012012012012
0.0	0.0
-0.0005783543456345797	1.0
-6.612480501644313e-05	0.0
0.0	1.0
0.0	0.0
0.0	1.0
0.0	0.0
-3.0657965908176266e-06	0.0
0.0	0.0
-0.0035494472831487656	0.014
0.0	0.014
0.0	0.0
0.0	0.056
0.0	1.0
0.0	1.0
-0.0001240829733433202	0.0
-0.014772268943488598	0.0
-5.8572750276653096e-05	0.0
0.0	0.042
0.0	1.0
0.0	0.0
0.0	0.0
0.0	1.0
0.0	0.172
0.0	0.0
-9.25381243632728e-07	0.172
-0.004472832195460796	0.172
0.0	1.0
-0.00022979057393968105	0.172
-0.002366692991927266	0.0
0.0	0.0
-0.0028701052069664	0.0
-0.0002799106005113572	0.0
0.0	0.0
0.0	0.001201923076923077
-0.0011664361227303743	0.001201923076923077
0.0	0.001201923076923077
0.0	0.0
0.0	0.0
-3.086562685439276e-07	1.0
0.0	0.0
0.0	0.0
-1.830301698646508e-05	0.0
-1.652363789617084e-05	1.0
-0.0003057880967389792	1.0
0.0	0.0
-0.018282737582921982	0.0
0.0	1.0
-1.7585673504072474e-06	1.0
-8.966333552962169e-05	1.0
0.0	1.0
-1.3083742487651762e-05	0.0
-0.0018609900726005435	1.0
0.0	0.0
-0.000554374884814024	1.0
0.0	0.0
-0.0060506765730679035	0.0
0.0	0.003
0.0	0.0
0.0	1.0
-0.0009749988093972206	0.0
0.0	1.0
0.0	0.974
-1.5532363306647312e-07	1.0
-3.6229008060217893e-07	1.0
0.0	1.0
-0.010675637982785702	0.0
-0.00887520145624876	0.0
-0.0022663993295282125	1.0
0.0	1.0
-3.636860583355883e-06	1.0
-0.24866066873073578	0.0
0.0	1.0
0.0	0.0
0.0	0.0
-1.0780340176097525e-07	1.0
0.0	0.0010277492291880781
0.0	0.0010277492291880781
-0.004566897638142109	0.0
0.0	0.0
0.0	1.0
0.0	0.0
0.0	0.0
0.0	1.0
0.0	0.0
0.0	0.0
0.0	1.0
-0.00023976601369213313	1.0
0.0	1.0
-0.0013387121725827456	0.0
0.0	0.0
-0.002464432967826724	0.0
0.0	1.0
0.0	0.0
0.0	1.0
-0.006502799689769745	0.0
-1.780800573669694e-07	0.0
0.0	0.0
-0.000565448310226202	0.0
0.0	0.0
0.0	0.0
-8.15023271094617e-10	1.0
-0.03675682470202446	0.0
0.0	1.0
-1.1553477634151932e-05	0.0
-0.0049467808566987514	0.0
0.0	1.0
0.0	0.0
0.0	0.0
0.0	1.0
-1.0346322909526862e-08	1.0
0.0	1.0
0.0	0.00906344410876133
-0.0001505886611994356	0.007
0.0	0.0
0.0	0.0
0.0	0.0
-0.0015245596878230572	0.001
0.0	1.0
0.0	0.0
0.0	0.0
0.0	0.0
0.0	0.0
0.0	0.0
-2.7657599275698885e-05	0.0
0.0	0.001
-0.022933294996619225	0.0
0.0	0.0
-0.001377364620566368	0.0
-0.0025490724947303534	0.12212212212212212
-1.3052986105321907e-05	0.0011389521640091116
0.0	0.12212212212212212
0.0	0.12212212212212212
0.0	1.0
-0.003524599364027381	0.0
0.0	0.0
0.0	0.0
-0.003573660273104906	0.021363173957273652
-0.00023416262411046773	0.021042084168336674
0.0	0.0020429009193054137
0.0	0.031
0.0	1.0
0.0	0.987
0.0	0.024210526315789474
0.0	0.037383177570093455
0.0	0.0
-0.01781962625682354	0.0
0.0	0.037871033776867964
0.0	0.0
-0.0005661867326125503	0.0
-2.3473163309972733e-05	0.037
0.0	0.0
0.0	0.0
-0.00010047321848105639	0.021
0.0	0.021
-0.001876068883575499	0.021
0.0	0.021
-0.00020502341794781387	0.017
0.0	0.0
0.0	0.017
0.0	0.0
-0.0010819541057571769	0.026
-1.1893110240634996e-05	0.0
0.0	0.0
-5.457226961880224e-06	0.0
-2.509727892174851e-06	0.0
0.0	0.0
0.0	0.0
0.0	0.0
0.0	1.0
0.0	0.0
0.0	1.0
0.0	0.0
-9.177453463848906e-09	0.179
0.0	0.0
0.0	0.0
0.0	0.0
0.0	1.0
0.0	0.0
0.0	0.0
-3.982134512625635e-05	0.0
-1.9510486559681794e-09	1.0
0.0	1.0
0.0	0.0
0.0	1.0
0.0	1.0
0.0	1.0
-1.3107853469307429e-08	1.0
0.0	1.0
0.0	1.0
0.0	0.0
0.0	1.0
0.0	1.0
-2.0562874851748347e-05	0.0
0.0	1.0
0.0	1.0
0.0	0.0
-0.0014000135706737638	0.0
0.0	1.0
0.0	0.0
-0.000982272787950933	0.0
0.0	1.0
0.0	1.0
-3.367107126450719e-07	0.0
-0.0008066919981501997	0.0020242914979757085
-1.884974398791428e-09	1.0
0.0	1.0
0.0	0.0
0.0	0.064
-3.272142976129544e-06	1.0
0.0	1.0
-2.2302126581053017e-06	1.0
0.0	0.026
0.0	1.0
0.0	0.0
0.0	1.0
0.0	0.0
0.0	1.0
-1.0176646583204274e-06	0.0
0.0	0.974
-2.249877752547036e-06	0.0
0.0	0.0
-0.0001787546498235315	0.0
0.0	0.974
-0.0007308787317015231	0.974
0.0	0.974
0.0	1.0
0.0	1.0
0.0	0.0
-8.979382982943207e-06	0.974
0.0	1.0
0.0	0.0
0.0	0.3076923076923077
0.0	0.0
0.0	1.0
0.0	1.0
0.0	0.0
0.0	1.0
0.0	1.0
-5.213524855207652e-05	0.0
0.0	0.0
0.0	1.0
-1.4851033292018201e-08	0.0
0.0	1.0
0.0	0.0
-7.346688107645605e-06	1.0
0.0	0.0
0.0	1.0
0.0	0.0
0.0	1.0
-1.5620916116176886e-08	1.0
0.0	0.003080082135523614
0.0	1.0
-6.152262358227745e-06	0.0
0.0	1.0
0.0	0.0
0.0	1.0
-8.579261606689315e-11	0.172
0.0	1.0
-3.093652776442468e-05	1.0
-0.0014605643227696419	1.0
0.0	0.0
0.0	0.0
-1.5535386410192586e-05	0.0
-0.0009829048067331314	0.0
0.0	0.0
-2.3426375719282078e-06	1.0
-0.001659529167227447	0.974
0.0	0.0
0.0	0.0
0.0	0.0
0.0	0.0
0.0	0.0
0.0	0.0
-0.0003072829858865589	0.0
0.0	0.0
0.0	1.0
0.0	0.0
-0.036048777401447296	0.0
-0.006199138704687357	0.0
-0.0004304982430767268	1.0
0.0	1.0
0.0	0.0
-0.0014628058997914195	0.0
0.0	0.0
0.0	0.0
0.0	1.0
-0.004231942351907492	0.065
-0.0004012061981484294	0.065
0.0	0.0
0.0	0.0074866310160427805
-0.00041518660145811737	1.0
-3.18855672958307e-05	1.0
0.0	0.0
0.0	1.0
0.0	0.0
0.0	1.0
0.0	1.0
0.0	1.0
-7.068843115121126e-05	0.08624229979466119
0.0	1.0
-0.0001941624650498852	0.028384279475982533
0.0	1.0
-8.797871487331577e-06	0.0
0.0	0.0
0.0	0.0
0.0	0.003
-5.277809300707759e-09	0.0
0.0	1.0
0.0	0.0
0.0	1.0
-7.844412721169647e-06	1.0
0.0	1.0
-0.00036651361733675003	1.0
0.0	1.0
0.0	0.0
-3.766085137613118e-05	0.0
0.0	0.026
-3.123878195765428e-05	1.0
0.0	0.0
-6.679594662273303e-05	0.0
-0.0022788639180362225	0.041
0.0	0.0
0.0	0.015
0.0	0.0
-3.558341268217191e-05	0.0
-4.8170383207270286e-18	0.0
-0.0012576330918818712	0.005
-7.220631960080937e-05	0.005
0.0	0.005
0.0	1.0
0.0	1.0
0.0	0.0
-1.1690233804984018e-05	1.0
-0.017547868192195892	0.0
0.0	1.0
0.0	0.0
-2.1980788005748764e-05	1.0
0.0	1.0
0.0	0.0
0.0	1.0
0.0	1.0
0.0	0.0
0.0	0.0
0.0	1.0
0.0	0.0
-0.002159255789592862	0.003
-0.0003093957784585655	0.0
0.0	1.0
-0.0002852829347830266	0.0
-9.723723906063242e-07	0.0
0.0	0.0
0.0	0.0
-0.0012006728211417794	0.0
0.0	0.0
0.0	0.0
0.0	0.0
-0.0016057558823376894	0.0
-0.0025802578311413527	0.0
0.0	0.0
-0.002784340176731348	0.0
-0.00012584593787323684	1.0
-0.00024174457939807326	1.0
0.0	1.0
0.0	1.0
-1.2804898119611607e-07	0.0
0.0	0.0
0.0	0.2874743326488706
-0.00020520336693152785	0.0
0.0	0.0
0.0	0.0
-0.002748583210632205	0.0
-0.00017841429507825524	1.0
0.0	1.0
-0.00012713625619653612	1.0
-0.00038185351877473295	0.0
0.0	0.974
0.0	0.974
0.0	0.974
-0.00048632355174049735	0.0
-0.006192649714648724	0.0
0.0	0.0
-0.0001193649586639367	0.974
-0.008644884452223778	0.0
-3.1862861238352025e-09	1.0
0.0	1.0
0.0	0.0
-3.309704288412263e-09	0.0
0.0	1.0
-0.0008485179860144854	0.0
0.0	0.0
0.0	0.0
0.0	1.0
0.0	0.0
0.0	0.0
0.0	0.0
0.0	1.0
-0.001251109642907977	0.0
-0.00038035045145079494	0.0
-0.0008765292586758733	0.0
0.0	0.0
-0.0016905490774661303	0.0
-2.2326819816953503e-05	0.0
0.0	0.0
0.0	0.0
-5.957889879937284e-05	1.0
-0.00014044767885934561	1.0
-0.009719078429043293	0.0
0.0	1.0
0.0	0.0
-0.00014070005272515118	0.0
-0.0005388412391766906	0.0
-0.0005246957298368216	1.0
0.0	0.0
0.0	0.0
0.0	1.0
0.0	1.0
0.0	0.026
-0.005294539500027895	0.0
0.0	0.001026694045174538
0.0	0.0
0.0	1.0
-0.0015731288585811853	0.026026026026026026
0.0	1.0
0.0	0.0
0.0	1.0
0.0	1.0
0.0	1.0
0.0	1.0
0.0	1.0
-0.00013842408952768892	1.0
-0.004411701112985611	0.0
0.0	1.0
0.0	1.0
0.0	1.0
-0.0002721071941778064	1.0
-0.018934212625026703	0.0
0.0	1.0
-0.0023788746912032366	0.027139874739039668
0.0	1.0
-0.0009472735691815615	1.0
0.0	1.0
0.0	1.0
-0.0007060416392050683	1.0
0.0	1.0
0.0	1.0
0.0	1.0
0.0	1.0
-0.0001589335297467187	0.0
0.0	1.0
-1.7872580082567424e-09	0.0
-4.620379695552401e-05	1.0
0.0	0.0
-0.0019306723261252046	0.0
-0.0002018607483478263	0.0
0.0	1.0
0.0	0.001
-0.0010402014013379812	0.001
0.0	1.0
0.0	1.0
-0.0004983882536180317	0.001
0.0	1.0
0.0	1.0
0.0	1.0
0.0	1.0
0.0	1.0
-3.4839249565266073e-06	0.001026694045174538
0.0	0.03225806451612903
-0.006002160254865885	0.45307443365695793
-0.016226185485720634	0.0
0.0	0.0
0.0	1.0
-4.425619408721104e-05	1.0
-1.0501625183678698e-05	0.00404040404040404
-0.0005159438587725163	0.00404040404040404
-1.3368314739636844e-06	0.0
0.0	0.01
-0.003739027539268136	0.0
-2.5942576087345515e-08	0.0
0.0	0.0
-8.52510481763602e-07	0.001053740779768177
0.0	0.05105105105105105
-0.0008848290308378637	0.0
0.0	0.001
-1.1397476296082232e-09	0.0
-8.501235242874827e-06	0.001
-0.003305839141830802	0.0
0.0	1.0
0.0	0.04316546762589928
0.0	0.027
0.0	0.0
-0.0003223642415832728	0.0
0.0	0.027
0.0	1.0
0.0	0.0
0.0	1.0
0.0	0.047619047619047616
0.0	0.001
-1.3059860975772608e-05	0.0
0.0	0.001
0.0	0.0
0.0	0.0
0.0	0.0
0.0	0.0
0.0	1.0
0.0	0.0
0.0	0.026156941649899398
0.0	0.006160164271047228
0.0	0.026156941649899398
-1.0845423048522207e-07	0.006160164271047228
-0.0009606917155906558	0.0
0.0	1.0
0.0	0.0
0.0	0.006
0.0	0.0
-0.00013766658958047628	0.006
0.0	0.006
0.0	0.032
0.0	1.0
-0.00025828080833889544	0.032
-0.003934793174266815	0.0
0.0	0.033
-1.1831088192471029e-11	0.0
-1.2593951396411285e-05	0.0
-0.00021667758119292557	1.0
0.0	1.0
-0.0002040859981207177	0.058
-0.002052121562883258	0.058
0.0	0.0
0.0	0.027
0.0	0.0
-1.2068489319005948e-08	0.006166495375128468
-1.4737226194938557e-07	0.006166495375128468
0.0	0.0010330578512396695
-1.2226012202631864e-08	0.0
-4.859396085521439e-07	0.006166495375128468
0.0	0.0
0.0	0.0
0.0	0.0
0.0	0.026
-0.005684256553649902	0.026
-0.006835736334323883	0.0
0.0	0.0
-9.28485448525862e-08	1.0
0.0	0.026
-3.823317456408404e-06	0.0
0.0	0.0
0.0	0.0
0.0	0.0
0.0	0.0
0.0	1.0
-0.00012232898734509945	1.0
0.0	0.0
0.0	0.0
0.0	1.0
0.0	1.0
0.0	0.0
-0.003567584091797471	0.026
0.0	0.0
0.0	0.0
0.0	0.0
0.0	1.0
0.0	1.0
0.0	1.0
0.0	1.0
0.0	1.0
0.0	0.0
0.0	1.0
0.0	1.0
0.0	1.0
0.0	1.0
-0.0006230022408999503	1.0
0.0	1.0
-0.014151503331959248	0.05555555555555555
-0.0035998395178467035	0.0031023784901758012
-9.305848891472124e-08	0.007209062821833162
-8.33101603348041e-06	0.0
-0.00035058276262134314	0.007329842931937173
0.0	1.0
0.0	0.0
-7.268014314831817e-07	1.0
0.0	0.0
0.0	0.0
-0.00335497735068202	0.0
-0.005785205867141485	0.0
0.0	0.0
-1.2013465777727106e-07	1.0
-7.574877258775814e-08	0.0026109660574412533
-3.1304716685554013e-07	0.001
-3.276059032941703e-07	0.0
0.0	1.0
0.0	1.0
-1.2123317901568953e-05	0.0
0.0	0.0
0.0	0.0
0.0	0.0
-1.8285015723762399e-09	1.0
-5.231269824435003e-05	1.0
0.0	0.0
0.0	1.0
-3.9075599488569424e-05	1.0
-5.7746343372855335e-05	1.0
-2.826617730988801e-07	1.0
0.0	1.0
0.0	0.0
-2.697079980862327e-05	0.974
0.0	0.974
-0.000982001656666398	0.0
-3.0362522807081405e-07	0.0
0.0	0.0
-2.6342672834744896e-11	0.0
0.0	0.0
-0.00011052878835471347	0.0
0.0	0.0
0.0	1.0
