0.0	1.0
-0.0020464283879846334	0.0
0.0	0.0
0.0	0.0
-0.00245891441591084	0.0
0.0	1.0
0.0	1.0
0.0	1.0
-0.0036738647613674402	0.0
0.0	0.0
-3.4019769373117015e-05	1.0
0.0	1.0
0.0	1.0
-0.0001147753864643164	1.0
0.0	0.518
-9.307158325100318e-05	0.0
0.0	0.0
-1.3265891539049335e-05	0.0
-0.013208892196416855	0.0
-1.5622914588675485e-06	0.0
-0.0007269555353559554	0.004
0.0	1.0
0.0	1.0
0.0	1.0
0.0	1.0
0.0	0.0
0.0	0.0
0.0	0.0
-0.0003244254330638796	0.0
0.0	1.0
-1.7501553539744918e-09	0.003
-6.493392046280633e-09	0.003
-6.204037345014513e-05	0.0
0.0	0.184
-2.5964020096580498e-05	0.0
-0.007634537760168314	0.0
-2.2635820187133504e-06	0.0
-1.3028670764470007e-07	1.0
0.0	0.0
0.0	0.0
-4.1349911043653265e-05	0.0
0.0	0.0
0.0	0.0
0.0	0.0
0.0	0.0
0.0	0.0
0.0	0.0
-2.5291548809036613e-05	0.0
0.0	1.0
-0.00040043381159193814	0.0
-0.00012399839761201292	1.0
-0.00835313368588686	0.0
-0.00794999860227108	0.0
-2.423834757792065e-06	0.0
-0.0015330184251070023	1.0
-3.36238372256048e-05	0.0
0.0	0.0
-1.0633971214701887e-05	0.0
0.0	0.0
-1.2447815606719814e-05	1.0
0.0	0.0
-0.002194199711084366	0.0
-3.180473640895798e-06	0.0
0.0	0.0
0.0	0.0
0.0	0.0
0.0	0.0
0.0	0.0
-3.425071554374881e-05	1.0
-0.014939295127987862	0.0
0.0	1.0
-2.57054864505335e-07	1.0
0.0	1.0
0.0	1.0
0.0	1.0
0.0	0.0
0.0	1.0
-0.0006909715011715889	1.0
0.0	1.0
0.0	1.0
-2.8786957045667805e-05	1.0
0.0	1.0
0.0	1.0
0.0	0.0
-3.9526165096503973e-07	0.0
-6.6042607613781e-06	0.0
-4.069806891493499e-08	1.0
-1.5405202020701836e-06	0.0
0.0	0.0
-0.0021014318335801363	0.0
-0.015312515199184418	0.0
0.0	0.0
0.0	1.0
0.0	0.0
0.0	1.0
0.0	1.0
0.0	0.0
0.0	0.0
-1.049433194566518e-06	1.0
0.0	0.0
-0.00033975401311181486	1.0
-0.0005168026546016335	0.0
0.0	0.0
0.0	0.0
-0.014747737906873226	0.0
-3.726488841948594e-07	0.0
-5.288723696139641e-05	1.0
0.0	1.0
0.0	1.0
0.0	0.0
0.0	0.0020161290322580645
0.0	0.008016032064128256
0.0	0.0
0.0	0.0
-0.0001055399770848453	1.0
0.0	1.0
-0.004639588762074709	0.0
-0.00028243803535588086	1.0
0.0	1.0
-0.0016405235510319471	0.0
0.0	0.025
0.0	1.0
0.0	1.0
0.0	1.0
-1.3563541756411723e-07	0.0
-6.581883127410038e-08	1.0
-1.9620711100287735e-05	1.0
0.0	0.0
-1.4019801710674074e-06	0.0
0.0	1.0
-0.0002367097040405497	0.0
-1.307850880039041e-06	1.0
-4.716111106972676e-06	0.0
-0.004396925680339336	0.0
0.0	0.0
-8.294689024523905e-08	1.0
-0.006683741696178913	0.0
0.0	0.0
0.0	1.0
0.0	0.0
0.0	0.015015015015015015
0.0	0.015
-1.2888426681456622e-07	0.0
0.0	0.0
-4.6629764256067574e-05	1.0
0.0	0.0
0.0	0.0
-3.065207465624553e-06	1.0
0.0	0.0
0.0	1.0
0.0	0.0
-6.235298769752262e-06	0.0
0.0	0.0
0.0	0.0
-0.0017321895575150847	0.0
-3.974082937929779e-05	0.0
-3.1111576390685514e-05	0.0
0.0	0.0
-2.311732168891467e-05	0.0
0.0	0.0
-1.4183665371092502e-05	1.0
0.0	1.0
0.0	0.0
-0.004162096418440342	0.0
-9.98864634311758e-05	0.0
-0.0017233140533789992	0.0
0.0	0.0
-0.0006016126135364175	0.0
-6.70367808197625e-06	0.0
0.0	1.0
0.0	0.0
0.0	0.0
0.0	0.0
-0.09201699495315552	0.0
-0.017752882093191147	0.0
0.0	1.0
-1.2268260434211697e-06	1.0
-6.703318649670109e-05	0.0
-0.00013016774028073996	0.0
0.0	1.0
-7.087875928846188e-06	1.0
-0.005782330874353647	0.0
-0.004832993261516094	0.0
0.0	0.0
-0.0001688207994448021	0.0
-0.0005330400308594108	1.0
0.0	1.0
-3.19161176776106e-06	0.0
0.0	0.0
0.0	1.0
-2.053937922519289e-11	0.0
-0.004703162238001823	0.0
-1.5317871657316573e-05	0.0
0.0	0.0
-0.05368790775537491	0.0
-1.3980361757148785e-07	1.0
-7.666616284041083e-07	0.0
0.0	0.0
-0.0010319467401131988	1.0
0.0	0.0
-0.07002805173397064	0.0
0.0	1.0
0.0	1.0
-0.00012290640734136105	1.0
-0.00038469306309707463	1.0
-0.0005526274326257408	1.0
0.0	1.0
-2.813294841530478e-08	1.0
0.0	0.0
0.0	0.013
0.0	0.0
-9.50727699091658e-05	0.005
-0.024651430547237396	0.0
-0.00025737789110280573	1.0
0.0	0.0
-0.001382924267090857	1.0
-0.003267563646659255	0.002
-9.697682656906181e-08	0.0
-0.000399748794734478	0.002
-0.0025004365015774965	0.0
-3.5289476727484725e-06	0.0
-0.0002275465230923146	0.0
0.0	0.002
-5.36442494194489e-05	0.002
-8.198740397347137e-05	0.0
-0.0002506819146219641	0.0
0.0	0.0
0.0	1.0
0.0	1.0
0.0	1.0
-1.1176176712979213e-06	1.0
0.0	0.0
0.0	1.0
0.0	1.0
0.0	0.01701701701701702
-0.0015206895768642426	0.0
0.0	0.0
0.0	1.0
0.0	1.0
0.0	0.003
-0.0027062592562288046	0.003
0.0	0.003
0.0	0.003
0.0	0.0
0.0	1.0
-0.005102905910462141	0.0
-3.173345612594858e-05	0.003
0.0	1.0
0.0	0.003
0.0	0.0
-1.785320591807249e-06	1.0
0.0	1.0
0.0	1.0
0.0	0.0
0.0	0.003
0.0	1.0
0.0	0.09528585757271815
-1.1360208418409456e-07	0.0033149171270718232
0.0	0.0
0.0	1.0
0.0	0.0
0.0	0.0
0.0	0.003
0.0	0.005791505791505791
0.0	0.0
0.0	0.0
-3.757130784265428e-08	1.0
0.0	0.0
0.0	1.0
0.0	1.0
0.0	1.0
0.0	0.0
-4.973995260115771e-07	1.0
0.0	1.0
-5.034410150983604e-07	0.0
0.0	1.0
-0.005475996527820826	1.0
0.0	1.0
-5.496147537087381e-09	1.0
0.0	1.0
0.0	0.0
0.0	1.0
0.0	0.0
-6.004870101605775e-06	1.0
0.0	1.0
0.0	1.0
0.0	1.0
0.0	1.0
-0.004340664483606815	0.0
0.0	0.0
0.0	0.0
0.0	0.084
0.0	1.0
0.0	1.0
0.0	0.0
-0.00012713580508716404	0.0
0.0	1.0
-0.003685618285089731	0.0
0.0	0.0
-0.0022345411125570536	1.0
-0.0010973867028951645	0.151
-8.952012535701215e-07	0.151
0.0	1.0
0.0	0.0
0.0	0.245
-0.002613632008433342	0.0
0.0	1.0
0.0	1.0
-3.217476114514284e-05	0.0
0.0	1.0
0.0	0.0
0.0	1.0
0.0	1.0
0.0	0.0
-0.004378937650471926	0.0
-5.471067925100215e-05	0.0
-0.004053500480949879	0.0
0.0	0.0
-1.1038989669032162e-06	0.0
0.0	1.0
0.0	1.0
0.0	1.0
0.0	1.0
-9.034378308570012e-05	1.0
0.0	0.0
-1.8890641939606212e-08	0.0
-3.833758819382638e-05	0.0
-0.00021959243167657405	1.0
0.0	1.0
-0.011236239224672318	0.0
0.0	0.0
0.0	0.045
-5.0461704148574427e-08	0.0
0.0	0.0
0.0	1.0
0.0	1.0
0.0	0.0
-7.77017921791412e-05	0.0
0.0	0.0
0.0	1.0
0.0	1.0
0.0	1.0
0.0	0.0
-0.0003688471333589405	0.0
-8.996801625471562e-05	1.0
-0.00015096577408257872	0.0
-9.122119990934152e-06	0.0
-0.0005375167238526046	0.332
-7.644685683771968e-05	0.0
0.0	0.36685082872928176
-0.029852861538529396	0.0
0.0	0.0
0.0	0.0
-9.881467849481851e-05	0.001
-6.184038647916168e-05	0.001
0.0	0.0
0.0	0.0
-0.002772318432107568	0.0
0.0	0.0
-0.00026634649839252234	0.0
0.0	0.0
-1.41549591603507e-07	0.0
-0.0006979351164773107	0.0
0.0	0.0
0.0	0.16129032258064516
-0.00015953503316268325	0.0
-3.207629788448685e-07	0.0
0.0	0.0
0.0	0.0
0.0	0.0
-6.836669490439817e-05	0.0
-3.6027386158821173e-06	0.005
0.0	0.02
-5.097929260955425e-06	0.0
-0.00046991740236990154	0.0
-1.0797788490890525e-05	0.0
-0.00019247137242928147	0.001
0.0	0.001
-5.105875061417464e-06	0.001
0.0	0.0
0.0	0.001
0.0	0.0
-0.00016122666420415044	0.002
0.0	0.0
0.0	0.0
0.0	0.0
-0.0013051456771790981	0.0
0.0	0.007
0.0	0.0
-0.0011149866040796041	0.0
-0.0003477843711152673	0.061
-0.00047910428838804364	0.061
0.0	0.0
-6.215703615453094e-05	0.0
0.0	0.061
0.0	0.0
0.0	0.0
-2.112114316332736e-06	1.0
0.0	1.0
0.0	1.0
0.0	1.0
0.0	1.0
0.0	1.0
0.0	1.0
0.0	1.0
-0.0008827107376419008	1.0
0.0	1.0
0.0	0.0
-4.6013392420718446e-05	1.0
0.0	0.0
-0.0001949851866811514	1.0
-4.42566342826467e-05	1.0
-0.0019294102676212788	1.0
-5.443474947242066e-05	1.0
0.0	0.0
0.0	0.0
0.0	0.0
-0.00025136617477983236	0.0
-0.0015571062685921788	0.0
0.0	1.0
0.0	0.0
0.0	0.0
0.0	1.0
0.0	0.0
0.0	0.0
-0.004371877759695053	0.0
-3.9845639548730105e-05	1.0
0.0	0.0
-0.00022111118596512824	0.0
-0.0025834213010966778	0.0
0.0	0.0
0.0	0.0
0.0	0.0
0.0	1.0
0.0	1.0
0.0	0.0
0.0	1.0
0.0	1.0
-0.00014968861069064587	0.003468208092485549
0.0	0.04212637913741224
0.0	1.0
-4.007796451332979e-05	1.0
-8.545924174541142e-06	1.0
0.0	1.0
-3.844766615657136e-05	1.0
-1.9351909941178747e-05	1.0
0.0	1.0
-1.1519401432735776e-08	1.0
0.0	1.0
0.0	1.0
0.0	0.0
0.0	0.0
-0.00353163480758667	0.0
0.0	1.0
0.0	1.0
-5.114537202643987e-07	1.0
-0.00012305572454351932	1.0
-6.492075499409111e-06	1.0
0.0	1.0
-0.00494698341935873	1.0
0.0	1.0
0.0	0.0
-0.0005929048638790846	0.0
0.0	0.0
0.0	1.0
-0.044544558972120285	0.0
0.0	1.0
-0.001828405074775219	0.0
0.0	0.0
0.0	1.0
-0.0018604487413540483	0.0
-0.00018087205535266548	0.0
-1.7064674466382712e-05	0.0
-9.221488284083534e-08	0.0
-7.931528671178967e-05	1.0
-1.514264795332565e-06	0.008
0.0	1.0
-8.862885806593113e-06	0.0
0.0	0.008
-0.0041696978732943535	0.0010080645161290322
0.0	0.0010080645161290322
-3.9538717828691006e-06	0.008849557522123894
-0.0033097087871283293	0.0010080645161290322
-9.56533185672015e-05	0.008008008008008008
0.0	0.0
0.0	1.0
-0.00011173199891345575	1.0
0.0	1.0
-2.23212532546313e-06	0.0
-0.003797130426391959	0.0
0.0	1.0
-2.194764238083735e-05	1.0
-4.506473416654444e-09	1.0
0.0	0.008
0.0	0.008
-0.004384641535580158	0.0
-5.073725333204493e-07	0.0
0.0	0.0
-6.620048793593014e-07	1.0
-5.117382443131646e-06	1.0
0.0	0.001
0.0	1.0
0.0	1.0
0.0	1.0
0.0	0.518
-0.0002436760551063344	0.523
0.0	0.523
0.0	1.0
0.0	1.0
0.0	1.0
-0.004190549254417419	0.0
0.0	1.0
0.0	1.0
-8.65133260958828e-05	1.0
0.0	1.0
0.0	0.0
-0.004229268524795771	0.0
0.0	0.0
0.0	1.0
-0.00035841489443555474	0.0
0.0	0.001
-0.00025752969668246806	0.0
-0.0043581100180745125	0.0
-1.632445956190054e-09	0.001
-0.0006761066033504903	0.001
0.0	0.001
-0.005801496095955372	0.0
-6.286626330620493e-08	0.001
0.0	0.001
-4.5840824192122653e-11	0.0
0.0	0.0
-0.002786934142932296	0.0
-0.002046361565589905	0.0
-0.0019794534891843796	0.0
0.0	1.0
-5.309472861370068e-10	0.0
0.0	0.0
0.0	0.0
-7.507289410568774e-05	1.0
-2.2196578356670216e-05	1.0
-0.006758841685950756	0.0
-0.0013436111621558666	0.0
0.0	0.0
-0.0025333897210657597	0.0
-2.0931163362547522e-06	0.0
0.0	0.0
-9.568486348143779e-06	1.0
0.0	1.0
0.0	0.0
0.0	1.0
0.0	0.0
-1.1859373216793756e-07	1.0
0.0	1.0
0.0	0.0
0.0	1.0
0.0	0.0
0.0	1.0
0.0	0.095
0.0	0.0
-9.843202133197337e-05	0.0
0.0	0.095
-0.010595409199595451	0.0
-0.021898239850997925	0.0
0.0	0.096
0.0	1.0
-0.0005695272702723742	0.0
-0.0007844188367016613	0.0
0.0	1.0
0.0	0.020994475138121547
0.0	1.0
-0.00022890541004016995	1.0
0.0	1.0
0.0	1.0
0.0	0.0
-4.121712481719442e-05	0.0
0.0	1.0
-0.0006113993586041033	0.0011325028312570782
0.0	0.0
0.0	0.0
0.0	1.0
0.0	0.0
0.0	1.0
0.0	0.0
-1.8359633031650446e-05	1.0
0.0	0.0
0.0	1.0
0.0	1.0
-0.001406337833032012	0.0
-2.2043739136279328e-06	0.0
0.0	0.0
0.0	0.0
-0.00032276968704536557	0.0
-8.881583113407032e-08	1.0
0.0	1.0
0.0	1.0
0.0	1.0
-0.00041845414671115577	0.0
-6.688204621241312e-07	0.0
0.0	1.0
-7.238619673444191e-06	1.0
0.0	1.0
0.0	0.0
0.0	1.0
-0.0009414361556991935	1.0
0.0	1.0
-6.33638264844194e-05	0.0
0.0	0.0
0.0	0.0
0.0	1.0
-8.807431731838733e-05	0.0
0.0	1.0
-3.4212960144941462e-06	0.0
-0.00024105059856083244	1.0
-8.109213744944554e-09	0.0
0.0	1.0
-0.0002684247447177768	0.0
0.0	1.0
-0.00041263835737481713	0.0
0.0	0.0
-0.0020494430791586637	0.0
0.0	0.0
0.0	0.0
0.0	0.0
0.0	1.0
-2.393221166130388e-06	0.0
-0.0019368873909115791	0.0
0.0	0.0
-6.717463838867843e-05	0.0
-0.029373666271567345	0.0
0.0	1.0
-7.309041393455118e-05	0.0
-0.0002026682486757636	1.0
0.0	0.0
0.0	0.0
-7.428669505316066e-06	1.0
0.0	1.0
-5.3108077935348774e-08	0.002
0.0	0.0
0.0	0.002
0.0	0.0
0.0	0.0
-7.2401121542498e-08	0.0
0.0	0.0
0.0	0.0
-2.8387441489030607e-05	0.0
-1.9875209034125874e-07	1.0
-0.001046854187734425	1.0
-0.002049144823104143	1.0
-0.003453850280493498	0.0
0.0	1.0
0.0	0.0
-0.001218448276631534	0.0055248618784530384
0.0	0.033
-9.635870810598135e-06	0.0
0.0	0.0
-0.0019401556346565485	0.0
-0.004031276796013117	0.033
0.0	1.0
-5.323771802068222e-06	0.0
-0.001270354725420475	0.0
0.0	0.001006036217303823
0.0	0.0
-9.52856644289568e-05	1.0
0.0	0.0
0.0	1.0
-0.006166504696011543	0.0
0.0	0.0
0.0	0.006
0.0	1.0
0.0	1.0
0.0	1.0
0.0	0.0
0.0	0.0
-0.0007581402314826846	1.0
0.0	0.0
0.0	0.0
0.0	0.0
