0.0	0.0
0.0	0.0
0.0	0.0
-0.006408715154975653	0.0
-1.4367650692292955e-05	0.0
0.0	0.0
-1.6695777958375402e-05	0.0
-4.590910152035832e-10	1.0
0.0	0.0
-2.0928655430907384e-06	1.0
-0.00015436741523444653	0.0
0.0	1.0
0.0	1.0
0.0	0.0
0.0	1.0
0.0	0.0
-7.027730219988371e-08	0.0
-0.0027635961305350065	0.03669724770642202
0.0	0.03669724770642202
-7.987344119442241e-09	0.0
0.0	1.0
0.0	1.0
0.0	0.03669724770642202
0.0	0.0
0.0	0.03669724770642202
-0.00018914288375526667	0.03669724770642202
0.0	0.03669724770642202
0.0	0.0
0.0	0.002
-6.7282721829542425e-06	0.0
-0.006396329961717129	0.0
0.0	0.071
0.0	1.0
0.0	0.016146393972012917
0.0	1.0
-0.00015724058903288096	0.08196721311475409
0.0	0.0
-0.00015283504035323858	1.0
0.0	1.0
-5.0288759666727856e-05	1.0
0.0	1.0
-1.5492780221393332e-05	1.0
0.0	0.0
0.0	0.0
0.0	0.0
0.0	0.0
-0.0007444090442731977	0.0
0.0	0.0
-0.000950703164562583	1.0
-0.011355472728610039	0.0
0.0	1.0
0.0	0.0
-1.021888692775974e-06	1.0
0.0	0.0
0.0	0.0
0.0	0.0
-3.146139306409168e-06	0.0
0.0	0.0
0.0	1.0
0.0	0.0
0.0	1.0
0.0	1.0
-9.55366658672574e-07	0.0
0.0	1.0
0.0	0.0
0.0	1.0
0.0	0.001
-0.0012608192628249526	0.0
0.0	0.0
0.0	0.0
0.0	0.0
-0.0028093650471419096	0.0
-1.5302581232390366e-05	1.0
-8.49492207635194e-05	0.0
0.0	0.0
-3.342234776937403e-05	1.0
0.0	0.0
0.0	0.0
0.0	0.0
0.0	1.0
0.0	0.0
-1.750945557432715e-05	0.0
-2.3547156615677522e-06	1.0
0.0	0.0
0.0	1.0
0.0	0.0
0.0	1.0
0.0	1.0
-2.9141247068764642e-05	0.0
0.0	1.0
0.0	0.0
-0.0003949803940486163	1.0
0.0	1.0
-0.00015241900109685957	0.001
-1.0926450158876833e-05	0.0
-5.90627605561167e-05	1.0
0.0	0.0
0.0	0.0
0.0	0.0
0.0	0.0
0.0	0.006
0.0	0.0
0.0	0.006
-0.0023988503962755203	0.0
0.0	0.682
-5.303597208694555e-05	0.011
0.0	0.0
0.0	0.011
-2.2268607791087192e-10	0.0
-0.0004845297953579575	0.01609657947686117
0.0	0.00508130081300813
0.0	0.016080402010050253
0.0	0.016
0.0	1.0
0.0	0.0
-0.00010519657371332869	1.0
-0.0039200992323458195	0.0
-2.2002862465342332e-07	1.0
-0.0017135855741798878	0.0
0.0	0.0
0.0	0.0
0.0	0.0
0.0	1.0
0.0	0.0
-0.005660532042384148	0.0
-6.708346973027801e-06	0.0
0.0	1.0
0.0	0.0
0.0	0.0
0.0	0.0
0.0	0.0
0.0	0.001
-0.029010314494371414	0.0
0.0	1.0
-9.90622447716305e-06	1.0
0.0	0.001
0.0	0.0
-0.0019309858325868845	0.0
0.0	0.0
0.0	0.0
-2.296808634127956e-05	0.004
-2.2712061763741076e-05	0.0
0.0	0.004
0.0	0.004
-0.000248975760769099	0.004
-1.6606512076577928e-07	0.0
-0.004609234165400267	0.0
-2.3525960841652704e-06	0.0
0.0	0.0
0.0	1.0
-2.7305866296956083e-06	0.0
-0.00017696316353976727	1.0
-0.03303087502717972	0.0
0.0	0.0
-6.457978685148191e-08	1.0
-8.922481356421486e-06	1.0
0.0	1.0
0.0	0.0
0.0	1.0
0.0	1.0
-6.477942952187732e-05	1.0
0.0	1.0
0.0	1.0
0.0	1.0
0.0	0.0
0.0	1.0
-1.6546408687645453e-08	1.0
0.0	1.0
-3.177342296112329e-05	1.0
0.0	1.0
-2.6426534532220103e-05	1.0
-0.0004350458038970828	1.0
0.0	1.0
0.0	1.0
-0.0016643081326037645	1.0
0.0	1.0
0.0	0.0
0.0	0.0
0.0	0.0
0.0	0.0
-0.0033967846538871527	0.0
0.0	0.0
0.0	0.0
-8.710318297744379e-07	0.0
0.0	0.0
0.0	0.0
0.0	0.0
0.0	0.0
0.0	0.0
-0.009760982356965542	0.0
0.0	1.0
-3.0837841791253595e-07	1.0
-3.2952334549918305e-07	1.0
-0.010882709175348282	0.0
0.0	0.0
-1.3354630027606618e-05	1.0
-4.8730573354305307e-08	0.0
0.0	0.0
0.0	0.0
-9.842431154538644e-07	0.0
0.0	0.0
0.0	0.0
0.0	0.0
0.0	0.0
-2.3668924598041485e-07	0.0
0.0	0.0
0.0	0.0
-0.0015323720872402191	0.0
-4.327001477122394e-07	0.0
0.0	0.0
0.0	0.0
0.0	1.0
-4.252099824952893e-05	1.0
0.0	0.0
0.0	0.0
0.0	0.0
-0.00388449989259243	0.0
0.0	0.0
0.0	1.0
-0.0058350092731416225	0.0
0.0	0.0
0.0	0.0
-6.600313645321876e-05	1.0
-1.6174059055629186e-05	0.0
0.0	0.0
0.0	0.0
0.0	0.0
-1.6600692106294446e-05	0.0
-4.935805740258005e-18	0.0
0.0	0.0
0.0	1.0
0.0	0.0
0.0	1.0
0.0	1.0
0.0	0.0
0.0	1.0
0.0	1.0
0.0	0.0
0.0	0.5
0.0	1.0
0.0	1.0
0.0	0.0
-0.02755161002278328	0.0
-0.001560686738230288	0.0
0.0	1.0
0.0	1.0
0.0	1.0
0.0	0.0
0.0	0.0
0.0	1.0
-3.826275860774331e-05	0.0
0.0	1.0
-2.6080056159116793e-06	0.0
-1.1700145563509068e-07	1.0
-8.229976422580165e-11	1.0
-6.635594763793051e-05	1.0
0.0	0.0
-0.0013836685102432966	0.0
0.0	1.0
0.0	0.0
0.0	1.0
-0.007120251189917326	0.0
0.0	0.0
-3.080207477967889e-10	0.0
-0.0021591726690530777	0.0
0.0	0.0
0.0	1.0
-3.781693885684945e-05	0.0
-2.5444733182666823e-05	0.0
0.0	0.111
0.0	0.005
-5.419623221314396e-07	1.0
0.0	1.0
0.0	1.0
0.0	1.0
0.0	1.0
0.0	1.0
-1.368835228277021e-06	0.0
0.0	0.677
0.0	0.0
-5.014520502300002e-05	1.0
-4.234581410855753e-06	0.677
0.0	1.0
0.0	0.0
0.0	1.0
0.0	0.0
0.0	0.0
0.0	0.0
0.0	0.004
0.0	0.0
0.0	1.0
0.0	0.0
-0.024798424914479256	0.0
0.0	1.0
-3.211506964362343e-06	1.0
0.0	0.0
0.0	0.0
0.0	0.0
0.0	1.0
-2.5056687391611376e-08	1.0
0.0	1.0
-7.341222385548463e-08	0.0
0.0	0.044
-8.06054231361486e-07	1.0
0.0	1.0
0.0	1.0
0.0	0.006
0.0	1.0
-4.219862967147492e-05	0.066
0.0	0.0
-0.0006057245191186666	0.066
0.0	0.001
-0.0004706443287432194	1.0
-0.00020333151041995734	1.0
0.0	0.0
-1.616163672224502e-06	1.0
0.0	0.001
0.0	0.0
0.0	1.0
-9.815062367124483e-05	0.023069207622868605
-0.0004674223018810153	0.023069207622868605
0.0	0.023069207622868605
-5.650089747177844e-07	0.0
0.0	0.023069207622868605
0.0	0.023069207622868605
-3.5571483749663457e-06	0.023
-0.00025369503418914974	0.023
-0.0001293522072955966	0.0
0.0	1.0
0.0	1.0
0.0	1.0
0.0	0.0
-0.0021567465737462044	0.0
-9.313282498624176e-05	0.0
0.0	0.0
-0.0004164731362834573	0.0
-0.008689314126968384	0.0
0.0	0.0
-1.4394514025184435e-08	0.0
-4.503146744383457e-09	0.0
-0.0007276642136275768	0.0
0.0	1.0
0.0	1.0
-7.01100546507405e-08	1.0
0.0	1.0
0.0	1.0
-0.004367664456367493	0.0
-0.0037553852889686823	0.0
0.0	1.0
0.0	0.056
0.0	0.0
-0.0003185079258400947	0.0
0.0	1.0
-0.0007920628995634615	0.0
0.0	0.939
0.0	0.0
0.0	1.0
0.0	0.0
-0.002259602537378669	0.0
0.0	1.0
-0.000553891877643764	0.0
-3.774383912968915e-06	0.0
-2.082712668993736e-08	0.0
0.0	0.0
0.0	0.0
-6.925673005753197e-06	0.0
-0.00026259146397933364	0.0
0.0	0.0
-0.00081338279414922	0.0
0.0	0.0
0.0	0.003
-0.0011238399893045425	0.003
0.0	0.0
0.0	0.0
-1.1605572581174783e-05	0.0
0.0	0.0
0.0	1.0
-0.00012810801854357123	0.0
-0.0011792469304054976	1.0
0.0	0.013
0.0	0.0
0.0	0.0
0.0	1.0
0.0	0.0
-0.002648214576765895	0.0
0.0	1.0
-0.004518087953329086	0.0
-0.0001478348858654499	0.0
0.0	0.0
-4.267580879968591e-05	0.0
0.0	0.0
0.0	1.0
-0.00395460519939661	0.0
-7.915924652479589e-05	1.0
0.0	1.0
0.0	0.0
0.0	1.0
-1.0711016492151448e-12	0.0
0.0	0.0
-6.846252290415578e-06	0.0
0.0	0.0
0.0	0.0
-3.093104439244598e-08	1.0
-0.019286533817648888	0.0
0.0	1.0
0.0	1.0
-1.4966295225349313e-07	1.0
-0.0004812210681848228	1.0
0.0	0.001001001001001001
0.0	0.001001001001001001
0.0	0.0
-3.0742485250812024e-05	0.0
0.0	1.0
0.0	1.0
0.0	1.0
0.0	1.0
-2.4751007003942505e-05	1.0
0.0	0.0
0.0	1.0
-5.3293661039788276e-05	0.0
0.0	1.0
0.0	1.0
-6.420633872039616e-05	1.0
0.0	0.0
0.0	1.0
0.0	0.0
0.0	0.0
0.0	0.0
-0.00018687038391362876	0.0
-0.0003199581697117537	1.0
0.0	0.0
0.0	0.001
0.0	1.0
0.0	1.0
-1.74003659481059e-07	0.0
-3.440323803616252e-09	1.0
0.0	0.002
0.0	0.002
0.0	0.002
-1.0804035355249653e-07	0.0
0.0	0.0
-0.0008284013601951301	0.0
0.0	1.0
0.0	1.0
0.0	1.0
0.0	0.0
0.0	0.065
0.0	0.0
-0.006299406290054321	0.0
0.0	0.0
0.0	0.03956043956043956
0.0	0.09
-2.9824101147823967e-05	0.09
0.0	0.09
0.0	0.0
-9.71718691289425e-07	1.0
0.0	1.0
0.0	1.0
-0.00016223300190176815	1.0
0.0	1.0
0.0	1.0
-5.8532940272471023e-08	0.0
-4.78900938105653e-06	0.0
-1.3912615060007738e-08	1.0
0.0	0.0
0.0	1.0
0.0	1.0
-0.0008211323292925954	0.0
0.0	0.0
0.0	1.0
0.0	1.0
0.0	1.0
0.0	1.0
0.0	0.0
-0.00010361917520640418	0.0
-0.00034936497104354203	1.0
-0.0019154648762196302	0.0
0.0	0.166
0.0	1.0
-0.004041850101202726	0.0
0.0	0.0
0.0	1.0
0.0	1.0
0.0	1.0
0.0	1.0
0.0	1.0
0.0	0.0
0.0	0.0
0.0	0.0
0.0	1.0
0.0	0.0
0.0	1.0
-3.7884209658223256e-11	1.0
0.0	0.005
0.0	0.005
0.0	0.0
-5.931167024186834e-08	1.0
-0.0006856559193693101	0.0
-0.006661778315901756	0.0
0.0	1.0
-0.0001490247086621821	0.0
0.0	1.0
-0.0014464406995102763	1.0
0.0	1.0
0.0	1.0
0.0	1.0
-0.022864941507577896	0.0
0.0	0.0
-2.5959547400589145e-08	1.0
0.0	1.0
0.0	0.0
-0.000324495806125924	1.0
-5.679603054886684e-05	0.0
0.0	0.0
0.0	0.0
0.0	0.0
-0.000646627158857882	0.0
0.0	0.0
0.0	0.0
0.0	0.0
0.0	0.0
0.0	0.0
-8.381477414332039e-07	0.0
0.0	0.0
-0.05339296907186508	0.0
-0.00011679169983835891	0.021
0.0	0.0
-0.0001528001157566905	0.0
0.0	0.0
0.0	0.0
0.0	0.0
-0.0014200705336406827	0.0
0.0	0.001
-1.6318214335342418e-08	1.0
0.0	1.0
0.0	1.0
-2.154615003746585e-06	1.0
0.0	1.0
0.0	0.0
-0.0005587876657955348	1.0
-6.240564107429236e-05	0.0
-0.0038402415812015533	0.0
0.0	0.0
0.0	0.0
0.0	0.0
0.0	0.0
0.0	0.0
-5.7462188124191016e-05	0.0
0.0	0.0
0.0	0.0
0.0	0.008130081300813009
-5.748276521444495e-07	1.0
-1.2269381841178983e-05	0.0
-1.910600844201582e-10	0.0
-0.00910491868853569	0.0
-0.003567308885976672	0.0
-1.0286659062330727e-06	1.0
-0.0007257511606439948	1.0
0.0	1.0
-2.2857200576709147e-08	0.0
-0.0015377613017335534	0.0
-0.00024364069395232946	0.007007007007007007
-0.0014737690798938274	0.0
-0.008929637260735035	0.0
0.0	0.007
0.0	0.0103397341211226
0.0	0.0
0.0	0.0
-0.0024559409357607365	1.0
0.0	1.0
-0.0028155550826340914	0.0
-1.4676385662326652e-09	1.0
0.0	0.0
0.0	0.001
0.0	1.0
-0.00033163774060085416	0.0
-0.00023893809702713042	1.0
0.0	0.13312034078807242
0.0	1.0
0.0	1.0
0.0	0.0
-2.251450723633752e-06	0.0
0.0	0.0
0.0	0.0
0.0	0.0
-0.0021627945825457573	1.0
0.0	1.0
0.0	1.0
-3.7051613617222756e-05	1.0
0.0	0.251
0.0	0.0
0.0	0.251
0.0	0.0
0.0	0.0
-1.6288028064082027e-06	1.0
0.0	1.0
0.0	1.0
-0.0023820511996746063	1.0
-0.00032287053181789815	1.0
-4.883356814389117e-05	1.0
0.0	1.0
0.0	0.0
0.0	0.005025125628140704
0.0	0.0
0.0	1.0
-0.00011527199239935726	1.0
0.0	1.0
0.0	0.0
-3.7165882531553507e-06	0.0
-0.003265741979703307	1.0
0.0	1.0
-0.0029515367932617664	0.0
0.0	0.0
-0.0020159187261015177	0.0
-3.092214319622144e-05	1.0
-0.004332214128226042	0.0
-3.0001565392012708e-05	0.0
0.0	0.034
-0.0050414446741342545	0.0
0.0	0.034
-0.002871127799153328	0.035
0.0	0.0031088082901554403
0.0	0.03510531594784353
0.0	0.037111334002006016
-0.0016197905642911792	1.0
-0.0003048785438295454	0.003115264797507788
0.0	0.0
0.0	1.0
0.0	0.0
0.0	1.0
0.0	1.0
0.0	0.0
-8.14355605172068e-09	1.0
-0.009408186189830303	0.0
-0.04082294926047325	0.0
-9.013930366563727e-07	1.0
0.0	1.0
0.0	0.0
-0.00017588546324986964	0.0
0.0	0.0
0.0	1.0
-0.0001025753008434549	0.0
