0.0	1.0
-2.3944298845890444e-06	1.0
-3.555228977347724e-05	0.0
0.0	0.0
0.0	0.0
0.0	0.0
-0.0012893250677734613	0.0
0.0	0.0
0.0	1.0
-0.0002078184043057263	1.0
0.0	1.0
-1.2158495044101159e-10	1.0
0.0	0.0
0.0	1.0
0.0	0.0
-6.045839654689189e-06	1.0
-0.0015635298332199454	1.0
0.0	1.0
0.0	1.0
0.0	0.001
-0.00199724524281919	1.0
0.0	1.0
0.0	0.0
-0.0004462992073968053	1.0
-0.000837742758449167	1.0
-0.0002820588124450296	0.017
0.0	0.017
0.0	1.0
-0.0007615876384079456	1.0
0.0	0.017
0.0	0.0
0.0	1.0
0.0	0.0
-0.0003078796435147524	0.0
-3.520973734794097e-07	0.0
0.0	0.0
0.0	0.0
0.0	0.0
0.0	0.0
0.0	0.0
-5.79198194827768e-06	0.0
-0.00012177215103292838	0.0
0.0	0.0
0.0	0.0
0.0	0.0
-0.013924296014010906	0.0
0.0	0.0
0.0	1.0
-0.0020576417446136475	0.0
0.0	0.0
0.0	0.0
-0.0001329523220192641	0.0
0.0	1.0
-7.3165625508409e-05	0.043
-1.7172288835354266e-07	0.0
0.0	0.0
-1.1659316356826821e-07	1.0
-0.0012370654148980975	0.036
0.0	0.0
0.0	0.0
0.0	0.0
0.0	0.0
-5.132149817654863e-05	0.0
0.0	0.03610832497492478
-0.004517798312008381	0.0
-0.002345325890928507	0.0
-0.0061716437339782715	0.0
0.0	0.0
0.0	0.038
0.0	0.0
0.0	0.0
0.0	0.0
-0.0002560302091296762	1.0
0.0	0.0
0.0	1.0
0.0	0.0
0.0	0.0
0.0	0.0
0.0	0.1731984829329962
0.0	1.0
0.0	0.001
-0.0003375966043677181	0.0
0.0	0.0
0.0	0.0
-0.00014690090029034764	0.0
-0.0013154334155842662	0.0
0.0	1.0
0.0	0.0
0.0	0.0
-0.00033472839277237654	0.0
0.0	0.0
-1.433852844456851e-06	0.0
-0.00026355235604569316	0.0
-0.03235561028122902	0.0
-7.939673196233343e-06	1.0
-0.00017740872863214463	0.0
-9.140773727267515e-06	0.0
0.0	0.0
-0.005839891266077757	0.13
-5.501864052348537e-06	1.0
-9.473715215091438e-12	1.0
0.0	0.0
0.0	0.1708229426433915
0.0	0.22943221320973348
-0.001246410422027111	1.0
0.0	1.0
0.0	1.0
0.0	1.0
0.0	0.0
0.0	0.0
0.0	1.0
-0.15931336581707	0.0
0.0	1.0
-2.320895191587624e-06	0.03112033195020747
-3.9904905861476436e-05	0.03711340206185567
0.0	0.0
-4.151180441058777e-11	0.0
0.0	0.0
0.0	0.0
0.0	0.0
0.0	0.0
0.0	0.0
-0.015465578064322472	0.0
0.0	0.0
0.0	1.0
0.0	0.0
-0.0004166377184446901	1.0
0.0	1.0
-5.94421180721838e-05	0.0
-0.0008538186666555703	0.0
0.0	0.0
0.0	1.0
0.0	0.0
0.0	0.827
0.0	0.827
0.0	0.0
-1.5350724164031604e-12	0.0
0.0	1.0
0.0	1.0
0.0	0.0
-0.001958070555701852	1.0
-0.0007621258846484125	0.0
-0.0005967710167169571	0.0
0.0	1.0
-6.422286242013797e-05	0.004032258064516129
-0.0011281120823696256	0.004032258064516129
0.0	0.0
0.0	0.0
0.0	0.0
0.0	0.0
-1.7536741552248714e-06	0.0
0.0	0.0
-0.0002958904660772532	0.0
0.0	0.0
-0.001800468540750444	0.0
0.0	0.0
-0.004580952692776918	0.0
0.0	0.0
0.0	0.0
0.0	0.0
0.0	0.0
-0.0002737700706347823	0.0
0.0	0.0
0.0	0.0
-3.2821108106873e-06	0.0
-0.007075737230479717	0.0
0.0	1.0
0.0	1.0
0.0	0.0
-0.0034714520443230867	0.0
0.0	1.0
0.0	0.0
0.0	1.0
0.0	1.0
0.0	0.0
0.0	0.0
-3.2482496408192674e-06	0.4135429262394196
-0.0010998259531334043	0.0
0.0	0.0
0.0	1.0
-5.436970695882337e-07	1.0
0.0	1.0
0.0	1.0
-0.0005320975906215608	0.0
-3.218778510927223e-05	0.0
0.0	0.0
-1.4300349903351162e-05	1.0
-4.2375665151341e-13	0.011
0.0	0.0
0.0	0.0
-0.0009249307331629097	0.011
0.0	0.0
-0.0016391408862546086	0.0
0.0	0.011
0.0	0.011
-1.0339294931327458e-05	0.011
-2.2207905203686096e-05	1.0
-2.0668114302679896e-05	1.0
-0.00019194379274267703	0.0
0.0	1.0
0.0	1.0
0.0	0.3490276356192426
0.0	0.0
0.0	1.0
0.0	0.0
0.0	1.0
0.0	1.0
0.0	0.0
0.0	0.0
0.0	1.0
-0.00011776553583331406	0.036
-6.95841881679371e-05	0.0
-7.732209184041494e-08	0.0
-4.6335139813891146e-07	0.0
-9.262003004550934e-05	0.0
0.0	0.0
-0.009837268851697445	0.0
0.0	1.0
0.0	1.0
-0.007016487419605255	0.0
-4.887124305241741e-06	1.0
-1.7707746380324352e-08	0.0
-4.923341521134716e-07	1.0
0.0	1.0
0.0	1.0
-0.03502938896417618	0.0
0.0	1.0
0.0	1.0
-3.16033919034453e-07	0.0
-4.148501830059104e-06	1.0
-4.855466376185724e-11	1.0
0.0	0.0
-2.1940924455066124e-07	0.0
0.0	0.0
-3.908661394547153e-09	1.0
0.0	0.0
0.0	0.017
-8.817045454634354e-06	0.0
0.0	0.0
-0.001513510593213141	0.0
0.0	0.0
-0.002445608377456665	0.0
0.0	1.0
-0.0002261842746520415	1.0
0.0	0.0
0.0	0.0
-1.913025537677096e-13	0.0
-7.43928410429362e-07	0.015
0.0	1.0
0.0	1.0
0.0	1.0
-0.0002702309575397521	0.0
-0.0017894379561766982	0.0
-0.0006571440608240664	0.0
-0.008043996058404446	0.0
0.0	0.0
0.0	0.001
0.0	0.0
0.0	1.0
-0.006779717747122049	0.0
-0.006513090338557959	0.0
-0.0007110416772775352	1.0
-8.86963025550358e-05	0.0
-4.753163125315041e-07	1.0
-0.0007292780792340636	0.0
0.0	0.0
0.0	1.0
-8.13036531326361e-05	0.0
0.0	0.0
0.0	0.0
-0.0008351348224096	0.0
0.0	0.0
-3.085907155764289e-05	0.0
-0.000666668638586998	0.0
-3.8074802432674915e-05	1.0
-0.0014249315718188882	0.0
0.0	0.0
0.0	0.0
0.0	0.0
-5.417376200966828e-07	0.0
-0.0005862739635631442	1.0
0.0	1.0
-4.3506106521817856e-06	1.0
-4.789046101905114e-07	0.128
-0.008844454772770405	0.0
0.0	0.128
0.0	0.0
-0.023627115413546562	0.0
0.0	0.0
-0.0004455750749912113	0.0
-0.0002418030780972913	0.0
0.0	0.0
-7.374362758127972e-05	1.0
0.0	1.0
0.0	1.0
-1.7950953406398185e-05	1.0
0.0	0.0
0.0	1.0
0.0	1.0
0.0	0.0
0.0	0.0
-5.25904169990099e-06	0.0
0.0	0.469
0.0	0.469
0.0	1.0
-2.7849077923747245e-06	1.0
0.0	0.0
-5.986461246720864e-07	0.0
-0.005137661471962929	0.0
-3.537056272762129e-06	0.0
-0.001618123846128583	0.0
0.0	0.0
0.0	1.0
0.0	0.069
0.0	1.0
0.0	0.069
0.0	0.0
0.0	1.0
-9.45546489674598e-05	1.0
0.0	0.0
0.0	1.0
0.0	0.0
-0.001456769066862762	0.0
0.0	0.0
-0.006765746511518955	0.0
0.0	1.0
0.0	0.08723135271807839
-8.560212882002816e-05	0.0
-0.00017136239330284297	1.0
0.0	0.0
0.0	0.0
-8.53549408930121e-08	0.0
-0.00058175582671538	0.0
0.0	0.0
-0.013750226236879826	0.0
0.0	1.0
-0.0016924855299293995	0.0
-6.129768280516146e-06	0.0
-0.006128937937319279	0.0
0.0	0.0
0.0	0.07
0.0	0.07
0.0	0.07
0.0	0.0
0.0	0.0
-0.00010476361057953909	1.0
0.0	0.0
0.0	0.0
0.0	0.006018054162487462
0.0	0.006
-0.0010536322370171547	0.0
0.0	0.0
-1.3409406562914228e-07	0.0
-0.00267864391207695	1.0
-3.094501153100282e-07	0.0
0.0	1.0
-7.523229955674893e-11	1.0
-0.0007175120408646762	1.0
0.0	0.0
0.0	1.0
0.0	0.0
0.0	1.0
0.0	1.0
-0.00017269814270548522	0.0
0.0	1.0
-0.005182619672268629	0.0
0.0	0.0
-4.9726969209018534e-09	1.0
-4.06031475108648e-08	0.0
-0.0019209012389183044	0.0
0.0	0.0
-9.987727025873028e-06	1.0
-8.828774517022353e-12	0.0
0.0	0.0
0.0	1.0
-4.7942075980245136e-06	1.0
0.0	1.0
0.0	1.0
0.0	1.0
0.0	1.0
-0.0006814500666223466	1.0
0.0	0.0
0.0	1.0
0.0	0.0
-1.8182805661126622e-06	1.0
-0.03362131118774414	0.0
-3.399184362803953e-12	0.02702702702702703
0.0	1.0
0.0	0.0
-0.04957319423556328	0.0
0.0	0.0
-0.00012050284567521885	1.0
0.0	1.0
0.0	1.0
0.0	0.0
0.0	1.0
-0.0009198554907925427	0.346
0.0	0.0
0.0	1.0
0.0	1.0
0.0	1.0
0.0	0.0
0.0	0.0
-0.0008364537497982383	1.0
-0.00041238366975449026	0.0
-0.007533181458711624	0.0
0.0	1.0
-0.030599446967244148	0.0
-0.0003364377480465919	0.0
-0.012401527725160122	0.0
0.0	0.0
0.0	0.0
0.0	0.0
-0.0002011329197557643	0.0
0.0	1.0
0.0	0.0
-2.2094184259913163e-07	0.0
0.0	1.0
0.0	1.0
-2.310183845111169e-06	1.0
0.0	0.0
-3.1688023227616213e-07	1.0
-0.003597176168113947	0.0
0.0	0.0
-0.0025601540692150593	0.0
0.0	1.0
0.0	1.0
0.0	0.0
0.0	1.0
0.0	1.0
-0.00019188674923498183	0.0
-2.176367697170889e-10	0.0
0.0	0.0
0.0	1.0
0.0	0.0
-0.00621430529281497	0.0
0.0	1.0
-0.04172153025865555	0.0
0.0	1.0
-6.620930435019545e-06	1.0
0.0	0.0
0.0	0.0
0.0	1.0
0.0	1.0
0.0	1.0
0.0	0.0
-7.392612133116927e-06	1.0
0.0	0.0
-4.524300038610818e-06	1.0
0.0	1.0
0.0	0.0
0.0	1.0
-0.00018663138325791806	1.0
0.0	1.0
0.0	1.0
0.0	0.0
0.0	0.0
0.0	0.0
-0.008297348394989967	0.0
0.0	1.0
-3.2616731004964095e-06	0.0
-0.00015410938067361712	0.0
0.0	0.0
0.0	0.0
0.0	0.0
0.0	0.0
-3.621503492468037e-05	0.0
-0.0015851659700274467	0.0
-1.4996508070908021e-06	0.0
0.0	0.0
0.0	1.0
-8.717113814782351e-05	0.0
0.0	0.0
0.0	0.0
0.0	1.0
0.0	0.0
0.0	1.0
-0.00422548595815897	0.0
0.0	0.0
0.0	1.0
0.0	0.0
0.0	0.0
0.0	1.0
-5.403095656220103e-06	1.0
0.0	1.0
0.0	1.0
-0.00835819635540247	0.0
0.0	0.0
-0.004615976009517908	0.0
-0.0008891699835658073	0.0
-1.2837708709412254e-06	0.0
-1.3351341294765007e-05	1.0
0.0	1.0
0.0	1.0
0.0	1.0
-0.0014242575271055102	1.0
0.0	1.0
-0.0005505821318365633	0.0
0.0	0.0
0.0	1.0
-2.2603506295126863e-05	0.0
0.0	1.0
0.0	0.0
-0.0005719029577448964	1.0
-6.972774281166494e-05	1.0
-2.4662147879439544e-08	0.0
0.0	1.0
-0.00027030182536691427	0.0
-0.006099063437432051	0.0
0.0	1.0
-1.384732950526768e-08	1.0
0.0	1.0
-0.0012401350541040301	1.0
0.0	1.0
0.0	0.002068252326783868
0.0	1.0
0.0	0.001
0.0	1.0
-0.0003152805147692561	1.0
0.0	1.0
-7.13805377472454e-07	1.0
-0.00076169369276613	0.0
-9.272745765676049e-11	0.0
-0.00037001672899350524	1.0
0.0	0.0
-0.0033130422234535217	0.0
0.0	0.0
0.0	1.0
0.0	1.0
-4.536628694040701e-06	0.0
-2.5566635031282203e-06	1.0
-3.480419036350213e-05	1.0
-1.6437348904219107e-06	0.0
-0.0012373726349323988	1.0
0.0	1.0
0.0	0.0
0.0	0.0
0.0	0.013078470824949699
-3.1508123356616125e-05	0.0
0.0	0.007
0.0	0.020527859237536656
-3.681457747006789e-05	1.0
-3.786385786952451e-05	1.0
-0.0019924789667129517	0.0
-0.00037983854417689145	1.0
0.0	1.0
0.0	1.0
-3.3098958738264628e-06	0.0
0.0	0.006
0.0	0.0
0.0	0.0
0.0	0.0
-0.015981309115886688	0.0
-4.9774430408433545e-06	1.0
-1.065501159525084e-10	0.0
0.0	1.0
-0.00046137155732139945	1.0
0.0	0.0
0.0	0.0
-0.0001069942009053193	0.0
-9.856186807155609e-05	0.03160040774719674
-2.172809763578698e-05	0.0
-7.899016761048292e-15	0.15
-0.00019520703062880784	0.013
0.0	0.0
0.0	1.0
-3.1494692270817026e-11	0.0
-4.981445811402807e-12	0.0
0.0	0.013
0.0	1.0
0.0	0.0
0.0	0.0
0.0	0.0
0.0	0.128
0.0	0.128
0.0	0.0
0.0	0.0
-7.415439995384077e-06	0.0
-0.002343180123716593	0.0
-0.00017509052122477442	0.0
-0.004707737360149622	0.0
0.0	0.0
0.0	0.0
-1.176924524770584e-05	0.0
-3.595011730794795e-05	0.0
-8.766282917349599e-07	0.0
-1.0698988570090329e-11	0.0
0.0	1.0
0.0	1.0
-0.0013041114434599876	0.0
0.0	0.0
-0.00274995481595397	1.0
0.0	1.0
-0.0031067817471921444	1.0
0.0	1.0
-1.375693614136253e-06	0.0
0.0	1.0
0.0	0.0
-2.2877006813359912e-06	0.0
0.0	1.0
0.0	1.0
0.0	1.0
-1.1280545386682661e-08	1.0
0.0	0.0
-6.158230462460779e-06	0.964
-1.0397430742159486e-05	0.0
-2.5841197270892735e-07	1.0
0.0	0.0
0.0	1.0
0.0	0.0
0.0	0.209
-5.567993355271028e-08	1.0
0.0	1.0
-0.002564299153164029	0.209
-0.00012927662464790046	0.0
0.0	1.0
-1.8374017599853687e-05	1.0
0.0	0.0
-2.3828758912713965e-06	1.0
0.0	1.0
0.0	0.0
0.0	1.0
0.0	0.001002004008016032
-9.615439466870157e-07	1.0
0.0	0.001002004008016032
0.0	0.0
0.0	1.0
0.0	1.0
0.0	0.0
0.0	0.0
-1.0298513153372824e-08	0.011
0.0	0.011
0.0	0.0010111223458038423
0.0	0.0010111223458038423
0.0	0.013317191283292978
0.0	0.0010111223458038423
0.0	0.0
0.0	0.01001001001001001
-0.001419906853698194	0.01
-0.0014942062553018332	0.0
0.0	0.01
0.0	0.0
0.0	0.036
-8.123485599753621e-07	1.0
0.0	1.0
0.0	1.0
-0.00014067288429941982	1.0
-0.007480827160179615	0.0
-8.480383985443041e-05	0.0
0.0	0.0
0.0	0.0
-5.29649514646735e-06	0.0
0.0	0.0
0.0	0.0
-0.0004820876638405025	0.197
-4.6789128127500135e-09	0.0
0.0	0.0
0.0	0.0
-0.0012469894718378782	0.0
