0.0	0.0
-0.001516411080956459	0.0
-0.0005441391258500516	0.0
0.0	0.0
0.0	1.0
0.0	1.0
0.0	1.0
0.0	0.0
0.0	0.0
-8.230221055782749e-07	0.004
0.0	0.004
0.0	0.0
-1.3822541689023637e-07	0.0
-0.0007084103999659419	0.0
-1.526142412444642e-08	1.0
0.0	1.0
-0.0015664660604670644	0.0
0.0	0.0
0.0	1.0
0.0	1.0
0.0	0.0
0.0	1.0
0.0	0.0
0.0	1.0
-1.3744745956500992e-05	1.0
-0.0006913577090017498	0.0
0.0	1.0
0.0	1.0
0.0	1.0
-9.535248864267487e-06	0.0
-0.003206792753189802	0.02786377708978328
0.0	1.0
0.0	1.0
-9.07586290850304e-05	0.001
-0.06651810556650162	0.0
0.0	0.0
-8.470355169265531e-06	0.0
-0.00114351324737072	0.008
-0.002063203137367964	0.0
0.0	1.0
0.0	1.0
0.0	1.0
0.0	1.0
0.0	1.0
0.0	1.0
-0.000241952933720313	1.0
0.0	0.0
-9.29433463170426e-06	1.0
0.0	1.0
-1.3338370990823023e-05	1.0
0.0	0.0
0.0	1.0
-4.881215500063263e-05	1.0
0.0	1.0
-0.001547996187582612	0.0
-1.1257841379119782e-06	1.0
0.0	0.5185185185185185
-0.0006553083076141775	1.0
-2.3349650291493163e-05	1.0
-0.0051192124374210835	0.0
-3.946516244468512e-06	1.0
0.0	1.0
0.0	1.0
0.0	1.0
-0.0001747883070493117	0.973
-6.013472375343554e-05	1.0
-4.8552838194382275e-08	1.0
-9.271058587501102e-09	1.0
0.0	1.0
0.0	0.0
0.0	0.0
0.0	1.0
-0.00045933626824989915	1.0
-2.9227743652882054e-05	1.0
0.0	1.0
0.0	1.0
0.0	0.0
0.0	1.0
-4.5275774027686566e-05	1.0
0.0	1.0
0.0	1.0
-9.407863377219883e-10	1.0
-8.2805680715059e-12	1.0
-0.0021464338060468435	0.0051440329218107
-0.00017686290084384382	0.005
-0.0001879665069282055	0.0
0.0	0.0
0.0	0.0
0.0	0.0
0.0	0.0
-0.002288458403199911	0.0
0.0	0.0
0.0	1.0
0.0	1.0
0.0	0.0
-0.0020735582802444696	0.0
0.0	0.0
0.0	0.0
0.0	1.0
-1.1807178452727385e-06	1.0
0.0	1.0
0.0	0.02
-0.0004457367758732289	0.0
0.0	1.0
0.0	1.0
-8.34992533782497e-06	0.0
-8.516083482845715e-08	0.0
0.0	1.0
0.0	1.0
-0.009331508539617062	0.0
-0.0017027503345161676	0.0
-0.002081729471683502	0.0
0.0	0.084
0.0	0.0
0.0	0.0
-0.0022355911787599325	0.0
0.0	0.0
0.0	0.0
-3.1587380362907425e-05	1.0
0.0	0.0
0.0	1.0
0.0	0.001
0.0	0.0
0.0	1.0
-5.577021147473715e-05	1.0
-0.00031144593958742917	0.0
0.0	1.0
-0.0005954363150522113	0.002
0.0	1.0
-3.2002830266719684e-05	0.0
-0.0012881940929219127	0.0
-0.0046081156469881535	0.0
-6.058966164346202e-07	1.0
0.0	1.0
0.0	1.0
0.0	0.0
0.0	1.0
-0.0007846184307709336	1.0
0.0	1.0
0.0	0.0
-0.0003128878306597471	1.0
0.0	1.0
0.0	1.0
0.0	1.0
0.0	1.0
0.0	1.0
0.0	1.0
-2.9960840123959e-13	1.0
0.0	0.33433433433433435
0.0	1.0
0.0	0.23123123123123124
0.0	0.23765432098765432
-3.388261393411085e-05	0.0
0.0	0.037
0.0	1.0
0.0	1.0
-3.590974131384428e-07	0.0
0.0	0.003003003003003003
0.0	0.004012036108324975
0.0	0.0
0.0	1.0
0.0	0.003009027081243731
-0.002049342729151249	0.003009027081243731
0.0	0.0
0.0	0.0
-0.0002414836490061134	0.0
0.0	0.0
-0.0019344602478668094	0.0
0.0	0.0
0.0	0.0
0.0	1.0
-0.004517992492765188	0.005
-4.62385720823022e-08	0.0
0.0	0.0
-0.00014018559886608273	0.0010277492291880781
-5.860377859789878e-05	1.0
0.0	1.0
0.0	1.0
-2.8146143193907847e-08	0.0
0.0	0.0
-1.3807793131093149e-08	0.0010277492291880781
0.0	0.0
0.0	1.0
0.0	0.21274409044193218
-1.4531552551488858e-05	0.0
0.0	0.0
0.0	0.0
0.0	0.0
0.0	1.0
-0.00028680096147581935	0.0
-5.257930752122775e-06	1.0
-5.3011182899354026e-05	1.0
0.0	1.0
0.0	1.0
-4.978220999873884e-07	0.0
0.0	1.0
-0.0008307122625410557	1.0
0.0	0.001
0.0	1.0
-1.84157755711567e-07	0.0
0.0	1.0
0.0	1.0
-0.000995537848211825	0.0
0.0	0.0
-6.295396360656014e-06	0.0
0.0	0.0
-0.0027281411457806826	0.0
0.0	0.973
0.0	0.973
0.0	0.0
0.0	0.986
0.0	0.0
0.0	0.0
0.0	1.0
0.0	1.0
0.0	1.0
0.0	0.0
-0.00023316367878578603	0.0
-5.377136069739663e-09	1.0
0.0	1.0
0.0	0.21495327102803738
-0.00021239288616925478	0.0
-2.6960892682836857e-06	0.0012610340479192938
-0.0032401378266513348	0.0
-0.0031647076830267906	0.0
-1.4731731425854377e-06	0.973
0.0	0.0
-6.299425149336457e-05	0.0
0.0	0.973
-9.533284173812717e-05	0.981
0.0	0.01310483870967742
-0.00011494242789922282	1.0
-7.950210601848084e-06	0.008105369807497468
-0.0015445052413269877	0.01310483870967742
0.0	0.008105369807497468
0.0	0.0
0.0	0.01310483870967742
0.0	0.008105369807497468
-0.008398599922657013	0.008105369807497468
-0.00524694100022316	0.01310483870967742
-0.007886447943747044	0.0
-0.000842900073621422	0.0
0.0	0.0
0.0	0.6842105263157895
-0.0006904863403178751	0.018
-1.5656787866191735e-07	0.013
0.0	0.0
-4.4833294055024453e-07	0.0
-2.2312964631510113e-07	1.0
0.0	1.0
-0.002032026182860136	1.0
-2.032628435699735e-05	0.0
0.0	0.031
0.0	0.0
0.0	0.0
0.0	0.0
-0.0003469476941972971	0.027
-0.0009462731541134417	0.0
-0.010310837998986244	0.0
-0.0001704977621557191	0.006
0.0	0.0
-0.0003157807805109769	1.0
-5.6240183766931295e-05	1.0
0.0	0.0
-0.012917142361402512	0.0
0.0	1.0
-0.0025080658961087465	1.0
0.0	1.0
-0.00028558599296957254	0.0
0.0	0.0
0.0	1.0
0.0	1.0
-1.4518440366373397e-05	1.0
0.0	1.0
0.0	0.0
0.0	0.0020554984583761563
0.0	0.0
-1.1388993698346894e-05	0.0
0.0	0.0
-7.346381142303571e-11	1.0
-0.00023616939142812043	0.0
0.0	0.0
0.0	1.0
0.0	1.0
0.0	0.0
-0.017801186069846153	0.0
0.0	0.0
0.0	0.0
0.0	0.0
0.0	0.334
-3.634506740013421e-08	1.0
-4.748993376324506e-07	0.0
-1.6240255718003027e-05	0.0
-0.0014488144079223275	0.0
-5.166545633983333e-06	0.0
-0.004141532350331545	0.0
0.0	0.0
0.0	0.0
0.0	1.0
0.0	0.0
-0.0008960446575656533	0.0
-0.0014903608243912458	0.0
-0.007499635219573975	0.0
0.0	0.973
0.0	1.0
0.0	1.0
0.0	1.0
0.0	0.0
0.0	0.0
-0.010424220003187656	0.0
-0.0005279737524688244	1.0
0.0	0.0
0.0	1.0
0.0	0.0
0.0	1.0
-0.0033312994055449963	0.07
-0.0020813688170164824	1.0
-1.4953183580246332e-08	0.07
-7.752365860369537e-09	0.07
-7.9146067477609e-09	0.0
0.0	0.0
-3.548312088241801e-05	1.0
0.0	1.0
0.0	1.0
0.0	1.0
-5.015161877963692e-05	0.0
0.0	1.0
0.0	0.0
0.0	1.0
-0.0002071201306534931	1.0
0.0	1.0
-0.0021318511571735144	0.0
0.0	0.0
0.0	1.0
-0.0015129920793697238	0.0
0.0	1.0
-5.1540173444664106e-05	1.0
-2.324106390005909e-05	1.0
-4.3536698512980365e-07	0.0
0.0	0.0
-1.922443334478885e-05	0.0
0.0	0.0
0.0	1.0
-7.302967952593775e-11	0.0
-8.707816689934589e-09	1.0
-1.2548442782644997e-06	1.0
0.0	1.0
0.0	0.0
0.0	1.0
0.0	0.0
-2.6858883757086005e-06	1.0
0.0	1.0
0.0	1.0
0.0	0.0
0.0	0.0
-2.8958364055142738e-05	1.0
-2.9010589059907943e-06	1.0
0.0	1.0
-1.1941572665818967e-05	1.0
0.0	1.0
0.0	1.0
0.0	0.02625
0.0	0.02625
-1.5616112136740412e-07	0.0025
0.0	0.0
-3.751696286968809e-09	1.0
-9.390621562488377e-05	0.0
0.0	0.0
-0.002983363810926676	0.0
0.0	1.0
-3.801152459459445e-08	1.0
-0.0002450849278829992	1.0
0.0	0.0
-2.9967449677315017e-07	1.0
-3.1318992910200905e-07	0.0
0.0	1.0
0.0	1.0
-3.28407203653569e-08	0.974
-3.937922579168307e-13	0.974
-0.0003739318926818669	1.0
-0.00023248193610925227	0.974
0.0	0.974
0.0	0.0
0.0	0.974
0.0	0.0010090817356205853
0.0	0.0
0.0	0.009009009009009009
-6.0150738136144355e-05	0.0010090817356205853
-0.00028963101794943213	0.009249743062692703
-0.00266625196672976	0.05325443786982249
0.0	1.0
-0.003907375503331423	0.006166495375128468
-2.050855982815847e-06	0.006166495375128468
-0.0002134964888682589	0.0
-0.01734013669192791	0.0
0.0	1.0
-0.0009894213872030377	0.006166495375128468
-4.445552541539055e-13	1.0
-5.372461373553961e-07	1.0
0.0	1.0
0.0	1.0
0.0	1.0
0.0	0.0
0.0	0.006166495375128468
-5.6712064377961724e-08	0.0
0.0	0.027
-1.2884504485555226e-07	0.0
0.0	0.0
0.0	0.0
0.0	0.02716297786720322
0.0	0.02716297786720322
-2.6802777938428335e-05	1.0
-3.0962665764633357e-09	0.08350100603621731
0.0	0.006543075245365322
0.0	0.007033997655334115
0.0	0.007033997655334115
0.0	0.973
-0.0034439393784850836	0.0
0.0	1.0
0.0	0.0
-0.00016540907381568104	0.0
0.0	1.0
-1.59022838488454e-05	1.0
-5.464023900003667e-08	0.0
-0.0009242150699719787	1.0
0.0	0.0
0.0	0.0
-0.000870967865921557	0.0
0.0	1.0
0.0	0.0
0.0	1.0
0.0	1.0
-1.7757398884654663e-09	1.0
0.0	1.0
0.0	1.0
-8.800048334478561e-08	0.0
-0.003275172086432576	0.0
0.0	0.0
0.0	0.0
0.0	1.0
-0.0004644760920200497	0.010277492291880781
-1.981743935619562e-11	1.0
-2.7141062673763372e-05	0.063
0.0	0.0
-1.5046503973326075e-11	0.0
0.0	0.05755395683453238
0.0	1.0
0.0	0.0
0.0	1.0
-0.0006918767467141151	1.0
-3.7762724787171464e-06	0.0
0.0	0.0
0.0	1.0
-8.294822691823356e-06	1.0
0.0	1.0
-0.002744148252531886	0.0
-2.867561743613578e-09	1.0
0.0	0.0
0.0	1.0
0.0	0.0
-0.0032912350725382566	1.0
0.0	0.0
0.0	0.0
-0.0006033814279362559	0.0
-5.059492061421089e-11	0.004
-0.018862949684262276	0.0
-1.5256770893756766e-05	1.0
-0.0030085593461990356	0.004
-0.002072172239422798	0.0
0.0	1.0
0.0	0.0
0.0	0.0
0.0	1.0
0.0	0.0
-0.0007642205455340445	0.0
-9.73050173769252e-09	0.0
-1.0968047581272344e-09	0.0
-6.496093647001544e-06	1.0
0.0	0.0
-0.0009244858520105481	0.0
0.0	0.0
0.0	0.0
0.0	0.0
0.0	0.0
0.0	0.0
-5.78977921161794e-10	0.0
-0.0005226890207268298	1.0
0.0	1.0
-2.0687621145043522e-06	1.0
-0.0033474715892225504	0.0
0.0	1.0
-5.287348781024548e-09	1.0
0.0	1.0
0.0	1.0
0.0	1.0
0.0	0.0
0.0	1.0
0.0	0.0
0.0	0.0
-5.064063316240208e-06	0.027
0.0	1.0
0.0	1.0
0.0	1.0
0.0	0.0
0.0	0.007
0.0	0.0
0.0	1.0
-3.241382984242591e-08	0.027190332326283987
-0.0008844755939207971	1.0
-5.069574763183482e-05	1.0
0.0	1.0
0.0	1.0
-3.4852306271204725e-05	1.0
0.0	1.0
-0.0007867218810133636	1.0
-1.1362101759004872e-05	1.0
-0.00033075507963076234	1.0
0.0	0.0
-0.00011542684660525993	1.0
0.0	1.0
0.0	1.0
0.0	1.0
-0.0002571539953351021	0.0
0.0	1.0
-0.006134612951427698	0.0
-5.327843410896094e-08	1.0
0.0	0.0
0.0	0.004077471967380225
0.0	0.0
-5.428154636888394e-08	1.0
-0.0013122978853061795	0.0
0.0	1.0
0.0	0.0
-0.009480959735810757	0.0
-0.0027352324686944485	0.0
-0.001452851458452642	0.0
-0.0017451366875320673	0.0
-0.0003214177268091589	0.0
0.0	0.0
0.0	0.0010277492291880781
-0.005346102174371481	0.0
0.0	0.0
0.0	1.0
0.0	0.0
0.0	0.0
0.0	1.0
0.0	1.0
0.0	1.0
0.0	0.0
0.0	0.0
0.0	0.0
0.0	0.0
0.0	0.0
-0.010031451471149921	0.0
0.0	1.0
-6.693944669677876e-06	0.0
0.0	1.0
0.0	0.0
0.0	0.056
-0.00010230701445834711	0.0
-1.102081204074068e-09	0.056
0.0	0.0
-0.008061596192419529	0.0
-1.0770617336675059e-05	1.0
-0.0013010968687012792	0.007
-1.3936116829427192e-06	1.0
0.0	0.007
0.0	0.007
-0.0005713946884498	0.0
-0.002194764791056514	1.0
-7.027518336144567e-07	1.0
-0.0032014104072004557	1.0
-0.0002806718403007835	0.207
0.0	0.0
0.0	1.0
0.0	1.0
0.0	0.02702702702702703
0.0	0.001
0.0	1.0
0.0	0.0
-0.002638420322909951	1.0
0.0	0.0
-1.750247520249104e-07	0.0
0.0	0.001
-5.428749318525661e-06	0.0010277492291880781
0.0	0.0
-0.0035663836169987917	0.0
0.0	0.0
0.0	1.0
0.0	0.0
0.0	0.0
0.0	1.0
0.0	1.0
-0.0008454577764496207	1.0
-0.0001239849952980876	1.0
-1.0026295967691112e-05	1.0
0.0	0.007
0.0	1.0
0.0	1.0
-0.0001371645921608433	1.0
0.0	0.0
0.0	1.0
0.0	1.0
0.0	1.0
-0.00029942934634163976	1.0
0.0	0.0
-0.0012466703774407506	0.0
0.0	1.0
0.0	0.0
0.0	1.0
0.0	1.0
0.0	0.0
-8.585614523326512e-06	1.0
0.0	1.0
-7.835686233192973e-07	1.0
0.0	1.0
0.0	1.0
0.0	0.0
-3.5982483836960455e-07	0.0
0.0	1.0
-4.707918924395926e-05	1.0
0.0	1.0
-2.543314258218743e-05	0.0
0.0	1.0
0.0	1.0
0.0	0.0
0.0	1.0
0.0	0.0
0.0	0.0
-6.172339635668322e-05	0.0
0.0	0.0
0.0	1.0
0.0	1.0
0.0	0.0
-1.2506311009019555e-07	0.0
0.0	0.008
-1.1974307199125178e-06	0.0
-0.0008358012419193983	0.0
0.0	0.0
0.0	0.0
0.0	1.0
-3.943729254274331e-08	0.0
0.0	1.0
-0.058927811682224274	0.0
0.0	0.0
-0.0007073560263961554	0.0
0.0	0.0
0.0	0.0
-2.395396222709678e-05	0.0
-3.026439931996805e-10	0.0
0.0	0.0
0.0	1.0
-0.00020789841073565185	0.0
-4.3985664888168685e-07	1.0
-0.00017572322394698858	0.0
0.0	1.0
0.0	0.0
0.0	1.0
0.0	1.0
-3.050604027521331e-05	0.0
0.0	1.0
-9.725156814965885e-06	1.0
-0.001805851235985756	0.0
0.0	0.0
-3.551368081389228e-06	0.0
-0.001085572992451489	0.0
0.0	0.0
0.0	0.0
-6.484503683168441e-05	1.0
0.0	0.0
0.0	0.0
-0.006901047192513943	0.0
-3.803273216362868e-07	0.013
-0.0003594339359551668	0.0
-0.0005833774339407682	0.013
-1.2989758602088841e-08	0.0
-3.3197052289324347e-06	0.013
0.0	1.0
-0.0010043145157396793	1.0
-6.81548158354417e-07	1.0
0.0	1.0
-4.091369731895611e-08	0.0
0.0	0.0
-1.0559333532000892e-06	1.0
-4.4645939851761796e-06	1.0
-6.981622573221102e-05	1.0
-0.00013444611977320164	1.0
0.0	0.0
0.0	0.0
0.0	0.0
-0.000190281993127428	0.0
-0.002308226888999343	0.0
0.0	0.0
