0.0	0.0
-0.0006558405002579093	0.0
0.0	0.0
-0.0005670788232237101	0.0
-0.009264571592211723	0.0
-0.000141797136166133	0.0
0.0	0.0
-0.00023780649644322693	0.0
-0.0002156107366317883	1.0
-9.814508530325838e-07	0.0
-0.011154376901686192	0.0
-3.2315385851688916e-06	0.0
0.0	0.0
0.0	0.0
0.0	0.0
-0.051848310977220535	0.0
0.0	1.0
-0.0002642286126501858	0.0
0.0	1.0
0.0	0.0
-0.0009934399276971817	1.0
-0.0001692030782578513	0.0
0.0	0.0
0.0	0.0
0.0	0.001
-1.1280130820523482e-05	0.0
0.0	0.001
0.0	0.0
0.0	1.0
-2.291722722702616e-08	0.0
0.0	1.0
-0.00041685139876790345	0.0
0.0	0.0
0.0	0.0
-0.0012709328439086676	0.0
0.0	0.0
-2.1321359955361885e-10	0.0
0.0	1.0
-9.20003685678239e-07	0.0
-3.444520552875474e-05	0.0
-0.00011200674634892493	1.0
-0.00034883664920926094	0.0
0.0	0.001
0.0	0.0
-6.606378883589059e-05	1.0
0.0	0.0
-2.439535455778241e-05	0.0
0.0	0.0
-0.011795428581535816	0.0
-7.280946738319471e-05	0.001
0.0	1.0
-6.310515891527757e-05	0.0
0.0	0.0
-1.7221855159732513e-06	0.0
-0.002379831625148654	0.0
-0.0001549883745610714	0.0
-4.816229647985892e-06	0.0
-0.006209347862750292	0.0
0.0	0.0
0.0	0.017
0.0	0.0
0.0	0.0
0.0	0.0
-9.374644832860213e-06	0.0
-0.03033258020877838	0.0
-5.732605131925084e-05	0.789
0.0	0.0
0.0	0.0
-0.0034213613253086805	0.0
0.0	0.0
-0.027810227125883102	0.0
0.0	1.0
0.0	1.0
-4.752886525238864e-06	0.0
0.0	0.0
-0.0024028050247579813	0.0
-3.060944436583668e-05	0.0
0.0	1.0
0.0	0.091
0.0	0.0
-0.0004657246172428131	1.0
0.0	0.0
0.0	0.0
-0.003174531739205122	0.0
0.0	0.0
0.0	0.0
0.0	1.0
0.0	0.0
0.0	1.0
0.0	1.0
0.0	1.0
-4.0124978113453835e-05	0.001
0.0	1.0
-1.066407140370984e-08	1.0
0.0	1.0
0.0	0.0
0.0	0.0
0.0	0.0
0.0	1.0
0.0	0.0
0.0	1.0
-7.022249337751418e-05	1.0
0.0	1.0
0.0	0.0
0.0	0.022132796780684104
0.0	1.0
-2.792056648104335e-07	0.03
-4.1514002077747136e-05	0.0
-0.00018638042092788965	0.03
-3.856479580122141e-08	1.0
0.0	0.022
0.0	0.022
0.0	0.022
0.0	1.0
0.0	1.0
-1.691322609076451e-06	0.0
0.0	0.018
-6.314966412901413e-06	0.0
-2.596237840598453e-13	0.018
-0.0005390812875702977	0.018
-0.001841398305259645	0.018
0.0	0.018
-0.0002216112334281206	0.018
-0.0002749752893578261	0.018
0.0	0.018
0.0	0.018
-0.00010085091344080865	0.0
0.0	1.0
0.0	0.0
0.0	1.0
0.0	1.0
-0.003126199822872877	0.025025025025025027
-0.00643772492185235	0.0
-5.3694424423156306e-05	1.0
-2.2999961046821227e-08	0.025150905432595575
-0.0002951689239125699	0.006153846153846154
0.0	0.0
-0.0014024199917912483	0.0
0.0	1.0
0.0	0.0
-1.4128886505204719e-05	0.0
-4.056327540524762e-08	0.0
0.0	0.0
0.0	0.0
-0.00029008204001002014	0.0
-2.1714434694786178e-07	0.0
-0.001144440146163106	1.0
0.0	0.0
0.0	1.0
-0.009009621106088161	0.015
-0.001179604441858828	1.0
0.0	0.0
-4.5252971176523715e-05	0.0
-1.3736352787380775e-14	0.0
-0.0031266387086361647	0.0
-1.6580423107370734e-05	0.0
0.0	1.0
0.0	0.04904904904904905
0.0	1.0
-8.090283927231212e-07	0.0
0.0	0.0
0.0	0.0
0.0	1.0
-0.0016274536028504372	0.789
0.0	0.0
0.0	0.0
-8.231636456912383e-05	0.0
0.0	1.0
0.0	0.0
-0.0002653847332112491	0.789
0.0	0.0
0.0	1.0
-6.934124030522071e-07	0.0
0.0	1.0
-1.5406523743877187e-05	0.0
0.0	1.0
-0.0465690903365612	0.0
0.0	0.0
-0.0015582529595121741	0.0
0.0	1.0
-0.0003414440434426069	1.0
0.0	0.0
0.0	1.0
0.0	1.0
-1.567463914398104e-05	1.0
0.0	0.0
0.0	1.0
0.0	0.0
-2.269474350669043e-07	0.0
-0.0009974149288609624	0.0
0.0	1.0
-2.6753488668873615e-07	1.0
0.0	1.0
-0.0005138162523508072	0.0
0.0	0.0
-7.941109652165323e-05	0.0
-1.4241377357393503e-06	0.0
-1.1951522537856363e-05	1.0
0.0	1.0
0.0	0.0
-2.3307187802856788e-05	0.0
0.0	0.0
-1.567542494740337e-05	0.0
-2.4255456310129375e-08	0.0
-1.3196331565268338e-05	0.0
0.0	0.012
0.0	0.012
0.0	0.0
-3.956835215035426e-08	0.0
-3.449787982390262e-05	0.0
0.0	0.0
0.0	1.0
0.0	1.0
0.0	0.0
0.0	1.0
0.0	0.0
0.0	1.0
-5.642785981763154e-05	0.0
0.0	0.0
0.0	0.0
-0.0011092585045844316	0.0
0.0	1.0
0.0	0.0
0.0	0.0
-0.0015268594725057483	0.0
-4.410127540932507e-10	0.0
-0.0012913712998852134	1.0
-0.0004345226043369621	0.0
0.0	1.0
0.0	0.0
-0.0022340361028909683	1.0
-0.0023216332774609327	0.0
0.0	1.0
0.0	1.0
0.0	0.0
0.0	0.0
-5.207027788856067e-05	1.0
0.0	1.0
0.0	0.0
0.0	0.0
-0.0201957318931818	0.0
0.0	0.0
0.0	0.0
0.0	1.0
-0.001966099487617612	0.0
0.0	0.0
-0.00022364029427990317	0.0
0.0	1.0
-0.0010380181483924389	0.0
0.0	0.0
-0.00011023641854990274	0.011
0.0	1.0
0.0	0.0
-1.8514328985475004e-05	0.011
0.0	0.011
-2.565647550640225e-14	0.0
-0.00435309112071991	0.0
-5.210137169342488e-05	0.0
0.0	1.0
0.0	1.0
-0.004986132495105267	0.204
-0.004345342051237822	0.004
0.0	0.004
0.0	0.0
-0.002190057188272476	0.0
-0.0015341434627771378	0.0
-1.4745443195351982e-06	0.0
-1.5151469412444385e-08	1.0
0.0	0.0
-6.22552543063648e-05	0.0
-2.042044980044011e-05	0.097
-0.001068193931132555	0.0
0.0	1.0
0.0	0.0
0.0	0.0
-9.716778492929734e-08	0.0
0.0	1.0
0.0	1.0
-8.887103035704058e-07	1.0
-6.288367049300803e-11	0.0
-3.987219315604307e-05	0.0
-8.704359061084688e-05	0.0
-4.873631496593589e-06	0.0
0.0	0.0
0.0	1.0
0.0	0.0
-0.00022504797379951924	0.075
-3.836536279777647e-07	0.075
-9.710634185466915e-05	0.075
-0.00508016487583518	0.07507507507507508
-0.00019131878798361868	0.001081081081081081
-2.810238402162213e-05	0.07507507507507508
0.0	1.0
0.0	1.0
-0.0002903837012127042	0.172
0.0	1.0
0.0	0.0
0.0	0.0
0.0	0.07522567703109329
0.0	0.0
0.0	1.0
0.0	1.0
-4.702635578723857e-07	1.0
-2.3855885956436396e-05	1.0
-0.00012582892668433487	1.0
0.0	1.0
-9.734712875797413e-07	0.0
-5.578816409223449e-17	0.0
-2.961896279884968e-05	0.001
-5.7988340813608374e-06	0.001
0.0	0.001
0.0	1.0
0.0	1.0
0.0	1.0
-0.0005619868170469999	0.0
-9.980507456930354e-05	1.0
0.0	1.0
0.0	0.0
0.0	1.0
-0.0004334453260526061	1.0
0.0	1.0
0.0	1.0
-0.04360169172286987	0.0
0.0	1.0
0.0	0.0
-0.01041701715439558	0.0
0.0	1.0
0.0	0.0
-0.0002576602855697274	1.0
-2.243844028271269e-05	1.0
0.0	0.0
0.0	0.0
-2.022804750367868e-07	1.0
0.0	1.0
-0.006175130605697632	0.0
0.0	1.0
0.0	1.0
-0.00034208071883767843	1.0
-0.004861081019043922	0.0
-0.0002849713491741568	0.0
0.0	0.0
0.0	1.0
-0.000171790030435659	0.0
0.0	1.0
-8.853920007823035e-05	0.0
0.0	1.0
-7.566506246803328e-05	0.253
0.0	1.0
0.0	0.001006036217303823
-0.0013920946512371302	0.006006006006006006
0.0	0.006006006006006006
-1.3331470654520672e-05	0.0
0.0	1.0
0.0	1.0
-0.00489103002473712	0.0
-0.00017775325977709144	0.009
-0.0011285754153504968	0.0
-3.89422602893319e-05	0.141
0.0	1.0
0.0	0.0
0.0	1.0
0.0	0.23728813559322035
-5.385511485656025e-06	1.0
-2.0841587229369907e-06	1.0
-0.0268721766769886	0.0
0.0	1.0
0.0	1.0
0.0	0.0
0.0	1.0
0.0	1.0
0.0	1.0
0.0	0.0
-1.3164955134925549e-06	1.0
0.0	1.0
-6.319071690086275e-05	1.0
-0.0006260887021198869	1.0
-0.0002476354129612446	1.0
0.0	1.0
0.0	0.04435483870967742
0.0	1.0
0.0	1.0
-0.00032895663753151894	0.149
0.0	0.141
-8.122011649902561e-07	0.0
0.0	0.0
-0.0006886301562190056	1.0
-0.00015481073933187872	0.0
-0.0017857725033536553	0.0
-0.002919296268373728	0.0
0.0	1.0
-3.4810830129572423e-06	1.0
-3.516195945518774e-10	0.0
0.0	0.0
-0.006525256205350161	0.0
-5.229373045700925e-10	1.0
-4.311008524382487e-05	0.0
0.0	1.0
-1.4257225400271523e-09	1.0
0.0	0.0
0.0	1.0
-0.0011313633294776082	0.0
-1.0525754987611435e-05	0.0
-7.416623247991083e-06	0.0
-0.0002589444047771394	1.0
0.0	1.0
0.0	0.0
-0.0026373625732958317	0.05305305305305305
-0.004250010475516319	0.0
0.0	0.0
-2.4014585164877644e-07	0.0
0.0	0.0
0.0	0.0
0.0	0.0
0.0	0.0
0.0	1.0
0.0	0.002890173410404624
-1.8782171537168324e-05	1.0
-0.0023839659988880157	0.0
0.0	0.0
0.0	0.0
-0.0001967833813978359	0.0
0.0	0.0
-1.3482117537932936e-06	1.0
0.0	1.0
-0.0001904508681036532	1.0
-2.789713789752568e-06	0.0
-2.244464510081645e-11	1.0
0.0	0.0
-0.000956516363658011	0.0
0.0	1.0
0.0	0.0
0.0	0.0
-0.003267534775659442	0.0
0.0	0.018
-4.558453170488974e-09	0.0
0.0	0.0
-0.0003650420403573662	0.0
0.0	1.0
0.0	0.0
0.0	1.0
0.0	0.0
-0.00020282996410969645	1.0
0.0	0.0
0.0	1.0
-0.0017021032981574535	1.0
-2.4389773898292333e-06	1.0
0.0	0.0
0.0	0.0
0.0	0.0
-0.0003089259844273329	0.0
-0.0007749596843495965	1.0
-0.00028558005578815937	1.0
0.0	1.0
0.0	1.0
0.0	1.0
0.0	0.0
0.0	0.0
0.0	1.0
0.0	1.0
0.0	1.0
-5.408733159129042e-07	0.0
0.0	0.02539298669891173
-7.883635930738819e-07	0.0
0.0	1.0
0.0	0.035
-4.916563193546608e-05	0.0
-5.8728277508635074e-05	0.0
-1.6869634578142723e-08	0.035
0.0	0.035
-0.0062224953435361385	0.0
0.0	0.1
0.0	0.1
0.0	0.0
-7.957541292569204e-10	0.1
-8.094884833553806e-06	0.1
0.0	0.1
-0.00014488956367131323	0.0
-0.00073388492455706	0.0
0.0	0.0
0.0	1.0
0.0	1.0
0.0	1.0
0.0	0.0
0.0	0.0
0.0	0.0
0.0	1.0
-1.834310268122863e-07	0.0
0.0	1.0
0.0	1.0
-2.533620317990426e-06	1.0
0.0	1.0
0.0	0.0
0.0	1.0
0.0	1.0
-0.0003602014621719718	0.0
-0.00024274209863506258	1.0
0.0	1.0
-1.939463800226804e-05	1.0
-0.00038966353167779744	0.0
0.0	1.0
0.0	1.0
-1.4566445543096052e-06	0.0
-1.804177554731723e-05	0.0
0.0	1.0
0.0	1.0
0.0	1.0
0.0	0.0
-0.0042768982239067554	0.0
0.0	0.0
-0.0015986195066943765	0.0
-5.907505055802176e-06	0.0
0.0	1.0
0.0	0.0
-9.853635674517136e-06	0.0
0.0	0.0
0.0	1.0
0.0	0.0
-0.0004832229169551283	0.692
-5.937244714004919e-05	0.0
0.0	1.0
-0.020787550136446953	0.0
-9.698715164319083e-10	1.0
0.0	1.0
0.0	0.0
0.0	1.0
0.0	0.0
-0.01978253200650215	0.0
-2.8062236197001766e-06	1.0
0.0	0.0
-0.00034301288542337716	1.0
0.0	1.0
0.0	1.0
-1.73248063219944e-05	0.0
0.0	0.0
0.0	0.0
-0.00019398557196836919	0.001
0.0	0.0
0.0	0.0
-4.704415187006816e-05	0.001
0.0	1.0
0.0	0.003015075376884422
0.0	1.0
0.0	1.0
0.0	0.004008016032064128
-0.004141271114349365	0.0
0.0	0.004
-0.001231715315952897	1.0
0.0	1.0
-0.00032967852894216776	0.0
0.0	0.0
0.0	0.0
0.0	0.0
0.0	0.0
-0.0021497393026947975	0.0
0.0	1.0
-0.001016926602460444	0.0
0.0	0.0
0.0	1.0
0.0	1.0
0.0	1.0
0.0	0.0
0.0	1.0
0.0	1.0
-9.415012755198404e-05	0.0
0.0	1.0
0.0	1.0
0.0	1.0
0.0	1.0
-0.0001949267170857638	0.002
0.0	0.0
0.0	0.005
-0.002462386153638363	0.005
-0.0005375268519856036	0.0
0.0	1.0
0.0	0.0
-0.0004048581758979708	1.0
-9.563717817684392e-09	1.0
-4.987779789189517e-08	0.0
-0.00176165159791708	1.0
0.0	1.0
0.0	0.018
0.0	0.0
-0.0026759966276586056	1.0
-1.642608822294278e-06	0.0
-0.004549683537334204	0.0
0.0	0.0
-0.00019817179418168962	0.0
0.0	0.0
0.0	0.001081081081081081
0.0	0.0
0.0	1.0
0.0	1.0
0.0	1.0
-0.002723904326558113	0.0
-0.00045083576696924865	0.0
-0.00011514942889334634	1.0
-3.5131261788556856e-10	1.0
-1.4445952097844224e-14	0.0
0.0	1.0
-0.0013912433059886098	0.0
0.0	0.0
-2.7175991491878992e-12	0.0
0.0	0.0
-0.0007412993581965566	0.0
-1.6368898286600597e-05	0.0
0.0	0.0
0.0	0.0
-5.3481394388654735e-06	1.0
-9.644281817600131e-09	0.0
0.0	0.0
0.0	0.0
0.0	0.0
-1.756017081788741e-05	1.0
0.0	0.0
-4.5282929932000116e-05	1.0
0.0	0.0
-0.00013517530169337988	0.0
0.0	0.0
-0.003218334633857012	0.0
0.0	1.0
0.0	0.0
0.0	0.0
0.0	0.0
-0.0021392288617789745	1.0
-0.003993037156760693	0.0
-5.499642611539457e-06	0.0
0.0	1.0
0.0	1.0
0.0	0.789
-3.2696250400476856e-06	0.0
-2.3531049464509124e-06	1.0
0.0	0.0
-0.00010785805352497846	1.0
-8.98459620657377e-05	0.0
0.0	0.0
0.0	0.0
0.0	0.0
0.0	0.28
-0.014304150827229023	0.007547169811320755
0.0	0.007547169811320755
0.0	1.0
0.0	0.0
0.0	1.0
-1.1212355275347363e-06	0.0
-0.0003217302728444338	0.0
