0.0	0.0
0.0	0.0
-6.646478141192347e-05	0.0
0.0	0.0
-2.709116131427436e-07	0.0
-0.0031197466887533665	1.0
0.0	0.001
-0.0004842518537770957	0.0
0.0	1.0
-1.5508428987232037e-05	1.0
0.0	0.0
0.0	0.0
0.0	0.0
0.0	0.0
-0.0007683724979870021	0.0
0.0	0.002
0.0	0.002
-0.0037129647098481655	0.0
-0.0005061336560174823	0.0
0.0	0.0
0.0	1.0
0.0	1.0
-1.2216549293952994e-05	0.0
0.0	1.0
-0.00042481807759031653	0.0
0.0	0.0
0.0	0.0
-2.771486151686986e-07	0.0
-0.0024436977691948414	0.0
-3.961943093599984e-06	1.0
0.0	1.0
-9.552378469379619e-05	0.0
0.0	0.0
0.0	0.0
-3.402027459742385e-08	0.0
-0.0006336334627121687	0.0
0.0	0.0
0.0	0.135
0.0	0.0
-5.07633485540282e-05	0.135
0.0	0.0
0.0	0.0
-0.010245705023407936	0.0
-0.0011898092925548553	0.0
-9.656208931119181e-06	0.0
-0.0005399027722887695	0.135
0.0	0.135
0.0	1.0
0.0	1.0
-0.001247911830432713	0.001
-0.0006486403290182352	1.0
0.0	1.0
0.0	1.0
-2.9919428925495595e-05	0.0
0.0	0.001
0.0	1.0
-1.1346852346605374e-07	0.0
-9.228575800079852e-05	0.01
-0.005501240957528353	0.0
-4.213305601297179e-06	0.0
0.0	1.0
0.0	1.0
0.0	1.0
0.0	1.0
0.0	0.0
-0.0003953639243263751	1.0
0.0	1.0
0.0	1.0
0.0	1.0
0.0	1.0
-0.008713433519005775	0.0
0.0	1.0
0.0	0.0
-0.0025988449342548847	0.0
0.0	1.0
-0.00012785250146407634	0.0
0.0	0.0
0.0	0.0
-0.0015277070924639702	0.0
-0.0018220128258690238	0.0
0.0	0.0
-0.00013891780690755695	0.0
-0.0006271012243814766	0.0
-3.923719850718044e-05	1.0
-0.004820900037884712	1.0
-6.741929681197689e-09	1.0
-0.0009212684817612171	0.0
-5.7916429796023294e-05	1.0
0.0	0.0
0.0	1.0
-0.0005961300921626389	0.0
-4.6091088279354153e-07	1.0
-0.001657204469665885	0.0
0.0	1.0
0.0	0.0
-0.017046160995960236	0.0
-9.136651351582259e-05	0.0
0.0	1.0
-0.000217532753595151	1.0
-0.0005396996275521815	0.0
0.0	0.0
-2.4075110559351742e-05	0.0
-0.0001198768659378402	0.0
0.0	0.0
-1.526902815385256e-05	1.0
0.0	1.0
-1.9015977159142494e-05	0.0
-2.7685140935318486e-07	1.0
-0.0002520248235668987	1.0
0.0	1.0
0.0	0.0
0.0	1.0
-1.3568711709766035e-09	0.0
0.0	0.007007007007007007
-0.00019681254343595356	0.007007007007007007
-0.0001751650997903198	0.0010070493454179255
-0.0007027570391073823	0.0010070493454179255
0.0	0.0
-0.0003555117582436651	0.0
0.0	0.001
-1.3542610366457097e-09	0.0
0.0	0.0
0.0	0.0
-6.90251818014076e-06	1.0
0.0	0.001
-0.0002870958123821765	0.0
-7.472049787793367e-07	0.0
0.0	0.001
0.0	1.0
0.0	1.0
0.0	0.0
0.0	0.07317073170731707
0.0	1.0
-0.0005289795226417482	1.0
0.0	1.0
-0.00010538246715441346	0.008426966292134831
-0.00021286719129420817	0.0
-0.0005414551123976707	0.136
0.0	1.0
0.0	0.0
-5.21764832228655e-07	0.0
-3.600379443469137e-07	0.01
0.0	0.0
-1.0637106242938899e-05	0.0
0.0	0.01
0.0	0.0
0.0	0.0
-0.043266661465168	0.0
0.0	0.0
-1.4122670144445237e-08	0.0
0.0	1.0
0.0	0.0
0.0	0.0
-0.021226791664958	0.0
0.0	1.0
-2.562850568210706e-05	0.0
0.0	1.0
-1.8434793958022055e-07	0.0
-0.00025726406602188945	0.0
0.0	0.0
0.0	1.0
-1.0320092220031385e-12	1.0
-0.0009153182036243379	0.0
0.0	1.0
0.0	1.0
0.0	1.0
-0.07665416598320007	0.0
-5.3327131155356255e-08	1.0
-0.0003245068364776671	0.0
0.0	0.0
-9.664117897045799e-06	1.0
0.0	0.001
0.0	0.0
0.0	1.0
0.0	0.0
-5.864210470463149e-05	0.0
-2.3626793336006813e-05	1.0
-8.381348948205414e-08	1.0
-0.00040304596768692136	0.0
-0.0005034938221797347	0.0
-1.7911115719471127e-05	0.0
-0.0006660203216597438	0.038
-0.00032182931317947805	0.0
0.0	0.038
0.0	0.0
0.0	0.0
-5.717214701661533e-09	1.0
-1.9188171884731986e-10	1.0
0.0	0.02902902902902903
0.0	1.0
0.0	1.0
-0.031006470322608948	0.0
0.0	1.0
-1.4017812466349255e-09	0.009
0.0	1.0
-8.487941158819012e-06	0.009
0.0	0.013975155279503106
-1.2625327144633047e-05	0.0
-0.005409390199929476	0.013975155279503106
-7.2379575613013e-06	0.0
-8.602568414062262e-05	1.0
-0.00543726421892643	0.0
0.0	0.0
-0.0007091797888278961	1.0
0.0	0.123
-0.0006585121154785156	0.0
-6.215712460289069e-07	0.011402508551881414
0.0	0.0
-0.0017522958805784583	0.0
-2.240095042793655e-08	1.0
-0.0004824780917260796	1.0
-0.0002463411947246641	0.1282051282051282
0.0	0.13743589743589743
-0.00028852224932052195	0.0
0.0	0.0
0.0	0.022244691607684528
-7.819480174475757e-09	0.022244691607684528
0.0	1.0
0.0	0.011434511434511435
0.0	1.0
0.0	0.0
-0.004471699241548777	0.0
-1.9675318981171586e-05	1.0
0.0	0.0
0.0	1.0
0.0	0.0
-0.002067837631329894	1.0
0.0	1.0
-8.688360253472638e-08	1.0
-4.332801228912331e-09	1.0
-0.002042812295258045	0.0
0.0	1.0
0.0	0.0
0.0	0.0
-1.6477175449836068e-05	0.0
-0.001202817540615797	0.0
0.0	0.0
-8.546193809057245e-13	0.0
0.0	0.0
0.0	0.0
0.0	0.0
0.0	0.221
-0.0003683558024931699	0.0
0.0	0.017
0.0	0.055
0.0	0.0
0.0	0.055
-7.564617408206686e-05	0.0
0.0	0.0
-3.9348060400234974e-12	0.0
0.0	0.0
-5.169871656107716e-05	0.0
0.0	0.0
0.0	0.0
-1.1494727836236507e-08	0.0
0.0	0.0
0.0	1.0
-0.003756316378712654	0.0
0.0	0.0
0.0	1.0
-0.0022062293719500303	0.0
0.0	1.0
0.0	0.0056179775280898875
-0.004539136774837971	0.0
-0.003063532058149576	0.0
0.0	0.0
-0.0016233744099736214	0.0
0.0	0.0
0.0	0.107
0.0	0.107
0.0	0.0
-3.1072627804107356e-10	0.0
-0.007185612339526415	0.0
-0.005999777000397444	0.0
0.0	0.0
0.0	0.0
0.0	0.0
-1.19504349527233e-07	0.0
0.0	0.0
0.0	0.0
0.0	0.0
0.0	0.0
-0.00034683558624237776	0.0
0.0	1.0
-0.00028552819276228547	0.0
-3.546869629644789e-05	0.0
0.0	0.0
0.0	0.0
0.0	0.0
0.0	1.0
-5.280307391331007e-07	0.0
0.0	0.0
-1.0419862306321193e-08	0.0
0.0	0.0
-1.4073423699301202e-05	0.0
0.0	0.0
0.0	0.0
0.0	0.0
-0.0006849679630249739	0.0
-7.867744216127903e-07	0.0
-0.00028199717053212225	0.0
0.0	0.0
-7.958716014400125e-05	0.0
0.0	0.0
-0.029532402753829956	0.0
-3.61976867679914e-06	0.0
0.0	0.0
-0.0010121242376044393	0.04
-0.007973640225827694	0.0
0.0	0.0
-0.0011496241204440594	0.0
0.0	1.0
0.0	0.0
-0.002525417599827051	0.005
-3.1210416295834875e-07	0.005
-3.799848127528094e-05	0.005
0.0	0.0
0.0	0.0
0.0	0.0
-0.008145594969391823	0.0
-7.856189768062904e-05	0.005
0.0	0.005
-3.208684518085647e-08	0.123
0.0	0.0
0.0	0.0
0.0	0.12512716174974567
-0.0002914975630119443	0.019384264538198404
0.0	0.019428571428571427
0.0	0.1271617497456765
0.0	0.0
-2.059585676761344e-05	0.019653179190751446
-9.95262212200032e-07	0.0
0.0	1.0
-9.463456808589399e-05	1.0
0.0	1.0
-0.010097554884850979	0.0
-0.0007505089743062854	0.0
-8.37742817338949e-08	0.049
-0.0012379057006910443	0.0
-4.162594996159896e-05	1.0
0.0	0.0
0.0	1.0
0.0	0.0
-1.8137600363843376e-06	0.0
0.0	1.0
0.0	1.0
0.0	0.0
-0.0007514229509979486	0.0
0.0	0.0
-4.9613376177148893e-05	0.0
0.0	0.0
-0.0031405275221914053	0.0
0.0	0.0
-0.0022523945663124323	0.0
0.0	1.0
0.0	0.0
-0.0020920431707054377	0.0
0.0	0.005
-4.3814765149363666e-08	0.0
0.0	0.0
0.0	0.0
-1.0692553613356193e-11	1.0
0.0	0.0
0.0	0.005
0.0	0.0
-0.00036843842826783657	0.0
-1.3576665480741212e-07	1.0
-4.310805934437667e-07	0.0
-0.00010367183858761564	1.0
-0.0022507552057504654	0.0
-0.04492957144975662	0.0
-2.6194940801360644e-05	1.0
0.0	0.004
0.0	0.004
0.0	0.0
0.0	0.0
0.0	0.004
-4.8124940803973004e-05	0.0
-0.002377095865085721	0.0
-1.181788684334606e-05	1.0
0.0	1.0
0.0	1.0
0.0	1.0
0.0	0.0
-0.004543366376310587	0.0
0.0	0.0
0.0	0.4077490774907749
0.0	0.0
-8.167933629010804e-06	0.22122122122122123
-9.75761122390395e-06	0.0
0.0	0.0
0.0	0.0
0.0	0.0
0.0	1.0
-0.001749459421262145	0.0
-2.1260853827698156e-05	0.0
-0.004341821651905775	0.0
-0.0017102682031691074	0.0
0.0	0.0
0.0	0.0
0.0	1.0
-0.013765966519713402	0.0
-5.8806093875318766e-05	1.0
0.0	1.0
-2.1577390985072498e-09	1.0
-4.242799001019648e-09	0.0
-4.217867535771802e-05	1.0
-0.00021027242473792285	0.0
0.0	1.0
-0.0004962599487043917	0.0
0.0	1.0
-0.0022390594240278006	0.0
-9.812749340198934e-06	0.0
0.0	1.0
-0.002218814566731453	0.0
0.0	1.0
-0.00017581081192474812	0.0
-1.6184290871024132e-05	1.0
-2.225516837484065e-08	0.0
-0.00012685636465903372	0.0
-2.629287791933166e-06	0.0
0.0	0.0
0.0	1.0
-8.796794281806797e-05	1.0
0.0	1.0
-0.013682703487575054	0.0
0.0	0.047
0.0	0.0
0.0	0.0
-0.004332558251917362	0.0
0.0	0.0
0.0	0.0
0.0	0.0
0.0	0.0
-0.0004359970916993916	0.0
0.0	0.0
-0.005579705350100994	0.0
0.0	1.0
-0.0007264598389156163	0.0
0.0	0.644
-5.717808093663734e-08	1.0
-7.217750841448378e-10	0.0
0.0	0.001
0.0	0.0
0.0	0.0
-4.742387682199478e-05	0.006006006006006006
0.0	0.006006006006006006
-0.011204059235751629	0.001006036217303823
0.0	1.0
0.0	1.0
0.0	1.0
-2.3494259315803845e-10	0.0
0.0	1.0
0.0	0.0
-8.598788099334342e-07	1.0
-0.00031114363810047507	1.0
-0.0015302513493224978	0.0
-0.00015889530186541378	0.0
0.0	1.0
0.0	1.0
-9.149506513494998e-05	0.0
-5.2315904497390875e-08	0.0
0.0	0.0
-1.0301676411472727e-05	0.0
0.0	0.009
-0.00012046504707541317	0.013975155279503106
-0.009006879292428493	0.0010090817356205853
-4.026103539445103e-08	0.001
-0.0013615514617413282	0.0
0.0	1.0
0.0	0.0
0.0	0.0
0.0	0.0
-9.12847463041544e-06	1.0
0.0	0.0
0.0	1.0
0.0	1.0
0.0	1.0
0.0	0.0
0.0	0.123
0.0	0.0
0.0	0.0
-9.708934157970361e-06	0.012
0.0	0.0
0.0	0.0
0.0	0.012
-3.5004064557142556e-05	0.012
-1.3606545223865396e-07	0.012
0.0	0.012
0.0	1.0
-4.2008427292294925e-10	1.0
0.0	1.0
0.0	0.0
-8.155688533406646e-07	0.0
-3.257493474961848e-08	1.0
0.0	0.0
-6.9137545324338134e-06	1.0
0.0	1.0
0.0	1.0
0.0	0.0
-7.685210334784642e-07	1.0
0.0	1.0
-4.160628577665193e-06	1.0
0.0	0.0
0.0	1.0
0.0	0.027
0.0	0.0
-1.2332635378697887e-05	0.0
-0.0005203844630159438	1.0
0.0	0.0
0.0	0.0
0.0	0.0
0.0	0.027
0.0	0.0
0.0	1.0
-7.319556516449666e-07	1.0
-6.4826974899290235e-09	1.0
-0.0003851142537314445	1.0
0.0	0.0
-0.0011064877035096288	0.0
0.0	0.0
0.0	1.0
0.0	0.0
0.0	1.0
0.0	1.0
-1.7721687981975265e-05	0.0
0.0	0.0
0.0	1.0
0.0	1.0
-0.0005704944487661123	1.0
0.0	0.0
-0.001625177450478077	0.0
-0.004553769249469042	0.0
-0.009044356644153595	0.0
0.0	1.0
0.0	0.0
0.0	1.0
-8.729822184250224e-06	0.222
0.0	1.0
0.0	1.0
0.0	0.0
0.0	1.0
0.0	1.0
0.0	0.0
-1.243274567741537e-07	0.006
-9.20269449125044e-05	0.0
-0.00045816286001354456	0.012
-0.0027641456108540297	0.0
0.0	0.0
0.0	1.0
0.0	1.0
0.0	0.0
0.0	0.0
0.0	0.0
0.0	1.0
-2.935042402896215e-06	0.0
-0.005312192719429731	0.0
-0.0007668788312003016	0.0
-0.0015148251550272107	0.0
-0.00048313752631656826	0.0
0.0	0.027
0.0	0.0
-2.6708212317316793e-05	1.0
0.0	0.0
-0.04414309188723564	0.0
-0.0003958502784371376	0.0
0.0	0.0
-1.405776129104197e-05	0.0
0.0	1.0
-0.004904163535684347	0.0
-0.0015106195351108909	0.0
-0.00192573806270957	0.0
0.0	0.0
-0.004220096860080957	0.0
-0.0007501171203330159	0.0
-7.069761522870976e-07	0.0
0.0	0.0
-5.340063580661081e-05	0.0
-0.040809713304042816	0.0
0.0	0.644
-0.0003493446856737137	0.644
-0.00022411755344364792	0.0
-0.000543172238394618	0.0
0.0	0.0
-0.0007787924841977656	0.0
0.0	0.0
0.0	0.0
0.0	0.0
0.0	0.0
-0.00024627603124827147	0.0
-0.0003801762650255114	0.0
0.0	1.0
0.0	1.0
0.0	0.0
0.0	1.0
0.0	1.0
0.0	1.0
0.0	1.0
0.0	0.0
-0.00024323294928763062	1.0
0.0	0.0
0.0	1.0
-2.1592846678686328e-05	1.0
0.0	1.0
-0.0015607596142217517	0.0
-2.521160240576137e-06	0.012
0.0	1.0
-4.6108281082091196e-10	0.0
0.0	0.644
-5.163151945453137e-05	0.0
-6.168671262685166e-08	0.0015527950310559005
0.0	1.0
0.0	0.001
-1.1994188753305934e-06	0.0
0.0	0.0
0.0	0.0
0.0	0.0
0.0	0.0
0.0	0.0
-0.0003882350865751505	0.0
-0.04656463488936424	0.0
-5.576724637634811e-10	0.0
-0.002579417545348406	0.0
-0.00042608994408510625	0.0
0.0	1.0
-0.0006636229227297008	1.0
-4.47521324531408e-06	1.0
-0.0015365752624347806	1.0
-9.476695413468406e-05	0.006
0.0	0.006
-0.002125687664374709	0.004702194357366771
0.0	0.006018054162487462
0.0	0.006018054162487462
0.0	0.0
-7.718350389041007e-06	1.0
-8.853165127220564e-06	0.0
-6.063306500436738e-06	0.003
0.0	0.003
0.0	0.0
0.0	0.0
0.0	0.0
-2.606021509699019e-10	0.0
0.0	1.0
-0.00032697117421776056	0.0
-1.2779523217432143e-07	1.0
0.0	0.006
0.0	1.0
-0.0025205204728990793	0.0
0.0	1.0
0.0	0.0
0.0	0.0
0.0	0.644
0.0	0.644
0.0	0.644
0.0	0.004
0.0	0.0
-1.2061300935783947e-07	1.0
0.0	1.0
-0.004380465019494295	0.0
-0.0003651245788205415	0.001
0.0	1.0
0.0	0.0
0.0	0.0
-0.01687135361135006	0.0
-0.03244326263666153	0.0
0.0	0.0
0.0	1.0
-3.1403053526446456e-06	0.0
0.0	0.0
0.0	1.0
0.0	1.0
0.0	0.0
0.0	1.0
-0.0010969132417812943	1.0
-0.002180614974349737	1.0
-0.002005749847739935	0.0
0.0	1.0
-8.46906696096994e-05	0.0
0.0	0.0
0.0	0.021
0.0	1.0
-1.4137084747289919e-07	0.021
-0.0005618283757939935	1.0
-0.003956384025514126	0.0
0.0	0.0
-0.0019094239687547088	1.0
0.0	1.0
0.0	1.0
-5.535246145882411e-06	1.0
-0.01578519493341446	0.0
-1.7773518767860708e-11	1.0
0.0	1.0
0.0	0.0
-2.2523093434756447e-07	0.0
0.0	1.0
0.0	0.055
-7.34068889869377e-05	0.0
0.0	0.0
-1.3942568557467894e-06	0.01694915254237288
-0.0033959257416427135	0.01694915254237288
0.0	0.0
0.0	0.07188703465982028
0.0	0.016016016016016016
0.0	0.016016016016016016
0.0	0.016016016016016016
0.0	0.0
0.0	0.0
-0.0014343331567943096	0.0
0.0	0.0
0.0	0.0
-0.0012099932646378875	1.0
0.0	0.0
-1.4202170461885544e-07	1.0
-0.00828615203499794	0.0
0.0	0.0
-1.0895335122995675e-07	0.0
