-0.00020823339582420886	0.0
0.0	0.039
-0.0028580345679074526	0.0
0.0	0.0
0.0	1.0
0.0	0.039
0.0	1.0
0.0	1.0
0.0	1.0
0.0	1.0
0.0	1.0
-1.0223296840194962e-06	0.0
0.0	0.0
0.0	1.0
-0.00041400399641133845	0.0
0.0	1.0
0.0	1.0
-3.0103672088444e-07	0.11764705882352941
0.0	0.0
-0.0014173842500895262	0.10344827586206896
0.0	0.1044932079414838
-1.6406982439320927e-09	0.0
-3.1225448537952616e-07	0.11764705882352941
0.0	0.1044932079414838
0.0	0.0
0.0	1.0
0.0	1.0
0.0	0.0
0.0	0.0
-0.004059824626892805	0.0
0.0	0.0
0.0	1.0
0.0	0.0
-0.00037769167101942003	1.0
-5.636754281113099e-07	1.0
-1.015281850413885e-05	1.0
-0.0011213335674256086	0.0
-0.0001001372656901367	0.0
0.0	0.0
-0.0005909001338295639	0.0
-0.09464231878519058	0.0
-0.0003373273357283324	1.0
-0.0004461313656065613	1.0
0.0	0.0
-0.0032361983321607113	0.0
0.0	1.0
0.0	0.012
0.0	0.0
-9.284420229960233e-05	1.0
-0.0022018637973815203	0.0
0.0	0.0
0.0	1.0
-2.0506522702135044e-08	1.0
-0.02313801273703575	0.0
0.0	1.0
0.0	0.0
0.0	1.0
0.0	1.0
0.0	1.0
-0.013169733807444572	0.0
0.0	1.0
-0.0026086631696671247	0.0
0.0	0.0
0.0	0.0
-4.012172816203474e-09	0.0
0.0	0.0
0.0	1.0
0.0	1.0
-0.014787349849939346	0.0
0.0	0.0
-3.435215774061362e-07	1.0
0.0	0.0
-1.1814310710178688e-05	1.0
-0.004333007149398327	0.0
-0.007885968312621117	0.0
0.0	0.0
-0.0002827605640050024	1.0
-4.457374870980857e-06	0.0
0.0	0.0
0.0	0.04
0.0	0.001
-9.199432679452002e-05	0.0
0.0	1.0
0.0	1.0
0.0	1.0
-1.7382415535394102e-05	0.0
0.0	0.0
0.0	0.0
0.0	0.0
0.0	1.0
-2.3208274058106326e-07	0.0
-0.003129099728539586	0.0
0.0	1.0
-9.594479342922568e-05	1.0
-0.0006246530683711171	1.0
-6.602878329431405e-06	0.0
0.0	1.0
0.0	1.0
0.0	1.0
-0.00036332017043605447	1.0
0.0	1.0
-0.0026458182837814093	0.0
0.0	1.0
-2.3080045139067806e-05	0.0
-4.13459783885628e-05	1.0
0.0	0.0
0.0	0.0
0.0	0.5615615615615616
-6.568457320099697e-05	0.002277904328018223
0.0	1.0
-1.7748729078448378e-05	0.0
0.0	1.0
-0.0001388996752211824	1.0
0.0	0.0
0.0	1.0
-6.06488765697577e-06	1.0
0.0	0.0
0.0	1.0
0.0	0.0
-2.1811860051457188e-07	0.0
0.0	0.0
0.0	1.0
0.0	0.0
0.0	0.0
0.0	0.0
0.0	1.0
-0.0001069552090484649	1.0
0.0	1.0
0.0	0.0
-1.051032882060099e-06	1.0
0.0	1.0
-0.007525506429374218	0.0
0.0	0.0
0.0	1.0
0.0	0.0
0.0	1.0
-0.00019151571905240417	0.0
0.0	1.0
0.0	0.0
-0.00021863299480173737	1.0
0.0	0.0
0.0	1.0
0.0	1.0
0.0	1.0
0.0	1.0
0.0	1.0
0.0	0.005
0.0	0.005
0.0	0.0
0.0	1.0
0.0	0.0
0.0	0.0
-0.0016650663455948234	0.0
0.0	0.0
-7.855164767534006e-06	0.0
0.0	1.0
-6.042472887202166e-05	1.0
0.0	0.0
0.0	0.0
-0.0008293555583804846	0.0
-7.950521307975578e-08	0.079
-0.00746258907020092	0.0
0.0	0.0
0.0	0.0
-7.873853036244327e-08	0.0
0.0	1.0
0.0	0.0
0.0	0.0
-4.422825387179197e-12	0.0
0.0	1.0
0.0	0.0035650623885918
0.0	0.0
-1.687785697868094e-05	0.0
0.0	0.0
0.0	0.0
0.0	1.0
0.0	0.0
0.0	0.0
0.0	1.0
-0.001362163689918816	1.0
0.0	1.0
0.0	1.0
0.0	0.0
-5.2761552069569007e-05	0.0
-0.008860737085342407	0.04
0.0	0.0
0.0	0.0
0.0	0.0
0.0	0.0
0.0	1.0
-0.0006684897816739976	1.0
0.0	1.0
0.0	1.0
0.0	0.0
-0.0020189767237752676	0.0
0.0	0.0
0.0	0.0
0.0	1.0
-0.0006693183677271008	1.0
0.0	1.0
0.0	0.0
-0.0008163729798980057	0.0
0.0	0.0
0.0	1.0
0.0	1.0
-8.203835022868589e-06	0.011
0.0	0.0
-8.654471457703039e-05	1.0
-0.00010615732753649354	0.0
0.0	0.0
0.0	0.0
0.0	0.0262891809908999
0.0	1.0
-3.38944323996504e-11	0.0
-0.0004433209542185068	0.0
0.0	1.0
0.0	1.0
-0.0025092109572142363	0.0262891809908999
0.0	1.0
0.0	0.0
-8.567308640294868e-08	1.0
-5.915051701776974e-07	0.011
-5.782771768281236e-05	0.0
0.0	0.0
0.0	0.0
0.0	0.0
0.0	0.011
-1.4948100049427815e-11	0.0
0.0	1.0
-0.001346732722595334	1.0
-0.0006350399926304817	1.0
-3.456155539538486e-08	0.0
0.0	1.0
-0.0072533548809587955	0.0
-0.0007968588615767658	1.0
-5.342910753824981e-06	0.011
-0.0004974943585693836	1.0
-0.00043608827400021255	1.0
-0.01844644732773304	0.0
0.0	1.0
0.0	1.0
0.0	0.014
0.0	1.0
-3.653528619906865e-05	0.0
0.0	0.0
0.0	1.0
0.0	0.0
-2.89171771328256e-06	1.0
0.0	1.0
0.0	1.0
0.0	1.0
0.0	0.0
0.0	0.0
-0.00035403150832280517	0.0
0.0	1.0
0.0	0.0
-9.004281309898943e-06	1.0
-3.911060048267245e-06	0.0
0.0	0.0
-8.389932190766558e-05	1.0
-0.0026436997577548027	1.0
0.0	1.0
0.0	0.0
0.0	1.0
0.0	0.0
0.0	1.0
0.0	1.0
-0.0020450192969292402	0.0
0.0	1.0
0.0	1.0
-0.00039856057264842093	1.0
-0.0033549247309565544	0.0
0.0	1.0
0.0	0.0
0.0	0.0
0.0	1.0
0.0	1.0
0.0	0.0
0.0	1.0
0.0	1.0
0.0	0.0
-6.470863863668395e-17	1.0
0.0	0.0
0.0	0.0
0.0	1.0
-0.0005553223309107125	0.0
-1.9721435364772333e-06	0.0
-1.7540243788971566e-05	1.0
-0.0011441337410360575	1.0
-0.0009949441300705075	1.0
0.0	1.0
-0.0012054787948727608	1.0
0.0	1.0
-0.0006020073196850717	0.0
0.0	0.0
0.0	1.0
0.0	1.0
0.0	0.0
-3.163599160416197e-07	1.0
0.0	0.5178571428571429
0.0	0.087
-3.3214862924069166e-05	0.0
0.0	0.0
0.0	1.0
-1.3669071449839976e-05	0.0
-0.0013886714586988091	1.0
0.0	1.0
-0.0004813280247617513	0.0
-4.505088302408922e-09	0.0
0.0	0.022
0.0	0.022
0.0	0.0
-2.086426775349537e-06	0.0
0.0	1.0
0.0	0.0
-0.0002784313401207328	0.022
0.0	0.0
-1.7976099115912803e-05	0.0
0.0	0.0
-1.2077832252543885e-05	1.0
0.0	0.022
0.0	0.0
-0.006818173918873072	0.0
-0.0003493025142233819	1.0
-0.0018405544105917215	1.0
0.0	0.0
-0.0028280275873839855	0.0
-0.0028026546351611614	0.0
-4.41896386149665e-09	1.0
-3.1076462619239464e-05	0.0
0.0	0.0
-3.309758938030427e-07	1.0
-2.0650306851166533e-06	0.001
0.0	1.0
-0.002332426607608795	0.0
0.0	1.0
-0.006854572333395481	0.0
0.0	0.0
-0.001649209181778133	0.0
-1.649534169700928e-06	1.0
0.0	0.0
-4.862091600443819e-07	0.0
0.0	0.0
0.0	0.0
0.0	1.0
-0.0113341910764575	0.021551724137931036
0.0	1.0
0.0	0.0
0.0	0.005
0.0	1.0
-0.015013244934380054	0.0
0.0	0.0
0.0	0.0
-0.005614421330392361	0.0
0.0	1.0
0.0	1.0
0.0	0.0
0.0	0.0
0.0	1.0
0.0	0.0
0.0	0.0
-2.1061639927211218e-05	0.0
-0.0028891784604638815	0.0
-1.3610771020466927e-05	0.0
-4.896221206251994e-09	0.0
0.0	0.0010030090270812437
-0.00041745067574083805	0.003003003003003003
-1.0197853043791838e-05	1.0
0.0	0.0
0.0	1.0
0.0	0.0
-1.673564611337497e-06	1.0
-1.432318725846926e-07	1.0
-0.00147665583062917	0.0
0.0	1.0
-2.7150579171575373e-06	0.098
0.0	0.0
0.0	0.0
-0.0026716082356870174	0.0
-0.003900449490174651	0.0
-3.4245193091919646e-05	0.0
0.0	1.0
0.0	1.0
-0.001517505501396954	1.0
-0.026597462594509125	0.008
0.0	0.0
-4.0123315557138994e-05	0.0
0.0	0.008
0.0	0.0
0.0	0.04294478527607362
-4.23256369685987e-06	1.0
0.0	1.0
-0.0013522179797291756	1.0
0.0	1.0
0.0	1.0
-0.022674303501844406	0.0
-0.0018555367132648826	0.0
0.0	0.0
0.0	0.0
-0.0017967413878068328	0.0
0.0	1.0
0.0	1.0
0.0	0.0
-5.886994404136203e-05	0.0
-0.0023881986271589994	0.0
0.0	0.0
0.0	0.0
0.0	1.0
0.0	0.0
0.0	1.0
-0.007046314887702465	0.168
-0.00022735173115506768	0.17177914110429449
-0.00014443445252254605	0.026442307692307692
0.0	0.026442307692307692
0.0	1.0
-0.0035903870593756437	0.001
0.0	0.001
0.0	1.0
-0.0003192878211848438	0.001
-4.6878490422841423e-08	0.085
0.0	0.0
0.0	0.0
0.0	0.087
0.0	0.0
-0.0005981560098007321	0.001
-0.011235334910452366	0.0
-0.00017893400217872113	0.0
0.0	1.0
0.0	0.0
-0.00014663893671240658	0.004
-1.3065985513094347e-05	1.0
0.0	1.0
-9.073777767023596e-15	0.043
-9.466966730542481e-06	1.0
-0.0002491001214366406	0.0
-0.0021118302829563618	0.0
0.0	1.0
0.0	0.0
-0.0016773605020716786	0.0
-0.0006792208296246827	0.0
0.0	1.0
0.0	0.0
-0.0026173952501267195	0.0
0.0	0.0
0.0	1.0
0.0	0.007
-0.0001736308040563017	0.0
0.0	0.0
0.0	1.0
-0.009816841222345829	0.0
-0.03419521078467369	0.0
0.0	0.003048780487804878
0.0	1.0
-5.205630077398382e-05	0.0
-0.010036761872470379	0.0
-1.1884800699135667e-07	1.0
-1.7949079847312532e-05	0.016
0.0	0.0
0.0	0.0201765447667087
-0.0016109328716993332	0.0
-0.0002526105963625014	0.0
0.0	0.0
-1.6498192962899338e-06	0.0
-7.722049303993117e-06	0.001
0.0	0.0
0.0	0.0
-3.327567388300423e-10	0.001
-4.954970063408837e-05	0.001
0.0	0.0
0.0	0.0
0.0	0.0
-1.546023586929124e-10	0.0
0.0	0.0
-7.70287583717888e-11	1.0
0.0	0.0
-3.641081275418401e-05	0.0
-3.349532562424429e-08	0.0
-0.00018924484902527183	0.07961783439490445
0.0	1.0
-0.00033051852369681	1.0
0.0	0.0
0.0	0.0
-6.801730592087551e-07	0.0
-0.000350664253346622	1.0
0.0	0.0
0.0	0.0
-8.097019166264374e-10	1.0
0.0	1.0
0.0	0.0
0.0	1.0
0.0	1.0
0.0	1.0
0.0	1.0
-8.958152969418265e-11	0.073
0.0	0.0
0.0	1.0
-0.014602212235331535	0.0
0.0	1.0
0.0	1.0
-3.224204192520119e-05	0.0
0.0	0.0
0.0	0.0
0.0	0.0
0.0	0.0
-3.4481493571547617e-07	1.0
0.0	0.0
0.0	0.0
0.0	0.0
0.0	0.002
0.0	1.0
0.0	0.0
0.0	0.0
0.0	0.0
-0.003435787046328187	1.0
0.0	1.0
0.0	1.0
-0.0027265327516943216	0.0
-2.166042395401746e-05	1.0
0.0	0.012
0.0	1.0
-0.00010468823893461376	0.0
0.0	0.0
0.0	1.0
0.0	1.0
0.0	0.0
0.0	0.0
0.0	1.0
-0.008024022914469242	0.0
-0.00022681901464238763	0.0
0.0	1.0
0.0	1.0
0.0	1.0
0.0	1.0
0.0	0.001
0.0	0.0
-1.1014183655788656e-05	0.001
0.0	0.001
0.0	0.001
-0.00010637786181177944	0.0
0.0	0.0
0.0	0.0
0.0	1.0
0.0	0.001
-0.00018574642308522016	0.0
0.0	0.17791411042944785
-0.006169693544507027	0.0
-0.00043544548680074513	0.0
0.0	0.0
0.0	1.0
0.0	0.0
0.0	1.0
0.0	0.0
-0.010304086841642857	0.003
-0.0017401442164555192	0.004
-0.0004369765520095825	0.004
-0.0031299591064453125	0.0
0.0	0.004
-9.79799324341002e-07	0.0
0.0	0.0
-0.00010421602928545326	1.0
-2.9588905817945488e-05	1.0
0.0	0.0
0.0	0.0
-4.231724960845895e-05	1.0
-4.524537416727981e-06	0.0
0.0	1.0
-0.0009593145805411041	1.0
0.0	0.0
-9.798134851735085e-05	0.0
-0.0036163330078125	0.0
-1.756313577061519e-05	0.0
0.0	0.0
0.0	0.0
0.0	0.0
0.0	0.0
-5.100151270198694e-07	0.0
0.0	0.0
-7.69938196754083e-05	0.0
0.0	0.0
0.0	0.0
0.0	1.0
0.0	1.0
-0.002217756351456046	1.0
-0.00045532628428190947	0.0
0.0	1.0
-0.01757851615548134	0.0
0.0	1.0
0.0	1.0
0.0	0.0
0.0	1.0
-3.0486980904242955e-06	1.0
-0.01872873492538929	0.0
0.0	0.0
-9.148907764711112e-08	0.0
-2.5858576918835752e-05	0.0
-4.339097969818795e-09	0.357
-0.002734662964940071	0.0
0.0	0.357
0.0	1.0
0.0	0.357
0.0	0.0
0.0	1.0
0.0	0.0
0.0	1.0
0.0	0.0
-6.1369282051970675e-12	0.0
-0.0033263210207223892	1.0
-0.0008376806508749723	0.004
-0.0005308235995471478	0.0
-4.185682337265462e-05	0.0
0.0	0.0
-9.50840058067115e-06	0.001
0.0	0.0
0.0	1.0
-0.00013850069080945104	0.0
0.0	0.0
-0.053445786237716675	0.0
0.0	0.0
-0.004650996997952461	0.0
0.0	1.0
-0.0003128387324977666	1.0
-0.0046445769257843494	0.0
0.0	1.0
0.0	1.0
-0.0033967839553952217	1.0
-0.0007439912296831608	1.0
0.0	0.0
0.0	1.0
0.0	1.0
0.0	0.0
-8.891730431059841e-06	1.0
-0.0002599894942250103	1.0
-0.004476706497371197	0.01
-2.1536525451892885e-08	0.01
-0.0015217651380226016	0.0
-0.001410341472364962	0.0
-0.0002930244372691959	0.004
0.0	0.0
-0.002814751584082842	0.0
0.0	0.0
-0.00012158227036707103	0.0
0.0	0.0
-3.2991315492836293e-06	0.0
0.0	0.038
0.0	0.0
0.0	0.0
0.0	1.0
0.0	0.0
-0.000404893682571128	1.0
0.0	1.0
-0.0025128719862550497	0.0
-0.003049466060474515	0.0
0.0	0.0
0.0	1.0
0.0	0.0
0.0	1.0
0.0	0.0
0.0	1.0
0.0	1.0
0.0	0.0
-0.0008074300712905824	0.0
0.0	0.0
-9.896772098727524e-05	1.0
0.0	1.0
0.0	1.0
0.0	0.0
-3.0934836104279384e-05	1.0
0.0	1.0
0.0	1.0
0.0	1.0
0.0	0.0
-1.5106688806554303e-05	1.0
0.0	0.0
-4.2235675209667534e-05	0.0
-0.00013677233073394746	0.081
-0.0016495739109814167	0.0
0.0	0.0
-0.0004943181993439794	0.081
0.0	0.0
-0.0010478014592081308	0.081
