0.0	0.0
-0.00034476519795134664	0.0
0.0	0.0
-0.00011237879516556859	0.0
0.0	0.0
0.0	0.078
0.0	0.078
0.0	0.078
-7.053477474983083e-06	1.0
-8.048172545072063e-11	0.006711409395973154
0.0	0.0
-7.166586146922782e-05	0.0
0.0	0.0
0.0	0.0
-0.0017239116132259369	0.0
0.0	1.0
-9.250606672139838e-05	1.0
0.0	0.0
0.0	0.0
0.0	0.0
0.0	0.0
-1.3781321570038862e-11	0.0
-2.056565108432551e-06	1.0
-7.323942554648966e-05	1.0
0.0	0.0
0.0	0.0
0.0	0.0
-4.398164674057625e-05	1.0
0.0	0.0
0.0	0.0
0.0	1.0
0.0	1.0
0.0	0.0
0.0	0.0
0.0	1.0
-3.752307020477019e-05	1.0
0.0	1.0
-0.0005813502939417958	1.0
0.0	0.0
0.0	1.0
-6.267075617141793e-13	1.0
0.0	0.0
0.0	1.0
-0.0005511612980626523	1.0
0.0	1.0
-0.0009237874764949083	0.0
0.0	0.0
0.0	0.0
0.0	0.0
-0.005329592619091272	1.0
0.0	0.0
0.0	1.0
0.0	1.0
0.0	0.0
-0.00010228866449324414	0.0
0.0	0.0
-3.135851400770662e-08	1.0
0.0	0.0
0.0	0.0
0.0	1.0
-9.742374095367268e-05	1.0
-4.6633663259854075e-06	1.0
0.0	1.0
0.0	1.0
-1.3740263149486509e-08	1.0
0.0	0.0
0.0	0.002
0.0	0.002
-0.0032838366460055113	0.0
-2.4918574581533903e-07	0.002
-7.345795438595815e-06	0.002
0.0	0.003
-0.119974285364151	0.0
0.0	0.003
0.0	0.0
-0.00031546279205940664	0.0
0.0	0.0
0.0	1.0
0.0	0.0
-2.5152662175287333e-08	0.0
-1.7506461835736786e-09	0.0
-0.0008735891315154731	0.002
0.0	0.002
-5.061476215928451e-08	0.002
0.0	0.0
0.0	0.002
0.0	0.0
0.0	0.002
0.0	1.0
0.0	0.0
-0.0009413843508809805	1.0
0.0	0.0
-8.168299370225895e-10	0.0
-2.5224431738024577e-05	0.0
0.0	1.0
0.0	1.0
0.0	1.0
0.0	1.0
0.0	0.0
-0.00020464598492253572	1.0
-3.1972538505620207e-10	0.0
-0.11844398826360703	0.0
-0.0023034249898046255	0.0
0.0	1.0
0.0	1.0
-4.679979819476043e-13	0.0
0.0	1.0
0.0	0.0
-2.15012642001966e-05	0.0
-0.00019639571837615222	1.0
0.0	0.0
0.0	0.0
0.0	0.849
-1.4739335938429576e-06	0.0
-0.0001280412543565035	0.2080536912751678
0.0	0.032
0.0	0.0
0.0	1.0
0.0	0.0
0.0	1.0
-9.520232518989147e-11	0.0
0.0	1.0
0.0	1.0
0.0	0.0
-0.007708917837589979	0.0010277492291880781
-0.0035190600901842117	0.001
0.0	0.0
-0.0035419135820120573	0.0
-0.0015583127969875932	0.001
-1.8111709323420655e-06	0.001
0.0	0.0
0.0	0.084
0.0	1.0
-5.514463282452198e-06	0.001
0.0	0.0
0.0	1.0
0.0	0.0
0.0	0.9867549668874173
0.0	0.0
0.0	0.157
-0.0035102209076285362	0.008
0.0	1.0
-2.822480205111333e-08	1.0
0.0	1.0
0.0	0.0
-0.0010157431242987514	0.0
-0.0015652742004022002	0.0
-0.00034526377567090094	0.0
-0.0009260561200790107	0.0
-3.442341300896601e-09	0.0
0.0	0.0
-0.002121469471603632	0.0
0.0	0.0
-0.0024530317168682814	1.0
0.0	0.849
0.0	0.0
-5.549985507968813e-05	0.849
0.0	1.0
0.0	0.0
-0.00014358607586473227	0.0
-8.955322039483349e-10	0.849
0.0	0.0
0.0	1.0
0.0	1.0
0.0	0.0
0.0	1.0
0.0	0.0
0.0	0.0
0.0	1.0
-8.807182894088328e-05	1.0
0.0	1.0
0.0	1.0
0.0	1.0
-0.001084798015654087	0.0
0.0	0.0
0.0	0.0
-0.0003750856558326632	1.0
0.0	1.0
0.0	1.0
0.0	0.009
-1.6845413483679295e-05	0.0
-0.0060852933675050735	0.0
0.0	0.008
-1.1379944226064254e-05	0.0
0.0	0.008
0.0	1.0
-1.386174790241057e-05	0.0
0.0	0.0
0.0	0.0010050251256281408
0.0	1.0
-0.0007669724873267114	1.0
0.0	0.005
0.0	1.0
0.0	0.0
0.0	0.0
0.0	1.0
-4.9024258592551625e-17	0.0
-0.002563272835686803	0.0
0.0	1.0
0.0	0.0
0.0	0.0
0.0	0.003
0.0	0.0
-0.009350846521556377	0.0
0.0	0.0
0.0	0.0
-3.655003820313141e-05	0.0
-8.048526979109738e-06	0.0
-8.110372618830297e-06	0.071
-4.1252509741518395e-10	0.071
-0.0010836842702701688	1.0
-7.342777826124802e-05	1.0
0.0	1.0
0.0	0.0
0.0	0.0
0.0	1.0
0.0	0.0
0.0	1.0
-0.0004468653060030192	0.016
-0.001131769153289497	1.0
0.0	0.0
0.0	1.0
0.0	0.9791666666666666
0.0	0.0
-0.0023259008303284645	0.0
-0.0003238117496948689	1.0
-1.8475020624464378e-06	1.0
0.0	1.0
-2.942443233511227e-10	0.0
-0.002350574592128396	0.0
0.0	0.0
0.0	1.0
-0.00029072220786474645	0.0
0.0	0.0
-0.0011318144388496876	0.0
0.0	0.33
-3.796078260620561e-07	0.04011461318051576
-0.0032612646464258432	0.04011461318051576
0.0	1.0
-4.006366361863911e-05	0.31069958847736623
-2.476140252838377e-05	0.31069958847736623
0.0	0.0
0.0	0.017
0.0	1.0
0.0	0.023
-0.002455214038491249	0.0
0.0	0.0
0.0	0.0
-0.003566395491361618	0.017
-0.0001599442766746506	0.021
-5.125040843267925e-05	0.0
0.0	0.0
0.0	0.0
-0.001118457643315196	0.0012515644555694619
0.0	0.0010526315789473684
-0.031185278668999672	0.0
0.0	0.05005005005005005
0.0	1.0
0.0	1.0
-9.804834721904854e-10	1.0
0.0	0.0
0.0	1.0
0.0	0.0
-0.0005774199380539358	0.012
0.0	0.01
0.0	1.0
0.0	0.0
0.0	0.0
-0.00010521876538405195	1.0
0.0	0.0
0.0	0.0
0.0	1.0
-0.02209335006773472	0.0
0.0	0.0
-0.0005531626520678401	0.0
0.0	1.0
0.0	0.0
-8.108139581963769e-07	0.0
0.0	0.0
0.0	0.0
0.0	0.0
-0.00018551379616837949	1.0
0.0	1.0
0.0	0.547
0.0	0.0
0.0	0.0
0.0	1.0
0.0	0.0
0.0	0.0
0.0	0.0
0.0	0.0
0.0	0.0
-0.0010387094225734472	1.0
-5.677327862940729e-05	0.0
-0.0027139466255903244	0.6442873969375736
0.0	0.0
0.0	1.0
0.0	1.0
0.0	0.43875685557586835
0.0	1.0
0.0	1.0
0.0	1.0
0.0	1.0
0.0	1.0
0.0	1.0
-0.005434379447251558	0.0
0.0	0.0
0.0	0.0
-6.806714220042309e-11	1.0
-0.0023179720155894756	0.0
-0.00043528754031285644	0.0
0.0	1.0
-4.81349786696228e-07	0.0
-0.002552772406488657	0.0
0.0	0.0
-0.0005178269930183887	0.0
-0.010454995557665825	0.0
0.0	0.0
-8.329319825861603e-06	0.0
0.0	0.0
0.0	0.009433962264150943
0.0	0.0
-0.0008959728293120861	0.0
0.0	1.0
-6.847566851320153e-07	1.0
-0.0019554004538804293	1.0
-0.009258107282221317	0.0
-0.006627216469496489	0.0
-3.7721710555160826e-07	0.0
-2.753642036612547e-10	0.0
0.0	0.0
-0.007196640595793724	0.0
-1.838677457901075e-14	0.154
0.0	0.154
0.0	0.154
-6.387423491105437e-05	0.151
-2.8081696852848975e-14	1.0
0.0	1.0
-0.0003149400872644037	0.15237134207870837
0.0	1.0
0.0	0.299
-0.0012203083606436849	0.0
0.0	0.0
0.0	0.9900662251655629
-7.68541852380622e-08	1.0
0.0	1.0
-0.0007899408810772002	1.0
0.0	1.0
0.0	1.0
0.0	0.0
0.0	0.299
-5.7787900004768744e-05	0.0
-1.7830672732088715e-05	0.0
0.0	0.166
-2.4980128234523614e-17	0.166
-2.9277693158746843e-08	1.0
-0.00010079083585878834	0.0
-0.000187426689080894	0.0
-6.435064392462664e-07	0.0
0.0	1.0
-0.0009135664440691471	0.0
0.0	1.0
-9.472345118410885e-05	0.0
0.0	0.0
-0.0004979689256288111	1.0
-0.00023597713152412325	1.0
0.0	1.0
0.0	1.0
0.0	0.0
-2.5190127416863106e-05	0.0
-0.0007219182443805039	0.002
-0.0002822850947268307	1.0
0.0	1.0
-1.9390649086403755e-08	1.0
0.0	0.0
-5.251517359283753e-05	1.0
-5.178709398023784e-05	0.002
0.0	0.0
-6.166616458358476e-06	0.0
0.0	0.00501002004008016
0.0	0.0020100502512562816
-1.0279473272589712e-08	1.0
0.0	0.0
0.0	0.0
-0.000192298146430403	1.0
0.0	0.0
0.0	1.0
-1.421211436536396e-06	0.0
-0.00036159245064482093	1.0
0.0	0.0
0.0	1.0
-0.000466800294816494	0.0
-8.90880347270695e-09	0.0
0.0	1.0
-0.0005641005118377507	0.0
-4.795301720150746e-07	1.0
0.0	1.0
0.0	0.0
0.0	0.151
0.0	0.0
0.0	1.0
0.0	0.0
0.0	0.0
0.0	1.0
-0.0019968447741121054	0.0
0.0	0.0
0.0	1.0
0.0	0.0
0.0	1.0
0.0	0.0
0.0	0.0
-8.831964078126475e-05	1.0
0.0	1.0
0.0	0.0
0.0	0.0
-1.0742297718024929e-07	0.0
0.0	0.0
-0.0010666261659935117	0.151
0.0	0.0
0.0	0.0
0.0	1.0
-0.004065877292305231	0.0
0.0	1.0
0.0	0.01706827309236948
-5.668242010870017e-05	0.0
0.0	0.019269776876267748
0.0	0.0
-0.00022925973462406546	0.0
0.0	0.0
0.0	0.0
0.0	0.0
0.0	0.0
0.0	0.0
-0.0013280127895995975	0.0
0.0	0.0
0.0	1.0
0.0	0.0
0.0	0.0
-0.0023104525171220303	0.0
0.0	0.0
0.0	0.0
0.0	0.0
-9.69046050158795e-06	1.0
-0.000452270993264392	0.0
0.0	0.0
0.0	0.0
0.0	0.0
0.0	0.0
0.0	1.0
0.0	0.0
0.0	0.05084745762711865
0.0	0.0
-0.00044647068716585636	1.0
-0.004345772787928581	0.0
0.0	1.0
0.0	1.0
0.0	0.0
0.0	0.0
-0.0004608592716977	0.0
0.0	0.0
0.0	0.0
-0.001076691085472703	0.0
-0.000994537491351366	0.0
0.0	0.0
-1.5427001926582307e-05	0.0
-0.00022638843802269548	0.0
-8.647144805751239e-11	0.0
-2.804595533234533e-05	1.0
0.0	0.0
0.0	0.0
0.0	0.0
-9.916714043356478e-05	1.0
-0.00027591059915721416	1.0
-0.0004760314477607608	0.0
0.0	1.0
-7.935986650409177e-05	1.0
-0.0009281609090976417	1.0
0.0	0.0
0.0	1.0
0.0	0.0
-8.247216101153754e-06	1.0
0.0	1.0
-6.49871290079318e-05	0.0
-5.942193183727795e-06	1.0
-0.00017478833615314215	0.0
-0.0001600447139935568	1.0
-0.003088265424594283	0.0
-1.6691861674189568e-05	1.0
0.0	0.0
0.0	1.0
-7.815222488716245e-05	0.0
0.0	0.0
0.0	0.0
-0.0005966481403447688	0.0
0.0	1.0
0.0	0.0
0.0	1.0
0.0	0.0
0.0	1.0
-0.0003306415455881506	0.0
0.0	0.257
-3.7889135455770884e-06	1.0
0.0	0.257
-8.690064532856923e-06	0.0
0.0	1.0
0.0	0.0
-0.0013337141135707498	0.46983546617915906
-0.0017029688460752368	0.0
0.0	0.008075370121130552
0.0	0.006
0.0	0.006
0.0	0.0
0.0	0.006
0.0	0.0
0.0	0.006
-0.0032792724668979645	0.0
-0.004224300384521484	0.0
0.0	0.0
0.0	1.0
-0.0005424914415925741	1.0
0.0	0.005484460694698354
-6.176485385367414e-07	0.0
-0.0020307234954088926	1.0
-8.891642210073769e-06	0.0
-3.281169558277952e-09	0.003
0.0	0.0
0.0	0.0
0.0	0.003
-0.0019743142183870077	0.003
-1.5444273060438718e-07	1.0
-0.0017511460464447737	1.0
0.0	0.003
-0.0013210471952334046	0.003
-0.0024061487056314945	0.0
-2.5301984351244755e-05	0.0
-0.000121262863103766	0.547
-0.0005847228458151221	0.0
0.0	0.5547667342799188
0.0	0.03090507726269316
0.0	1.0
-0.0017364263767376542	1.0
0.0	0.0
0.0	0.0
0.0	1.0
0.0	0.0
0.0	0.0
-3.529047496939053e-12	1.0
0.0	1.0
0.0	0.0
0.0	0.547
-0.0001094251565518789	0.0
0.0	1.0
-4.512034502113238e-05	0.0
0.0	0.6489988221436984
0.0	1.0
-7.157588697737083e-05	1.0
-1.010690084513044e-06	0.055229142185663924
-0.0006947856745682657	0.0
-0.0040625580586493015	0.0
0.0	0.0
-3.447622276553375e-08	0.0
0.0	0.004
0.0	0.004
-0.009435703977942467	0.0
0.0	1.0
0.0	0.849
0.0	1.0
0.0	1.0
-0.00013843877241015434	1.0
-2.1818040707444197e-09	0.0
0.0	0.0
-1.360025336794024e-08	0.0
0.0	0.559
-1.968877768376842e-06	0.559
-2.2831922251498327e-05	0.0
-1.589618932484882e-06	1.0
-2.0684477931354195e-05	0.016
-0.0011912287445738912	1.0
0.0	1.0
0.0	1.0
0.0	1.0
-1.568404144336455e-07	0.547
0.0	0.005159958720330237
0.0	1.0
-0.00598902627825737	0.0
-0.006176568102091551	0.0
0.0	0.005159958720330237
0.0	0.0
0.0	0.0
0.0	1.0
0.0	0.0
0.0	0.0
0.0	1.0
-0.016475452110171318	0.0
0.0	1.0
0.0	0.0
-0.012965184636414051	0.0
0.0	0.0
0.0	1.0
0.0	0.0
0.0	1.0
0.0	0.0
-0.00045267390669323504	0.0
0.0	0.0
0.0	0.007
-0.0029842020012438297	0.0
0.0	0.007
0.0	0.0
-0.00019832754333037883	1.0
-0.0005299941985867918	0.0
0.0	0.0
0.0	1.0
0.0	0.0
-0.0032381268683820963	1.0
-5.5430526117561385e-05	0.0
-0.001814597868360579	1.0
0.0	1.0
0.0	0.007
0.0	1.0
0.0	1.0
0.0	1.0
0.0	0.0
0.0	1.0
-0.00010468197433510795	1.0
-1.9126717234030366e-05	1.0
0.0	1.0
0.0	0.0
-4.986452495359117e-06	1.0
0.0	1.0
0.0	0.0
0.0	1.0
-0.0010004679206758738	0.0
0.0	0.002
0.0	0.006622516556291391
0.0	1.0
0.0	0.002
0.0	1.0
-0.00027680073981173337	0.093
-2.2356789486366324e-05	0.0
-9.905427172940406e-12	0.0
0.0	0.002
-0.0006516445428133011	0.0
0.0	0.0
0.0	0.0
-1.182595383397711e-06	0.0
0.0	0.0
0.0	0.0
0.0	0.0
0.0	0.0
-2.14144656638382e-05	0.0
0.0	0.0
-2.283281202997145e-11	0.0
-2.0394193143147277e-06	0.0
-9.984612248103986e-09	0.0
0.0	1.0
0.0	0.0
0.0	0.0
-0.004509330727159977	0.0
-2.6668934879126027e-05	0.0
0.0	0.0
0.0	0.0
0.0	0.0
-0.000602173269726336	0.0
0.0	0.0
0.0	0.0
-0.0024045470636337996	0.0
-0.0030840467661619186	0.0
-3.0268751288531348e-05	1.0
0.0	1.0
0.0	1.0
-2.3719892396911746e-06	0.0
0.0	1.0
-7.557658682344481e-05	1.0
0.0	0.0
-2.4732042191999426e-08	1.0
-0.00013549622963182628	0.0
-0.01253234501928091	0.0
-0.00023983998107723892	0.0
0.0	0.0
-0.0035498719662427902	0.0
0.0	0.0
