-0.01909869723021984	0.0
-2.6079826056957245e-05	1.0
-4.271859324944671e-06	1.0
0.0	0.0
0.0	0.0
-3.9081822222897245e-08	0.0
-0.008355718106031418	0.0
-3.5082710382994264e-05	0.0
-4.366248504084069e-06	0.0
0.0	0.04
0.0	0.0
-0.0008829306461848319	1.0
0.0	1.0
0.0	0.0
0.0	0.0
0.0	0.0
0.0	0.0
0.0	0.0
-0.0003613483568187803	1.0
-1.1408557156755705e-06	1.0
0.0	1.0
0.0	0.222
-0.00011265449575148523	0.0
0.0	1.0
0.0	0.222
0.0	0.222
0.0	1.0
0.0	1.0
0.0	0.0
-0.0035846782848238945	0.001006036217303823
0.0	0.005030181086519115
-0.001151582575403154	0.006030150753768844
-0.00021502432355191559	0.03
-1.9247620741680294e-07	0.0
0.0	0.0
-3.5321951941114094e-07	0.0
0.0	0.0
0.0	0.0
0.0	0.0
-3.3698802326398436e-07	0.0
0.0	0.0
0.0	0.0
0.0	0.0
0.0	1.0
0.0	0.0
-1.7284613932133652e-05	0.0
0.0	1.0
0.0	1.0
0.0	1.0
-4.439886106410995e-05	1.0
-0.023494713008403778	0.0
-3.535528207976313e-07	1.0
-0.00018696280312724411	1.0
-0.0016239510150626302	0.0
0.0	1.0
-1.3313568842932e-06	1.0
0.0	0.0
0.0	1.0
0.0	0.0
0.0	0.0
-0.0006650104187428951	0.05
0.0	0.05
0.0	0.05
-0.014955919235944748	0.0
0.0	0.0
0.0	0.0
-0.00732222618535161	0.05
0.0	0.0
-3.6945875763194636e-06	1.0
0.0	0.0
-2.403317296284513e-07	0.0
0.0	0.0
0.0	0.0
0.0	1.0
-1.8421620779918157e-06	1.0
0.0	1.0
0.0	0.001
-0.0024581945035606623	0.0
0.0	0.0
0.0	0.0
-0.0012919394066557288	0.001
0.0	0.0
0.0	0.0
-1.3673745797859738e-06	0.0
0.0	1.0
0.0	0.10510510510510511
-0.00046740734251216054	0.001
-4.3055977585026994e-05	0.0
-6.207639671629295e-05	1.0
0.0	1.0
0.0	1.0
0.0	1.0
-7.833126437617466e-05	1.0
-5.94639186601853e-06	1.0
-1.960080908247619e-06	1.0
0.0	1.0
-2.5167315698126913e-07	0.0
0.0	1.0
0.0	1.0
0.0	1.0
-1.5734140106360428e-06	1.0
0.0	1.0
0.0	1.0
0.0	1.0
0.0	0.0
0.0	0.0
0.0	1.0
0.0	0.0
0.0	0.0
0.0	1.0
-0.0004396021249704063	0.0
-0.0005790315335616469	1.0
0.0	0.046
0.0	0.0
0.0	0.046
-0.00031877102446742356	0.0
0.0	0.0
0.0	1.0
-8.397780038649216e-05	0.0
0.0	0.0
0.0	0.0
0.0	0.0
-2.4574952476541512e-05	1.0
0.0	1.0
0.0	1.0
0.0	1.0
0.0	1.0
-0.0014706278452649713	1.0
0.0	0.0
0.0	1.0
-0.0017887471476569772	1.0
0.0	0.0
-1.6974159734672867e-05	1.0
-0.0005183471366763115	0.0
-4.360649199952604e-06	0.0
0.0	0.0
0.0	0.0
0.0	1.0
0.0	1.0
0.0	1.0
0.0	1.0
-5.308372055878863e-05	1.0
0.0	1.0
-0.014003511518239975	0.0
0.0	0.0
0.0	0.0
-9.11665047169663e-05	1.0
-0.0009131522965617478	1.0
0.0	1.0
0.0	0.0
-0.00040006820927374065	1.0
0.0	0.0
0.0	1.0
-0.00015101060853339732	0.0
0.0	0.0
0.0	1.0
0.0	0.0
0.0	0.0
-0.0006204090896062553	0.0
0.0	0.0
0.0	0.0
0.0	0.0
-1.5885069615251268e-06	0.0
0.0	1.0
0.0	0.0
-0.0019705069717019796	0.0
-0.05221221223473549	0.0
0.0	1.0
0.0	0.0
0.0	1.0
0.0	1.0
0.0	1.0
-0.00010426172229927033	1.0
-2.0342395146144554e-07	0.0
0.0	1.0
-0.023714110255241394	0.0
-0.00022597149654757231	0.0
-4.4204855953466904e-07	0.001
0.0	1.0
0.0	1.0
0.0	1.0
0.0	0.0
-7.024045345360719e-08	1.0
0.0	0.0
0.0	0.0
-1.0530456506785413e-07	1.0
0.0	0.0
0.0	1.0
0.0	1.0
0.0	0.0
0.0	0.0
0.0	0.0
-7.481023203581572e-05	0.0
0.0	0.0
0.0	0.0
0.0	0.0
-1.6940093772177534e-09	0.0
0.0	0.026
-9.973974374588579e-05	0.026
-2.338968806725461e-05	0.0
0.0	0.0
0.0	0.0
-2.271245058693694e-08	0.033
0.0	0.0
0.0	0.007
0.0	0.007
0.0	0.007
-1.5647522388917423e-07	0.0
0.0	0.0
-0.0004312591045163572	0.0
-0.0002429004671284929	1.0
0.0	0.0
-9.140317706624046e-05	0.0
0.0	0.0
0.0	0.0
-2.978111842821818e-05	0.0
0.0	0.0
0.0	1.0
0.0	0.0
-0.000685390958096832	0.015384615384615385
0.0	0.0
-0.00014539563562721014	1.0
-3.467631870535115e-08	1.0
0.0	1.0
0.0	1.0
-4.416544213681206e-11	1.0
-8.507327584084123e-05	0.0
0.0	0.0
0.0	0.0
-0.0001208436005981639	1.0
0.0	0.0
0.0	0.0
0.0	0.0
0.0	0.0
0.0	0.0
-0.0011563618900254369	0.0
-0.00047024464583955705	0.0
0.0	0.0
-4.47267396452844e-08	0.002
-6.824325282650534e-08	0.0
0.0	1.0
-3.6086255511547094e-12	1.0
-1.5542465916951187e-05	1.0
0.0	0.0
0.0	1.0
0.0	0.0
0.0	1.0
0.0	0.0
-7.379983912869648e-08	0.0
-5.3896132158115506e-05	0.0
-0.002305681351572275	0.0
-0.013583147898316383	0.0
0.0	0.04
0.0	0.0
0.0	0.0
-1.8738011249297415e-06	0.0
0.0	0.04597701149425287
0.0	0.04597701149425287
-1.0814253528224071e-06	0.13541666666666666
0.0	1.0
-1.392312697134912e-05	0.0
-0.0003379062982276082	0.0
0.0	1.0
0.0	0.0
-3.9883343561086804e-07	1.0
0.0	0.0
0.0	1.0
0.0	1.0
0.0	1.0
-0.00010804047633428127	0.0
0.0	1.0
0.0	0.0
-0.0007472469587810338	0.0
0.0	0.0
0.0	0.017
-0.0009047248167917132	0.0
0.0	1.0
-2.2763722881791182e-05	1.0
0.0	1.0
-9.843023097977355e-12	0.0
-1.4421290870814119e-05	0.0
-1.6944028402576805e-09	1.0
-5.153097663423978e-05	0.0
0.0	0.0
-0.03373916819691658	0.0
0.0	1.0
0.0	0.0
0.0	0.0
-1.0952804814223782e-06	0.0
-4.463177174329758e-05	0.0
0.0	0.0
-0.0009430686477571726	1.0
-0.001043021329678595	0.0
0.0	0.0
-0.00021236957400105894	1.0
0.0	0.0
-6.915142591878976e-08	0.0
-3.5157700040144846e-05	0.0
-0.0037643411196768284	0.0
0.0	1.0
0.0	1.0
-0.00017789643607102334	0.0
0.0	0.0
-8.925083250233001e-08	1.0
-2.2889838874107227e-05	0.0
-0.004508711397647858	0.0
-1.5011115905849692e-08	0.0
0.0	1.0
-0.0001172770353150554	1.0
-5.699090615962632e-05	1.0
-3.091685357503593e-05	0.0
0.0	0.0
0.0	1.0
0.0	1.0
-0.0006441490259021521	1.0
-3.1579300411976874e-05	1.0
-0.0164653193205595	0.0
0.0	0.0
0.0	0.0
0.0	1.0
0.0	0.0
-3.59214163836441e-06	1.0
0.0	0.0
-0.0018413264770060778	0.0
0.0	1.0
0.0	0.488
-0.0009649027488194406	0.488
-0.00014543520228471607	0.0
0.0	0.488
0.0	0.488
0.0	1.0
-0.000605921377427876	0.0
0.0	0.0
-0.0004602262924890965	0.0
-0.021315935999155045	0.0
0.0	0.0
-5.365514152799733e-05	0.0
0.0	1.0
0.0	0.0
0.0	0.0
0.0	0.0
-0.001396590145304799	0.0
-0.0005514428485184908	1.0
0.0	0.0
0.0	0.0
0.0	0.0
-6.82395722151341e-08	0.0
-0.00018451731011737138	0.0
0.0	0.0
-2.4805324461141254e-10	0.0
-0.0114799365401268	0.0
0.0	1.0
0.0	0.0
0.0	1.0
0.0	1.0
0.0	1.0
0.0	1.0
-1.3090569837004296e-06	1.0
0.0	1.0
0.0	1.0
0.0	1.0
0.0	0.03194103194103194
0.0	1.0
-0.06449580937623978	0.0
0.0	0.2
-3.133521386189386e-05	1.0
-9.223899542121217e-05	1.0
0.0	1.0
-5.440377321974665e-07	0.0
-0.0013094950700178742	0.0
0.0	0.0
0.0	0.0
0.0	0.0
-4.5433087507262826e-05	0.0
-0.00018421975255478173	0.0
-0.0008022168767638505	1.0
-3.140453191008419e-05	0.0
0.0	0.0
-0.01171755138784647	0.0
0.0	0.0
0.0	0.0
0.0	0.0
0.0	0.026
-0.001900987233966589	0.0
0.0	1.0
0.0	0.0
-1.955496372829657e-05	0.0
0.0	0.0
0.0	0.0
-2.3866155274276935e-08	1.0
0.0	0.0
0.0	0.0
-1.999700671717619e-08	1.0
0.0	0.0
0.0	0.0
-0.00013494679296854883	1.0
0.0	0.0
0.0	0.0
0.0	1.0
0.0	1.0
0.0	0.0
-0.00017481294344179332	0.0
0.0	1.0
-0.0035038369242101908	0.0
0.0	1.0
-0.0001167356240330264	1.0
0.0	0.0
-0.02244153805077076	0.0
-1.017640816058929e-08	1.0
-0.0006374965887516737	0.0
-0.015280719846487045	0.0
0.0	0.0
0.0	1.0
0.0	0.0
-7.85057000030065e-06	1.0
-8.491395419696346e-05	0.0
0.0	1.0
0.0	1.0
0.0	1.0
0.0	1.0
-0.001470861374400556	1.0
0.0	1.0
-3.326572350914603e-10	0.0
0.0	1.0
0.0	0.0
0.0	1.0
0.0	0.0
0.0	0.0
0.0	0.0
0.0	1.0
0.0	0.0
0.0	1.0
-3.3865178465930512e-06	1.0
0.0	0.0
0.0	1.0
0.0	0.0
-0.00019477694877423346	1.0
0.0	1.0
0.0	1.0
-0.03301001340150833	0.0
0.0	0.0
0.0	0.0
0.0	0.0
0.0	0.026748971193415638
0.0	1.0
-0.00023051603056956083	0.028747433264887063
0.0	0.026748971193415638
-6.489665975095704e-05	0.026748971193415638
-4.411577174323611e-05	0.026748971193415638
0.0	0.028747433264887063
-0.000528066186234355	0.0
-1.624638357872188e-12	0.026
-0.0017302738269791007	0.0
0.0	0.0
0.0	0.0
0.0	0.0
0.0	0.0
0.0	1.0
-3.638743692135904e-06	0.001
0.0	0.0
-1.313092161581153e-05	1.0
-0.004795641638338566	0.23529411764705882
0.0	1.0
-1.533539398224093e-05	1.0
0.0	1.0
0.0	1.0
-5.219856689109292e-07	0.0
0.0	0.0
0.0	0.0
0.0	0.0
0.0	0.0
-5.447341391118243e-05	0.0
-0.0187168437987566	0.0
0.0	0.0
0.0	0.0
-0.0002126242616213858	0.0
-7.224122964544222e-05	0.0
0.0	0.0
-0.001086133299395442	0.0
-8.848932338878512e-06	0.002
0.0	0.002
0.0	0.0
0.0	1.0
-0.00105984415858984	0.0
0.0	0.0
-0.005449808668345213	0.0
0.0	0.0
-0.0002639660087879747	0.0
-0.007951220497488976	0.0
0.0	0.0
0.0	0.0
0.0	0.0
-0.0052625262178480625	0.0
-0.000953073613345623	0.0
-0.0001468616828788072	0.488
0.0	1.0
-0.0030953576788306236	0.0
0.0	0.0
-9.626578423294063e-10	1.0
-0.0013528040144592524	0.0
-0.0004493847372941673	0.0
-1.573934241605457e-05	0.0
0.0	1.0
0.0	0.0
-0.0009691870072856545	0.0
0.0	0.0
-2.927909736172296e-05	0.0
-1.321299441769952e-05	0.0065717415115005475
-4.89742978970753e-06	1.0
-0.007513976655900478	0.0
0.0	1.0
0.0	1.0
0.0	1.0
-0.00020798019249923527	0.0034522439585730723
-0.00018687207193579525	1.0
0.0	0.0
0.0	1.0
-1.526339656265918e-05	1.0
-0.003327600657939911	0.0
0.0	0.0
-0.0010644533904269338	0.006
-0.0029400622006505728	0.006072874493927126
0.0	0.0
-5.4058589739724994e-05	1.0
-6.70488162768379e-08	1.0
0.0	0.012072434607645875
-1.6683321746313595e-07	0.0
0.0	0.0
0.0	1.0
-3.549577343164856e-08	0.0
0.0	0.0
0.0	0.0
0.0	1.0
-0.0020794325973838568	0.0
0.0	0.0
0.0	0.0
-0.0031369240023195744	0.0
-4.242152499500662e-05	0.0
0.0	0.0
0.0	0.0
-0.011953303590416908	0.0
0.0	1.0
0.0	0.0
-3.188147346122605e-08	0.0
-0.0018265604740008712	1.0
-0.0060878656804561615	0.0
0.0	0.0
-0.0008045862196013331	0.0
0.0	0.0
-0.013196437619626522	0.0
-2.810272235365119e-06	0.0
0.0	0.0
-0.0008547075558453798	0.0
-0.0007041534991003573	0.0
-0.004927597474306822	0.0
-5.934705313848099e-06	0.0
0.0	0.512
0.0	0.512
-0.001221975078806281	0.0
0.0	0.0
-0.01343147736042738	0.0
0.0	0.0
0.0	0.0
0.0	0.499
0.0	0.0
0.0	1.0
0.0	1.0
-0.0003339727991260588	0.0
0.0	0.019
0.0	0.0
0.0	0.019
0.0	0.0
-0.0003228127025067806	1.0
-1.5434675333381165e-06	0.0
0.0	1.0
-3.208086241102137e-07	1.0
0.0	1.0
0.0	0.04
-6.036023933120305e-06	1.0
-0.0033927306067198515	0.0
0.0	0.0
0.0	0.0
0.0	0.0
0.0	1.0
0.0	0.1306532663316583
-0.00013506776303984225	0.1306532663316583
-0.0011164278257638216	0.0
-3.837026838482416e-07	1.0
0.0	0.0
-0.012191493064165115	0.0
-0.0003907692735083401	0.0
0.0	1.0
-0.006162424571812153	0.0
-0.0009136482258327305	1.0
0.0	0.0
0.0	0.0
-9.947383194930381e-12	1.0
0.0	0.0
-0.0017486424185335636	0.0
-7.953294129947608e-07	1.0
-0.0008461689576506615	1.0
0.0	1.0
-9.489779984050983e-08	0.0
0.0	0.0
-0.00021876924438402057	0.0
-1.793558574228471e-12	1.0
0.0	0.0
0.0	0.0
-0.0005891031469218433	0.0
0.0	0.0
0.0	1.0
-0.0003369867627043277	0.2
0.0	0.0
-0.0015657643089070916	0.0
-2.1480374812199443e-08	0.023958333333333335
0.0	0.13541666666666666
-0.00022178901417646557	0.04597701149425287
0.0	0.04597701149425287
-8.145663741743192e-06	0.04597701149425287
-0.0011459337547421455	0.13541666666666666
0.0	1.0
0.0	1.0
0.0	1.0
-0.00041535860509611666	0.0
0.0	1.0
-7.666063339684115e-08	0.0
0.0	0.0
-0.0003814984520431608	0.0
0.0	0.001
0.0	0.0
-2.045202927547507e-05	0.0
0.0	0.0
0.0	0.0
0.0	1.0
0.0	0.0
-0.009993841871619225	0.001
-5.0633119826670736e-05	0.0
0.0	0.0
-0.0058114235289394855	0.0
0.0	1.0
0.0	1.0
-0.000879227533005178	0.001
0.0	0.0
0.0	0.0
0.0	1.0
0.0	0.001
0.0	1.0
0.0	1.0
0.0	1.0
0.0	1.0
-0.0002372683520661667	1.0
-7.124480134734767e-07	0.0
-1.2055065781169105e-05	0.0
-1.705111571936868e-05	0.0
-0.0002104742161463946	0.0
0.0	1.0
0.0	1.0
-1.2416610274679218e-11	1.0
0.0	0.0
-0.0033131935633718967	0.0
-0.055158257484436035	0.0
0.0	0.0
-0.00027065069298259914	1.0
0.0	1.0
0.0	0.0
-0.0038437803741544485	0.0
0.0	0.0
0.0	0.0
-1.5621527609255281e-06	0.0
-1.8245847286380013e-06	1.0
-0.00010005327931139618	0.0
0.0	1.0
0.0	0.0
0.0	1.0
0.0	0.0
-0.00445521529763937	0.0
0.0	1.0
-0.0004714836832135916	1.0
-4.2306663090130314e-05	1.0
0.0	1.0
-1.6829199492307545e-11	1.0
-0.0031701119150966406	1.0
-0.007157019339501858	0.0
0.0	0.0
-2.4531089366064407e-05	1.0
-2.4804467102512717e-07	1.0
0.0	1.0
0.0	0.0
0.0	0.001
-0.0003020268341060728	1.0
0.0	0.0
0.0	1.0
0.0	0.0
-0.00014819220814388245	0.0
0.0	0.0
0.0	0.0
-0.0008825912373140454	0.0
0.0	0.0
0.0	1.0
0.0	0.0
0.0	0.0
0.0	0.0
0.0	1.0
-0.0010343699250370264	0.0
0.0	0.0
0.0	1.0
-0.0002633814001455903	0.0
-2.229805068054702e-05	0.0
