0.0	0.0
0.0	1.0
-6.296233914326876e-05	0.0
0.0	0.0
0.0	0.0
-0.001439814455807209	1.0
0.0	1.0
0.0	0.002
0.0	0.0
0.0	0.0
-0.00017977494280785322	0.0
-7.718406413914636e-05	1.0
0.0	0.0
0.0	0.008
-3.332860433147289e-05	0.008
-9.075783054868225e-06	0.0
-0.002178419614210725	0.008
0.0	0.0
-0.0005488320020958781	0.006030150753768844
0.0	0.0
0.0	1.0
-1.4059785826248117e-05	0.0
0.0	1.0
0.0	1.0
0.0	0.0
0.0	0.013
0.0	0.0
0.0	0.0
-0.0009072868851944804	0.0
0.0	1.0
0.0	0.0
0.0	1.0
0.0	1.0
-0.008680888451635838	0.0
0.0	0.2454728370221328
-0.008281615562736988	0.007936507936507936
-0.019073309376835823	0.0
-0.0001785033819032833	1.0
-6.284654432420211e-07	1.0
0.0	1.0
0.0	1.0
-6.154038345584922e-08	1.0
-1.3439526810543612e-05	0.009
0.0	1.0
-0.002446550177410245	1.0
-0.0010583925759419799	0.0
-8.724680355953751e-08	1.0
-0.003078555455431342	0.0
0.0	0.006276150627615063
-3.643081072368659e-05	1.0
0.0	0.0
0.0	0.044
0.0	0.0
0.0	0.0
0.0	0.0
-6.637079786742106e-05	0.0
0.0	0.0
0.0	0.0
-9.450311154068913e-06	0.0
0.0	0.0
-5.675734064425342e-05	1.0
0.0	1.0
0.0	1.0
0.0	0.0
0.0	0.909
-3.15381141341442e-12	0.909
-0.06478708237409592	0.0
0.0	1.0
0.0	1.0
-0.00044533255277201533	0.0
0.0	1.0
0.0	0.0
-0.00010846678196685389	1.0
0.0	0.0
-0.00016897029126994312	1.0
-0.0009857772383838892	0.0
0.0	0.0
-0.0003903711913153529	1.0
-0.0011569368652999401	0.0
0.0	1.0
-1.5837521294415069e-09	0.0
0.0	0.0
0.0	0.0
0.0	0.0
0.0	0.0
-0.00013659648539032787	1.0
0.0	0.0
-0.0008258307352662086	0.0
0.0	1.0
0.0	1.0
-0.0013048661639913917	1.0
-0.00022721027198713273	0.0
0.0	1.0
0.0	0.0
0.0	0.0
0.0	1.0
0.0	1.0
-0.009603847749531269	0.0
-6.812390347477049e-05	1.0
0.0	1.0
0.0	1.0
0.0	0.117
0.0	0.0
0.0	0.0
-0.0005360223003663123	0.0
-4.429492536650592e-11	0.0
-3.15022625727579e-05	1.0
-1.034240618494331e-12	1.0
-2.0775077491652638e-10	0.061
0.0	1.0
-0.0025988484267145395	0.6703296703296703
-1.5035031537991017e-05	1.0
0.0	0.0
0.0	0.0
-0.004567467607557774	0.0
0.0	1.0
0.0	0.0
-7.617171650053933e-05	1.0
0.0	0.0
-0.03704925626516342	0.0
-2.476247573213186e-05	1.0
-0.022503258660435677	0.0
0.0	1.0
-1.8062747813019087e-06	1.0
0.0	0.0
-0.00343683990649879	0.0044004400440044
-0.0006138557801023126	0.0
0.0	0.004
-1.7675901062830235e-06	1.0
0.0	0.0
-0.0005926088779233396	1.0
0.0	0.0
0.0	0.0
-0.00010024234507000074	0.0
0.0	0.0
0.0	1.0
0.0	1.0
0.0	1.0
-0.004461953882128	0.0
0.0	1.0
0.0	1.0
-0.0004959266516380012	0.0
0.0	1.0
0.0	1.0
-0.0006884452886879444	0.0
0.0	0.024
0.0	1.0
0.0	0.0
0.0	1.0
0.0	1.0
0.0	0.0
0.0	1.0
-1.281077948078746e-05	1.0
0.0	0.0
-3.682551550809876e-06	1.0
0.0	1.0
-0.006517244502902031	0.0
0.0	0.0
0.0	1.0
-0.0020019053481519222	0.0
0.0	0.091
0.0	0.0
0.0	1.0
-0.002455962123349309	0.0
0.0	1.0
-2.596213377614731e-08	1.0
-0.00011878391524078324	0.0
-3.932499055281369e-07	0.117
0.0	0.0
-4.0808367884892505e-06	0.0
0.0	0.0
-0.00023860446526668966	0.0
-7.175960490712896e-06	1.0
0.0	1.0
-0.0005293474532663822	1.0
0.0	0.0
0.0	1.0
0.0	0.0
0.0	1.0
-3.400659988983534e-05	1.0
0.0	0.0
-2.524928177649599e-08	0.008519701810436636
-0.007174129132181406	0.06149193548387097
0.0	0.008519701810436636
0.0	1.0
0.0	0.061
-0.0017604350578039885	0.0
0.0	0.0
0.0	0.0
0.0	0.0926517571884984
0.0	0.0
0.0	0.97
0.0	0.0
-0.0009163455688394606	0.6703296703296703
-1.6328208118920884e-07	0.97
-0.00024593324633315206	1.0
-2.145094413208426e-06	1.0
0.0	1.0
0.0	0.909
-0.00198294292204082	0.0
0.0	0.0
0.0	0.389
-2.6412232045913697e-07	0.0
0.0	0.0
-6.568523531313986e-05	0.0
0.0	0.0
0.0	0.0
-2.0820532881771214e-05	1.0
-0.004476106725633144	0.001
0.0	0.0
0.0	1.0
0.0	0.002
0.0	0.0
-0.0032488806173205376	0.0
-0.047429926693439484	0.0
-1.534379237000394e-07	1.0
0.0	0.072
-0.00011442822869867086	0.072
0.0	0.0
-0.00021396635565906763	0.072
-4.593660924001597e-05	0.067
-8.310603880090639e-05	0.067
0.0	0.067
-2.8941463824594393e-05	0.0
0.0	0.02572347266881029
0.0	0.06864754098360656
0.0	1.0
0.0	0.0
0.0	0.0
0.0	1.0
0.0	1.0
0.0	0.0
0.0	1.0
0.0	0.0
0.0	0.0
0.0	0.0
-4.424394865054637e-05	0.0
-0.0008649021619930863	0.0
-0.026878030970692635	0.0
-0.003470228984951973	0.0
0.0	0.0
0.0	0.0
0.0	1.0
-0.0003601726202759892	0.0
-0.005761276464909315	0.0
-1.7029064736107102e-07	0.0
0.0	0.0
-1.5977864677552134e-05	1.0
0.0	0.0
0.0	0.02
0.0	1.0
-0.0005736172315664589	1.0
0.0	0.02
0.0	0.0
0.0	1.0
-0.0030725901015102863	0.0
0.0	0.067
0.0	0.0
0.0	1.0
-0.0015984943602234125	0.0
-6.525299977511168e-05	0.0
0.0	0.161
-0.0008813834865577519	1.0
-2.6290414290031094e-09	0.161
0.0	1.0
0.0	0.013
0.0	0.013
0.0	1.0
0.0	0.0
-1.4711865333083551e-05	1.0
0.0	0.0
-3.2760814065113664e-05	0.0
-1.5392804925795645e-05	0.0
0.0	1.0
0.0	1.0
-2.8128395570092835e-05	0.0
-1.541438109597948e-06	1.0
0.0	1.0
-0.0051103089936077595	0.0
0.0	0.0
0.0	1.0
0.0	0.347
-0.0072712707333266735	0.0
0.0	0.0
0.0	0.347
0.0	1.0
0.0	0.0
0.0	1.0
0.0	1.0
0.0	0.0
-0.003722246503457427	0.0
0.0	1.0
-6.076356640072333e-10	1.0
0.0	0.0
0.0	1.0
0.0	1.0
0.0	1.0
0.0	1.0
-0.00023468023573514074	1.0
0.0	1.0
-0.00017627072520554066	1.0
-0.0023071877658367157	0.0
0.0	0.06106106106106106
0.0	0.0010649627263045794
0.0	1.0
0.0	0.0
-4.5051425701103653e-08	0.0
0.0	0.0
0.0	1.0
-1.8185476235998976e-08	0.0
0.0	0.0
0.0	1.0
0.0	0.0
-0.0026824157685041428	0.0
-0.0010071186115965247	1.0
0.0	0.0
0.0	1.0
-0.0004611067124642432	0.0
-0.00013634623610414565	0.0
0.0	0.0
0.0	0.0
-0.000539162487257272	0.0
0.0	0.0
-0.000707483384758234	0.0
-2.5528194740548946e-19	0.0
0.0	0.0
0.0	1.0
-0.00042986992048099637	0.001002004008016032
0.0	0.005
0.0	0.0
-3.6687979445559904e-05	0.0
-0.0386524461209774	0.0
0.0	0.0
-0.0006077692378312349	0.0
0.0	1.0
0.0	1.0
-0.0018477090634405613	0.0
-3.0446070013567805e-05	1.0
-0.0002862374240066856	1.0
0.0	0.0
0.0	0.0
-8.644367994747881e-07	1.0
-6.484051118604839e-05	1.0
0.0	1.0
0.0	1.0
-0.005638781934976578	0.0
-0.0002615056000649929	1.0
-8.243600314017385e-05	0.0
0.0	0.0
0.0	0.0
-6.265663978410885e-05	1.0
0.0	0.0
0.0	1.0
0.0	0.001
0.0	1.0
0.0	1.0
0.0	0.0
0.0	0.0
-0.0001369517995044589	1.0
-0.0005007593426853418	0.0
0.0	0.048
0.0	1.0
0.0	0.0
0.0	1.0
0.0	1.0
0.0	1.0
0.0	1.0
-0.00045849071466363966	1.0
-0.002452435437589884	0.06829765545361875
0.0	1.0
0.0	1.0
-4.71811381430598e-06	1.0
0.0	0.0
-0.0034179515205323696	0.0
0.0	0.0
-4.108055236429209e-06	0.0
0.0	0.0
0.0	0.0
0.0	0.0
0.0	1.0
0.0	0.0
-1.889473060145974e-05	1.0
-9.053654593537438e-17	0.0
0.0	0.001122334455667789
0.0	0.1091091091091091
0.0	0.0
0.0	0.0
0.0	0.6703296703296703
0.0	1.0
0.0	0.0
0.0	0.0
-1.9704925191543765e-10	1.0
0.0	1.0
-0.0015356490621343255	0.0
0.0	0.0
-5.480057734530419e-05	0.0
-3.8661237766746126e-08	0.0
0.0	1.0
0.0	0.0
-0.0011336719617247581	0.0
-0.0023167473264038563	0.0
0.0	1.0
0.0	0.0
0.0	0.0
-5.698664110043161e-11	0.0
0.0	1.0
0.0	0.0
-0.010172870941460133	0.0
0.0	1.0
0.0	0.0
-1.1106578313047066e-05	0.0
-1.8288068531546742e-05	1.0
-0.015360929071903229	0.0
0.0	1.0
0.0	0.0
-0.00034628534922376275	0.0
0.0	0.0
-1.8771917893900536e-05	0.0
-3.4723227145150304e-05	0.0
0.0	1.0
-2.7046462491853163e-06	1.0
-0.00019748495833482593	1.0
-0.01904284581542015	0.0
-4.9119162213173695e-06	0.0
0.0	1.0
-0.001520242658443749	0.0
-2.970852619910147e-05	1.0
0.0	0.0
0.0	1.0
0.0	0.0
-0.000397364521631971	1.0
-0.006047602277249098	0.0
-0.00037884851917624474	0.009
0.0	1.0
-7.0486443348727335e-09	0.009
-0.00021108268992975354	0.0
-0.0006392664508894086	0.0
-0.00012840541603509337	0.0
-1.304205125052249e-05	0.09195402298850575
0.0	0.18181818181818182
0.0	0.0
0.0	0.0
-1.695355500430651e-08	1.0
-3.735595601028763e-05	0.0
-0.0002068825560854748	1.0
-0.00016794119437690824	0.098
-1.269280255655758e-05	1.0
0.0	1.0
-1.2740019883494824e-06	0.0
-0.06008591502904892	0.0
0.0	0.15336463223787167
0.0	0.0
-0.03234279900789261	0.0
0.0	0.0
0.0	1.0
-0.0041095479391515255	0.0
0.0	1.0
0.0	0.0
-3.393312226762646e-06	0.0
0.0	1.0
0.0	1.0
0.0	1.0
0.0	0.003
0.0	0.0
-7.295922387129394e-06	0.0
0.0	0.0
0.0	1.0
-0.008494237437844276	0.0033003300330033004
-0.00032240606378763914	0.0030737704918032786
0.0	0.0
-2.3320659996315656e-17	0.0
0.0	0.0
0.0	0.0
0.0	0.0
0.0	0.0
0.0	1.0
-0.009254669770598412	0.0
0.0	0.0
0.0	0.0
0.0	1.0
0.0	0.0
0.0	0.0
-0.0012613272992894053	0.0
0.0	0.0
0.0	1.0
-2.5927879092856043e-13	1.0
-5.2088318625465035e-05	0.0
0.0	0.0
0.0	0.0
-0.0009971633553504944	0.0
0.0	0.006147540983606557
-7.953075851219182e-07	0.006147540983606557
0.0	1.0
0.0	0.0
0.0	0.477
-0.0005886703147552907	0.0
0.0	0.477
0.0	0.0
-4.751093740651413e-09	0.477
-1.2479409861043678e-06	0.347
-0.0012991841649636626	1.0
-0.013758109882473946	0.0
0.0	1.0
-1.2337949556240346e-05	1.0
0.0	0.0
-0.00027346558636054397	1.0
0.0	1.0
-3.840496719931252e-05	1.0
-0.008588764816522598	0.0
0.0	0.0
0.0	0.008
0.0	0.0
0.0	0.0
0.0	0.023
-0.0001077227498171851	0.023138832997987926
-0.0005379890790209174	1.0
0.0	1.0
-3.309866825063068e-10	0.0
-1.0212325207703543e-07	0.0
0.0	0.008
0.0	0.0
-1.4005003379224945e-08	0.0
0.0	0.0
0.0	0.015
0.0	0.0
0.0	0.0
0.0	0.0
-0.00313431560061872	0.0
0.0	0.0
-0.00012204980157548562	0.0
0.0	0.0
-0.0013575326884165406	0.0
0.0	0.0
-0.014469456858932972	0.0
-3.040230922124465e-06	0.0
-0.004490523599088192	0.0
-1.4610587184549217e-09	1.0
-0.0023492134641855955	0.909
0.0	0.909
0.0	1.0
-1.37222684770677e-06	1.0
-0.0002850150631275028	1.0
0.0	0.0
0.0	0.0
0.0	0.909
0.0	0.0
-6.334069553304289e-07	1.0
-0.0003450321964919567	0.0
0.0	1.0
-0.00148216902744025	1.0
0.0	1.0
0.0	0.0
0.0	1.0
0.0	0.909
0.0	1.0
0.0	1.0
0.0	1.0
-0.0003765576984733343	1.0
0.0	1.0
-0.00014378289051819593	0.13935681470137826
-0.0051985373720526695	0.0
-0.0003904801851604134	0.13935681470137826
0.0	0.0
0.0	1.0
0.0	1.0
0.0	1.0
0.0	0.0
0.0	1.0
0.0	0.0
0.0	1.0
0.0	1.0
-0.0007543664542026818	1.0
-1.3614204590339796e-06	1.0
0.0	0.0
0.0	0.0
0.0	0.0
0.0	1.0
0.0	0.0
0.0	1.0
-2.80611118341767e-07	0.0
-0.04768179729580879	0.0
0.0	1.0
-6.537081542745682e-09	1.0
0.0	0.0
-1.3688460285266046e-06	0.0
0.0	1.0
-0.005823640152812004	0.7362637362637363
0.0	1.0
0.0	1.0
0.0	1.0
-1.572505652802647e-06	0.07985697258641239
0.0	0.030010718113612004
-9.844374289968982e-05	0.06781376518218624
-6.681724244117504e-06	0.012861736334405145
-4.67468953502248e-06	0.02679528403001072
0.0	1.0
0.0	0.0
0.0	0.0
0.0	1.0
0.0	0.022
-0.0030779314693063498	0.0
-0.0003457358106970787	0.0
-0.028922496363520622	0.0
-9.570527618052438e-05	1.0
-0.0005434295162558556	1.0
0.0	0.0
-0.0004980101366527379	1.0
-3.133090785922832e-06	1.0
0.0	1.0
0.0	0.0
0.0	0.0
0.0	0.0
-1.6943841956162942e-06	0.0
-5.819846046506427e-05	0.0
-1.0720879117798177e-06	0.0
-2.610388219181914e-05	0.0
-0.02983689494431019	0.0
-9.086864290533403e-13	0.0
-0.00023096668883226812	0.0
-0.0001733133540255949	0.0
0.0	0.0
0.0	0.0
0.0	0.09109109109109109
-2.0877195083812694e-07	1.0
-1.8038660698493914e-07	1.0
-1.970265839190688e-05	0.09109109109109109
0.0	0.0011001100110011
-0.0003302973636891693	1.0
0.0	1.0
-0.000298813683912158	0.0
-0.005831161048263311	0.0
-5.689553717047602e-09	1.0
0.0	1.0
-0.000275254191365093	1.0
0.0	1.0
0.0	0.0
0.0	0.0
0.0	0.0
0.0	0.0
-0.00039729077252559364	0.0
0.0	0.0
0.0	0.0
-1.6352698366972618e-05	0.0
-0.00036466511664912105	0.0
0.0	0.0
0.0	0.024
0.0	1.0
-9.962205922420253e-07	0.0
0.0	0.024
0.0	1.0
-0.0015796503284946084	0.0
0.0	1.0
-6.502200449176598e-07	0.0
-0.0002654096169862896	0.024
0.0	1.0
-3.028127366633271e-06	0.024
0.0	0.024
0.0	1.0
0.0	1.0
-1.7345119118772345e-08	0.0
0.0	0.012
-3.662574818008579e-05	1.0
0.0	1.0
0.0	0.347
0.0	0.036753445635528334
0.0	0.0
0.0	0.0
0.0	1.0
-0.03145967796444893	0.0
0.0	1.0
0.0	1.0
-3.183290391461924e-05	0.161
-0.0019232092890888453	0.0
-1.313762140853214e-06	1.0
-0.0007680929265916348	0.0
0.0	0.0
0.0	1.0
0.0	0.0
0.0	1.0
-4.087027321020287e-07	1.0
0.0	1.0
-2.6760550099425018e-05	0.0
0.0	1.0
0.0	0.0
-0.0018449743511155248	0.0
-0.00168653076980263	1.0
0.0	0.0
0.0	0.0
-0.0031173620373010635	0.0
0.0	0.0
0.0	0.0
0.0	0.0
0.0	0.0
0.0	0.0
0.0	0.0
0.0	0.0
0.0	1.0
0.0	0.040955631399317405
-0.002430778695270419	0.0
