-0.004794045351445675	0.0
-4.1187132637787727e-07	0.0
0.0	1.0
-1.1353922673151828e-05	0.0
-0.0007108512800186872	0.0
-0.011193771846592426	0.0
0.0	0.0
-0.00717497430741787	0.0
0.0	0.0
0.0	0.0
0.0	0.0
0.0	0.0
0.0	0.0
-3.660909442260163e-07	0.0
0.0	0.0
0.0	0.0
0.0	0.0
0.0	0.0
-0.00552575895562768	0.0
-1.3779030000327097e-12	0.007
-0.010695499368011951	0.0
0.0	0.0
0.0	0.0
0.0	0.0
-2.098795448546298e-06	0.0
-0.0009562124032527208	0.0
-6.169886910356581e-05	0.0
0.0	0.0
-5.4438223742181435e-05	0.0
0.0	0.0
0.0	0.0
0.0	0.0
0.0	0.0
0.0	0.0
-7.230714800243732e-06	0.0
-1.3321464109594672e-07	0.0
0.0	0.0
-0.0024364199489355087	0.0
0.0	0.0
0.0	0.0
0.0	0.0
0.0	0.0
0.0	0.0
0.0	0.0
0.0	0.0
0.0	0.0
-2.9975858524267096e-06	0.0
-0.0007849411340430379	0.0
0.0	0.0
-1.5243431050748768e-07	0.0
0.0	0.0
-7.748375274729824e-09	0.0
0.0	0.0
0.0	0.0
-0.0008787877741269767	0.0
0.0	0.0
0.0	0.0
0.0	0.0
0.0	0.0
0.0	0.0
0.0	0.0
0.0	0.0
0.0	0.0
0.0	0.0
-0.009790265932679176	0.0
-4.148170773987658e-06	0.0
0.0	0.0
0.0	0.0
-0.025781169533729553	0.0
-0.0007868241518735886	0.0
0.0	0.0
0.0	0.0
-3.5714715522772167e-06	0.0
0.0	0.0
0.0	0.0
-0.0037436678539961576	0.0
0.0	0.0
-0.0003476860001683235	0.0
0.0	0.0
0.0	0.0
0.0	0.0
-3.200501305400394e-05	0.0
0.0	0.0
-3.8070593899597327e-10	0.0
0.0	0.0
-0.0008001636015251279	0.0
-0.014284152537584305	0.0
-0.0005350563442334533	0.0
0.0	0.0
0.0	0.0
0.0	0.0
0.0	0.0
-0.00030301263905130327	0.0
-2.4728404213192334e-08	0.0
0.0	0.0
0.0	0.0
0.0	0.0
0.0	0.0
-0.001064805081114173	0.0
-0.00018235979950986803	0.0
0.0	0.0
-0.003113206708803773	0.0
0.0	0.0
0.0	0.0
0.0	0.0
0.0	0.0
0.0	0.0
-2.8828063136643323e-07	0.0
-0.0007306032348424196	0.0
0.0	0.0
0.0	0.0
-0.002255137311294675	0.0
0.0	0.0
-1.1856508535856847e-05	0.0
0.0	0.0
0.0	0.0
0.0	0.0
0.0	0.0
-0.0001980423548957333	0.0
0.0	0.0
0.0	0.0
-1.3226986173009436e-09	0.0
-0.00025149204884655774	0.0
0.0	0.0
0.0	0.0
-0.0012753279879689217	0.0
-1.1765914109673759e-07	0.0
0.0	0.0
-0.0009524031775072217	0.0
0.0	0.0
-2.7238607799517922e-05	0.0
0.0	0.0
0.0	0.0
0.0	0.0
0.0	0.0
0.0	0.0
0.0	0.0
-0.022999580949544907	0.0
-9.910991138895042e-08	0.0
0.0	0.0
-0.00018802090198732913	0.0
-2.125140952102811e-08	0.0
-0.010144537314772606	0.0
0.0	0.0
0.0	0.0
0.0	0.0
0.0	0.0
-0.00026713850093074143	0.11886304909560723
0.0	0.0
0.0	0.0
-2.581199680662394e-07	0.0
0.0	0.0
0.0	0.0
-2.5004163035191596e-05	0.0
-0.00013995579502079636	0.0
0.0	0.0
-0.000246573006734252	0.0
-5.287523663355387e-07	0.0
0.0	0.0
0.0	0.27
-0.026545271277427673	0.0
0.0	0.0
-1.5114680707029038e-07	0.27
-3.8375466829165816e-05	0.27
-0.005289006978273392	0.0
0.0	0.0
0.0	0.0
0.0	0.0
0.0	0.0
-1.0231789246972767e-06	0.0
-1.2282673651498044e-06	0.0
-0.00017896770441439003	0.0
0.0	0.0
0.0	0.0
-1.2938402505824342e-05	0.0
0.0	1.0
0.0	0.0
0.0	0.0
-0.040904782712459564	0.0
-0.0025393450632691383	0.0
-6.20869905105792e-05	0.0
0.0	0.0
-0.0004291867953725159	0.0
0.0	0.0
-0.0006182981887832284	0.0
0.0	1.0
0.0	0.0
0.0	0.0
0.0	0.0
-3.892034146701917e-05	0.0
-0.0018144698115065694	0.0
0.0	0.0
0.0	0.0
0.0	0.0
0.0	0.0
0.0	0.0
0.0	0.0
-2.784227262964123e-06	0.0
-4.222167262923904e-06	0.0
0.0	0.0
0.0	0.0
0.0	0.0
-1.4369230427746515e-07	1.0
0.0	1.0
0.0	0.0
0.0	1.0
0.0	0.0
0.0	0.0
0.0	0.0
-0.017164088785648346	0.0
-0.0016134558245539665	0.0
-0.0039472440257668495	0.0
0.0	0.0
0.0	0.0
0.0	0.0
0.0	0.0
-0.000769572623539716	0.0
-3.366050194131276e-08	0.0
0.0	0.0
0.0	0.0
0.0	0.0
0.0	0.0
0.0	0.0
0.0	0.0
0.0	0.0
-2.495966327842325e-06	0.0
0.0	0.0
0.0	0.0
-3.574181391741149e-06	0.0
-0.0010520722717046738	0.0
-8.257008448708802e-05	0.0
-2.505343218217604e-05	0.0
0.0	0.0
0.0	0.0
0.0	0.0
0.0	0.0
-0.001388678909279406	1.0
0.0	0.0
0.0	0.0
0.0	0.0
0.0	0.0
-3.941062942658391e-08	0.0
0.0	0.0
0.0	0.0
-6.405388376151677e-06	0.0
-0.1016007587313652	0.0
-0.0012870413484051824	0.0
0.0	0.0
-2.7730757210520096e-06	0.0
0.0	0.0
-0.003224448999390006	0.0
0.0	0.0
0.0	0.0
0.0	0.0
-0.0005377348279580474	0.0
0.0	0.0
0.0	0.0
0.0	0.0
0.0	0.0
0.0	1.0
0.0	0.0
0.0	1.0
0.0	1.0
0.0	0.0
-0.0009738274966366589	1.0
-5.644537668558769e-05	0.0
0.0	0.0
0.0	0.0
-7.957014531712048e-06	0.0
0.0	1.0
0.0	1.0
0.0	0.0
-0.0019501678179949522	0.0
0.0	0.0
-0.00047297385754063725	0.0
-2.554369712015614e-05	0.0
-5.0356746214674786e-05	0.0
-3.4706037695286795e-05	0.0
0.0	0.0
-0.0426257885992527	0.0
0.0	0.0
0.0	0.0
0.0	0.0
0.0	0.0
0.0	0.0
-0.035379182547330856	0.0
0.0	0.0
0.0	0.0
-0.0009052458335645497	0.0
0.0	0.0
-1.6072050129878335e-05	0.0
-5.526341055883677e-07	0.0
-0.0002705759834498167	0.0
-0.00376750691793859	0.0
0.0	0.0
0.0	1.0
0.0	0.0
-5.612236453345076e-09	0.0
0.0	0.0
0.0	0.0
0.0	0.0
0.0	0.0
-6.935479905223474e-05	0.0
0.0	0.0
-0.001660507870838046	0.0
0.0	0.0
-1.894074011943303e-05	0.0
-1.8281615155046893e-07	0.0
0.0	0.0
-0.00033176038414239883	0.0
-7.288284450623905e-06	0.0
-4.690140720242653e-09	0.0
0.0	0.0
0.0	0.0
0.0	0.0
0.0	0.0
0.0	0.0
0.0	0.0
0.0	0.0
-3.6156347050564364e-05	0.0
-0.005816016346216202	0.0
0.0	0.0
0.0	0.0
-0.0058590564876794815	0.0
0.0	0.0
0.0	1.0
0.0	0.0
0.0	0.0
0.0	0.0
0.0	0.0
0.0	0.0
0.0	0.0
0.0	0.0
0.0	0.0
0.0	0.0
0.0	0.0
-5.246296495897695e-06	1.0
-1.013251448966912e-06	1.0
-0.00042797133210115135	1.0
0.0	0.0
0.0	1.0
-3.720052700373344e-05	0.0
-3.972735157731222e-06	1.0
-1.8518632714403793e-05	0.0
-0.004236443899571896	0.0
0.0	0.0
0.0	0.0
0.0	0.0
0.0	0.0
0.0	0.0
0.0	0.0
0.0	0.0
0.0	0.0
0.0	0.0
0.0	0.0
0.0	0.0
0.0	0.0
0.0	0.0
0.0	0.0
0.0	0.0
-0.00012388176401145756	1.0
0.0	0.0
0.0	0.0
0.0	0.0
0.0	1.0
0.0	1.0
-0.00021758985531050712	0.0
-7.518197548961325e-07	0.0
-0.025376878678798676	0.0
-4.1631137719377875e-06	0.0
-0.009419150650501251	0.0
-0.0015147781232371926	0.0
0.0	0.0
-0.0014544848818331957	0.0
0.0	0.0
-8.329813863383606e-05	0.0
-0.021642109379172325	0.0
-1.6885303466551704e-06	0.0
-9.849582482956976e-09	0.0
0.0	0.034
0.0	0.034
-6.693314207950607e-05	0.0
-2.7447416869108565e-05	0.034
0.0	0.0
0.0	0.0
0.0	0.0
0.0	0.0
-0.00041588698513805866	0.0
-0.000489173224195838	0.0
0.0	0.0
0.0	0.034
-0.0004511427541729063	0.034
-0.0018041514558717608	0.0
0.0	0.0
-6.517371957670548e-07	0.0
0.0	0.0
-0.0033630996476858854	0.0
-4.188485945633147e-06	0.0
-2.5707024633447872e-06	0.0
-3.0809778763796203e-06	0.0
-0.0013032419374212623	0.0
0.0	0.0
0.0	0.0
0.0	0.0
-6.63435528736045e-08	0.0
-3.7419655996018264e-07	0.0
0.0	0.0
-0.00048788997810333967	0.0
0.0	0.0
-0.00031490687979385257	0.0
-0.012755383737385273	0.0
-0.004460196476429701	0.0
0.0	0.0
-0.0008548748446628451	0.0
0.0	0.0
0.0	0.0
-0.000758072012104094	0.007
0.0	0.007
-4.431937850313261e-05	0.007
-0.0031945034861564636	0.0
0.0	0.0
0.0	0.0
0.0	0.0
0.0	0.0
-0.023079590871930122	0.0
0.0	0.0
-0.00010083583038067445	0.0
0.0	0.0
0.0	0.0
0.0	0.0
-1.2536925453332515e-07	0.0
0.0	0.0
-0.0002073661598842591	0.0
-0.0014436215860769153	0.0
0.0	1.0
-6.184182410606809e-08	0.0
0.0	1.0
0.0	1.0
0.0	0.0
-0.00011126696335850284	1.0
0.0	0.0
-2.9481685714927153e-07	0.0
0.0	0.0
-0.0004409785324241966	0.0
0.0	0.0
0.0	0.0
0.0	0.0
0.0	0.0
0.0	0.0
-2.1981310105445573e-09	0.0
0.0	0.0
0.0	0.0
0.0	0.0
0.0	0.0
-0.002248290926218033	0.0
0.0	0.0
0.0	0.0
0.0	0.0
0.0	0.0
-3.418492156015418e-10	0.0
-1.8917509805760346e-05	0.0
-7.509755040047139e-10	0.0
-5.236071228864603e-05	0.0
0.0	0.0
0.0	0.0
0.0	0.0
0.0	0.0
0.0	0.0
-0.004969275556504726	0.0
0.0	0.0
0.0	0.0
0.0	0.0
0.0	0.0
-2.170022810332739e-07	0.0
0.0	0.0
0.0	0.0
0.0	0.0
0.0	0.0
0.0	0.0
0.0	0.0
-2.605460736049281e-07	0.0
-0.012509805150330067	0.0
-0.0017422315431758761	0.0
0.0	0.0
0.0	0.0
0.0	0.0
-0.00811939500272274	0.0
-7.989468713276437e-07	0.0
-0.006841357331722975	0.0
0.0	0.0
0.0	0.0
-2.874054871426779e-06	0.0
0.0	0.0
-1.2797332260561234e-07	0.0
0.0	0.0
0.0	0.0
0.0	0.0
0.0	0.0
0.0	0.0
-0.005824980325996876	0.0
-0.002425533253699541	0.0
0.0	0.0
0.0	0.0
-0.015981007367372513	0.0
0.0	0.0
0.0	0.0
0.0	0.0
-2.9866923796362244e-05	0.0
0.0	0.0
-1.4311597169580637e-06	0.0
-0.00014990662748459727	0.0
0.0	0.0
0.0	0.0
-1.5864644637986203e-06	0.0
-1.898747905215714e-05	0.0
0.0	0.0
-0.004408847540616989	0.0
0.0	0.0
0.0	1.0
0.0	0.0
0.0	0.0
-0.00013309450878296047	0.0
0.0	0.0
0.0	0.0
-5.107308243168518e-05	0.0
-0.003760580439120531	0.0
0.0	0.0
0.0	0.0
0.0	0.0
-0.00014214571274351329	0.0
-0.0012834223452955484	0.0
0.0	0.0
0.0	0.0
0.0	0.0
0.0	0.0
0.0	0.0
0.0	0.0
0.0	0.0
0.0	0.012
0.0	0.012
0.0	0.0
-9.61993862347299e-08	0.012
0.0	0.0
-5.636354103444319e-07	0.012
0.0	0.012
0.0	0.0
-1.5631350834155455e-05	0.0
0.0	0.0
-0.00040856332634575665	0.0
-0.0013024158542975783	0.0
0.0	0.0
0.0	0.0
0.0	0.0
0.0	0.0
0.0	0.0
0.0	0.0
0.0	0.0
0.0	0.0
0.0	0.0
-8.789523235464003e-06	0.0
-0.0008014038321562111	0.0
0.0	0.0
0.0	0.0
-0.0008618209394626319	0.0
0.0	0.0
0.0	0.0
0.0	0.0
0.0	0.009
-0.005044441670179367	0.0
0.0	0.0
-0.018264135345816612	0.0
-1.7201605260197539e-06	0.0
-7.247807822657881e-12	0.0
-0.013705193065106869	0.0
0.0	0.0
-7.692295298511453e-07	0.0
-0.0004424374201335013	0.0
-0.0006794578512199223	0.0
0.0	0.0
0.0	0.0
-0.0004443569341674447	0.0
0.0	0.0
0.0	0.0
-0.00041056665941141546	0.0
-0.000144057281431742	0.0
-0.009054971858859062	0.0
-0.003879095194861293	0.0
0.0	0.0
0.0	0.0
-0.005784666631370783	0.0
0.0	0.0
-3.951098278776044e-06	0.0
-0.0001576125796418637	0.0
0.0	0.0
0.0	1.0
0.0	1.0
0.0	0.0
0.0	1.0
-3.116492962362827e-06	0.006
-0.0013331003719940782	0.006
-2.953396506200079e-05	0.006
0.0	0.0
-0.0010588410077616572	0.0
0.0	0.0
0.0	0.0
-0.0039183031767606735	0.0
0.0	0.0
0.0	0.0
0.0	0.0
-8.750357665121555e-05	0.0
0.0	0.0
-1.4144763582635278e-08	1.0
0.0	0.0
-9.99821895675268e-06	0.0
-0.0009641415672376752	0.0
-6.765901727767698e-11	0.0
0.0	0.0
0.0	0.0
0.0	0.0
0.0	0.0
0.0	0.0
0.0	0.0
-0.005212109535932541	0.0
0.0	0.0
-1.569831624692597e-07	0.0
0.0	0.0
0.0	0.0
-0.0035718195140361786	0.0
0.0	0.0
0.0	0.0
-4.272707519703545e-05	0.0
0.0	0.0
-3.771654633055732e-07	1.0
-0.050046831369400024	0.0
0.0	0.0
-0.00011043132690247148	0.0
-0.00833580456674099	0.0
-0.0038171708583831787	0.0
-0.008519676513969898	0.0
-0.0020358667243272066	0.0
-1.6234426303274319e-10	0.0
-0.00046752652269788086	0.034
0.0	0.034
-0.00010395430581411347	0.0
-4.067584086442366e-06	0.0
-0.0006705528357997537	0.0
0.0	0.0
0.0	0.317
0.0	0.317
-0.00287985079921782	0.0
0.0	0.317
-0.0007889043190516531	0.0
0.0	0.317
0.0	0.0
-1.810574576666113e-05	0.317
-0.04413463547825813	0.0
-0.004592509474605322	0.0
0.0	0.0
-0.0004216164816170931	0.0
0.0	0.0
0.0	0.0
-2.6700596208684146e-05	0.0
-0.00023783501819707453	0.0
0.0	0.0
-0.004872981458902359	0.0
-0.00012067955685779452	0.0
0.0	0.0
0.0	0.0
0.0	0.0
-3.0422221243497916e-05	0.0
0.0	0.0
0.0	0.0
-0.0011833522003144026	0.0
0.0	0.0
0.0	0.0
0.0	0.0
-1.5064138096931856e-05	0.0
0.0	0.0
-8.25515158453527e-08	0.0
-5.125935231831136e-10	0.0
0.0	0.0
0.0	0.0
0.0	0.0
-0.00010763815953396261	0.0
-0.0005335684400051832	0.0
-2.57541819337348e-06	0.0
0.0	0.0
0.0	0.0
-1.0699957783799618e-05	0.0
-0.00014011634630151093	0.0
-6.673031571757804e-10	0.0
0.0	0.0
-0.0004303020250517875	0.0
0.0	0.0
-0.005652534309774637	0.0
0.0	0.0
0.0	0.0
0.0	0.0
-0.002079021418467164	0.0
0.0	0.0
0.0	0.0
0.0	0.0
0.0	1.0
0.0	0.0
0.0	0.0
-0.026802051812410355	0.0
0.0	0.0
0.0	0.0
-0.00018681201618164778	0.0
0.0	0.0
-7.848765380913392e-05	0.0
0.0	0.0
0.0	0.0
0.0	0.0
0.0	0.0
-0.0004856390878558159	0.0
0.0	0.0
-1.3751920491245073e-08	0.0
0.0	0.0
0.0	0.0
0.0	0.0
0.0	0.0
0.0	0.0
-7.469317941932729e-10	0.0
0.0	0.0
0.0	0.0
-4.0299696024703735e-07	0.0
-4.965372227161424e-06	0.0
-0.0005219901213422418	0.0
0.0	0.0
0.0	0.0
-2.3684960979153402e-06	0.0
0.0	0.0
-1.1922618448068079e-08	0.0
0.0	0.0
-0.0010606147116050124	0.0
0.0	0.0
-1.2621092537301593e-05	0.0
-0.0001608774036867544	0.0
-0.002577040111646056	0.0
0.0	0.0
0.0	0.0
0.0	0.0
-0.001174962380900979	0.0
-0.002578228246420622	0.0
0.0	0.0
0.0	0.0
0.0	0.0
-4.05986565965577e-06	0.0
0.0	0.0
0.0	0.0
0.0	0.0
0.0	0.0
0.0	0.0
0.0	0.0
-0.0004046218818984926	0.0
0.0	0.0
0.0	0.0
0.0	0.0
-0.0032979061361402273	0.0
0.0	0.0
-0.00015351713227573782	0.0
-0.0005039472598582506	0.0
0.0	0.0
-0.004821169655770063	0.0
0.0	0.0
-0.0006374616641551256	0.0
-2.460983978380682e-06	0.0
0.0	0.0
-8.267105295090005e-05	0.0
-0.0004543225804809481	0.0
0.0	0.0
-6.905413740820876e-11	0.0
-0.004205712582916021	0.0
0.0	0.0
-9.57617667154409e-05	0.0
0.0	0.0
0.0	0.0
0.0	0.0
-2.70623841061024e-05	0.0
0.0	0.0
0.0	0.0
0.0	0.0
0.0	0.0
0.0	0.0
-8.956187684816541e-07	0.0
0.0	0.0
0.0	0.0
0.0	0.0
-2.083224842630571e-10	0.0
0.0	1.0
-3.002595505563477e-08	0.0
-8.288399300226956e-08	0.0
0.0	0.0
0.0	1.0
0.0	0.0
-3.245670814067125e-05	0.0
0.0	0.0
-0.00902844499796629	0.0
0.0	0.0
0.0	0.0
-0.008053280413150787	0.0
0.0	0.0
0.0	0.0
0.0	0.0
-0.00235466449521482	0.0
0.0	0.0
-0.0003117443702649325	0.0
-0.00020181039872113615	0.0
-0.0005186244379729033	0.0
0.0	0.0
0.0	0.0
0.0	0.0
-3.018342567884247e-06	0.0
0.0	0.0
0.0	0.0
0.0	0.0
0.0	0.0
-0.00017563588335178792	0.0
-3.692191086202001e-08	0.0
0.0	0.0
0.0	0.0
0.0	1.0
0.0	0.0
0.0	0.0
-1.6368657895782235e-07	0.0
0.0	0.0
-3.587366882129572e-05	0.0
0.0	0.0
0.0	0.0
0.0	0.0
-0.000794370484072715	0.0
-0.004315970931202173	0.0
0.0	0.0
0.0	0.0
-2.375173608015757e-05	0.0
-0.00023911304015200585	0.0
0.0	0.0
0.0	0.0
0.0	0.0
0.0	0.0
0.0	0.351
0.0	0.351
0.0	0.0
0.0	0.351
0.0	0.0
-0.0005390390288084745	0.0
0.0	0.0
-0.0051865894347429276	0.045
0.0	0.045
0.0	0.0
0.0	0.0
0.0	0.0
0.0	0.0
-1.532996066089254e-05	0.0
0.0	0.0
-0.00029441644437611103	0.0
-4.105281550437212e-05	0.0
0.0	0.0
-0.0015868473565205932	0.0
0.0	1.0
-0.0002468005404807627	0.0
-0.0004754838882945478	0.0
0.0	0.0
0.0	0.0
0.0	0.0
-7.059261406539008e-05	0.0
0.0	0.0
0.0	0.0
-0.00018028840713668615	0.0
0.0	0.0
0.0	0.0
-0.021332016214728355	0.0
-0.02455747127532959	0.0
0.0	0.0
0.0	0.0
0.0	0.0
0.0	0.0
-0.002030522096902132	0.0
-0.012903047725558281	0.0
-0.00010981065861415118	0.0
0.0	0.0
-2.315512226402916e-09	0.0
0.0	0.0
0.0	0.0
0.0	0.0
0.0	0.0
0.0	0.0
0.0	0.0
-0.0001374865387333557	0.0
-2.8503991416073404e-06	0.0
0.0	0.0
0.0	0.0
0.0	0.0
-0.0008124594460241497	0.0
-4.6391537580348086e-06	0.0
0.0	0.0
0.0	0.0
-4.1288403735961765e-05	0.0
-4.281988822185667e-06	0.0
0.0	0.0
-0.0010157758370041847	0.0
0.0	0.0
0.0	0.0
0.0	0.0
0.0	0.0
-1.3644910268340027e-06	0.0
-0.0015578916063532233	0.0
0.0	0.0
-1.0338074396543107e-08	0.0
0.0	0.0
-0.0015987823717296124	0.0
-8.703035746293608e-06	0.0
0.0	0.0
0.0	0.0
0.0	0.0
-0.0005918730166740716	0.0
0.0	0.0
0.0	0.0
