0.0	0.0
0.0	0.0
0.0	0.0
0.0	1.0
-0.002724461490288377	0.0
-5.3838436522720445e-17	0.0
0.0	0.0
-1.3677954484592192e-05	0.0
-0.00026734950370155275	0.0
0.0	0.0
-0.0006042588502168655	0.0
-2.082507535305922e-06	0.0
0.0	0.0
0.0	0.0
0.0	0.0
0.0	0.0
0.0	0.0
-9.904282342176884e-05	0.0
0.0	0.0
0.0	0.0
0.0	0.0
0.0	0.0
-0.0014038353692740202	0.0
-0.00045076452079229057	0.0
-0.00040150751010514796	0.0
-0.0009529724484309554	0.0
0.0	0.0
0.0	0.0
-0.001292264903895557	0.0
0.0	0.0
-3.723009967870894e-06	0.0
0.0	0.0
0.0	0.0
0.0	0.0
0.0	0.0
0.0	0.0
-0.028867758810520172	0.0
-0.000575602927710861	0.0
0.0	0.0
-7.856128831917886e-06	0.0
-0.006667598616331816	0.0
-0.0013222050620242953	0.0
0.0	0.0
0.0	0.0
-3.6414522242012026e-07	0.0
0.0	0.0
-0.011177695356309414	0.0
0.0	0.0
-0.0017578211845830083	0.0
-1.4042458133189939e-05	0.0
-0.0011305413208901882	0.0
0.0	0.0
-3.177508256513306e-09	0.0
-4.635008008335717e-05	0.0
0.0	0.0
0.0	0.0
-0.0030156343709677458	0.0
-0.005128172691911459	0.0
-0.003182932734489441	0.0
-4.332291064201854e-05	0.0
-0.0013056111056357622	0.0
-3.584948899515439e-06	0.0
-4.675128550957197e-08	0.0
0.0	0.0
0.0	0.0
-4.671772330766544e-06	0.0
-8.930293310394077e-11	1.0
-1.8299479052075185e-05	1.0
0.0	0.0
0.0	0.0
0.0	1.0
-0.0050059217028319836	0.0
0.0	0.0
-5.33156307938043e-05	0.0
0.0	0.0
-0.001987375784665346	0.0
0.0	0.0
0.0	0.0
-3.733053381438367e-05	0.0
-0.003433012403547764	0.0
0.0	0.0
0.0	0.0
0.0	0.0
-3.4894565015264334e-09	0.0
0.0	0.0
0.0	0.0
0.0	0.0
0.0	0.0
-0.00013782545283902436	0.0
0.0	0.0
-0.00045570137444883585	0.0
-0.013669985346496105	0.0
0.0	0.0
-7.778078736642158e-10	1.0
-2.518333758416702e-06	0.0
-0.01575283147394657	0.0
-0.0005850641173310578	1.0
-0.030274134129285812	0.0
0.0	0.0
-1.4984360974246158e-10	0.0
-0.0002790110884234309	0.0
-1.7067776011958635e-11	0.0
-3.723690724655171e-06	0.0
0.0	0.0
-0.003570763859897852	0.0
0.0	0.0
-2.7981397465737246e-07	0.0
0.0	0.0
0.0	0.0
-0.0005179353174753487	0.0
0.0	0.0
0.0	0.0
-1.269239191969973e-06	0.0
0.0	0.0
0.0	0.0
0.0	0.0
0.0	0.0
-3.117468956592706e-12	0.0
0.0	0.0
-0.01346614956855774	0.0
0.0	0.0
0.0	0.0
-6.7526443672250025e-06	0.0
-0.0001250133354915306	0.0
0.0	0.0
-1.4053234270727799e-11	0.0
0.0	0.0
0.0	0.0
0.0	0.0
0.0	0.0
0.0	0.0
0.0	0.0
-2.0493724150583148e-05	0.0
0.0	0.0
-1.1026617309116069e-13	0.0
0.0	0.0
-0.0006235456676222384	0.0
0.0	0.0
0.0	0.0
0.0	0.0
-0.00043707419536076486	0.0
-0.03094594180583954	0.0
0.0	0.0
0.0	0.0
-4.36478444498789e-08	0.0
0.0	0.0
-0.00028079975163564086	0.0
-0.0020019335206598043	0.0
-0.00019839424930978566	0.0
0.0	0.0
0.0	0.0
-0.010166953317821026	0.0
0.0	0.0
0.0	0.0
-1.2942560942974524e-06	0.0
0.0	0.0
0.0	0.0
0.0	0.0
0.0	0.0
0.0	0.0
0.0	0.0
-9.237394988304004e-05	0.0
0.0	0.0
0.0	0.0
0.0	0.0
0.0	0.0
0.0	0.0
-0.00015070816152729094	0.0
0.0	0.0
-6.545611540786922e-06	0.0
-3.88101746295888e-08	0.0
0.0	0.0
0.0	0.0
-1.1179953389728325e-06	0.0
0.0	0.0
0.0	0.0
-9.863472314464161e-07	0.0
0.0	0.0
0.0	0.0
-0.00030882572173140943	0.0
-0.010414453223347664	0.0
0.0	0.0
-0.0003498687583487481	0.0
0.0	0.0
0.0	0.0
0.0	1.0
0.0	0.0
-1.315369946297551e-08	0.0
0.0	0.0
-0.004712882451713085	0.0
0.0	0.0
0.0	0.0
0.0	0.0
0.0	0.0
0.0	0.0
0.0	0.0
-2.849124847159601e-08	0.0
0.0	0.0
0.0	0.0
-0.0005064992583356798	0.0
-0.002241164445877075	0.0
0.0	0.0
0.0	0.0
0.0	0.0
0.0	0.0
0.0	0.0
0.0	0.0
0.0	0.0
0.0	0.0
-0.0034206723794341087	0.0
-5.174771167126835e-10	0.005
-0.0017753602005541325	0.0
-0.000493002706207335	0.005
-1.5679257558076642e-05	0.005
0.0	0.0
0.0	0.0
-7.202713447895803e-08	0.005
-0.011580316349864006	0.0
0.0	0.005
-0.0036425802391022444	0.0
0.0	0.0
0.0	0.0
0.0	0.0
0.0	0.0
0.0	0.0
-0.0024476395919919014	0.0
-5.208453899285814e-07	0.0
0.0	0.0
-0.0002688829554244876	0.0
0.0	0.0
-0.0016257243696600199	0.0
-0.002826898591592908	0.0
0.0	0.0
0.0	0.0
-1.7832293508490693e-07	0.0
-0.01326987985521555	0.0
-0.0025184224359691143	0.0
0.0	0.0
-4.2360770180494e-07	1.0
0.0	1.0
0.0	0.0
0.0	0.0
0.0	0.0
-9.475603945929834e-08	0.0
0.0	0.0
0.0	0.0
0.0	0.0
-2.27028135668661e-06	0.0
0.0	0.0
-0.0009941301541402936	0.0
-2.891167696361663e-07	0.0
-0.0014144517481327057	0.0
-1.5211643358270521e-06	0.0
-5.824583240610082e-06	0.0
0.0	0.0
-5.054642926438646e-08	0.0
0.0	0.0
0.0	0.0
0.0	0.0
-0.04954705387353897	0.0
-1.045946419253596e-06	0.0
0.0	0.0
0.0	0.0
0.0	0.0
0.0	0.0
-0.00048261211486533284	0.0
-0.0035857772454619408	0.002
-0.0001941612281370908	0.0
0.0	0.0
0.0	0.0
-0.00037038870505057275	0.0
-0.00017463330004829913	0.0
0.0	1.0
-0.0007420605979859829	0.0
0.0	0.0
0.0	1.0
0.0	1.0
-0.02027628757059574	0.0
0.0	1.0
-0.0009522697073407471	1.0
0.0	0.0
0.0	0.0
-3.0397455930142314e-07	0.0
0.0	0.0
-4.326266935095191e-05	0.0
0.0	0.0
-0.0009638878400437534	0.0
0.0	0.0
0.0	0.0
0.0	0.0
-8.83318261912791e-06	0.0
0.0	1.0
-0.004478361923247576	0.0
-0.00010483009100425988	0.0
-0.000724220066331327	0.0
0.0	0.0
0.0	0.0
0.0	0.0
-1.706254693090159e-06	0.0
0.0	0.0
0.0	0.0
0.0	0.0
0.0	0.0
-6.65828736146068e-07	0.0
0.0	0.0
0.0	0.0
-1.4889667454554e-07	0.0
0.0	0.0
0.0	0.0
-0.00022999662905931473	0.0
0.0	0.0
0.0	0.0
-3.331308107590303e-05	0.0
0.0	0.0
0.0	0.0
-0.0032935775816440582	0.0
-0.0018414318328723311	0.0
0.0	0.0
0.0	0.0
0.0	0.0
0.0	0.0
0.0	0.0
-3.499858962641156e-07	0.0
0.0	0.0
-2.5803192329476587e-06	0.0
0.0	0.0
0.0	0.0
-0.009692615829408169	0.0
0.0	0.0
-0.00020079026580788195	0.0
0.0	0.003
0.0	0.0
-0.0008344069356098771	0.003
0.0	0.0
0.0	0.0
0.0	0.0
0.0	0.0
-6.464827310992405e-05	0.0
-0.0009277611970901489	0.0
-8.939862891566008e-05	0.0
0.0	0.0
-0.0017920390237122774	0.0
-0.00042746993131004274	0.0
0.0	0.0
-0.001270319102331996	0.0
-0.004034646321088076	0.0
0.0	0.0
0.0	0.0
-0.000305413908790797	0.0
0.0	0.0
0.0	0.0
0.0	0.0
0.0	0.0
0.0	0.0
-0.00022371482918970287	0.0
0.0	0.0
0.0	0.0
0.0	0.0
0.0	0.0
-0.00020908204896841198	0.0
-1.0563125485418823e-08	0.0
0.0	0.0
0.0	0.0
0.0	0.0
-6.17909427091945e-06	0.0
-1.3625588435317582e-09	0.0
-0.00046770970220677555	0.0
0.0	0.0
-0.0008299215114675462	0.0
-1.4024197081408118e-10	0.0
-0.0012828566832467914	0.0
-0.003410941921174526	0.0
0.0	0.0
0.0	0.0
-0.0007358361035585403	0.0
-0.0028443015180528164	0.0
0.0	0.0
0.0	0.0
0.0	0.0
0.0	0.0
-0.0006356929079629481	0.011
0.0	0.0
0.0	1.0
0.0	0.0
0.0	0.0
0.0	0.0
-0.00951801985502243	0.0
-1.3669922793724254e-07	0.0
-0.0015412771608680487	0.0
0.0	0.0
-0.0003603692748583853	0.0
0.0	0.0
-1.3230783224571496e-07	0.0
-0.001900894334539771	0.0
0.0	0.0
0.0	0.0
0.0	0.0
-0.004712484776973724	0.0
-1.159935550276714e-06	0.0
0.0	0.0
-0.0017849351279437542	0.0
-0.0004813728155568242	0.0
-0.028581151738762856	0.0
-4.0151586290448904e-05	0.0
-5.306628025891769e-09	0.0
-0.00020702826441265643	0.0
-5.11096186528448e-06	0.0
-0.0022690172772854567	0.0
0.0	0.0
-5.182410518500546e-07	0.0
0.0	0.0
-3.462217534888623e-07	0.0
0.0	0.0
-5.139789482910828e-09	0.0
0.0	0.0
0.0	0.0
-1.9413323570915964e-06	0.0
0.0	0.0
0.0	0.0
-1.7911850136442808e-07	0.028
-0.0004260344139765948	0.0
-0.0033151765819638968	0.0
-1.0833568012458272e-05	0.028
-0.0012553284177556634	0.028
-0.011648263782262802	0.0
0.0	0.0
0.0	0.0
0.0	0.0
0.0	0.0
-1.8485515340671554e-08	0.0
0.0	0.0
-2.782096316877869e-06	0.0
0.0	0.0
0.0	0.0
0.0	0.0
-1.3988130376674235e-05	0.0
-2.2766942038288107e-06	0.0
-0.0069230650551617146	0.0
0.0	0.0
-0.00020199157006572932	0.0
0.0	0.0
-0.002776834648102522	0.0
-0.0006226940895430744	0.0
-0.0025547940749675035	0.0
0.0	0.0
-0.0012966084759682417	0.0
-0.0022078973706811666	0.0
-1.8202063074568287e-05	0.0
0.0	0.0
0.0	0.0
0.0	0.0
0.0	0.0
-0.001259207259863615	0.0
0.0	0.0
0.0	0.0
-1.9892560885637067e-05	0.0
0.0	0.0
0.0	0.0
-0.010075912810862064	0.0
0.0	0.0
0.0	0.0
-0.0045716725289821625	0.0
0.0	0.0
-0.0001610204199096188	0.0
0.0	0.0
0.0	0.0
0.0	0.0
0.0	0.0
-0.00014034981722943485	0.0
0.0	0.0
-4.091869868716458e-06	0.0
-9.477360302795335e-13	0.0
-0.0013520709471777081	0.0
0.0	0.0
0.0	0.0
0.0	0.0
0.0	0.0
0.0	0.0
0.0	0.0
-0.0009041484445333481	0.0
0.0	0.0
-1.5679946955060586e-05	0.0
-1.770093513187021e-05	0.0
0.0	0.0
0.0	0.0
0.0	0.0
0.0	1.0
-0.0055113076232373714	0.0
-0.006287064403295517	0.0
-8.563858386878564e-07	0.0
0.0	0.0
0.0	0.0
0.0	0.0
-3.529201785568148e-05	0.0
-1.4320167447678944e-11	0.0
0.0	0.0
-0.0035198149271309376	0.0
0.0	0.0
-4.044832894578576e-05	0.0
-1.9998149802802345e-09	0.0
0.0	0.0
-4.5413475757705157e-10	0.0
0.0	0.0
-0.0012675821781158447	0.0
-0.00019376445561647415	0.0
0.0	0.0
-0.00010936995386146009	0.0
-4.842674024985172e-05	0.0
0.0	1.0
0.0	0.0
-1.736657759465743e-05	0.0
0.0	0.0
0.0	0.0
-1.9604699446063023e-06	0.0
-0.00010580044181551784	0.0
0.0	0.0
0.0	0.0
-0.0008706290391273797	0.0
-0.0005535663804039359	0.0
-0.0005745366215705872	0.0
0.0	0.0
-0.00022821573656983674	0.0
0.0	0.0
-1.1667228598175039e-12	0.0
-0.00019210099708288908	0.0
0.0	0.0
-0.000306431989884004	0.0
0.0	0.0
0.0	0.0
-4.3257481593173e-05	0.0
0.0	0.0
-0.0001737733109621331	0.0
0.0	0.0
-0.001451020478270948	0.0
-0.00019105648971162736	0.0
0.0	1.0
0.0	0.0
0.0	1.0
-4.0024190184340114e-08	0.0
-2.5623715448376007e-16	0.0
-0.0006845670286566019	0.0
0.0	0.012
-1.1938750503759366e-06	0.0
0.0	0.0
0.0	0.012
0.0	0.0
0.0	0.012
-1.9233737475587986e-05	0.0
-0.00032178842229768634	0.0
0.0	0.0
0.0	1.0
0.0	0.0
0.0	0.0
0.0	0.0
-0.00023798896290827543	0.0
0.0	0.0
0.0	0.0
0.0	0.0
0.0	0.0
-2.7219171897741035e-05	0.0
-0.0003661806113086641	0.0
-0.0001503768580732867	0.0
-0.001970354001969099	0.0
-6.552978447871283e-05	0.0
0.0	0.0
0.0	0.0
-0.001748821116052568	0.0
0.0	0.0
0.0	1.0
0.0	0.0
0.0	1.0
-4.845334800052115e-09	0.0
-5.646527370117838e-07	1.0
-7.6242054092290346e-06	1.0
0.0	0.0
0.0	0.0
0.0	0.0
-0.006772898603230715	0.0
0.0	0.0
-0.002114704344421625	0.0
0.0	0.0
-0.002125502796843648	0.0
0.0	0.0
-1.6928672266658396e-05	0.0
-7.250534054037416e-06	0.0
0.0	0.0
0.0	0.0
-0.00011648963845800608	0.0
-0.0010097612394019961	0.0
0.0	0.0
0.0	0.0
0.0	0.0
-0.00030529368086718023	0.0
0.0	0.0
-0.0002087280445266515	0.0
-4.282176450942643e-05	0.0
0.0	0.0
0.0	0.0
0.0	0.0
0.0	0.0
-1.106116542359814e-05	0.0
0.0	0.0
0.0	0.0
-0.022766685113310814	0.0
-6.792919157305732e-05	0.0
-0.0015171749982982874	0.0
-9.881117875920609e-06	0.0
-0.04772976040840149	0.0
-0.007746728137135506	0.0
0.0	0.0
0.0	0.0
-0.0009009710047394037	0.0
-0.0011422981042414904	0.0
-0.0011495314538478851	0.0
0.0	0.0
-0.0008079260587692261	0.0
0.0	0.0
-3.561827455200728e-08	0.0
0.0	0.0
-3.1880565074970946e-05	0.0
0.0	0.0
0.0	0.0
0.0	0.0
-0.0002368174900766462	0.0
-0.0024763885885477066	0.0
0.0	0.0
-0.002214291598647833	0.0
0.0	0.0
-0.0003130613185930997	0.0
0.0	0.0
0.0	0.006
0.0	0.0
-1.3949965627091387e-08	0.0
-3.4140197158194496e-07	0.0
0.0	0.0
0.0	0.0
0.0	0.0
-0.00010713687515817583	0.0
0.0	0.0
0.0	0.0
-0.005988771095871925	0.0
0.0	0.0
0.0	0.0
-0.001465755864046514	0.0
-1.6302485619235085e-06	0.0
-1.6955254977801815e-06	0.0
0.0	0.0
0.0	0.0
0.0	0.032
0.0	0.0
0.0	0.0
0.0	0.032
-0.0001270478096557781	0.0
0.0	0.0
-0.0002137657575076446	0.0
-0.003906502388417721	0.0
-4.095992699149065e-05	0.0
0.0	0.0
0.0	0.0
0.0	0.0
-2.963077713502571e-05	0.0
0.0	0.0
-0.003728452604264021	0.0
-0.0024047999177128077	0.0
-1.6420528481830843e-05	0.0
0.0	0.0
0.0	0.0
-2.162327291443944e-05	0.0
0.0	0.0
-0.006328887306153774	0.0
-2.9262782845762558e-05	0.0
0.0	0.0
-0.0003221150254830718	0.0
0.0	0.0
0.0	0.0
0.0	0.0
-2.3380860511679202e-05	0.0
-1.0330904842703603e-05	0.0
-7.570632760689477e-07	0.0
-1.9438234355462214e-10	0.0
0.0	0.0
-0.023613234981894493	0.0
-7.756499087463453e-08	0.0
0.0	0.0
0.0	0.0
0.0	0.0
-0.0021574075799435377	0.0
-0.00166071648709476	0.0
0.0	0.0
0.0	1.0
0.0	0.0
0.0	0.0
-1.0055918210127857e-05	0.0
-0.001256667310371995	1.0
0.0	1.0
0.0	0.0
0.0	0.0
0.0	0.0
0.0	0.0
0.0	0.0
0.0	0.0
0.0	0.0
0.0	0.0
0.0	0.0
0.0	0.0
-9.999419853556901e-05	0.0
-1.4071720215724781e-05	1.0
-0.0015354144852608442	0.0
0.0	1.0
-2.0119464352319483e-06	0.0
0.0	0.0
-1.4183619217815989e-14	0.0
0.0	0.0
-0.006626359187066555	0.0
0.0	0.0
-0.0012358265230432153	0.0
-0.0044025336392223835	0.0
-3.264583938289434e-05	0.0
-0.003147250274196267	0.0
0.0	0.0
-0.041801318526268005	0.0
0.0	1.0
0.0	0.0
0.0	1.0
0.0	0.0
0.0	0.0
0.0	0.0
-0.002218986861407757	0.0
0.0	0.0
-8.625977443443844e-08	0.0
-0.00016807987412903458	0.0
0.0	0.0
0.0	0.0
0.0	0.0
0.0	0.0
0.0	0.0
-0.0003244999097660184	0.0
0.0	0.0
0.0	0.0
0.0	0.0
-0.0003940543974749744	0.0
-6.61817830405198e-05	0.0
-0.0024691270664334297	0.0
0.0	0.001
-5.5670020628895145e-06	0.001
0.0	0.001
-0.0022274546790868044	0.0
-0.004086457192897797	0.0
0.0	0.0
-1.1159047062392347e-05	0.0
0.0	0.0
0.0	0.0
-0.00018589575483929366	0.0
0.0	0.0
-0.004172655753791332	0.0
-5.109249741508393e-06	0.0
0.0	0.0
0.0	0.0
0.0	0.0
-7.889807602623478e-05	0.0
0.0	0.0
-5.7211007515434176e-05	0.0
-0.0009533727425150573	0.0
0.0	0.0
0.0	0.0
-1.1532286947613102e-07	0.0
0.0	0.0
-0.00017021251551341265	0.0
0.0	0.0
-0.0025919764302670956	0.0
0.0	0.0
0.0	0.0
0.0	0.0
-1.5516374332946725e-05	0.0
0.0	0.0
-7.964921678649262e-05	0.0
0.0	0.0
-0.008060912601649761	0.0
0.0	0.0
-5.238915719426793e-15	0.0
0.0	0.0
-5.50403399302013e-07	0.0
-0.004444864112883806	0.0
0.0	1.0
-0.007878508418798447	0.0
0.0	0.0
0.0	0.0
-3.093804480158724e-05	0.0
0.0	0.0
0.0	0.0
0.0	0.0
-4.223071300657466e-06	0.0
0.0	0.0
-8.40005450299941e-05	0.0
0.0	0.0
0.0	0.0
-7.295916293514892e-05	0.0
0.0	0.0
0.0	0.0
-1.288875256522104e-10	0.0
0.0	0.0
0.0	0.0
0.0	0.0
0.0	0.0
0.0	0.0
0.0	0.0
-1.3069737514470603e-09	0.0
-0.0002255034924019128	0.0
0.0	0.0
-0.00011378351337043568	0.0
0.0	0.0
0.0	0.0
-0.008144374005496502	0.0
0.0	0.0
0.0	0.0
-0.0016281502321362495	0.0
0.0	0.0
-1.284824691083486e-09	0.0
0.0	0.0
0.0	0.0
-1.7759690308594145e-05	0.0
-0.005166970659047365	0.0
0.0	0.0
-6.864820898044854e-05	0.0
0.0	0.0
-2.0732211851282045e-05	0.0
0.0	0.0
0.0	0.0
-7.988660217961296e-05	0.0
0.0	0.0
-0.0024038953706622124	0.0
0.0	0.0
0.0	0.0
-0.0012210877612233162	0.0
-9.121257704691743e-08	0.0
0.0	0.0
-1.1599688320984569e-07	0.0
0.0	0.0
0.0	0.0
-5.013693282762688e-08	0.0
0.0	0.0
-0.004712763708084822	0.0
-0.00023148220498114824	0.0
0.0	0.0
0.0	0.0
0.0	0.0
-0.00021688347624149173	0.0
-0.0009829738410189748	0.0
0.0	0.0
-0.012324531562626362	0.0
-0.000360112200723961	0.0
-0.003570943372324109	0.0
0.0	0.0
-5.833081013406627e-05	0.0
-1.589113907130013e-07	0.0
-0.004599079489707947	0.0
-1.8746010255199508e-07	0.0
0.0	0.0
0.0	0.0
0.0	0.0
0.0	0.0
0.0	0.0
0.0	0.0
-5.3908353475629056e-11	0.0
-1.4463779734796844e-05	0.0
0.0	0.0
0.0	0.0
0.0	0.0
0.0	0.0
-0.012703054584562778	0.0
-1.9936329920255957e-08	0.0
-0.008183150552213192	0.0
-0.0015894115203991532	0.0
-0.0013032975839450955	0.0
0.0	0.0
-1.374315985458452e-07	0.0
0.0	0.0
-0.04995372146368027	0.0
0.0	0.0
-0.005513654090464115	0.0
0.0	0.0
-6.393225362444355e-07	0.0
0.0	0.0
0.0	0.0
-1.8414628357277252e-05	0.0
-2.1493303137276598e-08	0.0
-6.475989189347331e-10	0.0
0.0	0.0
-0.00277452333830297	0.0
-0.002617595950141549	0.0
-0.015025323256850243	0.0
-0.001291764434427023	0.0
0.0	0.0
0.0	0.0
0.0	0.0
-0.00015068301581777632	0.0
0.0	0.0
0.0	0.0
0.0	0.0
-0.0006160082411952317	0.0
0.0	0.0
-8.018400866886984e-16	0.0
-0.00038037114427424967	0.0
-0.0034817950800061226	0.0
-5.628867256746162e-06	0.0
-0.0008265404612757266	0.0
0.0	0.0
-1.753879405441694e-05	0.0
0.0	0.0
0.0	0.0
0.0	0.0
0.0	0.0
-5.214142220211215e-05	0.0
-9.674574539531022e-05	0.0
0.0	0.0
0.0	0.0
0.0	0.0
0.0	0.0
-0.0011887960135936737	0.0
0.0	0.0
-0.06873627752065659	0.0
-0.0018750845920294523	0.0
0.0	0.0
0.0	0.0
0.0	0.0
0.0	0.0
0.0	0.0
-0.0012673414312303066	0.0
-0.0017195363761857152	0.0
-5.422085891382267e-09	0.0
0.0	0.0
0.0	0.0
-0.000501684786286205	0.0
0.0	0.0
-6.943178959772922e-06	0.0
-0.004136197734624147	0.0
0.0	0.0
0.0	0.0
0.0	0.0
0.0	0.0
0.0	0.0
-0.0001700365828583017	0.0
0.0	0.0
0.0	0.0
-3.810201815213077e-05	0.0
0.0	0.0
0.0	0.0
0.0	0.0
0.0	0.0
0.0	0.0
0.0	0.0
0.0	0.0
