-2.0030420273542404e-06	0.0
-1.4065280884434372e-10	0.0
0.0	0.0
0.0	0.0
0.0	0.0
0.0	1.0
0.0	1.0
0.0	0.0
0.0	1.0
0.0	1.0
-0.0006383065483532846	0.0
-0.00012195377348689362	0.0
0.0	0.0
-0.002184031531214714	0.0
0.0	0.0
-0.002681644633412361	0.0
0.0	0.0
-1.3512026271200739e-05	0.0
0.0	0.0
-7.047791586956009e-05	0.0
-0.0008861271780915558	0.0
0.0	0.0
0.0	1.0
0.0	0.0
-0.0025424149353057146	0.0
0.0	0.0
-9.687883721198887e-05	0.0
-0.0009934379486367106	0.0
-3.928363696559245e-07	0.0
0.0	0.0
0.0	0.0
-7.112173079804052e-06	0.0
0.0	0.0
0.0	0.0
-0.006990975234657526	0.0
-0.0001320591545663774	0.0
-0.00047698442358523607	0.0
0.0	0.0
0.0	0.0
-1.124747268477222e-05	0.0
-0.0012196986936032772	0.0
-9.616698548597924e-08	0.0
0.0	0.0
0.0	1.0
0.0	0.0
-1.1208429150089128e-11	1.0
0.0	0.0
-2.454243599459005e-07	0.0
0.0	1.0
-0.00035991103504784405	0.0
-2.429037522233557e-06	0.0
0.0	1.0
0.0	1.0
0.0	0.0
0.0	0.0
0.0	0.0
0.0	0.0
-2.3794209482730366e-05	0.0
0.0	0.0
0.0	0.0
0.0	1.0
0.0	0.0
0.0	0.0
0.0	1.0
-0.00011830522998934612	1.0
0.0	0.0
0.0	0.0
-0.00021517867571674287	0.0
0.0	0.0
-0.00027640536427497864	0.0
-0.006136500276625156	0.0
0.0	0.0
0.0	0.0
-5.155528924660757e-05	0.0
-0.0017090803012251854	0.0
-1.4520096556225326e-05	0.0
0.0	0.0
0.0	0.0
-0.0015964715275913477	0.0
-9.546201908960938e-05	0.0
0.0	0.0
0.0	0.0
0.0	0.0
0.0	0.0
0.0	0.0
0.0	0.0
0.0	0.0
0.0	0.0
0.0	0.0
-1.0400716746516991e-05	0.0
0.0	0.0
0.0	0.0
-0.0003035659028682858	0.0
0.0	0.0
0.0	0.0
0.0	0.0
-0.002958528930321336	0.0
0.0	0.0
0.0	0.0
-9.020130128933879e-12	0.0
-0.005531169939786196	0.0
0.0	0.0
0.0	0.0
-0.00029288744553923607	0.0
0.0	0.0
-0.0024865937884896994	0.0
-2.5130344472046318e-09	0.0
-0.001228485256433487	0.0
0.0	0.0
-1.232997965416871e-05	0.0
-9.689643775345758e-06	0.0
-0.001072110142558813	0.0
0.0	0.0
-7.409305453620618e-06	0.0
-0.00010436260345159099	0.0
0.0	0.0
-0.0013553116004914045	0.0
0.0	0.0
-0.00026799776242114604	0.0
0.0	0.0
-2.0445117115741596e-05	0.0
0.0	0.0
-3.259013965362101e-06	0.0
0.0	0.0
0.0	0.0
0.0	0.0
0.0	0.0
0.0	0.0
-7.654912224097643e-06	0.0
0.0	0.0
-1.6065811792032036e-07	0.0
0.0	0.0
0.0	0.0
0.0	0.0
0.0	0.0
0.0	0.0
-0.00019797960703726858	0.0
0.0	0.001
-5.4336989705916494e-05	0.001
0.0	0.001
0.0	0.001
-0.00011895227362401783	0.0
0.0	0.001
-0.008255129680037498	0.0
0.0	0.001
-0.0005224481574259698	0.001
-1.9496512493333285e-07	0.0045662100456621
-8.466985264021787e-07	0.0
0.0	0.001
-6.67461717966944e-05	0.0
0.0	0.0
0.0	0.0
0.0	0.0
0.0	0.0
0.0	0.0
0.0	0.0
0.0	0.0
-1.8143341549148317e-06	0.0
0.0	0.0
0.0	0.0
-0.013809417374432087	0.0
-4.0757997339824215e-05	0.0
-3.128226150339586e-11	0.0
-6.70907951416666e-09	0.0
-0.0005515774828381836	0.0
0.0	0.0
0.0	0.0
-4.844236173084937e-05	0.0
0.0	0.0
-1.0488976840861142e-05	0.0
-3.3048543457425694e-08	0.0
0.0	1.0
-7.353428372880444e-06	0.0
-0.0010529635474085808	0.0
0.0	0.0
0.0	0.0
-1.180186609417433e-05	0.0
0.0	0.0
-0.0022039171308279037	0.0
0.0	0.0
0.0	0.0
0.0	0.0
-1.969193135664682e-06	0.0
0.0	0.0
-3.136341888421157e-07	0.0
-0.0001608794555068016	0.0
0.0	0.0
0.0	0.0
0.0	0.0
0.0	0.0
0.0	0.0
0.0	0.0
-9.417172464054602e-08	0.0
-3.1261555704986677e-05	0.0
0.0	1.0
-1.0629041753418278e-05	1.0
0.0	1.0
0.0	1.0
-0.0001503088278695941	0.0
-2.9779612304992042e-06	0.0
-0.00011751046258723363	0.0
0.0	0.0
-0.0016332584200426936	0.0
0.0	0.0
0.0	0.0
-2.4510748062311905e-06	0.0
0.0	0.0
0.0	0.0
-0.0021035964600741863	0.0
0.0	0.0
0.0	0.0
-9.232526645064354e-05	0.0
0.0	0.0
0.0	0.0
0.0	0.0
0.0	0.0
-4.260135995082237e-07	0.0
0.0	0.0
0.0	0.0
0.0	0.0
0.0	0.0
0.0	0.0
0.0	0.0
-0.0005479512619785964	0.0
-0.00041598264942876995	0.0
0.0	0.0
0.0	0.0
-0.0006940221646800637	0.0
-0.006882383022457361	0.0
0.0	0.0
-0.0007098795031197369	0.0
0.0	0.0
-5.572895133809652e-06	0.0
0.0	0.0
0.0	0.0
-3.989501237811055e-06	0.0
0.0	0.0
-0.011807464063167572	0.0
0.0	0.0
-0.0013627243461087346	0.0
0.0	0.0
-0.002193620428442955	0.0
0.0	0.0
-0.0006378223770298064	0.0
0.0	0.0
-0.000729641760699451	0.0
-7.221091891551623e-06	0.0
0.0	0.0
0.0	0.0
0.0	0.0
0.0	0.0
-0.007000681012868881	0.0
0.0	0.0
-3.6926771912465647e-16	0.0
-0.00035560011747293174	0.0
-0.008344263769686222	0.0
0.0	0.0
-0.000206051001441665	0.0
-8.59348256199155e-06	0.0
-4.803929914487526e-05	0.0
0.0	0.0
-9.150208768460288e-08	0.0
0.0	0.0
0.0	0.0
-0.0005710635450668633	0.0
-1.1429810911067761e-06	0.0
-4.336689016781747e-06	0.0
0.0	0.0
0.0	0.0
-7.00656698882085e-07	0.0
0.0	0.0
0.0	0.0
-0.00037945067742839456	0.0
0.0	0.0
0.0	0.0
0.0	0.0
0.0	0.0
-2.840638657630734e-08	0.0
-0.0024644024670124054	0.0
-6.03908920311369e-05	0.001
0.0	0.0012804097311139564
-6.455632917123921e-09	0.001
0.0	0.0
0.0	0.0
-0.0017318692989647388	0.0
-0.0005710476543754339	0.0
0.0	0.0
0.0	0.0
0.0	0.0
0.0	0.0
0.0	0.0
0.0	0.0
-0.0004175695066805929	0.0
0.0	0.0
-0.0004928456619381905	0.0
-0.007535859011113644	0.0
0.0	0.0
0.0	0.0
0.0	0.0
-0.0031731713097542524	0.0
0.0	0.0
-0.0026699169538915157	0.0
0.0	0.0
0.0	0.0
-5.432604371783181e-14	0.0
0.0	0.0
0.0	0.0
0.0	0.0
-0.00011677343718474731	0.0
-0.0004015352460555732	0.0
-0.004945669323205948	0.0
-0.005597745068371296	0.0
0.0	0.0
-0.001645026495680213	0.0
0.0	0.0
0.0	0.0
0.0	0.0
0.0	0.0
0.0	0.0
-0.019286151975393295	0.0
0.0	0.0
-7.09812666173093e-05	0.0
-0.04939877241849899	0.0
-0.0008513423963449895	0.0
0.0	0.0
0.0	0.0
-7.729574349468749e-07	0.0
0.0	0.0
0.0	0.0
0.0	0.0
0.0	0.0
0.0	0.0
-0.0002073036739602685	0.0
0.0	0.0
0.0	1.0
0.0	1.0
0.0	1.0
0.0	1.0
0.0	0.0
-0.0022527240216732025	0.0
0.0	1.0
0.0	0.0
-0.001793270348571241	1.0
-7.152557373046875e-05	1.0
0.0	1.0
0.0	0.0
-0.001834574155509472	0.0
0.0	0.0
0.0	0.0
-0.00022576139599550515	0.0
0.0	0.0
-0.0006056873244233429	0.0
-5.372853138396749e-06	0.0
-3.122231282759458e-05	0.0
-0.009051835164427757	0.0
0.0	0.0
0.0	0.0
0.0	0.0
-1.7162263247882947e-05	0.0
0.0	0.0
0.0	0.0
0.0	0.0
0.0	0.0
-3.8052846207392577e-07	0.0
-1.0734274837886915e-05	0.0
-0.0016777117270976305	0.0
0.0	1.0
0.0	0.0
-1.683757773207617e-07	0.0
0.0	0.0
0.0	0.0
0.0	0.0
-0.0005440234090201557	0.0
-0.0006167587707750499	0.0
0.0	0.0
-0.004843047820031643	0.0
0.0	0.0
-0.0020623032469302416	0.0
-0.0013318915152922273	0.0
0.0	0.0
-1.3975602087157313e-05	0.0
-7.702420589339454e-06	0.0
-9.233722266799305e-06	0.0
0.0	0.0
-8.566601172788069e-05	0.0
-0.0009573944844305515	0.0
0.0	0.0
0.0	0.0
-0.002471033250913024	0.0
0.0	0.0
-0.0003563906066119671	0.0
-1.7126635179498528e-11	0.0
0.0	0.0
-0.000809578166808933	0.0
-2.0171535652480088e-05	0.0
-1.9497383618727326e-06	0.0
0.0	0.0
-3.3215919756912626e-06	0.0
0.0	0.0
0.0	0.0
0.0	0.0
0.0	0.0
0.0	0.0
0.0	0.0
0.0	0.0
0.0	0.0
0.0	0.0
-2.599243709155985e-09	0.0
0.0	0.0
0.0	0.0
0.0	0.0
-0.006621326319873333	0.0
-0.0010953702731058002	0.0
-0.003939139656722546	0.0
0.0	0.0
0.0	0.0
-0.008971529081463814	0.009
-0.003995646256953478	0.0
0.0	0.009
0.0	0.009
-4.856295365840424e-09	0.009
0.0	0.009
-1.1172881386301015e-05	0.0
0.0	0.009
0.0	0.009
-1.447954218747327e-06	0.0
0.0	0.0
-0.0009780796244740486	0.009
0.0	0.0
0.0	0.009
0.0	0.0
0.0	0.009
0.0	0.009
-5.2251680244808085e-06	0.009
0.0	0.0
0.0	0.0
0.0	0.009
0.0	0.0
-0.0002619006554596126	0.0
-0.004429321736097336	0.0
0.0	0.0
-3.264939005021006e-05	0.0
-0.013620446436107159	0.0
-0.0006073130061849952	0.0
-0.0006004986935295165	0.0
0.0	0.0
-0.0004979561781510711	0.0
-3.0579287795262644e-06	0.0
0.0	0.0
0.0	0.0
-1.1911625115088031e-13	0.073
0.0	0.0
0.0	0.0
-0.0014049365418031812	0.073
0.0	0.073
0.0	0.0
0.0	0.0
-5.2867319027427584e-05	0.0
0.0	0.0
0.0	0.0
-1.1430914128141012e-05	0.0
0.0	0.0
-0.00226917234249413	0.0
0.0	0.0
-5.595052698481595e-06	0.0
0.0	0.0
-9.791813226911472e-07	0.0
0.0	0.0
0.0	0.0
0.0	0.0
-8.050557442906836e-11	0.0
0.0	0.0
0.0	0.0
-0.007033633068203926	0.0
-0.021807875484228134	0.0
0.0	0.0
0.0	0.0
-0.0003569569962564856	0.0
0.0	0.0
0.0	0.0
0.0	0.0
-0.006543381605297327	0.0
-0.0003242443490307778	0.0
-2.4289396516785806e-14	0.0
0.0	0.0
0.0	0.0
0.0	0.0
0.0	0.0
0.0	0.0
0.0	0.0
0.0	0.0
-1.7990467782169617e-08	0.0
0.0	0.0
-9.57486336119473e-05	0.0
-5.329713417268067e-07	0.0
0.0	0.0
0.0	0.0
-6.621806278417353e-06	1.0
0.0	0.0
0.0	0.0
-1.1880049299861639e-07	1.0
-0.0005526244640350342	0.0
0.0	0.0
-0.0014038013760000467	0.0
0.0	0.0
-0.009068681858479977	0.0
-4.0677873585082125e-06	0.0
-1.9933681869588327e-06	0.0
0.0	0.0
-0.004218217451125383	0.0
0.0	0.0
0.0	0.0
-1.0558377653069329e-05	0.0
-0.004011887591332197	0.0
0.0	0.0
-3.5868313874587443e-10	0.0
-0.023966887965798378	0.0
0.0	0.0
-6.165803824842442e-06	0.0
0.0	0.0
0.0	0.0
-2.882821945604519e-07	1.0
0.0	0.0
-5.602333885690314e-07	0.0
-0.00017768981342669576	0.0
0.0	0.0
0.0	0.0
-9.121471521211788e-05	0.0
0.0	0.0
0.0	0.0
0.0	0.0
-6.405476256077236e-07	0.0
-0.003229965688660741	0.017
0.0	0.0
-4.979800749538299e-08	0.017
0.0	0.017
0.0	0.0
0.0	0.0
0.0	0.0
-4.408662425703369e-05	0.0
0.0	0.0
-0.001047349302098155	0.0
0.0	0.0
0.0	0.0
-0.0004072030424140394	0.0
-2.3755694201099686e-05	0.0
0.0	0.0
-3.46534579875879e-06	0.0
0.0	0.0
-0.00018711875600274652	0.0
-0.0070257727056741714	0.0
-8.356607850146247e-08	0.0
-0.005874743685126305	0.0
0.0	0.0
-8.11840408232456e-08	0.0
-0.0011847513960674405	0.0
0.0	0.0
0.0	0.0
-0.0010523995151743293	0.0
0.0	0.0
-0.0012104678899049759	0.0
0.0	0.0
0.0	0.0
0.0	0.0
0.0	0.0
0.0	0.0
0.0	0.0
0.0	0.0
0.0	0.0
-0.00010370568634243682	0.0
0.0	0.0
-0.006655353121459484	0.0
0.0	0.0
0.0	0.0
0.0	0.0
0.0	1.0
-0.00010174941417062655	0.0
0.0	0.0
0.0	0.0
-1.063753279595403e-05	0.0
0.0	0.0
-0.002818735083565116	0.0
-8.196779526770115e-05	0.0
0.0	0.0
0.0	0.0
-0.003754979930818081	0.0
0.0	0.0
-0.01620766520500183	0.0
-2.04457648728118e-11	0.0
-1.2521048802227597e-06	0.0
0.0	0.0
0.0	0.0
0.0	0.0
0.0	0.0
0.0	0.0
-0.00010149931040359661	0.0
0.0	0.0
0.0	0.0
0.0	0.0
0.0	0.0
0.0	0.0
0.0	0.0
0.0	0.0
0.0	0.0
-3.5440102408301755e-08	0.0
0.0	0.0
0.0	0.0
-5.685666337740258e-07	0.0
0.0	0.0
0.0	0.0
0.0	1.0
0.0	1.0
0.0	0.0
0.0	0.0
0.0	0.0
-0.0009292602189816535	0.0
-2.503664290998131e-05	0.0
0.0	0.0
0.0	0.0
-0.026605943217873573	0.0
-0.0004656700184568763	0.024
0.0	0.0
-2.7423087090028275e-07	0.024
0.0	0.04395604395604396
-0.00043642116361297667	0.4651639344262295
-4.986179192201234e-06	0.0
0.0	0.20799180327868852
0.0	0.030112923462986198
-0.0006079198210500181	0.030112923462986198
0.0	0.0
0.0	0.0
-0.0025126684922724962	0.0
0.0	0.0
0.0	0.0
0.0	0.0
-0.001723579945974052	0.0
-0.004936128854751587	0.0
-0.001584657235071063	0.0
-0.0005921744159422815	0.0
0.0	0.0
-0.0011687518563121557	0.0
-2.1577853392962254e-10	0.0
0.0	0.0
0.0	1.0
0.0	0.0
0.0	0.0
0.0	0.0
0.0	0.0
-0.0008110047783702612	0.0
-0.04648229107260704	0.0
0.0	1.0
0.0	0.0
-0.00031897181179374456	0.0
-0.001672802958637476	0.0
-1.1227987215534085e-06	0.0
-0.00034963188227266073	0.0
-9.540101018501446e-05	0.0
0.0	0.0
0.0	0.0
-3.208383603237053e-08	0.0
0.0	0.0
0.0	0.0
0.0	0.0
0.0	0.0
0.0	0.0
0.0	0.0
0.0	0.0
0.0	0.0
-5.7701759033079725e-06	0.0
-6.281131936702877e-05	0.0
0.0	0.0
0.0	0.0
-2.6803751926318675e-11	0.0
-2.1768876194983022e-06	0.0
0.0	0.0
0.0	0.0
0.0	0.0
-0.0009530454990454018	0.0
0.0	0.0
-0.0008607907802797854	0.0
-2.6105475626536645e-05	0.0
-0.0003448409552220255	0.0
0.0	0.0
0.0	0.0
-1.0039932774041915e-10	0.0
0.0	0.0
0.0	0.0
0.0	0.0
-0.048016857355833054	0.0
-9.20575615737107e-09	0.0
0.0	0.0
0.0	0.0
0.0	0.0
0.0	0.0
-0.005839645396918058	0.0
0.0	0.0
0.0	0.0
0.0	0.0
-0.0001303961907979101	0.0
-9.67369473414692e-09	0.0
0.0	0.0
0.0	0.0
0.0	0.0
0.0	0.0
-0.007801008876413107	0.0
-0.0010757304262369871	0.0
-8.864196570357308e-05	0.0
0.0	0.0
0.0	0.0
0.0	0.0
0.0	0.0
0.0	0.0
-9.819521073950455e-05	0.0
0.0	0.0
-7.190011729107937e-06	0.0
-0.006255181040614843	0.0
0.0	0.0
-0.0003066768986172974	0.0
-0.00016134890029206872	0.0
-0.00048338790656998754	0.0
-9.084556950256228e-06	0.0
-8.60005366121186e-06	0.0
0.0	0.0
0.0	0.0
0.0	0.0
-1.1292109469707157e-08	0.0
-0.0005801456863991916	0.0
0.0	0.0
0.0	0.0
-0.002581695094704628	0.0
-0.005960937589406967	0.0
-1.0334637078048898e-16	0.0
0.0	0.0
-2.0804670839424944e-06	0.0
-1.3278392430038366e-07	0.0
-0.0008313231519423425	0.0
0.0	0.0
0.0	0.0
-7.579168595839292e-05	0.0
0.0	0.0
-0.0007124561816453934	0.0
-0.001100367633625865	0.0
0.0	0.0
0.0	0.0
0.0	0.0
0.0	0.0
-3.313006891403347e-05	0.0
0.0	0.0
0.0	0.0
-0.002476378111168742	0.0
-0.028756098821759224	0.0
-3.910651230398798e-06	0.0
0.0	0.0
-5.64096262678504e-05	0.0
0.0	0.0
-9.336881094668126e-12	0.0
-1.208171306643635e-05	0.0
-0.0001470681745558977	0.0
0.0	0.0
-0.0002507543540559709	0.0
-9.004912863019854e-05	0.0
0.0	0.0
-6.237991328816861e-05	0.0
-9.510265954304487e-05	0.0
0.0	0.0
0.0	0.0
0.0	0.0
0.0	0.0
-0.0006306547438725829	0.0
0.0	0.0
0.0	0.0
-0.001249642693437636	0.0
0.0	0.0
-5.0238861149409786e-05	0.0
-0.004467705264687538	0.0
0.0	0.0
0.0	0.0
-0.005724313668906689	0.0
-0.0008249268284998834	0.0
0.0	0.0
0.0	0.0
0.0	0.0
0.0	0.0
-0.0007294146926142275	0.0
0.0	0.0
0.0	0.0
0.0	0.0
-0.0017992977518588305	0.0
-2.949027466669918e-09	0.0
0.0	0.0
0.0	0.0
-7.1421377469960134e-06	0.0
-4.620238541974686e-05	0.0
-0.0011438216315582395	0.0
-0.0009460342116653919	0.0
0.0	0.0
0.0	0.0
0.0	0.0
0.0	0.0
0.0	0.0
-0.0004391638212837279	0.0
0.0	0.0
-0.0006927908398211002	0.0
-0.0007126065902411938	1.0
0.0	0.0
-0.0005873679765500128	0.0
-0.0005149085773155093	0.0
0.0	0.001
-1.6751229850342497e-05	0.001
-0.0003571410779841244	0.0
0.0	0.0
0.0	0.0
-0.001281060976907611	0.0
-1.4387745068233926e-05	0.0
0.0	0.0
-0.02316221222281456	0.0
-0.0007506550173275173	0.0
0.0	0.0
-1.1596765858712388e-07	0.0
0.0	0.0
0.0	0.0
-2.9912561316791653e-09	0.0
0.0	0.0
0.0	0.0
0.0	0.0
0.0	0.0
-1.1837525448754604e-07	0.0
0.0	0.0
0.0	0.0
0.0	0.0
0.0	0.0
0.0	0.0
0.0	0.0
0.0	0.0
0.0	0.0
-0.0014661789173260331	0.0
0.0	0.0
-0.0005656740977428854	0.0
0.0	0.0
-0.012839124538004398	0.0
0.0	0.0
0.0	0.0
-3.431091348538029e-12	0.0
0.0	0.0
0.0	0.0
-4.649887443974876e-07	0.0
-0.0004668324545491487	0.0
-5.5020169753561277e-08	0.0
0.0	0.0
0.0	0.0
0.0	0.0
0.0	0.0
0.0	0.0
0.0	0.0
0.0	0.0
0.0	0.0
0.0	0.0
0.0	0.0
0.0	0.0
0.0	0.0
0.0	0.0
0.0	0.02
0.0	0.02
-4.104688855477434e-07	0.0
-5.65651977073321e-17	0.02
-0.014691989868879318	0.0
-0.00014254137931857258	0.0
0.0	0.0
0.0	0.0
0.0	0.0
0.0	0.0
0.0	0.0
0.0	0.0
-0.0002797244524117559	0.0
0.0	1.0
0.0	0.0
0.0	0.0
0.0	0.0
0.0	0.0
0.0	0.0
-6.051374157323153e-07	0.0
0.0	0.0
0.0	0.0
-0.0001894899905892089	0.0
0.0	0.0
-0.0006390033522620797	0.0
-0.002987766172736883	0.0
0.0	0.0
0.0	0.0
-2.1420833107299586e-08	0.0
0.0	0.0
0.0	0.0
0.0	0.0
-0.010047550313174725	0.0
0.0	0.0
-0.0020187252666801214	0.0
0.0	0.0
0.0	0.0
-0.0001196990124299191	0.0
-0.00018569098028820008	0.0
0.0	0.0
0.0	0.0
0.0	0.0
