0.0	0.0
-0.004334493074566126	0.0
-9.650294668972492e-05	0.0
0.0	0.0
0.0	0.0
0.0	0.0
0.0	0.0
0.0	0.0
-8.766041711960604e-12	0.0
0.0	0.0
0.0	0.0
-3.233530151192099e-05	0.0
-0.0005273436545394361	0.0
-1.2005713756479963e-08	0.0
0.0	0.0
0.0	0.0
0.0	0.0
0.0	0.0
-2.6563180654193275e-05	0.0
0.0	0.012
-0.0004219835391268134	0.012
0.0	0.0
-0.0005326138925738633	0.0
0.0	0.0
0.0	0.0
0.0	0.0
0.0	0.0
0.0	0.0
-0.002844640053808689	0.0
0.0	0.0
0.0	0.0
0.0	0.0
0.0	0.0
0.0	0.0
0.0	0.0
0.0	0.0
-0.0018788757734000683	0.0
-0.009203662164509296	0.0
0.0	0.0
-3.7203969895927003e-06	0.0
0.0	0.0
-9.490048569205101e-07	0.0
0.0	0.0
0.0	0.0
0.0	0.0
0.0	0.0
-2.2874162652897212e-07	0.0
-0.00045074851368553936	0.0
0.0	0.0
0.0	0.0
-5.914690518693533e-06	0.0
0.0	0.0
-0.00014698885206598788	0.0
0.0	0.0
0.0	0.0
-0.0022660205140709877	0.0
-9.123650670517236e-05	0.0
-8.524988857061544e-07	0.0
0.0	0.0
0.0	0.0
0.0	0.0
-1.391796104144305e-05	0.0
-0.0050482177175581455	0.0
0.0	0.0
-0.004305175039917231	0.0
0.0	0.0
0.0	0.0
0.0	0.0
0.0	0.0
-0.005704977549612522	0.0
0.0	0.0
0.0	0.0
0.0	0.0
0.0	0.0
0.0	0.0
-0.012033999897539616	0.0
-2.4099192160065286e-05	0.0
-0.0011880663223564625	0.0
-1.6005751604097895e-05	0.0
0.0	0.0
-1.3474549120928714e-07	0.0
-1.840366081751199e-08	0.0
0.0	0.0
-1.0614648999762721e-05	0.0
0.0	0.0
0.0	0.0
-0.0009064271580427885	0.0
0.0	0.0
-0.015597116202116013	0.0
-0.0016326865879818797	0.0
-0.004248832818120718	0.0
0.0	0.0
-0.0006659915670752525	0.0
0.0	0.0
0.0	0.0
0.0	0.0
-2.2811718736193143e-05	0.0
0.0	0.0
-1.286927453492126e-08	0.0
0.0	0.0
0.0	0.0
0.0	0.0
-0.0013718161499127746	0.0
-0.001374453422613442	1.0
0.0	0.0
0.0	1.0
-5.7790593928075396e-06	0.0
0.0	0.0
0.0	1.0
-0.0028338890988379717	0.0
0.0	0.0
0.0	0.0
0.0	0.0
0.0	1.0
-0.0001808849337976426	0.0
-0.00016604148549959064	1.0
-0.002239067107439041	0.0
0.0	0.0
-1.1989573977189139e-05	0.0
0.0	0.0
-0.004276737105101347	0.0
0.0	0.0
0.0	0.0
-0.0003353054344188422	0.0
0.0	0.0
-0.0008116766694001853	0.0
0.0	0.0
0.0	0.0
-9.302763828600291e-06	0.0
-0.004712007008492947	0.0
0.0	0.0
-0.000790596823208034	0.0
-0.0020393391605466604	0.0
0.0	1.0
0.0	0.0
-6.969398236833513e-05	0.0
-0.00044904014794155955	0.0
-0.0005615843692794442	1.0
-0.004331894218921661	0.0
-1.4776841226193937e-06	1.0
-3.7311914638848975e-05	0.0
-4.617754711944144e-06	1.0
-1.5520909073529765e-05	0.0
0.0	0.0
-6.727407801838947e-13	1.0
0.0	1.0
0.0	1.0
0.0	0.001
-0.00019322262960486114	1.0
0.0	0.0
-0.000714691006578505	0.0
-0.0001992827601497993	0.0
0.0	0.0
0.0	0.0
-2.559290805947967e-07	0.0
-0.006816282402724028	0.0
0.0	0.0
-1.8976370483869687e-06	0.0
0.0	0.0
-3.059424784623843e-07	0.0
-5.655995227726862e-09	0.0
-0.0009317514486610889	0.0
0.0	0.0
0.0	0.0
-0.00015494234685320407	0.0
-6.056662823539227e-05	0.0
-0.00013834109995514154	0.0
-1.7120990181140883e-09	0.0
0.0	1.0
0.0	1.0
0.0	0.001
0.0	0.001
0.0	1.0
0.0	0.001
-0.002696138108149171	0.0
0.0	1.0
0.0	0.0
0.0	0.0
0.0	0.0
0.0	0.0
-0.000911191338673234	0.0
0.0	0.0
-0.0002562396111898124	0.0
0.0	0.0
0.0	0.0
0.0	0.0
0.0	0.0
0.0	0.0
0.0	0.0
-0.00014747452223673463	0.0
-1.457450616726419e-05	0.0
0.0	0.0
0.0	0.0
0.0	0.0
-0.0004953379393555224	0.0
-9.27720611798577e-05	0.0
-2.6595087547320873e-05	0.0
0.0	0.0
-6.55441478869534e-09	0.0
0.0	0.0
0.0	0.0
0.0	0.0
0.0	0.0
0.0	0.0
0.0	0.0
0.0	0.0
0.0	0.0
0.0	0.0
0.0	0.0
-0.0028609454166144133	0.0
-0.00017810329154599458	0.0
0.0	0.0
-1.9950611829244735e-07	0.0
-3.102679329458624e-06	0.0
0.0	0.0
0.0	0.0
0.0	0.0
-0.00014061822730582207	0.0
-1.6802236132207327e-05	0.0
0.0	1.0
-2.0341577380844633e-11	0.0
0.0	0.0
0.0	0.0
0.0	0.0
0.0	0.0
-0.0011432907776907086	0.0
-1.395909094981107e-07	0.0
-2.644231699377997e-06	0.0
0.0	0.0
-3.476443453109823e-05	0.0
0.0	0.0
-1.6209634850383736e-05	0.0
-0.001595562556758523	0.0
-4.4032356527168304e-05	1.0
-2.9634836664627073e-06	0.0
-0.013021298684179783	0.0
-0.002406070474535227	0.0
0.0	1.0
0.0	0.0
0.0	0.0
0.0	0.0
0.0	0.0
0.0	0.0
-0.0011230164673179388	0.0
0.0	0.0
0.0	0.0
-0.0005612725508399308	0.0
0.0	0.0
0.0	0.0
0.0	0.0
0.0	0.0
-0.004930568393319845	0.0
-0.0057225655764341354	0.0
-0.000682102341670543	0.0
-0.00293279648758471	0.0
0.0	1.0
-0.0001694021630100906	1.0
-1.2414477168931626e-05	0.0
0.0	0.0
0.0	1.0
0.0	0.0
0.0	0.0
0.0	1.0
0.0	1.0
0.0	0.0
0.0	0.0
-3.0979113034845795e-06	0.0
0.0	0.0
-1.7524669601698406e-05	0.0
-0.005307852290570736	0.0
-0.002723104553297162	0.0
-7.834559073671699e-05	0.0
0.0	0.0
0.0	0.0
-0.00018696744518820196	0.0
-0.004171812906861305	0.0
0.0	0.0
0.0	0.0
0.0	0.0
0.0	0.0
0.0	0.0
0.0	0.0
-5.092837227493874e-07	0.0
0.0	0.0
0.0	0.0
0.0	0.0
0.0	0.0
-0.0001565676648169756	0.0
0.0	0.0
-0.004954291507601738	0.0
0.0	0.0
0.0	0.0
-0.10940748453140259	0.0
-3.554878835743125e-09	0.0
-0.0025433942209929228	0.0
-1.2562699339468963e-05	0.0
0.0	0.0
-0.0005176484119147062	0.0
0.0	0.0
0.0	0.0
0.0	0.0
0.0	0.0
0.0	0.0
0.0	0.0
0.0	0.0
-0.0010694997617974877	0.0
-4.282076042727567e-05	0.0
0.0	0.0
-0.00010887562530115247	0.0
0.0	0.0
0.0	0.0
-0.004398539196699858	0.0
-5.831255748489639e-06	0.0
-0.0017586819594725966	0.0
-0.0009192097932100296	0.0
0.0	0.0
0.0	0.0
-0.0007392358384095132	0.0
0.0	0.0
-0.000176473637111485	0.0
0.0	0.0
-0.0037203871179372072	0.0
0.0	0.0
-2.323389344383031e-05	0.0
0.0	0.0
0.0	0.0
-0.00021170891704969108	0.0
0.0	0.0
-1.2389562265013865e-08	0.0
-1.790953137970064e-05	0.0
0.0	0.0
0.0	0.0
-8.787816477706656e-05	0.0
-0.0008203177130781114	0.0
0.0	0.0
-8.897717733772053e-15	0.0
0.0	0.0
-6.10814822721295e-05	0.0
-0.0005231365212239325	0.0
0.0	0.0
0.0	0.0
0.0	0.0
0.0	0.0
-0.013630647212266922	0.0
0.0	0.0
0.0	0.0
-3.8040391814320174e-07	0.0
0.0	0.0
0.0	0.0
-0.0006684268591925502	0.0
-0.00014238223957363516	0.0
0.0	0.0
-4.009932672488503e-05	0.0
0.0	0.0
-0.0017020144732668996	0.0
0.0	0.0
0.0	0.0
-0.017514148727059364	0.0
0.0	0.0
0.0	0.0
-0.0003748082381207496	0.0
0.0	0.0
-8.616231744740504e-15	0.0
0.0	0.0
0.0	0.0
0.0	0.0
-0.0002701413759496063	0.0
0.0	0.0
-7.892898793215863e-06	1.0
-2.329021384639418e-07	0.0
-8.265605720225722e-05	0.0
0.0	0.0
-1.6716420248030772e-07	0.0
0.0	0.0
-0.006450295448303223	0.0
0.0	0.0
-0.0018936780979856849	0.0
0.0	0.0
-0.00524644972756505	0.0
0.0	0.0
-0.0011061885161325336	0.0
0.0	0.0
-3.756711885216646e-05	0.0
-5.732530553359538e-05	0.0
-0.0014408956049010158	0.0
0.0	0.0
0.0	0.0
0.0	0.0
-6.913936090313655e-08	0.0
-0.021463651210069656	0.0
0.0	1.0
-3.93369603557403e-08	0.0
0.0	1.0
0.0	0.0
0.0	1.0
-0.0018086789641529322	1.0
-0.00018288881983608007	0.0
-2.5579706743883435e-06	0.0
-4.9702852265909314e-05	1.0
0.0	0.0
0.0	0.0
0.0	0.0
0.0	0.0
-2.1417852622107603e-05	0.0
0.0	0.0
-1.6034284726629267e-06	0.0
-0.0002473864296916872	0.0
-3.146533060771617e-07	0.0
-7.18225201126188e-05	0.0
0.0	0.0
0.0	0.0
0.0	0.0
0.0	0.0
-8.82475887920009e-07	0.0
0.0	0.0
0.0	0.0
0.0	0.0
0.0	0.0
0.0	0.0
-3.871949502354255e-06	0.0
0.0	0.0
0.0	0.0
0.0	0.0
0.0	0.0
-2.0989921267755562e-06	0.0
0.0	0.0
0.0	0.0
-0.0005066873272880912	0.0
-0.0015286665875464678	0.0
-1.1906423424079549e-05	0.0
0.0	0.0
0.0	0.0
-3.08577159557899e-06	0.0
-0.00014004491094965488	0.0
-0.002220437629148364	0.0
0.0	0.0
0.0	0.0
0.0	0.0
-0.009020044468343258	0.0
-3.9497393800047575e-07	0.0
0.0	0.0
0.0	0.0
-0.0006433823145925999	0.0
0.0	0.0
0.0	0.0
0.0	0.0
0.0	0.0
-0.0020922175608575344	0.0
-5.252878687578288e-10	0.0
-8.943807915784419e-05	0.0
0.0	0.0
0.0	0.0
0.0	0.0
0.0	0.0
0.0	0.0
0.0	0.0
0.0	0.0
-0.00015442396397702396	0.0
0.0	0.0
0.0	0.0
0.0	0.0
0.0	0.0
-0.0004005876835435629	0.0
0.0	0.0
0.0	0.0
0.0	0.0
-0.008084705099463463	0.0
-3.206272958777845e-05	0.0
-1.3546892660087906e-05	0.0
-4.185872967354953e-05	0.0
0.0	0.0
-0.0012771461624652147	0.0
-9.991902061301516e-08	0.0
-0.0034957614261657	0.0
-0.001980493776500225	0.0
0.0	0.0
0.0	0.0
-0.0033596933353692293	0.0
-0.015303554944694042	0.0
0.0	1.0
-2.4073266104096547e-05	1.0
-1.2647603853110923e-06	1.0
-0.0002723335928749293	1.0
0.0	1.0
-0.0005526392487809062	0.0
-0.005207763984799385	0.0
-0.00033024439471773803	0.0
-6.688725306958077e-07	0.0
0.0	0.0
0.0	0.0
0.0	0.0
0.0	0.0
0.0	0.0
0.0	0.0
0.0	1.0
0.0	1.0
-7.461425255428367e-09	0.0
-0.005465193651616573	0.0
0.0	0.0
0.0	0.0
0.0	0.0
0.0	0.0
0.0	0.0
0.0	0.0
-4.2198518984681854e-11	0.0
0.0	0.0
0.0	0.0
0.0	0.0
0.0	0.0
-1.0379511139468889e-10	0.0
0.0	0.0
0.0	0.0
-0.0024035403039306402	0.0
0.0	0.0
0.0	0.0
0.0	0.0
-0.00021719449432566762	0.0
-4.5673948534386e-07	0.036
0.0	0.036
0.0	0.0
0.0	0.0
0.0	0.036
0.0	0.0
0.0	0.0
-8.970885392045602e-05	0.0
0.0	0.0
-0.0006048504146747291	0.0
-0.00026813309523276985	0.0
0.0	0.0
-1.3002154908292596e-09	0.0
0.0	0.0
0.0	0.0
-0.0005085360025987029	0.0
-8.290539312838519e-07	0.0
-2.4079824925138382e-06	0.0
0.0	0.0
-0.0010937206679955125	0.0
0.0	0.0
0.0	0.0
-0.0006765010766685009	0.0
0.0	0.0
-2.2407315555028617e-05	0.0
0.0	0.0
0.0	0.0
0.0	0.0
0.0	0.0
0.0	0.0
0.0	0.0
0.0	0.0
0.0	1.0
0.0	0.0
0.0	0.0
-0.0008065218571573496	1.0
0.0	1.0
-0.00803605280816555	0.0
0.0	0.0
0.0	0.0
0.0	1.0
0.0	0.0
-0.000294623983791098	0.0
-0.0019171914318576455	0.0
0.0	0.0
-4.859774708165787e-05	0.0
0.0	0.0
0.0	0.0
0.0	0.0
0.0	0.0
0.0	0.0
-0.002631746232509613	0.0
0.0	0.0
0.0	0.0
-9.162548107385926e-13	0.0
0.0	0.0
0.0	0.0
0.0	0.0
0.0	0.0
-0.0025872571859508753	0.0
-0.000972635461948812	0.0
0.0	0.0
-0.0001736832200549543	0.0
-0.00025744427694007754	0.0
0.0	0.0
-0.013653304427862167	0.0
-0.00782789010554552	0.0
-0.0010077200131490827	0.0
-0.00019782621529884636	0.0
-0.00022736501705367118	0.0
0.0	0.0
0.0	0.0
0.0	0.0
-3.974392158694745e-13	0.0
0.0	0.0
0.0	0.0
-4.516591332048847e-07	1.0
-1.2452710507204756e-07	0.0
0.0	0.0
-0.0029480112716555595	0.0
-0.026434751227498055	0.0
-3.8611775380559266e-05	0.0
-0.0036459299735724926	0.0
0.0	0.0
0.0	0.0
0.0	0.0
-0.0017623555613681674	0.0
0.0	0.0
-0.00017005389963742346	0.0
0.0	0.0
0.0	0.0
0.0	0.0
0.0	0.0
-0.00027264480013400316	0.0
0.0	0.0
0.0	0.0
0.0	0.0
0.0	0.0
0.0	0.0
-0.0011547919129952788	0.0
-4.379436396861891e-11	0.0
0.0	0.0
0.0	0.0
0.0	0.004
0.0	0.004
-0.0018626026576384902	0.0
0.0	1.0
-2.700983259273926e-06	0.0
-0.0009521670872345567	0.0
0.0	0.0
-0.011245421133935452	0.002
0.0	0.0
0.0	0.002
-0.0006126918597146869	0.0
0.0	0.0
-0.008243284188210964	0.0
-0.0013881810009479523	0.0
-5.279010292724706e-05	0.0
-4.554393854050431e-06	0.0
0.0	0.0
-2.6617120965966024e-05	0.0
0.0	0.0
0.0	0.0
-0.0014885170385241508	0.0
-0.008937237784266472	0.0
0.0	0.0
-4.565738436212996e-06	0.0
0.0	0.0
-1.6545709513593465e-07	0.0
-0.003864290891215205	0.0
-0.005251510068774223	0.0
0.0	0.0
0.0	0.0
0.0	0.0
0.0	0.0
-1.9062937326452811e-06	0.0
0.0	0.0
-6.594333399334573e-07	0.0
0.0	0.0
-0.0035987040027976036	0.0
0.0	0.0
-0.0032532913610339165	0.0
0.0	0.0
-0.0004912199219688773	0.0
-1.2293717190914322e-05	0.0
0.0	0.0
0.0	0.0
-7.278705993485346e-07	0.0
-0.0004051816649734974	0.0
0.0	0.0
0.0	0.0
0.0	0.0
0.0	0.0
-0.0013850171817466617	0.0
0.0	0.0
-1.5061139890804043e-08	0.0
0.0	0.0
0.0	0.0
-6.268713548251981e-08	0.0
-0.00029037578497081995	0.0
0.0	0.0
0.0	0.0
0.0	0.0
-0.009161008521914482	0.0
0.0	0.0
-6.486275765382743e-07	0.0
-0.0012631514109671116	0.0
-5.151101163392013e-07	0.0
0.0	0.0
0.0	0.0
-0.009189432486891747	0.0
0.0	0.0
0.0	0.0
-4.0122689824784175e-05	0.0
-0.00012440865975804627	0.0
0.0	0.0
0.0	0.0
-0.0003320111718494445	0.0
-0.0002353767049498856	0.0
0.0	0.0
0.0	0.0
0.0	0.0
0.0	0.0
-0.001048796926625073	0.0
0.0	0.0
-0.0028263863641768694	0.0
-9.29860490828105e-08	0.0
0.0	0.0
0.0	0.0
-0.013229582458734512	0.0
0.0	0.0
0.0	0.0
-1.0317414307792205e-05	0.0
-0.003989230375736952	0.0
-7.292747739029437e-08	0.0
0.0	0.0
-1.7675180060905404e-05	0.0
0.0	0.0
0.0	0.0
0.0	0.0
-0.00022575272305402905	0.0
0.0	0.0
0.0	0.0
-0.0012815322261303663	0.0
0.0	0.0
0.0	0.0
-0.0004809139354620129	0.0
-0.0010479852790012956	0.0
0.0	0.0
0.0	0.0
0.0	0.0
0.0	0.0
0.0	0.0
-0.000485147611470893	0.0
-1.9722482136330655e-07	0.0
0.0	0.0
-0.0026696636341512203	0.0
0.0	0.0
-6.632912118220702e-05	0.0
0.0	0.0
0.0	0.0
0.0	0.0
-8.22307265480049e-05	0.0
-0.004724862985312939	0.0
0.0	0.0
-0.0006691397284157574	0.0
0.0	0.0
0.0	0.0
0.0	0.0
-0.05418252572417259	0.0
-0.004216246772557497	0.0
0.0	0.0
0.0	0.0
0.0	0.0
0.0	0.0
-0.0093333525583148	0.0
0.0	0.0
0.0	0.0
-5.2037917157576885e-06	0.0
0.0	0.0
0.0	0.0
0.0	1.0
0.0	0.0
0.0	1.0
0.0	1.0
0.0	0.0
0.0	0.0
0.0	1.0
0.0	0.0
0.0	0.0
0.0	0.0
-3.6052099972039287e-07	0.0
-1.3728425063419536e-09	0.0
0.0	0.0
0.0	0.0
-1.370910740661202e-05	0.0
0.0	0.0
0.0	0.0
-0.0014982946449890733	0.0
-1.4175106116454117e-05	0.0
-0.00032718825968913734	0.0
-0.0009381699492223561	0.0
-0.00047623240971006453	0.0
-8.797329975607227e-09	0.0
0.0	0.0
-0.0008642937173135579	0.0
0.0	0.0
-5.008864900446497e-05	0.0
-0.009780025109648705	0.0
-7.386417564703152e-05	0.0
-0.002248801989480853	0.0
-5.032861605767935e-13	0.0
-0.0001734760298859328	0.0
0.0	0.0
-0.0001650225167395547	0.0
-0.0006498656584881246	0.0
-4.459314823179739e-06	0.0
-0.0006379925762303174	0.0
-7.530305268232951e-10	0.0
0.0	0.0
-0.0009220497449859977	0.0
-1.768133915902581e-05	0.0
-0.0009535657009109855	0.0
-0.003409505356103182	0.0
-1.8796068616211414e-05	0.0
0.0	0.0
0.0	0.0
0.0	0.0
0.0	0.0
-2.4944945664628904e-08	0.0
0.0	0.0
-0.004279372747987509	0.0
-4.617248450244915e-08	0.0
0.0	0.0
0.0	0.0
0.0	0.0
0.0	0.0
0.0	0.0
-0.0015786906005814672	0.0
-0.00038058037171140313	0.0
-1.0486146493349224e-06	0.0
-0.00014605812611989677	0.0
0.0	0.0
0.0	0.0
0.0	0.0
0.0	1.0
0.0	0.0
0.0	0.0
-0.0031584566459059715	0.0
-6.185441492334576e-08	0.0
-0.0031437037978321314	0.0
0.0	0.0
0.0	0.0
-6.598748586839065e-05	0.0
0.0	0.0
-2.0502288862189744e-06	0.0
-0.003267156658694148	0.0
0.0	0.0
0.0	0.0
-0.0030125281773507595	0.0
0.0	0.0
-1.0435074727865867e-05	0.0
-3.595861455818472e-11	0.0
-0.0024896797258406878	0.0
0.0	0.0
0.0	0.0
0.0	0.0
-2.109558590746019e-05	0.0
0.0	0.0
0.0	0.0
0.0	0.0
0.0	0.0
0.0	0.0
-0.023714451119303703	0.0
-2.5481676768634998e-09	0.0
-0.005161449313163757	0.0
0.0	0.0
0.0	1.0
0.0	0.0
-0.0007417569868266582	0.0
-0.00434655649587512	0.0
-8.999330020742491e-05	0.0
0.0	0.0
0.0	0.0
0.0	0.0
-3.634727545431815e-05	0.0
-0.00020167834009043872	0.0
0.0	0.0
0.0	0.0
0.0	0.0
-1.1963163615291705e-07	0.0
0.0	0.0
-0.0009764358983375132	0.0
0.0	0.0
-8.186091872630641e-05	0.0
-0.0030998706351965666	0.0
0.0	0.0
0.0	0.0
0.0	0.0
0.0	0.0
-0.0008182704332284629	0.0
0.0	0.0
0.0	0.0
0.0	0.0
0.0	0.0
0.0	0.0
-0.0003953770501539111	0.0
-0.00016436295118182898	0.0
-0.0016301734140142798	0.0
0.0	0.0
-7.236748160721618e-07	0.0
0.0	0.0
-1.6485272453792277e-06	0.0
-0.0029319985769689083	0.0
-0.0007319304277189076	0.0
-3.627278886142449e-07	0.0
-0.0004053303855471313	0.0
0.0	0.0
0.0	0.0
0.0	0.0
0.0	0.0
-3.0470882848021574e-05	0.0
0.0	0.0
0.0	0.0
-0.002555543789640069	0.0
0.0	0.0
0.0	0.0
0.0	0.0
0.0	0.0
0.0	0.0
0.0	0.0
0.0	0.0
0.0	0.0
0.0	0.0
-3.692546670208685e-05	0.0
-0.01403813250362873	0.0
0.0	0.0
0.0	0.0
0.0	0.0
-1.2420375696819974e-06	0.0
0.0	0.0
-0.028734494000673294	0.0
-0.00047210470074787736	0.0
0.0	0.0
-3.4181972296210006e-05	0.0
-0.00044405876542441547	0.0
0.0	0.0
0.0	0.0
-2.408400541753508e-05	1.0
-0.0010930936550721526	0.0
-8.648032235214487e-05	0.0
0.0	0.0
0.0	0.0
0.0	0.0
0.0	1.0
-0.00030979415168985724	0.0
-2.7878113542101346e-05	0.0
-0.005601036362349987	0.0
-0.0004451965796761215	0.0
0.0	0.0
0.0	0.0
-3.332189407956321e-06	0.0
0.0	0.0
-6.86689247686445e-07	0.0
0.0	0.0
0.0	0.0
0.0	0.0
0.0	0.0
0.0	0.0
0.0	0.0
0.0	0.0
-1.2902896528999008e-08	0.0
0.0	0.0
0.0	0.0
0.0	0.0
-0.006205401849001646	0.0
