0.0	0.0
0.0	0.0
-1.8820783225237392e-05	0.0
-2.5387029381818138e-05	0.0
0.0	0.0
-8.942513522924855e-05	0.0
-3.839962664642371e-05	0.0
0.0	0.0
0.0	0.0
0.0	0.0
-2.380030217352669e-08	1.0
0.0	0.0
0.0	0.0
0.0	0.0
0.0	0.0
-5.91915058634207e-12	0.0
-0.0004082761879544705	0.0
0.0	0.0
-0.00026610094937495887	0.0
0.0	0.0
0.0	0.0
0.0	0.0
0.0	0.0
0.0	0.0
-1.3051233704874932e-10	0.0
0.0	0.0
0.0	0.0
0.0	0.0
-0.00012308239820413291	0.0
-5.736600360251032e-05	0.0
-7.76504749389062e-10	0.0
0.0	0.0
-9.712574211562242e-08	0.0
0.0	0.0
0.0	0.0
0.0	0.0
0.0	0.0
0.0	0.0
0.0	0.0
-5.9373533645157295e-08	0.0
0.0	0.0
0.0	0.0
-0.003415356855839491	0.0
0.0	0.0
-0.0002092639624606818	0.0
0.0	0.0
-0.0015026107430458069	0.0
0.0	0.0
-3.7844506550754886e-06	0.0
0.0	0.0
-3.7344063457567245e-05	0.0
0.0	1.0
-7.594887574668974e-05	0.0
0.0	0.0
0.0	0.0
0.0	1.0
-1.2074367547465492e-11	0.0
-4.526342763711e-06	0.0
-0.00014321631169877946	0.0
0.0	0.0
-0.0006232313462533057	0.0
0.0	0.0
0.0	0.0
0.0	0.0
0.0	0.0
0.0	0.0
0.0	0.0
-0.0021540161687880754	0.0
0.0	0.0
0.0	0.0
0.0	0.001
0.0	0.0
0.0	0.001
-0.0008092056377790868	0.001
0.0	0.0
-1.8964390619657934e-05	0.0
-0.0027293323073536158	0.0
-0.00014964787987992167	0.0
-0.00012341981346253306	0.0
0.0	0.0
-1.2237340740739455e-07	0.0
-0.00018070043006446213	0.0
0.0	0.0
0.0	0.0
-5.40124283077148e-08	0.0
0.0	0.0
0.0	0.0
-0.0015195911983028054	0.0
-0.0034763882867991924	0.0
0.0	0.0
-0.002072664676234126	0.0
0.0	0.0
0.0	0.0
0.0	0.0
-0.008368177339434624	0.0
0.0	0.0
-0.0008453702903352678	0.0
-0.0031572848092764616	0.0
0.0	0.0
0.0	0.0
0.0	0.0
0.0	0.0
-1.2988523394596996e-06	0.0
0.0	0.0
0.0	0.0
0.0	0.0
-8.921766103675566e-12	0.0
0.0	0.0
-1.597313947776513e-09	0.0
0.0	0.0
0.0	0.0
0.0	0.0
-0.0013137884670868516	0.0
-0.00031407506321556866	0.0
-7.791732059558854e-05	0.0
-0.0006104690837673843	0.0
-0.016556672751903534	0.0
-5.153738129592966e-07	0.0
-0.002236026804894209	0.0
-0.005486133508384228	0.0
0.0	0.0
0.0	0.0
0.0	0.0
-6.530307814500702e-07	0.0
0.0	0.0
-0.009641334414482117	0.0
0.0	0.0
0.0	0.0
0.0	0.0
-6.011117648085929e-07	0.0
-0.003995763603597879	0.0
0.0	0.0
-5.1482184062479064e-05	0.0
0.0	0.0
0.0	0.0
0.0	0.0
0.0	0.0
-2.6081492521257132e-09	0.0
0.0	0.0
0.0	0.0
-3.260190396758844e-06	0.0
-0.008799237199127674	0.0
-6.09178749111372e-11	0.0
-0.0016978002386167645	0.0
0.0	0.0
0.0	0.0
0.0	0.0
0.0	0.0
0.0	0.0
0.0	0.0
0.0	0.0
0.0	0.0
0.0	1.0
0.0	0.0
-5.4279011237667874e-05	0.0
0.0	0.0
-6.8783418960549625e-09	0.0
0.0	0.0
-0.0011252944823354483	0.0
-0.0003276799398008734	0.0
0.0	0.0
0.0	0.0
0.0	0.0
-7.441108027705923e-05	0.0
0.0	0.0
0.0	0.0
0.0	0.0
0.0	0.0
-0.0046353694051504135	0.0
0.0	0.0
0.0	0.0
0.0	0.0
-0.00023219958529807627	0.0
-0.00692725507542491	0.0
0.0	0.0
-0.009590472094714642	0.0
0.0	0.0
0.0	0.0
0.0	0.0
-6.642536391154863e-06	0.0
0.0	0.0
-0.004022589884698391	0.0
-0.015575631521642208	0.0
0.0	0.0
0.0	0.0
0.0	0.0
-0.00018560611351858824	0.0
-0.00044781764154322445	0.0
0.0	0.0
0.0	0.0
-2.865429996745661e-05	0.0
-0.0010853206040337682	0.0
0.0	0.0
-0.00022208775044418871	0.0
-0.00028327724430710077	0.0
0.0	0.0
-2.3979911929927766e-05	0.0
0.0	0.0
0.0	0.0
0.0	0.0
0.0	0.0
0.0	0.0
-0.0010670401388779283	0.0
-0.0018224003724753857	0.0
-0.0005680409958586097	0.0
-0.0012274638283997774	0.0
-0.0005317364702932537	0.005
-2.207066245318856e-05	0.005
0.0	0.005
0.0	0.0
0.0	0.0
-1.9454096218396444e-06	0.0
-6.428931374102831e-05	0.0
0.0	0.0
0.0	0.0
0.0	0.0
-4.76521599956925e-12	0.0
0.0	0.0
0.0	0.0
0.0	0.0
0.0	0.0
0.0	0.0
-4.179258894509985e-08	0.0
0.0	0.0
0.0	0.0
-0.00040118381730280817	0.0
-3.4046286600641906e-05	0.0
0.0	0.0
-4.634318611351773e-05	0.0
-2.417489668005146e-05	0.0
-9.890604997053742e-05	0.0
0.0	0.0
0.0	0.0
0.0	0.0
0.0	0.0
0.0	0.0
-3.9391386962961406e-05	0.0
0.0	0.0
-0.0010698408586904407	0.0
-6.224923708941787e-05	0.0
0.0	0.0
-2.8692886189674027e-05	0.0
0.0	0.0
-5.336254957910569e-07	0.0
0.0	0.0
0.0	0.0
0.0	0.0
0.0	0.0
0.0	0.0
-1.534852117401897e-06	0.0
-0.0010259158443659544	0.0
0.0	0.0
-1.0167198682147546e-17	0.0
-1.0666204616427422e-05	0.0
-0.0003407987533137202	0.0
-4.7225154276020476e-07	0.0
0.0	0.0
0.0	0.0
0.0	0.0
0.0	0.0
0.0	0.0
-1.0712472686691399e-07	0.0
0.0	0.0
-0.005821052473038435	0.0
-0.001201177597977221	0.0
0.0	0.0
0.0	1.0
-0.00010582012328086421	0.0
0.0	1.0
0.0	0.0
-0.0012284674448892474	0.0
0.0	0.0
-0.00387600832618773	0.0
-0.0007133323815651238	1.0
0.0	0.0
-0.002895842306315899	0.0
-0.001028100959956646	0.0
-9.592554306436796e-07	0.0
0.0	0.0
0.0	0.0
-0.007906842045485973	0.0
-0.0004525458498392254	0.0
-0.0004364679043646902	0.0
-0.000794579740613699	0.0
0.0	0.0
0.0	0.0
0.0	0.0
-2.3011136107697894e-08	0.0
-4.540201643976616e-06	0.0
-2.5897901444887905e-12	0.0
0.0	0.0
0.0	0.02108433734939759
-0.012427489273250103	0.0
0.0	0.021
0.0	0.0
0.0	0.021
-0.008120511658489704	0.021
0.0	0.0
-0.011010604910552502	0.0
0.0	0.0
0.0	0.0
0.0	0.0
0.0	0.0
0.0	0.0
0.0	0.0
0.0	0.0
0.0	0.0
-0.00044046188122592866	0.0
-0.0004128239816054702	0.0
-2.2513155272463337e-05	0.0
0.0	0.0
0.0	0.0
0.0	0.0
0.0	0.0
0.0	0.0
-0.021777769550681114	0.0
-1.7841996395873139e-06	0.0
0.0	0.0
-0.0012579085305333138	0.0
-2.0427494007435598e-07	1.0
0.0	0.0
0.0	0.0
-0.0006847511976957321	0.0
-9.831601543086252e-14	0.0
-0.003140123561024666	0.0
0.0	0.0
0.0	0.0
0.0	0.0
-0.009324254468083382	0.0
-0.00013127789134159684	0.0
0.0	0.0
0.0	0.0
-0.0005944660515524447	0.0
-9.51448364538976e-11	0.0
0.0	0.0
-0.011835004203021526	0.0
0.0	0.0
-0.015114136971533298	0.0
-0.010899404995143414	0.0
-0.014306122437119484	0.0
-4.535033804131672e-05	0.0
-0.001872448599897325	0.0
-2.579506226674244e-11	0.0
0.0	0.0
0.0	0.0
0.0	0.0
-0.0007161604589782655	0.0
0.0	0.0
0.0	0.0
0.0	0.0
0.0	0.0
0.0	0.0
-0.005813594441860914	0.0
-7.329056916915988e-09	0.0
-0.001217347220517695	0.0
0.0	0.0
-4.136577626923099e-05	0.0
-3.218421170458896e-06	0.0
0.0	0.0
0.0	0.0
-0.0021391669288277626	0.0
0.0	0.0
0.0	0.0
-0.000631095259450376	0.0
0.0	0.0
0.0	0.0
-0.00013656385999638587	0.0
-0.0023377942852675915	0.0
-0.0006070780218578875	0.0
-0.000641709950286895	0.0
0.0	0.0
0.0	0.0
0.0	0.0
-0.00037321116542443633	0.0
0.0	0.0
-0.004412022884935141	0.0
-2.5659526727395132e-05	0.0
0.0	0.0
0.0	0.0
0.0	0.0
0.0	0.0
0.0	0.0
-0.0008975805249065161	0.0
-3.343306161696091e-05	0.0
0.0	0.0
0.0	0.0
0.0	0.0
0.0	0.0
0.0	0.0
-6.95640264893882e-05	0.0
-0.00011694231943693012	0.0
0.0	0.0
-5.260840651999388e-10	0.0
0.0	0.0
0.0	0.0
0.0	0.0
-0.002295664744451642	0.0
0.0	0.0
0.0	0.0
0.0	1.0
0.0	0.0
0.0	0.0
-0.00041517181671224535	0.0
0.0	0.0
0.0	0.0
-0.0031797653064131737	0.0
-0.002394201001152396	0.0
0.0	0.0
-0.00020057459187228233	0.0
-0.007064760662615299	0.0
0.0	0.0
0.0	0.0
0.0	0.0
0.0	0.0
-0.00034104054793715477	0.0
-0.0016665629809722304	0.0
-1.7085261205807e-08	0.0
0.0	0.0
0.0	0.0
-7.313569749811677e-09	0.0
0.0	0.0
0.0	0.0
-9.802577551454306e-06	0.0
0.0	0.0
-6.9085188958428745e-12	0.0
0.0	0.0
0.0	0.0
0.0	0.0
0.0	0.0
-0.00028866928187198937	0.0
0.0	0.0
-0.0022292512003332376	0.0
-0.0014436579076573253	0.0
-0.002162965014576912	0.0
-8.007213182281703e-05	0.0
0.0	0.0
-0.0004134484624955803	0.0
0.0	0.0
-1.3821043012285372e-06	0.0
-5.6979581131599844e-05	0.0
0.0	0.0
-3.2966636354103684e-06	0.0
0.0	0.0
0.0	0.0
-0.0019138603238388896	0.0
-4.496848404755838e-08	0.0
0.0	0.0
0.0	0.0
0.0	0.0
0.0	0.0
0.0	0.0
0.0	0.0
0.0	0.0
0.0	0.0
0.0	0.0
-0.0005408906145021319	0.0
0.0	0.0
0.0	0.0
0.0	0.0
-0.00047923275269567966	0.0
0.0	0.0
0.0	0.0
0.0	0.0
0.0	0.0
0.0	0.0
0.0	0.0
0.0	0.0
0.0	0.0
-9.280000085709617e-06	0.0
-0.0038321211468428373	0.0
-0.0015981266042217612	0.0
-6.282869691176529e-08	0.0
0.0	0.0
0.0	0.0
0.0	0.0
-3.758546881726943e-06	0.0
-0.0027263148222118616	0.0
0.0	0.0
-2.1722758702935607e-08	0.0
-0.0013690775958821177	0.0
0.0	0.0
-0.02311519719660282	0.0
0.0	0.0
0.0	0.0
0.0	0.0
-0.0002620923623908311	0.0
0.0	1.0
-5.29833159816917e-05	1.0
-2.2088147488830145e-07	1.0
0.0	0.0
0.0	0.0
0.0	1.0
0.0	0.0
-0.00016693839279469103	0.0
0.0	0.0
0.0	0.0
0.0	0.0
-1.2430368769855704e-06	0.0
-0.0007006068481132388	0.0
0.0	0.0
0.0	0.0
0.0	0.0
-0.007101917173713446	0.0
-3.465070767560974e-05	0.0
-0.00380895659327507	0.0
-0.00031437617144547403	0.0
0.0	1.0
-0.00035621822462417185	0.0
0.0	0.0
-1.625149707251694e-06	0.0
0.0	0.0
-7.774423465889413e-06	0.0
-3.177827238687314e-06	0.0
0.0	0.0
0.0	0.0
0.0	0.0
0.0	0.0
-1.1582427760004066e-05	0.0
0.0	0.0
-4.074491698702332e-06	0.001
-0.0005716162268072367	0.0
-1.5754179211180386e-11	0.0
0.0	0.001
0.0	0.0
0.0	0.0
0.0	0.0
0.0	0.0
0.0	0.0
0.0	0.0
-0.0008140691788867116	0.0
-7.292761949884152e-09	0.0
-2.987420157296583e-05	0.0
0.0	0.0
-0.002646835520863533	0.0
-0.0001500230428064242	0.0
-0.00015334502677433193	0.0
0.0	0.0
0.0	0.0
0.0	0.0
0.0	0.0
0.0	0.0
-9.713427425595e-05	0.0
-1.094129493139917e-05	0.0
0.0	0.0
0.0	0.0
0.0	0.0
0.0	0.0
0.0	0.0
0.0	0.0
-7.235085377033101e-06	0.0
0.0	0.0
0.0	0.0
0.0	0.0
-0.00023555659572593868	0.0
0.0	0.0
0.0	0.0
0.0	0.0
0.0	0.0
-0.0024997794535011053	0.0
0.0	0.0
0.0	0.0
-0.0025489924009889364	0.0
0.0	0.0
-0.0035648501943796873	0.0
0.0	0.0
0.0	0.0
0.0	0.0
0.0	0.0
0.0	0.0
-0.0016581538366153836	0.0
-0.04139062389731407	0.0
0.0	0.0
0.0	0.0
-0.00020377848704811186	0.0
0.0	0.0
0.0	0.0
-0.0020644592586904764	0.0
0.0	0.0
-0.0033151234965771437	0.0
-0.0008573036175221205	0.0
0.0	0.0
0.0	0.0
0.0	0.0
0.0	0.0
0.0	0.0
0.0	0.0
0.0	0.0
0.0	0.0
0.0	0.0
-0.00017912314797285944	0.0
0.0	0.0
0.0	0.0
-0.0018082051537930965	0.0
0.0	0.0
0.0	0.0
0.0	0.0
-0.0005645357887260616	0.0
-1.1071425026765169e-10	0.0
-0.0008344053640030324	0.0
-0.00015951287059579045	0.0
0.0	0.0
-7.61066530685639e-06	0.0
-1.0479718071110256e-07	0.0
0.0	0.0
0.0	0.0
-0.0054937005043029785	0.0
-4.0140525925380643e-07	0.0
-0.0008309581899084151	0.0
0.0	0.0
0.0	0.0
0.0	0.0
0.0	0.0
-0.00038197607500478625	0.0
-5.231570980868128e-07	0.0
-0.0039023084100335836	0.0
-1.9414018867991087e-14	0.0
0.0	0.0
-2.4904545625759056e-07	0.0
-0.0015602976782247424	0.0
0.0	1.0
0.0	0.0
-4.6591399183171234e-08	1.0
0.0	0.0
-1.1122071555291768e-05	1.0
0.0	0.0
-0.0004033605509903282	0.0
-0.006220958661288023	0.0
0.0	0.0
-0.0004561512905638665	0.0
0.0	0.0
-0.002584666246548295	0.0
0.0	1.0
-0.00015357110532931983	0.0
0.0	0.0
-0.0003551057889126241	0.0
-4.506181205954363e-09	0.0
-0.0025011866819113493	0.0
0.0	0.0
-4.023773101380357e-07	0.0
0.0	0.0
0.0	0.0
-4.296727638575248e-06	0.0
-0.0026721784379333258	0.0
-0.0008809221908450127	0.0
-4.487432647692913e-08	0.0
0.0	1.0
0.0	1.0
0.0	0.0
0.0	0.0
-0.0006984530482441187	0.0
0.0	0.0
0.0	0.0
0.0	0.01
0.0	0.01
0.0	0.0
-3.961846317679374e-08	0.0
0.0	0.0
-0.00047204282600432634	0.625
0.0	0.0
0.0	0.0
-7.453710168192629e-06	0.0
-8.460978051516577e-08	0.0
0.0	0.0
0.0	0.0
0.0	0.0
0.0	0.0
-0.00012249479186721146	0.0
-7.198521956297554e-08	0.0
-7.377011206699535e-05	0.0
0.0	0.0
-5.910868594583008e-07	0.0
-3.5470700368023245e-06	0.0
-0.00021716841729357839	0.0
0.0	0.0
-9.201662760460749e-05	0.0
0.0	0.0
0.0	0.0
-0.0020745585206896067	0.0
0.0	0.0
0.0	0.0
0.0	0.0
-0.03870406374335289	0.0
0.0	0.0
0.0	0.0
0.0	0.0
0.0	0.0
-0.005284990184009075	0.0
-0.005683669820427895	0.0
-0.0001523435057606548	0.0
-2.2550448193214834e-05	0.0
0.0	0.0
-0.00024380258400924504	0.0
-9.616007446311414e-06	0.0
0.0	0.0
0.0	0.0
0.0	0.0
-2.7070386821037573e-08	0.0
0.0	0.0
0.0	0.0
0.0	0.0
-4.237444045429584e-06	0.0
0.0	0.0
0.0	0.0
0.0	0.0
0.0	0.0
-7.737674422969576e-06	0.0
0.0	0.0
-1.940071854278358e-07	0.0
-0.001266351668164134	0.0
-1.7123167708632536e-05	0.0
0.0	0.0
0.0	0.0
0.0	0.0
0.0	0.0
0.0	0.01
-0.02842102386057377	0.0
0.0	0.0
-0.00010722666775109246	0.017452006980802792
-1.3869791928300401e-06	0.01
0.0	0.01
0.0	0.0
-0.006593316327780485	0.0
0.0	0.0
0.0	0.0
-3.1197185307973996e-05	0.01
0.0	0.0
-5.920227415939783e-13	0.0
0.0	0.01
0.0	0.0
-4.214084370346427e-08	0.0
0.0	0.01
0.0	0.0
-0.002991359680891037	0.30303030303030304
-0.03709752485156059	0.0
0.0	0.0
-0.02522583119571209	0.0
0.0	0.0
-0.0007919060881249607	0.0
-5.380983907343762e-07	0.0
0.0	0.0
-2.0463655214797427e-09	0.0
0.0	0.0
-1.7683804571788642e-06	0.0
0.0	0.0
0.0	0.0
-0.001348326914012432	0.0
-2.6631369109964e-07	0.0
0.0	0.0
0.0	0.002
-5.6215688354344096e-11	0.002
-0.010873750783503056	0.0
0.0	0.0
0.0	0.0
-1.163364089507013e-07	0.0
-0.00022161961533129215	0.0
-0.0019018801394850016	0.0
0.0	0.0
0.0	0.0
0.0	0.0
0.0	0.0
0.0	0.0
-0.01015033945441246	0.0
-0.045057255774736404	0.0
0.0	1.0
-0.006872784812003374	0.0
0.0	0.0
0.0	0.0
0.0	0.0
-8.558220104815106e-12	0.0
-0.0007483180379495025	0.0
-4.8949008487397805e-05	0.0
-0.009857410565018654	0.0
0.0	0.0
0.0	0.0
0.0	1.0
-0.006754330359399319	0.0
-0.0013865374494343996	0.0
-0.0003872581582982093	1.0
-6.107110834818741e-07	0.0
0.0	0.0
0.0	0.0
0.0	0.0
0.0	0.0
-1.0220520610393358e-11	0.0
-0.0010861871996894479	0.0
0.0	0.0
-0.0009886105544865131	0.0
-1.1554188716900171e-07	0.0
0.0	0.0
0.0	0.0
0.0	0.0
0.0	0.0
-0.00015314269694499671	0.0
0.0	0.0
-0.0012864734744653106	0.0
0.0	0.0
0.0	0.0
0.0	0.0
0.0	0.0
0.0	0.0
0.0	0.0
-0.0018532375106588006	0.0
0.0	0.0
0.0	0.0
0.0	0.0
0.0	1.0
0.0	0.0
-1.028448536999349e-06	0.0
0.0	0.0
0.0	0.0
0.0	0.0
-0.0002886363072320819	1.0
0.0	0.0
0.0	0.0
0.0	1.0
-0.0002198907604906708	1.0
-0.00020226255583111197	0.0
0.0	0.0
-0.0004216097295284271	0.0
0.0	0.0
0.0	0.0
-3.711830512008116e-14	0.0
-4.951280425302684e-05	0.0
0.0	0.0
-0.000706686289049685	0.0
-0.0005673727137036622	0.0
-0.0010639871470630169	0.0
0.0	0.0
0.0	0.0
0.0	0.0
-7.581731188111007e-05	0.0
-5.1127026381436735e-05	0.0
-0.0028949619736522436	0.0
0.0	0.0
0.0	0.0
0.0	0.0
-0.002384608844295144	0.0
0.0	0.0
-2.1974097762722522e-05	0.0
0.0	0.0
0.0	0.0
-0.0012595481239259243	0.0
-6.008182396044504e-08	0.0
0.0	1.0
0.0	0.084
0.0	0.0
0.0	0.0
0.0	0.0
0.0	0.0
-2.4343318727915175e-05	0.0
-0.00024992018006742	0.0
0.0	0.0
-1.92132256415789e-06	0.0
-3.0687112939631334e-07	0.0
0.0	0.0
0.0	0.0
0.0	0.0
0.0	0.0
0.0	0.0
-4.8057549975055736e-06	0.0
0.0	0.0
0.0	0.0
-6.285683048190549e-05	0.0
0.0	0.0
0.0	0.0
-2.5863078008114826e-06	0.0
0.0	0.0
-3.144705988233909e-05	0.0
0.0	0.0
0.0	0.0
0.0	0.0
-6.57388154650107e-05	0.0
0.0	0.0
-4.616932073986391e-06	0.0
0.0	0.0
-8.183949830709025e-06	0.0
0.0	0.0
0.0	0.0
0.0	0.0
0.0	0.0
-0.00014801188081037253	0.0
-0.00026689853984862566	0.0
-0.0005828884313814342	0.0
0.0	0.0
