0.0	0.0
0.0	0.0
-0.0012774632778018713	0.0
-0.0008960876148194075	0.0
-0.0024157173465937376	0.0
-1.451480216019263e-06	0.0
0.0	0.0
0.0	1.0
0.0	0.0
0.0	0.0
0.0	0.0
0.0	0.0
0.0	0.0
0.0	0.0
0.0	0.0
0.0	0.0
0.0	0.0
0.0	0.0
-2.1069101421744563e-05	0.0
0.0	0.0
-0.006026627961546183	0.0
-3.239711277025492e-11	0.0
0.0	0.0
0.0	0.0
-0.019529709592461586	0.0
-3.282623595168843e-08	0.0
0.0	0.0
0.0	0.0
-5.001844692742452e-05	1.0
0.0	0.0
-0.01341940090060234	0.0
0.0	1.0
0.0	0.0
-0.016818974167108536	0.0
0.0	0.0
0.0	0.0
-3.943736430755962e-07	0.0
0.0	0.0
0.0	0.0
0.0	0.0
-6.729085555434722e-08	0.0
0.0	0.0
0.0	0.0
0.0	0.0
-5.733445505029522e-06	0.0
-0.0005670664831995964	0.0
0.0	0.0
0.0	0.0
0.0	1.0
0.0	1.0
-0.000474067433970049	0.0
0.0	0.0
-2.8771993468290624e-12	0.0
0.0	0.0
-2.2095402528066188e-05	0.0
-4.670803264161805e-06	1.0
-0.011699137277901173	0.0
-5.284630606183782e-05	1.0
0.0	0.0
0.0	1.0
-5.8996814544798326e-08	1.0
-0.0689787045121193	0.0
-0.0014933673664927483	0.0
0.0	0.0
-0.002098807832226157	0.0
-1.7266057739107055e-07	0.0
-0.002097196178510785	0.0
0.0	0.0
-2.374684754613554e-06	0.0
0.0	0.0
0.0	0.0
-0.0005663529154844582	0.0
0.0	0.0
0.0	0.0
-0.00019321580475661904	0.0
0.0	0.0
-0.0007790775271132588	0.0
0.0	0.0
-0.0033394217025488615	0.0
-5.207191497902386e-05	0.0
-5.730877091991715e-06	0.0
0.0	0.0
0.0	0.0
0.0	0.0
-5.931587452323583e-07	0.0
0.0	0.0
0.0	0.0
-0.03448442742228508	0.0
0.0	0.0
-0.0004968416760675609	0.0
-0.0001701467263046652	0.0
0.0	0.0
0.0	0.0
-3.542707781889476e-05	0.0
0.0	0.0
0.0	0.0
-0.00019612032338045537	0.0
-0.008815053850412369	0.0
0.0	0.0
0.0	0.0
-5.352799780666828e-05	0.0
0.0	0.0
0.0	0.0
0.0	0.0
-0.003942976705729961	0.0
-4.298709245631471e-05	0.0
-5.355597042233651e-12	0.0
-0.0002666165819391608	0.0
0.0	0.0
-0.0002700265613384545	0.0
0.0	0.0
0.0	0.0
0.0	0.0
0.0	0.0
-1.8634355001267977e-05	0.0
0.0	0.0
0.0	0.0
0.0	0.0
0.0	0.0
-0.0003017267445102334	0.0
0.0	1.0
0.0	0.0
0.0	0.0
-3.932834806619212e-05	0.0
-0.0004632513446267694	0.0
0.0	0.0
-0.00048810732550919056	1.0
-0.0004884736845269799	0.0
0.0	1.0
0.0	0.0
-0.0011290835682302713	0.0
0.0	1.0
0.0	0.0
0.0	0.0
-0.009257497265934944	0.0
0.0	1.0
-0.0016641424736008048	0.0
0.0	0.0
0.0	0.0
-1.5519397322805162e-07	0.0
-0.00016930369019974023	0.0
-0.007575690280646086	0.0
-0.002722192322835326	0.0
0.0	0.0
0.0	0.0
-0.001627303659915924	0.0
-0.004066161345690489	0.0
-0.0003643054806161672	0.0
0.0	0.0
-3.846146228170255e-06	0.0
-0.00014522614947054535	0.0
-6.35579926893115e-05	0.0
0.0	0.0
-9.210463758790866e-06	0.0
-0.06821253895759583	0.0
-3.919059849977202e-07	0.004
0.0	0.0
-0.001996992388740182	0.0
-2.22942997396558e-08	0.0
-0.0011809568386524916	0.004
0.0	0.0
0.0	0.0
-0.009931331500411034	0.0
0.0	0.0
0.0	1.0
0.0	0.0
0.0	0.0
0.0	0.0
-5.488272449838405e-07	0.0
0.0	0.0
0.0	0.0
-3.2093881600303575e-05	1.0
0.0	0.0
-0.002532056998461485	0.0
0.0	0.0
0.0	0.0
0.0	0.0
0.0	1.0
0.0	0.0
0.0	0.0
0.0	1.0
0.0	0.0
0.0	0.0
0.0	0.0
0.0	0.0
-0.0043676868081092834	0.0
0.0	0.0
-1.1785215292547946e-06	0.0
-0.0021270159631967545	0.0
0.0	0.0
0.0	0.0
0.0	0.0
0.0	1.0
-0.008075332269072533	0.0
0.0	0.0
0.0	0.0
-0.00393263902515173	0.0
-0.00016066346142906696	0.0
-0.0006453526439145207	0.0
-4.865383096408493e-10	0.0
0.0	0.0
-1.3914130958525561e-09	0.0
-0.0034577595070004463	0.0
0.0	0.0
0.0	0.0
0.0	0.0
0.0	0.0
0.0	0.0
-4.088559490966759e-10	0.0
0.0	0.0
0.0	0.0
-6.2172775869839825e-06	0.0
0.0	0.0
0.0	0.0
-0.0001648060861043632	0.0
0.0	0.0
0.0	0.0
-0.0011692886473610997	0.0
-0.0002960885758511722	1.0
0.0	1.0
0.0	0.0
-0.001433711964637041	0.0
-1.1185510402356158e-06	0.0
0.0	0.0
0.0	0.0
-5.928183236392215e-05	0.0
0.0	0.0
-0.0007522795349359512	0.0
0.0	0.0
0.0	0.0
-0.0002856556966435164	0.0
0.0	0.0
0.0	0.0
0.0	0.0
-0.0006703173858113587	0.0
-2.251419755339157e-05	0.0
-1.795785101421643e-05	0.0
-0.00011122926662210375	0.0
-3.4778026812565255e-12	0.0
0.0	0.0
-1.0768480507294953e-07	0.0
0.0	0.0
0.0	0.0
-0.04866105318069458	0.0
0.0	0.0
0.0	0.0
0.0	0.0
-0.004208778031170368	0.0
-2.460389441694133e-05	0.0
0.0	0.0
-6.479791045421734e-05	0.0
0.0	0.0
0.0	0.0
0.0	0.0
-0.002115078503265977	0.0
0.0	0.0
0.0	0.0
-2.69078640258158e-07	0.0
0.0	0.0
0.0	0.0
0.0	0.0
0.0	1.0
0.0	1.0
0.0	0.0
-5.194813638809137e-05	0.0
0.0	0.0
0.0	0.001
0.0	0.0
0.0	0.001
0.0	0.001
-2.258800368970526e-10	0.0
-0.00013238027167972177	0.001
0.0	0.0
-0.00040238775545731187	0.0
-0.00022041818010620773	0.001
0.0	0.0
-0.00017022615065798163	0.0
0.0	0.0
-0.01302557997405529	0.0
0.0	0.0
0.0	0.0
0.0	0.0
-1.178435793391941e-09	0.0
-6.67892265937553e-08	0.0
0.0	0.0
-1.94568627875924e-07	0.0
0.0	0.0
0.0	0.0
0.0	0.0
-3.950129112695322e-08	0.0
-8.97833047019958e-07	0.0
0.0	0.0
-9.915829934925569e-09	0.0
0.0	0.0
-0.00018098877626471221	0.003
0.0	0.0
0.0	0.003
-0.007977603934705257	0.0
0.0	0.0
-0.00047401091433130205	0.0
-0.0009215410682372749	0.0
0.0	0.0
0.0	0.0
-0.0004495814791880548	0.0
-0.007178049068897963	0.0
0.0	0.0
0.0	0.0
0.0	0.0
0.0	0.0
-1.0718517842178699e-06	0.0
-8.433532343588013e-07	0.0
-5.635442357743159e-05	0.0
-0.0008108224137686193	0.0
-9.292354385959101e-11	0.0
-0.0008700386970303953	0.0
-4.047259489353694e-12	0.0
-0.0006597427418455482	0.0
0.0	0.0
-0.0013574047479778528	0.0
-2.523149760236265e-06	0.0
-5.482065898831934e-05	0.0
0.0	0.0
0.0	0.0
0.0	0.0
-5.988830525893718e-05	0.0
0.0	0.0
0.0	0.0
-4.843130227527581e-06	1.0
-0.017155617475509644	0.0
0.0	0.0
-1.1887300171986581e-11	0.0
0.0	0.0
-0.009426691569387913	0.0
-1.1505605357342574e-08	0.0
0.0	0.0
0.0	0.0
-0.0037406079936772585	0.0
0.0	0.0
0.0	0.0
0.0	0.0
-0.005433781538158655	0.0
-0.01912202686071396	0.0
0.0	0.0
-0.0075245266780257225	0.0
-0.0005263011553324759	0.0
-0.0018291324377059937	0.0
-5.9170870372327045e-05	0.0
0.0	0.0
0.0	0.0
-8.26911801254937e-08	0.0
0.0	0.0
0.0	1.0
0.0	1.0
-0.0009322474361397326	0.0
0.0	0.0
0.0	1.0
-5.682655341843201e-07	1.0
0.0	1.0
-0.0002102252619806677	0.0
-1.4242584256862756e-05	0.0
-0.0008508035098202527	0.0
0.0	0.0
-0.000660098681692034	0.0
-6.63432683722931e-06	0.0
0.0	0.0
0.0	0.0
0.0	0.0
-0.000110500848677475	0.0
-4.2080651463383134e-11	0.0
-6.803953169765009e-07	0.0
0.0	0.0
0.0	0.0
-4.670847991153013e-15	0.0
0.0	0.0
-0.00028539387858472764	0.0
0.0	1.0
0.0	0.0
-0.003718428546562791	0.0
-0.0003095752908848226	0.0
0.0	0.0
-3.0526553507215226e-11	0.0
0.0	0.0
0.0	0.0
0.0	0.0
0.0	0.0
-4.6036697312956676e-05	0.0
0.0	0.0
0.0	0.0
0.0	0.0
-0.00038899065111763775	0.0
-0.010164747014641762	0.0
0.0	0.0
-1.4173610907164402e-07	0.0
-0.0023166099563241005	0.0
0.0	0.0
0.0	0.0
0.0	0.0
-0.0018512840615585446	0.0
0.0	0.0
-3.0182409460621784e-08	0.0
0.0	0.0
-0.004673658404499292	0.0
0.0	0.0
-8.301343768835068e-06	0.0
0.0	0.0
-0.005248991306871176	0.0
0.0	0.0
-0.0006920163286849856	0.0
-0.0012394420336931944	0.0
0.0	0.0
0.0	0.0
0.0	0.0
0.0	0.0
-0.010757219977676868	0.0
-9.489519470662344e-06	1.0
0.0	0.0
0.0	0.0
-0.0020777457393705845	0.0
0.0	0.0
-0.005149442702531815	0.0
0.0	0.0
0.0	0.0
-6.708639375574421e-06	0.0
0.0	0.0
-0.00011763528164010495	0.0
0.0	0.0
0.0	0.0
-8.964638254838064e-05	0.0
0.0	0.0
-2.929785750893643e-06	0.0
0.0	0.0
0.0	0.0
0.0	0.004
0.0	0.0
-2.5927018214133568e-05	0.0
0.0	0.0
-1.7187892353831558e-07	0.0
0.0	0.0
0.0	0.0
0.0	0.0
-0.001087923301383853	0.0
0.0	0.0
0.0	0.0
0.0	0.0
-0.0011853183386847377	0.0
0.0	0.0
-0.005428518634289503	0.0
0.0	0.0
0.0	0.0
0.0	0.0
-0.05781465768814087	0.0
-0.020074181258678436	0.0
0.0	0.0
0.0	0.0
-5.3249179472913966e-05	0.0
0.0	0.0
0.0	0.0
0.0	0.0
0.0	0.0
0.0	0.0
0.0	0.0
-5.9020287153543904e-05	1.0
0.0	0.0
-0.00016191284521482885	0.0
-0.0021453548688441515	0.0
-3.4053082345053554e-05	0.0
0.0	0.0
-2.9263028977766226e-07	0.0
0.0	0.001
-0.0010218624956905842	0.0
0.0	1.0
-0.014748994261026382	0.0
-5.0638023822102696e-05	0.0
0.0	0.0
-2.8585034783645824e-07	0.0
-6.371590279741213e-05	0.0
0.0	0.0
0.0	0.0
-0.004200018011033535	0.0
0.0	0.0
0.0	0.0
0.0	0.0
0.0	0.0
-9.456883162783924e-06	0.0
0.0	0.0
0.0	0.0
0.0	0.0
0.0	0.0
-2.2580437871511094e-05	0.0
-4.619290848495439e-06	0.0
0.0	0.0
-0.00027835031505674124	0.0
-2.5156666680348216e-11	0.0
0.0	0.0
-6.187114154343476e-10	0.0
0.0	0.0
0.0	0.0
0.0	0.0
0.0	0.0
0.0	0.0
0.0	0.0
0.0	0.0
-0.0005839701043441892	0.0
-0.0005141297588124871	0.0
-0.0002869769523385912	0.0
0.0	0.001
0.0	0.0
-0.001054686843417585	0.0
0.0	0.0
0.0	0.0
0.0	0.0
-0.0004951429436914623	0.001
0.0	0.0
0.0	0.0
0.0	0.0
-0.0053696767427027225	0.001
0.0	0.001
0.0	0.0
0.0	0.0
-0.0027640601620078087	0.0
-0.00010793450201163068	0.0
-5.214859811530914e-06	0.0
0.0	0.0
0.0	0.0
0.0	0.0
0.0	0.0
0.0	0.0
-0.0009269744041375816	0.0
-0.0043918476440012455	0.0
0.0	0.0
-1.5540413187409285e-06	0.0
-0.00013847037917003036	0.0
-3.3862419513752684e-05	0.0
-0.0003973107668571174	0.0
-4.9658392526907846e-05	0.0
0.0	0.0
-1.2385358786559664e-05	0.0
-9.48755259742029e-05	0.0
0.0	0.0
0.0	0.0
0.0	0.0
0.0	0.0
0.0	0.029
-4.5868805500504095e-06	0.029
-0.02948475070297718	0.0
-1.3710740631722729e-06	0.0
0.0	0.0
0.0	0.0
0.0	0.0
-0.002859534462913871	0.0
-0.0017728580860421062	0.0
-0.005230569746345282	0.0
0.0	0.0
-0.0031747447792440653	0.0
0.0	0.0
0.0	0.0
0.0	0.0
-2.1614036782580115e-08	0.0
0.0	0.0
0.0	0.0
-1.0530662453156481e-10	0.0
-0.002429319079965353	0.0
0.0	0.0
0.0	0.0
-0.0020227376371622086	0.0
-0.0033093122765421867	0.0
-2.8813309072006632e-08	0.0
0.0	0.0
-0.0014746678061783314	0.0
0.0	0.0
-3.482267493382096e-05	0.0
0.0	0.0
-0.0022042200434952974	0.0
0.0	0.0
-0.0007217333768494427	0.0
-8.311212695844006e-08	0.0
-0.0002869657473638654	0.0
-0.0017726777587085962	0.0
-0.014003987424075603	0.0
0.0	0.0
0.0	0.0
-5.8185574744129553e-05	0.0
-0.00021277295309118927	0.0
-0.00035500223748385906	0.0
0.0	0.0
-0.0004544761613942683	0.0
-0.001143435132689774	0.0
-1.407522876029077e-09	0.0
0.0	0.0
0.0	0.0
0.0	0.0
0.0	0.0
0.0	0.0
0.0	0.0
0.0	0.0
0.0	0.0
-2.1401309169277738e-08	0.0
-1.2920464541821275e-05	0.0
-0.0018413665238767862	1.0
0.0	0.0
0.0	0.0
0.0	0.0
-0.003229358699172735	0.0
0.0	0.0
0.0	0.0
-0.0018591850530356169	0.0
0.0	0.0
0.0	0.0
-4.587390776578104e-06	0.0
0.0	0.0
0.0	0.0
0.0	0.0
-0.006401659455150366	0.0
0.0	0.0
0.0	0.0
0.0	0.0
-1.34282345243264e-07	0.0
0.0	0.0
0.0	0.0
0.0	0.0
0.0	0.0
-2.9073053156025708e-06	0.0
0.0	0.0
0.0	0.0
-0.0001268512714887038	0.0
-1.444182231580271e-07	0.0
0.0	0.0
0.0	0.0
-1.0305855084880022e-06	0.0
-0.0005697621963918209	0.0
0.0	0.0
0.0	0.0
-0.0002745388192124665	0.0
0.0	0.0
0.0	0.0
0.0	0.0
0.0	0.0
-0.0049333455972373486	0.0
-0.0023421880323439837	0.0
0.0	0.0
0.0	0.0
0.0	0.0
0.0	0.0
0.0	0.0
-6.877234227431472e-06	0.0
0.0	0.0
0.0	0.0
-5.221435799285246e-07	0.0
0.0	0.0
0.0	0.0
0.0	0.0
-0.00227831257507205	0.0
0.0	0.0
0.0	0.0
0.0	0.0
-0.0007777205901220441	0.0
-1.229320332640782e-05	0.0
0.0	0.0
-0.0004599501844495535	0.0
0.0	0.0
0.0	0.0
-0.0007605726132169366	0.0
-0.002589659532532096	0.0
0.0	0.0
-2.322763521078741e-06	0.0
-0.0017315209843218327	0.0
0.0	0.0
-0.0004919551429338753	0.0
-1.895617551816997e-10	0.0
0.0	0.0
0.0	0.0
0.0	0.0
0.0	0.0
0.0	0.0
0.0	0.0
-3.6537781852530316e-05	0.0
0.0	0.0
0.0	0.0
0.0	0.0
-0.005158145446330309	0.0
-2.4684057464696707e-08	0.0
0.0	0.0
-0.011105366051197052	0.0
-0.0001063028903445229	0.0
0.0	0.0
-0.00011862488463521004	0.0
0.0	0.0
0.0	0.0
0.0	0.0
0.0	0.0
0.0	0.0
0.0	0.0
0.0	0.0
-6.224920798558742e-05	0.0
0.0	0.0
-0.0008011939935386181	0.0
0.0	0.0
0.0	0.0
0.0	0.0
-3.2668020139681175e-05	0.0
0.0	0.0
-1.3139094335201662e-05	0.0
0.0	0.0
0.0	0.0
0.0	0.0
0.0	0.0
-0.0015554149867966771	0.0
0.0	0.0
0.0	0.0
-5.907704235141864e-06	0.0
0.0	0.0
0.0	0.0
-1.1735835869330913e-05	0.0
-0.0016362364403903484	0.0
0.0	0.0
-0.00011770929995691404	0.0
0.0	0.0
-0.00040739020914770663	0.0
-0.00015140706091187894	0.0
-6.139795516446611e-08	0.0
-8.402398066209571e-07	0.0
0.0	0.0
0.0	0.0
-9.795977717885762e-08	0.0
0.0	0.0
0.0	0.0
-0.003436809405684471	0.0
0.0	0.0
-5.149465209797199e-07	0.0
-5.459369067928321e-12	0.0
-0.0007358125876635313	0.0
-5.763307854067534e-05	0.0
0.0	0.0
0.0	0.0
-0.0001416389422956854	0.0
0.0	0.0
-1.6720938219805248e-05	0.0
-9.184284863295034e-06	0.0
0.0	0.0
-0.0029345524962991476	0.0
0.0	0.0
0.0	0.0
-0.003938264679163694	0.0
0.0	0.0
0.0	0.0
0.0	0.0
0.0	0.0
-0.0024901132564991713	0.0
0.0	0.0
-2.162591044907458e-05	0.0
0.0	0.0
-0.0001626536250114441	0.0
0.0	0.0
0.0	0.0
0.0	0.0
0.0	0.0
0.0	0.0
0.0	0.0
-1.859747271737433e-07	0.0
-9.161278285318986e-05	0.0
0.0	0.0
-0.00044616489321924746	0.0
0.0	0.0
0.0	0.0
0.0	0.0
0.0	0.0
0.0	0.0
-9.080659779669986e-09	0.0
0.0	0.0
-2.106957254000008e-05	0.0
-0.0003020520380232483	0.0
-0.0004382738552521914	0.0
-0.0006737177609466016	0.0
0.0	0.0
0.0	0.0
0.0	0.0
-0.004076273646205664	0.0
0.0	0.0
-0.0013148619327694178	0.0
0.0	0.0
-0.0001371532416669652	0.0
0.0	0.0
0.0	0.0
-0.0002973601222038269	0.0
0.0	1.0
0.0	1.0
-7.542847015429288e-05	0.0
-1.3756268344877753e-05	1.0
-2.3503926669526942e-12	0.0
0.0	0.0
-0.0007518673082813621	0.0
-0.008986875414848328	0.0
-0.0016067224787548184	0.0
0.0	0.0
0.0	0.0
-7.149524208216462e-06	0.0
0.0	0.0
0.0	0.0
-4.818935849471018e-05	0.0
-0.00015585287474095821	0.0
0.0	0.0
-1.4496933545160573e-05	0.0
0.0	0.0
-0.005435206461697817	0.0
0.0	0.0
0.0	0.0
0.0	0.0
0.0	0.0
-9.79101678240113e-05	0.0
-0.00010693106742110103	0.0
0.0	0.0
0.0	0.0
0.0	0.0
0.0	0.0
0.0	0.0
-0.00024872724316082895	0.0
0.0	0.0
0.0	0.0
0.0	0.0
0.0	0.0
0.0	0.0
0.0	0.0
0.0	0.0
-0.016263507306575775	0.0
0.0	0.0
0.0	0.0
0.0	0.0
0.0	0.0
0.0	0.0
0.0	0.0
-0.0010811708634719253	0.0
0.0	0.0
0.0	0.0
0.0	0.0
-0.00014334844308905303	0.0
-0.0008672095136716962	0.0
0.0	0.0
0.0	0.0
-5.538099685509223e-07	0.046
0.0	0.046
0.0	0.0
0.0	0.046
0.0	0.0
0.0	0.0
-1.0554864537937192e-08	0.0
0.0	0.0
-4.591813649312826e-07	0.0
0.0	0.046
-0.002216386841610074	0.046
-6.812218202867371e-07	0.046
0.0	0.0
0.0	0.0
0.0	0.0
-1.724568043925956e-08	0.0
-1.6119724023155868e-05	0.046
0.0	0.046
0.0	0.046
0.0	0.046
0.0	0.046
-1.9224389689043164e-06	0.046
0.0	0.0
0.0	0.0
-0.017784956842660904	0.0
0.0	0.0
-0.00041351589607074857	0.0
0.0	0.0
-0.0033213167916983366	0.0
-0.0018463132437318563	0.0
0.0	0.0
0.0	0.0
-3.1185140869638417e-06	0.0
-0.00011878505756612867	0.0
0.0	0.0
-0.003300735494121909	0.0
0.0	0.0
0.0	1.0
0.0	0.0
-1.8773862393572927e-06	0.0
0.0	0.0
-5.686550503014587e-05	0.0
-0.003255048068240285	0.0
0.0	0.0
0.0	0.0
-0.000196395703824237	0.0
-8.003706898307428e-05	1.0
-3.84744134862558e-06	0.0
0.0	0.0
0.0	0.0
-6.262907845666632e-06	0.0
0.0	0.0
-0.000744779477827251	0.0
0.0	0.0
0.0	0.0
-2.7903593945666216e-05	0.0
0.0	0.0
0.0	0.0
-0.004659092053771019	0.0
0.0	0.0
0.0	0.0
-0.006660447921603918	0.0
0.0	0.0
-0.0003428022318985313	0.0
0.0	0.0
0.0	0.0
-9.617727300792467e-06	0.0
0.0	0.0
0.0	0.0
0.0	0.0
0.0	0.0
0.0	0.0
0.0	0.0
0.0	0.0
0.0	0.0
-7.805650170666922e-07	0.0
0.0	0.0
-3.061879760934971e-05	0.0
0.0	0.0
0.0	0.0
-0.02317916229367256	0.0
-3.2005860184369794e-09	0.0
0.0	0.0
-0.00017883685359265655	0.0
0.0	0.0
-0.0011499803513288498	0.0
-2.522207751098904e-06	0.0
-0.0009787300368770957	0.0
0.0	0.0
0.0	0.0
-1.7284546629525721e-06	0.0
-0.00033280864590778947	0.0
-0.00020636281988117844	0.0
-0.00105835753493011	0.0
0.0	0.0
0.0	0.0
0.0	0.0
0.0	0.0
-7.717640983173624e-05	0.0
-0.00011265120701864362	0.0
0.0	0.0
0.0	0.0
-0.0024067950434982777	0.0
-0.001217289362102747	0.0
0.0	0.0
-5.317976281560277e-09	0.0
-0.00015753990737721324	0.0
0.0	0.0
-0.00017067829321604222	0.0
0.0	0.0
-0.002986870938912034	0.0
0.0	0.0
0.0	0.0
0.0	0.0
-0.001357893692329526	0.0
0.0	0.0
-6.721189856762066e-05	0.0
0.0	0.0
0.0	0.0
-8.024582598409324e-07	0.0
0.0	0.0
-0.004536536987870932	0.0
0.0	0.0
0.0	0.0
-0.0028033775743097067	0.0
0.0	0.0
0.0	0.0
