0.0	0.0
0.0	0.0
0.0	0.0
0.0	0.0
-0.009003727696835995	0.0
0.0	0.0
-1.7346563254250214e-05	0.0
0.0	0.0
0.0	0.0
0.0	0.0
-2.8676787611203736e-09	0.0
-8.810264262137935e-05	0.0
0.0	0.0
-0.0006238357746042311	0.0
0.0	0.0
0.0	0.0
-2.8083356085062405e-08	0.0
-1.125396238421672e-06	0.0
0.0	0.0
-0.003963241819292307	0.0
0.0	0.0
-0.00021987601940054446	0.0
0.0	0.0
-0.008618156425654888	0.0
0.0	0.0
0.0	0.0
0.0	0.0
-1.6918002998522752e-08	0.0
0.0	0.0
0.0	0.0
0.0	0.0
0.0	0.0
0.0	0.0
-0.004995590541511774	0.0
-1.6569605065797077e-07	0.0
0.0	0.0
-0.00013185171701479703	0.081
0.0	0.0
0.0	0.081
0.0	0.081
-8.42435474623926e-06	0.0
0.0	0.0
0.0	0.0
-7.708850375820475e-07	0.0
0.0	0.0
0.0	0.0
0.0	0.0
0.0	0.0
-0.001242451136931777	0.0
0.0	0.0
0.0	0.0
0.0	0.0
0.0	0.0
0.0	0.0
-6.615188340219902e-06	0.0
-7.362345786532387e-05	0.0
-0.0007718364940956235	1.0
0.0	0.0
0.0	0.0
0.0	0.0
0.0	0.0
0.0	0.0
0.0	0.0
-4.454913096196833e-07	0.0
0.0	0.0
0.0	0.0
-1.6253711265790116e-08	0.0
-4.910795325940853e-08	0.0
0.0	0.0
0.0	0.0
-0.00011022309627151117	0.0
-0.012033340521156788	0.0
-1.0228544851997867e-05	0.0
0.0	0.0
-9.257074680135702e-07	0.0
-4.6768391825935396e-08	0.0
-9.432047590962611e-06	0.0
0.0	0.0
0.0	0.0
-0.00021999416640028358	0.0
-0.00012223540397826582	0.0
-0.005802946165204048	0.0
0.0	0.0
0.0	0.0
-0.008613978512585163	0.0
0.0	0.0
0.0	0.0
0.0	0.0
-0.008720523677766323	0.0
0.0	0.0
0.0	0.0
0.0	0.0
0.0	0.0
-0.0001385381619911641	0.0
0.0	0.0
-0.0008509157923981547	0.0
-0.0018552205292508006	0.0
-3.1870609973339015e-07	0.0
0.0	0.0
0.0	0.0
-0.004608554299920797	0.0
-8.60903526245238e-09	0.0
0.0	0.0
-2.82431322773391e-09	0.0
0.0	0.0
0.0	0.0
-2.0106757858684432e-07	0.0
0.0	0.0
0.0	0.0
0.0	0.0
-0.001322351861745119	0.0
-0.000228178221732378	0.0
-0.0034533494617789984	0.0
-0.0016955272294580936	0.0
0.0	0.0
0.0	0.0
-1.1259678103670012e-05	0.0
0.0	0.0
0.0	0.0
0.0	0.0
-5.714211511076428e-06	0.0
-0.009899824857711792	0.0
0.0	0.0
0.0	0.0
-5.9454159782035276e-05	0.0
0.0	1.0
-5.60179569220054e-06	1.0
-0.0006256580236367881	0.0
-0.0010144721018150449	0.0
-3.056307775750611e-07	0.0
-1.3917563990162307e-07	0.0
-0.0027650545816868544	0.0
0.0	1.0
0.0	0.0
0.0	0.0
-2.0452174794627354e-05	0.0
-2.5689344056445407e-06	0.0
-3.1374540412798524e-05	0.0
0.0	0.0
-0.0006675455952063203	0.0
-1.0369420124334283e-05	0.0
0.0	0.0
-0.00017442082753404975	0.0
-0.0008195683476515114	0.0
0.0	0.0
0.0	0.0
-1.7881428759566886e-12	0.0
0.0	0.0
0.0	0.0
0.0	0.0
-0.0008394924225285649	0.0
0.0	0.0
0.0	0.0
0.0	0.0
0.0	0.0
0.0	0.0
-0.03357498347759247	0.0
-0.010520583018660545	0.0
0.0	0.0
-0.0004976096097379923	0.0
-2.895695835891665e-11	0.0
0.0	0.001
0.0	0.0
0.0	0.001
-3.991616267740028e-06	0.0
-6.389022018993273e-05	0.0
-2.7964773835265078e-05	0.0
-2.084860170725733e-05	0.0
-0.0011555207893252373	0.0
0.0	0.0
-2.7408783353166655e-05	0.0
0.0	0.0
-0.022484190762043	0.0
-0.0015872378135100007	0.0
0.0	0.0
-9.76059709500987e-07	0.0
0.0	0.0
-8.247287723861518e-07	0.0
0.0	0.0
0.0	0.0
0.0	0.0
0.0	0.0
-6.918302096892148e-05	0.0
-0.0006418501725420356	0.0
-0.0019097825279459357	0.0
0.0	0.0
-7.584431693796745e-11	0.0
-0.000541736779268831	0.0
0.0	0.0
0.0	0.0
0.0	0.0
0.0	0.0
-0.0002855078491847962	0.0
0.0	0.0
0.0	0.0
0.0	0.0
-5.670094949117299e-10	0.0
0.0	0.0
0.0	0.0
-0.0018002977594733238	0.0
-9.581979975337163e-05	0.0
0.0	0.0
0.0	0.0
0.0	0.0
0.0	0.0
0.0	0.0
0.0	0.0
0.0	0.0
-0.002344709588214755	0.0
0.0	0.0
0.0	0.0
0.0	0.0
-0.00012522470206022263	0.0
0.0	0.0
-7.504285387538445e-11	0.023
-9.04438550719533e-08	0.0
0.0	0.0
0.0	0.023
-6.2536265055257445e-09	0.0
0.0	1.0
-0.00045431475155055523	0.023
0.0	0.0
-1.8217168644696358e-06	0.14465408805031446
0.0	1.0
0.0	0.023
-5.3332601964939386e-05	1.0
-0.0002645399363245815	1.0
0.0	0.0
0.0	0.0
-0.00010811001266120002	0.0
0.0	0.0
0.0	0.0
0.0	0.0
-0.02573791705071926	0.0
-8.316374078276567e-06	0.0
0.0	0.0
-0.0004723072052001953	0.0
-1.1812111551989801e-05	0.0
-6.29026004617117e-08	0.0
-0.00012538018927443773	0.0
-1.2329117282661173e-08	0.0
-4.658955276681809e-06	0.0
-0.010905628092586994	0.0
-5.557925396715291e-05	0.0
0.0	0.0
0.0	0.0
0.0	0.0
-1.832038105931133e-05	0.0
0.0	0.0
-0.0010340639855712652	0.0
-7.824112799426075e-06	0.0
0.0	0.0
-0.000149725514347665	0.0
0.0	0.0
0.0	0.0
-0.007829935289919376	0.0
-1.7611218936508521e-06	1.0
0.0	0.0
0.0	0.0
-1.1645700936924186e-07	0.0
0.0	0.0
-8.989108755486086e-05	0.0
0.0	1.0
0.0	0.0
0.0	0.0
0.0	0.0
0.0	0.0
-0.002503495430573821	0.0
0.0	0.0
0.0	0.0
0.0	0.0
-0.0035285039339214563	0.0
-0.0014166058972477913	0.0
0.0	0.0
-0.00976772140711546	0.0
-0.0015396908856928349	0.0
0.0	0.0
0.0	0.0
-0.002311373595148325	1.0
0.0	0.0
0.0	0.0
0.0	0.0
0.0	0.0
-1.4451092283707112e-05	0.0
-0.0016126347472891212	0.0
-0.00034023539046756923	0.0
-0.00028340573771856725	0.0
0.0	0.0
0.0	0.0
0.0	0.0
-6.007896809023805e-05	0.0
0.0	0.0
-0.001337585155852139	0.0
-2.2234241896512685e-06	0.0
0.0	0.0
0.0	0.0
0.0	0.029
-0.0008251870749518275	0.0
-1.140622771345079e-06	1.0
0.0	0.0
0.0	0.0
0.0	0.0
0.0	0.0
0.0	0.0
-4.073219660053005e-15	0.0
-8.309328904942959e-07	0.0
-2.6183706314242272e-09	0.0
0.0	0.0
0.0	0.0
-0.0007890930864959955	0.0
-5.610192602034658e-05	0.0
0.0	0.0
-0.00017736210429575294	0.0
0.0	0.0
-0.0010241029085591435	0.0
-2.1451942302519456e-06	0.0
0.0	0.0
-0.00010973911412293091	0.0
0.0	0.0
-6.797566953764544e-08	0.0
-0.0004312675155233592	0.0
0.0	0.0
-0.00011977161921095103	0.0
0.0	0.0
0.0	0.0
-2.542314405218349e-06	0.0
0.0	0.0
-0.006578216329216957	0.0
-0.03844602406024933	0.0
-4.633631306205643e-06	0.0
-9.982618030812684e-12	0.0
-9.656925249146298e-05	0.0
-0.000123903329949826	0.0
0.0	0.0
-2.906828376580961e-05	0.0
0.0	0.0
0.0	0.0
0.0	0.0
-4.030092441098532e-06	0.0
0.0	0.0
-0.00039313992601819336	0.0
-0.0005813541356474161	0.0
0.0	0.0
0.0	0.0
-3.6703488149214536e-05	0.0
0.0	0.0
0.0	0.0
-9.571456757839769e-05	0.0
-3.2666305287420982e-06	0.0
0.0	0.0
0.0	0.0
0.0	0.0
-0.0006895486149005592	0.0
0.0	0.0
0.0	1.0
0.0	0.0
0.0	1.0
0.0	1.0
0.0	0.0
0.0	0.0
0.0	0.0
-0.0009608054533600807	0.0
0.0	0.0
0.0	1.0
-1.411369021653286e-09	0.0
-3.764764915104024e-05	0.0
0.0	1.0
0.0	0.0
0.0	0.0
0.0	0.0
-0.003365427488461137	0.0
-6.137325544841588e-05	0.0
0.0	0.0
0.0	0.0
-0.0008972164359875023	0.0
0.0	1.0
-0.0003864361497107893	0.0
0.0	0.0
0.0	0.0
0.0	0.0
-0.010802099481225014	0.0
0.0	0.0
-0.0023698066361248493	0.0
-0.011183114722371101	0.0
0.0	0.031
-3.4807722840923816e-05	0.031
0.0	0.0
0.0	0.031
0.0	0.031
-0.0034458201844245195	0.0
-0.004879259038716555	0.0
0.0	0.0
0.0	0.0
-0.0022019860334694386	0.0
-1.9127276118524605e-07	0.0
0.0	0.0
0.0	0.0
0.0	0.0
0.0	0.0
-4.762202297570184e-05	0.0
0.0	0.0
0.0	0.0
-0.0022352561354637146	0.0
0.0	0.0
-0.0004258165427017957	0.0
0.0	0.0
0.0	0.0
-0.001024163095280528	0.0
-0.0005758606712333858	0.0
0.0	0.0
0.0	0.0
-4.600469037541188e-05	0.0
0.0	0.0
-0.0010038006585091352	0.0
0.0	0.065
-4.086473927600309e-05	0.0
0.0	0.0
0.0	0.0
-3.0360595815182023e-07	0.0
-3.7540368793997914e-05	0.0
0.0	0.0
-0.007693664636462927	0.0
-0.0009319811360910535	0.0
0.0	0.0
-0.005669158883392811	0.0
0.0	0.0
0.0	0.0
0.0	0.0
0.0	0.0
-7.597490912303329e-05	0.0
0.0	0.0
-0.0002761833602562547	0.0
0.0	0.0
0.0	0.0
-0.0003153276920784265	0.0
0.0	0.0
0.0	0.0
0.0	0.0
-0.006399595644325018	0.0
-0.0003046661149710417	0.0
-0.006589857395738363	0.0
-0.002710409928113222	0.0
0.0	0.0
0.0	0.0
-0.00011912720947293565	0.0
-9.249599315808155e-06	0.0
-0.00017230991215910763	0.0
-2.5674271455500275e-05	0.0
0.0	0.0
-3.262732946041069e-07	0.0
-8.812032319838181e-05	0.0
0.0	0.0
-9.54031856963411e-05	0.0
-0.005723461974412203	0.0
0.0	0.0
-5.208708131476669e-09	0.0
0.0	0.0
-0.00040331267518922687	0.0
0.0	0.0
0.0	0.0
-0.0003348442551214248	0.0
0.0	0.0
-0.00017297713202424347	0.0
0.0	0.0
0.0	0.0
0.0	0.0
0.0	0.0
-0.0012743119150400162	0.0
-3.96168434235733e-05	0.0
-0.0005695680156350136	0.0
0.0	0.0
-0.00010430457041366026	0.0
0.0	0.0
0.0	0.224
0.0	0.0
0.0	0.224
-5.477549166243989e-06	1.0
-4.042051582331396e-09	0.0
-7.099291678969166e-07	0.0
-2.3741094992146827e-05	0.0
-1.919490023283288e-05	0.0
0.0	0.0
-7.037256636976963e-06	0.0
0.0	0.0
-1.3409970733846421e-07	0.0
0.0	1.0
-4.715632258012192e-06	0.0
0.0	1.0
0.0	0.0
0.0	0.0
-0.0006281708483584225	0.0
0.0	0.0
-0.0009639274212531745	0.0
-0.0007342823664657772	1.0
-6.539504101965576e-05	0.0
0.0	0.0
-0.0027115701232105494	0.0
0.0	0.0
0.0	0.0
0.0	0.0
0.0	0.0
-0.039526063948869705	0.0
0.0	0.0
0.0	0.0
-0.08238472044467926	0.0
-1.967328898899723e-05	0.0
0.0	0.0
-0.00047654189984314144	0.0
0.0	0.0
-0.00017734902212396264	0.0
0.0	1.0
0.0	0.0
-0.00555410934612155	0.0
0.0	0.0
0.0	0.0
-9.832301657297648e-07	0.0
0.0	0.0
-0.0014895028434693813	0.0
-4.602770786732435e-05	0.0
0.0	0.0
0.0	0.0
0.0	0.0
0.0	0.0
-4.563198985341188e-10	0.0
-0.000315781740937382	0.004
0.0	0.004
0.0	0.0
-0.0028781790751963854	0.0
0.0	0.0
-4.065388914398227e-09	0.0
0.0	0.0
-0.006087739951908588	0.0
0.0	0.0
0.0	0.0
0.0	0.0
0.0	0.0
-0.006157325115054846	0.0
0.0	0.0
0.0	0.0
-0.0017192314844578505	0.0
0.0	0.0
0.0	0.0
0.0	0.0
-0.00024675423628650606	0.0
-7.54471258801459e-08	0.0
0.0	0.0
-1.3238595784059726e-06	0.0
0.0	0.0
-0.0003705232229549438	0.0
0.0	1.0
0.0	0.0
-1.2168488865427207e-05	0.0
0.0	1.0
-0.0013791696401312947	0.0
0.0	0.0
0.0	0.0
0.0	0.0
0.0	0.0
-6.058725921320729e-05	0.0
0.0	0.0
-0.0010842577321454883	0.0
-0.000979516189545393	0.0
-5.60867010790389e-05	0.0
0.0	0.0
-0.006094899959862232	0.0
-4.195203295864758e-09	0.0
-4.925286702928133e-06	0.0
0.0	0.0
0.0	0.0
-0.0004024519002996385	0.0
0.0	0.0
-0.0012611976126208901	0.0
0.0	0.0
0.0	0.0
0.0	0.0
0.0	0.0
-9.221780240473154e-13	0.0
-6.416036922018975e-05	0.0
0.0	0.0
-0.0005321202334016562	0.0
-0.009353268891572952	0.0
-0.014540938660502434	0.0
0.0	0.0
0.0	1.0
0.0	0.0
0.0	0.0
0.0	1.0
0.0	1.0
-2.2822675305178564e-08	0.0
-0.00044319196604192257	0.0
0.0	0.0
0.0	0.0
-2.686781215288647e-07	0.0
0.0	0.0
0.0	0.0
-8.548361463134313e-10	0.0
0.0	0.0
0.0	0.0
0.0	0.0
0.0	0.0
0.0	0.0
0.0	0.0
0.0	0.0
0.0	0.0
0.0	0.0
-2.9668603929167148e-06	0.0
0.0	0.0
-0.00812301505357027	0.0
0.0	0.0
-0.0018619957845658064	0.0
0.0	0.0
0.0	0.0
-6.669895356026245e-07	0.0
0.0	0.004
-0.019077114760875702	0.0
0.0	0.0
0.0	0.0
0.0	0.0
-2.0982247406209353e-06	0.0
0.0	0.0
0.0	0.0
0.0	0.0
-0.0013103059027343988	1.0
-0.001285818056203425	0.0
0.0	0.0
-0.002765620592981577	0.0
-3.635922621469945e-05	0.0
-6.028099960531108e-06	0.0
0.0	0.0
0.0	1.0
0.0	0.0
-1.5374041595350718e-06	0.0
0.0	0.0
0.0	0.0
0.0	0.0
0.0	1.0
0.0	0.0
0.0	0.0
0.0	0.0
0.0	1.0
0.0	0.0
-0.00010229509643977508	0.013
-0.0007514575845561922	0.013
0.0	0.013
0.0	0.0
0.0	0.0
-0.0010674702934920788	0.0
-1.0762419151433278e-06	0.0
0.0	0.0
0.0	0.0
-2.2900386031921016e-09	0.0
0.0	1.0
-0.00041911122389137745	0.0
-0.0006717746146023273	0.0
-0.0007872791611589491	0.0
0.0	0.0
-1.6218471046158811e-06	0.0
-0.0006806831806898117	0.0
-0.0012707192217931151	0.0
0.0	0.0
0.0	0.0
-0.00021676113829016685	0.0
-0.0007088786223903298	0.0
-0.0002804766991175711	0.0
0.0	0.0
0.0	0.0
-0.0010700697312131524	0.0
-0.004175550304353237	0.0
0.0	0.0
0.0	0.0
0.0	0.0
0.0	0.001
-1.1139044886476768e-07	0.001
0.0	0.0
-0.003225437132641673	0.0
0.0	0.0
0.0	0.0
0.0	0.0
-0.0001513254683231935	0.0
0.0	0.0
0.0	0.0
-2.611866989354894e-07	0.0
0.0	0.0
-0.0006205313839018345	0.0
0.0	0.0
0.0	0.0
0.0	0.0
0.0	0.0
-0.005608673673123121	0.0
0.0	0.0
0.0	0.0
-2.5371122092110454e-07	0.0
-0.006907038856297731	0.0
-6.998188473517075e-05	0.0
0.0	0.0
-3.623524744145179e-11	0.0
0.0	0.0
-6.812899664510041e-05	0.0
0.0	0.0
-0.00046460272278636694	0.0
-8.548300684196874e-05	1.0
-0.006332669407129288	0.0
-0.00023040224914439023	0.0
0.0	0.0
0.0	0.0
-0.0008523066062480211	0.0
0.0	0.0
0.0	0.0
-0.0003275381459388882	0.0
0.0	0.0
-0.00019931927090510726	0.0
0.0	0.0
-4.574484773911536e-05	0.0
0.0	0.0
0.0	0.0
-0.00023511916515417397	0.0
0.0	0.0
0.0	0.0
-5.450738171930425e-06	0.0
-6.372275720423204e-07	0.0
-1.2158282515883911e-05	0.0
-2.5517092581139877e-05	0.0
0.0	0.0
0.0	0.0
-0.0016202392289415002	0.0
0.0	0.0
0.0	0.0
0.0	0.0
0.0	0.0
-1.7995711459661834e-05	0.0
0.0	0.0
-3.934032065444626e-06	0.0
-8.553466614102945e-05	0.0
0.0	0.0
-3.971850674133748e-06	0.0
0.0	0.0
0.0	0.0
0.0	0.0
0.0	0.0
-5.857332780578872e-06	0.0
-0.007338633760809898	0.0
0.0	0.0
-2.967785349028418e-06	0.0
0.0	0.0
0.0	0.0
-8.829061698634177e-05	0.0
-0.004330695141106844	0.0
0.0	0.0
0.0	0.0
0.0	1.0
-2.635201599332504e-05	0.0
-0.0008606230258010328	0.0
0.0	0.0
0.0	0.0
0.0	0.0
-0.002735916757956147	0.0
-0.0007831638213247061	0.0
-2.8591672162292525e-05	0.0
0.0	0.0
0.0	0.0
-0.0010675510857254267	0.0
0.0	0.0
-9.786833834368736e-05	0.0
-0.00770085584372282	0.0
-0.0016665920848026872	0.0
-2.3265396521310322e-05	0.0
-1.8226932297693565e-05	0.0
0.0	0.0
0.0	0.0
0.0	0.0
0.0	0.0
0.0	0.0
0.0	0.0
-1.362049351882888e-05	0.0
0.0	0.0
-1.6822990289711015e-07	0.0
-1.530748505729207e-08	0.0
0.0	0.0
0.0	0.0
-0.00013621101970784366	0.0
0.0	0.0
0.0	0.0
0.0	0.0
0.0	0.0
-0.00043389160418882966	0.0
0.0	0.0
0.0	0.0
0.0	0.0
-5.246738874120638e-05	0.0
0.0	0.0
-0.002855176804587245	0.0
-0.0035249548964202404	0.0
-2.825604042300256e-06	0.0
0.0	0.0
-0.01040866132825613	0.0
0.0	0.0
0.0	0.0
0.0	0.0
-0.00033959190477617085	0.0
0.0	0.0
0.0	0.0
-0.005425510462373495	0.0
0.0	0.0
-0.0006168439285829663	0.0
0.0	0.0
0.0	0.0
0.0	0.0
-0.00012690639414358884	0.0
-7.685269087787105e-12	0.0
-0.00019276904640719295	0.0
0.0	0.0
-0.0007565257837995887	0.0
-9.051155939232558e-05	0.0
-1.0913081993635387e-08	0.0
0.0	0.0
0.0	0.0
-3.054070930375019e-06	0.0
-4.1247800254495814e-05	0.0
0.0	0.0
-0.01491796039044857	0.0
0.0	0.0
-0.00033960503060370684	0.0
0.0	0.0
0.0	0.0
-0.0002488856844138354	0.0
0.0	0.0
0.0	0.0
0.0	0.0
-0.0036692353896796703	0.0
0.0	0.0
-0.004813389852643013	0.0
-5.224601045483723e-05	1.0
0.0	0.0
-0.005448989570140839	0.0
-3.479811493889429e-05	0.0
0.0	0.0
-4.371769932731695e-07	0.0
-0.0022645441349595785	0.0
0.0	0.0
0.0	0.0
-0.00021915955585427582	0.0
0.0	0.0
-0.0016243200516328216	0.0
0.0	0.0
0.0	0.0
0.0	0.0
0.0	0.0
-0.0003763696877285838	0.0
-0.0034366827458143234	0.0
0.0	0.0
0.0	0.0
0.0	0.0
0.0	0.0
0.0	0.0
0.0	0.0
0.0	0.0
0.0	0.0
0.0	0.0
0.0	0.0
0.0	0.0
0.0	0.0
0.0	0.0
0.0	0.0
0.0	0.0
-1.4331575783138598e-17	0.0
0.0	0.0
0.0	0.0
-0.0020302822813391685	0.0
0.0	0.0
0.0	0.0
0.0	0.0
-2.1733178073191084e-05	0.0
-0.0005523732397705317	0.0
0.0	0.0
0.0	0.0
0.0	0.0
-0.0015205666422843933	0.0
0.0	0.0
0.0	0.0
0.0	0.0
-0.0010856143198907375	0.0
-2.5826537353168533e-07	0.0
-0.0011294519063085318	0.0
0.0	0.0
0.0	0.0
0.0	0.0
0.0	0.0
-4.5272335569279676e-07	0.0
-2.3218344022586657e-13	0.0
0.0	0.0
0.0	0.0
0.0	0.0
-0.009248224087059498	0.0
0.0	0.158
0.0	0.0
0.0	0.158
0.0	0.0
0.0	0.0
-5.5441290669477894e-08	0.0
0.0	0.0
0.0	1.0
-1.3899020814278629e-06	0.0
-0.002650110749527812	0.0
0.0	0.0
0.0	0.0
0.0	0.0
-0.001175009529106319	0.0
-0.0009799754479900002	0.0
0.0	0.0
-0.0007946901023387909	0.0
0.0	0.0
0.0	0.0
