-1.4456130884354934e-05	0.0
0.0	0.0
-0.00021214448497630656	0.0
0.0	0.0
-0.00023528932069893926	0.0
-0.00027160553145222366	0.0
-0.00023939498350955546	0.0
0.0	0.0
-2.5213019227976474e-08	0.0
0.0	0.0
-0.0006212589214555919	0.0
0.0	0.0
-2.012031075082632e-07	0.0
-9.739436279687652e-08	0.0
-1.4843972167000175e-05	0.0
-6.525450589833781e-05	0.0
0.0	0.0
-0.01997610367834568	0.0
-2.865957071662706e-07	1.0
-6.070666191959617e-11	1.0
0.0	1.0
-0.004331544507294893	0.0
0.0	1.0
0.0	1.0
-0.1025564894080162	0.0
0.0	0.0
0.0	0.0
0.0	0.0
0.0	0.0
0.0	0.0
0.0	0.0
0.0	0.0
0.0	0.0
0.0	0.0
0.0	0.0
-7.044247922749491e-07	0.0
0.0	0.0
0.0	0.0
-0.011590210720896721	0.0
0.0	0.0
-2.8161682621430373e-06	0.0
-1.779983199205683e-15	0.0
0.0	0.367
0.0	0.0
-0.0022455458529293537	0.0
0.0	0.0
-0.0002601972664706409	0.367
0.0	0.0
0.0	0.0
-2.146666702174116e-06	0.0
0.0	0.0
-0.00029602652648463845	0.0
-0.002935280790552497	0.0
0.0	0.0
0.0	0.0
-0.0003282664401922375	0.0
-0.007955961860716343	0.0
-0.00015510219964198768	0.0
-1.58026314256432e-10	0.0
0.0	0.0
-0.005665170028805733	0.0
-0.0012319597881287336	0.0
-3.905025494077563e-07	0.0
0.0	0.0
0.0	0.0
-0.0007317817653529346	0.0
0.0	0.0
0.0	0.0
0.0	0.0
0.0	0.0
0.0	0.0
0.0	0.0
0.0	0.0
-0.00107528455555439	0.0
-0.0006382253486663103	0.0
0.0	0.0
-6.940737318217316e-09	0.0
0.0	0.0
-3.118162339887931e-06	0.0
-0.00014541186101268977	0.0
-4.6049346565268934e-05	0.0
-2.4826712774483894e-07	0.0
-0.0008949516341090202	0.0
0.0	0.0
0.0	0.0
-5.458036366617902e-12	0.0
0.0	0.0
-1.285176767851226e-05	0.0
-0.004333579912781715	0.0
-2.9651796573659794e-09	0.0
-4.5962359251916496e-08	0.0
0.0	0.0
0.0	0.0
0.0	0.0
0.0	0.0
0.0	0.0
-4.322779659560183e-06	0.0
0.0	0.0
0.0	0.0
0.0	0.0
0.0	0.0
0.0	0.0
0.0	0.0
0.0	0.0
0.0	0.0
0.0	0.0
0.0	0.0
-0.00010555309563642368	0.0
0.0	0.0
0.0	0.0
0.0	0.0
-0.002270894590765238	0.0
-3.503456900944002e-05	0.0
0.0	1.0
0.0	0.0
0.0	0.0
0.0	0.0
0.0	0.0
0.0	1.0
0.0	0.0
-5.6501376494155764e-11	0.0
-5.480372783495113e-05	0.0
0.0	0.0
0.0	0.0
0.0	0.0
0.0	0.0
-0.002306892303749919	0.0
0.0	0.0
-0.0015809317119419575	0.0
-5.156611223355867e-05	0.0
0.0	0.0
0.0	0.0
0.0	0.0
0.0	0.0
0.0	0.0
-7.535383588219702e-07	0.0
0.0	0.0
0.0	0.0
-0.0004943388048559427	0.0
-0.0003379741683602333	0.0
-5.538970393459408e-10	0.0
0.0	0.0
0.0	0.0
0.0	0.0
-0.003135957522317767	0.0
-0.01113476138561964	0.0
0.0	0.0
-0.011780769564211369	0.0
0.0	0.0
0.0	0.0
0.0	0.0
0.0	0.0
0.0	0.0
0.0	0.0
0.0	0.0
0.0	0.0
-0.00019232937484048307	0.0
0.0	0.0
-0.000488320249132812	0.0
0.0	0.0
-0.0005362275405786932	0.0
0.0	0.0
-4.1840922904157196e-07	0.0
-7.594634371344e-05	0.0
0.0	0.0
0.0	1.0
0.0	0.0
-0.0015162995550781488	0.0
0.0	0.0
0.0	0.0
0.0	0.0
0.0	0.0
0.0	0.0
0.0	0.0
0.0	0.0
-3.31051523971837e-06	0.0
0.0	0.0
0.0	0.0
0.0	0.0
0.0	0.0
-0.01074826531112194	0.0
0.0	0.0
-4.902865891054375e-10	0.0
-6.276920612435788e-05	0.0
-4.812116571883962e-07	0.0
0.0	0.0
-7.418415771098807e-05	0.0
-1.2927171155752148e-05	0.0
0.0	0.0
0.0	0.0
0.0	0.0
0.0	0.0
0.0	0.0
-0.052762482315301895	0.0
0.0	0.0
0.0	0.0
0.0	0.0
0.0	0.0
-0.0009413878433406353	0.0
0.0	0.0
0.0	0.0
0.0	0.0
-0.0016511654248461127	0.0
0.0	0.0
-5.7763882068684325e-05	0.0
0.0	0.0
-0.00010510458378121257	0.0
0.0	0.0
0.0	0.0
-7.880419434513897e-05	0.0
-0.0012331741163507104	0.0
-0.002987243002280593	0.0
0.0	0.0
-0.00011923090642085299	0.0
0.0	0.0
0.0	0.0
-0.0004102690436411649	0.0
-0.01074123289436102	0.0
0.0	0.0
0.0	0.0
0.0	0.0
-0.00019021282787434757	0.0
0.0	0.0
-0.00015024826279841363	0.0
0.0	0.0
0.0	0.0
-0.00021175180154386908	0.0
-0.01975828781723976	0.0
-0.0019048333633691072	0.0
-1.965802766790148e-05	0.0
0.0	0.0
0.0	0.0
0.0	0.0
0.0	0.0
-0.006623301189392805	0.0
-0.0003735346836037934	0.0
0.0	0.0
0.0	0.0
0.0	0.0
-1.0015816769737285e-05	0.0
0.0	0.0
-0.003412923775613308	0.0
0.0	0.0
0.0	0.0
0.0	0.0
-0.0004290561773814261	0.0
-0.0006287377327680588	0.0
0.0	0.0
0.0	0.0
0.0	0.0
0.0	0.0
-5.0481987273087725e-05	1.0
0.0	0.0
-0.0050867777317762375	0.0
0.0	0.0
0.0	0.0
-4.2864294300670736e-06	0.0
0.0	0.0
-0.00021937703422736377	0.0
0.0	0.0
0.0	0.0
0.0	0.0
0.0	0.0
0.0	0.0
0.0	0.0
0.0	0.0
-0.0005410392768681049	0.0
-0.002195181790739298	0.0
-1.309207107169641e-07	0.0
-1.6933454389800318e-05	0.0
-0.001351869897916913	0.0
0.0	0.0
0.0	0.0
0.0	0.0
0.0	0.0
-0.0013957712799310684	0.0
0.0	0.0
-2.7865246011060663e-05	0.0
-0.004928754176944494	0.0
-0.0003005059843417257	0.0
-0.006371582858264446	0.0
0.0	0.0
0.0	0.0
0.0	0.0
-0.010971601121127605	0.0
-0.0020968313328921795	0.0
0.0	0.0
0.0	0.0
0.0	0.0
-3.412602977981294e-10	0.0
0.0	1.0
0.0	1.0
0.0	1.0
-2.162539658456808e-06	1.0
-0.002414875430986285	0.0
-0.0031504204962402582	0.0
-2.2721044601325957e-08	0.0
-0.002237921115010977	0.0
0.0	0.0
0.0	0.0
-0.00041078493813984096	0.0
0.0	0.0
0.0	0.0
0.0	0.0
-2.9795745604133117e-07	0.0
-0.011023752391338348	0.0
0.0	0.0
0.0	0.0
-3.46075976267457e-05	0.0
0.0	0.0
0.0	0.0
-6.28032794338651e-05	0.0
-0.014423004351556301	0.0
0.0	0.0
-2.640481852722587e-06	0.0
-0.0004036904138047248	0.0
0.0	0.0
0.0	0.0
0.0	0.0
0.0	0.0
0.0	0.0
-0.0019097611075267196	0.032
0.0	0.0
0.0	0.0
0.0	0.0
0.0	0.032
0.0	0.0
-0.0015527204377576709	0.032
-9.431452781427652e-06	0.0
-0.0008466483559459448	0.0
0.0	0.0
0.0	0.0
0.0	0.0
-0.016372401267290115	0.1342281879194631
-0.0017470231978222728	0.0
0.0	0.0
-1.1615652510954533e-06	0.0
0.0	0.0
-8.88796702902539e-10	1.0
0.0	1.0
-0.0025189020670950413	1.0
0.0	1.0
-0.0013918420299887657	0.0
0.0	0.0
0.0	0.0
-0.00044203182915225625	0.0
-0.0010490012355148792	0.009
0.0	0.0
0.0	0.0
0.0	0.0
-0.007825876586139202	0.0
0.0	0.0
0.0	0.0
-0.006596364080905914	0.0
-0.0008446369902230799	0.0
0.0	0.0
-9.743363625602797e-05	0.0
-2.673830080957007e-11	0.0
0.0	0.0
-0.0036901531275361776	0.0
0.0	0.0
0.0	0.0
-1.99865571630653e-05	0.0
-0.002121741184964776	0.0
0.0	0.0
-0.0005980703281238675	1.0
-0.00017231267702300102	0.0
-0.00015752969193272293	1.0
0.0	0.0
-0.002882946515455842	0.0
-9.527498581740623e-12	0.0
0.0	0.0
-2.765817589533981e-05	1.0
-4.34192807006184e-05	1.0
0.0	0.0
0.0	0.0
-5.879011587239802e-05	0.0
-0.0011783717200160027	0.0
0.0	0.0
-6.266906211749301e-07	0.0
0.0	0.0
-5.7532164646545425e-05	0.0
-0.01061313971877098	0.0
0.0	0.0
0.0	0.0
0.0	0.0
0.0	0.0
0.0	0.0
-2.0890715290988737e-07	0.0
0.0	0.0
0.0	0.0
-0.000552264740690589	0.0
0.0	0.0
-3.018727966264123e-06	0.0
-2.0895968191325665e-06	0.0
-0.0015757811488583684	0.0
-0.000907004636246711	0.0
-2.684765240701381e-05	0.0
0.0	0.0
0.0	0.0
-0.0006765094585716724	0.0
0.0	0.0
-1.872959252968709e-12	0.0
-8.730942650695185e-18	0.0
0.0	0.0
0.0	0.0
0.0	0.0
0.0	0.0
0.0	0.0
0.0	0.0
-2.431181428619311e-06	0.0
0.0	0.0
0.0	0.0
-1.0568093102847342e-06	0.0
0.0	0.0
0.0	0.0
0.0	0.0
0.0	0.0
0.0	0.0
-0.0012305406853556633	0.0
0.0	0.0
0.0	0.0
-0.00030831745243631303	0.0
-1.2780844372173306e-05	0.0
-0.005261520389467478	0.0
0.0	0.0
-1.4390595424629282e-05	0.0
0.0	0.0
0.0	0.0
0.0	0.0
0.0	0.0
-0.001653809566050768	0.0
-9.10659073269926e-05	0.0
-6.042594691280101e-07	0.0
0.0	0.0
0.0	0.0
-9.238604434358422e-06	0.0
0.0	0.0
0.0	0.0
-0.006152426358312368	0.0
0.0	0.0
-8.138889825204387e-06	0.0
0.0	0.0
0.0	0.0
0.0	0.0
-0.0009311001631431282	0.0
0.0	0.0
0.0	0.0
0.0	0.0
-7.21945907571353e-05	0.0
0.0	0.0
0.0	0.0
0.0	0.0
0.0	0.0
0.0	0.0
-9.848087938735262e-05	0.0
-2.529684707042179e-06	0.0
0.0	0.0
-0.0009582326747477055	0.0
0.0	0.0
-0.00011062200064770877	0.0
0.0	0.0
-0.00020005388068966568	1.0
-0.00012784372665919363	0.0
0.0	0.0
0.0	0.0
0.0	0.0
0.0	1.0
0.0	1.0
-7.100754010025412e-05	0.0
-1.0144925681743189e-06	0.0
-6.552099307555181e-07	0.0
0.0	0.0
0.0	0.0
0.0	0.0
0.0	0.0
0.0	0.0
-3.0135262818475894e-07	0.0
0.0	0.0
-0.0001796666329028085	0.0
0.0	0.0
0.0	0.0
-1.8616682382344152e-06	0.0
0.0	0.0
-0.0002579987340141088	0.0
0.0	0.0
0.0	0.0
-0.08573431521654129	0.0
0.0	0.0
0.0	0.0
0.0	0.0
0.0	0.0
0.0	0.0
-8.766584505792707e-05	0.0
-1.4150468574669617e-09	0.0
0.0	0.0
-0.003672033315524459	0.0
0.0	0.0
-4.78105164347653e-07	0.0
-1.3325059455837618e-07	0.0
-0.004453974775969982	0.0
0.0	0.0
-0.0003170721174683422	0.0
0.0	0.0
0.0	0.0
-1.1398113564098367e-09	0.0
-6.012804698585228e-10	0.0
0.0	0.0
-9.631406783228158e-07	0.0
-4.263194932718761e-05	0.0
0.0	0.0
-6.051262971595861e-05	0.0
0.0	0.0
0.0	0.0
0.0	0.0
0.0	0.0
-8.182076999219134e-05	0.0
0.0	0.0
0.0	0.0
-2.8378282877383754e-05	0.0
0.0	0.0
-0.0009439512505196035	0.0
0.0	0.0
0.0	0.0
0.0	0.0
-9.742358088260517e-05	0.0
0.0	0.0
0.0	0.0
0.0	0.0
0.0	0.0
0.0	0.0
0.0	0.0
0.0	0.0
0.0	0.0
0.0	0.0
0.0	0.0
0.0	0.0
0.0	0.0
0.0	0.0
-0.007594239432364702	0.0
0.0	0.0
0.0	0.0
-0.0010614662896841764	0.0
0.0	0.0
0.0	0.0
-0.007965962402522564	0.0
-2.4514406504749786e-06	0.0
0.0	0.0
-0.00037897611036896706	1.0
-1.1619804496376673e-07	0.0
0.0	0.0
-1.1370337205107717e-07	1.0
0.0	0.0
0.0	0.0
0.0	0.0
-0.00010879123146878555	0.0
-1.3998785107105505e-05	0.0
0.0	0.0
-0.0015988769009709358	0.0
-0.0009799730032682419	0.0
0.0	0.0
-2.279315776831936e-05	0.0
-0.00020847367704845965	0.0
-0.016197368502616882	0.0
-0.000940029916819185	0.0
-0.011764985509216785	0.0
0.0	0.0
-0.004116478841751814	0.0
0.0	0.0
-3.712871432526299e-08	0.0
0.0	0.0
-3.969802037318004e-06	0.0
0.0	0.0
0.0	0.0
-0.010593629442155361	0.0
0.0	0.0
-2.5563625172253523e-07	0.0
-0.008884738199412823	0.0
0.0	0.0
0.0	0.0
0.0	0.0
-0.006455609574913979	0.0
0.0	0.0
0.0	0.0
0.0	0.0
0.0	0.0
-0.0009918758878484368	0.0
-4.634600554709323e-05	0.0
0.0	0.0
-0.0005529121262952685	0.0
0.0	0.0
-1.5770918253110722e-05	0.0
0.0	0.0
-6.924266199348494e-05	0.0
-6.501743587961073e-10	0.0
-0.0021004709415137768	0.0
-0.004025518894195557	0.0
0.0	0.0
-6.358895916491747e-06	0.0
0.0	0.0
0.0	0.0
-1.7327215573459398e-06	0.0
-2.881808768506744e-06	0.0
0.0	0.0
0.0	0.0
-0.00010293679952155799	0.0
-0.0002312895085196942	0.0
0.0	0.0
0.0	0.0
0.0	0.0
0.0	0.0
-1.5577236354147317e-06	0.0
0.0	0.0
0.0	0.0
0.0	0.0
-0.00010257090616505593	0.0
-6.546347140101716e-05	0.0
0.0	0.0
0.0	0.0
0.0	0.0
-0.0005129794008098543	0.0
0.0	0.0
-6.615550773858558e-07	0.0
-6.807430054323049e-06	0.0
-0.0006490398081950843	0.0
0.0	0.0
-0.0016402814071625471	0.0
-9.875914111034945e-05	0.0
0.0	0.0
0.0	0.0
-4.3574600567808375e-06	0.0
0.0	0.0
0.0	0.0
-1.978576847250224e-06	0.0
0.0	0.0
0.0	0.0
-4.207728210303685e-08	0.0
0.0	0.0
-0.0003366418823134154	0.0
0.0	0.0
-1.2686693935393123e-06	0.0
-3.471141241107034e-08	0.0
-4.6647360250062775e-06	0.0
-0.0007964142714627087	0.0
0.0	0.0
-0.00043792129145003855	0.0
0.0	0.0
-2.6169696866418235e-05	0.0
-0.004801175557076931	0.0
0.0	0.0
-0.02329585701227188	0.0
0.0	0.0
-1.7948779714060947e-05	0.0
-0.03855288028717041	0.0
0.0	0.0
-0.0002710460976231843	0.0
-0.0003735158534254879	0.0
0.0	0.0
0.0	0.0
0.0	0.0
0.0	0.0
-0.001234926050528884	0.0
0.0	0.0
-1.8373668353888206e-05	0.0
-2.9926929983048467e-06	0.007
-0.0014783779624849558	0.0
-9.358988108942867e-07	0.007
0.0	0.007
0.0	0.007
-0.00594340730458498	0.0
-0.0013726887991651893	0.007
0.0	0.0
0.0	0.0
0.0	0.0
0.0	0.007
-0.00436969893053174	0.0
0.0	0.007
0.0	0.0
-1.19672067394605e-13	0.007
0.0	0.007
-5.785066314878407e-10	0.0
0.0	0.0
-1.3442167073662858e-05	0.007
0.0	0.0
0.0	0.007
0.0	0.0
-0.0007675532251596451	0.007
0.0	0.007
-0.0004080631479155272	0.0
-7.784648187225685e-05	0.007
-6.139987362985266e-07	0.007
-0.009105166420340538	0.0
0.0	0.0
0.0	0.0
0.0	0.0
0.0	0.0
0.0	0.0
0.0	0.0
0.0	0.0
0.0	0.0
0.0	0.0
-0.00012016817345283926	0.0
0.0	0.0
0.0	0.0
0.0	0.0
0.0	0.0
0.0	0.0
0.0	0.0
0.0	0.0
-0.0004990419838577509	0.0
0.0	0.0
0.0	0.0
0.0	0.0
-4.999588148366866e-16	0.0
0.0	0.0
-9.981427137972787e-05	0.0
0.0	0.0
0.0	0.0
-5.0769500603564666e-08	1.0
-0.00710153067484498	0.0
0.0	0.0
0.0	0.0
-1.0570281119726133e-05	0.0
0.0	0.0
-8.057643441361506e-08	0.0
-0.0003588490071706474	0.0
-0.00338123575784266	0.0
0.0	0.0
0.0	0.0
-4.9561060116998235e-11	0.0
-0.004481211770325899	0.0
0.0	0.0
-0.006267715245485306	0.0
0.0	0.0
0.0	0.0
-0.000716780312359333	0.0
0.0	0.0
0.0	0.0
0.0	0.0
-3.479703445918858e-05	0.0
-2.766086838745796e-12	0.0
-1.591282217106027e-09	0.0
0.0	0.0
-0.00851577427238226	0.0
-3.810623283584391e-08	0.001
0.0	0.001
0.0	0.0
-0.0010477554751560092	0.0
0.0	0.0
0.0	0.0
0.0	0.0
-0.00023969086760189384	0.0
-4.182020063581149e-09	0.0
-0.0002191658568335697	0.0
0.0	0.0
0.0	0.0
0.0	0.0
0.0	0.0
0.0	0.0
-2.807076452882029e-05	0.0
-0.0001223875442519784	0.0
-3.52839492734347e-06	0.0
-0.00010353082325309515	0.0
-7.407851626339834e-06	0.0
0.0	0.0
0.0	0.0
-7.442403875757009e-05	0.0
-0.0006644412642344832	0.0
0.0	0.0
0.0	0.0
0.0	0.0
-0.00029165585874579847	0.0
0.0	0.0
0.0	0.0
-0.0010248017497360706	0.0
-0.0009524862980470061	0.0
0.0	0.0
-1.649807614967358e-07	0.0
0.0	0.0
-0.0037245682906359434	0.0
-0.00985154788941145	0.0
0.0	0.0
0.0	0.0
-0.0037712978664785624	0.0
-2.607699656209661e-08	0.0
0.0	0.0
0.0	0.0
0.0	0.0
0.0	0.0
-2.7733889510273002e-05	0.0
-2.4216965357481968e-06	0.0
0.0	0.0
0.0	0.0
-0.00502788694575429	0.0
0.0	0.0
0.0	0.0
0.0	0.0
0.0	0.0
0.0	0.0
-0.0002364460815442726	0.0
0.0	0.0
-5.250778940535383e-06	0.0
0.0	0.0
0.0	0.0
0.0	0.0
0.0	0.0
0.0	0.0
-2.516337644919986e-07	0.0
0.0	0.0
0.0	0.0
-2.135369686584454e-05	0.0
0.0	0.0
0.0	0.0
-8.776046161074191e-05	0.0
-0.011391558684408665	0.0
-0.0033659953624010086	0.0
0.0	0.0
-4.6099858082016e-06	0.0
-3.134102007606998e-05	0.0
0.0	0.0
0.0	0.0
0.0	0.0
0.0	0.0
0.0	0.0
-0.0021812114864587784	0.0
0.0	0.0
-0.0039047098252922297	0.0
-1.1643587640719488e-06	0.0
-1.0438339374720801e-14	0.0
0.0	0.0
0.0	0.0
-1.4437925521804118e-08	0.0
0.0	0.0
-0.0034547371324151754	0.0
0.0	0.0
0.0	0.0
-0.0024390676990151405	0.0
0.0	0.0
-0.000754128850530833	0.0
-0.0010582433314993978	0.0
-0.00042882683919742703	0.0
0.0	0.0
0.0	0.0
0.0	0.0
0.0	0.0
0.0	0.0
-2.798713694573962e-06	0.0
0.0	0.0
0.0	0.0
0.0	0.0
0.0	0.0
0.0	0.0
-0.00018801467376761138	0.0
0.0	0.0
0.0	0.0
0.0	0.0
-0.0006172379362396896	0.0
0.0	0.0
-3.2274248951580375e-05	0.0
-0.0004773440305143595	0.0
0.0	0.0
0.0	0.0
0.0	0.0
0.0	0.0
0.0	0.0
0.0	0.0
-0.005795606877654791	0.0
-0.0018109396332874894	0.0
0.0	1.0
0.0	1.0
0.0	1.0
0.0	0.0
0.0	0.0
0.0	0.0
0.0	0.0
-7.054429443087429e-05	0.0
-6.439935532398522e-06	0.0
0.0	0.0
-0.009246460162103176	0.0
-5.667503955919528e-06	0.0
-0.006912629585713148	0.0
0.0	0.0
0.0	0.0
-0.002169383689761162	0.0
0.0	0.0
0.0	0.0
0.0	0.0
-3.4542739513199194e-07	0.0
0.0	0.0
0.0	0.0
0.0	0.0
0.0	0.0
0.0	0.0
-0.0014715060824528337	0.0
-0.00024281676451209933	0.0
0.0	0.0
-0.00023425850667990744	0.0
0.0	0.0
0.0	0.0
0.0	0.0
-0.000871033116709441	0.0
-0.00016282984870485961	0.0
0.0	0.0
-3.968478995375335e-05	0.0
-3.212070396330091e-06	0.0
0.0	0.0
-0.0024206640664488077	0.0
0.0	0.0
-0.0018219375051558018	0.0
-0.012680739164352417	0.0
-0.05513835325837135	0.0
0.0	0.0
0.0	0.0
-4.840233547298567e-09	0.0
0.0	0.0
-5.362119281926425e-06	0.0
0.0	0.0
0.0	0.0
0.0	0.0
0.0	0.0
0.0	0.0
0.0	0.0
-3.5592522852623265e-12	0.0
-0.00877347495406866	0.0
0.0	0.0
0.0	0.0
-0.0065885609947144985	0.0
-0.005115147680044174	0.0
-3.142513804732516e-08	0.0
-0.03148513287305832	0.0
-5.914564553677337e-07	0.0
0.0	0.0
-2.4673907361716374e-08	0.0
0.0	0.0
0.0	0.0
0.0	0.0
0.0	0.0
-1.6470812624902464e-05	0.0
0.0	0.0
0.0	0.0
-0.002749556675553322	0.002
-2.3342889107880183e-05	0.002
-0.0002777021727524698	0.0
0.0	0.0
-5.582098765444243e-07	0.0
0.0	0.0
0.0	0.0
-0.005034564062952995	0.0
-5.2179384510964155e-06	0.0
0.0	0.0
-0.001218489371240139	0.0
-3.0052851229811495e-07	0.0
0.0	0.0
-0.003361930837854743	0.0
0.0	0.0
0.0	0.0
0.0	0.0
0.0	0.0
0.0	1.0
0.0	0.0
-0.0007293677190318704	1.0
0.0	0.0
-0.0011064980644732714	0.0
0.0	0.0
0.0	0.0
-0.00019094566232524812	0.0
0.0	0.0
-0.0019078433979302645	0.0
0.0	0.0
0.0	0.0
0.0	0.0
0.0	0.0
-0.004708728287369013	0.0
0.0	0.0
-1.3190564459364396e-05	0.0
0.0	0.003
0.0	0.003
0.0	0.003
-3.0497980333166197e-05	0.0
0.0	0.0
-0.007251950912177563	0.0
-0.0004238194087520242	0.0
-0.0017421417869627476	0.0
0.0	0.0
0.0	0.0
0.0	0.0
