0.0	0.0
-4.925987468595849e-06	0.0
0.0	0.0
0.0	0.0
0.0	0.0
-0.0008053708006627858	0.0
-0.004157662857323885	0.0
-0.0005167504423297942	0.0
0.0	0.0
-0.0023682857863605022	0.0
0.0	0.0
-0.0010097719496116042	0.0
-6.28091802354902e-05	0.0
0.0	0.0
0.0	0.0
0.0	0.0
-0.00030566516215913	0.0
0.0	0.0
0.0	0.0
0.0	0.0
0.0	0.0
0.0	0.0
0.0	0.0
-0.00036992484820075333	0.0
0.0	0.0
0.0	0.0
0.0	0.0
0.0	0.0
0.0	0.0
0.0	0.0
0.0	0.0
0.0	0.0
-0.0002742782235145569	0.0
-0.0020699123851954937	0.0
-0.0007056504255160689	0.0
-2.1688181561785314e-07	0.0
0.0	0.0
-8.803966011328157e-06	0.0
0.0	0.0
-5.624884806820774e-07	0.0
0.0	0.0
-0.0004208782338537276	0.0
0.0	0.0
0.0	0.0
0.0	0.0
0.0	0.0
0.0	0.0
-0.0001469615672249347	0.0
0.0	0.0
-1.0522115445610325e-07	0.0
-0.00023534080537501723	0.0
0.0	0.0
0.0	0.0
0.0	0.0
0.0	0.0
-0.0013256837846711278	0.0
0.0	0.0
0.0	0.0
-1.9001521650352515e-05	0.0
0.0	0.0
-0.0003716126666404307	0.0
0.0	0.0
0.0	0.0
0.0	0.0
0.0	1.0
0.0	0.0
-1.0219930118182674e-05	0.0
0.0	0.0
0.0	0.0
0.0	0.0
-0.00010463306534802541	0.0
0.0	0.0
-0.001029142295010388	0.0
-0.00021251506404951215	0.0
0.0	0.0
0.0	0.0
0.0	0.0
0.0	0.0
-0.00011702390474965796	0.0
0.0	0.0
0.0	0.0
0.0	0.0
0.0	0.0
0.0	0.0
-3.5146556456311373e-06	0.0
0.0	0.0
0.0	0.0
0.0	0.0
0.0	0.0
0.0	0.0
0.0	0.0
0.0	0.0
0.0	0.0
0.0	0.0
0.0	0.0
-1.5384253856609575e-05	0.0
0.0	0.0
0.0	0.0
0.0	0.0
-0.004843521397560835	0.0
0.0	0.0
-1.3389035302679986e-06	0.0
0.0	0.0
0.0	0.0
-2.1197061467193024e-11	0.0
0.0	0.0
0.0	0.0
-2.5735316739883274e-06	0.0
-4.764340588714333e-10	0.0
0.0	0.0
0.0	0.0
0.0	0.0
0.0	0.0
0.0	0.0
0.0	0.0
0.0	0.0
0.0	0.0
0.0	0.0
0.0	0.0
-0.00044704292668029666	0.0
-0.002529900288209319	0.0
-7.871974958106875e-05	0.0
0.0	0.0
-0.0004882835783064365	0.0
0.0	0.0
-0.007290998008102179	0.0
0.0	0.0
0.0	0.0
0.0	0.0
-0.0010426650987938046	0.0
0.0	0.0
0.0	0.0
0.0	0.0
0.0	0.0
0.0	0.0
0.0	0.0
-0.0006242492236196995	0.0
-0.000260229833656922	0.0
0.0	0.0
-3.477960319742124e-07	0.0
-6.610482523683459e-05	0.0
-0.0002247812517452985	0.0
-8.557648106943816e-05	0.0
-2.7400271847000113e-06	0.0
-0.0020589104387909174	0.0
0.0	0.0
-0.0004319614090491086	0.0
-2.587123617558973e-06	0.0
-6.735615170327947e-05	0.0
0.0	0.0
0.0	0.0
0.0	0.0
0.0	0.0
0.0	0.0
0.0	0.0
-0.00046784814912825823	0.0
-4.4550697566592135e-06	0.0
0.0	0.0
-2.387447966611944e-05	0.0
0.0	0.0
-0.0068887039087712765	0.0
-0.00037399778375402093	0.0
0.0	0.0
-0.0013664393918588758	0.0
-0.0022827577777206898	0.0
0.0	0.0
0.0	0.0
0.0	0.0
0.0	0.0
0.0	0.0
-2.1446392111101886e-06	0.0
-0.0014737371820956469	0.0
-1.6976468032225966e-05	0.0
0.0	0.0
-0.0029579440597444773	0.0
0.0	0.0
-0.00031714816577732563	0.0
0.0	0.0
0.0	0.0
-8.507554593961686e-05	0.0
-0.0070704021491110325	0.0
-0.009973459877073765	0.0
-1.3861658487712702e-07	0.0
0.0	0.0
0.0	0.525
0.0	0.0
0.0	0.525
0.0	0.0
0.0	0.0
-0.009892179630696774	0.0
0.0	0.0
0.0	0.0
-0.0061470381915569305	0.0
-2.7826499717775732e-05	0.0
0.0	0.0
-0.00010620072862366214	0.0
0.0	0.0
0.0	0.0
0.0	0.0
-0.0010040199849754572	0.0
0.0	0.0
-0.0016746665351092815	0.0
0.0	0.0
-2.587023262279331e-09	0.0
0.0	0.0
0.0	0.0
0.0	1.0
0.0	0.0
-3.033374803070195e-16	0.0
-9.659526403993368e-05	0.0
0.0	1.0
0.0	0.0
0.0	0.0
0.0	0.0
0.0	1.0
-1.7901133730902075e-07	1.0
0.0	0.0
-6.556780863320455e-05	0.0
0.0	0.0
-1.2103532753826585e-07	0.0
0.0	0.0
-7.759323352729552e-07	0.0
-0.00022404595802072436	0.0
-0.0012690650764852762	0.0
0.0	0.0
0.0	0.0
-3.3655885545158526e-07	0.0
0.0	0.0
-2.5614830519771203e-05	0.0
0.0	0.0
0.0	0.0
0.0	0.0
-0.0004672921495512128	0.0
0.0	0.0
-6.354294868060606e-08	0.0
0.0	0.0
-0.00028807116905227304	0.0
-0.0007126524578779936	0.0
-0.003657591063529253	0.0
-6.478793466158095e-07	0.0
-0.0012693192111328244	0.0
0.0	0.0
0.0	0.0
-7.709664350841194e-05	0.0
-4.89454521357402e-07	0.061
0.0	0.2790202342917998
0.0	0.2790202342917998
-0.0001356725988443941	0.2790202342917998
0.0	0.2790202342917998
0.0	0.0
-0.0015592220006510615	0.061
0.0	0.0
0.0	0.0
-0.00017175939865410328	0.0
0.0	0.0
0.0	0.061
-8.838352272277916e-09	0.0
0.0	0.061
0.0	0.0
-3.646473851404153e-05	0.0
-0.0015759060624986887	0.061
0.0	0.061
0.0	0.0
0.0	0.061
-0.00014352367725223303	0.0
0.0	0.0010649627263045794
-0.0023601318243891	0.06106106106106106
0.0	0.0010649627263045794
0.0	0.0
0.0	0.06106106106106106
-2.7725125619326718e-05	0.06106106106106106
-6.224701064638793e-05	0.0
0.0	0.0
0.0	0.0
-5.989878815171323e-08	0.001
-0.00035826099338009953	0.0
0.0	0.0
-3.679772635223344e-05	0.001
-9.891826630337164e-05	0.0
0.0	0.0
-1.202545809064759e-05	0.001
-4.416151472286245e-11	0.001
-1.3679165533631021e-07	0.0
-4.289167918614112e-06	0.001
-0.00015850218187551945	0.001
-0.001733375363983214	0.001
-0.00010016837768489495	0.0
0.0	0.0
-1.2893318470912226e-15	0.0
0.0	0.0
-3.116335210506804e-05	0.0
-4.31213857154944e-06	0.0
0.0	0.0
0.0	0.0
0.0	0.0
-0.009649648331105709	0.0
0.0	0.0
-0.00011322158388793468	0.0
0.0	0.0
0.0	0.0
-0.004184037446975708	0.0
0.0	1.0
0.0	1.0
0.0	0.0
-0.006203220225870609	0.0
-0.0017350951675325632	0.0
0.0	0.0
0.0	0.0
0.0	0.0
0.0	1.0
-0.00011462288239272311	1.0
0.0	1.0
0.0	0.0
0.0	1.0
0.0	0.0
-3.025582770987967e-07	0.0
0.0	0.0
-1.992652043369958e-09	0.0
0.0	0.0
0.0	0.0
-0.0007109191501513124	0.0
-2.9730550522799604e-05	0.0
0.0	0.0
0.0	0.0
0.0	0.0
0.0	1.0
0.0	0.0
-0.006540496367961168	0.0
-8.973656804300845e-06	0.0
0.0	0.0
-6.901232700329274e-05	0.0
0.0	0.0
0.0	0.0
-0.006817972287535667	0.0
0.0	0.0
0.0	0.0
-9.308143233965893e-08	1.0
0.0	0.0
0.0	0.0
0.0	1.0
-8.524431827083845e-09	1.0
0.0	0.0
-0.00022245115542318672	0.0
0.0	1.0
-0.0017661203164607286	0.0
-0.00027607203810475767	0.0
-1.2121284953536815e-06	0.0
-1.0701040764615755e-07	0.0
0.0	0.0
0.0	0.0
-5.8984223869629204e-05	0.0
-5.8761073887581006e-05	0.0
0.0	0.0
-0.004674060270190239	0.0
-0.002779902657493949	0.0
0.0	0.0
0.0	0.0
0.0	0.0
-2.1681173166143708e-05	0.0
-0.0017758166650310159	0.0
0.0	0.0
0.0	0.0
0.0	0.0
0.0	0.0
0.0	0.0
0.0	0.0
0.0	0.0
-0.002020859392359853	0.0
0.0	0.0
0.0	0.0
-0.00023202892043627799	0.0
-0.0018954613478854299	0.0
0.0	0.0
0.0	0.0
-3.8779071473982185e-06	0.0
-0.004622539505362511	0.0
0.0	0.0
-1.6837659738699884e-11	0.0
0.0	0.0
-5.140400753589347e-05	0.0
0.0	0.0
0.0	0.0
-0.0010691559873521328	0.0
0.0	0.0
-5.26049334439449e-05	0.0
-0.007558305282145739	0.0
0.0	0.002
0.0	0.0
-0.0047826748341321945	0.002
0.0	0.0
-1.30786290242213e-07	0.002
-4.286111652618274e-05	0.0
0.0	0.0
-0.00038302206667140126	0.0
0.0	0.0
0.0	0.0
-0.000394166330806911	0.0
-6.43812882117345e-06	0.0
0.0	0.0
0.0	0.0
0.0	0.0
0.0	0.0
0.0	0.0
0.0	0.0
0.0	0.0
0.0	0.0
0.0	0.0
0.0	0.0
-0.001884901663288474	0.0
0.0	0.0
0.0	0.0
0.0	0.0
-0.0032906047999858856	0.0
-0.00029794350848533213	0.0
0.0	0.0
-0.00037653816980309784	0.0
-4.881209406448761e-06	0.0
0.0	0.0
-0.002330213785171509	1.0
0.0	0.0
0.0	0.0
0.0	0.0
0.0	1.0
0.0	0.0
-0.0009590024128556252	0.0
-0.0017862528329715133	0.0
0.0	0.0
-2.5056071535800584e-05	0.0
0.0	0.0
-0.0012452855007722974	0.0
-0.0003156902967020869	0.0
-3.026320155186113e-05	0.0
-1.27764296848909e-05	0.0
0.0	0.0
0.0	0.0
0.0	0.0
0.0	0.0
-0.002164511475712061	0.0
-0.000296454643830657	0.0
-2.370414040342439e-05	0.0
0.0	0.0
0.0	0.0
0.0	1.0
0.0	0.0
0.0	0.0
0.0	0.0
-0.0005336420726962388	0.0
-0.00012718501966446638	0.0
0.0	0.0
0.0	1.0
-0.04568246006965637	0.0
0.0	1.0
0.0	1.0
0.0	0.0
-0.0006765739526599646	0.0
-3.3929775327123934e-06	0.0
0.0	0.0
0.0	0.0
-1.456716017855797e-05	0.0
-1.6153504475369118e-05	0.0
-0.0002648722438607365	0.0
-0.002766935620456934	0.0
-2.6748788073405194e-08	0.0
-1.6525230619665598e-13	0.0
-6.531454346259125e-06	0.0
-0.002385407220572233	0.0
-4.935023056873433e-08	0.0
0.0	0.0
0.0	0.0
-0.00022057193564251065	0.0
0.0	0.0
0.0	0.0
0.0	0.0
0.0	0.0
-0.0016881428891792893	0.0
-0.017929378896951675	0.0
0.0	0.0
0.0	0.0
-0.0007465489907190204	0.0
-0.009959150105714798	0.0
-1.5077498138893475e-09	0.0
-0.0018939595902338624	0.0
0.0	0.0
-0.00047022345825098455	0.0
0.0	0.0
0.0	0.0
-8.439312026986556e-10	0.0
-2.295831473020371e-05	0.0
-7.707056647632271e-05	0.0
-6.206840043887496e-05	0.0
-3.0067059045514445e-17	0.0
0.0	0.0
0.0	0.0
0.0	0.0
0.0	0.0
-1.1037382137146778e-05	0.0
0.0	0.0
-4.544680268736556e-05	0.0
0.0	0.0
0.0	0.0
0.0	0.0
0.0	0.0
0.0	0.0
-0.0074000284075737	0.0
0.0	0.0
0.0	0.0
0.0	0.0
-3.842650585283991e-06	0.0
0.0	0.0
-0.005525653250515461	0.0
0.0	0.0
0.0	0.0
0.0	0.0
-5.181494543649023e-06	0.0
0.0	0.0
0.0	0.0
0.0	0.0
-0.006446746177971363	0.0
0.0	0.0
-2.095611151275989e-08	0.0
-2.8316724637988955e-05	0.0
0.0	0.0
-3.0104686105092426e-12	0.0
-0.002882580040022731	0.0
0.0	0.0
-0.0001806469081202522	0.0
-0.00022918684408068657	0.0
-0.0032805423252284527	0.0
0.0	0.0
0.0	0.0
0.0	0.0
0.0	0.0
-2.0229970687069e-05	0.0
0.0	0.0
0.0	0.0
-0.0018783407285809517	0.0
-0.00018272326269652694	0.0
-0.008529710583388805	0.0
-0.0003708988078869879	0.0
0.0	0.0
-0.005321867763996124	0.0
0.0	0.0
0.0	0.0
-1.7668802456682897e-06	0.0
0.0	0.0
-0.0002853312762454152	0.0
-1.863997931650374e-05	0.0
0.0	0.0
0.0	0.0
0.0	0.0
-0.0002689237298909575	0.0
-1.3470368820378553e-08	0.0
0.0	0.0
0.0	0.0
-4.8650854296283796e-05	0.0
0.0	0.0
-0.0009906220948323607	0.0
-0.0036999478470534086	0.0
-2.826298077707179e-05	0.0
-1.5281602827599272e-07	0.0
0.0	0.0
-0.00037876429269090295	0.0
0.0	0.0
0.0	0.0
-9.796360700420337e-07	0.0
0.0	0.0
0.0	0.0
0.0	0.0
-0.00031184160616248846	0.0
-0.006418261211365461	0.0
0.0	0.0
0.0	0.0
0.0	0.0
0.0	0.0
0.0	0.0
0.0	0.0
0.0	0.0
-0.0002168051287299022	0.0
-0.0027760390657931566	0.0
-0.0007077152258716524	0.0
-7.955426553962752e-05	0.0
0.0	0.0
0.0	0.0
0.0	0.0
0.0	1.0
0.0	0.0
0.0	0.0
0.0	0.0
0.0	0.0
0.0	0.0
0.0	0.0
-4.131348418923153e-07	0.0
0.0	0.0
0.0	0.0
-0.0011953767389059067	0.0
0.0	0.0
0.0	0.0
-0.00016893299471121281	0.0
-0.0005867155268788338	0.0
0.0	0.0
0.0	0.0
0.0	0.0
-1.5148436887102434e-06	0.0
-0.0037723006680607796	0.0
-7.247143366839737e-05	0.0
0.0	0.0
0.0	0.0
0.0	0.0
-8.162304584402591e-05	0.0
0.0	0.0
-0.0024047151673585176	0.0
0.0	0.0
-3.1899335226626135e-06	0.0
-0.03790703043341637	0.0
0.0	0.0
0.0	0.0
0.0	0.0
-0.0013156270142644644	0.0
0.0	0.0
0.0	0.0
-0.0003909081278834492	0.0
0.0	0.0
0.0	0.0
0.0	0.0
0.0	0.0
0.0	0.0
0.0	0.0
-0.00031426415080204606	0.0
0.0	0.0
-2.0339302864158526e-05	0.0
0.0	0.0
0.0	0.0
0.0	0.0
0.0	0.0
-0.0006447199266403913	0.0
-1.4218058822734747e-05	0.0
-0.0022702536080032587	0.0
0.0	0.0
-0.00011640298180282116	0.0
-0.0009525304194539785	0.0
0.0	0.0
0.0	0.0
0.0	0.0
0.0	0.0
-0.0004287613264750689	0.0
-8.941027545006364e-07	0.0
-7.798057595209684e-07	0.0
0.0	0.0
0.0	0.0
-6.548725650645792e-05	0.0
-0.00024514523101970553	0.0
-1.7659715012996458e-05	0.0
0.0	0.0
-1.6652915157955306e-11	0.0
-9.271876706407056e-07	0.0
0.0	0.0
0.0	0.0
-4.065914254169911e-05	0.0
-0.012944750487804413	0.0
0.0	0.0
0.0	0.0
0.0	0.0
0.0	0.0
0.0	0.0
-0.0034483233466744423	0.0
-2.8837187845964785e-11	0.0
-0.0001357059954898432	0.0
-0.0001408770476700738	0.0
0.0	0.0
0.0	0.0
0.0	0.0
-0.0009761497494764626	0.0
-0.0009267894201911986	0.0
0.0	0.0
0.0	0.0
0.0	0.0
0.0	0.0
-5.7363495897799766e-11	0.0
-2.5617992172044524e-09	0.0
0.0	0.0
0.0	0.0
0.0	0.0
-8.171744411811233e-06	0.0
-2.864383986889152e-06	0.0
-0.0005641718744300306	0.0
-0.00038973489427007735	0.0
0.0	0.0
0.0	0.0
-0.009837698191404343	0.0
-9.416970897291321e-06	0.0
0.0	0.0
0.0	0.0
0.0	0.0
0.0	0.0
-1.360389342153212e-05	0.0
-0.0001469747512601316	0.0
-3.538201781339012e-05	1.0
-0.030985137447714806	0.0
0.0	0.0
-0.004142172634601593	0.0
0.0	0.0
0.0	0.0
0.0	0.0
-7.371268679889909e-07	0.0
0.0	0.0
0.0	0.0
0.0	0.0
-0.0004147385188844055	1.0
0.0	0.0
0.0	0.0
-0.0008143318118527532	0.0
-1.9257113592630049e-07	0.0
0.0	0.0
-1.7626217641009134e-06	0.0
-0.0009040212025865912	0.0
0.0	0.002
-0.0036882429849356413	0.0
-0.0005257780430838466	0.002
-0.004207491874694824	0.002
0.0	0.0
-2.7527355541678844e-06	0.002
0.0	0.0
-0.001019775401800871	0.002
0.0	0.002
-0.002113830531015992	0.0
0.0	0.002
0.0	0.0
-0.0011243886547163129	0.0
-5.7928218666347675e-08	0.002
0.0	0.0
-0.002651892602443695	0.0
0.0	0.0
0.0	0.0
0.0	0.0
-0.000821418478153646	0.0
-0.005851147696375847	0.0
0.0	0.0
-0.0003338436072226614	0.0
0.0	0.0
0.0	0.0
-6.78907053952571e-06	0.0
-6.617514372919686e-06	0.0
-1.1443722769399756e-06	0.0
-0.0020625481847673655	0.0
-4.221493873046711e-05	0.0
0.0	0.0
0.0	0.0
0.0	0.0
0.0	0.0
0.0	0.0
0.0	0.0
0.0	0.0
0.0	0.0
0.0	0.0
-1.5781737374709337e-06	0.0
0.0	0.0
0.0	0.0
0.0	0.0
-0.0005250743706710637	0.0
0.0	0.0
-5.1932394853793085e-05	0.0
0.0	0.0
-0.0005857207579538226	0.0
0.0	0.0
0.0	0.0
-0.012375944294035435	0.0
-5.892776044902348e-08	0.0
0.0	0.0
0.0	0.0
0.0	0.0
-0.00024998426670208573	0.0
0.0	0.0
0.0	0.0
0.0	0.0
-0.0010939803905785084	0.0
0.0	0.0
0.0	0.0
-0.0028823954053223133	0.0
0.0	0.0
0.0	0.0
0.0	0.0
0.0	0.0
0.0	0.0
-0.0002163718600058928	0.0
0.0	0.0
0.0	0.0
-5.682411341467741e-08	0.0
-4.9697009671945125e-06	0.004
0.0	0.0
-9.440553549211472e-05	0.0
0.0	0.0
0.0	0.004
-1.951695594470948e-05	0.004
0.0	0.0
0.0	0.004
0.0	0.004
0.0	0.0
-5.446475483950053e-07	0.0
-0.00010858581663342193	0.0
-1.1423186151660047e-05	0.0
0.0	0.0
0.0	0.0
0.0	0.0
-0.004837260115891695	0.0
0.0	0.0
0.0	0.0
0.0	0.0
-0.0004949784488417208	0.0
0.0	0.0
-2.166805643355474e-06	0.0
-0.0008823246462270617	0.0
-3.0255391720857006e-06	0.0
-0.0015505256596952677	0.0
-0.0017443223623558879	0.0
-3.1880252208793536e-05	0.0
0.0	0.0
0.0	0.0
-1.618593792329648e-08	0.0
-1.6226962316068239e-06	0.0
0.0	0.0
-0.00017640541773289442	0.0
-0.004469406325370073	0.0
0.0	0.0
-0.0015615788288414478	0.0
0.0	0.0
0.0	0.0
0.0	0.0
0.0	0.0
0.0	0.0
0.0	0.0
-0.0007468885742127895	0.0
0.0	0.0
0.0	0.0
-0.00476476876065135	0.0
-0.007456446532160044	0.0
0.0	0.0
-3.795725933741778e-05	0.0
0.0	0.0
-4.19036894072633e-07	0.0
-0.0017057855147868395	0.0
0.0	0.0
0.0	0.0
0.0	0.0
-0.0059599243104457855	0.0
0.0	0.0
0.0	0.0
-4.2972427763743326e-05	0.0
0.0	0.0
-0.00013987906277179718	0.0
0.0	0.0
0.0	0.0
-1.2564829732220062e-10	0.0
-0.0007202980341389775	0.0
0.0	0.0
0.0	0.0
0.0	0.0
-3.609236642887481e-08	0.0
0.0	0.0
-0.005002988036721945	0.0
0.0	0.0
0.0	0.0
0.0	0.0
-5.791359581053257e-05	0.0
-0.0451652817428112	0.0
0.0	0.0
-0.0031146255787461996	0.0
0.0	0.0
-0.004109910689294338	0.0
-9.219680578098632e-06	0.0
-0.0003112938429694623	0.0
0.0	0.0
-4.499999340623617e-05	0.0
-4.463654477149248e-07	0.0
0.0	0.0
0.0	0.0
0.0	0.0
0.0	0.0
0.0	0.0
0.0	0.0
-0.0030534532852470875	0.0
0.0	0.0
0.0	0.0
0.0	0.0
0.0	1.0
0.0	0.0
0.0	0.0
0.0	0.0
-2.137988985850825e-07	0.0
0.0	0.0
0.0	0.0
0.0	0.0
0.0	0.0
-2.042454649853198e-09	0.0
0.0	0.0
0.0	0.0
0.0	1.0
-0.0001210515620186925	0.0
0.0	0.0
0.0	0.0
-5.7950441259890795e-05	0.0
-1.5798348613316193e-05	0.0
0.0	0.0
-6.323175316680363e-09	0.0
0.0	0.0
-3.806270979112014e-05	0.0
-1.7264826013274615e-08	0.0
0.0	0.0
-5.510377576456449e-08	0.0
0.0	0.0
0.0	0.0
0.0	0.0
0.0	0.0
0.0	0.0
-0.0025916697923094034	0.0
0.0	0.0
0.0	0.0
0.0	0.0
-0.00016598915681242943	0.0
0.0	0.0
0.0	0.0
-0.004010614939033985	0.0
-3.993108421695979e-08	0.0
-1.076876856132003e-06	0.0
0.0	0.0
-0.001884348108433187	0.0
-8.991484719444998e-06	0.0
-0.00014485845167655498	0.0
0.0	0.0
0.0	0.0
0.0	0.0
0.0	0.0
-0.0012981431791558862	0.0
0.0	0.0
-0.00012299079389777035	0.0
0.0	0.0
0.0	0.0
0.0	0.0
-2.2060728952055797e-05	0.0
-3.7416396025946597e-07	0.0
-0.00014192743401508778	0.0
0.0	0.0
0.0	1.0
-0.00692581245675683	0.0
0.0	0.0
0.0	0.0
0.0	0.0
0.0	0.0
-0.00026140615227632225	0.0
-0.00018606611411087215	0.0
-0.000573833822272718	0.0
0.0	0.0
-0.00036184536293148994	0.0
-0.0020755052100867033	0.0
0.0	0.0
-0.0008389159920625389	0.0
-6.514756555129741e-15	0.0
-0.0009442525333724916	0.0
-4.454770896700211e-05	0.0
0.0	0.0
0.0	0.0
0.0	0.0
0.0	0.0
0.0	0.0
-5.062227137386799e-05	0.0
