0.0	0.0
0.0	0.0
0.0	0.0
0.0	0.0
0.0	0.0
-0.002815773943439126	0.0
0.0	0.0
-0.003480487037450075	0.0
0.0	0.0
0.0	0.0
-9.140589099843055e-06	0.0
0.0	0.0
-5.235600838204846e-06	0.0
-0.000499037851113826	0.0
0.0	0.0
0.0	0.0
0.0	0.0
-1.942722337844316e-05	0.0
0.0	0.0
-8.011584577616304e-05	0.0
-0.00020204149768687785	0.0
-3.5234079405199736e-05	0.0
0.0	0.0
-0.000165611578267999	0.0
0.0	0.0
0.0	0.0
0.0	0.0
-0.0003915996931027621	0.0
0.0	0.0
-2.719981921472936e-06	0.0
-2.78930478714301e-09	0.0
-9.238132042810321e-05	0.0
0.0	0.0
0.0	0.0
-1.067566586243629e-07	0.0
0.0	0.0
0.0	0.0
0.0	0.0
0.0	0.0
0.0	0.0
-0.0005309260450303555	0.0
0.0	0.0
0.0	0.0
0.0	0.0
0.0	0.0
0.0	0.0
0.0	0.0
0.0	0.0
-3.85779692635424e-08	0.0
0.0	0.0
-1.1222886797668252e-07	0.0
0.0	0.0
0.0	0.0
-6.752111949026585e-05	0.0
0.0	0.0
0.0	0.0
-0.000416475668316707	0.0
-1.3401900105236564e-06	0.0
-8.557393016417336e-08	0.0
-0.0013267064932733774	0.0
0.0	0.0
-0.013736146502196789	0.0
0.0	0.0
-0.00510208448395133	0.0
0.0	0.0
-8.878367907527718e-08	0.0
0.0	0.0
0.0	0.0
0.0	0.0
0.0	0.0
0.0	0.0
0.0	0.0
0.0	0.0
-0.0020777294412255287	0.0
0.0	0.0
-3.155869080728735e-06	0.0
0.0	0.0
0.0	0.0
-0.0023974082432687283	0.0
0.0	0.0
0.0	0.0
-2.6695711312640924e-06	0.0
-4.325731424614787e-05	0.0
0.0	0.0
0.0	0.0
0.0	0.0
0.0	0.0
-0.001156285754404962	0.0
-4.938090933137573e-05	0.0
0.0	0.0
-3.3933343956960016e-07	0.0
0.0	0.0
-0.0001224925072165206	0.0
0.0	0.0
0.0	0.0
0.0	0.0
-0.00010492093861103058	0.0
-1.3781616871710867e-05	0.0
0.0	0.0
-0.008772258646786213	0.0
-3.230442644053255e-06	0.0
0.0	0.0
0.0	0.0
-6.717246378684649e-06	0.0
0.0	0.0
0.0	0.0
0.0	0.0
-0.0017557709943503141	0.002
0.0	0.002
0.0	0.0
0.0	0.0
-0.0002286122617078945	0.0
-0.0032538417726755142	0.0
-8.040881880333473e-07	0.0
0.0	0.0
-4.574800186674111e-06	0.0
-0.03537578508257866	0.0
0.0	0.0
0.0	0.0
0.0	0.0
-0.0007103318930603564	0.0
-0.00426686042919755	0.0
0.0	0.0
-0.00024328498693648726	0.0
0.0	0.0
-0.0002847849973477423	0.0
0.0	0.0
-1.0472484213153166e-08	0.0
-1.5339402352765319e-06	0.0
0.0	0.0
0.0	0.0
0.0	0.0
-7.054459842947836e-07	0.0
-0.0015589774120599031	0.0
0.0	0.0
0.0	0.0
-3.0739312251171214e-07	0.0
0.0	0.0
0.0	0.0
-3.701837769654048e-08	0.0
0.0	0.0
0.0	0.0
0.0	0.0
-0.0012347600422799587	0.0
0.0	0.0
-0.08102292567491531	0.0
0.0	0.0
0.0	0.0
-0.02101043611764908	0.0
0.0	1.0
0.0	0.065
0.0	0.065
0.0	0.0
0.0	0.0
0.0	0.065
-0.034068118780851364	0.0
0.0	0.0
0.0	1.0
0.0	0.0
0.0	0.0
-0.0007184047717601061	0.0
-0.0016003125347197056	1.0
-1.7650390304879693e-07	0.0
0.0	0.0
0.0	0.0
-2.3688742079031044e-09	0.0
0.0	0.0
0.0	0.0
0.0	0.0
-0.002812831662595272	0.0
-2.267677928102785e-06	0.0
0.0	0.0
0.0	0.0
0.0	0.0
-2.1554676099544423e-10	0.0
0.0	0.0
-0.0020609444472938776	0.0
0.0	0.0
0.0	0.0
-0.01736634597182274	0.0
-0.011350458487868309	0.0
-0.0062453108839690685	0.0
0.0	0.0
0.0	0.0
-0.001195343560539186	0.0
-0.0060137915425002575	0.026
0.0	0.0
-0.008947336114943027	0.0
0.0	0.0
-1.3828853298036847e-05	0.0
-0.0012936610728502274	0.0
0.0	0.0
0.0	0.0
0.0	0.0
-0.000367510539945215	0.0
0.0	0.0
0.0	0.0
0.0	0.0
0.0	0.0
-0.008421707898378372	0.0
0.0	0.0
-7.292855457308178e-07	0.0
-6.136995943961665e-05	0.0
0.0	0.0
-0.0002347458794247359	0.0
0.0	0.0
-0.0004829768731724471	0.0
0.0	0.0
-0.0023796563036739826	0.0
0.0	0.0
0.0	0.0
0.0	0.0
-2.7090345611213706e-05	0.0
-4.2025421862490475e-06	0.0
-1.4089385214077765e-09	0.0
0.0	0.0
0.0	0.0
-0.0005054236971773207	0.0
-0.002599619561806321	0.0
0.0	0.0
-0.0036362302489578724	0.0
0.0	0.0
-0.0006533203413709998	0.0
-0.0025168589781969786	0.0
0.0	0.0
0.0	0.0
0.0	0.0
-0.001507296459749341	0.0
-5.900097335143073e-07	1.0
0.0	0.0
0.0	0.0
-3.879690120811574e-05	0.0
0.0	0.0
0.0	0.0
0.0	0.0
-0.0006206058897078037	0.0
-0.001430021715350449	0.0
-3.1860101898928406e-06	0.0
0.0	0.0
-0.000674254959449172	0.0
-0.007969961501657963	0.0
-2.7436502136879426e-07	0.0
0.0	0.0
0.0	0.0
0.0	0.0
-0.0036295359022915363	0.0
-3.0733466701349244e-05	0.0
-2.5473107598372735e-05	0.0
-0.00117295712698251	0.0
-0.00047672519576735795	0.0
0.0	0.0
0.0	0.0
-0.0011976282112300396	0.0
-0.0006543223280459642	0.0
0.0	0.0
-5.0064454626408406e-06	0.0
-0.0029062540270388126	0.0
0.0	0.0
0.0	0.0
0.0	0.0
-1.492496437549562e-07	0.0
-0.0016861328622326255	0.0
0.0	0.0
-3.2563011700403877e-06	0.0
0.0	0.0
-4.510036441529586e-12	0.0
-9.994043814742781e-09	0.0
0.0	0.0
0.0	0.0
0.0	0.0
0.0	0.0
0.0	0.0
0.0	0.0
0.0	0.0
-0.023921221494674683	0.0
0.0	0.0
0.0	0.0
-0.00018735730554908514	0.0
-0.00017375480092596263	0.0
-9.844877786235884e-05	0.0
-4.374435593490489e-05	0.0
-0.0038547436706721783	0.0
0.0	0.0
0.0	0.0
0.0	0.0
0.0	0.0
-0.008354905061423779	0.0
0.0	0.0
-0.002133065601810813	0.0
0.0	1.0
-3.7138339394005015e-05	0.0
0.0	0.0
0.0	0.0
0.0	0.0
0.0	0.0
0.0	0.0
0.0	0.0
0.0	0.0
-8.416089514184932e-08	0.0
0.0	0.0
0.0	0.0
-2.6747597075882368e-05	0.0
-8.167750638676807e-05	0.0
0.0	0.0
0.0	0.0
0.0	0.0
0.0	0.0
-4.003372305305675e-05	0.0
0.0	0.0
-7.069033745210618e-05	0.0
0.0	0.0
0.0	0.0
0.0	0.0
0.0	0.0
0.0	0.0
0.0	0.0
-0.002690269611775875	0.0
0.0	0.0
0.0	0.0
-0.0017690187087282538	0.0
0.0	0.0
0.0	0.0
-0.004850888159126043	0.0
0.0	0.0
0.0	0.0
0.0	0.0
0.0	0.0
0.0	0.0
0.0	0.0
0.0	1.0
0.0	0.0
-0.00045818451326340437	0.0
0.0	0.0
0.0	0.0
0.0	0.0
-0.0008573969826102257	0.0
-8.393100188186509e-07	0.0
0.0	0.0
0.0	0.0
0.0	0.0
-1.4124013590632867e-11	0.0
0.0	0.0
0.0	0.0
-0.00336976395919919	0.0
-0.005468330811709166	0.0
-0.00041722541209310293	0.0
0.0	1.0
0.0	0.0
0.0	0.0
0.0	0.0
0.0	0.0
0.0	0.0
-0.0018038965063169599	0.0
0.0	0.0
-2.0306265469116624e-06	0.0
0.0	0.0
0.0	0.0
0.0	0.0
0.0	0.0
0.0	0.0
-2.9410260893314444e-09	0.0
0.0	0.0
0.0	0.0
0.0	0.342
0.0	0.342
-1.0660698279707503e-07	0.342
0.0	0.342
-0.002706644358113408	0.342
-4.996221832698211e-05	0.342
0.0	0.342
-2.1865771486773156e-05	0.0
-0.0002572957018855959	0.0
0.0	0.342
0.0	0.0
0.0	0.342
0.0	0.0
-0.0035133720375597477	0.0
-0.001520854071713984	0.0
0.0	0.0
-0.0021920681465417147	0.0
-1.868573781393934e-05	0.0
0.0	0.0
0.0	0.0
0.0	0.0
-0.0008810745202936232	0.0
0.0	0.0
-0.00040633889148011804	0.0
0.0	0.0
0.0	0.0
0.0	0.0
-1.4734125670656795e-06	0.0
0.0	0.0
0.0	0.0
0.0	0.0
0.0	0.0
-0.0004468248807825148	0.0
-8.231995161622763e-05	0.0
0.0	0.0
0.0	0.0
-3.276378777172795e-07	0.0
0.0	0.0
0.0	0.0
0.0	0.0
-1.808099477784708e-05	0.0
-0.00299467658624053	0.0
-1.5592118870699778e-05	0.0
0.0	0.0
-0.00018663774244487286	0.0
0.0	0.0
-0.000441153155406937	0.0
0.0	0.0
-2.2993912352831103e-05	0.0
-2.8778507839888334e-05	0.0
0.0	0.0
-0.01398239005357027	0.0
-7.717582661825872e-08	0.0
0.0	0.0
-8.308782526000869e-06	0.0
-0.0011839381186291575	0.0
0.0	0.0
0.0	0.0
0.0	0.0
-9.54505367189995e-07	0.0
-0.0018869362538680434	0.0
0.0	0.0
0.0	0.0
-0.0016191896283999085	0.0
-6.314279016805813e-05	0.0
-4.099065531448787e-09	0.0
0.0	0.0
-6.213332994775556e-07	0.0
0.0	0.0
0.0	0.0
0.0	0.0
0.0	0.0
0.0	0.0
-1.3334036330813539e-16	0.0
-0.000958014337811619	0.0
0.0	0.0
-0.0013546380214393139	0.0
0.0	0.0
0.0	0.0
-5.9953559684799984e-05	1.0
-0.0011975790839642286	0.0
0.0	0.0
0.0	0.0
-9.78833347708985e-10	0.0
0.0	0.0
0.0	0.0
-0.0009812441421672702	0.0
-5.684703864972107e-05	0.0
0.0	0.0
0.0	0.0
-9.126189979724586e-06	0.0
0.0	0.0
-1.1991390920229605e-06	0.0
0.0	0.0
0.0	0.0
-1.3056619858637514e-13	0.0
0.0	0.0
-0.0014781808713451028	0.0
-0.03769495338201523	0.0
0.0	0.0
0.0	0.0
0.0	0.0
0.0	0.0
0.0	0.0
0.0	0.0
0.0	0.0
-5.109868652652949e-06	0.0
-5.74172418055241e-07	0.0
0.0	0.0
0.0	0.0
0.0	0.0
-8.241396244557109e-06	0.0
0.0	0.0
0.0	0.0
-0.010179297998547554	0.0
-2.7670578219840536e-06	0.0
0.0	0.0
-0.0011292871786281466	0.0
0.0	0.0
0.0	0.0
0.0	0.0
-5.322876404534327e-06	0.0
0.0	0.0
0.0	0.0
0.0	0.0
0.0	0.0
-0.002488601254299283	0.0
-0.0006712120957672596	0.0
0.0	0.0
-0.0008691134862601757	0.0
-0.01170327328145504	0.0
-2.2466751033789478e-05	0.0
-0.0016353860264644027	0.0
-0.008400214836001396	0.0
0.0	0.0
0.0	0.0
0.0	0.0
0.0	0.0
0.0	0.0
-5.216648446548788e-09	0.0
0.0	0.0
0.0	0.0
-4.0760514252724533e-07	0.0
-0.000783369003329426	0.0
-0.00012654077727347612	0.0
0.0	0.0
-0.027318986132740974	0.0
0.0	0.0
-2.9549608370871283e-05	0.0
0.0	0.0
0.0	0.0
0.0	0.0
0.0	0.0
-3.1797137580724666e-06	0.0
0.0	0.0
0.0	0.0
0.0	0.0
-5.4303476645145565e-05	0.0
0.0	0.0
0.0	0.0
-0.00010012684651883319	0.0
-0.004737921990454197	0.0
-1.817926147396065e-07	0.0
-1.6401047275849123e-07	0.0
0.0	0.0
0.0	0.0
-0.0024919072166085243	0.0
-1.231538499268936e-05	0.0
0.0	0.0
0.0	0.0
-0.0005670362734235823	0.0
0.0	0.0
0.0	0.0
0.0	0.0
0.0	0.0
0.0	0.0
0.0	0.0
0.0	0.0
0.0	0.0
-1.329020960838534e-05	0.0
0.0	0.0
0.0	0.0
0.0	0.0
-0.003387741046026349	0.0
0.0	0.0
-3.7687561416532844e-05	0.0
-0.0007261786377057433	0.0
-0.00021537145948968828	0.0
0.0	0.0
-0.0035518561489880085	0.0
-5.836076888954267e-05	0.0
0.0	0.0
0.0	0.0
-0.0007718217675574124	0.0
0.0	0.0
0.0	0.0
0.0	0.0
0.0	0.0
0.0	0.0
0.0	0.0
-5.6668206525500864e-05	0.0
0.0	0.0
0.0	0.0
0.0	0.0
-2.5851541067822836e-06	0.0
-0.00028311487403698266	0.0
-5.648953901982168e-06	0.0
-0.0064049032516777515	0.0
0.0	0.0
0.0	0.0
-0.006413093768060207	0.0
0.0	0.0
0.0	0.0
0.0	0.0
-0.00016272871289402246	0.0
0.0	0.0
0.0	0.0
0.0	0.0
-0.00038678391138091683	0.0
0.0	0.0
-0.001411306788213551	0.0
0.0	0.001
0.0	0.001
-6.665668180177303e-14	0.0
0.0	0.0
0.0	0.0
0.0	0.0
0.0	0.0
0.0	0.0
0.0	0.0
-0.00016247575695160776	0.0
0.0	0.0
0.0	0.0
0.0	0.0
0.0	0.0
-0.002518702996894717	0.0
0.0	0.0
-0.0016421152977272868	0.0
0.0	0.0
0.0	0.0
-0.001648608478717506	0.0
-4.4379170560659986e-08	0.0
0.0	0.0
0.0	0.0
-0.0019457322778180242	0.0
-3.298351103353525e-08	0.0
0.0	0.0
0.0	0.0
0.0	0.0
0.0	0.0
0.0	0.0
0.0	0.0
0.0	0.0
0.0	0.0
0.0	0.0
0.0	0.0
-6.957795994821936e-05	0.0
-0.00384644977748394	0.0
0.0	0.0
-0.00230596074834466	0.0
-1.321685203947709e-06	0.0
-5.86842761549633e-05	0.0
0.0	0.0
0.0	0.0
-0.0003621624782681465	0.0
0.0	0.0
0.0	0.0
-0.0009612184949219227	0.0
0.0	0.0
0.0	0.0
-2.7584687813941855e-06	0.0
0.0	0.0
0.0	0.0
0.0	0.0
0.0	0.0
-9.412580766365863e-06	0.103
-8.975026588586843e-08	0.0
0.0	0.0
-0.004552933853119612	0.0
0.0	0.0
0.0	0.0
-0.002199810463935137	0.0
-0.0013008255045861006	0.0
-0.0009928272338584065	0.0
-0.0006383582949638367	0.0
-0.002828514901921153	0.0
-0.0004336716665420681	0.0
0.0	0.0
-1.9471563064143993e-06	0.0
-0.0007200375548563898	0.0
0.0	0.0
-1.437699779671675e-06	0.0
0.0	0.0
0.0	0.0
0.0	0.0
-0.0001040235219988972	0.0
0.0	0.0
0.0	0.0
0.0	0.0
0.0	0.0
-4.2004645365523174e-05	0.0
0.0	0.0
-1.6947263929978362e-06	0.0
0.0	0.0
-0.010810703039169312	0.0
-0.0010785270715132356	0.0
0.0	0.0
-4.1504534920022707e-08	0.0
-0.00012368560419417918	0.0
0.0	0.0
0.0	0.0
-0.0014722016640007496	0.0
0.0	0.0
0.0	0.0
0.0	0.0
0.0	0.0
0.0	0.0
-4.251545782096855e-09	0.0
-1.2258380593266338e-05	0.002
-0.00014474900672212243	0.0
-0.0014524406287819147	0.0
-0.00020523238345049322	0.0
0.0	0.0
-0.00011722334602382034	0.0
-0.013987467624247074	0.0
0.0	1.0
-4.852193160331808e-05	0.0
-0.0020005006808787584	0.0
0.0	0.0
-0.004338456317782402	0.0
-0.0001916810288093984	0.0
0.0	1.0
0.0	1.0
-0.0017260286258533597	0.0
0.0	0.0
-0.0009312320034950972	0.0
-3.5535420011001406e-06	1.0
0.0	0.0
-0.00010512884909985587	0.0
0.0	0.0
0.0	0.0
0.0	0.0
-6.520420470224053e-07	0.0
0.0	0.0
0.0	0.0
0.0	0.0
0.0	0.0
0.0	0.0
-0.0005724656512029469	0.0
-0.006286985240876675	0.002
0.0	0.002
0.0	0.0
-3.20346443913877e-05	0.002
0.0	0.0
0.0	0.0
-9.384575969306752e-05	0.0
-8.705895737648461e-08	0.0
-1.394277471256089e-10	0.0
0.0	0.0
0.0	0.0
-0.00013015286822337657	0.0
0.0	0.0
-0.000500691996421665	0.0
-0.015857290476560593	0.0
0.0	0.0
0.0	0.0
0.0	1.0
0.0	1.0
0.0	1.0
-0.00016184276319108903	0.0
0.0	0.0
0.0	0.0
0.0	0.0
-0.002797927940264344	0.0
-6.222715569492721e-07	0.0
0.0	0.0
-3.7128556868992746e-05	0.0
-0.0016093289013952017	0.0
0.0	0.0
-4.476114918361418e-05	0.0
-7.927487604320049e-05	0.0
-0.00978508498519659	0.0
0.0	0.0
0.0	0.659
0.0	0.0
-0.00028108860715292394	0.0
0.0	0.0
-0.001791447983123362	0.0
0.0	0.0
-6.1184100559330545e-06	0.0
-8.917721174839244e-07	1.0
-2.401336132606957e-06	0.0
0.0	0.0
0.0	0.0
0.0	0.0
-5.317976319929585e-05	0.0
-3.092931365245022e-06	0.0
0.0	0.0
0.0	0.0
0.0	0.0
-1.2363044334051665e-05	0.0
0.0	0.0
-0.00013667983876075596	0.0
0.0	0.0
0.0	0.0
0.0	0.0
-0.00027637052698992193	0.0
-0.00450860382989049	0.0
0.0	0.0
-0.011381600983440876	0.0
-0.008624579757452011	0.0
0.0	0.0
0.0	0.0
0.0	0.0
0.0	0.0
0.0	0.0
0.0	0.0
0.0	0.0
0.0	0.0
0.0	0.0
0.0	0.0
0.0	0.0
0.0	0.0
-0.0038765310309827328	0.0
0.0	0.0
-0.0038320114836096764	0.0
-0.0001057486588251777	0.0
0.0	0.0
0.0	0.0
0.0	0.0
0.0	1.0
0.0	0.0
0.0	0.0
0.0	0.0
0.0	0.0
-0.00010283779556630179	1.0
-4.990544084648718e-07	0.0
0.0	1.0
-3.2594238064120873e-07	1.0
-5.969893024371231e-09	1.0
-1.754332928927127e-10	1.0
-5.235993398855499e-07	1.0
0.0	0.0
0.0	0.0
0.0	0.0
-5.120643618283793e-05	0.0
0.0	0.0
0.0	0.0
0.0	0.0
0.0	0.0
-0.002108821412548423	0.0
-0.01230844110250473	0.0
-0.0009590454865247011	0.0
-0.0013617529766634107	0.0
-0.0007439401815645397	0.0
0.0	0.0
0.0	1.0
0.0	1.0
0.0	0.0
0.0	0.0
0.0	0.0
0.0	0.0
0.0	0.0
0.0	0.0
-4.7655728849349543e-05	0.0
-1.2631707249965984e-05	0.0
0.0	1.0
0.0	0.0
0.0	0.0
0.0	0.0
-6.725487651237927e-07	0.0
-0.0033032679930329323	0.0
0.0	0.0
-0.04491866007447243	0.0
0.0	0.0
-0.029228851199150085	0.0
-2.769192178675439e-06	0.0
0.0	0.0
0.0	0.0
-1.0909638747946815e-09	0.0
0.0	0.0
0.0	0.0
-7.462835327487483e-08	0.0
0.0	0.0
0.0	0.0
0.0	0.0
-8.069056889326021e-07	0.0
0.0	0.0
0.0	0.0
0.0	0.0
-2.456024793262568e-11	0.0
0.0	0.0
0.0	0.0
0.0	0.0
0.0	0.0
0.0	0.0
0.0	0.0
0.0	0.0
-6.244628457352519e-05	0.0
0.0	0.0
0.0	0.0
0.0	0.0
0.0	0.0
-4.398978958874977e-08	0.0
-0.009769854135811329	0.0
0.0	0.0
-0.0018158406019210815	0.0
-0.0006609917618334293	0.0
-4.3438106445137237e-07	1.0
-0.00019665522268041968	0.0
0.0	0.0
0.0	0.0
0.0	0.0
-0.0027146015781909227	0.0
-6.320268093606973e-12	0.0
-3.2509895390830934e-05	0.0
-0.00017650227528065443	0.0
0.0	0.0
0.0	0.0
0.0	0.0
-0.00011836629710160196	0.0
0.0	0.0
0.0	0.0
0.0	0.0
0.0	0.0
-4.6695680566699593e-07	0.0
-8.720917321625166e-06	0.0
0.0	0.0
0.0	0.0
