0.0	0.0
0.0	0.0
0.0	0.0
0.0	0.0
0.0	0.0
-0.003492458490654826	0.0
0.0	0.0
-0.0004048710979986936	0.0
0.0	0.0
-0.053923528641462326	0.0
0.0	0.0
-0.00018766638822853565	0.0
-1.4265738812468953e-08	0.0
0.0	0.0
-9.155829502560664e-06	0.0
0.0	0.0
0.0	0.0
-0.00012056713603669778	0.0
-5.1148781494703144e-05	0.0
0.0	0.0
0.0	0.0
-3.894187102559954e-05	0.0
0.0	0.0
0.0	0.0
-0.0004978930810466409	0.0
0.0	0.0
0.0	0.0
0.0	0.0
0.0	0.0
0.0	0.0
0.0	0.0
0.0	0.0
-7.883489161031321e-05	0.0
0.0	0.0
0.0	0.0
0.0	0.0
0.0	0.0
0.0	0.0
0.0	0.0
0.0	0.0
0.0	0.0
-0.0004298896819818765	0.0
0.0	0.0
0.0	0.0
-0.003468879731371999	0.0
0.0	0.0
-0.010129159316420555	0.0
-3.483762895939435e-07	0.0
0.0	0.0
-5.644677503191531e-10	0.0
-0.00024368666345253587	0.0
0.0	0.0
0.0	0.0
-9.840456921539342e-11	0.0
-0.007860465906560421	0.0
0.0	0.0
-8.633261313661933e-05	0.0
-1.747082387737464e-05	0.0
-0.00012387258175294846	0.0
-1.0693405783968046e-05	0.0
-8.21037101559341e-05	0.0
0.0	0.0
0.0	0.0
-3.126532828900963e-05	0.0
0.0	0.0
0.0	0.0
-3.579391704988666e-05	0.0
0.0	0.0
0.0	0.0
0.0	0.0
0.0	0.0
-0.0007879250915721059	0.0
0.0	0.0
-7.813622460162151e-07	0.0
-7.565995019831462e-06	0.0
-2.3966597595403982e-08	0.0
0.0	0.0
0.0	0.0
0.0	0.0
0.0	0.0
0.0	0.0
0.0	0.0
0.0	0.0
0.0	0.0
0.0	0.0
0.0	0.0
0.0	0.0
0.0	0.0
0.0	0.0
0.0	0.0
-1.615857456727099e-07	0.0
0.0	0.0
0.0	0.0
-0.00036915024975314736	0.0
-1.8742031898000278e-05	0.0
0.0	0.0
0.0	0.0
0.0	0.0
-0.061170004308223724	0.0
0.0	0.0
0.0	0.0
-0.0017406620318070054	0.0
-0.00013217866944614798	0.0
-5.485669210547606e-12	0.0
0.0	0.0
0.0	0.0
0.0	0.0
-9.569937731157552e-08	0.0
-4.076864934177138e-05	0.0
-8.302030209961231e-07	0.0
0.0	0.0
0.0	0.0
-1.8080660879604693e-07	0.0
-6.428365395549918e-07	0.0
-3.758314548463204e-08	0.0
0.0	0.0
0.0	0.0
0.0	0.0
-0.0030914403032511473	0.0
-7.621421397631389e-13	0.0
0.0	0.0
-0.011516304686665535	0.0
0.0	0.0
0.0	0.0
0.0	0.0
0.0	0.0
-0.0011523212306201458	0.0
0.0	0.0
-3.0147664801916108e-05	0.0
-0.00016612414037808776	0.0
0.0	0.0
0.0	0.0
-1.576647991896607e-05	0.0
0.0	0.0
0.0	0.0
0.0	0.0
0.0	0.0
-0.018537744879722595	0.0
-0.00034977158065885305	0.0
0.0	0.0
-6.880484579596668e-05	0.0
0.0	0.0
-0.00015067975618876517	0.0
0.0	0.0
0.0	0.0
0.0	0.0
-0.009289143607020378	0.0
-0.012759828008711338	0.0
0.0	0.0
-0.0039579663425683975	0.0
-2.1343511846794172e-08	0.0
0.0	0.0
0.0	0.0
0.0	0.0
-0.00021366371947806329	0.0
0.0	0.0
0.0	0.0
-0.0020373323932290077	0.0
-3.771583045875104e-11	0.0
0.0	0.0
-0.0001702424924587831	0.0
0.0	0.0
-3.5186997138225706e-06	0.0
0.0	0.0
0.0	1.0
0.0	1.0
0.0	1.0
-0.011066967621445656	0.0
0.0	1.0
-0.00013902834325563163	0.0
-1.0386631856817985e-06	0.0
-0.003133757272735238	0.0
0.0	1.0
-4.753468238050118e-05	1.0
0.0	1.0
0.0	0.0
0.0	0.0
-0.00031325226882472634	0.0
0.0	0.0
-0.00024049245985224843	0.0
0.0	0.0
-8.71939143110012e-09	0.0
0.0	0.0
-2.7089130526292138e-05	0.0
0.0	0.0
0.0	0.0
0.0	0.0
-3.5548941923480015e-06	0.0
-0.0001627765886951238	0.0
0.0	0.0
0.0	0.0
-0.0027118241414427757	0.0
0.0	0.0
0.0	1.0
-0.00015343065024353564	0.0
0.0	0.0
0.0	0.0
-7.842120286483123e-10	0.0
-0.000253506179433316	0.0
-0.002438618801534176	0.0
0.0	0.0
0.0	0.0
0.0	0.0
-0.002234409097582102	0.0
0.0	0.0
0.0	0.0
0.0	0.0
0.0	0.0
0.0	0.0
-0.0002086526801576838	0.0
-0.0007036773022264242	0.0
0.0	0.0
0.0	0.0
0.0	1.0
-8.320824235852342e-06	0.0
0.0	0.0
0.0	0.0
-0.00665677385404706	0.0
0.0	0.0
0.0	0.015
0.0	0.0
-9.033200331032276e-05	0.0
0.0	0.015
0.0	0.0
-0.0020316329319030046	0.0
0.0	0.0
-1.2028355740767438e-05	0.0
0.0	0.0
0.0	0.0
0.0	0.0
-0.04419086501002312	0.0
0.0	0.0
-0.001407091272994876	0.0
0.0	0.0
0.0	0.0
0.0	0.0
0.0	0.0
-0.00015205993258859962	1.0
-0.00043058101437054574	0.0
0.0	0.0
0.0	0.0
0.0	0.0
0.0	0.0
-0.0013777901185676455	0.0
-6.645424582529813e-05	0.0
0.0	0.0
0.0	0.0
0.0	0.0
-2.4268674678751267e-06	0.0
0.0	0.0
0.0	0.0
-7.054068191791885e-07	0.0
0.0	0.0
0.0	0.0
-0.006108240690082312	0.0
-6.085644486120145e-07	0.003
0.0	0.0
0.0	0.0
0.0	0.0
0.0	0.003
0.0	0.0
0.0	0.0
0.0	0.003
-0.0005751471617259085	0.0
-2.637402758409735e-06	0.003
-0.0027550035156309605	0.0
-0.003109192941337824	0.0
-0.0001959319197339937	0.003
-0.0011665491620078683	0.0
-0.006224554963409901	0.0
-1.820934159013632e-07	0.0
0.0	0.0
-7.118850044207647e-05	0.0
-7.32803309801966e-05	0.0
0.0	0.0
-0.0070008039474487305	0.0
0.0	0.0
0.0	0.0
0.0	1.0
0.0	1.0
0.0	1.0
-2.2282046074906248e-07	1.0
-0.010881817899644375	0.004
-0.0013283599400892854	0.0
-1.1082636774517596e-05	0.0
0.0	0.004
-0.0028691645711660385	0.004
-0.00025251321494579315	0.0
0.0	0.0
0.0	0.004
-0.00018537192954681814	0.004
-0.0032101289834827185	0.0
0.0	0.0
-0.0017472297186031938	0.004
-0.0001554316986585036	0.0
-0.0018943079048767686	0.0
0.0	0.0
0.0	0.0
0.0	0.0
-0.0005805471446365118	0.0
-0.00010653952631400898	0.0
-0.0026672924868762493	0.0
-4.603319325724442e-07	0.0
-5.067503298050724e-05	0.0
-4.834168066736311e-06	0.0
0.0	0.0
0.0	0.0
0.0	0.0
0.0	0.0
-0.0013604791602119803	0.0
-8.005380802700302e-10	0.0
-5.709773176931776e-05	0.0
0.0	0.0
0.0	0.0
-0.0007719429559074342	0.0
-0.0033153158146888018	0.0
-1.1080533113272395e-05	0.0
0.0	0.0
0.0	0.0
0.0	0.0
-8.340138037965517e-07	0.0
0.0	0.0
0.0	0.0
0.0	0.0
0.0	0.0
0.0	0.0
-0.0004161242104601115	0.0
-0.0007910829735919833	0.0
0.0	0.0
-4.9836722610052675e-05	0.0
0.0	0.0
-0.0024564245250076056	0.0
0.0	0.0
-3.404244386384647e-10	0.0
0.0	0.0
0.0	0.0
-0.004355058539658785	0.0
0.0	0.0
0.0	0.0
0.0	0.0
0.0	0.0
0.0	0.0
-0.000342707266099751	0.0
0.0	0.0
0.0	0.0
0.0	0.0
0.0	0.0
-2.2847330910735764e-05	0.0
-0.00012226960097905248	0.0
0.0	0.0
0.0	0.0
-0.00040525043732486665	0.0
0.0	0.0
-0.0006887787603773177	0.0
-1.346068711427506e-05	0.0
0.0	0.0
0.0	0.0
0.0	0.0
-1.4754718904441688e-05	0.0
0.0	0.0
0.0	0.0
0.0	0.0
0.0	0.0
-0.0002492742205504328	1.0
-0.010959044098854065	0.0
-0.0006977953016757965	0.0
-0.00021103120525367558	0.0
0.0	0.0
0.0	0.0
0.0	0.0
0.0	0.0
0.0	0.0
0.0	0.0
0.0	0.0
0.0	0.0
-1.089328861780814e-06	0.0
-0.006000590045005083	0.0
0.0	0.0
0.0	0.0
-4.925444500258891e-06	0.0
0.0	0.0
0.0	0.0
0.0	0.0
0.0	0.0
0.0	0.0
-0.004237563814967871	0.0
0.0	0.0
-9.443144222132105e-08	0.0
0.0	0.0
0.0	0.0
0.0	0.0
-0.00030868122121319175	0.0
0.0	0.0
0.0	0.0
-1.2230536028390304e-10	0.0
-3.4725403565971646e-06	0.0
-0.00962915550917387	0.0
0.0	0.0
0.0	0.0
0.0	0.0
0.0	0.0
0.0	0.0
-0.015183919109404087	0.0
0.0	0.0
-0.00019655948563013226	0.0
0.0	0.0
0.0	0.0
0.0	0.0
-0.0007377612055279315	0.0
0.0	0.0
0.0	0.0
-0.0030497333500534296	0.0
0.0	0.0
0.0	0.0
0.0	0.0
0.0	0.0
0.0	0.0
-6.175007911224384e-06	0.0
0.0	0.0
-1.0016564374382142e-05	0.0
0.0	0.0
0.0	0.0
-3.122821556900135e-09	0.0
0.0	0.0
0.0	0.0
0.0	0.0
0.0	0.0
-1.182258415610704e-06	0.0
0.0	0.0
0.0	0.0
0.0	0.0
-0.000605435692705214	0.0
0.0	0.0
0.0	0.0
0.0	0.0
-0.0004503611708059907	0.0
0.0	0.0
0.0	0.0
-4.2018050407932606e-06	0.0
-0.00618390878662467	0.0
-2.976138375743176e-06	0.0
-8.984473970485851e-05	0.0
0.0	0.0
0.0	0.0
-6.287195719778538e-05	0.0
-5.602120654657483e-05	0.0
-0.003142253030091524	0.0
0.0	0.0
-2.7553756609677293e-08	0.0
0.0	0.0
-0.0017509297467768192	0.0
0.0	0.0
-4.973409772901505e-07	0.0
0.0	0.0
-0.000582459440920502	0.0
0.0	0.0
0.0	0.0
-0.01025596633553505	0.0
0.0	0.0
0.0	0.0
0.0	0.0
-2.5735798203641025e-07	0.0
-3.459042272879742e-05	0.0
-7.14535781298764e-05	0.0
0.0	0.0
-0.000145809754030779	0.0
-0.0006148595712147653	0.0
0.0	0.0
-2.999704262762748e-09	0.0
-3.159716044365268e-08	0.0
0.0	0.0
0.0	0.0
0.0	0.0
-4.235590677126311e-05	0.0
-0.0013466763775795698	0.0
-0.0025672842748463154	0.0
0.0	0.0
0.0	0.0
-0.00011203424946870655	0.0
-9.324385246145539e-06	0.0
-2.9670187359442934e-05	0.0
-0.0005128305056132376	0.0
-1.044864306187776e-09	0.0
-0.02158398926258087	0.0
0.0	0.0
-0.0009867625776678324	0.0
-0.00045786582631990314	0.0
-8.309606158718452e-08	0.0
0.0	0.0
0.0	0.0
0.0	0.0
-0.001820119796320796	0.0
0.0	0.0
0.0	0.0
-4.861655907006934e-05	0.0
0.0	0.0
-1.3741374260689554e-08	0.0
0.0	0.0
0.0	0.0
0.0	0.0
0.0	0.0
0.0	0.0
-0.0002911945048253983	0.0
0.0	1.0
0.0	0.0
-2.8860498787253164e-05	0.0
0.0	0.0
-1.325256653217366e-05	0.0
-0.0005166183691471815	0.0
-4.0273997001349926e-05	0.0
0.0	0.0
0.0	0.0
-2.101649687613616e-10	0.0
-3.991306840589459e-08	0.0
-6.433392991311848e-05	0.0
0.0	0.0
0.0	0.0
0.0	0.0
0.0	0.0
-1.5595521745126462e-06	0.0
-9.780825348570943e-05	0.0
0.0	0.0
0.0	0.0
0.0	1.0
0.0	1.0
-2.1243683931970736e-06	0.0
-2.7326219424139708e-05	0.0
0.0	0.0
-6.052587923477404e-05	0.0
-0.000473137479275465	0.0
0.0	0.0
0.0	0.0
0.0	0.0
0.0	0.0
-0.0009239361388608813	0.0
0.0	0.0
-3.592599750845693e-05	1.0
0.0	0.0
0.0	0.0
0.0	1.0
-0.0069313133135437965	0.0
0.0	0.0
-0.004428457003086805	0.0
-8.327914713390783e-08	0.0
-0.000443148281192407	0.0
0.0	0.0
-0.0017243443289771676	0.0
-0.003253036644309759	0.0
0.0	0.0
-0.003388144774362445	0.0
0.0	0.0
0.0	0.0
0.0	0.0
0.0	0.0
0.0	0.0
0.0	0.0
0.0	0.0
0.0	0.0
0.0	0.0
-0.002809052122756839	0.0
0.0	0.0
0.0	0.0
0.0	0.0
-0.005497590638697147	0.0
0.0	0.0
-0.007404251489788294	0.0
-0.00010431546252220869	0.0
0.0	0.0
0.0	0.0
-7.234730592386995e-10	0.0
-0.00016794903785921633	0.0
0.0	0.0
-0.001175200566649437	0.0
-0.002638049889355898	0.0
0.0	0.0
0.0	0.0
0.0	0.0
0.0	0.0
-0.003171606222167611	0.0
-0.0001530077715869993	0.0
0.0	0.0
0.0	0.0
-0.00012793888163287193	0.0
0.0	0.0
-5.153906386112794e-06	0.0
0.0	0.0
-1.7519980247016065e-05	0.0
0.0	0.0
-0.0029453167226165533	0.0
-9.258937643608078e-05	0.0
0.0	0.0
0.0	0.0
0.0	0.0
-0.0010540783405303955	0.0
-0.0007400772301480174	0.0
-3.1874711567070335e-05	0.0
0.0	0.0
-0.0022603587713092566	0.0
0.0	0.0
-1.7582100326762884e-06	0.0
0.0	0.0
-3.661962546175346e-05	0.0
0.0	0.0
0.0	0.0
-0.0014330457197502255	0.0
0.0	0.0
-0.0005340419593267143	0.0
-5.142879899722175e-07	0.0
-0.00016277290706057101	0.0
-0.0036898236721754074	0.0
-5.7465229474473745e-05	0.0
0.0	1.0
0.0	1.0
0.0	0.0
0.0	0.0
0.0	0.0
0.0	0.0
0.0	0.0
0.0	0.0
-4.343333159795293e-08	0.0
-0.00043786095920950174	0.011
0.0	0.0
0.0	0.0
-0.0014634544495493174	0.0
0.0	0.0
0.0	1.0
-6.376300734700635e-05	1.0
0.0	0.0
0.0	0.0
0.0	0.0
0.0	0.0
0.0	0.0
-1.890723069664091e-05	0.0
0.0	0.0
-0.0007788985967636108	0.0
-7.275889220181853e-05	0.0
0.0	0.0
-3.882872624672018e-05	0.0
0.0	0.0
-0.0026157316751778126	0.0
0.0	0.0
0.0	0.0
0.0	0.0
0.0	0.0
-0.010706376284360886	0.0
0.0	0.0
0.0	0.0
0.0	0.0
0.0	0.0
-5.403095201472752e-05	0.0
-3.8107014072030765e-11	0.0
0.0	0.0
0.0	0.0
0.0	0.0
0.0	0.0
-1.7904907508636825e-05	0.0
-0.0011767179239541292	0.0
-1.4092271457839117e-13	0.0
-0.02389734983444214	0.0
0.0	0.0
0.0	0.0
0.0	0.0
0.0	0.0
0.0	0.0
-0.00014730686962138861	0.0
-0.007993881590664387	0.0
-2.6369532406533835e-06	0.0
0.0	0.0
0.0	0.0
-5.519325441127876e-09	0.0
0.0	0.0
0.0	0.0
0.0	0.0
0.0	0.0
0.0	0.0
-4.041214197059162e-05	0.0
0.0	0.0
0.0	0.0
0.0	0.0
0.0	0.0
0.0	0.0
0.0	0.0
0.0	0.0
0.0	0.0
0.0	0.0
-0.0006072306423448026	0.0
0.0	0.0
0.0	0.0
0.0	0.0
0.0	0.0
-6.421282887458801e-05	0.0
-0.0017505781725049019	0.0
-1.0456179779794184e-06	0.0
-0.003398034954443574	0.0
-0.0003789956390392035	0.0
0.0	0.0
-0.00023009299184195697	0.0
0.0	0.0
0.0	0.0
0.0	0.0
-1.5090870419953717e-07	0.0
0.0	0.0
-0.002001384040340781	0.0
0.0	0.0
0.0	0.0
0.0	0.0
0.0	0.0
0.0	0.0
0.0	0.0
0.0	0.0
-1.2391527803856661e-09	0.0
0.0	0.0
-0.0010817416477948427	0.0
-2.1796511262550666e-09	0.0
0.0	0.0
-1.1775789971579798e-05	0.0
-0.004012797027826309	0.0
-0.005736039485782385	0.0
-1.3153177746971778e-07	0.0
0.0	0.0
0.0	0.0
-1.8786373402690515e-05	0.0
0.0	0.0
-0.004784585442394018	0.0
-2.719240284332347e-11	0.0
0.0	0.0
0.0	0.0
-0.0001906718680402264	0.0
-0.00013601320097222924	1.0
-0.014210949651896954	0.0
-9.122674837769296e-11	0.0
0.0	0.0
-0.002147905994206667	0.0
-8.104996231850237e-05	0.0
0.0	0.0
0.0	0.0
-0.004799521528184414	0.0
0.0	0.0
-1.0805187002915773e-06	0.0
0.0	0.0
0.0	0.0
0.0	0.0
-0.008904576301574707	0.0
0.0	0.0
-5.815550593979424e-06	0.0
0.0	0.0
0.0	0.0
0.0	0.0
0.0	0.0
0.0	0.0
-0.0029011834412813187	0.0
0.0	0.0
0.0	0.0
0.0	0.0
-0.0013704182347282767	0.0
-4.2994147406716365e-06	0.0
0.0	0.0
-1.2129577342534503e-08	0.0
0.0	0.0
0.0	0.0
0.0	0.0
-0.0006576093146577477	0.0
-9.38976663746871e-05	0.0
-0.0010796632850542665	0.0
0.0	0.0
-0.0015749678714200854	0.0
-3.2178029130136565e-08	0.0
-3.44786213468673e-11	0.0
-7.490060127679499e-09	0.0
0.0	0.0
0.0	0.0
0.0	0.029
-1.0083830375151592e-06	0.0
0.0	0.0
0.0	0.0
0.0	0.0
-0.0002543986192904413	0.0
0.0	0.0
0.0	0.0
0.0	0.0
0.0	0.0
0.0	0.0
-0.0006311139441095293	0.0
-0.0002389807195868343	0.0
-0.001383019145578146	0.0
0.0	0.0
0.0	0.0
-7.416133030346828e-06	0.0
-0.00017807850963436067	0.0
-4.934809840051457e-05	0.0
-0.0022509184200316668	0.0
-0.0002164555189665407	0.0
-0.0008931843331083655	0.0
0.0	0.0
0.0	0.0
-0.00014882463437970728	0.0
0.0	0.0
0.0	0.0
-0.02394389547407627	0.0
-1.511557729827473e-05	0.0
0.0	0.0
0.0	0.0
0.0	0.0
-1.0371617236160091e-06	0.0
0.0	0.0
0.0	0.0
-0.001333660795353353	0.0
-0.00035911190207116306	0.0
-0.0007481964421458542	0.0
0.0	0.0
0.0	0.0
-7.766845556034241e-06	0.0
-7.720950816292316e-05	0.0
0.0	0.0
0.0	0.0
0.0	0.0
-1.8619569175370998e-07	0.0
0.0	0.0
-2.1443445803015493e-05	0.0
-5.534607225854415e-07	0.0
-2.227366167062428e-06	0.0
0.0	0.0
0.0	0.0
-1.1499896857003478e-07	0.0
-0.00016370996308978647	0.0
0.0	0.0
0.0	0.0
-0.0004149360174778849	0.0
-0.00223756255581975	0.0
0.0	0.0
0.0	0.0
0.0	0.0
0.0	0.0
-3.9707265386823565e-07	0.0
-0.019846923649311066	0.0
-0.005724405869841576	0.0
-0.00125244096852839	0.0
-4.858078384017972e-09	0.0
-0.0003052302054129541	0.0
0.0	0.0
-0.0020294333808124065	0.0
-1.8190076181423542e-12	0.0
0.0	0.0
0.0	0.0
-0.0005784329259768128	0.0
0.0	0.0
-1.3210852557676844e-05	0.0
-0.00029093402554281056	0.0
0.0	0.0
-3.1968265830073506e-06	0.0
-8.7144198914757e-06	0.0
0.0	0.0
0.0	0.0
-0.00013817289436701685	0.0
0.0	0.0
-0.00015198033361230046	0.0
0.0	0.0
-8.337198096342036e-07	0.0
-0.0005758340703323483	0.0
0.0	0.0
0.0	0.0
-0.007740853354334831	0.0
0.0	0.0
-0.0014311677077785134	0.0
0.0	0.0
0.0	0.0
0.0	0.0
0.0	0.0
0.0	0.0
0.0	0.0
0.0	0.0
0.0	0.0
0.0	0.0
-2.9244962007624054e-08	0.0
-9.389260412717704e-06	0.0
0.0	0.0
0.0	0.0
-3.396480678929947e-05	0.0
0.0	0.0
-0.005167599301785231	0.0
0.0	0.0
-0.0002456934889778495	0.0
0.0	0.0
-3.401609501452185e-05	0.0
0.0	0.0
0.0	0.0
0.0	0.0
-2.8573950316967967e-08	0.0
-6.258247822188423e-07	1.0
-0.002701659221202135	0.0
-0.00044629364856518805	0.0
0.0	0.0
0.0	0.0
0.0	0.0
-0.006475151050835848	0.0
0.0	0.0
0.0	0.0
0.0	0.0
0.0	0.0
-6.542020128108561e-05	0.0
0.0	0.0
0.0	0.0
0.0	0.0
-0.005377672612667084	0.0
0.0	0.0
-1.56278986196412e-07	0.0
0.0	0.009
0.0	0.0
-0.000683303049299866	0.009
0.0	0.009
0.0	0.0
0.0	0.0
-8.246799552580342e-05	0.0
0.0	0.0
-1.4019276850518736e-09	0.0
0.0	0.0
0.0	0.0
0.0	0.0
0.0	0.0
0.0	0.0
-0.0006361771957017481	0.057
-0.00010563006071606651	0.0
0.0	0.0
0.0	0.057
-4.602083208737895e-06	0.057
-0.0019413359696045518	0.0
0.0	0.0
-2.537074806241435e-06	0.0
-5.5312968470389023e-05	0.0
0.0	0.0
0.0	0.0
0.0	0.0
-0.0011405650293454528	0.006
0.0	0.0
0.0	0.0
-0.00039031714550219476	0.006
-0.0007638458628207445	0.0
-0.0005782988155260682	0.0
0.0	0.0
-6.0245543863857165e-05	0.0
0.0	0.0
-2.3303980469790986e-06	0.0
0.0	0.0
0.0	0.0
0.0	0.0
-0.000764005642849952	0.0
0.0	0.0
0.0	0.0
-0.014331524260342121	0.0
-0.00013676243543159217	0.0
0.0	0.0
0.0	0.0
0.0	0.0
0.0	0.0
0.0	0.0
-0.007222124375402927	0.0
-1.2275131666683592e-05	0.0
0.0	0.0
0.0	0.0
-5.753841378464131e-06	0.0
-0.00038816474261693656	0.0
0.0	0.0
0.0	0.0
0.0	0.0
-7.194313366198912e-05	0.0
-0.00019701819110196084	0.0
0.0	0.0
0.0	0.0
0.0	1.0
0.0	0.0
0.0	0.0
0.0	0.0
-0.006186376791447401	0.0
0.0	0.0
0.0	0.0
0.0	0.0
0.0	0.0
0.0	0.0
-2.7155324460181873e-06	0.0
0.0	0.0
-0.001646553399041295	0.0
0.0	0.0
