0.0	0.0
-0.00012499961303547025	0.0
-0.00036088109482079744	0.0
0.0	0.0
-0.00013928470434620976	0.0
0.0	0.0
-4.388310480862856e-05	0.0
-0.0016379007138311863	0.0
0.0	0.0
0.0	0.0
0.0	0.0
0.0	0.0
-6.05861194546975e-11	0.0
0.0	0.0
0.0	0.0
-0.00019026530208066106	0.0
-0.0005168552161194384	0.0
0.0	0.0
0.0	0.0
-0.000610078452154994	0.0
-0.004192359745502472	1.0
0.0	0.0
0.0	0.0
0.0	0.0
0.0	0.0
-0.002614770084619522	0.0
0.0	0.0
-0.0008250392857007682	0.0
0.0	0.0
0.0	0.0
0.0	0.0
0.0	0.0
-0.00021906319307163358	0.0
0.0	0.0
-7.275131792994216e-05	0.0
0.0	0.0
0.0	0.0
-0.0007991447346284986	0.0
-0.006638132967054844	0.0
-0.002954375697299838	0.0
0.0	0.0
-0.00023180519929155707	0.0
-4.864514266955666e-05	0.0
-0.0025988076813519	0.0
-0.0018480903236195445	0.0
-1.9727131075342186e-05	0.0
0.0	0.0
-0.0020385701209306717	0.0
0.0	0.0
-8.491590208770106e-10	0.0
-0.0012097593862563372	0.0
0.0	0.0
0.0	0.0
-2.8856970857304987e-07	0.0
-3.6448204809858e-06	1.0
-0.00014012026076670736	0.0
0.0	0.0
0.0	0.0
0.0	0.0
0.0	0.0
-3.4681079341680743e-06	0.0
0.0	0.0
-0.0008582379668951035	0.0
0.0	0.0
-0.00016071947175078094	0.0
-1.5396793173749757e-07	0.0
0.0	0.0
0.0	0.0
-0.04777481406927109	0.0
0.0	0.0
0.0	0.0
0.0	0.0
-0.0038393868599087	0.0
-4.699287728726631e-06	0.0
0.0	0.0
-0.00028495071455836296	0.0
0.0	0.0
0.0	0.0
-7.999606896191835e-05	0.0
0.0	0.0
0.0	0.0
0.0	0.0
-0.0004608559247571975	0.0
-0.0010317036649212241	0.0
0.0	0.0
0.0	0.0
0.0	0.0
-4.460990021470934e-05	0.0
-0.007764467503875494	0.0
0.0	0.0
-2.405945664918363e-09	0.0
0.0	0.0
0.0	0.002
0.0	0.0
0.0	0.002
-2.2572969101020135e-05	0.0
-0.0047308895736932755	0.0
0.0	0.0
0.0	0.0
0.0	0.0
0.0	0.0
-1.9073710063821636e-05	0.0
0.0	0.0
-0.0002616507699713111	0.0
0.0	0.0
-4.10508859706709e-14	0.0
0.0	0.0
-1.5989671808824824e-08	0.0
0.0	0.0
-0.00047767252544872463	0.0
-4.0264101698994637e-05	0.0
-0.0010607073782011867	0.0
0.0	0.0
0.0	0.0
0.0	0.0
0.0	0.0
0.0	0.0
-0.0005637028370983899	0.0
0.0	0.0
0.0	0.0
0.0	0.0
0.0	0.0
0.0	0.0
-0.0002626866626087576	0.0
0.0	0.0
-0.0013472369173541665	0.0
0.0	0.0
0.0	0.0
0.0	0.0
0.0	0.0
-0.00011892310430994257	0.0
-0.0005468110903166234	0.0
0.0	0.0
-2.0937397493980825e-05	0.0
0.0	0.0
0.0	0.0
-7.466733950423077e-05	0.0
-0.0013542890083044767	0.0
0.0	1.0
0.0	1.0
0.0	1.0
0.0	0.0
0.0	0.0
0.0	0.0
0.0	0.0
0.0	0.0
0.0	0.0
0.0	0.0
-0.0006401191931217909	0.0
-6.166658295114757e-07	0.0
-0.002114811446517706	0.0
0.0	0.0
-5.38556560059078e-06	0.0
0.0	0.0
-0.0002453578927088529	0.0
-0.0010713482042774558	0.0
0.0	0.0
-0.0002697652962524444	0.0
-2.6470823399904475e-07	0.0
-0.00029966761940158904	0.0
0.0	0.0
-5.005902494303882e-06	0.0
0.0	0.0
0.0	0.0
0.0	0.0
0.0	0.0
0.0	0.0
-0.00023738118761684746	0.0
-7.329683171519719e-08	0.0
-0.006155299488455057	0.0
0.0	0.0
0.0	0.0
0.0	0.0
-9.487237662142434e-10	0.0
-0.00390892056748271	0.0
0.0	0.0
0.0	0.0
-0.0040276190266013145	0.0
-2.7737321488530142e-06	0.0
-0.0009813015349209309	0.0
-0.007534828968346119	0.0
0.0	0.0
-0.00036042658030055463	0.0
-0.00013110332656651735	0.0
-1.0035269042418804e-06	0.0
-1.228785777129815e-06	0.0
0.0	0.0
0.0	0.0
0.0	0.0
-2.0280087483115494e-05	0.0
-9.651399750509881e-07	0.0
0.0	0.0
-4.206823177810293e-06	0.0
0.0	0.0
-0.07075241953134537	0.0
0.0	0.0
-1.7704047650113353e-07	0.0
0.0	0.0
0.0	0.0
0.0	0.0
0.0	0.0
0.0	0.005
0.0	0.0
-0.0010567395947873592	0.0
0.0	0.0
0.0	0.0
-0.00022296348470263183	0.0
-4.49249564553611e-05	0.0
-9.038990356202703e-06	0.0
0.0	0.0
0.0	0.0
0.0	0.0
0.0	0.0
-8.087231253739446e-05	0.0
0.0	0.0
-8.207020982808899e-06	0.0
-0.00020285534264985472	0.0
-2.0173866133177398e-08	0.0
0.0	0.0
0.0	0.0
0.0	1.0
0.0	0.0
0.0	0.0
0.0	0.0
-2.992181725858245e-05	0.0
0.0	1.0
0.0	0.0
-1.3732695833823527e-06	0.0
0.0	0.0
0.0	0.0
-0.00033664630609564483	0.0
0.0	0.0
0.0	0.0
0.0	1.0
0.0	1.0
0.0	0.0
0.0	0.0
-0.007807151414453983	0.0
-0.002377048833295703	0.0
0.0	0.0
0.0	0.0
0.0	0.0
-1.7028894490067614e-06	0.0
0.0	0.0
-4.9495301936985925e-05	0.0
-0.007035197224467993	0.0
-6.673212919849902e-05	0.0
-0.0003430419892538339	0.322
0.0	0.0
-0.0005114864325150847	0.0
0.0	0.0
0.0	0.0
0.0	0.0
0.0	0.0
0.0	0.0
0.0	0.0
0.0	0.0
0.0	0.0
-0.001515281037427485	0.0
-4.098325462109642e-06	0.0
0.0	0.0
0.0	0.0
0.0	0.0
0.0	0.0
-1.7654120938459528e-06	0.0
-7.733119673503097e-07	0.0
0.0	0.0
0.0	0.0
-1.0463104160862713e-08	0.0
-0.003773459466174245	0.0
-4.627520320354961e-05	0.0
-0.00645869504660368	0.0
0.0	0.0
0.0	1.0
0.0	0.0
-0.0016787975328043103	0.0
0.0	0.0
-1.2459065779069078e-08	0.0
0.0	0.0
0.0	0.0
0.0	0.0
-1.653907233389873e-09	0.0
-4.092360904905945e-05	0.0
0.0	0.0
-4.990367597201839e-05	0.0
-9.715387960795852e-08	0.0
-0.0029428109992295504	0.0
-3.4230408346047625e-05	0.0
0.0	0.0
-0.00040130384149961174	0.0
-1.863341276475694e-05	0.0
0.0	0.0
0.0	0.0
-0.004480953328311443	0.0
0.0	0.0
-2.1246012693154626e-05	0.0
0.0	1.0
0.0	1.0
0.0	0.0
0.0	0.0
0.0	0.0
0.0	0.0
-0.0011681562755256891	0.0
0.0	0.0
-3.3820285807451e-06	0.0
0.0	0.0
0.0	0.0
-2.4613069399492815e-05	0.0
0.0	0.0
0.0	0.0
-0.003956774715334177	0.0
-9.209566087520216e-08	0.0
-0.0025698754470795393	0.0
0.0	0.0
0.0	0.0
-0.001683238078840077	0.0
0.0	0.0
0.0	0.0
-0.0008947111782617867	0.0
0.0	0.0
0.0	0.0
0.0	0.0
-4.931114290229743e-06	0.0
0.0	0.0
0.0	0.0
-0.0005595405818894506	0.0
-0.00012524609337560833	0.0
0.0	0.0
0.0	0.0
-0.00018872885266318917	0.0
0.0	0.0
0.0	0.0
-4.097599685337627e-06	0.0
0.0	0.0
0.0	0.0
-6.183116738611716e-07	0.0
0.0	0.0
0.0	0.0
-1.396865741298825e-06	0.0
0.0	0.0
-0.04215668886899948	0.0
0.0	0.0
-0.00010522543743718415	0.0
0.0	0.0
0.0	0.0
-0.004039502236992121	0.0
0.0	0.0
0.0	0.0
0.0	0.0
0.0	0.0
-0.0002508882898837328	0.0
0.0	0.0
0.0	0.0
0.0	0.0
0.0	0.0
0.0	0.0
-0.0021155760623514652	0.0
-2.191404018958565e-05	0.0
0.0	0.0
-7.440650051648845e-07	0.001
-0.006190357264131308	0.001
-4.634940978576196e-06	0.0
0.0	0.0
-0.0043912059627473354	0.0
0.0	0.0
0.0	0.0
-6.762625730516447e-07	0.0
-3.0960760000198206e-07	0.0
0.0	1.0
0.0	0.0
0.0	0.0
0.0	0.0
0.0	0.0
0.0	0.0
0.0	0.0
0.0	0.0
0.0	0.0
0.0	0.0
-0.00014464472769759595	0.0
-9.74275216059084e-10	0.0
-1.0112661357197794e-06	0.0
0.0	0.0
0.0	0.0
0.0	0.0
0.0	0.0
0.0	0.0
0.0	0.0
-0.0009055119007825851	0.0
0.0	0.0
-3.3755271910962392e-09	0.0
0.0	0.0
0.0	0.0
-0.00849019456654787	0.0
0.0	0.0
-2.288619907631073e-05	0.0
0.0	0.0
0.0	0.0
0.0	0.0
-2.9813793389621424e-06	0.0
0.0	0.0
0.0	0.0
-1.670147398158406e-08	0.0
0.0	0.0
0.0	0.0
0.0	0.0
0.0	0.0
0.0	0.0
0.0	0.0
0.0	0.0
0.0	0.0
-0.0003766088339034468	0.0
0.0	0.0
0.0	0.0
-2.9318749511730857e-05	0.0
0.0	0.0
-0.00017555875820107758	0.0
0.0	0.0
0.0	0.0
-8.951960626291111e-05	0.0
0.0	0.0
0.0	0.0
-0.00018754885240923613	0.0
0.0	0.0
-0.0015535455895587802	0.0
0.0	0.0
0.0	0.0
0.0	0.0
0.0	0.0
0.0	0.0
0.0	0.0
-0.0014682976761832833	0.0
0.0	0.0
0.0	0.0
0.0	0.0
-0.004912328906357288	0.0
0.0	0.0
-0.0009139096364378929	0.0
-0.0015035195974633098	0.0
0.0	0.0
0.0	0.0
0.0	0.0
0.0	0.0
0.0	0.0
0.0	0.0
-2.597145339677809e-06	0.0
0.0	0.0
-3.265966142862453e-06	0.0
0.0	0.0
0.0	0.0
-0.0006121095502749085	0.0
0.0	0.0
0.0	0.0
-3.5228051274316385e-05	0.0
0.0	0.0
0.0	0.0
0.0	0.0
0.0	0.0
-0.00014796981122344732	0.0
-0.06121939793229103	0.0
-4.711457222583704e-06	0.0
-2.2180369541047185e-08	0.0
0.0	0.0
0.0	0.0
-3.969432327721734e-06	0.0
0.0	0.0
0.0	0.0
0.0	0.0
-1.2201920897292329e-11	0.0
0.0	0.0
-0.0019629227463155985	0.0
-3.3530647008950254e-11	0.0
-1.5194919797067996e-05	0.0
-6.184734502312494e-07	0.0
-2.457907612551935e-06	0.0
0.0	0.0
0.0	0.0
0.0	0.0
0.0	0.0
-5.5066179811547045e-06	0.0
0.0	0.0
0.0	0.0
0.0	0.0
0.0	0.0
-0.00011457597429398447	0.0
0.0	0.0
0.0	0.0
-3.2322259357897565e-05	0.0
-1.705345020752702e-08	0.0
-0.0002646165667101741	0.0
-2.104904706357047e-05	0.0
-1.1012691629730398e-06	0.0
0.0	0.0
0.0	0.0
-0.00566471042111516	0.0
-0.004362689331173897	0.0
0.0	0.0
0.0	0.0
-3.2110892789205536e-05	0.0
-2.9843993161193794e-06	0.0
0.0	0.0
0.0	0.0
0.0	0.0
-0.00015204158262349665	0.0
0.0	0.0
-0.0009315322386100888	0.0
0.0	0.0
-0.0005329794948920608	0.0
0.0	0.0
-0.0012969729723408818	0.0
-2.2962454693242762e-07	0.0
0.0	0.0
0.0	0.0
0.0	0.0
0.0	0.0
0.0	0.0
0.0	0.0
-0.013415507972240448	0.0
0.0	0.0
0.0	0.0
-6.790197293327083e-10	0.0
0.0	0.0
-0.0002547882904764265	0.0
0.0	0.0
-4.511962861161141e-17	0.0
-0.0016275523230433464	0.0
0.0	0.0
0.0	0.0
0.0	0.0
-0.0007238872931338847	0.0
-2.920850672438746e-09	0.0
0.0	0.0
-0.00018457933038007468	0.0
0.0	0.0
-1.2322276461418369e-06	0.0
-3.2420769002783345e-06	0.0
-5.693743150914088e-05	0.0
0.0	0.0
-0.00011790754069807008	0.0
0.0	0.0
0.0	0.0
-3.010145022130928e-08	0.0
-2.480448983988026e-06	0.0
-5.225424320087768e-05	0.0
0.0	0.0
-0.0032634600065648556	0.0
0.0	0.0
-0.0004284838796593249	0.0
0.0	0.0
0.0	0.0
0.0	0.0
0.0	0.0
0.0	0.0
-0.00025680591352283955	0.0
0.0	0.0
0.0	0.0
-0.007532529998570681	0.0
0.0	0.0
-0.0009183963993564248	0.0
-4.827163024856418e-07	0.0
0.0	0.0
0.0	0.0
0.0	0.0
0.0	0.0
0.0	0.0
0.0	0.0
-0.0005341359064914286	0.0
-0.00048065546434372663	0.0
-2.6180974660702824e-19	0.0
0.0	0.0
0.0	0.0
0.0	0.0
-2.576174483692739e-05	0.0
0.0	0.0
0.0	0.0
0.0	0.0
0.0	0.0
0.0	0.0
-4.40759094999521e-06	0.0
0.0	0.0
-0.0012402093270793557	0.0
-0.0015327256405726075	0.0
-2.7965516187500317e-12	0.0
-0.0005670642713084817	0.0
0.0	0.0
0.0	0.0
0.0	0.0
-0.00017360532365273684	0.0
-2.596053855086211e-05	0.0
0.0	0.0
0.0	0.0
0.0	0.0
-0.0022876400034874678	0.0
-7.035353347992203e-20	0.0
0.0	0.322
-0.000898927915841341	0.0
-3.627875412348658e-05	0.322
0.0	0.0
0.0	0.0
-0.0006584631046280265	0.0
0.0	0.0
0.0	0.322
0.0	0.0
-9.88823376246728e-06	0.0
0.0	0.0
-9.331550245406106e-06	0.0
-9.31276833426864e-10	0.0
0.0	0.0
-0.004974815528839827	0.0
0.0	0.0
-1.5660649523852044e-06	0.0
0.0	0.0
0.0	0.0
0.0	0.0
-3.967032569107687e-07	0.0
-7.454515434801579e-05	0.0
-0.001524168299511075	0.0
-0.00160686403978616	0.0
0.0	0.0
0.0	0.0
0.0	0.0
-0.010559923946857452	0.0
0.0	0.0
0.0	0.0
0.0	0.0
0.0	0.0
0.0	0.0
0.0	0.0
0.0	0.0
0.0	0.0
0.0	0.0
-5.740669621445704e-06	0.0
0.0	0.0
0.0	0.0
0.0	0.0
-8.950305527832825e-07	0.0
0.0	0.0
0.0	0.0
-8.909455209504813e-05	0.0
0.0	0.0
0.0	0.0
-0.00011888411972904578	0.0
0.0	0.0
0.0	0.0
0.0	0.0
0.0	0.0
-0.00042560079600661993	0.0
-4.52756374058616e-11	0.0
-0.00024220197519753128	0.0
-0.0009252750896848738	0.0
0.0	0.0
0.0	0.0
0.0	0.0
0.0	0.0
-1.7662490563452593e-06	0.0
0.0	0.0
-1.925626058607577e-08	0.0
0.0	0.0
-1.7149557152151829e-06	0.0
0.0	0.0
-0.031117966398596764	0.0
-0.0008792232256382704	0.0
0.0	0.0
0.0	0.0
0.0	0.0
0.0	0.0
0.0	0.0
-0.0008848574943840504	0.0
0.0	0.0
0.0	0.0
0.0	0.0
0.0	0.0
0.0	0.0
-4.6178019741383025e-11	0.0
-4.2735155147966e-06	0.0
0.0	0.0
0.0	0.0
-1.4071356417844072e-05	0.0
-0.001868605730123818	0.0
0.0	0.0
0.0	0.0
0.0	0.0
0.0	0.0
0.0	0.0
-1.2256111403985415e-05	0.0
-1.0856893162269898e-10	0.0
-7.352526267823123e-07	0.0
0.0	0.0
0.0	0.0
-0.0004080816579516977	0.0
0.0	0.0
0.0	0.0
-3.1009036320028827e-05	0.0
-0.00015742707182653248	0.0
0.0	0.0
-4.6011478843865916e-05	0.0
-0.00425700331106782	0.0
-0.0021822683047503233	0.0
-0.015149625018239021	0.0
0.0	0.0
0.0	0.0
-0.00026393693406134844	0.0
0.0	0.0
0.0	0.0
-7.289652614872466e-08	0.0
0.0	0.0
0.0	0.0
-0.006441659759730101	0.0
-0.002066611312329769	0.0
0.0	0.0
-1.0115885743289255e-05	0.0
0.0	0.0
0.0	0.0
-0.0024085375480353832	0.0
0.0	0.0
0.0	0.0
-0.008385281078517437	0.0
0.0	0.0
0.0	0.0
0.0	0.0
0.0	0.0
-2.5934446057362948e-06	0.0
0.0	0.0
0.0	0.0
0.0	0.0
0.0	0.0
-0.0032924481201916933	0.0
-8.663475455250591e-06	0.0
0.0	0.0
-9.503192011095507e-09	0.0
0.0	0.0
0.0	0.0
0.0	0.0
0.0	0.0
-2.614835015180006e-10	0.0
-5.7818320783553645e-05	0.0
0.0	0.0
0.0	0.0
-0.0011640568263828754	0.0
0.0	0.0
0.0	0.0
0.0	0.0
0.0	0.0
-2.7401323677622713e-05	0.0
-5.673740588463261e-08	0.0
-0.0022704582661390305	0.0
0.0	0.0
-1.9123532183584757e-05	1.0
0.0	0.0
-0.00027595096617005765	0.0
-0.0010888178367167711	0.0
0.0	0.0
-0.003966820426285267	0.0
-0.00018550021923147142	1.0
0.0	0.0
0.0	0.0
0.0	1.0
-1.3753842154073936e-07	1.0
-6.898077344885678e-07	0.0
-0.0017713723937049508	0.0
0.0	0.0
0.0	0.0
-1.4386071143235313e-06	0.0
-0.0030869522597640753	0.0
0.0	0.0
-1.578036608407274e-05	0.0
0.0	0.0
0.0	0.0
0.0	0.0
0.0	0.0
0.0	0.0
0.0	0.0
-4.113208342459984e-05	0.0
-0.0005621877498924732	0.0
0.0	0.0
-0.00020120572298765182	0.0
0.0	0.0
-0.0021175453439354897	0.0
0.0	0.0
-7.903561694000416e-10	0.0
0.0	0.0
0.0	0.0
-0.00989545974880457	0.0
-6.171097055585051e-08	0.0
-0.002929786453023553	0.0
0.0	0.0
-0.009875090792775154	0.0
-7.635284759999195e-07	0.0
0.0	0.0
0.0	0.0
0.0	0.0
0.0	0.0
-0.0004994355840608478	0.0
0.0	0.0
0.0	0.0
0.0	0.0
0.0	0.0
-0.009310518391430378	0.0
-2.5235106448917577e-08	0.0
-6.091386076101379e-13	0.0
-3.250780537200626e-06	0.0
0.0	0.0
0.0	0.0
0.0	0.0
-0.0004107943386770785	0.0
0.0	0.0
0.0	0.0
0.0	0.0
0.0	0.0
0.0	0.0
-1.6518817574251443e-05	0.0
-0.0006382765714079142	0.0
-5.1613956202345435e-06	0.0
0.0	0.0
0.0	0.0
0.0	0.0
0.0	0.0
0.0	0.0
-9.122181410248231e-08	0.0
0.0	0.0
-1.7613340332900407e-06	0.0
0.0	0.0
-1.7527564750707825e-06	0.0
0.0	0.0
0.0	0.0
0.0	0.0
0.0	0.0
0.0	0.0
-0.00043802615255117416	0.0
-3.171765783349656e-08	0.0
0.0	0.0
0.0	0.0
0.0	0.0
0.0	0.0
-8.209466614061967e-05	0.0
0.0	0.0
-0.00043166952673345804	0.0
-0.00022074297885410488	0.0
0.0	0.0
0.0	0.0
-0.0008491965709254146	0.0
-2.3092243282007985e-05	0.0
-1.2581660939758876e-06	0.0
-0.0012396821985021234	0.0
0.0	0.0
0.0	0.0
-5.388316459686848e-10	0.0
0.0	0.0
0.0	0.0
0.0	0.0
0.0	0.0
0.0	0.0
-0.006596726831048727	0.0
-4.7396993068105076e-06	0.0
-0.0011638482101261616	0.0
0.0	0.0
0.0	0.0
0.0	0.0
0.0	0.0
-1.3634335118695162e-06	0.0
-9.93159192148596e-05	0.0
-6.013021902617766e-08	0.0
0.0	0.001
0.0	0.0
0.0	0.0
-2.7550661343411775e-06	0.0
0.0	0.0
-0.0001758575381245464	0.0
0.0	0.0
0.0	0.0
0.0	0.0
0.0	0.0
0.0	0.0
-0.0005276308511383832	0.0
-2.9217098926892504e-06	0.0
0.0	0.0
0.0	0.0
-1.5626912386323966e-07	0.0
-0.00023888830037321895	1.0
0.0	0.0
-0.00019876040460076183	0.0
0.0	0.0
-0.0011734811123460531	0.0
0.0	0.0
0.0	0.0
-0.001255718758329749	0.0
-0.0017846212722361088	0.0
0.0	0.0
0.0	0.0
0.0	0.0
0.0	0.0
0.0	0.0
0.0	0.0
0.0	0.0
0.0	0.0
0.0	0.0
0.0	0.0
0.0	0.0
-0.0007177196093834937	0.0
-0.007887450978159904	0.0
-0.0011864223051816225	0.0
-6.00156381551642e-05	0.0
0.0	0.0
-7.337056899814343e-07	0.0
-4.0027935028774664e-05	0.0
0.0	0.0
0.0	0.0
0.0	0.0
-0.00025866259238682687	0.0
0.0	1.0
-5.136034087627195e-05	1.0
-0.0017338464967906475	0.0
0.0	0.0
-0.012553910724818707	0.0
-2.0613358567810047e-13	0.0
0.0	0.0
-0.0003449950600042939	0.0
0.0	0.0
0.0	0.0
0.0	0.0
0.0	0.0
-3.8709167426986824e-08	0.0
0.0	0.0
0.0	0.0
-0.0004699384153354913	0.0
0.0	0.0
0.0	0.0
0.0	0.0
0.0	0.0
0.0	0.0
0.0	0.0
0.0	0.0
-2.7261328341410263e-06	0.0
0.0	0.0
0.0	0.0
0.0	0.0
0.0	1.0
0.0	0.0
