0.0	0.0
0.0	0.0
-3.769082184135186e-07	0.0
0.0	0.0
0.0	1.0
-7.764465408399701e-06	0.0
-0.027170684188604355	0.0
0.0	0.0
-0.0005552463117055595	0.0
-0.00022064628137741238	0.0
0.0	0.0
0.0	0.0
0.0	0.0
0.0	0.0
0.0	0.0
-0.00043516827281564474	0.0
-1.5965708826115588e-06	0.0
-2.0645142285502516e-05	1.0
0.0	1.0
0.0	0.0
0.0	0.0
0.0	1.0
0.0	0.0
-0.0023371437564492226	0.0
0.0	0.0
-0.0015389882028102875	1.0
0.0	0.0
-0.0003278381482232362	0.0
0.0	0.0
-0.019107894971966743	0.0
0.0	0.0
0.0	1.0
0.0	1.0
-0.00037514770519919693	0.0
0.0	0.0
0.0	0.0
-3.705268318299204e-05	0.0
0.0	0.0
0.0	0.0
-0.0029654442332684994	0.0
0.0	0.0
-0.010215165093541145	0.0
0.0	0.0
-0.00025780824944376945	0.0
0.0	0.0
-0.02379108965396881	0.0
0.0	0.0
-0.0024354143533855677	0.0
-6.971976631575671e-07	1.0
0.0	1.0
-0.00038315230631269515	0.0
-0.002282239031046629	0.0
0.0	0.0
0.0	0.0
-6.370396022248315e-06	0.0
0.0	0.0
0.0	0.0
-6.911665695952252e-05	0.0
-4.625410383596318e-07	0.0
-5.291025217957213e-07	0.0
0.0	0.0
-0.000241573216044344	0.0
-2.3314596475643157e-08	0.0
0.0	0.0
0.0	0.0
0.0	0.0
0.0	0.0
0.0	0.0
0.0	0.0
-0.012560841627418995	0.0
0.0	0.0
0.0	0.0
0.0	0.0
0.0	0.0
0.0	0.0
0.0	0.0
-0.0008002264657989144	0.0
0.0	0.0
0.0	0.0
-0.003739697393029928	0.0
0.0	0.0
-5.986669930280186e-05	1.0
0.0	0.0
0.0	0.0
-0.008553198538720608	0.0
-1.7564523659530096e-05	1.0
0.0	0.0
0.0	0.0
0.0	0.0
0.0	0.0
-0.0005064907600171864	0.0
0.0	0.0
0.0	0.0
0.0	0.0
-3.682802798721241e-06	0.0
0.0	0.0
0.0	0.0
-0.0322519987821579	0.0
0.0	0.0
0.0	0.0
-7.727958717396177e-08	0.0
-6.552708153861886e-09	0.0
-8.691236871527508e-05	0.0
-1.5002651707618497e-06	0.0
0.0	0.0
-4.050338247907348e-05	0.0
-4.365635959402425e-06	0.0
0.0	0.0
0.0	0.0
0.0	0.0
0.0	0.0
0.0	0.0
-0.009263350628316402	0.0
0.0	0.0
0.0	0.0
-8.070030162343755e-06	0.0
-0.0003947835648432374	0.0
-4.764753612107597e-05	0.0
-0.0001521487138234079	0.0
0.0	0.0
0.0	0.0
0.0	0.0
0.0	0.0
0.0	0.0
0.0	0.0
-0.00029196616378612816	0.0
0.0	0.0
-3.933886910090223e-05	0.0
0.0	0.0
0.0	0.0
-0.0020928436424583197	0.0
0.0	0.0
0.0	0.0
0.0	0.0
0.0	0.0
0.0	0.0
0.0	0.0
-3.1643937470349215e-11	0.0
0.0	0.0
0.0	0.0
0.0	0.0
0.0	0.0
0.0	0.0
0.0	0.0
-0.00023359560873359442	0.0
0.0	0.0
-5.245003922027536e-05	0.0
-0.00019114502356387675	0.0
0.0	0.0
0.0	0.0
-7.076226715696521e-09	0.0
0.0	0.0
0.0	0.0
-1.7312430600213702e-07	0.0
0.0	0.0
0.0	0.0
0.0	0.0
-0.005103719420731068	0.0
0.0	0.0
0.0	0.0
0.0	0.0
0.0	0.0
-0.00031574477907270193	0.0
0.0	0.0
-0.0024999070446938276	0.0
0.0	0.0
0.0	0.0
0.0	0.0
0.0	0.0
0.0	0.0
-0.0025779702700674534	0.0
-0.006263775750994682	0.0
0.0	0.0
-6.747807492502034e-05	0.0
-5.560255431191763e-06	0.0
-3.0128768924164717e-10	0.0
-0.0004535441112238914	0.0
0.0	0.0
-1.0377420039731078e-05	0.0
-0.0026053290348500013	0.0
-7.491432188544422e-05	0.0
0.0	0.0
-0.006054599769413471	0.0
-6.404235364243505e-07	0.001
0.0	0.001
-2.3048056618790724e-07	0.0
0.0	0.0
0.0	0.001
0.0	0.001
-3.7153200537431985e-05	0.0
-6.0776477766921744e-05	0.001
0.0	0.001
-0.0009151091799139977	0.0
0.0	0.0
0.0	0.0
-0.0003692124446388334	0.0
-0.0010579170193523169	0.0
0.0	0.0
-0.0007473096484318376	0.0
0.0	0.0
-0.0005813130992464721	0.0
-8.277650636046019e-07	0.0
0.0	0.0
0.0	0.0
-0.0003211367584299296	0.0
-7.69642156228656e-06	0.0
-0.00012464048631954938	0.0
0.0	0.0
0.0	0.0
-3.360828770837543e-08	0.0
-0.0014596495311707258	0.0
0.0	0.0
0.0	0.0
0.0	0.0
0.0	0.0
-4.050287316204049e-05	0.0
0.0	0.0
0.0	0.0
0.0	0.0
0.0	0.0
-6.446015322580934e-05	0.0
-0.0006896346458233893	0.0
0.0	0.0
0.0	0.0
0.0	0.0
0.0	0.0
-4.716618423117325e-05	0.0
0.0	0.0
0.0	0.0
-0.0011909464374184608	0.0
-0.07742531597614288	0.0
0.0	0.0
0.0	0.0
0.0	0.0
0.0	0.0
-0.003277359763160348	0.0
0.0	0.072
0.0	0.0
0.0	0.072
0.0	0.072
-7.456649342429955e-08	0.0
-0.00973350927233696	0.0
-0.0043305750004947186	0.0
-2.2723523329659656e-07	0.0
0.0	0.0
0.0	0.0
-2.2231677121453686e-07	0.0
-0.0019670624751597643	0.0
-3.114163657849667e-13	0.0
-0.0028092379216104746	0.0
-0.00019711094500962645	0.0
0.0	0.0
-9.038718662424117e-10	0.0
0.0	0.0
0.0	0.0
-0.00023197205155156553	0.0
0.0	0.0
0.0	0.0
0.0	0.0
0.0	0.0
0.0	0.0
0.0	0.0
0.0	0.0
-0.009174504317343235	0.0
0.0	0.0
0.0	0.0
-4.471559441299178e-05	0.0
0.0	0.0
-8.360313586308621e-06	0.0
-0.0012137072626501322	0.0
0.0	0.0
0.0	0.0
0.0	0.0
0.0	0.0
-4.663482468458824e-05	0.0
0.0	0.0
-9.427028271602467e-05	0.0
-2.8142514565843157e-05	0.0
-0.001959484536200762	0.001
0.0	0.0
0.0	0.0
0.0	0.0
0.0	0.001
0.0	0.0
-0.02606985718011856	0.0
0.0	0.0
0.0	0.0
-0.0001776155550032854	0.0
-0.004016024060547352	0.0
-0.00013011327246204019	0.0
0.0	1.0
-2.0626880541385617e-06	1.0
-0.013392279855906963	0.0
-0.0007407491211779416	0.0
0.0	0.0
0.0	0.0
0.0	0.0
0.0	0.0
0.0	0.0
-0.0018788410816341639	0.0
0.0	0.0
0.0	0.0
-1.2932646313856822e-05	0.0
0.0	0.0
0.0	0.0
-0.002344888634979725	0.0
0.0	0.0
0.0	0.0
-0.0006141694029793143	0.0
-0.000353244919097051	0.0
0.0	0.0
0.0	0.0
-7.241889221631936e-08	0.0
0.0	0.0
0.0	0.0
0.0	0.0
-0.010435021482408047	0.0
-0.0021824652794748545	0.0
0.0	0.0
0.0	0.0
0.0	0.0
-0.0036382977850735188	0.0
0.0	0.0
0.0	0.0
-2.0660755821032967e-13	0.0
-0.000179822847712785	0.0
0.0	0.0
0.0	0.0
-0.0218422282487154	0.0
0.0	0.0
0.0	0.0
0.0	0.0
-3.986956542689768e-09	0.0
0.0	0.0
-0.00022442088811658323	0.0
0.0	0.0
0.0	0.0
0.0	0.0
0.0	0.0
-0.06834365427494049	0.0
0.0	0.0
0.0	0.0
0.0	0.0
0.0	0.0
0.0	0.0
0.0	0.0
-7.501117215724662e-05	0.0
0.0	0.0
-2.5049288865375274e-07	0.0
0.0	0.0
0.0	0.0
0.0	0.0
-3.5070865123998374e-05	0.0
-0.0025772133376449347	0.0
0.0	0.0
0.0	0.0
0.0	0.0
0.0	0.0
0.0	0.0
0.0	0.0
0.0	0.0
-3.6156147292754095e-17	0.0
-8.038045052671805e-06	0.0
-0.00039737505721859634	0.0
0.0	0.0
0.0	0.0
0.0	0.0
0.0	0.0
-1.8338882000534795e-05	0.0
0.0	0.0
0.0	0.0
-0.0002492819039616734	0.0
0.0	0.0
0.0	0.0
-8.759849151829258e-06	0.0
-8.573669038014486e-05	0.0
0.0	0.0
0.0	0.0
0.0	0.0
-1.540848837411346e-10	0.0
-0.00631675636395812	0.0
0.0	0.0
-3.3828895539045334e-05	0.0
0.0	0.0
0.0	0.0
0.0	0.0
-0.006120316218584776	0.0
-3.2588875174821563e-12	0.0
0.0	0.0
-0.0008575866813771427	0.0
0.0	0.0
0.0	0.0
0.0	0.0
0.0	0.0
-0.0006060551968403161	0.0
0.0	0.0
0.0	0.0
0.0	0.0
0.0	0.0
0.0	0.0
0.0	0.0
-0.001024492084980011	0.0
-0.0005639959708787501	0.0
-0.0031564089003950357	0.0
0.0	0.0
-4.137579026064486e-07	0.0
0.0	0.0
0.0	0.0
0.0	0.0
0.0	0.0
-0.008553831838071346	0.0
0.0	0.0
0.0	0.0
0.0	0.0
0.0	0.0
0.0	0.0
0.0	0.0
0.0	1.0
0.0	0.0
-0.0038545792922377586	0.0
0.0	0.0
-0.006272230762988329	0.0
0.0	0.0
0.0	0.0
0.0	0.0
-0.00032489310251548886	0.0
0.0	0.0
0.0	0.0
-0.00044480981887318194	0.0
0.0	0.0
0.0	0.002
-5.9792455431306735e-05	0.002
0.0	0.0
-1.2318933841015678e-05	0.002
-7.635069050593302e-05	0.0
0.0	0.0
0.0	0.0
0.0	0.0
0.0	0.0
0.0	0.0
-2.1254541934467852e-05	0.0
-2.04203684006643e-06	0.0
0.0	0.0
-0.001804500469006598	0.0
-2.75490550510904e-11	0.0
0.0	0.0
0.0	0.0
-9.524627146825695e-16	0.0
0.0	0.0
0.0	0.0
-0.00011424048716435209	0.0
-0.017763864248991013	0.0
-1.2309014891798142e-05	0.0
-0.0002142339217243716	0.0
-0.0001625882287044078	0.0
0.0	0.0
-0.0017271776450797915	0.0
0.0	0.0
0.0	0.0
0.0	0.0
0.0	0.0
0.0	0.0
-0.00016870113904587924	0.0
0.0	0.0
-0.00248321914114058	0.0
0.0	0.0
0.0	0.0
0.0	0.0
-0.00011624800390563905	1.0
0.0	0.0
-5.019553522833675e-11	1.0
0.0	0.0
-1.1094308794128843e-13	1.0
0.0	1.0
0.0	0.0
0.0	1.0
0.0	0.0
0.0	0.0
0.0	0.0
-0.0001379441819153726	0.0
0.0	1.0
0.0	1.0
0.0	1.0
-5.568551841861336e-07	0.0
-5.6380860769422725e-05	1.0
0.0	0.0
0.0	0.0
0.0	0.0
0.0	1.0
-4.98523622383118e-09	0.0
-0.004104727413505316	0.0
0.0	1.0
-0.00011867470311699435	1.0
-0.00042225467041134834	0.0
-7.247983262459456e-07	1.0
-0.01365966908633709	0.0
0.0	0.0
-6.546882502789231e-08	0.0
-4.566292773233727e-06	0.0
0.0	0.0
-1.2273123957129428e-06	0.0
0.0	0.0
0.0	0.0
0.0	0.0
0.0	0.0
0.0	0.0
0.0	0.0
-0.0029039932414889336	0.0
-1.1002993655084836e-10	0.0
-0.0052223592065274715	0.0
0.0	0.0
-0.00038760004099458456	0.0
0.0	0.0
0.0	0.0
0.0	0.0
0.0	0.0
0.0	0.0
0.0	0.0
0.0	0.0
0.0	0.0
0.0	0.0
-0.0013580899685621262	0.0
-0.00017602983280085027	0.0
-0.0028335496317595243	0.0
0.0	0.0
0.0	0.0
0.0	0.0
0.0	0.0
-0.0007238513207994401	0.0
0.0	0.0
0.0	0.0
0.0	0.0
-3.7608941056532785e-05	0.0
0.0	0.0
-0.015893584117293358	0.0
-6.368748290697113e-05	0.0
0.0	0.0
-0.0007091672741807997	0.0
-0.04795349761843681	0.0
-9.833073590925778e-07	0.0
0.0	1.0
0.0	0.0
0.0	0.0
-0.013034039177000523	0.0
0.0	0.0
0.0	0.0
-0.019927911460399628	0.0
-0.00011961363634327427	0.0
0.0	0.0
0.0	0.0
0.0	0.0
0.0	0.0
-0.00035714879049919546	0.0
-0.0027382993139326572	0.0
-0.004968220833688974	0.0
0.0	0.0
0.0	0.0
-4.281826477381401e-06	0.0
0.0	0.0
0.0	0.0
0.0	0.0
-0.0010745469480752945	0.0
0.0	0.0
-1.5801749668753473e-06	0.0
-0.00042752825538627803	0.0
0.0	0.0
0.0	1.0
-0.003483925014734268	0.0
-7.374478627752978e-07	1.0
-0.00010364891932113096	0.0
0.0	0.0
-0.0016120463842526078	0.0
0.0	0.0
-1.0296015151567417e-09	0.0
0.0	0.0
0.0	0.0
0.0	0.0
-0.00010928204574156553	0.0
-0.0018875687383115292	0.0
0.0	0.0
0.0	0.0
-0.002052220283076167	0.0
0.0	0.0
0.0	0.0
0.0	0.0
0.0	0.0
-5.415568011812866e-07	0.0
0.0	0.0
-2.4306766590598272e-06	0.0
-0.0030279119964689016	0.0
0.0	0.0
0.0	0.0
0.0	0.0
0.0	1.0
0.0	0.0
0.0	0.0
-4.083967724000104e-06	0.0
-1.7452709277776535e-09	0.0
0.0	0.0
-0.003315927926450968	0.0
-0.00013209105236455798	0.0
-0.0041135577484965324	0.0
0.0	0.0
-1.183653967018472e-05	0.0
-1.7164121572932345e-06	0.0
0.0	0.0
0.0	1.0
0.0	0.0
0.0	1.0
0.0	0.0
0.0	0.0
0.0	0.0
0.0	0.0
-0.00012324599083513021	0.0
0.0	0.0
0.0	0.0
0.0	0.0
0.0	0.0
-5.0377439038129523e-05	0.0
0.0	0.0
0.0	0.0
0.0	0.0
0.0	0.0
0.0	0.0
0.0	0.0
-0.003462908323854208	0.0
-2.6952452003570215e-07	0.0
0.0	0.0
0.0	0.0
-5.225955519022607e-12	0.0
-6.016504516814791e-10	0.0
0.0	0.0
0.0	0.0
-1.0942242312239614e-07	0.0
0.0	0.0
0.0	0.0
0.0	0.0
0.0	0.0
0.0	0.0
-0.0008939884137362242	0.0
-0.00048342967056669295	0.0
0.0	0.0
-2.2266565480322242e-08	0.0
0.0	0.0
-0.00022975195315666497	0.0
-0.00012794068607036024	0.0
-0.0002873466582968831	0.0
-0.00038947726716287434	0.0
0.0	0.0
-0.001214105635881424	0.0
-1.3135055269231088e-05	0.0
-0.011534061282873154	0.0
-1.2545157915155869e-05	0.0
0.0	0.0
-4.74741091238684e-06	0.0
-7.17014554538764e-05	0.0
0.0	0.0
0.0	0.0
0.0	0.0
0.0	0.0
0.0	0.0
-0.00030979624716565013	0.0
0.0	0.0
-2.0422199042968714e-07	0.0
-0.0004929654533043504	0.0
-7.702606671955436e-05	0.0
0.0	0.0
0.0	0.0
-2.0574018044783315e-09	0.0
0.0	0.0
0.0	0.0
0.0	0.0
0.0	0.0
0.0	0.0
-2.980852741529816e-06	0.0
0.0	0.0
-6.342471579046105e-07	0.0
-0.00010982716776197776	0.0
-0.0014724436914548278	0.0
0.0	0.0
-1.5768134575822046e-09	0.0
0.0	0.0
0.0	0.0
-0.005288729444146156	0.0
0.0	0.0
-9.090048536108952e-08	0.0
0.0	0.0
-7.906074301899935e-07	0.0
-3.0735167744211367e-09	0.0
-8.542381692677736e-05	0.0
0.0	0.0
0.0	0.0
0.0	1.0
0.0	0.0
-4.7347434417588374e-08	0.0
0.0	0.0
-5.062085165263852e-06	0.0
-9.338506146150394e-08	0.0
0.0	0.0
0.0	0.0
0.0	0.0
0.0	0.0
0.0	1.0
0.0	0.0
0.0	0.0
0.0	0.0
0.0	0.0
0.0	0.0
-1.9078777313552564e-06	0.0
0.0	0.0
-0.0013636352960020304	1.0
-0.00012281762610655278	0.0
-0.0002874819911085069	0.0
0.0	0.0
-6.656397317783558e-07	0.0
0.0	0.0
-0.00027683618827722967	0.0
-0.0039743646048009396	0.0
-0.003772989846765995	0.0
-0.005780362989753485	0.0
-0.002954650204628706	0.0
-0.002225704025477171	0.0
0.0	1.0
-2.2586343106922868e-07	0.0
0.0	0.0
0.0	0.0
-0.004010667558759451	0.0
0.0	0.0
0.0	0.0
0.0	0.0
0.0	0.0
-1.3319110621523578e-05	0.0
-4.03683586558401e-10	0.0
-1.7564945331560722e-10	0.0
0.0	0.0
-7.668223588552792e-06	0.0
-4.5581587073684204e-06	0.0
0.0	0.0
0.0	0.0
-2.3520461620019084e-11	0.0
0.0	0.0
0.0	0.0
-0.00023590946511831135	0.0
0.0	0.0
0.0	0.0
0.0	0.0
0.0	0.0
0.0	0.0
-8.265431461040862e-06	0.0
-2.4368491722270846e-06	0.0
-2.619397491798736e-05	0.0
-0.0005599025753326714	0.0
0.0	0.0
0.0	0.0
-0.0005813870229758322	0.0
0.0	0.0
-0.008697565644979477	0.0
0.0	0.0
0.0	0.0
0.0	0.0
-7.554055159175732e-09	0.0
-2.2844478045347394e-11	0.0
0.0	0.0
0.0	0.0
-1.4140523489913903e-05	0.0
0.0	0.0
-0.00974400993436575	0.0
0.0	0.0
0.0	0.0
0.0	0.0
0.0	0.0
-0.0010278213303536177	0.0
-0.0023576426319777966	0.0
-6.218208909558598e-06	1.0
0.0	0.0
0.0	0.0
-0.0022177365608513355	0.0
-8.149455425154883e-06	0.0
0.0	1.0
0.0	0.0
0.0	1.0
-4.893622826784849e-05	0.0
0.0	1.0
0.0	0.0
-0.0004615739162545651	0.0
-4.2057197902067855e-07	0.0
0.0	0.0
0.0	0.0
0.0	0.0
0.0	0.0
-0.005222358740866184	0.0
0.0	0.0
-3.304325923991769e-09	0.0
0.0	0.0
-1.906664583162243e-11	0.0
-2.2584465568797896e-06	0.0
-0.00012996078294236213	0.0
0.0	0.0
0.0	0.0
-6.173720521474024e-07	0.0
0.0	0.0
0.0	0.0
-0.0038884603418409824	0.0
-7.227911555673927e-05	0.0
0.0	0.0
-0.0027362285181879997	0.0
-0.0016126999398693442	0.0
-2.4438806576654315e-05	0.0
0.0	0.0
0.0	0.0
0.0	0.0
0.0	0.0
0.0	0.0
0.0	0.0
-1.4119254387878755e-07	0.0
0.0	0.0
-2.6441520464994114e-15	0.0
0.0	0.0
0.0	0.0
0.0	0.0
0.0	0.0
0.0	0.0
-0.00036209032987244427	0.0
-0.0037699781823903322	0.0
-0.007931547239422798	0.0
0.0	0.0
0.0	0.0
-0.0031362571753561497	0.0
0.0	0.0
0.0	0.0
0.0	0.0
0.0	0.0
0.0	0.0
-2.7674352054418705e-07	0.0
-1.8359244246396456e-12	0.0
0.0	0.0010090817356205853
-0.00018950176308862865	0.0010090817356205853
0.0	0.0010090817356205853
-1.5782928741714386e-08	0.001
-0.0023149100597947836	0.001
-0.01549973338842392	0.0
0.0	0.001
0.0	0.0
-0.00034897946170531213	0.0
-8.896658583446015e-12	0.0
-0.0009694003383629024	0.0
0.0	0.0
-0.004768475890159607	0.0
0.0	0.0
-0.01607675291597843	0.0
-0.001895078457891941	0.0
0.0	0.0
0.0	0.0
-0.0002952170616481453	0.0
-5.972923822206155e-10	0.0
0.0	0.0
-1.931555537737495e-08	0.0
0.0	0.0
0.0	0.0
-2.0225454022693157e-07	0.0
0.0	0.0
0.0	0.0
-7.367827947746264e-08	1.0
0.0	0.0
0.0	0.0
0.0	0.0
-0.006760122254490852	0.0
-6.966256478335708e-05	1.0
-0.0014005190460011363	0.0
-0.0024479920975863934	0.0
0.0	0.0
0.0	0.0
-0.0008604004979133606	0.0
0.0	0.0
0.0	0.0
0.0	0.0
0.0	0.0
0.0	0.0
0.0	0.0
0.0	0.0
-6.935614692338277e-06	0.0
0.0	0.0
-2.411821515124757e-05	0.0
0.0	0.0
0.0	0.0
0.0	0.0
0.0	0.0
0.0	0.0
-0.0009246225235983729	0.0
0.0	0.0
-1.6248994372247694e-09	0.0
0.0	0.0
-0.00846158992499113	0.0
-1.5059131328598596e-05	0.0
0.0	0.0
-3.348816720889075e-13	0.0
0.0	0.0
-0.0009084127959795296	0.0
