-0.005388857796788216	0.0
0.0	0.0
0.0	0.0
-0.006557887885719538	0.0
-0.0001424988586222753	0.0
-0.00010168653534492478	0.0
-0.0018239658093079925	0.0
-2.1556214051088318e-05	0.0
0.0	0.0
0.0	0.0
0.0	0.0
-0.0006272596074268222	1.0
-0.00020087223674636334	0.0
-0.0008727252716198564	0.0
-1.2594039617397357e-05	0.0
-0.013271143659949303	0.0
0.0	0.0
-1.27805221961097e-09	0.0
0.0	0.0
-3.6632414435189276e-07	0.0
0.0	0.0
-9.228114322468173e-06	0.0
-5.0607731338914164e-08	0.0
-2.2095379854253518e-16	0.0
-0.0037785181775689125	0.0
0.0	0.0
0.0	0.0
-0.03157518431544304	0.0
0.0	0.0
0.0	0.0
-0.0033411483746021986	0.0
-4.0383991262160635e-08	0.0
0.0	0.0
0.0	0.0
-2.006074055316276e-06	0.0
-0.0009280805825255811	0.0
-0.0007046916289255023	1.0
-0.00037252044421620667	0.0
0.0	0.0
0.0	0.0
-0.006352871656417847	0.0
0.0	0.0
-0.00016420483007095754	0.0
-5.899393727304414e-05	1.0
0.0	0.0
-0.009731834754347801	0.0
0.0	0.0
0.0	0.0
0.0	0.0
0.0	0.0
0.0	0.0
-0.0002784242678899318	0.0
0.0	0.0
-0.00752298953011632	0.0
0.0	0.0
0.0	0.0
0.0	0.0
0.0	0.0
0.0	0.0
-0.0005573495291173458	0.0
0.0	0.0
0.0	1.0
0.0	0.0
-0.0029976041987538338	0.0
0.0	0.0
-0.0008186814957298338	0.0
0.0	0.0
0.0	0.0
-2.2165535483509302e-05	0.0
-6.784929562630992e-11	0.0
0.0	0.0
0.0	1.0
-9.524653201559152e-13	0.0
0.0	0.0
-0.0003140288754366338	0.0
-1.4267050041372187e-10	0.0
0.0	0.0
-0.0016454713186249137	0.0
-0.00148967863060534	0.0
0.0	0.0
0.0	0.0
0.0	0.0
-0.001365206204354763	0.0
0.0	0.0
-0.018331151455640793	0.0
-0.0016206428408622742	0.0
0.0	0.0
-0.006103024818003178	0.0
0.0	0.0
-7.222021395136835e-06	0.0
0.0	0.0
-0.015812642872333527	0.0
-6.263422983465716e-05	0.0
-2.8597945856745355e-05	0.0
0.0	0.0
0.0	0.0
0.0	0.0
-0.004147541243582964	0.0
0.0	0.0
-3.9488458014602656e-07	0.0
0.0	0.0
0.0	0.0
-0.007052314002066851	0.0
0.0	0.0
0.0	0.0
0.0	0.0
-2.720298368785734e-07	0.0
-4.283986640984949e-07	0.0
-0.0005907570011913776	0.0
-1.0155468698578728e-15	0.0
0.0	0.0
0.0	0.0
0.0	0.0
0.0	0.0
-0.000248870812356472	0.0
0.0	0.0
-0.0016551244771108031	0.0
-7.343015568039846e-06	1.0
-0.0008439542725682259	0.0
-0.0016144559485837817	1.0
0.0	1.0
-0.00484229251742363	0.0
-0.0024904434103518724	0.0
0.0	0.0
0.0	0.0
0.0	0.0
-0.000119364594866056	0.0
-0.001096207881346345	0.0
0.0	0.0
-0.0001509809953859076	0.0
0.0	0.0
-1.037352490129706e-06	0.0
-6.860043413325911e-06	0.0
0.0	0.0
0.0	0.0
-0.0005578104755841196	0.0
0.0	0.0
0.0	0.0
-0.00026138158864341676	0.0
0.0	0.0
-2.713478716032114e-05	0.0
0.0	0.0
0.0	0.0
-0.0012434384552761912	0.0
-2.1590178675978677e-06	0.0
0.0	0.0
0.0	1.0
-3.0458340916084126e-05	0.0
-0.003514325711876154	0.0
0.0	0.0
-0.002373557537794113	0.0
0.0	0.0
0.0	0.0
0.0	0.0
-9.394670087203849e-06	0.0
-6.451644003391266e-05	0.0
0.0	0.0
-0.0006860140711069107	0.0
0.0	0.0
-6.178465355333174e-06	0.0
0.0	0.0
0.0	0.0
-1.7379467465161724e-07	0.0
-0.0006776086520403624	0.0
0.0	0.0
-0.00010846298391697928	0.0
0.0	0.0
-0.005267682485282421	0.0
0.0	0.0
0.0	0.0
-7.16697468305938e-05	0.0
0.0	0.0
0.0	0.0
-0.005554081406444311	0.0
-1.838512275753601e-08	0.0
-0.002402162877842784	0.0
-0.0001000416959868744	0.0
0.0	0.01
0.0	0.0
-4.013420493720332e-07	0.0
0.0	0.0
-2.6684034537538537e-07	0.0
0.0	0.0
0.0	0.0
0.0	0.0
-0.006143974140286446	0.0
-1.9559596694307402e-05	0.0
0.0	0.0
-1.9087826785835205e-06	0.0
-3.5742083127843216e-05	0.0
-1.2660373158723814e-06	0.0
0.0	0.0
0.0	0.0
0.0	0.0
-4.794283015030487e-08	0.0
-0.00012378927203826606	0.0
-1.86291345016798e-06	0.0
0.0	0.0
0.0	0.0
-5.570180746872211e-06	0.0
0.0	0.0
-6.767622835468501e-07	0.0
0.0	0.001
0.0	0.0
0.0	0.0
0.0	0.0
0.0	0.0
-7.533846879681505e-10	0.0
0.0	0.0
-0.0013868239475414157	0.0
0.0	0.0
0.0	0.0
-0.00136927783023566	1.0
0.0	0.0
0.0	1.0
-0.00034114185837097466	0.0
0.0	0.0
0.0	0.0
-0.01800168864428997	0.0
0.0	0.0
-0.0008277128217741847	0.0
0.0	0.0
0.0	0.0
0.0	0.0
0.0	0.0
0.0	0.0
-0.00019247007730882615	0.0
-0.001458684797398746	0.0
0.0	0.0
-0.002209876896813512	0.0
0.0	0.0
0.0	0.0
-7.368153660536336e-07	0.0
0.0	0.0
-1.8225091480417177e-05	0.0
0.0	0.0
0.0	0.0
-0.0036977429408580065	0.0
0.0	0.0
0.0	0.0
-2.1141613615327515e-06	0.0
0.0	0.0
0.0	0.0
0.0	0.0
0.0	0.0
-8.236311828113685e-07	0.0
-0.0011521490523591638	0.0
-0.0007887522806413472	0.0
0.0	0.0
0.0	0.0
0.0	0.0
0.0	0.0
-0.001297605107538402	0.0
0.0	0.0
-0.00012033053644699976	0.0
-0.017187010496854782	0.0
-0.0007402682676911354	0.0
-3.0361137760337442e-05	0.0
0.0	0.0
0.0	0.0
0.0	0.0
0.0	0.0
0.0	0.0
0.0	0.0
0.0	0.0
0.0	0.0
0.0	0.0
-0.00013192031474318355	0.0
0.0	0.0
0.0	0.0
-2.398028300376609e-05	0.0
0.0	0.0
0.0	0.0
0.0	0.0
0.0	0.0
0.0	0.0
0.0	0.0
-2.085765117953997e-05	0.0
0.0	0.0
-4.136580411540081e-09	0.0
-2.3227309853268707e-08	0.0
-0.005813148804008961	0.0
-0.0011780238710343838	0.0
0.0	0.0
-0.00133897690102458	0.0
0.0	0.0
-1.3864516404282767e-05	0.0
-0.0012590275146067142	0.0
0.0	0.0
0.0	0.0
-3.798941907007247e-05	0.0
0.0	0.0
0.0	0.0
0.0	0.0
-0.03945564106106758	0.0
0.0	0.0
-0.00016080989735201	0.0
0.0	0.0
-4.8620622692396864e-05	0.0
-8.056345541262999e-05	0.0
-2.824336036155728e-07	0.0
-0.0009188263211399317	1.0
-0.00021981869940645993	0.0
-3.5362761991564184e-05	0.0
0.0	0.0
0.0	0.0
0.0	0.0
0.0	0.0
-1.541458914289251e-05	0.0
0.0	0.0
-0.0005230762762948871	0.0
-1.1860323638757109e-06	0.0
-0.00018299819203093648	0.0
0.0	0.0
-3.940905298804864e-05	0.0
-0.006011149380356073	0.0
0.0	0.0
0.0	0.0
0.0	0.0
0.0	0.0
0.0	0.0
0.0	0.0
-0.00012751863687299192	0.0
-8.054917149946661e-11	0.0
-0.0007129711448214948	0.0
0.0	0.0
-7.019880854386429e-08	0.0
-1.9351566606928827e-06	0.0
-0.0001341166062047705	0.0
0.0	0.0
0.0	0.0
0.0	0.0
0.0	0.0
0.0	0.0
0.0	0.0
-5.562368824030273e-05	0.0
-0.00013952901645097882	0.0
-2.2048780010663904e-05	0.0
0.0	0.0
0.0	0.0
0.0	0.0
0.0	0.0
0.0	0.0
-0.0013735932298004627	0.0
0.0	0.0
-2.4429891709587537e-06	0.0
0.0	0.0
0.0	0.0
-0.0008835440967231989	0.0
0.0	0.0
-0.00023817221517674625	0.0
0.0	0.0
0.0	0.0
-0.004708836320787668	0.0
-0.0004834998107980937	0.0
-0.00018240978533867747	0.0
0.0	0.0
0.0	1.0
0.0	1.0
-1.170300634179e-09	0.0
-4.502420779317617e-06	0.0
0.0	1.0
0.0	0.0
-0.0017608595080673695	0.0
0.0	0.0
0.0	0.0
0.0	0.0
0.0	0.0
0.0	0.0
0.0	0.0
-1.2680987993007875e-06	0.0
-0.0013493674341589212	0.0
-6.230919825611636e-05	0.0
-0.0005088032339699566	0.0
0.0	0.0
-0.0014476340729743242	0.0
0.0	0.0
-0.004720287397503853	0.0
0.0	0.0
-0.0021263672970235348	0.0
0.0	0.0
-0.0008729008841328323	0.0
0.0	1.0
-0.011159529909491539	0.0
-0.00011623608588706702	0.0
0.0	1.0
0.0	0.0
0.0	0.0
0.0	0.0
0.0	1.0
0.0	0.0
0.0	0.0
0.0	0.0
0.0	0.0
-4.485726634584353e-08	0.0
-4.368526060716249e-05	0.0
0.0	0.0
0.0	0.0
0.0	0.0
0.0	0.0
0.0	0.0
0.0	0.0
0.0	0.0
0.0	0.0
0.0	0.0
0.0	0.0
-4.117779099033214e-06	0.0
-5.527782051539809e-11	0.0
-0.0018406938761472702	0.0
-0.00027175870491191745	0.0
0.0	0.0
-5.581572622759268e-05	0.0
-0.009535918943583965	0.0
-0.00015300650557037443	0.0
0.0	0.0
0.0	0.0
0.0	0.0
-0.0027989367954432964	0.0
0.0	0.0
-0.0008208187646232545	0.0
-7.719864515820518e-05	1.0
0.0	0.0
0.0	0.0
0.0	1.0
0.0	0.0
0.0	0.0
0.0	0.0
-0.00112245068885386	0.0
0.0	0.0
-0.00043283746344968677	0.0
-6.719301018165424e-05	0.0
0.0	0.0
0.0	1.0
-0.0008510881452821195	0.0
0.0	0.0
-0.0017319235485047102	0.0
-4.272054138709791e-05	0.0
0.0	0.0
-2.6202945946351974e-07	0.0
0.0	0.0
-2.064265147705413e-10	0.0
0.0	0.0
0.0	0.0
0.0	0.0
-1.5782219634274952e-05	0.0
-0.001854344503954053	0.0
-0.0008768496918492019	0.0
0.0	0.0
0.0	0.0
-1.752059830550934e-08	0.0
-0.0023547690361738205	0.0
-2.5400471059811025e-08	0.0
0.0	0.0
-0.003357567358762026	0.0
0.0	0.0
0.0	0.0
0.0	0.0
0.0	0.0
0.0	0.0
0.0	0.0
0.0	0.0
0.0	0.0
0.0	0.0
0.0	0.0
-0.000657173281069845	0.0
0.0	0.0
-1.4816348084423225e-05	0.0
-7.64449723646976e-05	0.0
0.0	0.0
-4.32897167002011e-07	0.0
-0.0008711984846740961	0.0
0.0	0.0
0.0	0.0
0.0	0.0
0.0	0.0
0.0	1.0
0.0	1.0
0.0	1.0
0.0	0.0
-0.030951332300901413	0.0
0.0	1.0
0.0	0.0
-1.167746086139232e-05	0.0
0.0	0.0
0.0	0.0
-4.6155084419297054e-05	0.0
-0.0008691294933669269	0.0
-0.005757859908044338	0.0
-0.0024075598921626806	0.0
0.0	0.0
-0.001255566836334765	0.0
0.0	0.0
0.0	0.0
0.0	0.0
-9.885451390800881e-07	0.0
0.0	0.0
-4.721742925539729e-07	0.0
0.0	0.0
0.0	0.0
0.0	0.0
0.0	0.0
-0.009939723648130894	0.0
0.0	0.0
-0.0004067805130034685	0.0
-0.0002622688189148903	0.0
0.0	0.0
-8.360864285350544e-07	1.0
-1.7319331524490167e-09	0.0
0.0	0.0
0.0	0.0
0.0	0.0
-4.3234190343355294e-06	0.0
0.0	0.0
0.0	0.0
0.0	0.0
-1.8739639926934615e-05	0.0
0.0	1.0
-0.11546836793422699	0.0
-2.054418700936367e-06	0.0
0.0	0.0
0.0	0.0
0.0	0.0
-0.0015427962644025683	0.0
0.0	0.0
-0.0004999538068659604	0.0
0.0	0.0
-0.004821280483156443	0.0
0.0	0.0
0.0	0.0
-0.008009049110114574	0.0
0.0	0.0
-0.00016933941515162587	0.0
-0.03750208392739296	0.0
0.0	0.0
0.0	0.0
-0.016143839806318283	0.0
0.0	0.0
0.0	0.0
0.0	0.0
-4.444870683073532e-06	0.0
0.0	0.0
0.0	0.0
0.0	0.0
0.0	0.0
0.0	0.0
0.0	0.0
-0.00735518941655755	0.0
-0.0004829769895877689	0.0
-0.0003572923014871776	0.0
0.0	0.0
0.0	0.0
-8.649200111676691e-08	0.0
0.0	0.0
0.0	0.0
-0.005444400943815708	0.0
-0.0004723051388282329	0.0
-3.432988887652755e-05	0.0
0.0	0.0
0.0	0.0
0.0	0.0
-0.0009700421360321343	0.0
-0.0005640111048705876	0.0
0.0	0.0
-3.906122300612047e-11	0.0
0.0	0.0
-2.1347544532090978e-07	0.0
-0.00020222706370986998	0.0
-0.0013874702854081988	0.0
0.0	0.0
-0.0002053274365607649	0.0
-3.20313470192346e-10	0.0
0.0	0.0
0.0	0.0
0.0	0.0
0.0	0.0
0.0	0.0
-5.99467966821976e-06	0.0
-5.932060389568505e-07	0.0
-0.011213674210011959	0.0
-0.0011391189182177186	0.0
-0.0004202493582852185	0.0
0.0	0.0
-0.0006928587681613863	0.0
0.0	0.0
-3.1344814033218427e-06	0.0
-0.0025088326074182987	0.0
-5.4127900511957705e-05	0.0
-7.536104986577419e-13	0.0
0.0	0.0
0.0	0.0
-6.56761613981871e-08	0.0
0.0	0.0
-2.1280840201143292e-07	1.0
-0.0008483104174956679	0.0
0.0	0.0
-1.3574798686022405e-05	0.0
0.0	0.0
0.0	0.0
0.0	0.0
0.0	0.0
0.0	0.0
0.0	0.0
-1.7257045783480862e-06	0.0
-3.239093530282844e-06	0.0
-0.002118432894349098	0.0
0.0	0.0
-1.1783979971369263e-05	0.0
-9.65401735874942e-14	0.0
0.0	0.0
-0.003379615256562829	0.0
0.0	0.0
0.0	0.0
-4.920897936244728e-06	0.0
0.0	0.0
0.0	0.0
0.0	0.0
-0.003629879094660282	0.0
-1.8794245306708035e-06	0.0
0.0	0.0
-0.0022709816694259644	0.0
0.0	0.0
-0.0007855265866965055	0.0
-0.0019599911756813526	0.0
0.0	0.0
-0.001007139217108488	0.0
0.0	0.0
0.0	0.0
-0.0005571786896325648	0.0
0.0	0.0
-0.0046715885400772095	0.0
-0.0019694624934345484	0.0
0.0	0.0
-2.699682477569354e-09	0.0
-0.006561526097357273	0.0
0.0	0.0
-0.0011293553980067372	0.0
0.0	0.0
0.0	0.0
0.0	0.0
0.0	0.0
0.0	0.0
-0.0010133831528946757	0.0
0.0	0.0
0.0	0.0
0.0	0.0
0.0	0.0
0.0	0.0
0.0	0.0
0.0	0.0
0.0	0.0
-8.23550223572056e-08	1.0
-0.0027717486955225468	0.0
-0.00023053154291119426	1.0
-0.03286830708384514	0.0
0.0	0.0
0.0	0.0
0.0	1.0
-6.06853873819091e-08	0.0
0.0	0.0
0.0	0.0
0.0	0.0
-0.001377814682200551	0.0
0.0	0.0
-3.2723465892559034e-07	0.0
0.0	0.0
-0.004828654695302248	0.0
-1.5714118717369274e-07	0.0
-0.0011781749781221151	0.0
-0.0004399461322464049	0.0
-1.4352045582199935e-05	0.0
-0.00021778020891360939	0.0
0.0	0.001
0.0	0.001
0.0	0.0
0.0	0.0
-0.0016956544714048505	0.043
0.0	0.0
-5.43100622962811e-06	0.0
0.0	0.043
-0.0021885603200644255	0.0
0.0	0.0
-0.0010045687668025494	0.043
-0.0036803490947932005	0.0
0.0	0.0
0.0	0.0
0.0	0.043
-2.3845334595762324e-08	0.0
-0.0007761896122246981	0.0
0.0	0.0
-4.0173461457015947e-05	0.0
0.0	0.0
0.0	0.0
-0.0017384090460836887	0.0
0.0	0.0
0.0	0.0
0.0	0.0
-0.006184579338878393	0.0
-6.954515356483171e-06	0.0
0.0	0.0
0.0	0.0
0.0	0.0
-0.012088012881577015	0.0
0.0	0.0
0.0	0.0
0.0	0.0
-0.0009064726764336228	0.0
0.0	0.0
0.0	0.0
0.0	0.0
-0.00011648090003291145	0.0
0.0	0.0
-0.00011659181473078206	0.0
0.0	0.0
0.0	0.0
0.0	0.0
-0.0027680695056915283	0.0
-0.002338507678359747	0.0
-0.001517762546427548	0.0
-0.08976806700229645	0.0
-0.0006882863235659897	0.0
0.0	0.0
0.0	0.0
0.0	0.0
0.0	0.0
0.0	0.0
0.0	0.0
0.0	0.0
-1.7640584701439366e-05	0.0
0.0	0.0
-0.09923255443572998	0.0
-4.608801518202199e-08	0.0
0.0	0.0
0.0	0.0
0.0	0.0
-3.5333498349388037e-09	0.0
0.0	0.0
0.0	0.0
0.0	0.0
0.0	0.0
0.0	0.0
-0.0003603337099775672	0.0
-1.6669914657541085e-06	0.0
0.0	0.0
0.0	0.0
0.0	0.0
-2.525723857615958e-06	0.0
-0.0001920872018672526	0.0
0.0	0.0
-8.541762852587453e-10	0.0
-9.992091077888187e-15	0.0
0.0	0.0
0.0	0.0
0.0	0.0
-3.119167424348035e-11	0.0
-0.0024443045258522034	0.0
0.0	0.0
-0.0036808864679187536	0.0
-0.00015215839084703475	0.0
-3.368900414169561e-14	0.0
-0.0003329206083435565	0.0
0.0	0.0
-1.6292669613449107e-07	0.0
0.0	0.0
0.0	0.0
-1.1559774470981665e-08	0.0
0.0	0.0
-1.9733097100793628e-10	0.0
0.0	0.0
0.0	0.0
0.0	0.0
0.0	0.0
0.0	0.0
0.0	1.0
-0.017163854092359543	0.0
0.0	0.0
0.0	0.0
0.0	0.0
0.0	0.0
-0.00020060292445123196	0.0
0.0	0.0
0.0	0.0
-0.002595835831016302	0.0
0.0	0.0
0.0	0.0
0.0	0.0
-0.0001933034509420395	0.0
0.0	0.0
0.0	0.0
-5.214482545843474e-14	0.0
0.0	0.0
-0.0001366754004266113	0.0
-2.7081193820777116e-06	0.0
0.0	0.0
0.0	0.001
0.0	0.0
0.0	0.001
-0.0021153411362320185	0.0
-0.0009924955666065216	0.001
0.0	0.0
-3.206592054993962e-06	0.0
0.0	0.0
-0.0005736863240599632	0.0
0.0	0.0
0.0	0.0
-0.014066973701119423	0.0
0.0	0.0
-1.2113442608097102e-05	0.0
-0.001240933546796441	0.0
-0.0006267271237447858	0.0
-4.9346904233971145e-06	0.0
0.0	0.0
-0.0032905510161072016	0.0
0.0	0.0
-0.0005323202349245548	0.0
-0.0023892750032246113	0.0
0.0	0.0
-7.267806358868256e-05	1.0
0.0	0.0
-0.022110067307949066	0.0
0.0	0.0
0.0	0.0
-7.6495103940033e-07	0.0
0.0	0.0
-0.0008266416843980551	0.0
0.0	1.0
0.0	1.0
-0.0005495754885487258	0.0
-0.000867874885443598	0.0
-0.04216562211513519	0.0
-2.707729016031339e-16	0.0
0.0	0.0
0.0	0.0
-0.00013946107355877757	0.0
-5.0865000957855955e-05	0.0
0.0	0.0
0.0	0.0
-0.002351329894736409	0.0
0.0	0.0
0.0	0.0
0.0	0.0
0.0	0.0
0.0	0.0
0.0	0.0
0.0	0.0
-9.098661394091323e-05	0.0
-6.117038253705687e-08	0.0
0.0	0.0
-0.002252585021778941	0.0
0.0	0.0
0.0	0.0
0.0	0.0
0.0	0.0
-1.3884454119761358e-07	0.0
-0.00011855995398946106	0.0
-0.001040805596858263	0.0
0.0	0.0
0.0	0.0
0.0	0.0
-8.511167106917128e-05	0.0
-0.00010301151633029804	0.0
0.0	0.0
-5.131110825118412e-08	0.0
0.0	0.0
-0.0004220533010084182	0.0
-7.428999651892809e-06	0.0
-0.00027204042999073863	0.0
-0.000713593908585608	0.0
-0.0007061446667648852	0.0
-2.7441580119358377e-09	0.0
-5.999090353725478e-05	0.0
-0.0012435284443199635	0.0
-2.5993734942275637e-10	0.0
0.0	0.0
-0.00031644804403185844	0.0
-7.889730477472767e-05	0.0
0.0	0.0
0.0	0.0
-0.0016169014852494001	0.0
0.0	0.0
-0.007391429506242275	0.0
0.0	0.0
-2.040751567733423e-08	0.0
0.0	0.0
-0.0029053499456495047	0.0
0.0	0.0
-0.0033296372275799513	0.0
0.0	0.0
0.0	0.0
0.0	0.0
0.0	0.0
0.0	0.0
0.0	1.0
-0.0034995554015040398	0.0
0.0	0.0
0.0	0.0
-8.504678407916799e-05	0.0
0.0	0.0
-0.00030968867940828204	0.0
0.0	0.0
0.0	0.0
0.0	0.0
0.0	0.0
0.0	0.0
-7.903134360276454e-07	0.0
0.0	0.0
0.0	0.0
-0.011892901733517647	0.0
0.0	0.0
0.0	0.0
0.0	0.0
0.0	0.0
-0.0011004401603713632	0.0
0.0	0.0
-0.00891186948865652	0.0
-0.0003091957769356668	0.0
-4.5304929252587556e-10	0.0
-3.3066196465370012e-06	0.0
0.0	0.0
-0.002584559842944145	0.0
0.0	0.0
0.0	0.0
-0.003483000211417675	0.0
-0.00201931269839406	0.0
-7.59546019253321e-05	0.0
0.0	0.0
0.0	0.0
0.0	0.0
-0.00659555708989501	0.0
0.0	0.0
0.0	0.0
0.0	0.0
0.0	0.0
0.0	0.0
-0.004304343834519386	0.0
-0.0025185230188071728	0.0
0.0	0.0
0.0	0.0
-1.0010124924519914e-06	0.0
0.0	0.0
-0.0004964463878422976	0.0
-2.9390093914116733e-08	0.0
-1.3079249683300986e-08	0.0
0.0	0.0
-0.00020637366105802357	0.0
0.0	0.0
-0.0012054173275828362	0.0
-0.0012224613456055522	0.0
-0.002727297367528081	0.0
0.0	0.0
-0.004897748585790396	0.0
0.0	0.0
-1.3067885902273702e-06	0.0
0.0	0.0
0.0	0.0
0.0	0.0
0.0	0.0
-0.0011022869730368257	0.0
-0.02112347073853016	0.0
-3.090744576184079e-05	0.0
-0.001012981403619051	0.0
0.0	0.0
0.0	0.0
-4.056224497617222e-06	0.196
0.0	0.0
0.0	0.0
-1.1026490028598346e-05	0.0
0.0	0.0
0.0	0.0
0.0	0.0
0.0	0.0
0.0	0.0
0.0	0.0
-0.0002301068016095087	0.0
-0.028462788090109825	0.0
0.0	0.0
-2.3888789655757137e-05	0.0
0.0	0.0
0.0	0.0
