0.0	0.0
-0.0011459463275969028	0.0
-0.0019436542643234134	0.0
-1.1894649105670396e-05	0.0
0.0	0.0
-7.502057087549474e-06	0.0
0.0	0.0
0.0	0.0
0.0	0.0
-0.00037194634205661714	0.0
0.0	0.0
-0.005727959796786308	0.0
-0.001370369689539075	0.0
0.0	0.0
0.0	0.0
-0.0004837126180063933	0.0
0.0	0.0
0.0	0.0
-0.003623146563768387	0.0
0.0	0.0
0.0	0.0
0.0	0.0
0.0	1.0
0.0	0.0
0.0	1.0
0.0	1.0
0.0	1.0
0.0	0.0
0.0	1.0
0.0	1.0
-5.4483643907587975e-06	1.0
-0.00023202864394988865	0.0
0.0	0.0
-1.5568626622552983e-05	0.0
0.0	1.0
0.0	1.0
0.0	0.0
0.0	0.0
0.0	0.0
0.0	0.0
-0.0755036249756813	0.0
0.0	0.0
0.0	0.0
0.0	0.0
-1.3323282246346935e-06	0.0
-1.7324622604064643e-05	0.0
-4.890350737696281e-06	0.0
-0.0009187029208987951	0.0
-7.941802323330194e-05	0.0
0.0	0.0
0.0	0.0
-0.00027074632816947997	0.0
0.0	0.0
0.0	0.0
0.0	0.0
0.0	0.0
-8.027766307350248e-05	0.0
0.0	0.0
0.0	0.0
-0.00046782882418483496	0.0
-5.978963102393209e-09	0.0
-0.0026870022993534803	0.0
0.0	0.0
0.0	0.0
-0.004856586921960115	0.0
0.0	0.0
-3.965179985243594e-06	0.0
0.0	0.0
-0.0031714700162410736	0.0
-0.0005255421856418252	0.0
-0.00048312623403035104	0.0
-2.0833638633699358e-13	0.0
0.0	0.0
0.0	0.0
-0.0034431274980306625	0.0
-0.0021239197812974453	0.0
-7.08711240804405e-08	0.0
0.0	0.0
-7.862533948355122e-07	0.0
0.0	0.0
0.0	0.0
0.0	0.0
0.0	0.0
-0.0005736674065701663	0.0
0.0	0.004
-0.0005715503357350826	0.004
0.0	0.004
-2.368686409681686e-06	0.0
-0.0041109053418040276	0.0
0.0	0.0
0.0	0.0
-0.0012505128979682922	0.0
0.0	0.0
-0.0007652877829968929	0.0
0.0	0.0
0.0	0.0
0.0	0.0
0.0	0.0
0.0	0.0
0.0	0.0
-0.003093167208135128	0.0
0.0	0.0
0.0	0.0
-1.6423939541709842e-08	0.0
0.0	0.0
-0.0011266974033787847	0.0
-2.3862075977376662e-06	0.058
0.0	0.0
-0.0006307414150796831	0.0
-0.0011828187853097916	0.0
0.0	0.0
-0.006265627685934305	0.0
-0.002239001914858818	0.0
0.0	0.0
-0.00017600451246835291	0.0
0.0	0.0
0.0	0.0
0.0	0.0
0.0	0.0
-0.0004518362693488598	0.058
-1.0310268407920375e-05	0.058
0.0	0.058
-1.9397930373088457e-05	0.0
0.0	0.058
-1.60384695391258e-06	0.0
0.0	0.0
-0.0024544401094317436	0.0
-0.0006361158448271453	0.0
0.0	0.0
0.0	0.0
-0.006325769238173962	0.0
-0.00032559732790105045	0.0
0.0	0.0
-1.8412130884826183e-05	0.0
-1.6455820741612115e-06	0.0
-1.57811530510088e-09	0.0
-0.0006127611850388348	0.0
0.0	0.0
0.0	0.0
0.0	0.0
0.0	0.0
-0.0027257660403847694	0.0
-0.0010424511274322867	0.0
0.0	0.0
-2.48638116318034e-05	0.0
0.0	0.0
0.0	0.0
0.0	0.0
0.0	0.0
0.0	0.0
-0.00017014701734296978	0.0
-3.6371707210491877e-06	0.0
0.0	1.0
-2.809549005178269e-05	0.0
-0.000192755222087726	1.0
-5.9492776927072555e-06	0.0
-5.1665643985288057e-11	0.0
-0.0006712059839628637	1.0
-0.005880311131477356	0.0
-0.003605737118050456	0.0
0.0	0.0
-0.0017336503369733691	0.0
-1.6102505469461903e-05	1.0
0.0	0.0
0.0	0.0
0.0	0.0
0.0	0.0
0.0	0.0
0.0	0.0
-4.6198929339880124e-05	0.0
-0.0002606576890684664	0.0
0.0	0.0
0.0	0.0
0.0	0.0
0.0	0.0
0.0	0.0
0.0	0.0
-0.003452930599451065	0.0
-0.012136906385421753	0.0
0.0	0.0
0.0	0.0
0.0	0.0
-1.3551178312809498e-07	0.0
-2.628340745047808e-08	0.0
0.0	0.0
0.0	0.0
0.0	0.0
0.0	0.0
-0.0011106139281764627	0.0
0.0	0.0
0.0	0.0
0.0	0.0
0.0	0.0
0.0	1.0
0.0	0.0
0.0	0.0
0.0	0.0
-1.53311202666373e-06	0.0
0.0	0.0
0.0	0.0
0.0	0.0
-0.037913333624601364	0.0
-9.977890294976532e-05	0.0
0.0	0.0
0.0	0.0
-8.757190698815975e-06	0.0
-0.0011073501082137227	0.0
0.0	0.0
0.0	0.0
0.0	0.0
0.0	0.0
0.0	0.0
0.0	0.0
-7.148087206587661e-06	0.0
0.0	0.0
0.0	0.0
0.0	0.0
-0.0016885638469830155	0.0
0.0	0.0
0.0	0.0
-0.005870576947927475	0.0
0.0	0.0
0.0	0.0
0.0	0.005
0.0	0.0
0.0	0.005
-3.57343815267086e-05	0.005
0.0	0.0
0.0	0.0
-0.001975033199414611	0.0
0.0	0.005
-0.00045406498247757554	0.0
0.0	0.005
0.0	0.005
0.0	0.0
0.0	0.0
0.0	0.0
-0.0002064601139863953	0.0
0.0	0.0
-0.003357311012223363	0.0
0.0	0.0
-0.00012049837096128613	0.0
0.0	0.0
0.0	0.0
-8.774673915468156e-06	0.0
0.0	0.0
-0.0001197335368487984	0.0
0.0	0.0
-4.474791239772458e-06	1.0
0.0	0.0
0.0	1.0
0.0	0.0
0.0	0.0
0.0	0.0
0.0	1.0
0.0	0.0
0.0	0.059
0.0	0.0
0.0	0.0
0.0	0.0
0.0	0.007
-0.0002054700889857486	0.0
0.0	0.0
0.0	0.0
0.0	0.0
0.0	0.0
-0.0004814872518181801	0.0
-0.014127634465694427	0.0
0.0	0.0
0.0	0.0
-4.395131327328272e-06	0.0
-0.015470379963517189	0.0
0.0	0.0
0.0	0.0
0.0	0.0
-7.54036009311676e-05	0.0
-0.0012621438363566995	0.0
0.0	0.0
0.0	1.0
0.0	0.0
-6.548154374286241e-07	0.0
-0.007799864746630192	0.0
-0.005946536548435688	0.0
-0.0018934201216325164	0.0
-3.3655156585155055e-05	0.0
0.0	0.0
-5.9017728482047005e-09	0.0
-3.1701438274467364e-05	0.0
0.0	0.0
-5.5049040383892134e-05	0.0
0.0	0.0
0.0	0.0
0.0	0.0
0.0	0.0
0.0	0.0
-0.0006775126093998551	0.0
-0.009211739525198936	0.0
-8.836801498546265e-06	0.0
0.0	0.0
-0.009889708831906319	0.0
0.0	0.0
-2.3823796269084596e-09	0.0
0.0	0.0
-7.265765589181683e-08	0.0
-3.091534528376627e-10	0.0
0.0	0.0
0.0	0.0
-7.471858407370746e-05	0.0
0.0	0.0
0.0	0.0
0.0	1.0
0.0	1.0
0.0	0.0
-0.004641200881451368	0.0
0.0	0.0
-2.4757159877708546e-08	0.0
0.0	0.0
0.0	0.0
-0.0004439016920514405	0.0
0.0	0.0
-0.0034256333019584417	0.0
-0.00012772147601936013	0.0
-0.006744676735252142	0.0
0.0	0.0
0.0	0.0
0.0	0.0
0.0	0.0
0.0	0.0
0.0	0.0
0.0	0.0
0.0	0.0
0.0	0.0
-0.0017313831485807896	0.0
0.0	0.0
-4.8043570131994784e-05	0.0
0.0	0.0
0.0	0.0
0.0	0.0
0.0	0.0
0.0	0.0
0.0	0.0
0.0	0.0
0.0	0.0
0.0	0.0
-0.0025911061093211174	0.0
0.0	0.0
0.0	0.0
0.0	0.0
0.0	0.0
-0.0007583051337860525	0.0
-0.0031019835732877254	0.0
0.0	0.0
-2.5831809580267873e-07	0.0
0.0	0.0
-0.0004768609651364386	0.0
0.0	0.0
0.0	0.0
-0.00021109080989845097	0.0
0.0	0.025
-0.00011411360173951834	0.025
0.0	1.0
-2.5512849788356107e-06	1.0
0.0	1.0
0.0	0.0
0.0	1.0
0.0	0.0
0.0	0.025
-0.008509076200425625	0.0
0.0	0.0
-2.491657141945325e-05	0.0
-0.003904919372871518	0.0
0.0	0.0
-0.004523636773228645	0.0
-1.1763288512156578e-06	0.0
0.0	0.0
0.0	0.0
0.0	0.0
-8.25482711661607e-05	0.0
0.0	0.0
-9.693629181128927e-06	0.0
0.0	0.0
-1.2063920695748465e-10	0.0
-2.8149454465165036e-06	0.0
0.0	0.0
-0.001578733092173934	0.0
0.0	0.0
-0.0003415542596485466	0.0
0.0	0.0
0.0	0.0
-5.769676135969348e-05	0.0
-0.0012996672885492444	0.0
0.0	0.0
0.0	0.0
-9.503466902316404e-10	0.0
-0.005121617112308741	0.0
-0.003182867541909218	0.0
0.0	0.0
0.0	0.0
-0.000143450204632245	0.0
0.0	0.0
0.0	1.0
0.0	0.0
0.0	0.0
-0.0002452473563607782	0.0
0.0	0.0
0.0	0.0
0.0	0.0
-9.414659274398218e-08	0.0
0.0	0.0
-0.00013725429016631097	0.0
0.0	0.0
-0.010825784876942635	0.0
-3.699568333104253e-05	0.0
0.0	0.0
0.0	0.0
0.0	0.0
-0.0002749412087723613	0.0
0.0	0.0
0.0	0.0
-3.0158391382428817e-05	0.0
0.0	0.0
-0.0004489978600759059	0.0
-0.005557950120419264	0.0
0.0	0.0
0.0	0.0
0.0	0.0
-0.0008329317206516862	0.0
0.0	0.0
0.0	0.0
0.0	0.0
0.0	0.0
-0.0010893690632656217	0.0
-0.012522383593022823	0.0
0.0	0.0
0.0	0.0
0.0	0.0
-4.3254388515379105e-07	0.0
-0.00014916539657860994	0.0
-0.0027165007777512074	0.0
-0.008479398675262928	0.0
0.0	0.0
0.0	0.0
0.0	0.0
0.0	0.0
-0.00028056217706762254	0.0
-0.0011017326032742858	0.0
0.0	0.0
-0.00021502518211491406	0.0
-5.2753728141397e-07	0.0
0.0	0.0
0.0	0.0
0.0	0.0
0.0	0.0
-0.0005180808366276324	0.0
-0.00010185243445448577	0.0
0.0	0.0
-0.0014415860641747713	0.0
0.0	0.0
0.0	0.0
0.0	0.0
0.0	0.0
0.0	0.0
-0.00023441517259925604	0.0
0.0	0.0
0.0	0.0
0.0	0.0
-0.008798518218100071	0.0
0.0	0.0
0.0	0.0
-3.7806072214152664e-05	0.0
0.0	0.0
0.0	0.0
0.0	0.0
0.0	0.0
0.0	0.0
-0.001123076188378036	0.0
0.0	0.0
-2.7482921723276377e-05	0.0
0.0	0.0
-0.007894009351730347	0.0
0.0	0.0
-0.00019075705495197326	0.0
-0.024479513987898827	0.0
0.0	0.0
0.0	0.0
0.0	0.0
0.0	0.0
0.0	0.0
-2.202037285314873e-05	0.0
0.0	0.0
-0.0005995152750983834	0.0
0.0	0.0
-0.0021253484301269054	0.0
0.0	0.0
0.0	0.0
0.0	0.0
0.0	0.0
0.0	0.0
0.0	0.0
0.0	0.0
0.0	0.0
0.0	0.0
-0.0011670507956296206	0.0
0.0	0.0
0.0	0.0
0.0	0.0
-0.0024504871107637882	0.0
0.0	0.0
-0.0034099870827049017	0.0
0.0	0.0
-7.064647797960788e-05	0.0
-7.1853536454113964e-09	0.0
-8.562991353315563e-13	0.0
0.0	0.0
-0.00012774404603987932	0.0
-8.679350867168978e-05	0.0
-0.004797900561243296	0.0
-1.736300873744767e-05	1.0
-8.446707215625793e-05	0.0
0.0	0.0
0.0	0.0
-1.7764209587767255e-06	0.0
-0.0006710913148708642	0.0
0.0	0.0
0.0	0.0
0.0	0.0
-0.0059518152847886086	0.0
0.0	0.0
0.0	0.0
0.0	0.0
-0.0020726958755403757	0.0
-1.7681545463887893e-11	0.0
0.0	0.0
-0.014867396093904972	0.0
0.0	0.0
0.0	0.0
-1.3718815146390728e-11	0.0
0.0	0.0
0.0	0.0
0.0	0.0
0.0	0.0
0.0	0.0
0.0	0.0
0.0	0.0
0.0	0.0
0.0	0.0
0.0	0.0
0.0	0.0
-1.0455153642396908e-05	0.0
-0.0009980156319215894	0.0
0.0	0.0
0.0	0.0
-0.00650849100202322	0.0
0.0	0.0
0.0	0.0
0.0	0.0
-7.824454769433942e-06	0.0
0.0	0.0
0.0	0.0
-0.000610387185588479	0.0
-5.862449969917805e-10	0.0
0.0	0.0
0.0	0.0
-6.537587804444911e-09	0.0
-8.326939678227063e-06	0.0
0.0	0.0
0.0	0.0
-0.0015752147883176804	0.0
0.0	0.0
0.0	0.0
0.0	0.0
-4.999524776394537e-07	0.0
0.0	0.0
-0.010065927170217037	0.0
-0.0003433647216297686	0.0
-0.005377430003136396	0.0
-5.03146884511807e-06	0.0
0.0	0.0
0.0	0.0
-0.0023439908400177956	0.0
0.0	0.0
0.0	0.0
0.0	1.0
-0.0009415419190190732	0.0
0.0	0.0
-2.5616156418273306e-10	0.0
0.0	1.0
-0.0007682613795623183	0.0
0.0	0.0
0.0	0.0
-1.28699156221046e-07	0.0
0.0	0.0
0.0	0.0
-5.658939983277378e-08	0.0
-6.359660346788587e-06	0.0
0.0	0.0
0.0	0.0
0.0	0.0
0.0	0.0
-0.002859503263607621	0.0
-9.817494174058083e-06	1.0
0.0	0.0
0.0	0.0
0.0	0.0
-3.717221943588811e-06	0.0
-0.0064900582656264305	0.0
0.0	0.0
-0.002409503096714616	0.0
0.0	0.0
-0.0008394074393436313	0.0
0.0	0.0
0.0	0.0
0.0	0.0
-2.462758885712901e-10	0.0
0.0	0.0
0.0	0.0
0.0	0.0
0.0	0.0
0.0	0.0
0.0	0.0
-1.8747221474768594e-05	0.0
0.0	0.0
-2.978878910653293e-06	0.0
0.0	0.0
-1.1572004950721748e-05	0.0
0.0	0.0
-2.569163916632533e-05	0.0
-2.0573170331772417e-05	0.0
-0.0012987160589545965	0.0
-0.003047558479011059	0.0
0.0	0.0
0.0	0.0
-3.355790249770507e-05	0.0
-6.56772044749232e-07	0.0
-0.0003153665456920862	0.0
0.0	0.0
0.0	0.0
0.0	0.0
0.0	0.0
-0.0010864206124097109	0.0
0.0	0.0
-4.778064976562746e-06	0.0
0.0	0.0
0.0	0.0
-0.00042945327004417777	0.0
0.0	0.0
-0.0005506454617716372	0.0
0.0	0.0
0.0	0.0
0.0	0.0
-0.0008258206653408706	0.0
-0.0244436115026474	0.0
0.0	0.0
0.0	0.0
-5.3411381486512255e-06	1.0
-0.01692374423146248	0.0
0.0	0.0
0.0	0.0
0.0	0.0
0.0	1.0
0.0	0.0
-1.2245283187439782e-06	0.0
0.0	0.0
0.0	0.0
0.0	0.0
0.0	0.0
0.0	0.0
-0.001399894361384213	0.0
0.0	0.0
-2.602510721771978e-05	0.0
0.0	0.0
-0.00022170203737914562	0.0
-1.846686803474995e-09	0.0
0.0	0.0
-0.00015417233225889504	0.0
-0.0004331612726673484	0.0
-1.1670864275004078e-08	0.0
0.0	0.0
-7.676655513932928e-06	0.0
-0.008800197392702103	0.0
0.0	0.0
-4.69755345733347e-11	0.0
-0.00037341591087169945	0.0
-4.419511242303997e-06	0.0
0.0	0.0
0.0	0.0
-0.0020228733774274588	0.0
0.0	0.0
0.0	0.0
-2.503554424038157e-05	0.0
-0.001573312794789672	0.0
-4.628441820386797e-05	0.0
-0.0013319783611223102	0.0
-0.0068069938570261	0.0
-0.0016290718922391534	0.0
0.0	0.0
-9.085495548788458e-05	0.0
0.0	0.0
0.0	0.0
0.0	1.0
0.0	0.0
-2.7847865567309782e-05	0.0
0.0	0.0
0.0	0.0
0.0	0.0
-0.001802237587980926	0.0
-2.630778544698842e-05	0.0
0.0	0.0
-3.235708732063358e-07	0.0
0.0	0.0
-3.459760364421527e-06	0.0
0.0	0.0
0.0	0.0
-0.00041878526099026203	0.0
0.0	0.0
-5.4942585848039016e-05	0.0
0.0	0.0
0.0	0.0
-4.395880296215182e-06	0.0
0.0	0.0
0.0	0.0
0.0	0.0
0.0	0.0
0.0	0.0
0.0	0.0
-0.02678406611084938	0.0
-8.26279711318989e-10	0.0
0.0	0.0
-8.413105945237476e-08	0.0
-2.1171112085660582e-10	0.0
-2.043251470240648e-06	0.0
0.0	0.0
-5.00974383612629e-05	0.0
-0.0004289726784918457	0.0
-0.0009647682309150696	0.0
-0.0009628139669075608	0.0
0.0	0.0
0.0	0.0
-0.011422839015722275	0.0
-9.76040155364899e-07	0.0
-0.005837373901158571	0.0
-0.010865690186619759	0.0
-8.429334411630407e-05	0.0
-0.00024177516752388328	0.0
0.0	0.0
0.0	0.0
-0.002669611945748329	0.0
-0.0001277166447835043	0.0
0.0	0.0
0.0	0.0
0.0	0.0
0.0	0.0
-0.006410590838640928	0.0
0.0	0.0
0.0	0.0
0.0	1.0
-1.3224404682432578e-08	0.0
0.0	0.0
0.0	1.0
0.0	0.0
-0.09985872358083725	0.0
0.0	0.0
0.0	0.0
0.0	0.0
0.0	0.0
0.0	0.0
0.0	0.0
0.0	0.0
0.0	0.0
0.0	0.0
0.0	0.0
0.0	0.0
0.0	0.0
-0.009586320258677006	0.0
0.0	0.0
0.0	0.0
0.0	0.0
-0.00031024045892991126	0.0
0.0	0.0
0.0	0.055
-3.3320734473818447e-06	0.0
-0.002639773767441511	0.0
0.0	0.0
0.0	0.0
-1.2581436976688565e-06	0.0
-5.2053004765184596e-05	0.0
-0.0007920481148175895	0.0
-0.016098273918032646	0.0
0.0	0.0
0.0	0.0
-1.9109955928797717e-07	0.0
-4.589700893120607e-06	0.0
0.0	0.0
0.0	0.0
0.0	0.0
0.0	0.0
0.0	0.0
-0.07461316883563995	0.0
-0.00021539551380556077	0.0
-6.2430717662209645e-06	0.0
-0.0025560713838785887	0.0
0.0	0.0
-2.9297452783794142e-05	0.0
-0.002892980817705393	0.0
0.0	0.0
0.0	0.0
0.0	0.0
-0.0002819476940203458	0.0
0.0	0.0
-8.364830250684463e-07	0.0
0.0	0.0
-0.0085257263854146	0.0
-0.005582657642662525	0.0
0.0	0.0
0.0	0.0
0.0	0.0
-1.639521087781759e-07	0.0
0.0	0.0
0.0	0.0
0.0	0.0
-0.00015986817015800625	0.0
-0.001490911701694131	0.0
0.0	0.0
0.0	0.0
-0.004381927195936441	0.0
0.0	0.0
0.0	0.0
0.0	0.0
0.0	0.0
0.0	0.0
0.0	0.0
-1.4535803529724944e-05	0.0
0.0	0.0
0.0	0.0
0.0	0.0
-0.009272538125514984	0.0
0.0	0.0
-3.895952977472916e-05	0.0
0.0	0.0
0.0	0.0
-2.6125276235688943e-06	0.0
0.0	0.0
-6.818542169639841e-05	0.0
0.0	0.0
-6.193708395585418e-05	0.0
0.0	1.0
0.0	0.0
0.0	1.0
-0.005218783393502235	0.0
-1.0910216587944888e-06	0.0
0.0	1.0
-0.0008424922125414014	1.0
0.0	0.0
0.0	0.0
-0.00024106352066155523	0.0
0.0	0.0
0.0	0.0
-2.5427209493500413e-07	0.0
0.0	0.0
-0.00018803088460117579	0.0
-1.1601788401094382e-06	0.0
-8.062549022724852e-05	0.0
0.0	0.0
0.0	0.0
0.0	0.0
0.0	0.0
0.0	0.0
0.0	0.0
-0.0013674353249371052	0.0
0.0	0.0
-0.0001288160274270922	0.0
0.0	0.0
-0.020498009398579597	0.0
0.0	0.0
-2.6809620976564474e-06	0.0
0.0	0.0
0.0	0.0
0.0	0.0
-1.9557485302357236e-06	0.0
0.0	0.0
-0.00012333494669292122	0.0
0.0	0.0
0.0	0.0
-0.007850687019526958	0.0
-0.002295316196978092	0.0
-5.191715217733872e-07	0.0
0.0	0.0
0.0	0.0
-0.002160123083740473	0.0
0.0	0.0
0.0	0.0
0.0	0.0
-1.6847794540808536e-05	0.0
-0.00020841800142079592	0.0
-0.00028783082962036133	0.0
0.0	0.0
-0.007944286800920963	0.0
-0.002228162717074156	0.0
-0.011708281934261322	0.0
0.0	0.0
0.0	0.0
-5.213151962379925e-05	0.0
0.0	0.0
-4.83392159367213e-06	0.0
-0.004937577061355114	0.0
-6.337877039186424e-06	0.0
0.0	0.0
0.0	0.0
-0.003957219421863556	0.0
0.0	0.0
-0.0005960030830465257	0.0
0.0	0.0
0.0	0.0
-0.010660279542207718	0.0
0.0	0.0
-7.548755093012005e-06	0.0
0.0	0.0
0.0	0.0
0.0	1.0
0.0	1.0
-7.358437414950458e-07	0.0
-0.004129253327846527	1.0
0.0	0.0
0.0	0.0
0.0	0.0
-0.0013364257756620646	0.0
-0.005182203371077776	0.0
0.0	0.0
0.0	0.0
0.0	0.0
0.0	0.0
-3.460316520431661e-06	0.0
0.0	0.0
-7.937371265143156e-06	0.0
0.0	0.0
0.0	0.0
0.0	0.0
0.0	0.0
0.0	0.0
0.0	0.0
0.0	0.0
0.0	0.0
-0.001812358619645238	0.0
0.0	0.0
-2.2183046894497238e-05	0.0
0.0	0.0
0.0	0.0
-5.139170156098771e-08	0.0
-2.8206657010088065e-09	0.0
-0.014277774840593338	0.0
-0.0011568443151190877	0.0
