0.0	0.0
0.0	0.0
-0.00021303343237377703	0.0
-0.010563565418124199	0.0
-0.0022055217996239662	0.0
-2.562033785125095e-07	0.0
0.0	0.0
0.0	0.0
-3.4127348044421524e-05	0.0
0.0	0.0
-1.6434230929007754e-05	0.0
0.0	0.0
-0.004324611276388168	0.0
0.0	0.0
0.0	0.0
-2.045171587639061e-09	0.0
-1.0829773600562476e-05	0.0
-1.8998041923623532e-05	1.0
-0.0008393639582209289	1.0
0.0	1.0
0.0	0.0
-4.501873318574212e-10	0.0
0.0	0.0
-1.8453518350725062e-05	0.0
-0.0027908955235034227	0.0
0.0	0.0
0.0	0.0
0.0	0.0
0.0	0.0
0.0	0.0
-2.5788910988922e-06	0.0
-3.399001798243262e-05	0.0
0.0	0.0
0.0	0.0
0.0	0.0
-2.5490871848887764e-05	0.0
0.0	0.0
0.0	0.0
0.0	0.0
-0.0001636537053855136	0.0
0.0	0.0
0.0	0.0
0.0	0.0
0.0	0.0
0.0	0.0
0.0	0.0
0.0	0.0
0.0	0.0
0.0	0.0
0.0	0.0
-5.2698691632713235e-08	0.0
0.0	0.0
0.0	0.0
0.0	0.0
-1.1040685421903618e-05	0.0
-0.00032555978395976126	0.0
-6.884830554554355e-07	0.0
-0.0035474428441375494	0.0
-1.9732999589905376e-06	0.0
0.0	0.0
-0.014208542183041573	0.0
-0.0023677449207752943	0.0
-0.000844792986754328	0.0
0.0	0.0
-8.723972655388934e-09	0.0
0.0	0.0
0.0	0.0
0.0	0.0
0.0	0.0
-1.153921584773343e-05	0.0
-0.0027759820222854614	0.0
-4.095288386452012e-05	0.0
-0.005586772691458464	0.0
-2.5653998818597756e-05	0.0
-2.619888846311369e-06	0.0
0.0	0.0
-0.006868906319141388	0.0
-1.0404488421045244e-05	0.0
0.0	0.0
-0.0012981438776478171	0.0
-1.7810374629334547e-05	0.0
0.0	0.0
-0.0013386799255385995	0.0
-0.007299497723579407	0.0
0.0	0.0
0.0	0.0
0.0	0.0
0.0	0.0
0.0	0.0
0.0	0.0
-2.862855399143882e-05	0.0
-7.489569543395191e-05	0.0
-0.05165940523147583	0.0
-6.532481222620845e-08	0.0
0.0	0.0
-0.0011194521794095635	0.0
-3.703789445280714e-12	0.0
-1.3466377879467473e-07	0.0
0.0	1.0
0.0	1.0
0.0	1.0
-1.345381122064282e-07	1.0
0.0	0.0
0.0	0.0
0.0	0.0
-0.0002788990386761725	0.0
-0.009607221931219101	0.0
0.0	0.0
-1.968624701476074e-06	0.0
0.0	0.0
-9.237025551556144e-06	0.0
-1.7180721556542267e-07	0.0
-0.0005671106046065688	0.0
-8.164997780113481e-07	0.0
-2.31651185345072e-07	0.0
-6.996216689003631e-05	0.0
-1.6633086488582194e-05	0.0
0.0	0.0
0.0	0.0
0.0	0.0
0.0	0.0
-2.5783470846363343e-05	0.0
0.0	0.0
0.0	0.0
0.0	0.0
0.0	0.0
0.0	0.0
0.0	0.0
-0.005106303840875626	0.0
0.0	0.0
-4.4972262025488874e-11	0.0
-6.651659350609407e-05	0.0
-0.0072675300762057304	0.0
0.0	0.0
0.0	0.0
-1.490850662594443e-14	0.0
-0.002314239041879773	0.0
0.0	0.0
0.0	0.0
-1.7934777361006127e-06	0.0
0.0	0.0
-1.1368847481207922e-06	0.0
0.0	0.0
0.0	0.0
-4.5878845412516966e-05	0.0
0.0	0.0
-0.0008817369816824794	0.0
-2.023700851339072e-08	0.0
-9.84118919689081e-09	0.0
0.0	0.0
-0.007257547229528427	0.0
0.0	0.0
-0.00013268436305224895	0.0
0.0	0.0
0.0	0.0
-3.7120548768143635e-07	0.0
0.0	0.0
-1.689349301159382e-05	0.0
0.0	0.0
0.0	0.0
0.0	0.0
0.0	0.0
-4.6255732740974054e-05	0.0
0.0	0.0
-0.00010765769548015669	0.0
-9.549396651209463e-08	0.0
0.0	0.0
0.0	0.0
-5.824263098475058e-07	0.0
0.0	0.0
0.0	0.0
-0.0028121124487370253	0.0
-0.0008866236894391477	0.0
0.0	0.0
0.0	0.0
0.0	0.0
-0.003048381069675088	0.0
-1.0906463288051782e-08	0.0
0.0	0.0
-0.004569048993289471	0.0
0.0	0.0
-2.9996181183378212e-06	0.001
-8.855987107381225e-05	0.001
-1.4695514437335078e-05	0.0
-0.0006008322816342115	0.0
-0.00804954208433628	0.0
0.0	0.0
0.0	0.0
-8.114347416210421e-09	0.0
-0.04928664118051529	0.0
0.0	0.0
0.0	0.0
-7.26392102023965e-08	0.0
-0.00024264557578135282	0.0
0.0	0.0
0.0	0.0
0.0	0.0
-0.0007144268602132797	0.0
0.0	0.0
-0.000275413622148335	0.0
0.0	0.0
-1.280479722254313e-09	0.0
0.0	0.0
0.0	0.0
0.0	0.0
-7.475521868194335e-10	0.0
0.0	0.0
0.0	0.0
0.0	0.0
-6.57242999295704e-05	0.0
-0.0315999910235405	0.0
0.0	0.0
-0.006441641598939896	0.0
0.0	0.0
0.0	0.0
-3.984981049143244e-06	0.0
0.0	0.0
-5.4522995924344286e-05	0.0
0.0	0.0
-0.00027025476447306573	0.0
0.0	0.0
0.0	0.0
-2.1745001087079635e-21	0.0
-0.0011060502147302032	0.0
-0.005923675373196602	0.0
0.0	0.0
-5.773835631828206e-09	0.0
0.0	0.0
-1.678214903222397e-05	0.0
0.0	0.0
-1.2991491757929907e-06	0.0
0.0	0.0
-0.0014177443226799369	1.0
0.0	0.0
0.0	0.0
-1.4208365428203251e-05	0.0
-7.973109859449323e-06	0.0
0.0	0.0
0.0	0.0
0.0	0.0
-0.003298444440588355	0.0
-5.658136615238618e-06	0.0
-0.0006887950003147125	0.0
-3.136958923732891e-07	0.0
0.0	0.0
-1.6872206742846174e-07	0.0
-1.4271253121478367e-06	0.0
0.0	0.0
0.0	0.0
0.0	0.0
0.0	0.0
0.0	0.0
-0.0001813431881600991	0.0
-0.0005309694679453969	0.0
-0.004367813467979431	0.0
0.0	0.0
-0.002685312647372484	0.0
-0.0013721177820116282	0.0
-0.001225117826834321	0.0
-0.00027508148923516273	0.0
0.0	0.0
-0.001962355338037014	0.0
-0.00013723612937610596	0.0
0.0	0.0
0.0	0.0
-0.0011558696860447526	0.0
-1.0004996511270292e-06	0.0
0.0	0.0
-1.4991680927778361e-06	0.0
0.0	0.0
-0.009450028650462627	0.0
0.0	0.0
-2.9538538001361303e-05	0.0
-0.005611379165202379	0.0
0.0	0.0
-1.8357806766289286e-05	0.0
0.0	0.0
0.0	0.0
0.0	0.0
-2.1930316052021226e-07	0.0
0.0	0.0
-0.0018580053001642227	0.0
0.0	0.0
-0.000443906377768144	1.0
0.0	1.0
-7.98392738943221e-06	0.0
-0.0030296477489173412	0.0
0.0	0.0
-0.005449112970381975	0.0
0.0	0.0
-8.292478923976887e-06	0.0
0.0	0.0
0.0	0.0
-4.3082749812128895e-07	0.0
0.0	0.0
-9.952322993500573e-11	0.0
0.0	0.0
-0.0002561087312642485	0.0
0.0	0.0
-0.00483522517606616	0.0
0.0	0.0
-0.00025522636133246124	0.0
0.0	0.0
0.0	0.0
-6.8261957494542e-05	0.0
0.0	0.0
-1.8120391587217455e-07	0.0
0.0	0.0
-0.000348077854141593	0.0
-1.6884010619833134e-05	0.0
0.0	0.0
-4.46343983639963e-06	0.0
-0.007992109283804893	0.0
0.0	0.0
0.0	0.0
0.0	0.0
-0.0002717577444855124	0.0
0.0	0.0
0.0	0.0
0.0	0.0
0.0	0.0
0.0	0.0
0.0	0.0
0.0	0.0
0.0	0.0
0.0	0.0
0.0	0.0
0.0	0.0
0.0	0.0
0.0	0.0
-0.00029982495470903814	0.0
0.0	0.0
0.0	0.0
-0.0018999639432877302	0.0
-3.787135938182473e-05	0.0
-0.007671050727367401	0.0
-0.00914070289582014	0.0
0.0	0.0
0.0	0.0
0.0	0.0
0.0	0.0
-0.0005742025095969439	0.0
0.0	0.0
0.0	0.0
0.0	0.0
0.0	0.0
0.0	0.0
0.0	0.0
0.0	0.0
0.0	0.0
-2.0161378060210185e-14	0.0
-2.463389421336615e-07	0.0
0.0	0.0
-0.001779763144440949	0.0
0.0	0.0
0.0	0.0
0.0	0.0
-6.977780486749907e-08	0.0
-1.0268091681553317e-14	0.0
-0.0024757254868745804	0.0
0.0	0.0
0.0	0.0
0.0	0.0
0.0	0.0
0.0	0.0
-0.0005858151125721633	0.0
0.0	0.0
0.0	0.0
0.0	0.0
0.0	0.0
0.0	0.0
-0.0004414106369949877	0.0
0.0	0.0
-0.0025046817027032375	0.0
0.0	0.0
-0.00018164196808356792	0.0
-9.891611973955605e-09	0.0
-0.003712907899171114	0.0
0.0	0.0
0.0	0.0
0.0	0.0
-0.04590931162238121	0.0
0.0	0.0
-0.0040862369351089	0.0
-0.0003942766925320029	0.0
0.0	0.0
-0.00022024921781849116	0.0
0.0	0.0
-7.458837353624403e-05	0.0
0.0	0.0
0.0	0.0
-0.00154202152043581	0.0
-1.0640291066010832e-06	0.0
0.0	0.0
0.0	0.0
0.0	0.0
0.0	0.0
-8.582003829360474e-06	0.0
0.0	0.0
-6.725211208237492e-14	0.0
-5.4833872127346694e-05	0.0
0.0	0.0
0.0	0.0
0.0	0.0
-4.310212898417376e-05	0.0
-4.0005437540457933e-07	0.0
0.0	0.0
-1.0907178875640966e-05	0.0
0.0	0.0
-0.00045490110642276704	0.0
-0.00914452038705349	0.0
-5.611302185570821e-05	1.0
0.0	0.0
0.0	0.0
0.0	0.0
-8.504096626893443e-07	0.0
0.0	0.0
0.0	0.0
-1.572039707298245e-07	0.0
0.0	0.0
-7.462762368959375e-06	0.0
0.0	0.0
-0.00015100702876225114	0.0
0.0	0.0
0.0	0.0
0.0	0.0
0.0	0.0
0.0	0.0
-0.008213306777179241	0.0
0.0	0.0
0.0	0.0
0.0	0.0
-8.95844932529144e-05	0.0
0.0	0.0
0.0	0.0
-0.044929977506399155	0.0
0.0	0.0
-1.1294018021149044e-12	0.0
0.0	0.0
0.0	0.0
0.0	0.0
0.0	0.0
0.0	0.0
0.0	0.0
0.0	0.0
0.0	0.001
-0.003936032764613628	0.0
-0.0017942446283996105	0.0
0.0	0.0
-0.00027084260364063084	0.0
0.0	0.0
0.0	0.0
0.0	0.0
0.0	0.0
0.0	0.0
0.0	0.0
0.0	1.0
-2.951568323084075e-09	0.0
0.0	0.0
0.0	0.0
0.0	0.0
-0.000462689291452989	0.0
-0.014805844984948635	0.0
0.0	0.0
0.0	0.0
0.0	0.0
0.0	0.0
-0.0096829142421484	0.0
0.0	0.0
0.0	0.0
-6.096235551922291e-07	1.0
0.0	0.0
-0.0010770008666440845	0.006
0.0	0.006
-0.0021889458876103163	0.006
0.0	0.0
0.0	0.0
0.0	0.0
0.0	0.0
0.0	0.0
0.0	0.0
-5.139574454915419e-07	0.0
-2.691770930596249e-07	0.0
0.0	0.0
0.0	0.0
0.0	0.0
0.0	0.0
0.0	0.0
0.0	0.0
0.0	0.0
0.0	0.0
-0.001868419349193573	0.0
0.0	0.0
0.0	0.0
-8.98935741133755e-06	0.0
0.0	0.0
0.0	0.0
-0.0004925694083794951	0.0
-2.2412323386067357e-10	0.0
0.0	0.0
0.0	0.0
0.0	0.0
0.0	0.0
0.0	0.0
0.0	0.0
0.0	0.0
-1.0475263252374134e-06	0.0
0.0	0.0
0.0	0.0
0.0	0.0
-8.548008167963417e-07	0.0
-0.0020571802742779255	0.0
0.0	0.0
-0.0001877081231214106	1.0
-0.04256921261548996	0.0
-0.029873764142394066	0.0
-1.1543484390585945e-08	0.0
-4.042797172587598e-07	0.0
-9.671853331383318e-05	0.0
0.0	0.0
0.0	0.0
0.0	0.0
-2.3854722641658554e-09	0.0
-1.8837815751737708e-09	1.0
-0.0007654358050785959	0.0
0.0	0.0
-0.003940762486308813	0.0
0.0	0.0
0.0	0.0
0.0	0.0
0.0	0.0
0.0	0.0
-0.0029022833332419395	0.0
-0.002561460016295314	0.0
0.0	0.0
-9.692391904536635e-05	0.0
0.0	0.0
-0.00031576791661791503	0.0
0.0	0.0
0.0	0.0
0.0	0.0
0.0	0.0
-0.002872399054467678	0.0
-0.0059087686240673065	0.0
0.0	0.0
0.0	0.0
0.0	0.0
0.0	0.0
0.0	1.0
0.0	0.0
0.0	0.0
0.0	0.0
0.0	0.0
0.0	0.0
-0.013028723187744617	0.0
0.0	0.0
-0.004886593669652939	0.0
0.0	0.0
0.0	0.0
-1.203955934947487e-09	0.0
0.0	0.0
-1.9752503703784896e-06	0.0
-2.0752032980908552e-07	0.0
-5.691701971954899e-07	0.0
-0.0004164158017374575	0.0
-0.0001461041538277641	0.0
-2.6449808956385823e-06	0.001
-0.00014833327441010624	0.0
-3.773671323870076e-06	0.001
0.0	0.0
-4.637763062476097e-09	0.001
-1.0201744771620724e-05	0.0
0.0	0.0
0.0	0.001
0.0	0.001
0.0	0.0
0.0	0.0
0.0	0.001
-2.7168066907279353e-08	0.001
-0.0011203091125935316	0.0
0.0	0.0
-2.5843728508334607e-06	0.0
-0.0003343340358696878	0.0
-1.0570429509471069e-07	0.0
0.0	0.0
0.0	0.0
-1.548356522107497e-05	0.0
0.0	0.0
0.0	0.0
0.0	0.0
0.0	0.0
0.0	0.0
-0.001146429916843772	0.0
0.0	0.0
0.0	1.0
0.0	1.0
0.0	0.0
-0.00019454261928331107	1.0
-3.204705308235134e-06	1.0
0.0	1.0
-2.0819040935649014e-11	0.0
-0.010448317043483257	0.0
0.0	0.0
0.0	0.0
0.0	0.0
0.0	0.0
-0.014768942259252071	0.0
0.0	0.0
0.0	1.0
0.0	0.0
0.0	0.0
0.0	0.0
0.0	0.0
-0.0002874972706194967	0.0
0.0	0.0
0.0	0.0
-1.076629497359649e-11	0.0
0.0	0.0
0.0	0.0
-0.00047447060933336616	0.0
-8.520490837327088e-07	0.0
0.0	0.0
-1.0535267165323603e-06	0.0
-0.00029683049069717526	0.0
-0.007823738269507885	0.0
0.0	0.0
0.0	0.0
-0.00018051060033030808	0.0
-0.008049151860177517	0.0
0.0	0.0
0.0	0.0
0.0	0.0
-0.0004982203245162964	0.0
0.0	0.0
-9.339514406292437e-08	0.0
0.0	0.0
0.0	0.0
0.0	1.0
0.0	0.0
0.0	0.0
0.0	0.0
0.0	0.0
0.0	0.0
0.0	0.0
-0.0005696763400919735	0.0
0.0	0.0
-0.0010168656008318067	0.0
0.0	0.0
0.0	0.0
-7.282989713530696e-07	0.0
0.0	0.0
-2.962360667879693e-06	0.0
0.0	0.0
0.0	0.0
0.0	0.0
0.0	0.0
-3.7043882912257686e-05	0.0
0.0	0.0
0.0	0.0
-3.5949960874859244e-07	0.0
0.0	0.0
-0.03174487501382828	0.0
0.0	0.0
-0.001896811998449266	0.0
0.0	0.0
0.0	0.0
0.0	0.0
0.0	0.0
-4.2004522082805806e-10	0.0
-0.012067493982613087	0.0
-0.0012797685340046883	0.0
0.0	0.0
0.0	0.0
-0.0009095332934521139	0.0
-7.215496680146316e-07	0.0
0.0	0.0
-1.6491603673784994e-05	0.0
-1.6012896594475023e-05	0.0
0.0	0.0
0.0	0.0
0.0	0.0
0.0	0.0
-3.839933926386152e-10	0.0
0.0	0.0
-2.3310662982112262e-06	0.0
0.0	0.0
0.0	0.0
-0.0009127347730100155	0.0
0.0	0.0
0.0	0.0
0.0	0.0
-0.006450678687542677	0.0
0.0	0.0
-3.5488255129695334e-12	0.0
0.0	0.0
0.0	0.0
0.0	0.0
-8.110859926091507e-05	0.0
0.0	0.0
-0.0006264909170567989	0.0
-9.320998195505581e-09	0.0
0.0	0.0
0.0	0.0
0.0	0.0
-5.181683415678151e-10	0.0
0.0	1.0
-9.083856999936302e-10	0.0
-0.0005064660217612982	0.0
-0.00010729313362389803	0.0
0.0	0.0
0.0	0.0
0.0	0.0
0.0	0.0
0.0	0.0
-0.0029765672516077757	0.0
0.0	0.0
-0.0004576579958666116	0.0
-5.209604622691266e-11	0.0
-0.008524788543581963	0.0
-1.2110947409382788e-06	0.0
-0.005378180183470249	0.0
-4.119843652006239e-05	0.0
-0.0003592418506741524	0.0
0.0	0.0
0.0	0.0
-8.302062148857203e-09	0.0
0.0	0.0
0.0	0.0
0.0	0.0
0.0	0.0
0.0	0.0
0.0	0.0
0.0	0.0
0.0	0.0
0.0	0.0
-1.2684931505191344e-07	0.0
-3.4692798180913087e-06	0.0
-0.005978033412247896	0.0
-4.3947967487412143e-10	0.0
0.0	0.0
-6.90885769927263e-07	0.0
0.0	0.0
-0.0031745904125273228	0.0
0.0	0.0
0.0	0.0
0.0	0.0
0.0	1.0
-0.000542961061000824	0.0
0.0	0.0
0.0	0.0
-0.000806828320492059	0.0
0.0	0.0
0.0	0.0
0.0	0.002
-0.000996250775642693	0.0
0.0	0.002
-1.8602961185387734e-11	0.0
0.0	0.002
0.0	0.0
0.0	0.0
0.0	0.002
0.0	0.002
-0.0034386843908578157	0.002
0.0	0.0
0.0	0.0
-4.1958035581046715e-05	0.0
-0.0003152114513795823	0.0
0.0	0.0
-6.923333728536818e-08	0.0
-0.00544004887342453	0.0
-0.00035844993544742465	0.0
-4.836766922443553e-15	0.0
-1.0469952682612416e-09	0.0
0.0	0.0
-1.118056388804689e-05	0.0
0.0	0.0
0.0	0.0
0.0	0.0
-5.872009865015571e-07	0.0
0.0	0.0
-8.36643209822796e-07	0.0
0.0	0.0
0.0	0.0
0.0	0.0
0.0	0.0
0.0	0.0
-0.0002304244553670287	0.0
-2.8897578886244446e-05	0.0
-0.0011633700923994184	0.001
0.0	0.0
-0.007831250317394733	0.0
-0.00178191636223346	0.0
-0.0005889195599593222	0.0
-0.0017413015011698008	0.0
0.0	0.0
0.0	0.0
0.0	0.0
0.0	0.0
-0.00113215995952487	0.0
-0.0001586544094607234	0.0
-0.02481803297996521	0.0
-2.6945650461129844e-05	1.0
0.0	0.0
0.0	0.0
-0.0621524378657341	0.0
0.0	0.0
0.0	0.0
-0.00038834201404824853	0.0
0.0	0.0
-0.07005523145198822	0.0
-1.843700920289848e-05	0.0
0.0	0.0
0.0	0.0
0.0	0.0
0.0	0.0
0.0	0.0
0.0	0.0
-0.001194262644276023	0.0
-0.0008161779260262847	0.0
-0.0005584157188422978	0.0
-1.8666695495994645e-06	0.0
-6.505562168968027e-07	0.0
0.0	0.0
0.0	0.0
0.0	0.0
-0.0004758985887747258	0.0
0.0	0.0
-0.002164622535929084	0.0
-4.4742384375240363e-07	0.0
0.0	0.0
0.0	0.0
-0.0017718608723953366	0.0
0.0	0.0
0.0	0.0
0.0	1.0
-0.011369585990905762	0.0
-0.003885673824697733	0.0
-0.003510701470077038	0.0
0.0	1.0
-1.0736427302759921e-09	1.0
0.0	1.0
0.0	0.0
-0.0017875359626486897	0.0
-0.0034933784045279026	0.0
-0.0007083895616233349	0.0
0.0	0.0
-8.631034143036231e-05	0.0
0.0	0.0
0.0	0.0
-0.0005102085997350514	0.0
-0.00015144153439905494	0.0
-0.0006975032738409936	0.0
0.0	0.0
-5.242403130978346e-05	0.0
-6.785194273106754e-05	0.0
-2.731278073042631e-05	0.0
-0.00027958740247413516	0.0
-4.080131020600675e-06	0.0
0.0	0.0
0.0	0.0
-0.00113610178232193	0.0
0.0	0.0
-0.0003581167256925255	0.0
-0.008032886311411858	0.0
-5.270317615213571e-06	0.0
-1.892295244942943e-07	0.0
-8.549096430776615e-10	0.0
0.0	0.0
-0.000319972459692508	0.0
0.0	0.0
0.0	0.0
-0.0003877368872053921	0.0
0.0	0.0
0.0	0.0
-0.00048240178148262203	0.0
0.0	0.0
-7.4341810432088096e-06	0.0
0.0	0.0
-8.681254257680848e-07	0.0
0.0	0.0
0.0	0.0
0.0	0.0
-0.0013802200555801392	0.0
0.0	0.0
0.0	0.0
0.0	0.0
0.0	0.0
-0.000649154419079423	0.0
0.0	0.0
0.0	0.0
0.0	0.0
-5.243889245321043e-05	0.0
0.0	0.0
0.0	0.0
0.0	0.0
-0.0038578594103455544	0.0
-0.0006275022751651704	0.0
0.0	1.0
-0.0003188290575053543	0.0
-0.0003056327986996621	0.0
-0.0003026995691470802	0.0
0.0	0.0
0.0	0.0
0.0	0.0
0.0	0.0
0.0	0.0
0.0	0.0
0.0	0.0
-1.79337682482128e-08	0.0
0.0	0.0
-2.039869073655609e-08	0.0
0.0	0.0
0.0	0.0
0.0	0.0
0.0	0.0
-0.0039693862199783325	0.0
-9.854180461843498e-06	0.0
-0.0009897908894345164	0.0
0.0	0.0
-0.014759533107280731	0.0
0.0	0.0
0.0	0.0
-5.802967280033045e-07	0.0
0.0	0.0
0.0	0.0
0.0	0.0
-2.316463906026911e-05	0.0
0.0	0.0
0.0	1.0
-2.3459775547962636e-05	0.0
