-5.95499960454049e-09	0.0
0.0	0.0
0.0	0.0
0.0	0.0
-2.4211043637478724e-05	0.0
-2.419993506919127e-06	0.0
-0.0020741254556924105	0.0
0.0	0.0
-4.8760834033600986e-05	0.0
0.0	0.0
0.0	0.0
-7.842476043151692e-05	0.0
0.0	0.0
-0.00029514136258512735	0.0
-0.0015061479061841965	0.0
-0.007402386516332626	0.0
0.0	0.0
0.0	0.0
0.0	0.0
-2.1178409951971844e-05	0.0
-0.020693978294730186	0.0
-0.000477962865261361	0.0
0.0	0.0
-0.0010961986845359206	0.0
0.0	0.0
-2.6205374524579383e-05	0.0
0.0	0.0
0.0	0.0
0.0	0.0
0.0	0.0
-2.0620582574792934e-08	0.0
-0.0005547829205170274	0.0
0.0	0.0
0.0	0.0
0.0	0.0
-0.0058217961341142654	0.0
-9.320851859229151e-06	0.0
0.0	0.0
-0.005559415090829134	0.0
-0.0028283107094466686	0.0
0.0	0.0
-0.010910255834460258	0.0
0.0	0.0
-0.00022859616728965193	0.0
0.0	0.0
0.0	0.0
-2.8149793251941446e-06	0.0
-1.2517206414486282e-05	0.0
-0.005156871397048235	0.0
-6.15031154893586e-08	0.0
-8.871146746969316e-06	0.0
0.0	0.0
0.0	0.0
0.0	0.0
0.0	0.0
0.0	0.0
0.0	0.0
-7.406654844999139e-07	0.0
-0.0009643127559684217	0.0
-0.00010394319542683661	0.0
-0.0004201187693979591	0.0
-0.00731813395395875	0.0
0.0	0.0
0.0	0.0
0.0	0.0
-0.08605460822582245	0.0
-0.0001925359683809802	0.0
0.0	0.0
0.0	0.0
0.0	0.0
-0.002234694082289934	0.0
-0.0060874843038618565	0.0
-0.0002482981944922358	0.0
-1.9535891624400392e-06	0.0
-0.0005793024320155382	0.0
-0.00011443427501944825	0.0
-0.00018644373631104827	0.0
0.0	0.0
0.0	0.0
0.0	0.0
0.0	0.0
-1.1767032447096426e-05	0.0
-0.044298939406871796	0.0
-7.335329428315163e-05	0.0
-1.3390827335868494e-09	0.0
0.0	0.0
-0.0014169348869472742	0.0
-0.0016694810474291444	0.0
0.0	0.0
-0.0005321805947460234	0.0
0.0	0.0
0.0	0.0
0.0	0.0
-1.1679530871333554e-06	0.0
0.0	0.0
0.0	0.0
-5.2363917646403024e-09	0.0
0.0	0.0
-9.620811033528298e-05	0.0
-2.6809850339759578e-08	0.0
-0.0004800580791197717	0.0
0.0	0.0
-0.0024877265095710754	0.0
0.0	0.0
0.0	0.0
-2.457249365761527e-06	0.0
-3.942484181607142e-05	0.0
0.0	0.0
-0.0008493429631926119	0.0
0.0	0.0
0.0	0.0
-7.75263515606639e-08	0.0
-0.0017147418111562729	0.0
-0.00045455776853486896	0.0
0.0	0.0
0.0	0.0
-9.436043768573654e-08	1.0
0.0	1.0
-2.0911097635689657e-06	0.0
-9.642543545851368e-07	1.0
-1.500819877264803e-07	0.0
0.0	0.0
0.0	0.0
0.0	1.0
-4.3250217629520193e-08	0.0
0.0	0.0
-0.0010760929435491562	0.0
-0.00034879325539804995	1.0
0.0	0.0
0.0	1.0
0.0	0.0
-2.88677172444185e-11	0.0
-1.9837472109429655e-07	0.0
-2.6249071805040103e-09	0.0
0.0	0.0
-4.941125553159509e-06	0.0
0.0	0.0
0.0	0.0
-0.007001267746090889	0.0
-0.0014506049919873476	0.0
-2.346199835301377e-06	0.0
0.0	0.0
-0.005658631678670645	0.0
0.0	0.0
-0.014554346911609173	0.0
0.0	0.0
0.0	0.0
-6.846741598565131e-05	0.0
-6.33200688753277e-05	0.0
-2.7920902994083008e-06	0.0
0.0	0.0
-5.6388536506801756e-08	0.0
0.0	0.0
-0.000897348509170115	0.0
0.0	0.0
0.0	0.0
0.0	0.0
-0.00032741602626629174	0.0
-0.0030942601151764393	0.0
0.0	0.0
0.0	0.0
0.0	0.0
-0.00024688171106390655	0.0
0.0	0.0
0.0	0.0
-0.0008515404770150781	0.0
-3.466329872026108e-05	0.0
0.0	0.0
0.0	0.0
0.0	0.0
-3.301272829322327e-13	0.0
0.0	0.0
-0.004861180204898119	0.0
-0.0015391451306641102	0.0
0.0	0.0
-2.5848174118436873e-05	0.0
0.0	0.0
0.0	0.0
-0.0010308552300557494	0.0
-0.00889683235436678	0.0
0.0	0.0
-0.0012023415183648467	0.0
-2.9657949198735878e-06	0.0
0.0	0.0
0.0	0.0
-0.00019121418881695718	0.0
0.0	0.0
-4.429111413628561e-06	0.0
-0.0038679009303450584	0.0
-0.0011718074092641473	0.0
-0.0011481563560664654	0.0
-0.000631948234513402	1.0
-3.539172394084744e-05	0.0
0.0	0.0
0.0	0.0
0.0	1.0
-0.0025625955313444138	0.0
-8.461250797231479e-12	0.0
0.0	0.0
0.0	0.0
-0.00016714315279386938	0.0
-0.0014458318473771214	0.0
-5.953912705081166e-07	0.0
0.0	0.019
0.0	0.019
0.0	0.0
0.0	0.0
0.0	0.0
-6.822407613071846e-06	0.0
-0.007653690874576569	0.0
0.0	0.0
-0.007175229489803314	0.0
-5.910827098887239e-07	0.0
-8.061878276066636e-09	0.0
-0.018256377428770065	0.0
0.0	0.0
0.0	0.0
0.0	0.0
0.0	0.0
-0.000338310026563704	0.0
0.0	0.0
-0.00012462757877074182	0.0
0.0	0.0
-4.832874401472509e-05	0.0
0.0	0.0
-0.0015833211364224553	0.0
-8.964691744495212e-08	0.0
0.0	0.0
0.0	0.0
0.0	0.0
-1.5787047686899314e-06	0.0
-3.4991455777344527e-07	0.0
0.0	0.0
0.0	0.0
0.0	0.0
0.0	0.0
-5.961192982795183e-06	0.0
-3.884273246512748e-05	0.0
-1.3546441550715826e-05	0.0
-0.003821946680545807	0.0
0.0	1.0
0.0	1.0
0.0	0.0
-5.196550887376361e-07	0.0
0.0	0.0
0.0	1.0
0.0	1.0
0.0	0.0
-5.683353083441034e-05	0.0
0.0	0.804
-0.00016878414317034185	0.0
-2.8371401228355353e-08	0.804
0.0	0.0
0.0	0.0
-0.0015762301627546549	0.0
0.0	0.0
0.0	0.0
0.0	0.0
0.0	0.0
-2.3803755539120175e-05	0.0
-1.3325727195478976e-05	0.0
-0.0017597704427316785	0.0
0.0	0.0
-8.29011041787453e-05	0.0
0.0	0.0
0.0	0.095
-0.0009061531745828688	0.0
0.0	0.0
0.0	0.0
-0.0017116197850555182	0.0
0.0	0.0
0.0	0.095
0.0	0.095
0.0	0.0
-0.0035558021627366543	0.0
-4.6155321342666866e-08	0.0
-0.003693792736157775	0.0
-4.157935563853243e-06	0.0
-0.0075703756883740425	0.0
0.0	0.0
0.0	0.0
0.0	0.0
-6.060624002657278e-08	0.0
-0.003889957442879677	0.0
0.0	0.0
-0.0007874819566495717	0.0
-1.2483525097195525e-05	0.0
0.0	0.0
0.0	0.0
-1.9401910321903415e-05	0.0
-6.597902668659117e-09	0.0
-0.0009791040793061256	0.0
-0.001839997130446136	0.0
-5.6947354817871165e-12	0.0
0.0	0.0
-0.00013165679411031306	0.0
-2.449224211886758e-06	0.0
0.0	0.0
0.0	0.0
0.0	0.0
0.0	1.0
0.0	0.003
0.0	0.0
-0.0005548245972022414	0.0
0.0	0.0
-0.000582151289563626	0.003
0.0	0.0
0.0	0.0
0.0	0.0
0.0	0.0
0.0	0.0
0.0	0.0
0.0	0.0
0.0	0.0
-0.00012982181215193123	0.0
0.0	0.0
-0.0002074666554108262	0.0
-7.222413955787488e-07	0.0
-2.5494665578662534e-07	0.0
-0.006118111778050661	0.0
0.0	0.0
0.0	0.0
-0.013544202782213688	0.0
-5.467180130835914e-07	0.0
-0.00012934033293277025	0.0
-7.660163419132004e-07	0.0
0.0	0.0
0.0	0.0
-0.0008705475484021008	0.0
0.0	0.0
-6.232724114596522e-09	0.0
0.0	0.0
0.0	0.0
0.0	0.0
-5.918866918364074e-06	0.0
0.0	0.0
0.0	0.0
0.0	0.0
0.0	0.0
0.0	0.0
-0.029851609840989113	0.0
0.0	0.0
0.0	0.0
0.0	0.0
-0.0011967228492721915	0.0
0.0	0.0
0.0	0.0
0.0	0.0
0.0	0.0
0.0	0.0
-0.002416181843727827	0.0
0.0	0.0
0.0	0.0
-6.573095743078738e-05	0.0
0.0	0.0
0.0	0.0
0.0	0.0
0.0	0.0
-0.0028649598825722933	0.0
-9.561898878018837e-06	0.0
-0.0019172606989741325	0.0
-0.005350288935005665	0.0
-0.0010600779205560684	0.0
0.0	0.0
-2.6922014839669828e-08	0.0
0.0	0.0
0.0	0.0
-0.006461554206907749	0.0
-0.0034225082490593195	0.0
0.0	0.0
0.0	0.0
0.0	0.0
0.0	0.0
0.0	0.0
-7.67932397138793e-06	0.0
0.0	0.0
0.0	0.0
-0.0003891402739100158	0.0
0.0	0.0
0.0	0.0
-0.006183007266372442	0.0
-0.042224932461977005	0.0
-2.6469786462257616e-05	0.0
0.0	0.0
0.0	0.0
0.0	0.0
0.0	0.0
0.0	0.0
0.0	0.0
-0.0003823824808932841	0.0
0.0	0.0
-0.000584802299272269	0.0
0.0	0.0
-8.326667355618156e-09	0.0
-1.1901544894499239e-05	0.0
-9.695977354340357e-10	0.0
-1.8564439915880193e-11	0.0
0.0	0.0
-1.0604459671492705e-10	0.0
0.0	0.0
-1.3682599728781497e-06	0.0
-0.0002145665348507464	0.0
-6.75765477353707e-05	0.0
0.0	0.0
0.0	0.0
-0.0004478045448195189	0.0
0.0	0.0
-0.026990249752998352	0.0
-0.002834862330928445	0.0
0.0	0.0
-0.00017281515465583652	0.0
-7.2050329436024185e-06	0.0
-0.00019514624727889895	0.0
0.0	0.0
0.0	0.0
0.0	0.0
-3.417248990444932e-07	0.0
0.0	0.0
-1.1915292361663887e-06	0.0
-0.0019799850415438414	0.0
0.0	0.0
-1.0809679224621505e-05	0.0
-2.068659341603052e-06	0.0
0.0	0.0
0.0	0.0
0.0	0.0
0.0	0.0
0.0	0.0
-7.205516885733232e-05	0.0
0.0	0.0
0.0	0.0
0.0	0.0
0.0	0.0
-0.005209740251302719	0.0
0.0	0.0
0.0	0.0
0.0	0.0
-1.4152899963093546e-09	0.0
0.0	0.0
0.0	0.0
-6.594593204845012e-10	0.0
0.0	0.0
-1.6356260630345787e-06	0.0
0.0	0.0
0.0	0.0
-1.2874115835892486e-12	0.0
-1.19670339699951e-05	0.0
0.0	0.0
-6.685069820377976e-06	1.0
0.0	0.0
0.0	0.0
-0.0005514708464033902	0.0
-0.0007165162242017686	0.0
0.0	0.0
0.0	0.0
-0.0001194240539916791	0.0
-0.0034816539846360683	0.0
-2.1981716002983376e-08	0.0
0.0	0.0
0.0	0.0
0.0	0.0
0.0	0.0
-6.024830699440098e-13	0.0
0.0	0.0
-0.0004111107555218041	0.0
0.0	0.0
-2.6107070880243555e-05	0.0
0.0	0.0
0.0	0.0
0.0	0.0
0.0	0.0
0.0	0.0
-0.003684920258820057	0.0
-0.0017416303744539618	0.0
-0.0035298087168484926	0.0
0.0	0.0
0.0	0.0
0.0	0.0
-0.005082329269498587	0.0
-9.953691915143281e-06	1.0
-0.0005237379227764904	0.0
0.0	0.0
0.0	0.0
0.0	0.0
0.0	0.0
-1.6907831579260346e-08	0.0
-2.3315449197980342e-06	0.0
-3.4761780121073116e-09	0.0
0.0	0.0
-1.8175786431484653e-09	0.0
0.0	0.0
-3.430624565226026e-05	0.0
0.0	0.0
0.0	0.0
-0.0029035445768386126	0.0
-2.6075926484736556e-07	0.0
0.0	0.0
0.0	0.0
0.0	0.0
-1.1055691402361845e-06	0.0
0.0	0.0
0.0	0.0
0.0	0.0
0.0	0.0
0.0	0.0
0.0	0.0
-0.0001408321113558486	0.0
0.0	0.0
-0.0007212664349935949	0.0
-1.3808146832161583e-05	0.0
-1.1546631867531687e-05	0.0
-6.695914635201916e-05	0.0
-4.385649845062289e-06	0.0
-1.1984524462604895e-05	1.0
0.0	0.0
0.0	0.0
-0.0012307377764955163	0.0
0.0	0.0
0.0	0.0
-2.5986025775637245e-08	0.0
0.0	0.0
0.0	0.0
-2.138351737812627e-05	0.0
0.0	0.0
-5.191892922529195e-13	0.0
0.0	0.0
0.0	0.0
0.0	0.0
0.0	0.0
0.0	0.0
0.0	0.0
0.0	0.003
0.0	0.0
-0.0024575628340244293	0.0
0.0	0.0
0.0	0.0
0.0	0.0
-0.00034901415347121656	0.0
-0.0008716280572116375	1.0
0.0	0.0
-0.0016153922770172358	0.0
-0.0008744079968892038	0.0
0.0	0.0
0.0	0.0
-0.003612877568230033	0.0
0.0	0.0
-0.0009298246004618704	0.0
0.0	0.0
0.0	0.0
0.0	0.0
-7.883074637504706e-09	0.0
-0.00013628492888528854	0.0
-0.008452323265373707	0.0
-9.310435089560087e-09	0.0
0.0	0.0
0.0	0.0
0.0	0.0
-7.791179996274877e-06	0.0
0.0	0.0
-1.2926569979754277e-05	0.0
0.0	0.0
0.0	0.0
-1.743675852594606e-07	0.0
0.0	0.0
0.0	0.0
0.0	0.0
0.0	0.0
-0.00182332843542099	0.0
0.0	0.0
-1.5027090682906419e-09	0.0
0.0	1.0
0.0	0.0
-0.0016758257988840342	0.0
0.0	0.0
0.0	0.0
-0.00012494868133217096	0.0
0.0	0.0
-8.869576413417235e-05	0.0
0.0	0.0
0.0	0.0
-4.5611088239638775e-08	0.0
-0.010250317864120007	0.0
0.0	0.0
0.0	0.0
0.0	0.0
0.0	0.0
-4.5096410161704625e-08	0.0
-0.00038057498750276864	0.0
0.0	0.0
0.0	0.0
0.0	0.0
-0.0002810143050737679	0.0
-0.01799924485385418	0.0
0.0	0.0
-0.0002289074327563867	0.0
-0.04576779529452324	0.0
-0.003439233871176839	0.0
-3.8592937926296145e-05	0.0
0.0	0.0
-0.006834820378571749	0.0
0.0	0.0
-5.142879672348499e-06	0.0
-0.00038063141983002424	0.0
0.0	0.0
0.0	0.0
-0.005882273893803358	0.0
-8.246428478742018e-05	0.0
0.0	0.0
-0.015915514901280403	0.0
0.0	0.0
-7.756838022032753e-05	0.0
0.0	0.0
0.0	0.0
0.0	0.0
0.0	0.0
0.0	0.0
-0.0002976015966851264	0.0
0.0	0.0
0.0	0.0
-2.205402971355852e-08	0.0
0.0	0.0
-0.00017318893515039235	0.0
0.0	0.0
0.0	0.0
0.0	0.0
0.0	0.0
0.0	0.0
-0.0036369995214045048	0.0
0.0	0.0
0.0	0.0
-0.003583950689062476	0.0
-1.3205032018959173e-06	0.0
0.0	0.0
0.0	0.0
0.0	0.0
-0.001037938636727631	0.0
0.0	0.0
0.0	0.0
0.0	0.0
-2.527535514218471e-07	0.0
-2.3157686882768758e-05	0.0
0.0	0.0
0.0	0.0
-2.0103925635339692e-05	0.0
-1.5408514855153044e-06	0.0
0.0	0.0
0.0	0.0
0.0	0.0
0.0	0.0
-0.0031817264389246702	0.0
0.0	0.0
-6.175145017550676e-07	0.0
0.0	0.0
0.0	0.0
0.0	0.0
0.0	0.0
0.0	0.0
0.0	0.0
-0.00020224667969159782	0.0
0.0	0.0
-0.0006000875728204846	0.0
0.0	0.0
0.0	0.0
-0.001880236086435616	0.0
-0.00045347711420618	0.0
0.0	0.0
-9.553971176501364e-05	0.0
0.0	1.0
0.0	0.0
-3.0636834708275273e-05	0.0
-0.001992972334846854	0.0
0.0	0.0
-0.0015861950814723969	0.0
-0.0006997750024311244	0.0
-7.471301614714321e-06	0.0
-5.052674896433018e-05	0.0
0.0	0.0
0.0	0.0
0.0	0.0
0.0	0.0
-1.8300994497622014e-07	0.0
0.0	0.0
0.0	0.0
-0.0006557788583450019	0.0
0.0	0.0
0.0	0.0
0.0	0.0
-0.00017181607836391777	0.0
0.0	0.0
-0.00032423436641693115	0.0
-0.009200528264045715	0.0
-0.0007155543426051736	0.0
-4.312955770302551e-09	0.0
-0.003971181344240904	0.0
0.0	0.0
-0.003428216790780425	0.0
-0.0003658766217995435	0.0
-0.00011936330702155828	0.0
-3.832353831967339e-05	0.0
0.0	0.0
-5.923226353843347e-08	0.0
-0.006789029575884342	0.0
-0.0008403821266256273	0.0
-0.0007651796913705766	0.0
-0.0014257315779104829	0.0
0.0	0.0
0.0	0.0
-4.654379659463359e-11	1.0
-0.0007817922160029411	0.0
0.0	0.0
0.0	0.0
0.0	1.0
-1.7422757991880644e-07	0.0
0.0	1.0
0.0	1.0
-0.0035359980538487434	0.0
-1.638563844608143e-06	0.0
0.0	0.0
0.0	0.0
-0.0016860290197655559	0.0
-0.0025626583956182003	0.0
-0.004928215406835079	0.0
-8.354475721716881e-05	0.0
-2.297035507581313e-06	0.0
0.0	0.0
0.0	0.0
-0.0004783731128554791	0.0
0.0	0.0
-3.905668563675135e-06	0.0
0.0	0.0
0.0	0.0
0.0	0.0
-0.0003820338752120733	0.0
0.0	0.0
-0.002190970117226243	0.0
0.0	0.0
0.0	0.0
-0.0026035294868052006	0.0
0.0	0.0
0.0	0.0
0.0	0.0
0.0	0.0
-7.953558815643191e-05	0.0
-7.297991032828577e-06	0.0
0.0	0.0
-3.859774096781621e-06	0.0
0.0	0.0
0.0	0.0
-0.0002806641277857125	0.0
0.0	0.0
-0.002003646455705166	0.0
0.0	0.0
-1.5922516638511297e-09	0.0
-0.006839385721832514	0.0
0.0	0.0
-0.0023075819481164217	0.0
0.0	0.0
-0.0006684828549623489	0.0
-0.006233557593077421	0.0
-0.0008033252670429647	0.0
-7.881340570747852e-05	0.0
0.0	0.0
0.0	0.0
0.0	0.0
0.0	0.0
0.0	0.0
0.0	0.0
0.0	0.0
-0.00045250210678204894	0.0
0.0	0.0
0.0	0.0
0.0	0.0
-5.494393828797683e-10	0.0
0.0	0.0
-0.0021150349639356136	0.0
-0.000493294675834477	0.0
0.0	0.0
-0.0009115427383221686	0.0
0.0	0.0
0.0	0.0
0.0	0.0
-3.625021236075554e-06	0.0
0.0	0.0
-0.00221794075332582	0.0
0.0	0.0
-4.871177225140855e-05	0.0
0.0	0.0
-3.4075132134603336e-05	0.0
-0.004882594104856253	0.0
-1.0472425856278278e-05	0.0
-4.865030859946273e-05	0.0
0.0	0.0
-8.623627945780754e-05	0.0
0.0	0.0
-4.8552898078924045e-05	0.0
0.0	0.0
0.0	0.0
-1.2238380122653325e-06	0.0
-0.0007879328331910074	0.0
0.0	0.0
0.0	0.0
0.0	0.0
0.0	0.0
0.0	0.0
0.0	0.0
0.0	0.0
0.0	0.0
-0.0011133254738524556	0.0
0.0	0.0
-0.010808946564793587	0.0
-0.005175899248570204	0.0
0.0	0.0
-0.0023392036091536283	0.0
-0.005419499706476927	0.0
0.0	0.0
0.0	0.0
0.0	0.0
-1.0299489076714963e-05	0.0
0.0	0.0
-2.2190017716638977e-06	0.0
0.0	0.0
-8.602180605521426e-05	0.0
0.0	0.0
-7.441941689083874e-15	0.0
0.0	0.0
-3.3161609280796256e-07	0.0
-0.0013028818648308516	0.0
-1.0400020073575433e-05	0.0
-0.0004565170966088772	0.0
0.0	0.0
0.0	0.0
0.0	0.0
-0.00011577613622648641	0.0
-0.006773991975933313	0.0
-7.195955549832433e-05	0.0
-1.2679276551352814e-05	0.0
-0.0005142310401424766	0.0
0.0	0.0
-0.0008802402298897505	0.0
-0.0015745062846690416	0.0
0.0	0.0
0.0	0.0
-1.5765564967296086e-05	0.0
0.0	0.0
0.0	0.0
0.0	0.0
0.0	0.0
0.0	0.0
0.0	0.0
0.0	0.0
-1.6598511137999594e-05	0.0
-0.00017086314619518816	0.0
-0.0001866679231170565	0.0
0.0	0.0
0.0	0.0
0.0	0.0
-1.5119708223210182e-06	0.0
0.0	0.0
0.0	0.0
0.0	0.0
-0.0021485264878720045	0.0
0.0	0.0
0.0	0.0
0.0	0.0
0.0	0.0
-0.0027687852270901203	0.0
0.0	0.0
-2.588202914921567e-05	0.0
-4.663213815092604e-07	0.0
-0.0004953175084665418	0.0
0.0	0.0
0.0	0.0
0.0	0.0
0.0	0.0
0.0	0.001
-0.0021788617596030235	0.0
0.0	0.001
0.0	1.0
0.0	1.0
0.0	0.0
-0.0008850896265357733	0.0
-0.00019576889462769032	0.0
-3.2475827538291924e-06	0.0
0.0	0.0
-0.0010432187700644135	0.0
-0.001999928615987301	0.0
0.0	0.0
0.0	0.0
-0.0019894398283213377	0.0
0.0	0.0
0.0	0.0
0.0	0.0
0.0	0.0
0.0	0.0
-0.005953392945230007	0.0
0.0	0.0
-0.00015909883950371295	0.0
0.0	0.0
0.0	1.0
-6.6856150624516886e-06	0.0
-4.600783995556412e-06	0.0
-1.3299567399371881e-05	0.0
-0.0007308204076252878	0.0
0.0	0.0
0.0	0.0
0.0	0.0
-4.601749648003306e-09	0.0
0.0	0.0
0.0	0.0
-2.6161927735302015e-07	0.0
0.0	0.0
0.0	0.0
-5.371510383156419e-07	0.0
0.0	1.0
-0.00010824935452546924	1.0
0.0	1.0
-0.00017635170661378652	1.0
0.0	0.0
0.0	0.0
0.0	0.0
-3.096469663432799e-05	0.0
0.0	0.0
0.0	0.0
0.0	0.0
0.0	0.0
0.0	0.0
0.0	0.0
-0.003182149026542902	0.0
-4.673126386478543e-05	0.0
0.0	0.0
0.0	0.0
0.0	0.0
0.0	0.0
0.0	0.0
-0.0024833008646965027	0.0
0.0	0.0
-4.379618445682354e-09	0.0
