0.0	0.0
0.0	0.0
-4.516512035479536e-06	0.0
0.0	1.0
0.0	0.0
0.0	0.0
-1.9834755221381783e-05	0.0
0.0	1.0
0.0	0.0
0.0	0.0
0.0	1.0
-0.011577492579817772	0.0
0.0	1.0
0.0	1.0
0.0	0.0
0.0	0.0
0.0	0.0
-4.800431341323019e-08	0.0
0.0	0.0
0.0	0.0
0.0	0.0
0.0	0.0
-2.2414649720303714e-05	0.0
0.0	0.0
-3.268077752860421e-10	0.0
0.0	0.0
0.0	0.0
-2.223110459453892e-05	0.0
0.0	0.0
0.0	0.0
0.0	0.0
0.0	0.0
-0.031095139682292938	0.0
0.0	0.0
0.0	0.0
-0.00028388830833137035	0.0
0.0	0.0
0.0	0.0
0.0	0.0
0.0	0.0
-0.00010468401160323992	0.0
-0.00024246420070994645	0.0
-0.023208744823932648	0.0
0.0	0.0
-4.8451325710630044e-05	0.0
-2.3894920104794437e-06	0.0
-4.213070170511202e-11	0.0
0.0	0.0
0.0	0.0
-0.007322974968701601	0.0
0.0	0.0
-0.0007233694195747375	0.0
-3.4060924747336685e-08	1.0
0.0	0.0
0.0	0.0
0.0	0.0
0.0	0.0
-0.0007249541231431067	0.0
-1.2440182217687834e-05	0.0
0.0	0.0
-8.668068039696664e-05	0.0
-0.0019895120058208704	0.0
0.0	0.0
0.0	0.0
0.0	0.0
-0.0035349896643310785	0.0
0.0	0.0
-0.005841019097715616	0.0
-0.0002216714055975899	0.0
0.0	0.0
-9.623324149288237e-05	0.0
-0.010005460120737553	0.0
0.0	0.0
0.0	0.0
0.0	0.0
-0.004766690079122782	0.0
0.0	0.0
0.0	0.0
0.0	0.0
-0.010370002128183842	0.0
0.0	0.0
-7.259598078235285e-06	0.0
0.0	0.0
0.0	0.0
-0.0023570184130221605	0.0
-1.6626725596324832e-07	0.0
-6.169220796437003e-06	0.0
-0.001203437801450491	0.0
0.0	0.0
0.0	0.0
-0.0012353240745142102	0.0
-0.016403643414378166	0.0
0.0	0.0
0.0	0.0
0.0	0.0
0.0	0.0
0.0	0.0
0.0	0.0
0.0	0.0
0.0	1.0
-0.04055514559149742	0.0
-0.0016077139880508184	1.0
0.0	0.0
-1.5532411907770438e-06	0.0
-0.0003269576991442591	0.0
0.0	1.0
0.0	1.0
0.0	1.0
-0.000287776900222525	0.0
0.0	1.0
0.0	0.0
-0.09977112710475922	0.0
0.0	0.0
0.0	0.0
0.0	0.0
-3.932622671953823e-09	0.0
0.0	0.0
-0.006398606114089489	0.0
0.0	0.0
-1.1231385315113585e-06	0.0
0.0	0.0
-0.007513434160500765	0.0
0.0	0.0
-2.224023631924865e-09	0.0
0.0	0.0
0.0	0.0
0.0	0.0
0.0	0.0
0.0	0.0
0.0	0.0
-4.482721851672977e-05	0.0
0.0	0.0
-0.004688617307692766	0.0
0.0	0.0
0.0	0.0
-0.0005663828342221677	0.0
-0.0009115563589148223	0.0
-1.1930828769379787e-08	0.0
0.0	0.0
-1.754275399434846e-05	0.0
-1.0943656434392324e-06	0.0
0.0	0.0
0.0	0.0
0.0	0.0
-4.781398092745803e-05	0.0
0.0	0.0
-0.00014794032904319465	0.0
0.0	0.0
0.0	0.0
-0.004117033910006285	0.0
-0.0020347596146166325	0.0
0.0	0.0
0.0	0.0
-1.2952407202337923e-10	0.0
0.0	0.0
-0.0001868361869128421	0.0
0.0	0.0
-0.001768553745932877	0.0
-8.668231998854026e-08	0.0
-0.0003795479133259505	0.0
0.0	0.0
0.0	0.0
-0.00020652040257118642	0.0
-4.290318611310795e-05	0.0
-2.0833707822021097e-05	0.0
0.0	0.0
0.0	0.0
0.0	0.0
-7.734167439821249e-08	0.0
-0.001162950531579554	0.0
-0.0003046811616513878	0.0
0.0	0.0
0.0	0.0
0.0	1.0
0.0	1.0
-0.0003319396055303514	0.0
-1.1710099556694331e-08	0.0
0.0	0.0
-5.439734195533674e-06	0.0
0.0	0.0
-0.00017922402184922248	0.0
0.0	0.0
-0.002601583953946829	0.0
0.0	0.0
0.0	0.0
0.0	0.105
0.0	0.0
0.0	0.0
-4.4241446630621795e-06	0.0
0.0	0.0
-0.000451717060059309	0.001
0.0	0.001
-0.0004841152695007622	0.0
0.0	0.001
-0.005012194626033306	0.0
0.0	0.0
0.0	0.0
-0.01293156761676073	0.0
-0.010417078621685505	0.0
-0.0014497532974928617	1.0
0.0	0.0
0.0	0.0
0.0	0.0
-8.120416896417737e-05	0.0
-6.5764100831700034e-09	0.0
0.0	0.0
-4.04234697271022e-06	1.0
0.0	0.0
-0.0003090703394263983	0.0
0.0	0.0
0.0	0.0
0.0	0.0
0.0	0.0
0.0	0.0
0.0	0.0
0.0	0.0
0.0	0.0
0.0	0.0
-0.03205736726522446	0.0
-0.0009101798059418797	0.0
0.0	0.0
-0.006750308908522129	0.0
0.0	0.0
-0.006959212478250265	0.0
-0.003495454089716077	0.466
0.0	0.0
-1.335676302005595e-06	0.0
-0.002812292892485857	0.0
-3.7189479940025194e-08	0.0
-0.00027859691181220114	0.0
0.0	0.0
0.0	0.0
0.0	0.0
0.0	0.0
-0.01342929620295763	0.0
-0.0064847697503864765	0.0
0.0	0.0
0.0	0.0
0.0	0.0
0.0	0.0
0.0	0.0
0.0	0.0
-8.503358003508765e-06	0.0
-4.95397273425624e-07	0.0
0.0	0.0
0.0	0.0
-1.010115056487848e-06	0.0
0.0	0.0
0.0	0.0
-9.453104212298058e-06	0.0
-2.981960012249374e-09	0.0
-0.00536954402923584	0.0
0.0	0.0
0.0	0.0
-1.4607587218051776e-05	0.0
0.0	1.0
-2.1321524400264025e-05	0.0
0.0	0.0
0.0	0.0
0.0	0.0
0.0	0.0
0.0	0.0
0.0	0.0
-0.00012421057908795774	0.0
0.0	0.0
0.0	0.0
0.0	0.0
0.0	0.0
0.0	0.0
-0.009859277866780758	0.0
0.0	0.0
0.0	0.0
0.0	0.0
-1.949474714990629e-08	0.0
-0.000293165649054572	0.0
0.0	0.0
0.0	0.0
0.0	0.0
0.0	0.0
-5.639998525445913e-15	0.0
0.0	0.0
0.0	0.0
-0.0006914361729286611	0.0
0.0	0.0
0.0	0.0
-0.0015779852401465178	0.0
-3.607627832025173e-06	0.0
0.0	0.0
0.0	0.0
-8.302627975353971e-06	0.0
0.0	0.0
-0.0005724616348743439	0.0
0.0	0.0
0.0	0.0
-0.01829596795141697	0.0
-8.044203809731698e-07	0.0
0.0	0.0
0.0	0.0
-0.004731007385998964	0.0
-1.6413530090630957e-08	0.0
-0.03564531356096268	0.0
0.0	1.0
0.0	1.0
0.0	0.0
0.0	0.0
0.0	0.0
0.0	0.0
-0.005967165809124708	0.0
0.0	0.0
-4.7064939280971885e-05	0.0
0.0	0.0
0.0	0.0
0.0	0.0
-8.712645604980196e-10	0.0
0.0	0.0
0.0	0.0
0.0	0.0
0.0	0.0
-1.903254451462999e-05	0.0
-0.002074500545859337	0.0
0.0	0.0
0.0	0.0
0.0	0.0
0.0	0.0
-2.0406581313636707e-07	0.0
-0.0008421262609772384	0.0
0.0	1.0
0.0	0.0
0.0	0.0
-6.525523349409923e-05	0.0
0.0	0.0
-6.992921407800168e-05	0.0
0.0	0.0
-0.0006497345166280866	0.0
0.0	0.0
0.0	0.0
-0.0005312992725521326	0.0
-2.6431815070004916e-10	0.0
-0.0018544343765825033	0.0
0.0	0.0
-0.002567742019891739	0.0
-0.005143681075423956	0.0
-1.726615676605689e-13	0.0
0.0	0.0
0.0	0.0
0.0	0.0
-0.000369508023140952	0.0
0.0	0.0
-0.00014504896535072476	0.0
0.0	0.0
0.0	0.0
0.0	0.0
-0.009482579305768013	0.01
-3.347894107719185e-06	0.0
0.0	0.01
0.0	0.0
0.0	0.0
-1.079104004020337e-05	0.0
-0.0014145722379907966	0.0
-0.004620889667421579	0.0
0.0	0.0
0.0	0.0
0.0	0.0
-4.2486266465857625e-05	0.0
-1.1253982989956057e-07	0.0
0.0	0.0
0.0	0.0
-3.470176466180419e-07	0.0
0.0	1.0
-0.00018241650832351297	0.201
-0.0003033436951227486	0.0
-0.00020623940508812666	1.0
0.0	0.0
0.0	0.0
0.0	0.0
0.0	0.0
-5.308471827447647e-06	0.0
-0.0014664808986708522	0.0
0.0	0.0
-0.007602110039442778	0.0
0.0	0.0
-0.0009601044584996998	0.0
0.0	0.0
-0.005356705281883478	0.0
0.0	0.0
-2.214777396147838e-06	0.0
0.0	0.0
-1.8369029248788138e-06	0.0
0.0	0.0
-3.879480573232286e-06	0.0
-0.015848221257328987	0.0
-1.9491457351250574e-05	0.0
-2.165540172427427e-05	0.0
0.0	0.0
0.0	0.0
0.0	0.0
-0.00035685120383277535	0.0
-6.541996117448434e-05	0.0
-7.545219204985187e-08	0.0
-4.9110724376078e-07	0.0
0.0	0.0
-0.005182425491511822	0.0
-0.00022952609288040549	0.0
-0.0013510335702449083	0.0
0.0	0.0
0.0	0.0
0.0	0.0
-0.00814975518733263	0.0
-1.223073553546783e-07	0.0
0.0	0.0
0.0	0.0
-5.225138374953531e-05	0.0
0.0	0.0
-0.0071599832735955715	0.0
0.0	0.0
0.0	0.0
0.0	0.0
0.0	0.0
0.0	0.0
0.0	0.0
-1.7697555449558422e-05	0.0
0.0	0.0
0.0	0.0
0.0	1.0
0.0	0.0
0.0	0.0
-0.002576073631644249	0.0
-4.8514695663470775e-05	0.0
-0.00043244328116998076	0.0
0.0	0.0
-7.111089672662274e-08	0.0
-9.457636451770668e-08	0.0
0.0	0.0
-0.008314532227814198	0.0
-1.520374243169087e-10	0.0
0.0	0.0
0.0	0.0
0.0	0.0
0.0	0.0
0.0	0.0
-0.0018106315983459353	0.0
0.0	0.0
-4.642481144401245e-06	0.0
-2.0433142708498053e-05	0.0
0.0	0.0
-7.372929758275859e-06	0.0
0.0	0.0
0.0	0.0
-4.780364179168828e-06	0.0
0.0	0.0
0.0	0.0
-0.0002546471660025418	0.0
0.0	0.0
-0.006793878972530365	0.0
-0.00011814327444881201	0.0
-0.002462811768054962	0.0
-4.531770869675711e-08	0.0
-2.4451344415865606e-07	0.0
-3.2053154427558184e-05	0.0
-2.8380697791874354e-09	0.0
-1.1773599908337928e-05	0.0
0.0	0.0
0.0	0.0
-0.007336713373661041	0.0
0.0	0.0
-2.0431036318768747e-05	0.0
-0.005165758542716503	0.0
-0.004584918729960918	0.0
0.0	0.0
0.0	0.0
0.0	0.0
0.0	0.0
0.0	0.0
0.0	0.0
-0.011125095188617706	0.0
-0.02574429102241993	0.0
-0.010854991152882576	0.0
-0.020612448453903198	0.0
-0.015828831121325493	0.0
0.0	0.0
-6.747085024016997e-08	0.0
0.0	0.0
-4.918439663015306e-05	0.0
-0.0001474749733461067	0.0
-0.0006212304579094052	0.0
0.0	0.0
0.0	0.0
0.0	0.0
-4.633522985386662e-05	0.0
0.0	0.0
0.0	0.0
-0.0014985196758061647	0.0
-4.930547220283188e-06	0.0
-8.666704616189236e-07	0.0
-0.0008751939749345183	0.0
-0.0009311317699030042	0.0
0.0	0.0
0.0	0.0
0.0	0.0
-0.006607451941817999	0.0
0.0	0.0
0.0	0.0
-4.7277317207772285e-06	0.0
-1.2705429980996996e-05	0.0
-2.8248012817755352e-09	0.0
-0.005541437771171331	0.0
0.0	0.0
-0.0022332535590976477	0.0
0.0	0.0
0.0	0.0
0.0	0.0
0.0	0.0
0.0	0.0
0.0	0.0
0.0	0.0
-0.010212024673819542	0.0
-2.76029095414021e-11	0.0
-0.0002989900822285563	0.0
-0.0006435153773054481	0.0
0.0	0.0
-2.615084213175578e-06	0.0
0.0	0.0
0.0	0.0
0.0	0.0
0.0	0.0
0.0	0.0
0.0	0.0
0.0	0.0
0.0	0.0
0.0	0.0
0.0	0.0
0.0	0.0
0.0	0.0
0.0	0.0
0.0	0.0
-1.6752906617512053e-07	0.0
0.0	0.0
-0.002116115065291524	0.0
-0.001363203045912087	0.0
-2.8446702344808728e-06	0.0
-0.0006666667759418488	0.0
0.0	0.0
-5.653019804125375e-17	0.0
0.0	0.0
-0.00016425542708020657	0.0
0.0	0.0
0.0	0.0
-6.278853106778115e-06	0.0
0.0	0.0
0.0	0.0
0.0	0.0
0.0	0.0
0.0	0.0
0.0	0.0
0.0	0.0
0.0	0.799
0.0	0.799
-0.000772149651311338	0.0
0.0	0.0
-0.0009274207404814661	0.0
-3.235262795442395e-07	0.0
-0.0014716655714437366	0.0
0.0	0.0
-0.00020957810920663178	0.0
0.0	0.0
0.0	0.0
-0.013353941962122917	0.0
-0.005958995781838894	0.0
0.0	0.0
-0.001055168337188661	0.0
-0.007428360637277365	0.0
0.0	0.0
-0.00035435083555057645	0.0
0.0	0.0
0.0	0.0
0.0	0.0
0.0	0.0
0.0	0.0
0.0	0.0
-0.003717376384884119	0.0
-7.056442427710863e-06	0.0
0.0	0.0
0.0	0.0
0.0	0.0
0.0	0.0
0.0	0.0
-7.899116777343451e-11	0.0
0.0	0.0
0.0	0.0
0.0	0.0
0.0	0.0
0.0	0.0
-2.736001533776289e-06	0.0
-2.9649318094016053e-06	0.0
0.0	0.0
0.0	0.0
0.0	0.0
0.0	0.0
0.0	0.0
0.0	0.0
0.0	0.0
-4.5176265506263746e-11	0.0
0.0	0.0
0.0	0.0
0.0	0.0
0.0	0.0
0.0	0.0
0.0	0.0
0.0	0.0
-0.01680075377225876	0.0
0.0	1.0
0.0	0.0
-0.00014386944530997425	0.0
0.0	0.0
0.0	0.0
0.0	0.0
0.0	0.0
0.0	0.0
-0.0033218031749129295	0.0
-0.0008281896007247269	0.0
-0.010890382342040539	0.0
0.0	0.0
-5.6591750762891024e-05	0.0
0.0	0.0
-9.154951840173453e-06	0.0
-4.482634540181607e-05	0.0
0.0	0.0
-3.954263320338214e-06	0.0
0.0	0.0
0.0	0.0
-1.4583040410798276e-06	0.0
-4.790108141605742e-05	0.0
0.0	0.0
0.0	0.0
-6.707979082420934e-06	0.0
0.0	0.0
-0.00039533613016828895	0.0
-6.854236562503502e-05	0.0
0.0	0.0
0.0	0.0
0.0	0.0
-0.0007699940470047295	0.0
0.0	0.0
-0.0017133605433627963	0.0
0.0	0.0
-0.0006386126042343676	0.0
0.0	0.0
0.0	0.0
-1.082247126760194e-05	0.0
-9.971987310564145e-05	0.0
0.0	0.0
0.0	0.0
0.0	0.0
0.0	0.0
0.0	0.0
0.0	0.0
-0.002746963407844305	0.0
-4.388481465866789e-05	0.0
-0.0009616081370040774	0.0
0.0	0.0
0.0	0.0
-0.004364191088825464	0.0
0.0	0.0
-7.98355426212538e-09	0.0
0.0	0.0
0.0	0.0
0.0	0.0
0.0	0.0
0.0	0.0
0.0	0.0
0.0	0.0
0.0	0.0
0.0	0.0
0.0	0.0
0.0	0.0
0.0	0.0
0.0	0.0
0.0	0.0
0.0	0.0
-3.0260986250141286e-07	0.0
-0.00031591509468853474	0.0
-2.2938306756259408e-06	0.0
0.0	0.0
-2.1508012650883757e-06	0.0
0.0	0.0
-0.0007083611562848091	0.0
0.0	0.0
0.0	0.0
0.0	0.0
0.0	0.0
0.0	0.0
0.0	0.0
0.0	0.0
0.0	0.0
0.0	0.0
-0.00037623874959535897	0.0
0.0	0.0
0.0	0.0
0.0	0.0
-0.00011328260006848723	0.001
0.0	0.001
-0.0008215572452172637	0.0
0.0	0.001
0.0	0.0
0.0	0.0
0.0	0.0
-4.743517934002739e-07	0.0
0.0	0.0
-0.002583736088126898	0.0
-4.122759023061917e-09	0.0
0.0	0.0
0.0	0.0
0.0	0.0
0.0	0.0
0.0	0.0
0.0	0.0
-1.92200330764768e-15	0.0
0.0	0.041
-2.882222455494188e-13	1.0
0.0	1.0
0.0	0.0
0.0	0.0
-0.035489942878484726	0.0
0.0	0.0
-0.00020408484851941466	0.0
0.0	0.0
-2.7550846048995936e-09	0.0
0.0	0.0
-0.0037136394530534744	0.0
0.0	0.0
0.0	0.107
-1.834890781537979e-06	0.0
-6.967864578655281e-07	0.107
0.0	0.0
0.0	0.107
0.0	0.107
0.0	0.0
-1.900761326112388e-08	0.107
0.0	0.0
0.0	0.0
0.0	0.0
0.0	0.0
-0.005204778164625168	0.0
0.0	0.0
0.0	0.0
-0.001635961001738906	0.0
-0.005692297592759132	0.0
-0.01173197478055954	0.0
-0.012628686614334583	0.0
0.0	0.0
-0.0008925816509872675	0.0
-4.3036216257341664e-10	0.0
-0.005688105709850788	0.0
0.0	0.0
0.0	0.0
0.0	0.0
-6.203624070622027e-05	0.0
0.0	0.0
-0.004916377365589142	0.0
-0.000569858297239989	0.0
-0.0004037865437567234	0.0
-7.322020792344119e-06	0.0
-0.012382835149765015	0.0
0.0	0.0
0.0	0.0
0.0	0.0
0.0	0.0
0.0	0.0
-3.23358217428904e-05	0.0
0.0	0.0
0.0	0.0
-2.6376243113190867e-05	0.0
-1.1242867747895957e-09	0.0
0.0	0.0
-2.8428192308638245e-05	0.0
0.0	0.0
-3.899822331732139e-05	0.0
0.0	0.0
-0.00016624903946649283	0.0
0.0	0.201
-0.013426167890429497	0.0
-0.00250651640817523	0.0
0.0	0.0
0.0	0.0
-0.0011215904960408807	0.0
0.0	0.0
-3.884128219056038e-08	0.0
-4.932258157452907e-09	0.0
0.0	0.0
-0.00018360216927248985	0.0
0.0	0.0
-3.120589826721698e-05	0.0
0.0	0.0
0.0	0.0
0.0	0.0
0.0	0.0
-3.1382896850118414e-05	0.0
0.0	0.0
-2.3313207293540472e-06	0.0
0.0	0.0
0.0	0.0
-0.0006040971493348479	0.0
0.0	0.0
0.0	0.0
0.0	0.0
-0.001405489630997181	0.0
0.0	0.0
0.0	0.0
0.0	0.0
0.0	0.075
-0.0005644903285428882	0.075
0.0	0.075
-0.00211669341661036	0.0
0.0	0.0
-0.01043746154755354	0.0
0.0	0.0
-0.0003592413559090346	0.0
0.0	0.0
-0.005582870449870825	0.0
0.0	0.0
-4.350777071948642e-09	0.0
0.0	0.0
-0.002199190203100443	0.0
0.0	0.0
0.0	0.0
0.0	0.0
-1.9563552996260114e-05	0.0
0.0	0.0
0.0	0.0
0.0	0.0
0.0	0.0
0.0	0.0
-0.0002452337648719549	0.0
-0.0003545736544765532	0.0
0.0	0.0
0.0	0.0
-0.0032986255828291178	0.0
-1.1288263657149855e-09	0.0
0.0	0.0
0.0	0.0
0.0	0.0
-0.0026407171972095966	0.0
0.0	1.0
0.0	0.0
-1.0931712779438385e-07	0.0
-0.0012895935215055943	0.0
-1.3234976847797952e-07	0.0
0.0	0.0
0.0	0.0
0.0	0.0
-6.303433224275068e-07	0.0
0.0	0.0
-1.0624542357007272e-09	0.0
0.0	0.0
-6.053053766663652e-06	0.0
0.0	0.0
0.0	0.0
-1.3567007517423235e-09	0.0
0.0	0.0
0.0	0.0
-0.00025390798691660166	0.0
0.0	0.0
0.0	0.0
0.0	1.0
0.0	1.0
0.0	1.0
0.0	1.0
-0.0001154092387878336	0.0
0.0	0.0
-0.00869762059301138	0.0
-0.012721679173409939	0.0
-0.00012107106886105612	0.0
0.0	0.0
-4.565308699966408e-06	0.0
0.0	0.0
0.0	0.0
0.0	0.0
0.0	0.0
-1.4938139258902083e-07	0.0
-3.3354899642290547e-06	0.0
-0.00017379457131028175	0.0
0.0	0.0
0.0	0.0
0.0	0.0
-1.4136950277077176e-08	0.0
0.0	0.0
0.0	0.0
-5.642182441079058e-05	0.0
-4.2198771552648395e-05	0.0
-0.00241649616509676	0.0
0.0	0.0
-0.005352174397557974	0.0
0.0	0.0
0.0	0.0
-1.6355328625650145e-05	0.0
0.0	0.0
-0.0003275790950283408	0.0
-0.00012067588977515697	0.0
0.0	0.0
0.0	0.0
0.0	0.0
-3.9787933019397315e-06	0.0
0.0	0.0
-1.9259709006291814e-05	0.0
-0.0006744785350747406	0.0
0.0	0.0
-1.9979910575784743e-05	0.0
-0.00015289222938008606	0.0
0.0	0.0
0.0	0.0
-0.0005790979485027492	1.0
-7.686521712457761e-06	0.0
0.0	0.0
0.0	0.0
-9.701728352976002e-13	0.201
0.0	0.0
0.0	0.0
0.0	0.0
-0.009776263497769833	0.0
0.0	0.0
0.0	0.201
0.0	0.0
-9.280868107452989e-05	0.201
0.0	0.201
0.0	0.0
0.0	0.201
-1.4787877262278926e-05	0.0
-5.536169737752061e-06	1.0
-3.5049620983329532e-09	1.0
-0.0001720672589726746	0.0
0.0	0.0
-2.5687029392429395e-07	0.0
0.0	0.201
0.0	0.0
0.0	0.0
-1.1333123438816983e-05	0.0
-0.0008303988142870367	0.0
0.0	0.0
0.0	0.0
-0.0008462248952127993	0.0
0.0	0.0
0.0	0.0
-0.002775917062535882	0.0
-9.447101183468476e-05	0.0
-9.137324923358392e-06	0.0
-4.038114980176033e-07	0.0
-0.00498421024531126	0.0
-0.0001825474901124835	0.0
-0.00017069616296794266	0.0
0.0	0.0
-0.0028827728237956762	0.0
-3.065500742138738e-09	0.0
0.0	0.0
-9.783302812138572e-05	0.0
-0.0006095534190535545	0.0
0.0	0.0
