-0.002366466447710991	0.0
-0.0006195526220835745	0.0
-0.005920744966715574	0.0
-0.003766904817894101	0.0
0.0	0.0
0.0	0.0
-0.00952299777418375	0.0
-0.0036866660229861736	0.0
-9.486697649663256e-08	0.0
-2.4859396944520995e-05	0.0
-1.1403126336517744e-06	0.0
-3.663581810542382e-05	0.0
0.0	0.0
-9.416129614692181e-06	0.0
0.0	0.0
0.0	0.0
-0.0010569640435278416	0.0
0.0	0.0
0.0	0.0
0.0	0.0
0.0	0.0
-0.0027269350830465555	0.0
-0.0002871254400815815	0.0
0.0	0.0
-0.0004898690385743976	0.0
0.0	0.0
-0.007301383186131716	0.0
-0.0005286760278977454	0.0
0.0	0.0
-0.0005316740134730935	0.0
-1.678849420594375e-11	0.0
0.0	0.0
0.0	0.0
-3.814244337263517e-05	0.0
-3.043937249458395e-05	0.0
0.0	0.0
-6.238576020223263e-07	0.0
-2.229643314421992e-06	0.0
0.0	0.0
0.0	0.0
-0.00018252874724566936	0.0
0.0	0.0
-0.00017712874978315085	0.0
-0.0003659461799543351	0.0
0.0	0.0
0.0	0.0
-2.4392793562810766e-08	0.0
-0.0013111508451402187	0.0
-5.215571218286641e-05	0.0
0.0	0.0
0.0	1.0
-0.00305532431229949	1.0
0.0	0.0
0.0	1.0
0.0	0.0
0.0	0.0
0.0	0.0
-0.0009607738466002047	0.0
0.0	0.0
0.0	0.0
0.0	0.0
0.0	0.0
0.0	0.0
0.0	0.0
-0.0025403681211173534	0.0
0.0	0.0
0.0	0.0
-8.418614356742182e-07	0.0
0.0	0.0
0.0	0.0
-0.0034033237025141716	0.0
-0.004110956098884344	0.0
-8.049601456150413e-05	0.0
0.0	0.0
-1.429425992682809e-06	0.0
0.0	0.0
-0.0029040330555289984	0.0
0.0	0.0
0.0	0.0
0.0	0.0
0.0	0.0
-8.697779776412062e-06	0.0
0.0	0.0
0.0	0.0
0.0	0.0
0.0	0.0
0.0	0.0
-7.393154088930487e-09	0.0
-0.0032813656143844128	0.0
-6.295345519902185e-05	0.0
-0.0008679878083057702	0.0
0.0	0.0
0.0	0.0
-0.01978718675673008	0.0
-0.0005398961948230863	0.0
0.0	0.0
0.0	1.0
-2.185866421200444e-08	1.0
0.0	0.0
0.0	0.0
-0.00428143423050642	0.0
0.0	0.0
0.0	0.0
-2.300932010257384e-06	0.0
-0.00564192607998848	0.0
0.0	0.0
0.0	0.0
0.0	0.0
-0.04275313764810562	0.0
-2.1996670795942919e-07	0.0
-9.522044024379284e-07	0.0
-0.0001249540800927207	0.0
0.0	0.0
0.0	0.0
-1.0358926374465227e-05	0.0
-0.0008235412533394992	0.0
0.0	0.0
0.0	0.0
0.0	0.0
0.0	0.0
0.0	0.0
0.0	0.0
0.0	0.0
0.0	0.0
0.0	0.0
0.0	0.0
-0.0020961626432836056	0.0
-0.000525814772117883	0.0
-0.00038495889748446643	0.0
-1.823505044740159e-07	0.0
-3.4825061447918415e-05	0.0
-2.574601154492484e-08	0.0
0.0	0.0
-0.004628821741789579	0.0
-0.0009603322832845151	0.0
-0.0020294960122555494	0.0
0.0	0.0
-2.756197500275448e-05	0.0
0.0	0.0
0.0	0.0
0.0	0.0
-0.0005174014368094504	0.0
0.0	0.0
-2.3619106670480505e-08	0.0
-1.0701004384827684e-06	0.0
0.0	0.0
-3.4279725014130236e-07	0.0
-0.0019403573824092746	0.0
0.0	0.0
0.0	0.0
0.0	0.0
0.0	0.0
-1.0291583585342323e-08	0.0
-1.240255187440198e-06	0.0
0.0	0.0
0.0	0.0
0.0	0.0
0.0	0.0
0.0	0.0
-2.4930928702815436e-05	0.0
0.0	0.0
-0.06038982421159744	0.0
0.0	0.0
0.0	0.0
0.0	0.0
-1.6237190720858052e-05	0.0
-5.866595893166959e-05	0.0
-5.10620788273658e-13	0.0
0.0	0.0
0.0	0.0
-0.007032052148133516	0.0
0.0	0.0
-0.0005058296374045312	0.0
0.0	0.0
0.0	0.0
0.0	0.0
-0.003598605515435338	0.0
-0.005374637898057699	0.0
-0.00036687732790596783	0.0
0.0	0.0
-5.1907951274188235e-05	0.0
0.0	0.0
-0.00011171462392667308	0.0
-5.639229129883461e-06	0.0
-1.3202899884490193e-09	0.0
-0.0008683287887834013	0.0
-0.0021906872279942036	0.0
-2.975352741962922e-10	0.0
-0.0012796360533684492	0.0
-0.00012951255484949797	0.0
0.0	0.0
-2.683375532797072e-05	0.0
0.0	0.0
0.0	0.0
-2.7851037884829566e-06	0.0
0.0	0.0
0.0	0.0
0.0	0.0
0.0	0.0
0.0	0.0
-9.86169340633225e-11	0.0
-0.0002791373117361218	0.0
-6.917543214512989e-05	0.0
-0.0007784155895933509	0.0
0.0	0.0
-2.7672151645674603e-06	0.0
-0.0001223052677232772	0.0
0.0	0.0
-0.001936272019520402	0.0
-0.0009020111756399274	0.0
-0.0036495020613074303	0.0
-0.0005504763103090227	0.0
0.0	0.0
0.0	0.0
-0.0006166163366287947	0.0
0.0	0.0
0.0	0.0
-0.00025626507704146206	0.0
0.0	0.0
-0.009194746613502502	0.0
0.0	0.0
0.0	0.0
0.0	0.0
0.0	0.0
0.0	0.0
0.0	0.0
0.0	0.0
0.0	0.0
0.0	0.0
0.0	0.0
0.0	0.0
-0.0009547329973429441	0.0
-0.0007821132894605398	0.0
0.0	0.0
0.0	0.0
0.0	0.0
-0.0007677635876461864	0.0
-0.0003203919332008809	0.0
0.0	0.0
-6.346444570226595e-05	0.0
0.0	0.0
0.0	0.0
-4.3855652620550245e-05	0.0
0.0	0.0
-0.00048524534213356674	0.0
0.0	0.0
0.0	0.0
0.0	1.0
0.0	1.0
0.0	1.0
0.0	0.0
0.0	0.0
0.0	0.0
0.0	0.0
0.0	0.0
-0.0008617605199106038	0.0
0.0	0.0
-0.009214825928211212	0.0
0.0	0.0
0.0	0.0
0.0	0.0
0.0	0.0
0.0	0.0
-0.00022026800434105098	0.0
0.0	0.0
0.0	0.0
-0.003152836812660098	0.0
0.0	0.0
0.0	0.0
-1.0654592188075185e-05	0.0
-0.0003222613886464387	0.0
0.0	0.0
0.0	0.0
-4.4410087866708636e-05	0.0
0.0	0.0
-0.0005589650827459991	0.0
-0.0034640589728951454	0.0
-0.0005864605191163719	0.0
0.0	0.0
0.0	0.0
-5.8245517720934004e-05	0.0
0.0	0.0
-0.002426203340291977	0.0
0.0	0.0
0.0	0.0
-0.00202934886328876	0.0
0.0	0.0
0.0	0.0
0.0	0.0
-2.7875939334620625e-09	0.0
0.0	0.0
0.0	0.0
0.0	0.0
-0.0001517966011306271	0.0
0.0	0.0
0.0	0.0
-9.271241651731543e-06	0.0
0.0	0.0
0.0	0.0
0.0	0.0
0.0	0.0
0.0	0.0
-0.0005654965643770993	0.0
0.0	0.0
-3.3923984688044584e-07	0.0
-5.1868372707986055e-08	0.0
-0.030250312760472298	0.0
0.0	0.0
0.0	0.0
0.0	0.0
0.0	0.0
0.0	0.0
0.0	0.0
0.0	0.0
-0.014582224190235138	0.0
0.0	0.0
-0.0012586064403876662	0.0
0.0	0.0
0.0	0.0
-0.0002459257375448942	0.0
0.0	0.0
0.0	0.0
0.0	0.0
-0.008248485624790192	0.0
0.0	0.0
-0.0017212684033438563	0.0
-1.3656257578986697e-05	0.0
-7.372475010924973e-06	0.0
-0.0007140431553125381	0.0
0.0	0.0
-0.00011748921679100022	1.0
-0.00010661021951818839	1.0
-0.0011931097833439708	0.0
0.0	0.0
0.0	0.0
-0.0002110246423399076	0.0
-9.71309418673627e-07	0.0
0.0	0.0
-5.1562965381890535e-05	0.0
0.0	0.0
-0.0004865385126322508	0.0
0.0	0.0
0.0	0.0
0.0	0.0
-6.2988656281959265e-06	0.0
-0.00097723922226578	0.0
0.0	0.0
0.0	0.0
0.0	0.0
0.0	0.0
0.0	0.0
-0.00020591440261341631	0.0
0.0	0.0
-5.5714476729917806e-06	0.0
-6.563746524079761e-07	0.0
0.0	0.0
0.0	0.0
-3.046642660375909e-10	0.0
-3.877017107356551e-08	0.0
0.0	0.0
0.0	0.0
0.0	0.0
0.0	0.0
0.0	0.0
0.0	0.0
0.0	0.0
0.0	0.0
0.0	0.0
-0.012706663459539413	0.0
0.0	0.0
-9.806356683839113e-05	0.0
0.0	0.0
0.0	0.0
0.0	0.0
0.0	0.0
0.0	0.0
0.0	0.0
0.0	0.0
-3.6009762993671757e-07	0.0
0.0	0.0
0.0	0.0
0.0	0.13
0.0	0.0
-6.480398995201142e-10	0.0
-0.005088151432573795	0.0
-0.0004584213893394917	0.0
0.0	0.13
0.0	0.0
0.0	0.13
-0.03774202987551689	0.0
0.0	0.13
0.0	0.13
0.0	0.0
-3.6990397234148986e-07	0.13
0.0	0.13
0.0	0.0
-3.875499885452882e-07	0.13
-8.197853276215028e-07	0.13
-0.0009650839492678642	0.0
0.0	0.0
0.0	0.0
0.0	0.0
0.0	0.0
-0.01025023590773344	0.0
-0.00015097293362487108	0.0
0.0	0.0
-3.562244501154055e-06	0.0
0.0	0.0
0.0	0.0
0.0	0.0
0.0	0.0
0.0	0.0
-1.8187374735134654e-05	0.0
0.0	0.0
0.0	0.0
0.0	0.0
0.0	0.0
0.0	0.0
0.0	0.0
0.0	0.0
-3.0733037874597358e-06	1.0
-0.0011994000524282455	0.0
0.0	0.0
-0.00016456899174954742	0.0
0.0	0.0
-0.0014459026278927922	0.0
-0.0018417449900880456	0.0
0.0	0.0
-0.0003597179311327636	0.0
0.0	0.0
0.0	0.0
-2.7474132366478443e-05	0.0
-2.2437429691990474e-08	0.004
0.0	0.0
0.0	0.004
0.0	0.004
0.0	0.0
0.0	0.0
0.0	0.0
-1.3719410162593704e-05	0.0
0.0	0.0
0.0	0.0
0.0	0.0
0.0	0.0
-2.521944679756416e-07	0.0
-2.2968495613895357e-05	0.0
0.0	0.0
-0.000822721456643194	0.0
-1.8719625813901075e-06	0.0
0.0	0.0
-2.1225201635388657e-05	0.0
0.0	0.0
0.0	0.13
0.0	0.0
-0.0005730647244490683	0.0
0.0	0.0
0.0	0.0
0.0	0.0
0.0	0.0
0.0	0.0
0.0	0.0
0.0	0.0
0.0	0.0
0.0	0.0
0.0	0.0
-0.010161561891436577	0.0
0.0	0.0
0.0	0.0
0.0	0.0
0.0	0.0
-0.0010674854274839163	0.0
-2.580936552476487e-06	0.0
0.0	0.0
-0.003385148011147976	0.0
0.0	0.0
0.0	0.0
-0.0004945591790601611	0.0
-0.004841292276978493	0.0
0.0	0.0
0.0	0.0
-9.9965234312549e-07	0.0
-3.838847248971433e-07	0.0
0.0	0.0
0.0	0.0
-1.1621634712355444e-06	0.0
0.0	0.0
0.0	0.0
0.0	0.0
0.0	0.0
0.0	0.0
0.0	0.0
-3.075281140851871e-10	0.0
0.0	0.0
-0.0020414453465491533	0.0
-0.0013966643018648028	0.0
-5.0699545681709424e-05	0.0
0.0	0.0
0.0	1.0
0.0	0.0
-6.824361520330058e-08	0.0
0.0	0.0
0.0	0.0
0.0	0.0
0.0	0.0
-1.1059524606879534e-12	0.0
-3.632266043496202e-07	0.0
-0.02409345470368862	0.0
-6.256425932882337e-10	0.0
0.0	0.0
0.0	0.0
0.0	0.0
0.0	0.0
0.0	0.0
0.0	0.0
0.0	0.0
0.0	0.0
-3.762334586099314e-07	0.0
-1.8378377930616807e-08	0.0
0.0	0.0
0.0	0.0
0.0	0.0
0.0	0.0
0.0	0.0
0.0	0.0
0.0	0.0
0.0	0.0
-0.0008259564056061208	0.0
-2.1964181584621656e-08	0.0
0.0	0.0
-3.2054790608526673e-06	0.0
0.0	0.0
-0.0005280859186314046	0.0
0.0	0.0
-2.182414391427301e-05	0.0
0.0	0.0
0.0	0.0
0.0	0.0
0.0	0.0
-0.00016939207853283733	0.0
-0.004802941810339689	0.0
0.0	0.0
-1.4043581586520304e-06	0.0
0.0	0.0
0.0	0.0
-2.845042763510719e-05	0.0
0.0	0.0
-9.275777301809285e-07	0.0
0.0	0.0
-7.841715159884188e-06	0.0
0.0	0.0
0.0	1.0
0.0	0.0
-1.8548669686424546e-05	0.0
0.0	0.0
0.0	0.0
0.0	0.0
-0.0007331319502554834	0.0
-0.0011265299981459975	0.0
0.0	0.0
0.0	0.0
0.0	0.0
-7.72516432334669e-05	0.0
0.0	0.0
-5.8812423958443105e-05	1.0
-5.3209350880933926e-05	0.0
0.0	0.0
0.0	0.0
-0.001878509297966957	0.0
-0.00015317359066102654	0.0
-0.01069190539419651	0.0
0.0	0.0
0.0	0.0
0.0	0.002
-8.278206951217726e-05	0.0
0.0	0.002
0.0	0.002
-0.0021907147020101547	0.0
0.0	0.0
0.0	0.0
0.0	0.0
0.0	0.0
0.0	0.0
-0.001658942666836083	0.0
-0.0009322180412709713	0.0
0.0	0.0
0.0	0.0
-0.0007160546956583858	0.0
0.0	0.0
0.0	0.0
-0.0007588507141917944	0.0
-0.01259482279419899	0.0
-0.0012796093942597508	0.0
-0.0005316561437211931	0.0
-3.1530951673630625e-05	0.0
0.0	0.0
-1.8553158724898822e-06	0.0
0.0	0.0
-0.00021987497166264802	0.0
0.0	0.0
0.0	0.0
-1.9219953173887916e-05	0.0
-8.867554242897313e-06	0.0
0.0	0.0
0.0	0.0
-0.002590678632259369	0.0
-1.2888943274447229e-05	0.0
-0.00016854671412147582	0.0
-0.003617319278419018	0.0
-0.00019222903938498348	0.0
-0.0019227131269872189	0.0
0.0	0.0
-0.0013331404188647866	0.0
0.0	0.0
0.0	0.0
0.0	0.0
0.0	0.0
-4.1703495412548364e-07	0.0
0.0	0.0
0.0	0.0
0.0	0.0
0.0	0.0
0.0	0.0
-0.00014472055772785097	0.0
-7.248140900628641e-05	0.0
0.0	0.0
0.0	0.0
-0.003747830167412758	0.0
0.0	0.0
0.0	1.0
-6.619772507931998e-10	0.0
0.0	0.0
0.0	0.0
-3.592427617604699e-07	0.0
-6.261175258259755e-07	0.0
-6.87433725943265e-07	0.0
0.0	1.0
0.0	1.0
-7.142526783354697e-07	1.0
-1.0068110234406902e-10	0.0
-5.9340090956538916e-05	0.0
-5.116646661917912e-08	0.0
0.0	0.0
-0.0002616710844449699	0.0
0.0	0.0
-3.197143216837617e-09	0.0
0.0	0.0
-2.4348665306206385e-09	0.0
0.0	0.0
-0.0007600868702866137	0.0
-3.099084642599337e-05	0.0
0.0	0.0
0.0	0.0
-3.8642533581878524e-06	0.0
0.0	0.0
0.0	0.0
-0.00026167722535319626	0.0
0.0	0.0
0.0	0.0
0.0	0.0
0.0	0.0
-1.473905285820365e-05	0.0
0.0	1.0
0.0	0.0
0.0	0.0
0.0	0.0
-0.001126520917750895	0.0
-0.0007554340409114957	0.0
0.0	0.0
-0.000986336381174624	1.0
-1.5926985724945553e-05	0.0
-0.0007051389547996223	0.0
0.0	0.0
0.0	0.0
-0.0029582884162664413	0.0
-6.967765671106463e-07	0.0
0.0	0.0
-0.0009643118246458471	0.0
0.0	0.0
0.0	0.0
0.0	0.0
-0.0007364035118371248	0.0
0.0	0.0
-1.8902217568950164e-09	0.0
0.0	0.0
-1.7125315935118124e-05	0.037
-5.059292362830092e-08	0.037
0.0	0.0
0.0	0.0
0.0	0.04252873563218391
0.0	0.0
0.0	0.0
-4.192904867750258e-08	0.0
-2.9949151212349534e-06	0.001
0.0	0.0
-0.001071543083526194	0.0
0.0	0.0
-0.025293394923210144	0.0
0.0	0.0
-9.865351603366435e-05	0.0
0.0	0.0
0.0	0.0
0.0	0.0
0.0	0.009
-8.628684736322612e-05	0.009
-0.002673581475391984	0.009
-0.0028563314117491245	0.0
-7.444909442710923e-06	0.009
-0.11208850145339966	0.0
0.0	0.009
0.0	0.009
-0.004204283468425274	0.0
-0.0005397091736085713	0.009
0.0	0.009
0.0	0.009
0.0	0.009
0.0	0.0
-1.6066667285485892e-06	0.0
0.0	0.009
0.0	0.009
0.0	0.0
0.0	0.0
0.0	0.0
-1.8994103356817504e-07	0.0
0.0	0.0
0.0	0.0
0.0	0.0
-0.00013441224291455	0.0
0.0	1.0
0.0	0.0
-0.002119064796715975	0.0
-0.0011282304767519236	0.0
-0.0023168923798948526	0.0
0.0	0.0
0.0	0.0
-0.010498031042516232	0.0
0.0	0.0
0.0	0.0
0.0	0.0
-4.614670160663081e-06	0.0
0.0	0.0
0.0	0.0
0.0	0.0
-0.0014815242029726505	0.0
0.0	0.0
0.0	0.0
0.0	0.0
0.0	0.0
0.0	0.0
0.0	0.0
-7.937210888542268e-09	0.0
-0.00112049444578588	0.0
0.0	0.0
0.0	0.0
0.0	0.0
0.0	0.0
0.0	0.0
-1.43379202199867e-05	0.0
-0.005336288828402758	0.0
0.0	0.0
-0.0077410535886883736	0.0
0.0	0.0
0.0	0.0
-0.00421861931681633	0.0
-0.001050083781592548	0.0
0.0	0.0
-6.591914514242347e-11	0.0
-0.00015862128930166364	0.0
0.0	0.0
-7.831632683519274e-05	0.0
0.0	0.0
-0.00017216183186974376	0.0
0.0	0.0
-9.877669799607247e-05	0.0
0.0	0.0
0.0	0.0
0.0	0.0
0.0	0.0
0.0	0.0
0.0	0.0
0.0	0.0
-0.0039610471576452255	0.0
0.0	0.0
0.0	0.0
-0.006098020821809769	0.0
0.0	0.0
-0.02000567689538002	0.0
-0.0014043058035895228	0.0
-1.2031385267619044e-05	0.0
0.0	0.0
0.0	0.0
-0.014845911413431168	0.0
-1.0974868018820416e-05	0.0
0.0	0.0
-4.451830193374917e-07	0.0
0.0	0.0
-0.00027761919773183763	0.0
-2.630909875733778e-05	0.0
0.0	0.0
0.0	0.0
0.0	0.0
0.0	0.0
-8.049324969761074e-05	0.0
-9.640517717457442e-09	0.0
0.0	0.0
0.0	0.0
-5.487435828399612e-06	0.0
0.0	0.0
0.0	0.0
-1.060859290191729e-06	0.0
-4.4931732645636657e-07	0.0
-0.00018883473239839077	0.0
0.0	0.0
0.0	0.0
0.0	0.0
0.0	0.0
-1.3432121193091007e-08	0.0
0.0	0.0
0.0	0.0
0.0	0.0
0.0	0.0
0.0	0.0
-5.324988023858168e-07	0.0
0.0	0.0
0.0	0.0
0.0	0.0
0.0	0.0
0.0	0.0
0.0	0.0
0.0	0.0
0.0	0.0
0.0	0.0
0.0	0.0
0.0	0.0
0.0	0.0
0.0	0.0
0.0	0.0
-4.7461475332966074e-05	0.0
0.0	0.0
0.0	0.0
-2.1706966435885988e-05	0.0
-0.013087949715554714	0.091
0.0	0.0
-0.00011626497143879533	0.0
0.0	0.0
-2.741753269219771e-05	0.0
0.0	0.0
0.0	0.0
0.0	0.0
-0.00041721828165464103	0.0
0.0	0.0
-0.0049224793910980225	0.0
0.0	0.0
0.0	0.0
0.0	0.0
0.0	0.0
0.0	0.0
0.0	0.0
-0.0007618962554261088	0.0
-1.272447214262229e-08	0.0
0.0	0.0
0.0	0.0
-0.00017418649804312736	0.0
0.0	0.0
0.0	0.0
0.0	0.0
0.0	0.0
-8.879693632479757e-05	0.0
-0.0012762341648340225	0.0
0.0	0.0
0.0	0.0
-0.00606511440128088	0.0
0.0	0.0
-0.00956722255796194	0.0
0.0	0.0
-0.0013728633057326078	0.0
-0.004122779704630375	0.0
0.0	0.0
0.0	0.0
-0.0007063968805596232	0.0
0.0	0.0
0.0	0.0
0.0	0.0
0.0	1.0
0.0	0.0
0.0	0.0
-0.003234009724110365	0.0
0.0	0.0
-0.000678104639519006	1.0
0.0	1.0
0.0	0.0
0.0	0.0
0.0	0.0
0.0	0.0
-0.002948175650089979	0.0
-1.2094591821110168e-11	0.0
0.0	0.0
0.0	0.0
0.0	0.0
0.0	0.0
0.0	0.0
0.0	0.0
0.0	0.0
-0.00026842192164622247	0.0
-0.0010292292572557926	0.0
0.0	0.0
0.0	0.0
-0.005704551935195923	0.0
-0.0005559143610298634	0.0
0.0	0.0
0.0	0.0
0.0	0.0
-0.00039251387352123857	0.0
0.0	0.0
0.0	0.0
0.0	0.0
0.0	0.0
0.0	0.0
0.0	0.0
0.0	0.0
-7.866565234773085e-15	0.0
0.0	0.0
-1.4397274981092778e-06	0.0
0.0	0.0
0.0	0.0
-0.000358008750481531	0.0
-0.0011911803158000112	0.0
0.0	0.0
0.0	1.0
-2.4066169501679724e-08	1.0
-0.0003898071881849319	1.0
-3.7544257793342695e-05	1.0
-0.006608303636312485	0.0
-2.8208479050328104e-14	1.0
0.0	0.0
0.0	0.0
-0.011513412930071354	0.0
0.0	0.0
0.0	0.0
-0.0022431460674852133	0.0
0.0	0.0
