-0.00023298176529351622	0.0
0.0	0.0
-1.44687846841407e-05	0.0
-0.0022569093853235245	0.0
-0.0007353139226324856	0.0
0.0	0.0
-0.014933235943317413	0.0
-0.0026761500630527735	0.0
0.0	0.0
0.0	0.0
0.0	0.0
-7.342770231844042e-07	0.0
0.0	0.0
0.0	0.0
-5.2198057431951383e-08	0.0
0.0	0.0
-9.534026013113817e-09	0.0
-0.005735422484576702	0.0
0.0	0.0
-0.00222528213635087	0.0
-7.33441484044306e-05	0.0
-0.0004932238953188062	0.0
-3.422833572130912e-07	0.0
0.0	0.0
0.0	0.0
0.0	0.0
0.0	0.0
0.0	0.0
-0.005647366400808096	0.0
0.0	0.0
-0.0007583158439956605	0.0
0.0	0.0
0.0	0.0
0.0	0.0
-7.472855941159651e-06	0.0
0.0	0.0
-0.013157768175005913	0.0
0.0	0.0
0.0	0.0
-2.8877536806248827e-07	0.0
-0.0027448181062936783	0.0
-0.00011396261834306642	0.0
0.0	0.0
0.0	1.0
-2.335512339080026e-11	0.0
0.0	0.0
0.0	0.0
0.0	0.0
0.0	0.0
0.0	0.0
0.0	0.0
0.0	0.0
0.0	0.0
-0.0005369088030420244	0.0
-0.00046630139695480466	0.0
0.0	0.0
-0.0007798150181770325	0.0
0.0	0.0
0.0	0.0
-0.009731914848089218	0.0
-0.0009577629971317947	0.0
0.0	0.0
-3.747310621526889e-12	1.0
-3.9004777185880357e-10	0.0
-0.0017177661648020148	0.0
0.0	0.0
-0.0006543507915921509	0.0
-1.652788128581051e-08	0.0
0.0	0.0
0.0	0.0
0.0	0.0
-0.00045807924470864236	0.0
-0.014949284493923187	0.0
0.0	0.0
0.0	0.0
0.0	0.0
-0.0033393052872270346	0.0
0.0	0.0
0.0	0.0
-0.0038167645689100027	0.0
-0.0019731249194592237	0.0
0.0	0.0
-0.002792967949062586	0.0
-0.002205489668995142	0.0
0.0	0.0
0.0	0.0
-0.0009350156760774553	0.0
0.0	0.0
-0.0017990065971389413	0.0
0.0	0.0
-0.006548004690557718	0.0
0.0	0.0
-0.0022420650348067284	0.0
0.0	0.0
-0.0008535169763490558	0.0
0.0	0.0
0.0	0.0
0.0	0.0
-6.334774752758676e-06	0.0
0.0	0.0
0.0	0.0
0.0	0.0
0.0	0.0
0.0	0.0
0.0	0.0
-0.0012207729741930962	0.0
0.0	0.0
0.0	0.049
0.0	0.0
-2.2737403924111277e-05	0.0
0.0	0.0
-3.228081186534837e-05	0.0
-0.0016786459600552917	0.0
-7.18544232496338e-15	0.0
0.0	0.0
0.0	0.0
-4.007791928190008e-12	0.0
0.0	0.0
-0.00023097440134733915	0.0
0.0	0.0
-0.004963140469044447	0.0
0.0	0.0
-9.137647793977521e-06	0.0
-0.0014471635222434998	0.0
0.0	0.0
0.0	0.0
-6.7086780290992465e-06	0.0
0.0	0.0
-2.860293534467928e-06	0.0
0.0	0.0
-5.324488849822728e-09	0.0
0.0	0.0
-0.00041799547034315765	0.0
-3.985240653037181e-07	0.0
-0.008872983045876026	0.0
0.0	0.0
0.0	0.0
-0.00011792687291745096	0.0
0.0	0.0
0.0	0.0
0.0	0.0
-0.002452124608680606	0.0
-1.9839142169075785e-06	0.0
0.0	0.0
-0.00890009943395853	0.0
0.0	0.0
0.0	0.0
-0.0004405832733027637	0.0
-8.92653624759987e-05	0.0
0.0	0.0
0.0	0.0
-1.2493254075707227e-07	0.0
0.0	0.002
-0.0010353017132729292	0.002
0.0	0.002
0.0	0.0
-2.5487327093287604e-06	0.0
-0.0018848864128813148	0.0
-0.00016684217553120106	0.0
0.0	0.0
0.0	0.0
-3.714727199621848e-06	0.0
-6.260690886073297e-14	0.0
-0.0035551697947084904	0.0
-0.002242409624159336	0.0
-5.7443216849861756e-12	0.0
-8.013021215447225e-07	1.0
-9.034668437379878e-06	0.0
0.0	0.0
0.0	1.0
-9.430111731489887e-07	0.0
-5.8067424106411636e-05	1.0
0.0	1.0
-0.0019188978476449847	0.0
-8.753829752095044e-05	1.0
-3.1092926011666577e-09	1.0
-3.994434791820822e-06	0.0
0.0	1.0
-3.91860849049408e-05	1.0
0.0	0.0
0.0	0.0
-0.01085790153592825	0.0
-0.008383745327591896	0.0
0.0	0.0
0.0	0.0
-0.0016549343708902597	0.0
0.0	0.0
0.0	0.0
0.0	0.0
0.0	0.0
0.0	0.0
0.0	0.0
0.0	0.0
0.0	0.0
-4.569746248073159e-10	0.0
0.0	0.0
0.0	0.0
0.0	0.0
-4.968984649167396e-05	0.0
-2.1338701117201708e-07	0.0
-0.00037451149546541274	0.0
0.0	0.0
-2.0297808077884838e-05	0.0
0.0	0.0
0.0	0.0
-1.0671444172771771e-08	0.0
-1.92485185834812e-05	0.0
0.0	0.0
-0.0002775974862743169	0.0
0.0	0.0
0.0	0.0
-1.2297451576159801e-05	0.0
-0.003527147928252816	0.0
-3.688078868435696e-05	0.0
-4.671820761359413e-07	0.0
0.0	0.0
-0.0003545883228071034	0.0
0.0	0.0
-3.8553633174842616e-08	0.0
-9.143628965091466e-09	0.0
0.0	0.0
-0.002533821389079094	0.0
0.0	0.0
0.0	0.0
-0.0027370539028197527	0.0
0.0	0.0
0.0	0.0
-5.541772907236009e-08	0.0
0.0	0.0
0.0	0.0
-2.2743302906746976e-05	0.0
-0.0005248567904345691	0.0
0.0	0.0
-1.0512896803094307e-10	0.0
-0.0017482106341049075	0.0
-1.2220486667047226e-07	0.0
-3.9161724885161675e-07	0.0
0.0	0.0
0.0	0.0
0.0	0.0
0.0	0.0
-0.0008367853588424623	0.0
-0.0005184675101190805	0.0
0.0	0.0
0.0	0.0
0.0	0.0
0.0	0.0
0.0	0.0
0.0	0.0
0.0	0.0
0.0	0.0
-0.0020256382413208485	0.0
0.0	0.0
0.0	0.0
0.0	0.0
-0.00026701283059082925	0.0
0.0	0.0
0.0	0.0
-7.152931357268244e-05	0.049
-1.8403728972771205e-05	0.049
-1.3760043657384813e-05	0.0
0.0	0.049
-0.0013826468493789434	0.0
0.0	0.0
0.0	0.0
-2.159698306058999e-05	0.0
0.0	0.0
0.0	0.0
0.0	0.0
0.0	0.0
0.0	0.0
-0.00028278646641410887	0.0
0.0	0.0
0.0	0.0
0.0	0.0
0.0	0.0
0.0	0.0
0.0	0.0
-1.3699224837182555e-05	0.0
0.0	0.001076426264800861
-0.0006041813758201897	0.0
-0.006830691359937191	0.0
-0.0011350850109010935	0.0
-0.00014840565563645214	0.0
0.0	0.0
-0.003967862110584974	0.0
-0.00018581355107016861	0.0
-0.0015251245349645615	0.0
0.0	0.0
-0.000459974049590528	0.0
-9.365754181089869e-07	0.0
-0.005414724349975586	0.0
0.0	0.0
0.0	0.0
-5.855926588083094e-07	0.0
-1.406197203124293e-08	1.0
-3.020176563950372e-06	0.0
-0.0005128071643412113	0.0
-1.1537983482412528e-05	0.0
0.0	0.0
0.0	0.0
-0.008400018326938152	0.0
-4.501024250203045e-06	0.0
0.0	0.0
-0.0014537896495312452	0.0
-0.0002964015584439039	0.0
0.0	0.0
0.0	0.027
0.0	0.027
-0.0019459080649539828	0.0
-3.995413862867281e-05	0.0
0.0	0.0
-0.010293042287230492	0.0
-0.0026430559810250998	0.0
0.0	0.0
0.0	0.0
0.0	0.0
0.0	0.0
-3.6328583519207314e-06	0.0
-3.314257810416166e-07	0.0
-1.7914271666086279e-06	0.0
0.0	0.0
-0.0013413568958640099	0.0
0.0	0.0
0.0	0.0
0.0	0.0
0.0	0.0
-4.753040411742404e-05	0.0
-0.000807004573289305	0.0
0.0	0.0
-4.638409905055596e-07	0.0
0.0	0.0
-0.0006294130580499768	0.0
0.0	0.0
-0.010235690511763096	0.0
0.0	0.0
0.0	0.0
-0.00018802554404828697	0.0
-1.459528266423149e-05	0.0
-0.0025640183594077826	0.0
0.0	0.0
0.0	0.0
-0.002187238307669759	0.0
0.0	0.0
0.0	0.0
-0.007990635931491852	0.0
0.0	0.0
0.0	0.0
0.0	0.0
-8.238661836079686e-11	0.0
0.0	0.0
0.0	0.0
-0.0004151666653342545	0.0
0.0	0.0
0.0	0.0
-3.3454249205533415e-05	0.0
-0.0009777673985809088	0.0
0.0	0.0
-0.003359569003805518	0.0
-0.0008074601646512747	0.0
-0.0005533786024898291	0.0
0.0	0.0
0.0	0.0
-0.00015279509534593672	0.0
-0.0028547237161546946	0.0
0.0	0.0
0.0	0.0
-2.6982710551237687e-05	0.0
-0.0003001165168825537	1.0
0.0	0.0
-0.0022173444740474224	0.0
0.0	0.0
0.0	0.0
-3.7049233014840866e-08	0.0
0.0	0.0
-0.001931270002387464	0.0
0.0	0.0
-0.00020444276742637157	0.0
0.0	0.0
-1.1337673413436278e-06	0.0
0.0	0.0
0.0	0.0
0.0	0.0
-0.0037372936494648457	0.0
0.0	0.0
0.0	0.0
0.0	0.0
0.0	0.0
0.0	0.0
0.0	0.0
0.0	0.0
0.0	0.0
-0.024120504036545753	0.0
0.0	0.0
-3.2122428820002824e-05	0.0
-3.032344238818041e-06	0.0
0.0	0.0
0.0	0.0
0.0	0.0
0.0	0.0
-2.9782687427371e-09	0.0
0.0	0.0
0.0	0.0
-1.1450072179286508e-06	0.0
0.0	0.0
0.0	0.0
-1.9908165995730087e-06	0.0
0.0	0.0
0.0	0.0
0.0	0.0
0.0	0.0
-5.762399268860463e-06	0.0
0.0	0.0
0.0	0.0
0.0	0.0
0.0	0.0
0.0	0.0
0.0	0.0
-1.1162404334186249e-09	0.0
-0.010374832898378372	0.0
-0.00025558797642588615	0.0
0.0	0.0
0.0	0.0
0.0	0.0
0.0	0.0
0.0	1.0
0.0	1.0
0.0	0.0
-2.442124724666428e-08	0.0
0.0	0.0
0.0	1.0
0.0	0.0
0.0	0.0
-3.7409822652989533e-06	0.0
-0.00038920537917874753	0.0
-0.00023353095457423478	0.0
-1.4940623391246355e-11	0.0
0.0	0.0
0.0	0.0
-5.105636446955941e-08	0.0
0.0	0.0
0.0	0.0
-0.000624572450760752	0.0
0.0	0.0
-0.00019275728845968843	0.0
-5.0572776672197506e-05	0.0
-3.4696920891974514e-09	1.0
0.0	0.0
0.0	0.0
0.0	0.0
0.0	0.0
-6.538430739055912e-07	0.0
0.0	0.0
-2.91420974463108e-07	0.0
-0.0001797698496375233	0.0
0.0	0.0
0.0	0.0
-5.606227568932809e-05	0.0
0.0	0.0
0.0	0.0
0.0	0.0
-1.4875610077069723e-07	0.0
0.0	0.0
0.0	0.0
0.0	0.0
0.0	0.0
0.0	0.0
-0.00012710313603747636	0.0
-0.00018340734823141247	0.0
0.0	0.0
-0.00010496254253666848	0.0
-9.632586443331093e-05	0.0
0.0	0.0
0.0	0.0
0.0	0.0
0.0	0.0
0.0	0.0
0.0	0.0
-0.004945480730384588	0.0
0.0	0.0
0.0	0.0
-0.0012151271803304553	0.0
0.0	0.0
0.0	0.0
0.0	0.0
-0.003828143933787942	0.0
-3.6791802813240793e-06	0.0
0.0	0.0
-9.008410415844992e-06	0.0
-0.0004478503542486578	0.0
-2.484896413079696e-07	0.0
0.0	0.0
-1.2512557077570818e-05	0.0
0.0	0.0
0.0	0.0
0.0	0.0
-3.529152081682696e-06	1.0
-0.0009420122369192541	0.0
0.0	0.0
-6.727340906564905e-12	1.0
0.0	1.0
-0.001349350088275969	0.0
-0.00016847453662194312	1.0
-0.002110186032950878	0.0
0.0	0.0
0.0	0.0
-7.703329902142286e-05	0.0
-1.2534048437373713e-05	0.0
-0.0008619021391496062	0.0
0.0	0.0
0.0	1.0
0.0	0.0
0.0	0.0
0.0	0.0
-4.537357381195761e-05	0.0
0.0	1.0
0.0	0.0
0.0	1.0
0.0	0.0
0.0	1.0
0.0	0.0
0.0	0.0
-0.0008037819061428308	0.0
0.0	0.0
0.0	0.0
0.0	0.0
0.0	0.0
0.0	0.0
-0.0002288904506713152	0.0
-0.0021366483997553587	0.0
0.0	0.0
0.0	0.0
-1.952898492163513e-05	0.0
0.0	0.0
0.0	0.0
-0.0022425127681344748	0.0
0.0	0.0
-3.820855738467799e-07	0.0
-1.0639550055202562e-05	0.0
0.0	0.0
0.0	0.0
0.0	0.0
-0.00011997643014183268	0.0
-0.0026023779064416885	0.0
0.0	0.0
0.0	0.0
-0.0026476674247533083	0.0
0.0	0.0
-0.006802639923989773	0.0
0.0	0.0
-1.0224092648059013e-06	0.0
-0.0007853290881030262	0.0
-9.018882337841205e-06	0.0
0.0	0.0
0.0	0.0
-4.518017522059381e-05	0.0
0.0	0.0
-2.7209040126763284e-05	0.0
0.0	0.0
-0.001041010720655322	0.0
-5.672620062568967e-08	0.0
0.0	0.0
0.0	0.0
-0.00010637579543981701	0.0
0.0	0.0
0.0	0.0
-7.892493840699899e-07	0.0
-0.00019245983276050538	0.0
0.0	0.0
0.0	0.0
0.0	0.0
0.0	0.0
-1.6552430679439567e-05	0.0
0.0	0.0
-0.00014051012112759054	0.0
0.0	0.0
0.0	0.0
-0.001731162890791893	0.0
0.0	0.0
0.0	1.0
0.0	1.0
-1.036286074312942e-11	0.0
0.0	0.0
0.0	0.0
-4.816521936845675e-07	0.0
0.0	0.0
0.0	0.0
0.0	0.0
-0.0013200415996834636	0.0
-3.884240140905604e-05	0.0
0.0	0.0
0.0	0.0
0.0	0.0
0.0	0.0
0.0	0.0
0.0	0.0
-1.748340694440742e-09	0.0
0.0	0.0
0.0	0.0
-1.2829073966713622e-05	0.0
0.0	0.0
0.0	0.0
0.0	0.0
0.0	0.0
0.0	0.0
0.0	0.0
-0.005667781922966242	0.0
0.0	0.0
0.0	0.0
0.0	0.0
0.0	0.0
0.0	0.0
-0.006533951032906771	0.0
0.0	0.0
0.0	0.0
0.0	0.0
0.0	0.0
-2.137807314284146e-05	0.47
0.0	0.0
0.0	0.0
0.0	0.47
-4.4897874307281427e-10	0.0
0.0	0.0
0.0	0.0
0.0	0.0
-4.754795372718945e-05	0.0
0.0	0.0
0.0	0.0
-3.383134128398524e-07	0.0
0.0	0.0
-0.00015011694631539285	0.0
-1.2411739171158676e-11	0.0
0.0	0.0
0.0	0.0
0.0	0.0
0.0	0.0
-1.7156577087007463e-05	0.0
0.0	0.0
0.0	0.0
-4.872838871960994e-06	0.0
0.0	0.0
0.0	0.0
0.0	0.0
0.0	0.0
-0.008799970149993896	0.0
0.0	0.0
0.0	0.0
0.0	0.0
0.0	0.0
0.0	0.0
-1.2867304555186365e-08	0.0
-3.9299588583396883e-10	0.0
0.0	0.0
0.0	0.0
-7.021176973154297e-09	0.0
-4.6732311602681875e-06	0.0
0.0	0.0
-5.867975232831668e-06	0.0
-1.0495677997823805e-05	0.0
0.0	0.0
0.0	0.0
-8.532650213055604e-07	0.0
0.0	0.0
0.0	0.0
-0.0003611693682614714	0.0
0.0	0.0
0.0	0.0
0.0	0.0
-0.009299617260694504	0.0
0.0	0.0
0.0	0.0
-2.5854808427538956e-06	0.0
0.0	0.0
0.0	0.0
0.0	0.0
0.0	0.0
-0.014635930769145489	0.0
-5.539004177990137e-06	0.0
0.0	0.0
0.0	0.0
0.0	0.0
-3.418031155888457e-06	0.0
0.0	0.0
0.0	0.0
-0.00012507921201176941	0.0
-5.652642798281704e-10	0.0
0.0	0.0
0.0	0.0
0.0	0.0
0.0	0.0
-0.0006152066052891314	0.0
-0.00023895312915556133	0.0
0.0	0.0
-6.801138169976184e-06	0.0
-3.3460078157077078e-06	0.0
-1.785718086466659e-05	0.0
-2.5523730073473416e-05	0.0
0.0	0.0
0.0	0.0
-0.042322833091020584	0.0
0.0	0.0
0.0	0.0
0.0	0.0
-2.8554613891174085e-06	0.0
-0.00614085141569376	0.0
0.0	0.0
-0.0010038684122264385	0.0
0.0	0.0
0.0	0.0
0.0	0.0
-0.00032730773091316223	0.0
0.0	0.0
-3.9251776797755156e-06	1.0
0.0	0.0
0.0	0.0
0.0	0.0
-1.1748983524739742e-05	0.0
0.0	0.0
0.0	0.0
0.0	0.0
0.0	0.0
0.0	0.0
0.0	0.0
0.0	0.0
0.0	0.0
-0.0007888874970376492	0.0
0.0	0.0
-0.008266850374639034	0.0
-3.194392047589645e-05	0.0
-6.351192860165611e-05	0.0
0.0	0.0
0.0	0.0
-8.888584852684289e-05	0.0
0.0	0.0
0.0	0.0
-0.00955506693571806	0.0
0.0	0.0
0.0	0.0
0.0	0.0
0.0	0.0
-0.008864947594702244	0.0
0.0	0.0
0.0	0.0
-2.8363836463540792e-05	0.0
0.0	0.0
0.0	0.0
0.0	0.0
0.0	0.0
0.0	0.0
0.0	0.0
-7.335620826054434e-12	0.0
-0.0002105188468704	0.0
0.0	0.0
0.0	0.0
0.0	0.0
-1.4397504855878651e-05	0.0
0.0	0.0
0.0	0.0
-0.0005113388178870082	0.0
0.0	0.0
0.0	0.0
0.0	0.0
-1.2889364597867825e-07	0.0
0.0	0.0
0.0	0.0
-1.2275821973162238e-05	0.0
0.0	0.0
0.0	0.0
0.0	0.0
-0.00865831971168518	0.0
0.0	0.0
0.0	0.0
-0.06489589810371399	0.0
-3.792571442318149e-05	0.0
-0.00042728829430416226	0.0
-3.979389657615684e-05	0.0
0.0	0.0
-3.6350395475892583e-06	0.0
0.0	0.0
0.0	1.0
-1.6459755158848566e-07	0.0
0.0	1.0
0.0	0.0
0.0	0.0
0.0	0.0
0.0	0.0
-2.264485601699562e-06	0.0
-9.7061838459922e-06	0.0
0.0	0.0
-5.250603408057941e-06	0.0
0.0	0.0
0.0	0.0
-1.4120990954324952e-07	0.0
-3.7176991440901475e-07	0.0
0.0	0.0
0.0	0.0
0.0	0.014
0.0	0.0
-5.2831277571385726e-05	0.014
-0.0006261198432184756	0.014
-0.01739512011408806	0.0
-0.0037789936177432537	0.0
-6.12442017882131e-05	1.0
-0.0001595373614691198	0.014
0.0	0.014
0.0	0.014
-3.794271563606344e-09	0.014
0.0	0.014
0.0	0.014
0.0	0.0
0.0	0.0
0.0	0.0
-4.397125394461909e-06	0.0
0.0	0.0
-1.0936704875064152e-08	0.0
-1.2731896276818588e-05	0.0
0.0	0.0
-0.0001376890722895041	0.0
0.0	0.0
0.0	0.0
0.0	0.0
0.0	0.0
0.0	0.0
0.0	0.0
0.0	0.0
0.0	0.0
-1.2834822200602503e-06	0.0
0.0	0.0
-0.0009226241963915527	0.0
0.0	0.0
-0.0011792934965342283	0.0
-8.507186430506408e-05	0.0
0.0	0.0
0.0	0.0
0.0	0.0
0.0	0.0
-9.331211913377047e-05	0.0
0.0	0.0
-0.0005763084045611322	0.0
-0.0016144673572853208	0.0
0.0	0.0
0.0	0.0
0.0	0.0
0.0	0.0
0.0	1.0
0.0	0.0
0.0	1.0
0.0	1.0
-0.0003870567015837878	0.0
0.0	0.0
0.0	1.0
-0.00023660542501602322	0.0
0.0	0.0
-7.779722363920882e-05	0.0
0.0	0.0
0.0	0.0
0.0	0.0
0.0	0.0
-8.770635758992285e-05	0.0
0.0	0.0
-0.00020592396322172135	0.0
-1.6394354623860963e-11	0.0
-0.0008911753538995981	0.0
-0.0045446231961250305	0.0
0.0	0.0
-0.009159509092569351	0.0
-0.0030358186922967434	0.0
0.0	0.0
0.0	0.0
0.0	0.0
0.0	0.0
-0.00033695492311380804	0.0
0.0	0.0
-0.0014729187823832035	0.0
-0.0020418199710547924	0.0
0.0	0.0
-0.00739370146766305	0.0
-0.033392105251550674	0.0
-0.012546252459287643	0.0
0.0	0.0
0.0	0.0
0.0	0.0
-0.001730682677589357	0.0
0.0	0.0
-0.008165623061358929	0.0
0.0	0.0
0.0	0.0
-0.0016368002397939563	0.0
0.0	0.0
0.0	0.0
0.0	0.0
-3.624461896833964e-05	0.0
0.0	0.0
-0.00030546137713827193	0.0
-3.399644629098475e-05	0.0
0.0	0.0
-0.0010167387081310153	0.0
-0.0036174114793539047	0.0
-5.082789547797696e-16	0.0
0.0	0.0
0.0	0.0
