-0.004662312101572752	0.0
-4.174448349658633e-06	0.0
0.0	0.0
0.0	1.0
-1.0845953511307016e-05	0.0
0.0	1.0
0.0	1.0
0.0	0.0
-0.0001768605870893225	1.0
0.0	0.0
0.0	0.0
0.0	0.0
-8.12768212199444e-06	0.0
0.0	0.0
-3.34410259483775e-08	0.0
0.0	0.0
0.0	0.0
-2.1606634703630334e-08	0.0
-0.009867077693343163	0.0
-0.0018085901392623782	0.0
0.0	0.0
-1.8740231553238118e-06	0.0
0.0	0.0
-0.0008307306561619043	0.0
0.0	0.0
-1.0388142754891305e-06	0.0
0.0	0.0
-0.0246222335845232	0.0
-0.004386612679809332	0.0
0.0	0.0
0.0	0.0
-9.27848850551527e-06	0.0
0.0	0.0
0.0	0.0
-0.0004941278602927923	0.0
0.0	0.0
0.0	0.0
0.0	0.0
-0.0014860988594591618	0.0
-4.109813744435087e-06	0.0
-0.003682047827169299	0.0
0.0	0.0
0.0	0.0
-0.0006491550011560321	0.0
-9.833597687247675e-07	0.0
0.0	0.0
0.0	0.0
-1.2197342584840953e-06	0.0
0.0	0.0
0.0	0.0
0.0	0.0
0.0	0.0
0.0	0.0
0.0	0.0
0.0	0.0
-3.6296937677704477e-10	0.0
-5.1321052296771086e-08	0.0
0.0	0.0
-0.002927253255620599	0.0
0.0	0.0
0.0	0.0
0.0	0.0
0.0	0.0
0.0	0.0
-2.0301657924215455e-11	0.0
0.0	0.0
0.0	0.0
0.0	0.0
-0.0058706412091851234	0.0
0.0	0.0
0.0	1.0
-6.538148511481268e-08	1.0
0.0	0.0
0.0	0.0
0.0	1.0
0.0	0.0
0.0	0.0
0.0	0.0
0.0	0.0
0.0	0.0
-1.6223244529101066e-05	0.0
0.0	0.0
0.0	0.0
0.0	0.0
-1.1076419070832344e-07	0.0
0.0	0.0
-0.00014610859216190875	0.0
-0.004123313818126917	0.0
-6.20420173569336e-11	0.0
0.0	0.0
0.0	0.0
-1.0512701010156889e-05	0.0
0.0	0.0
0.0	0.0
0.0	0.0
-0.002771312603726983	0.0
0.0	0.0
0.0	0.0
0.0	0.0
-0.00043831527000293136	0.0
0.0	0.0
0.0	0.0
0.0	0.0
-2.130384473275626e-07	0.0
0.0	0.0
0.0	0.0
0.0	0.0
0.0	0.0
-1.950433154576548e-18	0.0
0.0	0.0
-3.657291745184921e-05	0.0
0.0	0.0
0.0	0.0
-7.587334039271809e-06	1.0
-2.4657148856022104e-07	1.0
0.0	0.0
0.0	0.0
-9.9318684078753e-05	0.0
0.0	0.0
0.0	0.0
0.0	0.0
0.0	0.0
-0.00017690872482489794	0.0
0.0	0.0
-0.0007047454710118473	0.0
0.0	0.0
-9.984123039430415e-08	0.0
0.0	0.0
0.0	0.0
-0.00018463160085957497	0.0
0.0	0.0
0.0	0.0
0.0	0.0
0.0	0.0
0.0	0.0
-6.564828072441742e-05	0.0
0.0	0.0
0.0	0.0
0.0	0.0
0.0	0.0
0.0	0.0
0.0	0.0
0.0	0.0
0.0	0.0
0.0	0.0
0.0	0.0
-0.007341630291193724	0.0
0.0	0.0
0.0	0.0
0.0	0.0
0.0	0.0
0.0	0.0
-6.970478174323565e-16	0.0
-0.0029584900476038456	0.0
0.0	0.0
-2.3317266823141836e-05	0.0
0.0	0.0
0.0	0.0
0.0	0.0
0.0	0.0
0.0	0.0
-0.004867264535278082	0.0
-0.002764652715995908	0.0
0.0	0.0
0.0	0.0
-0.0025915836449712515	0.0
0.0	0.0
0.0	0.0
0.0	0.0
0.0	0.0
0.0	0.0
0.0	0.0
-0.00130756595171988	0.0
-0.00021318678045645356	0.0
-0.00030736569897271693	0.0
0.0	0.0
-7.670360355405137e-05	0.0
-0.0019116934854537249	0.0
0.0	0.0
0.0	0.0
0.0	0.0
-0.0010161035461351275	0.0
0.0	0.0
0.0	0.0
0.0	0.0
0.0	0.0
0.0	0.0
0.0	0.0
-0.0009373226203024387	0.0
-3.7075619729876053e-06	0.0
0.0	0.0
0.0	0.0
0.0	0.0
-0.009886739775538445	0.0
-2.0602686223725186e-10	0.0
-7.070962601574138e-05	0.0
0.0	0.0
-1.3580098311649635e-05	0.0
0.0	0.0
0.0	0.0
0.0	0.0
0.0	0.0
0.0	0.0
0.0	0.0
-2.9759186226385737e-09	0.0
-5.7907811424229294e-05	0.0
0.0	0.0
0.0	0.0
-0.0009653775487095118	0.0
0.0	0.0
0.0	0.0
-1.0883880737855636e-13	0.0
0.0	0.0
0.0	0.0
-0.00016145588597282767	0.0
-0.014535226859152317	0.0
0.0	0.0
-0.00035563120036385953	0.0
0.0	0.0
0.0	0.0
0.0	0.0
0.0	0.0
0.0	0.0
-5.485980727826245e-05	0.0
-0.00015462201554328203	0.0
-1.1963576980633661e-05	0.0
0.0	0.0
0.0	0.0
0.0	0.0
-0.006256268359720707	0.0
0.0	0.0
-4.2234694908049875e-11	0.0
-9.762415720615536e-05	0.0
-0.0036211072001606226	0.0
0.0	0.0
-0.0023920272942632437	0.0
-0.01719275861978531	0.0
-0.0001126619172282517	0.0
0.0	0.0
0.0	0.0
-0.001172162825241685	0.0
-4.344234912423417e-05	0.0
-0.001051089377142489	0.0
0.0	0.0
-0.0019994168542325497	0.0
-0.014442001469433308	0.0
-0.0003016437985934317	0.0
0.0	0.0
0.0	0.0
-9.3383394414559e-05	0.0
-0.0018532000249251723	0.0
-1.298150255024666e-05	0.0
-4.792329127667472e-05	0.0
0.0	0.0
-7.528755668317899e-05	0.0
0.0	0.0
-5.4784024541731924e-05	0.0
0.0	0.0
0.0	0.0
0.0	0.0
-0.00030643909121863544	0.0
0.0	0.0
0.0	0.0
-0.0028553069569170475	0.0
-3.00298279398703e-06	0.0
-0.00015599145262967795	0.0
-0.00012868654448539019	0.0
0.0	0.0
0.0	0.0
0.0	0.0
-2.8662961426562106e-07	0.0
0.0	0.0
0.0	0.0
0.0	0.0
0.0	0.0
0.0	0.0
0.0	0.0
0.0	0.0
-0.00043464958434924483	0.0
-0.002351565985009074	0.0
0.0	0.0
0.0	0.0
0.0	0.0
-0.0009479343425482512	0.0
0.0	0.0
-2.1957350782031426e-06	0.0
0.0	0.0
0.0	0.0
-0.05343654751777649	0.0
0.0	0.0
0.0	0.0
0.0	0.0
-0.0011298812460154295	0.0
0.0	0.0
-0.0017256645951420069	0.0
0.0	0.0
0.0	0.0
0.0	0.0
-5.013962072553113e-05	0.0
0.0	0.0
0.0	0.0
0.0	0.0
0.0	0.0
-1.98722887034819e-08	0.0
-0.0054135448299348354	0.0
-0.000147082784678787	0.0
-0.0015509513905271888	0.0
-4.27273589593824e-05	0.0
0.0	0.0
0.0	0.0
-0.0007691286155022681	0.0
0.0	0.0
-0.00040560972411185503	0.0
0.0	0.0
-1.3231186812845408e-07	0.0
-6.242211014750865e-08	0.0
0.0	0.0
-2.7356495541086545e-11	0.0
0.0	0.0
0.0	0.0
-7.868008106015623e-05	0.0
0.0	0.0
0.0	0.0
0.0	0.0
-0.00047326405183412135	0.0
0.0	0.0
0.0	0.0
-0.00012811797205358744	0.0
-0.0023300822358578444	0.0
0.0	0.0
0.0	0.0
0.0	0.0
-0.0027864202857017517	0.0
-0.0006816628738306463	0.0
-0.00010988370195263997	0.0
0.0	0.0
-2.4934076918725623e-06	0.0
0.0	0.0
-8.257144145318307e-06	0.0
0.0	0.0
0.0	0.0
0.0	0.0
-0.0006331970798783004	0.0
0.0	0.0
-0.00036983980680815876	0.0
-1.2994061382443078e-09	0.0
0.0	0.0
0.0	0.0
0.0	0.0
0.0	0.0
0.0	0.0
0.0	0.0
-0.001449946197681129	0.0
0.0	0.0
-5.8419340348336846e-05	0.0
0.0	0.0
0.0	0.0
0.0	0.0
0.0	0.0
-4.359965259936871e-06	0.0
-6.940063107530037e-11	0.0
0.0	0.0
0.0	0.0
-0.0026203773450106382	0.0
-0.004724742379039526	0.0
-0.027430830523371696	0.0
-0.0023328440729528666	0.0
0.0	0.0
0.0	0.0
0.0	1.0
0.0	1.0
0.0	0.0
0.0	0.0
0.0	0.0
0.0	1.0
-0.007435208186507225	0.0
0.0	0.0
0.0	0.0
0.0	1.0
0.0	0.0
-0.000983233330771327	0.0
-3.491117811504907e-11	0.0
-3.6545340975635554e-08	1.0
-6.0714744904544204e-05	0.0
0.0	0.0
-3.085936237448572e-12	0.0
-0.003178633749485016	0.0
0.0	0.0
0.0	1.0
0.0	0.0
0.0	0.0
0.0	0.0
0.0	0.0
0.0	1.0
-8.340027193298738e-07	0.0
0.0	0.0
0.0	0.0
0.0	0.0
-1.9837285591961518e-08	0.0
-0.0017004511319100857	0.0
-2.9510007152566686e-05	0.0
-3.9779504731995985e-05	0.0
-0.0012866264441981912	0.0
-0.0004365508502814919	0.0
-1.7829353282650118e-06	0.0
-0.009544079191982746	0.0
-9.467655548434095e-10	0.0
0.0	0.0
-6.50768997729756e-05	0.0
-1.8842180793399166e-07	0.0
-0.0001519687648396939	1.0
-1.063278796209488e-05	0.0
-0.00023059033264871687	0.0
-0.0004555670893751085	1.0
0.0	0.0
0.0	1.0
-5.446710815704137e-07	1.0
0.0	0.0
-0.0003398557018954307	0.0
0.0	0.0
-0.001269346452318132	0.0
0.0	1.0
0.0	0.0
0.0	0.0
0.0	0.0
-5.985805910313502e-05	0.0
0.0	0.0
0.0	0.0
-0.003755291923880577	0.0
-0.00017313774151261896	0.0
0.0	0.0
0.0	0.0
0.0	0.0
-1.6991903066809755e-06	0.0
0.0	0.0
0.0	0.0
-0.0005193806136958301	0.0
-0.0004478624614421278	0.0
0.0	0.0
-0.00015776757209096104	0.0
0.0	0.0
0.0	0.0
-1.6362700989702716e-05	0.0
-0.00771299609914422	0.0
0.0	0.0
0.0	0.0
0.0	0.0
0.0	0.0
0.0	0.0
0.0	0.0
0.0	0.0
0.0	0.0
0.0	0.0
-0.0006585358642041683	0.0
-9.966193829313852e-06	0.0
-8.593288407243715e-12	0.0
0.0	0.0
0.0	0.0
0.0	0.0
0.0	0.0
-6.638534250669181e-05	0.0
0.0	0.0
0.0	0.0
0.0	0.0
-0.00455837044864893	0.0
-0.06945326924324036	0.0
0.0	0.0
-3.802625997195719e-06	0.0
0.0	0.0
0.0	0.0
-7.161977322311941e-08	0.0
0.0	0.0
-0.0003990982659161091	0.0
0.0	0.0
-5.445863315856059e-09	0.0
0.0	0.0
-2.3588717645850465e-09	0.0
-2.073889845632948e-05	0.0
0.0	0.0
-0.002656871685758233	0.0
-8.049936273124558e-10	0.0
-0.000767709978390485	0.0
-0.00021524232579395175	0.0
0.0	0.0
-1.1235719057367533e-06	0.0
0.0	0.0
-0.00971731822937727	0.0
0.0	0.0
0.0	0.0
0.0	0.0
0.0	0.0
0.0	0.0
-0.000208715777262114	0.0
0.0	0.0
0.0	0.0
-0.00032047636341303587	0.0
0.0	0.0
0.0	0.0
-0.004105653613805771	0.0
-1.0773881513159722e-05	0.0
0.0	0.0
0.0	0.0
0.0	0.0
0.0	0.0
-0.013129479251801968	0.0
-1.385104487702793e-12	0.0
0.0	0.0
0.0	0.0
0.0	0.0
-3.1100276487450174e-07	0.0
0.0	0.0
0.0	0.0
0.0	0.0
-9.09981565655471e-08	0.0
0.0	0.0
0.0	0.0
-8.039986278163269e-05	0.0
0.0	0.0
0.0	0.0
-5.975856538498192e-07	0.0
0.0	0.0
-6.114301842607972e-10	0.0
0.0	0.0
-0.006331071723252535	0.0
-4.211692794342525e-05	0.0
0.0	0.0
-0.0006834788364358246	0.0
0.0	0.0
-2.7463913284009323e-05	0.0
-0.00023985153529793024	0.0
0.0	0.0
-8.085036711236171e-07	0.0
-0.001340391580015421	0.0
0.0	0.0
-0.0030173473060131073	0.0
0.0	0.0
-0.0002874910715036094	0.0
0.0	0.0
0.0	0.0
0.0	0.0
0.0	0.0
-0.0005673429695889354	0.0
-4.0280563553096727e-05	0.0
0.0	1.0
0.0	1.0
-2.213071275036782e-05	0.0
0.0	0.0
-1.1880207239300944e-05	0.0
0.0	0.0
0.0	0.0
-2.9415784297270875e-07	0.0
0.0	0.0
0.0	0.0
-3.882095370499883e-06	0.0
0.0	0.0
0.0	0.0
0.0	0.0
-0.0021855998784303665	0.0
-0.0004706461913883686	0.0
0.0	0.0
-0.0012700360966846347	0.0
0.0	0.0
0.0	0.0
0.0	0.0
0.0	0.0
0.0	0.0
-0.01064059603959322	0.0
-0.0037495598662644625	0.0
0.0	0.0
-0.00797460786998272	0.0
0.0	1.0
-0.00014578619448002428	0.0
0.0	0.0
0.0	0.0
0.0	0.0
0.0	0.0
-3.304420348460013e-10	0.0
0.0	0.0
-0.00094152259407565	0.0
0.0	0.0
0.0	0.0
0.0	0.0
0.0	0.0
0.0	0.0
-0.0029083953704684973	0.0
0.0	0.0
0.0	0.0
0.0	0.0
0.0	0.0
0.0	0.0
0.0	0.0
0.0	0.0
-0.000980163342319429	0.0
0.0	0.0
-4.464724042918533e-06	0.0
-1.828077955678964e-08	0.0
-1.9504918569168694e-08	0.0
-1.1785618703186174e-08	0.0
-0.0007486583781428635	0.0
0.0	0.0
0.0	0.0
0.0	1.0
0.0	0.0
-3.431285449551069e-06	0.0
0.0	0.0
0.0	0.0
-0.022252120077610016	0.0
0.0	0.0
0.0	0.0
-0.002105127554386854	0.0
0.0	0.0
0.0	0.0
-0.00016215235518757254	0.0
0.0	0.0
0.0	0.0
0.0	0.0
0.0	0.0
0.0	0.0
0.0	0.0
-1.7665013729128987e-05	0.0
0.0	0.0
0.0	0.0
0.0	0.0
0.0	0.0
0.0	0.0
-0.0014184403698891401	0.0
0.0	0.0
-0.00469359802082181	0.0
-0.0011844105320051312	0.0
-0.008314517326653004	0.0
0.0	0.0
0.0	0.0
-0.0006467174971476197	0.0
0.0	0.0
0.0	0.0
-2.8242541247891495e-06	0.0
0.0	0.0
0.0	0.0
0.0	0.0
-0.0008018945809453726	0.0
0.0	0.0
0.0	0.0
-0.004763700067996979	0.0
-0.0025943841319531202	0.0
-0.018772579729557037	0.0
-6.259954360432474e-11	0.0
0.0	0.0
-2.1506595658138394e-05	0.0
-0.0007900028140284121	0.0
-5.155211110427493e-13	0.0
0.0	0.0
0.0	0.0
-0.011493879370391369	0.0
0.0	0.0
0.0	0.0
0.0	0.0
0.0	0.0
0.0	0.0
0.0	0.0
-0.005100156646221876	0.0
0.0	0.0
0.0	0.0
0.0	0.0
0.0	0.0
0.0	0.0
0.0	0.0
0.0	0.0
0.0	0.0
0.0	0.0
-1.5188544866262532e-13	0.0
-0.00017958971147891134	0.0
0.0	0.0
-6.019745342200622e-06	0.0
0.0	0.0
0.0	0.0
-6.693836621707305e-05	0.0
-0.0010091537842527032	0.0
-0.0018501823069527745	0.0
-8.73029712238349e-05	0.0
0.0	0.037
0.0	0.037
-1.535839366795244e-08	0.0
-0.00019503261137288064	0.037
-9.695447434265522e-14	0.0
0.0	0.0
0.0	0.0
0.0	0.0
0.0	0.0
-0.00020499146194197237	0.0
-0.012559423223137856	0.0
0.0	0.001
0.0	0.0
0.0	0.0
0.0	0.0
-0.00038690149085596204	0.0
-0.1393774151802063	0.0
-0.0053355079144239426	0.0
-0.0003226013795938343	0.0
-0.0018535386770963669	0.0
0.0	0.0
-2.5756266950338613e-06	0.0
0.0	0.0
-5.470383621286601e-05	0.0
-0.0032277600839734077	0.0
0.0	0.0
0.0	0.0
-0.002929766196757555	0.0
0.0	0.0
0.0	0.0
-1.2662084145631525e-06	0.0
-0.0006019733846187592	0.0
-0.0001970183220691979	0.0
-2.742795231824857e-06	0.0
0.0	0.0
0.0	0.0
0.0	0.0
0.0	0.0
0.0	0.0
-0.0004095795447938144	0.0
0.0	1.0
-0.00042192876571789384	0.0
-0.009594202041625977	0.0
-8.085771128207853e-07	0.0
0.0	0.0
0.0	0.0
-0.00010279384878231212	0.0
0.0	1.0
-0.00036660098703578115	1.0
-4.096463817404583e-05	0.0
-1.8586277974463883e-06	1.0
0.0	1.0
-1.8560198933315064e-09	0.0
0.0	0.0
0.0	0.0
0.0	0.0
0.0	0.0
0.0	0.0
-4.082215309608728e-05	0.0
0.0	0.0
-1.6753193277097012e-10	0.0
0.0	0.0
0.0	0.0
0.0	0.0
-4.234406603131902e-09	0.0
0.0	0.0
0.0	0.0
-5.687076554750092e-05	0.0
0.0	0.0
0.0	0.0
-2.3289031814144323e-10	0.0
0.0	0.0
0.0	0.0
-0.00011980415729340166	0.0
-0.0002156678820028901	0.0
0.0	0.0
-0.00025515828747302294	0.0
0.0	0.0
-1.5433068256243132e-05	0.0
0.0	0.0
-2.7219859930482926e-06	0.0
-4.187000740785152e-06	0.0
-0.004034002777189016	0.0
0.0	0.0
-0.0034119009505957365	0.0
0.0	0.0
0.0	0.0
-0.005205183755606413	0.0
0.0	0.0
0.0	1.0
0.0	0.0
0.0	0.0
0.0	0.0
0.0	0.0
-0.00034776877146214247	0.0
0.0	0.0
0.0	1.0
-0.000392663263482973	1.0
-0.0009307290893048048	1.0
0.0	0.0
0.0	1.0
0.0	0.0
0.0	0.0
-0.004555151332169771	0.0
0.0	0.0
0.0	0.0
-0.00020416737243067473	0.0
0.0	0.0
0.0	0.0
-0.00010413541167508811	0.0
-1.1490441465866752e-05	0.0
0.0	0.0
0.0	0.0
0.0	0.0
0.0	0.0
-0.00024061255680862814	0.0
0.0	0.0
-1.0300705427512824e-10	0.0
0.0	1.0
0.0	1.0
0.0	0.0
-0.00043124312651343644	0.0
0.0	0.0
0.0	0.0
0.0	0.0
-0.0022216681391000748	0.0
-0.0001235977397300303	0.0
0.0	0.0
0.0	0.0
0.0	0.0
-0.0021622481290251017	0.0
0.0	0.0
-0.00035645836032927036	0.0
-2.4007049432839267e-06	0.0
0.0	0.0
-0.0003522421757224947	0.0
-9.463736932957545e-05	0.0
0.0	0.0
0.0	0.0
0.0	0.0
0.0	0.0
0.0	0.0
-0.00017941705300472677	0.0
-0.008142650127410889	0.0
0.0	0.0
0.0	0.0
0.0	1.0
0.0	0.0
-0.002419066848233342	0.0
-0.0003833342343568802	0.0
0.0	0.0
-5.366985988075612e-06	0.0
0.0	0.0
0.0	0.0
0.0	0.0
-0.0009036471601575613	0.0
0.0	0.0
0.0	0.0
-0.005929149221628904	0.0
-0.0009795132791623473	0.0
0.0	0.0
0.0	0.0
0.0	0.0
0.0	0.0
0.0	1.0
0.0	0.0
-6.854920502519235e-05	1.0
-0.018171276897192	0.0
-1.977901774807833e-05	0.0
0.0	0.0
0.0	0.0
-8.277667075162753e-05	0.0
0.0	0.0
0.0	0.0
-0.0019427076913416386	0.0
0.0	0.0
0.0	0.0
-0.00039577309507876635	0.0
-0.00040195626206696033	0.0
-7.14590768779999e-08	0.0
0.0	0.0
-1.3248502909846138e-05	0.0
-1.053342111845268e-05	0.0
0.0	0.0
0.0	0.0
0.0	0.0
0.0	0.0
-3.445179800110054e-06	0.0
-1.4901404938427731e-05	0.0
-5.1259710744488984e-05	0.0
0.0	0.0
0.0	0.0
-7.744419550093085e-10	0.0
0.0	0.0
-0.0012708116555586457	0.0
0.0	0.0
0.0	0.0
0.0	0.0
0.0	0.0
0.0	0.0
0.0	0.0
-0.00021237840701360255	0.0
0.0	0.0
-3.567036856111372e-06	0.0
-0.000527906755451113	0.0
0.0	0.0
0.0	0.0
0.0	0.0
-2.6736593099485617e-06	0.0
-0.00017784418014343828	0.0
0.0	0.0
-2.5741728677530773e-05	0.0
0.0	0.0
0.0	0.0
-6.831416976638138e-05	0.0
-0.0015732424799352884	0.0
0.0	0.0
-1.9275817976449616e-05	0.0
0.0	0.0
0.0	0.0
-0.0013665553415194154	0.0
0.0	0.0
0.0	0.0
-0.001067643752321601	0.0
0.0	0.0
-0.0007094731554389	0.0
0.0	0.0
0.0	0.0
0.0	0.0
0.0	0.0
0.0	0.0
-9.908441844785898e-10	0.0
0.0	0.0
-2.5200400100011677e-10	0.0
0.0	0.0
-0.0007451726705767214	0.0
-1.0458444194227923e-05	0.0
0.0	0.0
0.0	0.0
0.0	0.0
0.0	0.0
-2.8856754852313315e-06	0.0
0.0	0.0
0.0	0.0
0.0	0.0
-2.5863871996989474e-05	0.0
0.0	0.0
0.0	0.0
0.0	0.0
-0.0019970545545220375	0.0
0.0	0.0
0.0	0.0
0.0	0.0
0.0	0.0
0.0	0.0
-3.918489528587088e-05	0.0
-9.20130405575037e-05	0.0
0.0	0.0
0.0	0.0
0.0	0.0
0.0	0.0
-0.0023181166034191847	0.0
0.0	0.0
0.0	0.0
0.0	0.0
0.0	0.0
-4.928348094207502e-12	0.0
-0.0034423787146806717	0.0
-1.4267784002874873e-12	0.0
-2.7865853553521447e-05	0.065
0.0	0.065
-5.760490466855117e-07	0.065
0.0	0.065
0.0	0.065
-0.008587823249399662	0.0
0.0	0.0
0.0	0.065
0.0	0.065
-0.0004613861965481192	0.065
0.0	0.0
0.0	0.065
0.0	0.0
0.0	0.0
0.0	0.0
-4.2713369907687593e-07	0.0
-0.0005433306796476245	0.0
0.0	0.0
0.0	0.0
-0.0002105187450069934	0.0
0.0	0.0
0.0	0.0
0.0	0.0
0.0	0.0
0.0	0.0
-2.239354118804826e-10	0.0
0.0	0.0
0.0	0.0
-0.0012768449960276484	0.0
0.0	1.0
-5.68704701386924e-11	1.0
0.0	0.0
0.0	0.0
-4.6779937292740215e-06	0.0
-0.028235387057065964	0.0
-0.0002560661523602903	0.0
-1.143673541558355e-14	1.0
-0.0010269122431054711	0.0
0.0	0.0
-0.0011996668763458729	0.0
-0.000205184260266833	0.0
-0.0006806072196923196	0.0
0.0	0.0
0.0	0.0
-0.0015176382148638368	0.0
-1.920955172707295e-09	0.0
0.0	0.0
-9.760080113899172e-13	0.151
-7.121089583961293e-05	0.0
0.0	0.0
0.0	0.0
0.0	0.0
0.0	0.0
0.0	0.0
-0.003897642018273473	0.0
-0.010568969883024693	0.0
0.0	0.0
0.0	0.0
-6.961655162740499e-05	0.0
0.0	0.0
0.0	0.0
-3.9090323866730614e-07	0.0
-0.0001210468981298618	0.0
-2.053834359527773e-11	0.0
0.0	0.0
0.0	0.0
-7.325431852223119e-07	0.0
-2.5342153264773515e-08	0.0
0.0	0.0
-0.0018438638653606176	0.0
0.0	0.0
0.0	0.0
0.0	0.0
-0.004803911317139864	0.0
0.0	0.0
-0.006288721226155758	0.0
0.0	0.0
-0.028619293123483658	0.0
-0.02146976627409458	0.0
-2.364286956435535e-06	0.0
-0.0010457634925842285	0.0
-0.0013829885283485055	0.0
0.0	0.0
0.0	0.0
0.0	0.0
-0.0005643385811708868	0.0
