0.0	0.0
-4.682424332713708e-05	0.0
-1.3792803201795323e-06	0.0
0.0	0.0
-0.001766810193657875	0.0
0.0	0.0
-2.6674523700975783e-10	0.0
0.0	0.0
0.0	0.0
0.0	0.0
-0.0001583141420269385	0.0
-6.639737080149644e-07	0.0
-0.001034952001646161	0.0
0.0	0.0
-0.0022276488598436117	0.0
0.0	0.0
0.0	0.0
0.0	0.0
-0.0003516124561429024	0.0
0.0	0.0
-0.000315494486130774	0.0
-0.007577306125313044	0.0
-0.0008695802534930408	0.0
-0.0041446322575211525	0.0
-0.003256929572671652	0.0
-0.0017602676525712013	0.0
0.0	0.0
-0.0016852165572345257	0.0
0.0	0.0
-0.010570259764790535	0.0
0.0	0.0
-1.4836241462035105e-05	0.0
0.0	0.0
0.0	0.0
-2.817966304746733e-09	0.0
0.0	0.0
0.0	0.0
0.0	0.0
0.0	0.0
-0.0007482355576939881	0.0
0.0	0.0
-0.0005618931609205902	0.0
0.0	0.0
-0.0010406564688310027	0.0
0.0	0.0
0.0	0.0
0.0	0.0
0.0	0.0
-4.065233952132985e-06	0.0
0.0	1.0
0.0	0.0
0.0	0.0
0.0	0.0
0.0	0.0
-0.015428775921463966	0.0
-5.539420453715138e-05	0.0
0.0	0.0
0.0	0.0
0.0	0.0
-1.7006181224132888e-05	0.0
-9.77163654169999e-06	0.0
0.0	0.0
-6.572732900167466e-07	0.0
0.0	0.0
-7.801662286510691e-05	0.0
0.0	0.0
-1.2664406767726177e-07	0.0
-2.6941772375721484e-05	0.0
0.0	0.0
0.0	0.002
-1.6112818457258982e-07	0.002
-1.1171398028864132e-08	0.0
0.0	0.0
-0.005433063954114914	0.0
0.0	0.0
0.0	0.0
0.0	0.0
-2.174538531107828e-05	0.0
-0.0014268357772380114	0.0
0.0	0.0
0.0	0.0
-3.2439606911793817e-06	0.0
0.0	0.0
-0.0005296008312143385	0.0
-0.004255596082657576	0.0
0.0	0.0
0.0	0.0
-9.58645955506654e-07	0.0
-0.00045869307359680533	0.0
-1.5151438219618285e-06	0.0
-3.261923211539397e-07	0.0
-2.7850799000361803e-08	0.0
0.0	0.0
-0.00017578758706804365	0.0
0.0	0.0
-2.8622656827792525e-05	0.0
0.0	0.0
-0.016093002632260323	0.0
-3.284130116298911e-06	0.0
-9.309896086051594e-06	0.0
-0.00788499042391777	0.0
0.0	0.0
0.0	0.0
0.0	0.0
0.0	0.0
0.0	0.0
-0.015063902363181114	0.0
-1.1442166680808441e-07	0.0
0.0	1.0
0.0	1.0
-0.0026499833911657333	0.0
-0.00019380263984203339	1.0
0.0	1.0
0.0	0.0
0.0	0.0
0.0	0.0
0.0	1.0
-0.0003785167064052075	0.0
0.0	1.0
-0.004904499277472496	0.0
-1.7921229300554842e-06	0.0
0.0	1.0
-4.4817113575845724e-08	0.0
0.0	0.0
-1.893840089906007e-05	0.0
0.0	0.0
0.0	0.0
0.0	0.0
0.0	0.0
0.0	0.0
0.0	0.0
0.0	0.0
-0.000797856249846518	0.0
-6.939693264484958e-08	0.0
0.0	0.0
-0.00017949641915038228	0.0
0.0	0.0
0.0	0.0
-0.003704554634168744	0.0
-0.00835033692419529	0.0
0.0	1.0
0.0	1.0
-0.00010211350308964029	0.0
-5.368856363929808e-07	0.0
0.0	0.0
0.0	0.0
0.0	0.0
-4.006542209111785e-09	0.0
0.0	0.0
0.0	0.0
-4.4021561507179285e-07	0.0
-0.0006167395622469485	0.0
0.0	0.0
0.0	0.0
0.0	0.0
-8.696119039086625e-06	0.0
0.0	0.0
0.0	0.0
-2.0056526409462094e-05	1.0
0.0	0.0
0.0	0.0
0.0	0.0
-0.00047547786380164325	0.0
0.0	0.0
-0.00038714311085641384	0.0
0.0	0.0
-8.02430921709174e-09	0.0
0.0	0.0
0.0	0.0
0.0	0.0
0.0	0.0
0.0	0.0
0.0	0.0
-0.001629981561563909	0.0
-4.9232188757741824e-05	0.0
0.0	0.0
-6.929108167241793e-06	0.0
0.0	0.0
-0.0017251312965527177	0.0
-3.2066611311165616e-05	0.0
-0.00029730325331911445	0.0
0.0	0.0
0.0	0.0
0.0	0.0
0.0	0.0
0.0	0.0
0.0	0.0
0.0	0.0
-0.0028257714584469795	0.0
0.0	0.0
-2.5829962396528572e-05	0.0
-0.0018453323282301426	0.0
0.0	0.0
0.0	0.0
0.0	0.0
-0.0013328579952940345	0.0
-4.3222360545769334e-05	0.0
0.0	0.0
-3.2447749348518684e-11	0.0
0.0	0.0
0.0	0.0
0.0	0.0
0.0	0.0
-0.013407179154455662	0.0
0.0	0.0
0.0	0.0
-0.0015503723407164216	0.0
-0.0005272243288345635	0.0
-0.00016725208843126893	0.0
0.0	0.0
0.0	0.0
0.0	0.0
0.0	0.0
0.0	0.0
-6.350731564452872e-05	0.0
-0.00018113237456418574	0.0
-3.01329521334992e-07	0.0
-1.9820079605326058e-11	0.0
-0.0007895236485637724	0.0
0.0	0.0
-2.3101114265955403e-07	0.0
0.0	0.0
-0.007195189129561186	0.0
0.0	0.0
0.0	0.0
0.0	0.0
0.0	0.0
-0.00037805206375196576	0.0
0.0	0.0
-3.3261189855693374e-06	0.0
-2.5204167286574375e-07	0.0
-3.8100697565823793e-05	0.0
0.0	0.0
0.0	0.0
-7.355618436122313e-05	0.0
0.0	0.0
0.0	0.0
0.0	0.0
0.0	0.0
0.0	0.0
-1.6674937796778977e-05	0.0
0.0	0.0
0.0	0.0
-0.0001247942418558523	0.0
0.0	0.0
-2.538271701268968e-06	0.0
-0.00028653783374466	0.0
0.0	0.0
0.0	0.0
0.0	0.0
-3.0708633858012035e-05	0.0
-0.017398664727807045	0.0
-7.847590313758701e-05	0.0
0.0	0.0
0.0	0.0
0.0	0.0
-3.3979053114308044e-05	0.0
0.0	0.029
0.0	0.0
0.0	0.0
-1.6264391888398677e-05	0.029
0.0	0.0
-5.475117177411448e-07	0.0
0.0	0.0
-0.002923957770690322	0.0
-5.701643885913654e-07	0.0
0.0	0.0
0.0	0.0
0.0	0.0
0.0	0.0
0.0	0.0
-2.789971767924726e-05	0.0
0.0	0.0
-0.001365514937788248	0.0
0.0	0.0
0.0	0.0
-0.00011791172437369823	0.0
0.0	0.0
0.0	0.0
0.0	0.0
0.0	0.0
-0.002501067938283086	0.0
0.0	0.0
0.0	0.0
-0.010000243782997131	0.0
0.0	0.0
0.0	0.0
-0.0006144712097011507	0.0
0.0	0.0
0.0	0.0
-0.0018589795799925923	0.0
0.0	0.0
-0.011884712614119053	0.0
0.0	0.0
-8.858702926772821e-07	0.0
-0.0003545342478901148	0.0
0.0	0.0
-0.0016678887186571956	0.0
0.0	0.0
-0.0001474200835218653	0.0
0.0	1.0
0.0	0.0
0.0	0.0
0.0	0.0
-0.0006927262293174863	0.0
-0.0016379941953346133	0.0
0.0	0.0
0.0	0.0
0.0	0.0
-0.003231084207072854	0.0
-0.0024093715474009514	0.0
-2.601783788414025e-10	0.0
0.0	0.0
0.0	0.0
0.0	0.0
0.0	0.0
-5.294085895002354e-06	0.0
-8.229724699049257e-06	0.0
0.0	0.0
0.0	0.0
0.0	0.0
-3.4228955314574705e-07	0.0
0.0	0.0
-4.245220679877093e-06	0.0
0.0	0.0
-0.0020141827408224344	0.0
-0.00010522121010581031	0.0
0.0	1.0
0.0	0.0
0.0	0.0
0.0	0.04
0.0	0.0
-0.0024848454631865025	0.04
0.0	0.04
-0.004721635486930609	0.0
0.0	0.0
-8.501133379468229e-07	0.0
-2.6716966203821357e-06	0.0
0.0	0.04
-9.346530305265333e-08	0.0
0.0	0.0
0.0	0.0
-0.0004895991296507418	0.0
0.0	0.0
-1.006043930829037e-05	0.0
-0.00016576786583755165	0.0
-0.004613621160387993	0.0
0.0	0.0
-3.773945132096168e-12	0.0
0.0	0.0
0.0	0.0
0.0	0.0
0.0	0.0
0.0	0.0
0.0	0.0
0.0	0.0
0.0	0.0
0.0	0.0
-0.004601243883371353	0.0
-8.380198778468184e-06	0.0
0.0	0.0
-0.0018760189414024353	0.0
-3.6895889934385195e-05	0.0
0.0	0.0
0.0	0.0
-0.00038319005398079753	0.0
-4.097094290500536e-07	0.0
0.0	0.0
0.0	0.0
-3.874853504726161e-08	0.0
-1.3871199371351395e-06	0.0
0.0	0.0
0.0	0.0
0.0	0.0
0.0	0.0
-0.0016057270113378763	0.0
-0.0001065849864971824	0.0
0.0	0.0
0.0	0.015
-2.6177909666358357e-12	0.015
0.0	0.015
-2.4624325305921957e-05	0.0
0.0	0.0
0.0	0.0
-0.0005581452860496938	0.0
-2.6304607558813586e-07	0.0
0.0	0.0
0.0	0.0
0.0	0.0
-6.394454032943031e-08	0.0
0.0	0.0
0.0	0.0
0.0	0.0
-5.318164039636031e-05	0.0
-1.3886410670238547e-06	0.0
-0.00031529832631349564	0.0
-8.28201862645983e-09	0.0
0.0	0.0
0.0	0.0
-3.352692874614149e-05	0.0
0.0	0.0
-9.546415822114795e-05	0.0
0.0	0.0
0.0	0.0
-0.007937567308545113	0.0
0.0	0.0
-0.010304146446287632	0.0
0.0	0.0
-0.00010928989649983123	0.0
0.0	1.0
-1.1305571206321474e-05	0.0
0.0	0.0
0.0	0.0
-2.083862455037888e-06	0.0
-0.0008144531748257577	0.0
-1.4106424259807682e-06	0.0
0.0	0.0
-0.011065196245908737	0.0
0.0	0.0
-0.00039251879206858575	0.0
-0.0003088069206569344	0.0
0.0	0.0
-0.0034579886123538017	0.0
0.0	0.0
0.0	0.0
0.0	0.0
0.0	0.0
0.0	0.0
0.0	0.0
0.0	0.0
-0.0001868022227426991	0.0
-6.200905772857368e-06	0.0
0.0	0.0
-0.004438096657395363	0.0
-0.0021998602896928787	0.0
0.0	0.0
0.0	1.0
-0.0011770195560529828	1.0
-0.00023432952002622187	0.0
-0.00036820556852035224	0.0
-0.00024335198395419866	0.0
-0.0006689679576084018	0.0
-0.0011584541061893106	0.0
0.0	0.0
0.0	0.0
-0.00024286931147798896	0.0
0.0	0.0
0.0	0.0
-0.00013914347800891846	0.0
-7.765799381331817e-08	0.0
0.0	0.0
-3.7897441416134825e-06	0.0
0.0	0.0
0.0	0.0
0.0	0.0
-0.0002975130337290466	0.0
-0.00012241215154062957	0.0
-6.025532911735354e-06	0.0
0.0	0.0
-5.510274149855832e-06	0.0
-2.1388734339211624e-08	0.0
-0.00021683952945750207	0.0
-0.00010446728265378624	0.0
-1.3765319636149798e-05	0.0
0.0	0.0
0.0	1.0
0.0	0.0
0.0	0.0
0.0	0.0
0.0	0.0
-0.012494041584432125	0.0
0.0	0.0
0.0	0.0
0.0	0.654
0.0	0.0
0.0	0.0
0.0	0.0
0.0	0.0
-6.626210961258039e-05	0.0
-0.0013868347741663456	0.0
-0.00062972167506814	0.0
0.0	0.0
-6.135102808002557e-07	0.0
0.0	0.0
-0.009356391616165638	0.0
0.0	0.0
-0.0033973893150687218	0.0
0.0	0.0
0.0	0.0
0.0	0.0
-0.0002664567728061229	0.0
0.0	0.0
0.0	0.0
0.0	0.0
0.0	0.0
0.0	0.0
0.0	0.0
-1.4304899309536268e-07	0.0
-0.00022916933812666684	0.0
0.0	0.0
0.0	0.0
-0.0011391944717615843	0.0
0.0	0.0
0.0	0.0
-4.4005454924445075e-07	0.0
0.0	0.0
0.0	0.0
0.0	0.0
0.0	0.0
-0.0003806829627137631	0.0
0.0	0.0
0.0	0.0
0.0	0.0
0.0	0.0
0.0	0.0
-0.00045236898586153984	0.0
0.0	0.0
-0.0001232244831044227	0.0
0.0	0.0
0.0	0.0
0.0	0.0
0.0	0.0
-1.6131310985656455e-05	0.0
-0.0027185468934476376	0.0
-0.005368471145629883	0.0
-0.005908756051212549	0.0
0.0	0.0
0.0	0.0
0.0	0.0
-0.00040246552089229226	0.0
0.0	0.0
-7.567951979581267e-05	0.0
0.0	0.0
-0.0002781971707008779	0.0
0.0	1.0
0.0	0.0
0.0	0.0
0.0	0.0
-7.460468623321503e-06	0.0
0.0	0.0
-0.0013734366511926055	0.0
0.0	0.0
0.0	0.0
0.0	0.0
-0.002319414634257555	0.0
0.0	0.0
-0.0009222836815752089	0.0
-1.8594921129988506e-05	0.0
0.0	0.0
-9.276975987404512e-08	0.0
0.0	0.048
0.0	0.0
0.0	0.048
0.0	0.0
-6.653587206528755e-06	0.048
0.0	0.0
-0.001099676126614213	0.0
-1.1267330535247311e-07	0.0
-0.0030054403468966484	0.0
0.0	0.0
0.0	0.0
0.0	0.0
-0.00042137023410759866	0.0
-0.001521638361737132	0.0
0.0	0.0
0.0	0.0
-0.0015333989867940545	0.0
0.0	0.0
-0.004399981815367937	0.0
0.0	0.0
0.0	0.0
0.0	0.0
-0.0025586721021682024	0.0
0.0	0.0
0.0	0.0
-0.00014748770627193153	0.0
0.0	0.0
0.0	0.0
-7.22037952982646e-07	0.0
-1.5093064575921744e-06	0.0
0.0	0.0
-2.3320040781982243e-05	0.0
-1.1926471366052738e-08	0.0
0.0	0.0
-0.0012189425760880113	0.0
-7.536107737848852e-09	0.0
0.0	0.0
0.0	0.0
-0.0003208165871910751	0.0
0.0	0.0
0.0	0.0
0.0	0.0
0.0	0.0
0.0	0.0
0.0	0.0
-0.0008128712652251124	0.0
0.0	0.0
0.0	0.0
-3.6971400163565704e-07	0.0
0.0	0.0
0.0	0.0
0.0	0.0
-0.0020540375262498856	0.0
0.0	0.0
-0.0009740766836330295	0.0
0.0	0.0
-0.0001172688789665699	0.0
0.0	0.0
-0.003533408045768738	0.0
0.0	0.0
-4.5501113987711506e-08	0.0
-5.215275086811744e-05	0.0
0.0	0.0
0.0	0.0
-0.00030970422085374594	0.0
-0.0021444198209792376	0.0
-6.206441298672871e-07	0.0
-5.067100573796779e-06	0.0
-0.00023577474348712713	0.0
-0.0017097004456445575	0.0
0.0	0.0
0.0	0.0
0.0	0.0
0.0	0.0
-0.0010052075376734138	0.0
0.0	0.955
-2.1710754936066223e-06	0.0
0.0	0.0
-9.447014235774986e-06	0.0
-8.967999019660056e-05	0.0
0.0	0.0
-0.00017306054360233247	0.0
-1.945871190400794e-05	0.0
-1.251125468115788e-06	0.0
0.0	0.0
0.0	0.0
0.0	0.0
0.0	0.0
0.0	0.0
-1.8448277842253447e-05	0.0
-2.9447246561176144e-05	0.0
-8.101359583179146e-09	0.0
0.0	0.0
0.0	0.0
0.0	0.0
-0.00012108207010896876	0.0
0.0	0.0
0.0	0.0
0.0	0.0
-1.594944842508994e-05	0.0
-2.5314961931144353e-06	0.0
-0.051910270005464554	0.0
-0.0012097415747120976	0.0
0.0	0.0
0.0	0.0
0.0	0.0
-0.0003698563377838582	1.0
0.0	1.0
-0.0008675664430484176	1.0
-0.0017171012004837394	0.0
0.0	0.0
-2.739499723247718e-05	0.0
0.0	0.0
0.0	0.0
-0.0013642699923366308	0.0
-1.3074933121970389e-05	0.0
0.0	0.0
0.0	0.0
-0.0038029816932976246	0.0
-8.822038580547087e-06	1.0
0.0	0.0
0.0	0.0
-3.168224066030234e-05	0.0
0.0	0.0
0.0	0.0
0.0	0.0
0.0	0.0
0.0	0.0
0.0	0.0
-0.0019230731995776296	0.0
0.0	0.0
0.0	0.0
-3.778041275381838e-07	0.0
-0.0026142019778490067	0.0
0.0	0.0
0.0	1.0
0.0	1.0
-2.5737963369465433e-05	1.0
0.0	1.0
-2.3610313292010687e-05	0.0
0.0	0.0
0.0	0.0
-9.88699525805714e-07	0.0
0.0	0.0
0.0	0.0
0.0	0.0
-0.0006412771181203425	0.0
0.0	0.0
0.0	0.0
0.0	0.0
-0.01115996204316616	0.0
0.0	0.0
-2.546359780808416e-07	0.0
-0.0005768820410594344	0.0
0.0	0.0
-0.003726155497133732	0.0
-0.0023394720628857613	0.0
0.0	0.0
-1.086206339095952e-06	0.0
-0.0021208387333899736	0.0
0.0	0.0
-0.00042851114994846284	0.0
0.0	0.0
0.0	0.0
0.0	0.0
-0.004683815408498049	0.0
0.0	0.0
0.0	0.0
-8.097387649286247e-07	0.0
-0.002220666501671076	0.0
-7.136232852644753e-06	0.0
-0.0010292383376508951	0.0
-7.851258487789892e-07	0.0
0.0	0.0
-0.002360592596232891	0.0
-0.0005113602965138853	0.0
0.0	0.0
0.0	0.0
0.0	0.0
-0.0006916451384313405	0.0
0.0	0.0
0.0	0.0
0.0	0.0
0.0	0.0
0.0	0.0
0.0	0.0
-1.3025103456736076e-13	0.0
-0.0009294384508393705	0.0
0.0	0.0
0.0	0.0
0.0	0.0
-0.00223905430175364	0.0
0.0	0.0
0.0	0.0
-0.0031565662939101458	0.0
0.0	0.0
0.0	0.0
0.0	0.0
0.0	0.0
-9.038365542113347e-12	0.0
0.0	0.0
0.0	0.0
-0.004134025424718857	0.0
-0.010619017295539379	0.0
0.0	0.0
0.0	0.0
-0.00014953302161302418	0.0
-9.207981747749727e-06	0.0
0.0	0.0
-0.007709513418376446	0.0
-2.3756683731335215e-06	0.0
-0.004949542693793774	0.0
-5.207280082686339e-07	0.0
0.0	0.0
0.0	0.0
0.0	0.0
0.0	0.0
0.0	0.0
0.0	0.0
-0.008147597312927246	0.0
-0.016779320314526558	0.0
0.0	0.0
0.0	0.0
-0.0009539349121041596	0.0
-9.171610872726887e-05	0.0
0.0	0.0
-0.0004273933300282806	0.0
0.0	0.0
0.0	0.0
-1.3044849765719846e-05	0.0
0.0	0.0
0.0	0.0
0.0	0.0
-1.16185083243181e-05	0.0
-2.334369213485843e-07	0.0
0.0	0.0
-0.0003990074619650841	0.0
0.0	0.0
-0.00010846411169040948	0.0
0.0	0.0
0.0	0.0
-9.682613745098934e-05	0.0
0.0	0.0
0.0	0.0
0.0	0.0
0.0	0.0
0.0	0.0
-0.0003845533647108823	0.0
-9.40245037384102e-09	0.0
0.0	1.0
0.0	0.0
0.0	0.0
-0.00010655137157300487	0.0
-0.0005428871954791248	0.0
0.0	0.0
0.0	0.0
0.0	0.0
-0.0008170318906195462	0.0
0.0	0.099
0.0	0.0
0.0	0.099
-2.3089585738489404e-05	0.0
0.0	0.0
0.0	0.0
-0.05446937307715416	0.0
-0.0037632680032402277	0.0
0.0	0.0
-0.0012833296786993742	0.0
0.0	0.0
0.0	0.0
0.0	0.0
-0.0010174436029046774	0.0
0.0	0.0
-0.0009473242680542171	0.0
0.0	0.0
0.0	0.0
-8.293230990830125e-09	0.0
0.0	0.0
0.0	0.0
0.0	0.0
-0.005879709962755442	0.0
0.0	0.0
0.0	0.0
-7.610048487549648e-05	0.0
-2.8923357604071498e-05	0.0
0.0	0.0
-2.087466697275886e-07	0.0
-6.02026238993858e-06	0.0
0.0	0.0
-2.0526206331427516e-13	0.0
-0.007089490536600351	0.0
0.0	0.0
-0.0006940774619579315	0.0
0.0	0.0
0.0	0.0
-0.0013130659935995936	0.0
-1.8549581000115722e-05	0.0
-0.0011684595374390483	0.0
0.0	0.0
-0.001821418758481741	0.0
0.0	0.0
0.0	0.0
0.0	0.0
-1.691249053692445e-05	0.0
-0.0013196285581216216	0.0
0.0	0.0
0.0	0.0
-0.005725684575736523	0.0
0.0	0.0
0.0	0.0
-0.0022609939333051443	0.0
0.0	0.0
-2.7924350433750078e-05	0.0
-1.1127923244202975e-05	0.0
0.0	0.0
-0.002485746517777443	0.0
0.0	0.0
-0.0004545173142105341	0.0
0.0	0.0
0.0	0.0
-9.099904127651826e-05	0.0
-5.321465437191364e-07	0.0
0.0	0.0
0.0	0.0
0.0	0.0
0.0	0.0
0.0	0.0
0.0	1.0
-4.258486569597153e-06	0.0
-0.00017718208255246282	0.0
0.0	0.0
0.0	0.0
0.0	0.0
0.0	0.0
0.0	0.0
0.0	0.0
-0.0014093798818066716	0.0
0.0	0.0
0.0	0.0
0.0	0.0
0.0	0.0
0.0	0.0
0.0	0.0
0.0	0.0
0.0	0.0
0.0	0.0
0.0	0.0
0.0	0.0
0.0	0.0
-0.0016669478500261903	0.0
0.0	0.0
0.0	0.0
-0.0003579415788408369	0.0
0.0	0.0
-2.0104655504837865e-06	0.0
0.0	0.0
0.0	0.0
0.0	0.0
0.0	0.0
0.0	0.0
-0.0001747189526213333	0.0
-0.0005622347234748304	0.0
0.0	0.0
-0.0032745113130658865	0.0
-2.1607284850233555e-07	0.0
-0.000102070058346726	0.0
-0.001879615942016244	0.0
0.0	0.0
0.0	0.0
0.0	0.006
0.0	0.006
-1.912524166813867e-10	0.006
0.0	0.006
0.0	0.006
-1.6283545392070664e-06	0.0
0.0	0.0
-4.827107318305934e-07	0.0
0.0	0.0
0.0	0.0
-5.26249177568161e-09	0.0
0.0	0.0
-8.894788152247202e-06	0.0
-1.1205596592844813e-06	0.0
-0.0010957976337522268	0.0
