-3.5253238106491835e-09	0.0
-1.7502983951089846e-08	0.0
-2.297148739671684e-06	0.0
0.0	0.0
-0.000688382307998836	0.0
-0.027668291702866554	0.0
-0.00022250176698435098	0.0
0.0	0.0
-0.0015936843119561672	0.0
-0.0003830858040601015	0.0
0.0	0.0
-7.689761716278554e-09	0.0
0.0	0.0
0.0	0.0
0.0	0.0
0.0	0.0
-0.00010763110913103446	0.0
0.0	0.0
0.0	0.0
0.0	0.0
0.0	0.0
-0.004498322494328022	0.0
-0.0012138858437538147	0.0
0.0	0.0
0.0	0.0
0.0	0.0
0.0	0.0
0.0	0.0
0.0	0.0
-0.00015194294974207878	0.0
0.0	0.0
0.0	0.0
0.0	0.0
0.0	0.0
0.0	0.0
0.0	0.0
0.0	0.0
-0.0034732564818114042	0.0
0.0	0.0
0.0	0.0
0.0	0.0
0.0	0.0
0.0	0.0
0.0	0.0
0.0	0.0
-7.634641008280596e-08	0.0
0.0	0.0
-7.250293521110507e-08	0.0
0.0	0.0
0.0	0.0
-7.580220699310303e-05	0.0
-1.6066391253843904e-05	0.0
-6.113704102972406e-07	0.0
-2.7737032226582414e-08	0.0
-1.5926976629998535e-05	0.0
-1.0755863513622899e-05	0.0
-0.0003098184533882886	0.0
0.0	0.0
0.0	0.0
-0.0009432807564735413	0.0
0.0	0.0
0.0	0.0
0.0	0.0
-0.00022156498744152486	0.0
-0.003258222248405218	0.0
-0.014097561128437519	0.0
0.0	0.0
0.0	0.0
0.0	0.0
0.0	0.0
0.0	0.0
0.0	0.0
-9.281452342801977e-12	0.0
-0.01552459504455328	0.0
0.0	0.0
0.0	0.0
-4.190769971046393e-07	0.0
0.0	0.04
0.0	0.0
-1.1084470088462695e-06	0.0
0.0	0.0
0.0	0.0
-0.0023398674093186855	0.0
-0.0645844116806984	0.0
0.0	0.0
0.0	0.0
0.0	0.0
-4.5280144149728585e-06	0.0
-0.001874211011454463	0.0
0.0	0.104
0.0	0.104
-0.0008096818928606808	0.104
0.0	0.0
0.0	0.026
0.0	0.026
0.0	0.026
-0.003718667197972536	0.0
-0.0010286499746143818	0.0
0.0	0.0
0.0	0.0
0.0	0.0
-6.111978291301057e-05	0.0
0.0	0.0
-0.01020464114844799	0.0
-0.0002137068659067154	0.0
-0.0006643953965976834	0.0
-0.0012288532452657819	0.0
-1.1952668672529643e-12	0.0
0.0	0.0
0.0	0.0
-0.018771855160593987	0.0
0.0	0.0
-2.5883096554935037e-07	0.0
0.0	0.0
0.0	0.0
-6.82135796523653e-05	0.0
0.0	1.0
0.0	0.0
0.0	0.0
0.0	0.0
-6.085044879000634e-05	0.0
0.0	0.0
0.0	1.0
-7.169861783040687e-05	1.0
0.0	0.0
0.0	0.0
0.0	0.0
0.0	0.0
-4.876886450233542e-09	0.0
0.0	0.0
-0.0007017039461061358	0.0
-0.005830239970237017	0.0
0.0	0.0
0.0	0.0
-2.2932154439270214e-11	0.0
-0.003398197703063488	0.0
0.0	0.0
0.0	0.0
0.0	0.0
0.0	0.0
-0.024257231503725052	0.0
0.0	0.0
-0.0001875873131211847	0.0
0.0	0.0
0.0	0.0
0.0	0.0
0.0	0.0
-0.0001528321736259386	0.0
-1.1165480827912688e-05	0.0
0.0	0.0
-4.2087140172952786e-05	0.0
-0.0005783303640782833	0.0
0.0	0.0
0.0	0.0
0.0	0.0
-4.4571293983608484e-05	0.0
0.0	0.0
-2.331942972055856e-10	0.0
-1.1974658264080063e-05	0.0
-3.049663291676552e-06	0.0
0.0	0.0
-1.5157438610913232e-05	0.0
0.0	0.0
0.0	0.0
-0.0003237795317545533	0.0
-8.011335012270138e-05	0.0
0.0	0.0
-0.00022569049906451255	0.0
-0.000986684113740921	0.0
-2.129064924361046e-08	0.0
0.0	0.0
-9.988267993321642e-05	0.0
0.0	0.0
0.0	0.0
-0.0012796722585335374	0.0
0.0	0.0
0.0	0.0
0.0	0.0
0.0	0.0
0.0	0.0
0.0	0.0
0.0	0.0
-1.860482192957857e-16	0.0
0.0	0.0
-0.0001897430483950302	0.0
0.0	0.0
0.0	0.0
-0.00012147403322160244	1.0
0.0	1.0
0.0	1.0
0.0	0.0
0.0	0.0
0.0	0.0
-5.484070698003052e-06	0.0
0.0	0.0
-0.00043649645522236824	0.0
-0.00043855057447217405	0.0
-0.0007953804451972246	0.0
0.0	0.0
-5.882435163973021e-12	0.0
-1.0627769597704173e-06	0.0
-0.003990217577666044	0.0
0.0	0.0
-0.0005539899575524032	0.0
0.0	0.0
0.0	0.0
0.0	0.0
0.0	0.0
0.0	0.0
0.0	0.0
0.0	0.0
0.0	0.0
-3.3499597975605866e-06	0.0
0.0	0.0
0.0	0.0
0.0	0.0
0.0	0.0
-0.0005499016842804849	0.0
-7.084742037477554e-07	0.0
0.0	0.0
0.0	0.0
-1.529026576463366e-06	0.0
0.0	0.0
-0.003334685694426298	0.0
-0.00026899503427557647	0.0
0.0	0.0
0.0	0.0
0.0	0.0
0.0	0.0
0.0	0.0
-0.01166410930454731	0.0
0.0	0.0
0.0	0.0
-7.818631853062641e-10	0.0
0.0	0.0
-9.3274429673329e-05	0.0
0.0	0.0
-1.2232636436237954e-05	0.0
-0.00017879012739285827	0.0
0.0	0.0
0.0	0.0
0.0	0.0
0.0	0.0
0.0	0.0
0.0	0.0
0.0	0.0
0.0	0.0
-4.277016705600545e-05	0.0
0.0	0.0
0.0	0.0
0.0	0.0
0.0	0.0
-0.00450032576918602	0.0
-1.6457389590985986e-16	0.0
-0.0012083795154467225	0.0
0.0	0.0
-0.0005121658905409276	0.0
-4.751231972477399e-05	0.0
-0.002844527829438448	0.0
0.0	0.0
0.0	0.0
-0.009777205064892769	0.0
-0.0027361095417290926	0.0
-0.08096516132354736	0.0
0.0	0.0
-2.978673137477017e-06	0.0
0.0	0.0
0.0	0.0
0.0	0.0
0.0	0.0
0.0	0.0
0.0	0.0
-9.668025995779317e-06	0.0
0.0	0.0
-0.0007486974936909974	0.0
-0.0042429217137396336	0.0
-4.515534897109319e-07	0.04
-1.7602225170776364e-06	0.04
-0.007139444816857576	0.0
0.0	0.0
0.0	0.04
0.0	0.0
-7.463348538294667e-06	0.0
-0.00020031104213558137	0.0
-4.696899850387126e-06	0.0
0.0	0.0
-0.03145459666848183	0.0
0.0	0.0
-0.0010523450328037143	0.0
-0.0032023556996136904	0.0
0.0	0.0
0.0	0.0
0.0	0.0
-0.0019725412130355835	0.0
-0.00025209496379829943	0.0
0.0	0.0
0.0	0.0
0.0	0.0
-0.0005741469212807715	0.0
-2.8221072057021956e-07	0.0
0.0	0.0
-4.34573939855909e-06	0.0
0.0	0.0
-4.0606483453498043e-11	0.0
0.0	0.0
-2.477639959863609e-08	0.0
0.0	0.0
0.0	0.0
-0.005312352441251278	0.0
-5.641955791446662e-10	0.0
0.0	0.0
0.0	0.0
-2.324182332813507e-06	0.0
0.0	0.0
0.0	0.0
-0.0003828067274298519	0.0
0.0	0.0
0.0	0.0
0.0	0.0
0.0	0.0
0.0	0.0
0.0	0.0
0.0	0.0
-4.628709120879648e-06	0.0
0.0	0.0
0.0	0.0
0.0	0.0
0.0	0.0
-5.512384437800222e-10	0.0
-0.002043649088591337	0.0
0.0	0.0
0.0	0.0
0.0	0.0
-9.057238798959588e-07	0.0
0.0	0.0
0.0	0.0
-0.0008564084419049323	0.0
0.0	0.0
0.0	0.0
0.0	0.0
0.0	0.0
0.0	0.0
0.0	0.0
-1.0810402351069115e-08	0.0
0.0	1.0
-0.002940561156719923	1.0
0.0	0.0
0.0	0.0
0.0	0.0
0.0	0.0
-3.2719846785767004e-05	0.0
-5.2149662224110216e-05	0.0
0.0	0.0
0.0	0.0
-5.251084076007828e-06	0.0
0.0	0.0
-0.00017343019135296345	0.0
0.0	0.0
0.0	0.0
0.0	0.0
-9.591548888465695e-09	0.0
-6.159442591524567e-07	0.0
0.0	0.0
0.0	0.0
-0.00011893976625287905	0.0
-6.602685065359992e-09	0.0
0.0	0.0
-6.657374342466937e-06	0.0
0.0	0.0
0.0	0.0
0.0	0.0
0.0	0.0
0.0	0.0
0.0	0.0
-0.0005734485457651317	0.0
-0.001089441473595798	0.0
-7.680091221118346e-05	1.0
0.0	0.0
-0.0032627431210130453	0.0
0.0	0.0
0.0	0.0
0.0	0.0
0.0	0.0
0.0	0.0
-1.5428356903157692e-07	0.0
0.0	0.0
-1.1054361266360502e-06	0.0
0.0	0.0
0.0	0.0
0.0	0.0
0.0	0.0
-0.0014783438527956605	0.0
-1.9818422515527345e-05	0.0
-6.329618429390393e-08	0.0
0.0	0.0
0.0	0.0
-0.0004773965629283339	0.0
0.0	0.0
0.0	0.0
-0.0009227304835803807	1.0
-0.011332331225275993	0.0
-0.004848988726735115	0.0
0.0	0.0
0.0	0.0
0.0	0.0
0.0	0.0
-0.0911661684513092	0.0
0.0	0.0
0.0	0.0
0.0	0.0
0.0	0.0
-0.004468700382858515	0.0
0.0	0.0
0.0	0.0
-7.453355266306971e-09	0.0
-3.012376907918224e-07	0.0
0.0	0.0
-2.64650338976935e-06	0.0
-0.0020385810639709234	0.0
0.0	0.0
0.0	0.0
0.0	1.0
-0.002792178653180599	0.0
0.0	1.0
-0.00011619393626460806	1.0
0.0	0.0
0.0	1.0
0.0	1.0
-0.0007554678595624864	1.0
0.0	0.0
-0.02693108096718788	0.0
0.0	1.0
0.0	1.0
0.0	0.0
-1.9148540104652056e-06	1.0
0.0	1.0
0.0	0.0
0.0	0.0
0.0	0.0
0.0	0.0
0.0	0.0
0.0	0.0
0.0	0.0
0.0	0.0
0.0	0.0
-0.00029572119819931686	0.0
0.0	0.0
-0.00027352350298315287	0.0
-1.9788167264778167e-05	0.0
0.0	0.0
0.0	0.0
-2.029796331015632e-10	0.0
-3.748227027244866e-05	0.0
-0.0008298240136355162	0.0
0.0	0.0
-0.00015397160314023495	0.0
0.0	0.0
0.0	0.0
-5.5537407206429634e-06	0.0
0.0	0.0
-0.006715877912938595	0.0
-0.005845411214977503	0.0
0.0	0.0
0.0	0.0
0.0	0.0
-0.00012792425695806742	0.0
0.0	0.0
-0.0002613402029965073	0.0
0.0	0.0
-4.37482085544616e-05	0.0
0.0	0.0
-9.313042937719729e-06	0.0
0.0	0.0
0.0	0.0
0.0	0.0
0.0	0.0
-1.026875452225795e-06	0.0
0.0	0.0
0.0	0.0
0.0	0.0
-7.25052041161689e-06	0.0
0.0	0.0
0.0	0.0
0.0	0.0
-3.5059855463259737e-07	0.0
0.0	0.0
0.0	0.0
0.0	0.0
0.0	0.0
0.0	0.0
0.0	0.0
-0.03902816027402878	0.0
0.0	0.0
0.0	0.0
0.0	0.0
0.0	0.0
-2.4694989406270906e-05	0.0
-0.0018037561094388366	0.0
0.0	0.0
0.0	0.0
0.0	0.0
0.0	0.0
0.0	0.0
0.0	0.0
0.0	0.0
-6.447954547184054e-06	1.0
-0.000926854379940778	1.0
-0.029770905151963234	0.0
0.0	1.0
-1.1017529004675453e-06	0.0
-0.005299916956573725	0.0
0.0	1.0
0.0	0.0
0.0	0.0
0.0	0.0
0.0	1.0
-2.8677699447143823e-05	1.0
0.0	1.0
0.0	0.0
-0.0005117604159750044	0.0
-0.001461102394387126	0.0
0.0	1.0
0.0	0.0
-0.0029084880370646715	0.0
-0.010362591594457626	0.0
-0.0007782341563142836	0.0
0.0	0.0
0.0	0.0
0.0	0.0
-0.0056876433081924915	0.0
-0.0007873345748521388	0.0
0.0	0.0
0.0	0.0
0.0	0.0
0.0	0.0
0.0	0.0
-0.003852140624076128	0.0
0.0	0.0
-0.0004950576112605631	0.0
0.0	0.0
-1.187646461175973e-07	0.0
0.0	0.0
-4.078069832758047e-05	0.0
-6.875960389152169e-05	0.0
0.0	0.0
-2.2310396730063076e-07	0.0
-3.3300777431577444e-05	0.0
-0.0026918957009911537	0.0
0.0	0.0
-9.331716910310206e-08	0.0
0.0	0.0
-0.000441324693383649	0.0
-0.00027933972887694836	0.0
0.0	0.0
-1.3432873856800143e-05	0.0
-0.00017845451657194644	0.0
0.0	0.0
-2.7334970582160167e-05	0.0
0.0	0.0
0.0	0.0
0.0	0.0
0.0	0.0
0.0	0.0
0.0	0.0
-1.216692339767178e-06	0.0
-1.0239267567158095e-07	0.0
0.0	0.0
-0.0009700059308670461	0.0
0.0	0.0
-9.163201184492209e-07	0.0
-8.069209434324875e-05	0.0
0.0	0.0
0.0	0.0
0.0	0.0
0.0	0.0
0.0	0.0
0.0	0.0
0.0	0.0
-0.002899846527725458	0.0
0.0	0.0
0.0	0.0
0.0	0.0
-8.73238514031982e-06	0.0
0.0	0.0
-9.246706758858636e-05	0.0
-0.0003972922859247774	0.0
0.0	0.0
0.0	0.0
0.0	0.0
-2.0437221337488154e-06	0.0
0.0	0.0
-3.0602300284954254e-06	0.0
0.0	0.0
-8.845925549394451e-06	0.0
0.0	0.0
-0.08385918289422989	0.0
-0.0026273513212800026	0.0
0.0	0.0
-7.570003072032705e-05	0.0
0.0	0.0
0.0	0.0
-1.9093920855084434e-05	0.0
-5.9429079556139186e-05	0.0
-5.2734883126959176e-08	0.0
0.0	0.0
0.0	0.0
0.0	0.0
0.0	0.0
-4.941983267059413e-09	0.0
-0.001116519095376134	0.0
0.0	0.0
-4.26659025833942e-05	0.0
0.0	0.0
-1.2480417126425891e-06	0.0
-1.2914586022816366e-07	0.0
-0.005409714300185442	0.0
-7.203518907772377e-05	0.0
0.0	0.0
-0.002251687692478299	0.0
0.0	0.0
0.0	0.0
0.0	0.0
0.0	0.0
0.0	0.0
0.0	0.0
0.0	0.0
0.0	1.0
-1.4282009033195209e-05	0.0
0.0	0.0
-9.83064118997845e-09	0.0
-0.0018525916384533048	0.0
-5.689382305718027e-05	0.0
-0.004880077671259642	0.0
0.0	0.0
0.0	0.0
0.0	0.0
-0.0029271908570080996	0.0
-4.539319320429058e-08	0.0
0.0	0.0
0.0	0.0
0.0	0.0
-0.05180472135543823	0.0
0.0	0.0
-0.005716691259294748	0.0
0.0	0.0
0.0	0.0
-0.00965185184031725	0.0
0.0	0.0
0.0	0.0
-4.1194763156227054e-09	0.0
0.0	0.0
-1.0199259492527091e-10	0.0
0.0	0.0
-0.0015851364005357027	0.0
0.0	0.0
0.0	0.0
-0.00010863447096198797	0.0
-0.00016755308024585247	0.0
0.0	0.0
0.0	0.0
-0.008855714462697506	0.0
-0.0007365604396909475	0.0
0.0	1.0
0.0	1.0
-6.741584712699478e-08	0.0
-0.0037133737932890654	0.0
0.0	0.0
0.0	0.0
0.0	0.0
-6.050999701301407e-09	0.0
-0.0002887756854761392	0.0
0.0	0.0
0.0	0.0
-0.00029751728288829327	0.0
-2.8433035481612023e-07	0.0
-9.192529250867665e-05	0.0
0.0	0.0
0.0	0.0
-0.00011435984197305515	0.0
-3.431456207181327e-05	0.0
0.0	0.0
0.0	0.0
0.0	0.0
0.0	0.0
0.0	0.0
0.0	0.0
-0.0001575117785250768	0.095
-0.022328903898596764	0.0
0.0	0.0
0.0	0.0
-0.0021095669362694025	0.0
0.0	0.0
-1.549061926198192e-05	0.0
-2.6972496925736777e-05	0.0
0.0	0.0
0.0	0.0
-4.2070990247111695e-08	0.0
0.0	0.0
0.0	0.0
-0.003910864237695932	0.066
0.0	0.0
0.0	0.0
0.0	0.0
0.0	0.0
0.0	0.0
-0.004561957437545061	0.0
-3.1534054301118886e-07	0.0
0.0	0.0
-0.0001456804311601445	0.0
0.0	0.0
0.0	0.0
-0.00790614914149046	0.0
0.0	0.0
0.0	0.0
-2.4794235287117772e-05	0.0
-6.5223307501582894e-06	0.0
-0.0004216153465677053	0.0
0.0	0.0
-1.045777953123661e-08	0.0
0.0	0.0
0.0	0.0
0.0	0.0
-0.009107658639550209	0.0
0.0	0.0
0.0	0.0
-1.86167298465989e-07	0.0
-0.0037678249645978212	0.0
-9.266410052077845e-05	0.0
0.0	0.0
-0.00028139722417108715	0.0
-0.0022712668869644403	0.0
-0.0008716713637113571	0.0
0.0	0.0
-0.0011187783675268292	0.0
-0.0002363998646615073	0.0
0.0	0.0
-0.001998817315325141	0.0
0.0	0.0
-0.0006501103052869439	0.0
0.0	0.0
0.0	0.0
0.0	0.0
0.0	0.0
-0.008133325725793839	0.0
-0.0037718156818300486	0.0
0.0	0.0
-4.3662774260155857e-05	0.0
0.0	0.0
0.0	0.0
-7.328022633146247e-08	0.0
0.0	0.0
0.0	0.0
0.0	0.0
-1.473141992391902e-06	0.0
0.0	0.0
-7.982077477208804e-06	0.0
0.0	0.0
0.0	0.0
-4.285168841988707e-08	0.0
-0.019438955932855606	0.0
-4.3102336348965764e-05	0.0
-8.393962161790114e-06	0.0
0.0	0.0
0.0	0.0
-0.002522958442568779	0.0
0.0	0.0
0.0	0.0
0.0	0.0
-0.00039208721136674285	0.0
-3.351209670654498e-05	0.0
-0.0008751791901886463	0.0
0.0	0.0
-3.524215208017267e-05	0.0
0.0	0.0
0.0	0.0
0.0	0.0
-0.00042719568591564894	0.0
0.0	0.0
0.0	0.0
0.0	0.0
0.0	0.0
0.0	0.0
0.0	1.0
-0.0012730141170322895	1.0
0.0	0.0
-0.00016907275130506605	1.0
-1.392456852045143e-06	1.0
-4.4545286073116586e-05	0.0
-0.0035376413725316525	0.0
-0.0010726843029260635	0.0
-0.0004566794086713344	0.004
-0.0021891833748668432	0.0
-8.650677773403004e-05	0.004
-0.00012457025877665728	0.0
0.0	0.0
0.0	0.0
0.0	0.0
0.0	0.0
0.0	0.0
0.0	0.0
-0.010993641801178455	0.0
0.0	0.0
-6.76197960274294e-05	0.0
0.0	0.0
0.0	0.0
0.0	0.0
0.0	0.0
0.0	0.0
0.0	0.0
0.0	0.0
0.0	0.0
-6.713504990329966e-05	0.0
-7.738109300190182e-15	0.0
0.0	0.0
0.0	0.0
0.0	0.0
0.0	0.0
0.0	0.0
-0.0013572463067248464	0.0
-0.0025718272663652897	0.0
-0.002057502279058099	0.0
0.0	0.0
-8.038500709517393e-06	0.0
0.0	0.0
0.0	0.0
-0.0013527984265238047	0.0
-0.0029213407542556524	0.0
0.0	0.0
-4.461684056877857e-06	0.0
0.0	0.0
0.0	0.453
-0.0002305735688423738	0.453
0.0	0.453
0.0	0.0
-2.9136765533621656e-06	0.0
-0.004447902552783489	0.0
-1.3360352113522822e-06	0.0
0.0	0.002176278563656148
-6.717078576912172e-06	0.07214428857715431
0.0	0.07214428857715431
-3.891602595729182e-09	0.0
0.0	0.0
0.0	0.0
0.0	0.0
-0.00013787778152618557	0.0
0.0	0.0
-0.0067306989803910255	0.0
-0.013637197203934193	0.0
0.0	0.0
0.0	0.0
-0.001716983038932085	0.0
-0.001993992831557989	0.0
-0.09375578165054321	0.0
0.0	0.0
-0.03347443789243698	0.0
-0.00019757529662456363	0.0
0.0	0.0
0.0	0.0
0.0	0.0
0.0	0.0
-0.00019966700347140431	0.0
-0.001385873300023377	0.0
0.0	0.0
-0.003952544182538986	0.0
-0.02248404175043106	0.0
-1.7005193910998861e-12	0.0
-0.002308840164914727	0.0
0.0	0.0
-1.0241530617349781e-05	0.0
0.0	0.0
0.0	1.0
0.0	0.0
-0.0019701672717928886	0.0
0.0	0.0
0.0	0.0
-2.96260488363842e-10	0.0
0.0	0.0
0.0	0.0
0.0	0.0
-0.0002790956059470773	0.0
-6.866150215500966e-05	0.0
-0.0006438135169446468	0.0
-0.004959498532116413	0.0
0.0	0.0
-2.1570467652054504e-05	0.0
-0.016071926802396774	0.0
-0.002182472962886095	0.0
-0.00010159317753277719	0.0
-0.0073581235483288765	0.0
-0.0159669890999794	0.0
0.0	0.0
0.0	0.0
-0.0013886324595659971	0.0
0.0	0.0
-1.2495523549205245e-07	0.0
-0.0001233590446645394	0.0
0.0	0.0
0.0	0.0
0.0	0.0
0.0	0.0
0.0	0.0
0.0	0.0
0.0	0.0
0.0	0.0
0.0	0.0
0.0	0.0
0.0	0.0
0.0	0.0
0.0	0.0
0.0	0.0
-0.004301035311073065	0.0
-0.005872247740626335	0.0
0.0	0.075
0.0	0.075
0.0	0.0
0.0	0.0
0.0	0.0
0.0	0.0
0.0	0.0
0.0	0.0
0.0	0.0
-0.00010611089237499982	0.0
0.0	0.0
-0.0004645680892281234	0.0
0.0	0.0
-0.0005553053342737257	0.0
0.0	0.016
0.0	0.0
0.0	0.0
0.0	0.0
-0.0015524610644206405	0.0
0.0	0.0
-0.0058639440685510635	0.0
0.0	0.0
0.0	0.0
-0.0033808539155870676	0.0
-4.305894307776725e-09	0.0
0.0	0.0
-0.0003156437014695257	0.0
0.0	0.011
0.0	0.0
-0.00448388559743762	0.0
0.0	0.0
-5.854369766744583e-11	0.0
-0.0002717794559430331	0.0
0.0	0.0
-0.0004417213494889438	0.0
0.0	0.0
0.0	0.0
-0.007280927151441574	0.0
-1.1596935109992046e-05	0.0
-1.0445278348925058e-05	0.0
-2.2068627004045993e-05	0.0
