0.0	0.0
0.0	0.0
0.0	1.0
0.0	0.0
-0.005921459291130304	0.0
0.0	1.0
0.0	1.0
0.0	0.0
0.0	0.0
-5.8282093959860504e-05	0.0
0.0	0.0
-6.506750651169568e-06	0.0
0.0	0.0
0.0	0.009
-0.009752693586051464	0.009
0.0	0.0
0.0	0.0
-1.9392588001210243e-05	0.0
-0.0004728622443508357	0.0
0.0	0.0
0.0	0.0
-2.111439698637696e-06	0.0
-1.8618466768316466e-08	0.0
0.0	0.0
0.0	0.0
0.0	0.0
-8.55276205413702e-09	0.0
0.0	0.0
0.0	0.0
0.0	0.0
0.0	0.0
0.0	0.0
0.0	0.0
-2.2703072318108752e-05	0.0
-0.00029703613836318254	0.0
-0.006934292148798704	0.0
-0.00038886896800249815	0.0
0.0	0.0
0.0	0.0
-2.5037789441739733e-07	0.0
0.0	0.0
0.0	0.0
0.0	0.0
-0.0005344006349332631	0.0
-0.00025562787777744234	0.0
-9.792864148039371e-05	0.0
0.0	0.0
0.0	0.0
0.0	0.0
0.0	0.0
-1.0768398169602733e-05	0.0
0.0	0.0
0.0	1.0
0.0	1.0
0.0	0.0
0.0	1.0
0.0	0.0
0.0	1.0
0.0	0.0
-1.0433883289806545e-05	0.0
0.0	0.0
-1.000251813820796e-06	0.0
-0.08692197501659393	0.0
0.0	0.0
-9.612668691261206e-06	0.0
0.0	0.0
-5.533572220883798e-06	0.0
0.0	0.0
-0.006858769338577986	0.0
0.0	0.0
0.0	0.0
0.0	0.0
-0.001981151755899191	0.0
0.0	0.0
-9.52065602177754e-05	0.0
-5.915523502153519e-07	0.0
0.0	0.0
0.0	0.0
-0.0009845949243754148	0.0
0.0	0.0
-0.002180477837100625	0.0
0.0	0.0
0.0	0.0
-0.0009324564598500729	0.0
0.0	0.0
-7.154079639803967e-08	0.0
0.0	0.0
-9.564635547576472e-05	0.0
-0.00017029652372002602	0.0
-8.869291477468788e-13	0.0
0.0	0.0
-3.4047476219711825e-05	0.0
-0.0011666419450193644	0.0
0.0	0.0
-0.000854650919791311	0.0
0.0	0.0
0.0	0.0
0.0	0.0
0.0	1.0
-0.0004296047263778746	0.0
0.0	0.0
-7.854226169001777e-06	0.0
0.0	0.0
0.0	0.0
-0.0003073568223044276	0.0
-0.00047077680937945843	0.0
-1.0259706868964713e-05	0.0
0.0	0.057
0.0	0.057
0.0	0.057
0.0	0.0
0.0	0.0
-0.00012078190047759563	0.0
0.0	0.0
0.0	0.0
-6.149534601718187e-05	0.0
0.0	0.0
-2.287058459282676e-10	0.0
-0.004469453357160091	0.0
0.0	0.0
0.0	0.0
0.0	0.0
0.0	0.0
-0.00045095646055415273	0.0
-0.002315846271812916	0.0
0.0	0.0
0.0	0.0
-4.3756318746090983e-07	0.0
0.0	0.0
-7.30527199266362e-06	0.0
-0.0019551492296159267	0.0
0.0	0.0
0.0	0.0
0.0	0.0
0.0	0.0
-4.293567812396759e-08	0.0
-3.915968773071654e-05	0.0
-0.001290133222937584	0.0
-0.006712744943797588	0.0
0.0	0.0
-0.0007117271306924522	0.0
-0.0029301284812390804	0.0
0.0	0.0
-0.0015033616218715906	0.0
-4.1099482928075304e-08	0.0
-1.0088642738992348e-05	0.0
0.0	0.0
0.0	0.0
0.0	0.0
-0.0009517227881588042	0.0
0.0	0.0
0.0	0.0
0.0	0.0
-7.053708395687863e-05	0.0
0.0	0.0
0.0	0.0
-0.0007704389281570911	0.0
0.0	0.0
0.0	0.0
-5.656162329614745e-07	0.0
0.0	0.0
-0.0011272993870079517	0.0
-2.5501454729237594e-05	0.0
0.0	0.0
0.0	0.0
-0.0040148235857486725	0.0
-1.0881442904064897e-05	0.0
0.0	0.0
-0.002359020058065653	0.0
-0.00237902719527483	0.0
0.0	0.0
0.0	0.0
0.0	0.0
0.0	0.0
0.0	0.0
0.0	0.0
0.0	0.0
-4.196737791062333e-06	0.0
-0.0003358425747137517	1.0
-8.714708883417188e-07	0.0
0.0	0.0
0.0	0.0
-0.0019104117527604103	0.0
-2.867500370484777e-06	0.0
0.0	0.0
0.0	0.0
0.0	0.0
0.0	0.0
0.0	0.0
-0.009129834361374378	0.0
0.0	0.0
0.0	0.0
-4.91890489229263e-07	0.0
0.0	0.0
-0.007656308822333813	0.0
-2.425595812383108e-05	0.0
0.0	0.0
0.0	0.0
0.0	0.0
-0.004695872310549021	0.0
0.0	0.0
-3.6744183944392717e-06	0.0
-3.5314275010023266e-05	0.0
-0.0002594829711597413	0.0
-0.000324806576827541	0.0
0.0	0.0
0.0	0.0
0.0	0.0
0.0	0.0
-0.004224812146276236	0.0
0.0	0.0
0.0	0.0
0.0	0.0
0.0	0.0
0.0	0.0
0.0	0.0
-0.00263105146586895	0.0
0.0	0.0
0.0	1.0
-7.832437091482083e-14	0.0
-0.00018783469568006694	1.0
-0.004311209544539452	0.0
-0.0033578891307115555	0.0
0.0	1.0
-9.647837373449875e-08	1.0
0.0	1.0
0.0	0.0
-0.0028189627919346094	0.0
0.0	0.0
-0.0009610463166609406	0.0
0.0	0.0
-6.199153403940727e-07	0.0
-0.001509951543994248	0.0
0.0	0.0
0.0	0.0
-0.0005359527422115207	0.0
-0.005212063901126385	0.0
-3.495287955956883e-06	0.0
-9.973860626288911e-11	0.0
0.0	0.0
0.0	0.0
0.0	0.0
0.0	0.0
0.0	0.0
-4.809418896911666e-05	0.0
0.0	0.0
0.0	0.0
0.0	0.0
0.0	0.0
0.0	0.0
0.0	0.0
0.0	0.0
0.0	0.0
-0.00015928926586639136	0.0
0.0	0.0
0.0	0.0
0.0	0.0
0.0	0.0
-0.007906872779130936	0.0
0.0	0.0
0.0	0.0
0.0	0.0
-0.00027504609897732735	0.0
0.0	0.0
-0.00042876257793977857	0.0
0.0	0.0
0.0	0.0
-0.003059794893488288	0.0
-1.5529906249867054e-06	0.0
0.0	0.0
-9.069346560863778e-05	0.0
0.0	0.0
-0.0034402026794850826	0.0
0.0	0.0
-0.0005117756081745028	0.0
0.0	0.0
0.0	0.0
0.0	0.0
-3.153514342019159e-12	0.0
-0.017690451815724373	0.0
-5.510262385266529e-13	0.0
-0.0024068551138043404	0.0
-0.001700886874459684	0.0
-0.00018801768601406366	0.0
-0.0029645846225321293	0.0
-3.772225318243727e-05	0.0
-0.00016174463962670416	0.0
0.0	0.0
0.0	0.0
-0.07435872405767441	0.0
0.0	0.0
0.0	0.0
0.0	0.0
-0.0010973613243550062	1.0
0.0	1.0
-0.00021560017194133252	0.0
-0.0003549794782884419	0.0
-0.0007735612452961504	0.0
0.0	0.0
-0.00199130573309958	0.0
0.0	0.0
-0.0015369073953479528	0.0
-7.982933148930833e-18	0.0
0.0	1.0
0.0	0.0
0.0	0.0
-3.8025339108571643e-06	0.0
-0.0007327640778385103	0.0
0.0	0.0
0.0	0.0
0.0	0.0
-5.22985756106209e-05	0.0
0.0	0.0
0.0	0.0
-0.0005903772544115782	0.0
-4.588786396197975e-05	0.0
0.0	0.0
0.0	0.0
-3.166843089275062e-05	0.0
-0.00017186495824716985	0.0
0.0	0.0
0.0	0.0
-0.0002870858006644994	0.0
-6.385731943225892e-10	0.0
-7.02714387443848e-05	0.0
-0.0018828799948096275	0.0
0.0	0.0
-5.7821358495857567e-05	0.0
0.0	0.0
-0.0014229660155251622	0.0
0.0	0.0
-4.597174483933486e-05	0.0
0.0	0.0
0.0	0.0
-0.006836429238319397	0.0
0.0	0.0
-7.276537705713793e-11	0.0
-2.408200998615939e-07	0.0
0.0	0.0
-0.0007515717297792435	0.0
0.0	0.0
-0.0002685424988158047	0.0
-0.00015478787827305496	0.0
0.0	0.0
-0.00040505945798940957	0.0
0.0	0.0
0.0	0.0
0.0	0.0
-0.00027094833785668015	0.0
0.0	0.0
0.0	0.0
0.0	0.0
-0.00114691152703017	0.0
0.0	0.0
-7.71643317420967e-06	0.0
0.0	0.0
-1.0661067761930099e-07	0.0
0.0	0.0
-1.5973587323969696e-06	0.0
-5.523225354409078e-06	0.06
-0.00016316906840074807	0.0
-0.0011139126727357507	0.06
-0.0035584589932113886	0.0
0.0	0.0
0.0	0.0
0.0	0.0
-0.0008194189867936075	0.0
0.0	0.0
-0.0012909380020573735	0.0
-0.00010442531493026763	0.0
-0.0005828046705573797	0.0
0.0	0.0
0.0	0.0
0.0	0.0
0.0	0.0
-1.71557239809772e-05	0.0
0.0	0.0
0.0	0.0
-0.0007342110620811582	0.0
0.0	0.0
-0.005404118914157152	0.0
0.0	0.0
0.0	0.0
0.0	0.0
-3.6222820654074894e-06	0.0
0.0	0.0
0.0	0.0
0.0	0.0
0.0	0.0
0.0	0.0
-0.0031225821003317833	0.0
0.0	0.0
-0.0002515722007956356	0.0
-0.0009556565200909972	0.0
-0.003965566400438547	0.0
0.0	0.0
-5.0581807187199956e-08	0.0
-0.00029080157401040196	0.0
-0.0003112087433692068	0.0
-8.112223440548405e-06	0.0
-0.002177181886509061	0.0
0.0	0.0
0.0	0.0
-0.009046307764947414	0.0
-0.001031205290928483	0.0
0.0	0.0
-2.8901769837830216e-05	0.0
-0.0008031309698708355	0.0
-1.8961615069201798e-06	0.0
0.0	0.0
-8.820637594908476e-05	0.0
-5.890061061109009e-07	0.0
-1.584802521392703e-05	0.0
0.0	0.0
-8.56892074807547e-05	0.0
0.0	0.0
0.0	0.0
0.0	0.0
0.0	0.0
-0.0019325782777741551	0.0
-1.2639681523651802e-09	0.0
0.0	0.0
-0.0031718467362225056	0.0
-0.0006786983576603234	0.0
0.0	0.0
-5.123638402437791e-08	0.0
-0.005415626335889101	0.0
-0.002401739126071334	0.0
-0.0006613419391214848	0.0
-2.3197992049972527e-05	0.0
0.0	0.0
-0.00032196700340136886	0.0
0.0	0.0
-2.1865727978243044e-11	0.0
-0.0003554891736712307	0.0
-1.8838572657386976e-07	1.0
0.0	0.0
0.0	0.0
0.0	0.0
0.0	0.0
-1.4372679970620084e-06	0.0
0.0	0.0
0.0	0.0
0.0	0.0
-0.006565190851688385	0.0
-0.002519871573895216	0.0
-4.418350727064535e-05	0.0
0.0	0.0
0.0	0.0
0.0	0.0
0.0	0.0
0.0	0.004
0.0	0.0
0.0	0.0
-1.4364565004143515e-07	0.004
0.0	0.0
0.0	0.0
-8.881978033059568e-07	0.0
0.0	0.0
-0.010354896076023579	0.0
0.0	0.0
0.0	0.0
0.0	0.0
0.0	0.0
-0.0038171985652297735	0.0
0.0	0.0
0.0	0.0
0.0	0.0
0.0	1.0
-3.0169533715707075e-07	1.0
0.0	0.0
0.0	0.0
-0.007467116694897413	0.0
0.0	0.0
0.0	0.0
0.0	0.0
-0.006883222609758377	0.0
0.0	0.0
-0.0015230104327201843	0.0
-2.3165298443927895e-06	0.0
0.0	0.0
-0.005339727271348238	0.0
-0.0012661756481975317	0.0
-2.914397334574659e-10	0.0
0.0	0.0
0.0	0.0
0.0	0.0
0.0	0.0
-0.0006355129298754036	0.0
-3.6477835863024666e-08	0.0
0.0	0.0
-2.344859422009904e-05	0.0
0.0	0.0
0.0	0.0
0.0	0.0
0.0	0.0
0.0	0.0
0.0	0.0
-1.3169290014047874e-07	0.0
-0.0016592270694673061	0.0
-2.2156019952035422e-07	0.0
-7.276517521859205e-08	0.0
-7.673471554880962e-05	0.0
-3.6790780200135487e-07	0.0
0.0	0.0
-0.0010645928559824824	0.0
-4.056307261635084e-06	0.0
0.0	0.0
0.0	0.0
0.0	0.0
-0.0025968789122998714	0.0
0.0	0.0
0.0	0.0
0.0	0.0
0.0	0.0
0.0	0.0
0.0	0.0
0.0	0.0
0.0	0.0
0.0	0.0
-0.00130275241099298	0.0
-0.0009247165871784091	0.0
0.0	0.0
-2.7678067837655362e-08	0.0
0.0	0.0
-1.3037702046858612e-05	0.0
-3.185067180311307e-05	0.0
0.0	0.0
0.0	0.0
0.0	0.0
0.0	0.0
-3.690226776598138e-06	0.0
-3.589819243643433e-05	0.0
0.0	0.0
0.0	0.0
0.0	0.0
0.0	0.0
0.0	0.0
0.0	0.0
-1.9147234979755012e-06	0.0
-0.0001156738871941343	0.0
0.0	0.0
0.0	0.0
-0.0026364189106971025	0.0
0.0	0.0
-1.423175319814618e-07	0.0
0.0	0.0
0.0	0.0
0.0	0.0
0.0	0.0
0.0	0.0
0.0	0.0
0.0	0.0
-1.4094467587710824e-05	0.0
-0.002050736453384161	0.0
0.0	0.0
-3.1113829663809156e-06	0.0
0.0	0.0
-0.0029764948412775993	0.0
0.0	0.0
-5.310390065460524e-07	0.0
0.0	0.0
0.0	0.0
-0.012753217481076717	0.0
-0.0016936094034463167	0.0
-0.001512418151833117	0.0
0.0	0.0
-0.0015634685987606645	0.0
0.0	1.0
0.0	0.0
0.0	1.0
0.0	0.0
0.0	0.0
-3.365728105109156e-07	0.0
-9.006165413438794e-08	1.0
-0.0008903427515178919	0.0
0.0	0.0
0.0	1.0
-1.5834981240914203e-05	1.0
-0.0025935231242328882	1.0
0.0	0.0
0.0	0.0
0.0	0.0
0.0	0.0
-0.004757586866617203	0.0
0.0	0.0
-0.0023812949657440186	0.0
-5.972694339106965e-07	0.0
0.0	0.0
-0.0054990858770906925	0.0
0.0	0.0
0.0	0.0
-0.009116049855947495	0.0
-9.137283707438826e-10	0.0
-0.00015204865485429764	1.0
0.0	0.0
0.0	0.0
0.0	0.0
0.0	0.0
0.0	0.0
0.0	0.0
0.0	0.0
-0.0029281266033649445	0.0
-0.0005877540097571909	1.0
0.0	0.0
0.0	0.0
0.0	0.0
0.0	0.0
-0.0007104490068741143	0.0
0.0	0.0
0.0	0.0
0.0	0.0
-0.0016693813959136605	0.0
0.0	0.0
0.0	0.0
-1.059837086359039e-05	0.0
0.0	1.0
0.0	0.0
0.0	0.0
0.0	0.0
-0.0015370442997664213	0.0
0.0	0.0
0.0	0.0
0.0	1.0
-0.005101291928440332	0.0
0.0	0.0
0.0	0.0
0.0	0.0
-6.134133201385339e-08	0.0
0.0	0.0
-2.978088787131128e-06	0.0
-3.306546147996414e-10	0.0
-1.407653689966537e-05	0.0
0.0	0.0
-0.0002673689741641283	0.0
0.0	0.0
-4.8648216761648655e-05	0.0
-0.00025901957997120917	0.0
-0.025109875947237015	0.0
0.0	0.0
-0.008883540518581867	0.0
0.0	0.0
-9.836684330366552e-05	0.0
0.0	0.0
-0.011962833814322948	0.0
0.0	0.0
0.0	0.0
0.0	0.0
0.0	0.0
0.0	0.0
-0.0005963491275906563	0.0
0.0	0.0
0.0	0.0
0.0	0.0
0.0	0.0
0.0	0.0
0.0	0.0
0.0	0.0
-0.0004194691719021648	0.0
0.0	0.0
0.0	1.0
0.0	0.0
-0.0010978936916217208	0.0
-5.6808143966691205e-08	0.0
0.0	0.0
0.0	0.0
0.0	0.0
-0.004699476528912783	0.0
0.0	0.0
-0.0007648600731045008	0.0
-8.556241482438054e-06	0.0
-3.6149140214547515e-06	0.0
-2.596249214548152e-05	0.0
0.0	0.0
0.0	1.0
-1.3895782961792502e-11	0.0
-0.00044791403342969716	0.0
0.0	0.0
-2.5773663310246775e-06	0.0
-6.556490461662179e-07	0.0
0.0	1.0
-0.00018073010141961277	0.0
0.0	1.0
0.0	1.0
0.0	0.0
0.0	0.0
-3.6028592148795724e-05	0.0
-0.00029426690889522433	0.0
-2.3341757415806796e-09	0.0
-0.0018109736265614629	0.0
-0.0006876934203319252	0.0
-0.00031739220139570534	0.0
0.0	0.0
0.0	0.0
0.0	0.0
-0.0011974414810538292	0.0
0.0	0.0
-0.013643183745443821	0.0
-2.1434722052848798e-11	0.0
-6.158286851132289e-05	0.0
0.0	0.471
-0.0001342303294222802	0.0
-0.00022835835989098996	0.0
0.0	1.0
0.0	1.0
0.0	0.0
0.0	0.0
-0.00045360607327893376	1.0
0.0	1.0
-1.5663879821659066e-05	1.0
-0.006040000356733799	0.0
0.0	0.0
0.0	0.0
-0.0006501330644823611	0.0
0.0	0.0
0.0	0.0
0.0	0.0
0.0	0.0
0.0	0.0
-1.312933136432548e-06	0.0
0.0	0.0
0.0	0.0
-0.002326288726180792	0.0
-0.0019587732385843992	0.0
0.0	0.0
0.0	0.0
0.0	0.0
-3.3888823963934556e-05	0.0
0.0	0.0
-0.02181914448738098	0.0
0.0	0.0
-0.017017913982272148	0.0
0.0	0.0
-0.0016204006969928741	0.0
0.0	0.0
-0.00025600995286367834	0.0
-0.006639138795435429	0.0
-2.187377140216995e-05	0.0
0.0	0.0
-0.0004582472029142082	0.0
0.0	0.0
-0.0040432424284517765	0.0
-0.0004752438690047711	0.0
0.0	0.0
0.0	0.0
0.0	0.0
0.0	0.0
0.0	0.0
0.0	0.0
-6.064155400054005e-08	0.0
-0.00026626966428011656	0.0
0.0	0.0
-5.379944923333824e-05	0.0
0.0	0.0
0.0	0.0
0.0	0.0
-1.9260540284449235e-05	0.0
0.0	0.0
0.0	0.0
0.0	0.0
0.0	0.0
-1.6405390852014534e-05	0.0
0.0	0.0
-6.673814368696185e-06	0.0
0.0	0.0
0.0	0.0
-0.00317638972774148	0.0
-0.0001275218091905117	0.0
0.0	0.0
0.0	0.0
-2.9055756911589015e-08	0.0
-4.6857300617375586e-07	0.0
0.0	0.0
0.0	0.0
0.0	0.0
-0.0008036409853957593	0.0
-1.283208695551652e-11	0.0
-5.367878202378051e-06	0.0
0.0	0.0
-3.1248293907992775e-06	0.0
-1.1867674629684188e-06	0.0
0.0	0.0
-0.00010734577517723665	0.294
0.0	0.294
-4.862086279899813e-05	0.0
-0.0004426988016348332	0.0
-0.00023614722886122763	0.0
0.0	0.0
-1.0653925528458785e-06	0.0
-4.0847196942195296e-05	0.0
-1.5362056728918105e-05	0.0
-6.965559009586286e-07	1.0
-0.00010959026985801756	0.14
-6.972447408770677e-06	0.0
0.0	0.14
0.0	0.14
-6.44602405373007e-05	0.0
-9.487596798862796e-06	0.14
0.0	0.0
-0.00010684593871701509	0.0
0.0	0.0
0.0	0.0
0.0	0.0
0.0	0.0
-0.0003382789727766067	0.0
-3.216225286095664e-09	0.003
0.0	0.0
0.0	0.0
0.0	0.0
-0.02220844477415085	0.0
-0.0008785466779954731	0.0
-0.009808649308979511	0.0
-4.094030009582639e-05	0.0
-1.925848118844442e-05	0.0
0.0	0.0
0.0	0.0
0.0	0.0
0.0	0.0
-0.0006066562491469085	0.0
0.0	0.0
-4.567717496684054e-06	0.0
0.0	0.0
0.0	0.0
0.0	0.0
0.0	0.0
0.0	0.0
0.0	0.0
0.0	0.0
0.0	0.0
-0.009887749329209328	0.0
-0.0009615557501092553	0.0
0.0	0.0
-5.6418561143800616e-05	0.0
0.0	0.0
0.0	0.0
0.0	0.0
0.0	0.0
-1.203968054142024e-06	0.0
0.0	0.0
-1.750859526805648e-11	0.0
0.0	0.0
0.0	0.0
-0.0011415851768106222	0.0
-5.367428093450144e-05	0.0
-6.529046459036181e-07	0.0
0.0	0.0
-8.284148478310271e-09	0.0
0.0	0.0
0.0	0.0
-0.0005175971309654415	0.0
0.0	0.0
0.0	0.0
0.0	0.0
-3.2827625062736843e-09	0.0
0.0	0.0
0.0	0.0
0.0	0.218
0.0	0.0
0.0	0.23
-0.0001476496981922537	0.0
-6.368707915638955e-14	0.0
0.0	0.0
0.0	0.0
-0.0024776230566203594	0.0
-0.00027705711545422673	1.0
-5.8210116549162194e-05	0.0
0.0	0.0
-3.7632547901012003e-05	0.0
-0.028007231652736664	0.0
0.0	1.0
0.0	0.0
0.0	0.0
-1.6901987009987351e-07	0.0
-0.00010553692118264735	0.0
-0.004331799224019051	0.0
-3.27355678564345e-06	0.0
-7.985859156178776e-06	0.052
-0.014331680722534657	0.0
0.0	0.0
-0.0026122715789824724	0.052
0.0	0.0
-4.4284897739998996e-05	0.052
0.0	0.0
-7.17306902515702e-05	0.052
-0.002427411265671253	0.0
-0.0008991262293420732	0.0
-0.004385740030556917	0.0
0.0	0.0
-0.00010863286297535524	0.0
0.0	0.0
-6.992809886696705e-09	0.0
0.0	0.0
-0.0001095445841201581	0.0
-0.0003575741720851511	0.0
0.0	0.0
0.0	0.0
0.0	0.0
0.0	0.0
0.0	0.0
-8.224499206677116e-12	0.0
0.0	0.0
-1.0155487562002463e-09	0.0
0.0	0.0
-0.002136478666216135	0.0
0.0	0.0
-0.07332248240709305	0.0
0.0	0.0
0.0	0.0
-0.00932637881487608	0.0
0.0	0.0
0.0	0.0
0.0	0.0
-0.0037430021911859512	0.0
0.0	0.0
-5.916260192861955e-07	0.0
0.0	0.0
-6.011168807162903e-07	0.0
-0.0009166770614683628	0.0
-0.0004695725510828197	0.0
-0.00650246674194932	0.0
0.0	0.0
-0.0001694971724646166	0.0
-0.0032626239117234945	0.0
0.0	1.0
0.0	0.0
-1.936413127623382e-06	0.0
0.0	0.0
-0.004297977313399315	0.0
-2.248536293336656e-05	0.0
0.0	0.0
-0.014456318691372871	0.0
-7.348015251817941e-11	0.0
-0.0008211356471292675	1.0
0.0	1.0
-0.001648081000894308	1.0
0.0	0.0
0.0	0.0
-0.01397728268057108	0.0
0.0	0.0
0.0	0.0
-0.0004125739505980164	0.0
-0.005759711842983961	0.0
0.0	0.0
0.0	0.0
-0.0013832974946126342	0.0
0.0	0.0
-0.008657132275402546	0.0
-3.4359400160610676e-05	0.0
-1.8672753230794537e-13	0.0
0.0	0.0
-6.221837975317612e-05	0.0
