-0.0005768985720351338	1.0
-0.0005582260200753808	0.0
0.0	1.0
0.0	1.0
0.0	0.0
-4.200921466690488e-06	1.0
0.0	1.0
0.0	1.0
-0.0122156273573637	0.0
0.0	0.0
0.0	1.0
0.0	0.0
0.0	0.041
0.0	1.0
0.0	0.0
-3.3335894045194436e-07	1.0
-1.426960654672682e-12	0.0
-0.0006746001890860498	1.0
0.0	1.0
0.0	1.0
0.0	1.0
-0.00020157928520347923	1.0
0.0	1.0
0.0	1.0
0.0	1.0
0.0	1.0
0.0	1.0
0.0	1.0
0.0	1.0
0.0	1.0
-5.052776032243855e-05	1.0
0.0	0.0
-5.353186969224433e-13	1.0
-2.7495188348325428e-08	1.0
-6.36076293858423e-08	1.0
-0.0002614731201902032	1.0
-0.001789658097550273	1.0
-2.2766412257624324e-06	1.0
-3.50497430190444e-05	1.0
0.0	1.0
0.0	1.0
0.0	1.0
0.0	0.0
0.0	1.0
0.0	1.0
0.0	1.0
0.0	0.0
0.0	1.0
-2.549351165725966e-06	1.0
0.0	1.0
-0.00018444692250341177	1.0
-0.002990126144140959	0.5806451612903226
-0.0002612085663713515	1.0
0.0	1.0
-2.3541679183836095e-06	0.0
0.0	0.013555787278415016
0.0	1.0
0.0	1.0
-1.6403184417868033e-05	1.0
-0.00011091823398601264	0.0
-0.0002186330675613135	1.0
0.0	0.0
-0.00012737780343741179	0.0
0.0	1.0
0.0	0.0
-5.5340065046038944e-06	1.0
-0.0015135116409510374	0.0
0.0	1.0
-7.481278316845419e-07	1.0
-1.2403382925185724e-06	1.0
0.0	0.0
0.0	1.0
0.0	1.0
-0.0010558606591075659	1.0
0.0	1.0
0.0	1.0
-1.3246000207800535e-07	1.0
0.0	1.0
0.0	1.0
-0.0007716345135122538	1.0
-2.754390152404085e-06	0.0
0.0	0.0
0.0	1.0
0.0	1.0
-6.58921453577932e-06	0.0
0.0	1.0
0.0	1.0
0.0	1.0
-0.0013889018446207047	1.0
0.0	1.0
-0.00011463675764389336	1.0
0.0	1.0
0.0	1.0
0.0	0.0
-1.5868581613176502e-05	1.0
0.0	1.0
-0.0012137613957747817	1.0
0.0	1.0
0.0	0.11239860950173812
0.0	1.0
-0.0003525289648678154	1.0
0.0	1.0
0.0	0.0
-4.435362825461198e-06	0.12537917087967643
-1.2805759070033673e-05	0.0
-6.215910161699867e-06	1.0
0.0	1.0
0.0	1.0
0.0	1.0
-0.0027661642525345087	0.0
0.0	1.0
0.0	1.0
0.0	1.0
-4.155428501295688e-10	0.894
-1.0767622349305839e-09	1.0
0.0	0.894
-0.0075172982178628445	0.0
0.0	1.0
-0.0005674826679751277	0.028112449799196786
-5.384843461797573e-06	0.0
-2.0923063281941268e-09	1.0
-0.00021528563229367137	1.0
-0.0004907503025606275	1.0
-4.2951989598805085e-05	0.0
-5.813367533846758e-05	0.0
0.0	0.0
0.0	0.048
-0.00030296682962216437	0.0
0.0	1.0
-5.588753460017415e-09	0.0
-6.188503487436492e-09	1.0
0.0	1.0
0.0	1.0
-9.150796245194215e-07	0.0
-0.0006990719120949507	1.0
0.0	0.0
-5.107573088025674e-06	1.0
-0.00045060974662192166	1.0
-0.0019223097478970885	1.0
-0.00027862918796017766	1.0
0.0	1.0
0.0	1.0
0.0	0.0
-0.0030817710794508457	0.0
-0.00040002487367019057	1.0
0.0	1.0
0.0	0.01312910284463895
-0.01691771112382412	0.0
0.0	1.0
-1.743792927300092e-05	1.0
0.0	1.0
0.0	0.0
-5.4111069791584754e-11	0.0
-9.830004046307295e-07	1.0
-1.8576338384201918e-11	1.0
-0.0016852746484801173	1.0
0.0	1.0
0.0	0.0
0.0	0.0
-0.000135838141432032	1.0
-1.8519979221309768e-06	1.0
0.0	1.0
0.0	1.0
0.0	1.0
-0.04659050330519676	0.0
0.0	1.0
0.0	1.0
0.0	0.0
0.0	0.011764705882352941
0.0	1.0
-0.0011538953986018896	0.0
0.0	1.0
0.0	1.0
-8.607922152847891e-10	1.0
-2.3980117020983016e-06	1.0
-2.6877877094128033e-12	0.0
-4.286278272047639e-05	1.0
0.0	1.0
0.0	1.0
-1.0671710043430593e-11	1.0
0.0	1.0
0.0	1.0
-0.001120743458159268	0.0
0.0	1.0
0.0	1.0
0.0	1.0
-4.996491952624638e-06	1.0
0.0	0.0
-3.170724448864348e-05	1.0
0.0	1.0
-9.886000498227077e-07	1.0
-1.3450730307340564e-07	1.0
0.0	1.0
-1.7825301256380044e-05	1.0
0.0	1.0
0.0	1.0
0.0	0.0
0.0	1.0
0.0	1.0
-0.002467495622113347	0.0
-1.28803193888416e-07	1.0
-2.094607407343574e-05	1.0
0.0	1.0
0.0	1.0
0.0	1.0
-1.6859395823853873e-10	1.0
0.0	0.023
0.0	1.0
-0.013363180682063103	0.0
0.0	1.0
-3.9174389598883863e-07	0.0
-3.414594175410457e-06	1.0
0.0	1.0
-1.053185627597486e-07	1.0
-1.6256463197805715e-07	1.0
0.0	0.0060790273556231
-1.752551725076046e-05	1.0
0.0	0.0
0.0	1.0
-0.0020121177658438683	0.0
0.0	1.0
0.0	1.0
-0.01035257987678051	0.056910569105691054
0.0	1.0
-0.016819080337882042	0.0
-0.0001897250913316384	1.0
0.0	0.010351966873706004
0.0	1.0
0.0	0.0
0.0	1.0
-0.009739757515490055	0.0
-1.5128220454130314e-08	1.0
-0.0009305324056185782	0.19811320754716982
0.0	0.0
-2.7469537755564488e-08	1.0
-1.9076453554589534e-06	0.0010121457489878543
0.0	0.0
0.0	1.0
-8.506573067279533e-05	0.011022044088176353
-1.6558319657633547e-06	1.0
0.0	1.0
-7.758811079838779e-06	1.0
-0.00021676483447663486	0.0
0.0	1.0
-0.0013242558343335986	1.0
-9.507954423781939e-09	0.0
-0.0015414872905239463	1.0
0.0	0.0
0.0	1.0
0.0	1.0
0.0	0.0
0.0	1.0
-0.006260733585804701	0.0
-0.015517858788371086	0.0
0.0	1.0
-6.69174096401548e-06	1.0
0.0	1.0
0.0	1.0
0.0	1.0
-9.9348952062428e-05	0.13721413721413722
0.0	0.132
-4.0390518707411616e-10	1.0
0.0	1.0
0.0	0.0166270783847981
-0.0002693532733246684	1.0
0.0	1.0
0.0	1.0
-2.328218579350505e-05	1.0
0.0	1.0
-0.000368942302884534	1.0
0.0	1.0
0.0	1.0
-0.0024136356078088284	1.0
0.0	1.0
0.0	1.0
-7.035859742043904e-12	1.0
-6.94603272677341e-08	1.0
0.0	1.0
-0.03598180413246155	0.0
0.0	0.0
0.0	0.0
-0.002117549069225788	1.0
-1.3015694094065111e-05	1.0
0.0	1.0
-0.0020228237845003605	1.0
0.0	0.0
-2.5854526029434055e-05	1.0
0.0	1.0
-0.003887973492965102	1.0
0.0	0.0
-1.4745663179382973e-07	0.030120481927710843
-0.000567298149690032	0.0
-0.027504436671733856	0.0
0.0	0.0
0.0	1.0
-0.0002658140438143164	1.0
0.0	1.0
-4.299502506910358e-06	1.0
0.0	1.0
0.0	1.0
0.0	1.0
0.0	0.0
-0.00032210213248617947	0.0
0.0	1.0
0.0	1.0
0.0	1.0
-0.0007356142741627991	0.0
0.0	0.0
0.0	1.0
0.0	1.0
0.0	1.0
0.0	0.0
-6.845791176601779e-06	1.0
0.0	1.0
0.0	1.0
0.0	1.0
0.0	1.0
0.0	1.0
-3.634536187746562e-05	1.0
0.0	0.0
-0.0015360111137852073	1.0
0.0	1.0
0.0	1.0
0.0	0.0
-0.0018155532889068127	0.17842741935483872
-3.278390749983373e-07	1.0
0.0	1.0
-5.987944678054191e-05	0.0
0.0	0.0
0.0	0.0
-0.005874894093722105	0.0
-0.0009976353030651808	1.0
-0.0008000403759069741	1.0
-0.00040018753497861326	1.0
-0.006959137041121721	0.0
-3.140285116387531e-05	1.0
0.0	1.0
-0.0014813360758125782	0.0
-9.204860873524012e-09	0.0
-0.0009021862060762942	1.0
0.0	0.0
0.0	1.0
-5.4346819524653256e-05	0.009433962264150943
-0.0002030053874477744	0.0
0.0	1.0
-1.2420923667377792e-05	1.0
0.0	0.0
0.0	0.0
0.0	1.0
0.0	0.0
0.0	0.0
0.0	1.0
-0.0001602931588422507	0.0
0.0	1.0
0.0	0.001006036217303823
-0.002245089504867792	0.0
0.0	1.0
-0.0013775208499282598	1.0
-0.00030328769935294986	0.02869757174392936
-0.00027301671798340976	1.0
0.0	1.0
-0.0001282139273826033	1.0
0.0	1.0
-4.6598589875657126e-08	1.0
-2.6425863719481413e-09	1.0
-1.453607234580545e-10	0.0
-2.2203775529305858e-07	1.0
0.0	0.0
0.0	1.0
-7.250122143886983e-05	1.0
0.0	0.0
0.0	0.0
-1.690945282462053e-05	1.0
0.0	1.0
0.0	1.0
0.0	1.0
0.0	1.0
0.0	1.0
0.0	1.0
0.0	1.0
-1.7601533386368828e-07	1.0
-0.00375142740085721	0.0
0.0	1.0
0.0	0.0
-6.83717971128317e-08	1.0
0.0	1.0
0.0	1.0
-0.027751127257943153	0.0
0.0	1.0
0.0	0.0
0.0	1.0
0.0	1.0
0.0	1.0
-0.001927737146615982	0.0
-6.515743734780699e-06	0.0
0.0	0.0
0.0	0.0
0.0	1.0
0.0	1.0
0.0	0.0
0.0	1.0
0.0	1.0
0.0	1.0
-1.0042574416502248e-07	1.0
0.0	1.0
0.0	1.0
0.0	0.044
0.0	1.0
-0.0004153432964812964	1.0
0.0	1.0
0.0	1.0
-0.0026010393630713224	0.0
0.0	1.0
0.0	1.0
-0.0020526861771941185	0.0
-0.00015755256754346192	0.0
0.0	0.0
-0.0003445548063609749	1.0
0.0	1.0
-3.155601370963268e-05	1.0
0.0	1.0
0.0	1.0
-7.062032182147959e-06	1.0
-2.299025254615117e-05	1.0
0.0	0.0011890606420927466
0.0	1.0
0.0	0.15915915915915915
-0.0002832314057741314	1.0
0.0	1.0
0.0	1.0
0.0	1.0
-0.001563370693475008	1.0
0.0	0.0
0.0	0.0
-1.6341730315616587e-06	1.0
0.0	1.0
0.0	1.0
0.0	0.0
0.0	1.0
0.0	1.0
0.0	1.0
0.0	1.0
0.0	1.0
0.0	1.0
0.0	1.0
-8.09618896369102e-08	0.0
0.0	0.5711086226203808
0.0	1.0
-8.47220071875654e-10	1.0
0.0	1.0
-3.416624622332165e-06	0.0
-0.0010076198959723115	0.0
0.0	1.0
-0.0009401100687682629	1.0
-1.005468278081345e-12	0.0
0.0	1.0
-0.0012786436127498746	0.0
0.0	1.0
0.0	1.0
-0.0013613549526780844	1.0
0.0	1.0
-0.00019581851665861905	1.0
0.0	1.0
-0.0019384075421839952	0.0
0.0	1.0
-0.0056481799110770226	0.0
0.0	0.001
0.0	1.0
-8.902245163255884e-09	0.0
0.0	1.0
0.0	0.021021021021021023
0.0	1.0
0.0	1.0
0.0	1.0
-2.5712242859299295e-05	0.0
-0.001626745332032442	0.0
-0.0001776748977135867	0.0
-4.878240815742174e-06	1.0
