0.0	1.0
-0.0017757767345756292	0.0
-1.2045456060150173e-05	0.0
0.0	1.0
-0.0010221428237855434	1.0
0.0	1.0
-1.694195634627249e-05	1.0
0.0	1.0
0.0	1.0
-3.448824906215897e-11	1.0
0.0	1.0
0.0	1.0
0.0	1.0
0.0	1.0
0.0	0.0
-0.0011143162846565247	0.0
-2.6848358605779943e-13	0.05595116988809766
0.0	1.0
0.0	0.0
0.0	1.0
-0.0002832989557646215	0.1030818278427205
0.0	1.0
-0.0012011014623567462	0.0
0.0	1.0
0.0	1.0
-1.624107790121343e-05	1.0
0.0	1.0
-7.46318676192459e-07	1.0
0.0	1.0
-0.0014352104626595974	1.0
0.0	1.0
0.0	1.0
-0.0014881266979500651	1.0
0.0	1.0
0.0	0.0
-8.691728726262227e-05	1.0
0.0	0.0
-2.8742676931869937e-06	1.0
-7.29264328924728e-08	1.0
0.0	1.0
0.0	1.0
0.0	0.0
-4.4112059072176635e-07	1.0
0.0	1.0
0.0	1.0
0.0	1.0
0.0	0.0
0.0	0.514792899408284
0.0	1.0
0.0	0.10171198388721048
0.0	1.0
0.0	0.0
-2.517475513741374e-05	1.0
0.0	1.0
0.0	1.0
0.0	0.0
-0.0012101377360522747	0.0
-6.279526587604778e-08	1.0
-3.145879600197077e-05	1.0
-2.9582739102806954e-07	1.0
-0.00957907922565937	0.0
0.0	1.0
-0.0011238105362281203	1.0
0.0	1.0
0.0	0.254
-0.0005981777794659138	1.0
-0.00039238674798980355	1.0
0.0	0.0
0.0	1.0
0.0	1.0
-0.0012876983964815736	1.0
-1.1609929515543627e-06	0.0
0.0	1.0
-0.00031564515666104853	0.0
0.0	0.0
0.0	1.0
0.0	1.0
-0.0008417796343564987	0.0
-0.0006202111835591495	1.0
0.0	1.0
0.0	0.7362204724409449
0.0	0.0
0.0	1.0
0.0	1.0
0.0	0.0
-4.369088856037706e-05	1.0
0.0	1.0
-8.683142368681729e-05	1.0
0.0	1.0
0.0	1.0
0.0	0.0
0.0	1.0
-2.904430630223942e-06	1.0
-0.0015964081976562738	1.0
0.0	1.0
0.0	1.0
-6.277090847106592e-07	1.0
0.0	1.0
-3.674639810924418e-05	1.0
0.0	0.0
0.0	0.0
0.0	1.0
0.0	1.0
-1.0847528528756811e-06	0.06345957011258956
0.0	1.0
0.0	0.0
0.0	1.0
0.0	1.0
0.0	0.0
0.0	1.0
0.0	0.8310991957104558
0.0	1.0
0.0	0.0
-1.5542648279520677e-09	1.0
0.0	1.0
0.0	0.0
0.0	1.0
-0.018211176618933678	0.0
0.0	0.0
-0.0026501493994146585	1.0
0.0	1.0
0.0	1.0
0.0	1.0
-1.158843154769329e-08	0.0
-4.760720003105234e-06	1.0
0.0	0.0
0.0	0.0
-0.0065348646603524685	0.0
0.0	1.0
-0.0008551112259738147	1.0
-0.002916056429967284	0.1165644171779141
-1.0970675248245243e-06	1.0
0.0	1.0
0.0	1.0
-1.2631586798761418e-07	1.0
0.0	0.014184397163120567
0.0	0.0
-2.1471120437155378e-09	1.0
-3.337457428642665e-06	0.26627218934911245
-0.02486223727464676	0.0
-0.00029661040753126144	1.0
0.0	1.0
-5.132775315885851e-10	0.0
0.0	1.0
0.0	1.0
-4.963255378243048e-06	0.01968503937007874
-4.779903247253969e-05	1.0
0.0	1.0
0.0	1.0
-0.0001225381129188463	0.6004728132387707
0.0	1.0
0.0	1.0
-2.43203301941719e-09	1.0
0.0	1.0
-1.8748670527202194e-07	1.0
-0.001941271242685616	1.0
0.0	1.0
0.0	1.0
0.0	1.0
0.0	1.0
0.0	0.0
0.0	0.0
0.0	0.3358302122347066
0.0	1.0
-0.0012447824701666832	0.3533083645443196
0.0	0.017478152309612985
-3.591427319654759e-15	1.0
-2.141543886668984e-12	1.0
0.0	1.0
0.0	0.0
0.0	1.0
-0.0028928734827786684	1.0
0.0	1.0
0.0	1.0
0.0	0.3097560975609756
-0.00027595506981015205	1.0
0.0	1.0
0.0	1.0
0.0	1.0
-0.0014003337128087878	1.0
0.0	1.0
0.0	1.0
0.0	1.0
-0.0003110150573775172	0.1111111111111111
-8.477261872030795e-06	1.0
0.0	1.0
0.0	1.0
0.0	1.0
-5.054150431504922e-10	1.0
-2.3752178002212077e-10	1.0
-0.0016140282386913896	1.0
0.0	1.0
-1.3348904204235623e-09	1.0
-0.0004337230056989938	1.0
0.0	1.0
0.0	1.0
-4.87870408960589e-07	0.0
0.0	0.0
0.0	1.0
-0.0001164670757134445	1.0
-0.00037174418685026467	1.0
0.0	1.0
-0.05281098932027817	0.0
0.0	1.0
0.0	0.0
-0.0008351915748789907	0.0
0.0	1.0
-0.0029493216425180435	1.0
0.0	1.0
0.0	1.0
-3.465179543127306e-05	1.0
0.0	1.0
0.0	0.0
0.0	0.024665981500513873
0.0	0.0
0.0	1.0
-9.506081477539396e-10	1.0
-2.5202643882948905e-06	0.008056394763343404
0.0	1.0
0.0	1.0
-0.006499670445919037	0.00708502024291498
0.0	0.0
0.0	1.0
-8.889406988288329e-10	1.0
0.0	1.0
0.0	1.0
0.0	1.0
-8.404006934803476e-10	0.0
0.0	1.0
-0.0002684798091650009	1.0
0.0	0.03626943005181347
0.0	1.0
0.0	1.0
0.0	1.0
-0.0025050221011042595	0.0
0.0	1.0
0.0	1.0
0.0	1.0
0.0	1.0
-0.0001755456323735416	1.0
-4.193508721073158e-05	0.0
0.0	1.0
-0.0003276004281360656	1.0
-3.235182475691545e-06	1.0
0.0	1.0
-8.120694837998599e-05	1.0
0.0	0.0
-1.7561045751790516e-05	0.039
0.0	0.0
-0.0002461459662299603	0.0
0.0	1.0
0.0	0.0
-0.001356986933387816	1.0
-2.453144952596631e-05	1.0
0.0	0.009060022650056626
0.0	1.0
-0.0003823550941888243	1.0
0.0	1.0
0.0	1.0
0.0	1.0
0.0	1.0
0.0	0.0
0.0	0.6135902636916836
-3.6154375493424595e-08	1.0
0.0	0.0
0.0	1.0
0.0	1.0
-0.00017746097000781447	0.1377952755905512
0.0	1.0
0.0	1.0
0.0	1.0
0.0	1.0
-0.0006865852628834546	1.0
0.0	1.0
0.0	1.0
0.0	0.0
0.0	1.0
0.0	1.0
0.0	1.0
-0.023419149219989777	0.0
-7.944725075503811e-05	1.0
-1.056807377608493e-06	1.0
0.0	0.2702702702702703
-0.002380486810579896	1.0
-0.007738977670669556	0.009259259259259259
-0.034731049090623856	0.0
0.0	0.0
0.0	1.0
0.0	1.0
0.0	1.0
-0.0016758185811340809	0.0
0.0	0.042839657282741736
0.0	0.0
0.0	0.0028208744710860366
-9.938652567598183e-08	1.0
0.0	0.174
0.0	0.174
-8.060009713517502e-05	1.0
-8.92598745849682e-06	0.16125150421179302
0.0	1.0
-0.0002932666684500873	1.0
-8.157747652148828e-05	1.0
0.0	1.0
-0.00022851783432997763	0.0
-1.4281850724273681e-07	1.0
0.0	1.0
0.0	1.0
-1.1647041731066565e-07	1.0
-1.7322941857855767e-05	0.0
0.0	1.0
-0.00020626849436666816	1.0
0.0	1.0
0.0	1.0
0.0	1.0
-0.053562458604574203	0.0
0.0	0.0
0.0	0.0
-0.00039384225965477526	0.006112469437652812
0.0	0.0
0.0	1.0
0.0	0.0
0.0	1.0
-9.888991371553857e-06	1.0
0.0	1.0
-0.00024314939219038934	1.0
0.0	1.0
0.0	0.0
0.0	0.0
-3.820224264927674e-06	0.0
-0.00013382099859882146	1.0
0.0	1.0
-1.2704449545708485e-05	0.0
0.0	1.0
0.0	0.0
0.0	0.11242603550295859
0.0	1.0
0.0	0.0
0.0	0.0
0.0	1.0
-0.0011990396305918694	1.0
0.0	1.0
0.0	1.0
0.0	1.0
-3.552321868482977e-05	1.0
0.0	1.0
0.0	0.6967509025270758
0.0	1.0
-0.02470371685922146	0.0
0.0	1.0
0.0	1.0
0.0	1.0
0.0	1.0
0.0	1.0
-0.00010409906099084765	1.0
0.0	1.0
-0.008883817121386528	0.0
-3.0269315175246447e-05	0.09529025191675794
-0.0005504928412847221	1.0
0.0	1.0
0.0	1.0
0.0	1.0
-2.6020246878033504e-05	1.0
-2.332069259924907e-10	1.0
-0.020868221297860146	0.0
0.0	1.0
0.0	1.0
0.0	1.0
-0.00027339920052327216	1.0
-0.0033398056402802467	0.05325443786982249
0.0	1.0
0.0	0.0
0.0	1.0
-0.0006251796148717403	0.0
-3.8431808206951246e-05	0.0
0.0	1.0
-0.000210205398616381	0.0
-6.449704485766983e-12	0.0
-0.0010865014046430588	1.0
-0.0009521200554445386	0.0
-3.413474769331515e-05	1.0
-2.1877341789284382e-13	1.0
0.0	1.0
0.0	1.0
0.0	1.0
0.0	1.0
0.0	1.0
0.0	0.0
-2.392270914697292e-07	0.25579053373615307
0.0	1.0
0.0	1.0
-4.200397961540148e-05	1.0
-9.455099814204004e-08	0.0
-0.0048437947407364845	0.0
0.0	1.0
0.0	1.0
-0.0037099653854966164	0.0
0.0	0.5787362086258776
0.0	1.0
-0.00010847469820873812	1.0
0.0	0.0
0.0	1.0
0.0	1.0
-1.7733857021084987e-05	0.07596253902185224
0.0	1.0
0.0	0.06859592711682744
0.0	0.0
0.0	0.08808808808808809
0.0	1.0
-4.143033947912045e-05	1.0
-0.00014489742170553654	0.0
0.0	1.0
-0.00014142115833237767	0.0
-0.009873542934656143	0.07790549169859515
0.0	1.0
0.0	1.0
-0.0006698907818645239	0.29310344827586204
0.0	0.0
0.0	1.0
-0.0003005636972375214	0.0
0.0	1.0
-0.025413494557142258	0.0
0.0	0.0
0.0	1.0
0.0	1.0
-1.7942741736831636e-09	1.0
0.0	1.0
-2.4648016960782115e-08	1.0
-0.015310990624129772	0.0
0.0	0.0
0.0	1.0
0.0	0.20481927710843373
0.0	1.0
0.0	1.0
-9.493277275396395e-07	1.0
0.0	0.0
0.0	0.0
-0.002593639539554715	1.0
-0.0029258921276777983	0.0
0.0	1.0
0.0	1.0
0.0	1.0
0.0	1.0
0.0	1.0
-2.8576008844538592e-05	1.0
0.0	1.0
0.0	1.0
-0.0009533057454973459	0.3130081300813008
-5.527877146960236e-05	0.7362204724409449
-6.540895602924479e-10	0.023121387283236993
0.0	0.3130081300813008
0.0	1.0
0.0	1.0
0.0	1.0
0.0	1.0
0.0	1.0
0.0	1.0
-0.0026104613207280636	0.0
0.0	1.0
-0.00015477284614462405	0.0421179302045728
-9.150910773314536e-05	0.03885480572597137
-1.1000087170032202e-06	1.0
0.0	1.0
0.0	0.04290091930541369
-0.00035480078076943755	1.0
-0.00044383335625752807	1.0
-0.0019723777659237385	0.0
0.0	0.0
0.0	0.0
0.0	1.0
-1.1036034265998751e-05	1.0
0.0	0.0
-0.00015797118248883635	1.0
0.0	1.0
0.0	1.0
0.0	1.0
-1.0752044090622803e-06	1.0
0.0	1.0
0.0	0.0
0.0	1.0
-0.00015702929522376508	1.0
-6.4515047597524244e-06	1.0
0.0	1.0
0.0	0.0
-1.4891917032855417e-07	0.0
0.0	1.0
0.0	1.0
0.0	0.0
0.0	0.0
0.0	1.0
-0.0052046338096261024	0.0
0.0	1.0
-0.05333314836025238	0.0
-1.2296152362978319e-06	1.0
0.0	1.0
-4.766893013652407e-08	0.0
-0.00020608297199942172	1.0
0.0	1.0
-1.710468677629251e-05	0.0
0.0	1.0
0.0	1.0
-0.005296777468174696	0.0
0.0	1.0
0.0	0.0
-1.3534568097384181e-05	1.0
0.0	1.0
-1.5446610351950853e-15	1.0
-0.0009706036653369665	0.0
-3.3602379971853225e-06	0.0
0.0	1.0
0.0	1.0
-3.178310392648598e-11	1.0
-0.002985257189720869	0.0
0.0	0.0
0.0	1.0
0.0	0.0
0.0	1.0
-0.0003680241934489459	1.0
-0.0015997561858966947	1.0
0.0	0.831
-1.182117011921946e-05	0.0
-0.01039116084575653	0.0
0.0	1.0
-1.5038614264994976e-06	1.0
-8.103489381028339e-05	1.0
0.0	1.0
0.0	0.0
-4.619028914021328e-06	1.0
0.0	1.0
0.0	1.0
0.0	1.0
0.0	1.0
-0.004236353095620871	0.010050251256281407
0.0	0.0
0.0	0.0
0.0	1.0
-0.00024928065249696374	1.0
-0.0008913978817872703	0.06896551724137931
-5.950529999299015e-12	1.0
0.0	0.0
0.0	1.0
-7.772763281534839e-14	0.0037313432835820895
-0.0002733940491452813	1.0
-0.00024327878782059997	0.0
0.0	1.0
0.0	1.0
0.0	1.0
0.0	1.0
-0.018961291760206223	0.0
-2.252582817163784e-06	1.0
0.0	0.14536340852130325
-0.00040911295218393207	0.0
0.0	1.0
0.0	1.0
0.0	1.0
0.0	1.0
0.0	0.0
0.0	0.2921686746987952
-0.0038084983825683594	1.0
0.0	1.0
0.0	1.0
-0.001424079411663115	0.0036452004860267314
0.0	1.0
-3.199670004505606e-07	0.0
0.0	1.0
0.0	0.1111111111111111
0.0	0.0
0.0	1.0
0.0	1.0
0.0	0.0
-9.18816400741207e-09	1.0
0.0	0.0
0.0	0.0
-0.006126067601144314	0.0
-0.007183049339801073	0.0
0.0	1.0
0.0	1.0
0.0	1.0
-3.17307566888303e-08	1.0
0.0	1.0
-2.731906306507881e-06	1.0
-8.150908570314641e-07	1.0
-0.0010562611278146505	0.0050916496945010185
0.0	1.0
-0.002314814133569598	1.0
0.0	0.0
0.0	0.18743667679837892
-2.5076152709857524e-08	1.0
-6.571319877135551e-11	1.0
0.0	0.2067620286085826
-6.095174740039511e-06	0.0
0.0	1.0
0.0	1.0
0.0	0.010090817356205853
-1.641052804757237e-08	0.0
0.0	0.0
