-0.003728267038241029	0.0
0.0	0.0
0.0	0.0
0.0	1.0
0.0	0.0
0.0	1.0
0.0	0.0
-3.3878015983646037e-06	1.0
0.0	1.0
-5.528403562493622e-05	0.903
0.0	0.007751937984496124
-0.00092979526380077	1.0
0.0	1.0
-2.5878016458591446e-05	1.0
0.0	1.0
0.0	1.0
-0.0004537557251751423	0.0
-6.465773367381189e-06	1.0
-4.210784609881557e-09	0.0
0.0	0.16616616616616617
0.0	1.0
0.0	1.0
-1.1916810763068497e-05	1.0
0.0	0.0
-3.2553280107094906e-06	1.0
0.0	0.02631578947368421
-7.642155833309516e-05	1.0
0.0	1.0
-1.1669065315800253e-05	1.0
0.0	1.0
-0.0014045055722817779	0.11907983761840325
-7.778134403224612e-08	0.12883435582822086
0.0	1.0
0.0	0.0
0.0	1.0
0.0	1.0
0.0	1.0
0.0	1.0
0.0	1.0
0.0	1.0
0.0	1.0
0.0	0.03665987780040733
-0.0018110357923433185	1.0
0.0	1.0
0.0	0.021169354838709676
0.0	1.0
-0.004314541816711426	1.0
0.0	0.0
-1.2445473657862749e-05	1.0
0.0	0.0
0.0	0.0
0.0	0.0
-5.164172023341962e-08	1.0
0.0	1.0
-5.381300525186816e-07	1.0
0.0	1.0
-0.0460708923637867	0.0
-0.0007542829844169319	0.0
0.0	1.0
0.0	1.0
0.0	1.0
-0.0046990253031253815	0.0
0.0	1.0
-1.0382007786802205e-07	1.0
-4.020646520075388e-05	1.0
-0.0005223382613621652	1.0
0.0	1.0
-0.0010706190951168537	0.0
0.0	0.9084507042253521
0.0	1.0
-0.0042449915781617165	0.0
0.0	1.0
-1.668731783865951e-06	0.011299435028248588
0.0	1.0
-1.8747375873928718e-10	1.0
0.0	0.0
0.0	1.0
0.0	0.0
-0.002028645249083638	0.0
-3.010071623066324e-06	1.0
-0.0004031317657791078	0.006053268765133172
-3.4427961509209126e-05	1.0
-0.0015864477027207613	1.0
-4.981546589988284e-05	0.0
-0.00022500492923427373	0.0
0.0	0.953953953953954
-1.297360768148792e-06	1.0
-3.683472016291489e-08	1.0
0.0	1.0
0.0	0.0
-0.0022524045780301094	1.0
0.0	1.0
0.0	0.08144796380090498
-5.045796003244618e-10	1.0
-0.0007316114497371018	1.0
0.0	1.0
0.0	0.0
0.0	1.0
0.0	1.0
-0.0002707354724407196	1.0
0.0	1.0
0.0	1.0
0.0	0.121
-0.002652776427567005	1.0
-4.305765344270185e-07	0.0
0.0	1.0
0.0	1.0
-0.0012691314332187176	0.4483870967741935
0.0	0.0
0.0	1.0
0.0	1.0
-0.005872669164091349	0.0
0.0	1.0
-0.0002754293673206121	1.0
0.0	1.0
0.0	0.16963226571767498
-0.0007286032778210938	0.0
0.0	0.0
-5.2921986792853204e-08	1.0
0.0	1.0
0.0	1.0
0.0	0.0011792452830188679
-1.9951212379965e-06	0.0
-4.320979130056912e-09	1.0
0.0	1.0
0.0	1.0
0.0	1.0
0.0	0.0031380753138075313
-2.2084105211206406e-08	1.0
0.0	1.0
0.0	1.0
-0.0033324144314974546	0.0
0.0	1.0
0.0	0.0
-0.0007295224932022393	1.0
-4.0625733888077775e-09	1.0
0.0	1.0
0.0	1.0
0.0	1.0
-0.0008005801355466247	0.0
-0.0004683329607360065	1.0
0.0	0.12903225806451613
0.0	1.0
-2.390273493801942e-06	0.0
0.0	0.0
0.0	1.0
-0.00044814421562477946	0.0
-0.00046365047455765307	1.0
-0.011697391979396343	0.0
-0.008339141495525837	0.0
-0.004092066548764706	0.0
-0.0005986121250316501	0.0
-4.5580956793855876e-05	0.0
0.0	1.0
0.0	1.0
-3.302240202174289e-06	1.0
0.0	1.0
0.0	1.0
0.0	1.0
-0.000509091594722122	1.0
0.0	1.0
0.0	1.0
-0.002714030910283327	0.0
-0.04368852823972702	0.0
0.0	0.0
-0.0013891939306631684	1.0
0.0	1.0
0.0	1.0
0.0	1.0
-1.577724191292873e-07	1.0
0.0	0.026881720430107527
0.0	1.0
-2.3398538360197563e-06	1.0
0.0	0.0
0.0	0.0
-1.359787376031818e-07	1.0
0.0	1.0
0.0	1.0
0.0	1.0
0.0	1.0
-0.003847856540232897	0.0
0.0	1.0
0.0	1.0
-5.0374808779451996e-05	1.0
-0.00045947410399094224	1.0
0.0	1.0
-1.834035701087089e-10	1.0
0.0	1.0
-0.0027141193859279156	1.0
-0.0004566734714899212	1.0
-0.00011331852874718606	0.002793296089385475
0.0	1.0
0.0	1.0
-1.775486634869594e-05	1.0
0.0	1.0
-2.087186112476047e-05	0.0
-6.132210472742372e-08	1.0
0.0	0.0
0.0	1.0
-7.80469200378775e-09	1.0
0.0	1.0
-0.00017561599088367075	1.0
0.0	1.0
0.0	0.0
0.0	1.0
-0.002371896291151643	0.0
0.0	1.0
0.0	1.0
-4.7135337808867916e-05	1.0
0.0	1.0
-0.00034821208100765944	1.0
0.0	1.0
-3.397198815946467e-05	1.0
-0.010031736455857754	0.0
-2.173364777036113e-08	1.0
0.0	1.0
0.0	1.0
0.0	1.0
0.0	1.0
-1.5820039322989032e-07	1.0
0.0	1.0
-2.4723818569327705e-05	1.0
0.0	1.0
-0.0002474098582752049	1.0
-6.493265573226381e-06	0.07087486157253599
0.0	1.0
0.0	1.0
0.0	1.0
-0.0012331245234236121	1.0
-6.416038811352109e-09	1.0
0.0	1.0
0.0	1.0
0.0	1.0
-3.914127228199504e-05	0.03254769921436588
-1.9911574781872332e-05	1.0
-1.8374739738646895e-05	1.0
0.0	0.0
0.0	1.0
-3.128413482045289e-06	1.0
-7.608372834511101e-05	1.0
0.0	1.0
0.0	0.0
0.0	1.0
-0.00022714944498147815	1.0
0.0	0.0
0.0	1.0
-0.0004313995304983109	1.0
0.0	0.0
0.0	1.0
0.0	0.0
-0.016586076468229294	0.0
-0.000638403813354671	1.0
-7.474966696463525e-05	0.0
0.0	0.0
0.0	1.0
0.0	1.0
0.0	0.0
0.0	1.0
0.0	1.0
-3.4813492533203316e-08	1.0
-0.00015058604185469449	1.0
0.0	1.0
0.0	1.0
0.0	1.0
0.0	0.02661207778915046
0.0	0.02661207778915046
0.0	1.0
0.0	1.0
0.0	0.013
-0.0002950953785330057	1.0
0.0	1.0
0.0	0.0
0.0	1.0
-8.807028279989026e-06	1.0
0.0	0.113
-0.00021432750509120524	1.0
-2.8449655076201452e-08	1.0
0.0	1.0
0.0	1.0
-0.0002519199624657631	0.005
-0.0010721547296270728	0.0
-1.7146589016192593e-05	0.0
0.0	0.004028197381671702
-3.0224202419049107e-05	0.0
0.0	1.0
0.0	1.0
0.0	0.0
0.0	0.145
-9.57401207415387e-05	1.0
0.0	1.0
0.0	1.0
-3.4322276576403965e-08	1.0
0.0	0.0
-1.2741888610889873e-07	0.0
0.0	1.0
0.0	1.0
0.0	1.0
0.0	1.0
-1.3137028872733936e-05	1.0
0.0	1.0
-0.0016389800002798438	1.0
0.0	0.0
-5.169443102204241e-05	1.0
-0.00022544055536855012	1.0
-0.06426218152046204	0.0
-0.0012458217097446322	1.0
0.0	0.0
0.0	0.0
-0.000731899228412658	1.0
-0.0002910544571932405	0.0
-0.001329326769337058	1.0
-5.79832999392238e-08	0.0
0.0	0.103
0.0	1.0
0.0	1.0
-2.0084833067812724e-06	0.39
0.0	1.0
0.0	1.0
-0.00037217873614281416	0.0
0.0	0.10208333333333333
0.0	0.006578947368421052
-0.00433132890611887	0.0
-0.0002736553724389523	0.0
0.0	1.0
0.0	1.0
0.0	1.0
0.0	1.0
0.0	1.0
-0.0020474931225180626	1.0
0.0	1.0
0.0	1.0
0.0	0.0
0.0	0.026078234704112337
0.0	0.003080082135523614
-0.0008409064612351358	1.0
-3.1884956115391105e-05	1.0
-9.867371409200132e-05	1.0
0.0	1.0
-0.0004039753694087267	1.0
-0.00031741237035021186	1.0
-3.454216823683964e-08	0.0701219512195122
-9.191207936964929e-06	1.0
-6.255546395550482e-06	0.0
-0.0002564252936281264	0.0
0.0	1.0
0.0	1.0
-0.0010619249660521746	1.0
-0.00045695420703850687	0.0
-9.119929745793343e-05	1.0
0.0	1.0
0.0	1.0
-3.983520946349017e-05	0.0
-1.120175056712469e-06	0.0
-0.001389809767715633	1.0
-0.0006503445329144597	1.0
0.0	1.0
-0.0017180631402879953	1.0
0.0	1.0
-0.0003086106735281646	1.0
-2.0245459381840192e-05	1.0
0.0	1.0
0.0	1.0
-0.0033441861160099506	0.0
0.0	0.0
0.0	1.0
0.0	1.0
0.0	1.0
0.0	0.903
-0.0057198600843548775	0.0
-0.0014757025055587292	1.0
-7.475588790839538e-05	0.0
-0.04650284722447395	0.0
0.0	1.0
0.0	1.0
-2.322086297151685e-16	0.0
-0.00012747387518174946	0.916
0.0	1.0
-0.00041761345346458256	1.0
0.0	0.0
0.0	0.0
-0.0003089052625000477	1.0
0.0	0.0
0.0	1.0
0.0	0.0
0.0	1.0
-0.00013181405665818602	1.0
0.0	0.0
0.0	1.0
0.0	1.0
0.0	1.0
0.0	1.0
0.0	1.0
-3.988629759987816e-05	1.0
0.0	1.0
-2.1811707483720966e-05	0.25735294117647056
0.0	1.0
-1.1781393283172292e-07	1.0
0.0	1.0
-0.00028437847504392266	0.0
0.0	1.0
0.0	1.0
0.0	1.0
0.0	1.0
-6.12748522144102e-07	0.0
0.0	0.04318936877076412
-1.2821415111829992e-06	1.0
0.0	1.0
-0.0001848965184763074	1.0
-0.0007444310467690229	0.0
0.0	1.0
-0.00021130996174179018	1.0
0.0	0.00684931506849315
-2.5912737555700005e-07	1.0
0.0	1.0
-0.00038488037534989417	1.0
0.0	1.0
-7.962280506035313e-06	1.0
0.0	1.0
-0.0002889289753511548	0.9117647058823529
-4.136165443924256e-06	1.0
0.0	1.0
0.0	0.0
-0.00013400135503616184	0.031007751937984496
-5.744927329942584e-05	0.0
-5.376022272685077e-06	0.028537455410225922
0.0	0.029726516052318668
0.0	1.0
0.0	1.0
0.0	1.0
0.0	1.0
0.0	0.0
0.0	1.0
-8.375824478434879e-08	0.0
0.0	1.0
-0.00031664976268075407	1.0
0.0	1.0
-0.008639202453196049	0.0
0.0	1.0
0.0	1.0
-0.0005551418289542198	0.0
-0.0011182113084942102	1.0
0.0	1.0
0.0	0.0
-0.0012025295291095972	1.0
0.0	1.0
0.0	1.0
-0.0004131975583732128	1.0
-0.00027083035092800856	0.3123123123123123
0.0	0.131
0.0	1.0
-0.03833989426493645	0.0
-5.425523704616353e-05	1.0
0.0	1.0
-0.001022413489408791	1.0
0.0	1.0
0.0	1.0
0.0	1.0
0.0	1.0
-8.904859782887797e-08	1.0
0.0	1.0
0.0	1.0
0.0	1.0
0.0	0.0
-4.088174776484266e-08	1.0
0.0	1.0
-0.00022346981859300286	0.0
-0.00011511873890412971	1.0
0.0	1.0
-0.00027167709777131677	1.0
-0.0014632303500548005	1.0
-5.8479523431742564e-05	1.0
-6.190435669850558e-05	1.0
0.0	1.0
0.0	0.0
0.0	1.0
0.0	1.0
0.0	0.0
0.0	1.0
0.0	1.0
-0.026230473071336746	0.0
-2.1016778191551566e-05	0.0
-0.00013280285929795355	1.0
-3.4649361623451114e-05	1.0
0.0	0.0
0.0	0.0
-1.0623151799416322e-14	1.0
0.0	1.0
-1.152874028775841e-05	1.0
-2.537111640776857e-06	1.0
0.0	1.0
0.0	0.0
0.0	0.0262582056892779
0.0	1.0
-1.872390384960454e-05	0.2553191489361702
0.0	1.0
0.0	1.0
-0.0007863369537517428	0.0
0.0	1.0
0.0	1.0
-8.587250704295002e-06	1.0
-4.846531373914331e-05	1.0
0.0	1.0
0.0	0.0
0.0	1.0
0.0	1.0
0.0	1.0
0.0	1.0
0.0	0.0
-0.01848786137998104	0.0
-0.01067345030605793	0.0
-0.0009727372089400887	1.0
0.0	1.0
0.0	1.0
0.0	1.0
0.0	1.0
0.0	1.0
-4.0427221392747015e-06	1.0
-2.90227762889117e-05	1.0
-0.017984477803111076	0.0
0.0	1.0
0.0	1.0
-0.0008849778678268194	1.0
-4.291773691988965e-08	1.0
0.0	1.0
0.0	1.0
-2.4806861347315134e-06	1.0
-0.00035289718653075397	1.0
-0.0005039000534452498	1.0
-0.0007562106475234032	0.0
-1.2892099537561568e-16	1.0
0.0	1.0
-0.0011551703792065382	1.0
-0.0016157650388777256	1.0
0.0	1.0
-0.00011475576320663095	0.0
-1.1071745120716514e-06	1.0
0.0	1.0
0.0	0.0
0.0	1.0
0.0	1.0
0.0	1.0
0.0	0.0
-0.0003027960774488747	1.0
-6.529220991069451e-05	1.0
