0.0	0.0
0.0	0.0
0.0	0.0
0.0	1.0
0.0	1.0
0.0	1.0
-2.0616075744328555e-06	0.0
0.0	0.039806996381182146
-0.0018813323695212603	0.04225352112676056
-0.004915636498481035	0.0
0.0	1.0
0.0	1.0
0.0	1.0
0.0	1.0
0.0	0.03007518796992481
0.0	1.0
0.0	1.0
0.0	0.0
0.0	1.0
-6.248069257708266e-05	1.0
0.0	1.0
0.0	1.0
-2.4973232370939513e-08	1.0
-0.0010604227427393198	1.0
0.0	1.0
-1.1102320968348067e-05	1.0
0.0	1.0
0.0	1.0
-2.069668516924139e-05	1.0
-9.753032827575225e-06	1.0
0.0	0.0
-2.233953091490548e-05	1.0
-0.0024334739428013563	1.0
0.0	1.0
-4.8177578719332814e-05	0.0
0.0	0.0
-0.0003994571161456406	1.0
-6.62131242279429e-06	1.0
-0.00034204739495180547	1.0
-6.632141094087274e-07	1.0
0.0	1.0
-0.0002979912387672812	1.0
0.0	0.0
0.0	1.0
-0.0009116525179706514	0.0
0.0	1.0
-0.007326751947402954	0.0
0.0	1.0
-4.6274500897780513e-10	0.004672897196261682
-0.0003429673670325428	1.0
0.0	1.0
-6.503458962470177e-07	1.0
0.0	1.0
-1.0000402653531637e-05	1.0
0.0	1.0
-5.1361232181079686e-05	1.0
0.0	1.0
0.0	1.0
0.0	0.0
0.0	1.0
0.0	1.0
0.0	1.0
0.0	1.0
0.0	1.0
0.0	0.6375291375291375
-1.7370943794503546e-07	0.0
-4.702214937424287e-06	1.0
0.0	1.0
-0.0025311275385320187	0.0
0.0	0.0
-0.002045830013230443	0.0
0.0	0.4
0.0	1.0
0.0	1.0
0.0	0.0
0.0	1.0
0.0	0.10344827586206896
0.0	0.1638981173864895
-2.5647246548743396e-09	0.00788436268068331
-3.4623655665200204e-05	1.0
-3.114113134028429e-10	1.0
0.0	1.0
-0.002613150281831622	0.008663366336633664
-0.0003349731268826872	0.1933534743202417
-9.801229316508397e-05	0.008663366336633664
0.0	0.1933534743202417
0.0	0.0
0.0	1.0
-0.004867092706263065	0.008663366336633664
0.0	0.08787128712871287
0.0	0.8352941176470589
0.0	1.0
0.0	1.0
0.0	1.0
0.0	1.0
-1.2072795207984655e-08	1.0
-1.6109027001220966e-06	1.0
0.0	1.0
0.0	1.0
-0.0009991416009142995	1.0
-0.0002719821932259947	0.11691542288557213
-0.000295875477604568	0.0
0.0	1.0
0.0	0.0
0.0	1.0
0.0	1.0
0.0	0.0
-0.00856382679194212	0.0
-1.1328147593303584e-05	1.0
-0.004302937537431717	1.0
-0.0009309271699748933	1.0
0.0	0.0
0.0	0.0
0.0	1.0
0.0	1.0
-0.00112236721906811	0.0
0.0	0.0
0.0	1.0
0.0	1.0
0.0	1.0
0.0	1.0
-5.6525252148276195e-05	1.0
0.0	1.0
0.0	1.0
0.0	0.0
0.0	1.0
0.0	0.0
0.0	1.0
-2.60857791545277e-06	0.19390862944162437
0.0	1.0
0.0	1.0
0.0	1.0
-0.006991126108914614	0.0
-0.00011048180749639869	1.0
-0.00034114401205442846	1.0
0.0	1.0
-0.00026399819762445986	1.0
0.0	0.07542579075425791
0.0	0.0
-0.0016132427845150232	1.0
0.0	1.0
0.0	0.0
-2.6614676244207658e-05	0.0
-5.9599997257464565e-06	1.0
0.0	1.0
0.0	1.0
0.0	1.0
-0.001009241328574717	1.0
-0.0030313548631966114	0.0
-0.001266291830688715	1.0
0.0	0.0
0.0	0.0
-0.0021727699786424637	0.0
0.0	0.45875
0.0	0.0
-1.0649889858882489e-09	1.0
0.0	0.15492957746478872
-0.00016134257020894438	1.0
0.0	1.0
-0.0002241202600998804	1.0
0.0	1.0
-0.0027700450737029314	0.0
-7.700314745306969e-05	0.0
0.0	1.0
-5.884636333775006e-09	1.0
0.0	1.0
-0.000372448586858809	1.0
0.0	0.0
0.0	1.0
-0.0011585241882130504	0.0
-0.005116521846503019	0.0
-0.005248451139777899	0.0
-0.0003238805802538991	1.0
0.0	1.0
0.0	1.0
-0.0004995125927962363	1.0
0.0	0.0
0.0	0.19387755102040816
0.0	1.0
-9.643156772654038e-06	0.007042253521126761
0.0	0.0
-5.164518812605934e-10	1.0
0.0	0.0
-2.025428148044739e-05	1.0
0.0	1.0
-0.0011169328354299068	1.0
-2.8422477043932304e-05	1.0
0.0	1.0
-2.2659192836727016e-05	1.0
-0.0013013003626838326	1.0
0.0	1.0
-2.908702754211845e-07	1.0
0.0	1.0
0.0	0.0
0.0	0.0
0.0	1.0
-3.788115736809055e-25	1.0
0.0	0.0
0.0	0.0
0.0	0.0025380710659898475
0.0	1.0
-3.491126832066982e-11	1.0
0.0	1.0
-0.0004317341954447329	1.0
-0.00013780714652966708	0.04252873563218391
0.0	0.087527352297593
-1.9915155746730306e-08	1.0
-1.0443567262071254e-13	0.087527352297593
0.0	0.09481808158765159
0.0	1.0
-2.3617767741512807e-09	0.11524163568773234
-6.327978553599678e-06	1.0
-1.5538996649411274e-06	0.008602150537634409
-7.110175115343509e-09	1.0
0.0	1.0
0.0	1.0
0.0	1.0
0.0	1.0
0.0	1.0
0.0	1.0
0.0	0.0
0.0	1.0
-1.663667535467539e-05	1.0
-0.03639419749379158	0.09210526315789473
-0.0001025747405947186	1.0
0.0	1.0
-0.0007143651600927114	1.0
0.0	1.0
-2.0890300220344216e-05	0.0
0.0	1.0
-1.7434234678148641e-06	0.012360939431396786
-2.9692440173256784e-10	1.0
-0.00010520718933548778	0.08450704225352113
-0.0012014280073344707	0.08672798948751642
0.0	0.08244111349036402
0.0	0.09722222222222222
-0.0018809451721608639	0.07150595882990249
-1.003227015350383e-10	0.08450704225352113
-2.8869455945823574e-06	1.0
0.0	1.0
0.0	1.0
0.0	0.0
0.0	1.0
-0.0009982404299080372	1.0
-4.6501143515342847e-05	1.0
-4.5147485252527986e-06	1.0
0.0	1.0
0.0	1.0
0.0	0.0
-0.0014048621524125338	0.0
-2.9467285003192956e-06	1.0
-3.769128759101292e-11	1.0
0.0	1.0
-0.0008975123637355864	0.05841121495327103
-0.0007973989122547209	0.0
0.0	1.0
0.0	0.06035502958579882
0.0	0.0
-1.719578229808505e-10	0.017127799736495388
0.0	1.0
-6.0248783739780265e-09	1.0
0.0	0.0
-0.002022234722971916	1.0
-0.000606764864642173	1.0
-4.807374716619961e-05	1.0
-0.0002496966044418514	1.0
0.0	1.0
0.0	1.0
0.0	0.23653088042049936
0.0	1.0
0.0	1.0
-4.555660098048975e-07	0.05141129032258065
-3.70459929399658e-05	1.0
0.0	1.0
-0.00023825284733902663	1.0
0.0	1.0
-0.00047078364877961576	0.11842105263157894
0.0	1.0
0.0	1.0
-0.00048719148617237806	1.0
0.0	1.0
-1.323685864917934e-06	1.0
-0.010410984978079796	0.0
0.0	1.0
-0.0002676498261280358	1.0
0.0	1.0
0.0	0.0
0.0	1.0
0.0	1.0
-0.0018593614222481847	1.0
0.0	0.0
0.0	1.0
0.0	1.0
-0.0012658023042604327	1.0
-7.597613603138598e-06	1.0
0.0	0.0
0.0	1.0
0.0	0.0
-0.0058656660839915276	0.0
0.0	1.0
0.0	0.25990675990675993
-2.9004368351515097e-10	1.0
0.0	0.0
-0.000194523498066701	1.0
-0.0009236553451046348	1.0
-4.133147740503773e-06	1.0
0.0	1.0
0.0	0.0
0.0	1.0
-0.0003280953096691519	0.0
0.0	0.0
-0.0002964521409012377	1.0
0.0	1.0
0.0	1.0
-5.307405899657169e-06	1.0
0.0	0.0
0.0	1.0
-2.2432475361711113e-06	0.007042253521126761
-0.001749185612425208	1.0
0.0	1.0
-0.00010536962508922443	1.0
-0.006787129677832127	0.0
0.0	0.0
-3.0328921340506965e-13	1.0
-0.000783208233769983	1.0
0.0	0.36329588014981273
0.0	1.0
0.0	1.0
-0.013184303417801857	0.0
0.0	1.0
-0.010568809695541859	0.0
-4.608284871210344e-05	0.0
0.0	1.0
0.0	0.0
0.0	1.0
-9.640332791605033e-06	1.0
0.0	0.0
0.0	1.0
0.0	1.0
0.0	0.0
-0.0006889331270940602	0.0
0.0	0.0
-7.771427044644952e-05	1.0
-0.0002789505524560809	1.0
0.0	1.0
0.0	1.0
0.0	0.10859188544152745
0.0	1.0
-0.0014917661901563406	0.0
0.0	1.0
-6.40084860115131e-12	1.0
0.0	0.058823529411764705
-0.0028714430518448353	1.0
-1.9063445222400333e-07	0.0
-7.873108415212826e-12	1.0
-2.427729896226083e-06	1.0
0.0	1.0
-1.2455124306143261e-05	1.0
-0.0002481502015143633	0.0
-0.0014664501650258899	1.0
0.0	1.0
0.0	1.0
0.0	1.0
-0.04096938297152519	0.0
0.0	1.0
0.0	1.0
0.0	1.0
-8.172443631337956e-05	1.0
-0.0009949125815182924	1.0
0.0	1.0
-0.000426102225901559	1.0
0.0	1.0
0.0	0.10320641282565131
0.0	0.0
-1.482115203543799e-05	1.0
0.0	0.0
0.0	1.0
-0.0008437971118837595	1.0
0.0	0.0
0.0	1.0
0.0	1.0
0.0	1.0
0.0	1.0
0.0	1.0
0.0	0.0
-0.0007676294771954417	1.0
-9.327056886831997e-07	1.0
-9.44951450421172e-10	0.0
0.0	1.0
0.0	1.0
-0.0007337196148000658	1.0
-0.07150136679410934	0.0
-1.1482002848506312e-11	1.0
0.0	1.0
0.0	1.0
-5.458336818264797e-05	1.0
0.0	1.0
0.0	1.0
0.0	1.0
0.0	1.0
0.0	1.0
0.0	1.0
-0.0020575933158397675	0.0
0.0	1.0
0.0	0.15822784810126583
-0.000170654064277187	0.006224066390041493
0.0	1.0
0.0	1.0
-0.006522513926029205	0.0
0.0	1.0
0.0	1.0
0.0	0.0
0.0	1.0
-4.48185128334444e-05	1.0
0.0	1.0
-0.0003601107746362686	1.0
-4.6660872612847015e-05	1.0
-0.002171377884224057	0.0
0.0	1.0
-0.0007333789835684001	0.0
0.0	1.0
0.0	1.0
-9.26697684917599e-05	0.0
-1.7965219156063084e-12	1.0
-2.002540924195273e-07	1.0
0.0	1.0
-0.0025857947766780853	0.0
-5.616981979983393e-06	1.0
0.0	1.0
-9.461599256610498e-05	0.07342657342657342
0.0	0.05827505827505827
-0.0005186796770431101	1.0
0.0	1.0
0.0	1.0
0.0	1.0
0.0	0.0
-6.309060154308099e-07	1.0
-1.892185679253089e-07	1.0
0.0	1.0
0.0	1.0
-0.00014194220420904458	0.0
0.0	1.0
-5.7880448878222523e-08	0.0
0.0	1.0
0.0	1.0
-4.09508018606175e-08	0.0
0.0	0.0
-0.0027097042184323072	0.0
-0.00033055347739718854	0.858
-0.0005346748512238264	1.0
0.0	0.0
0.0	1.0
0.0	1.0
-0.003000114345923066	0.0
-5.401383532444015e-05	1.0
0.0	0.0
-0.00014353609003592283	1.0
-2.2028789317118935e-06	1.0
0.0	0.060714285714285714
-1.276401053473819e-05	1.0
-0.0032689960207790136	0.0
0.0	1.0
-2.1076482880744152e-05	0.0
0.0	1.0
-0.016424236819148064	0.0
0.0	1.0
0.0	1.0
-1.1003229474226828e-06	0.0
-1.34236697704182e-05	1.0
0.0	1.0
-4.716851617558859e-05	1.0
0.0	1.0
0.0	1.0
-2.1964652319184097e-07	0.14941176470588236
0.0	1.0
0.0	0.0
0.0	1.0
-1.4005584489495959e-05	1.0
0.0	1.0
0.0	0.0
0.0	1.0
-1.6929025150602683e-06	0.0
0.0	1.0
0.0	1.0
-9.086962681880556e-14	0.0
-0.0011676331050693989	0.0
0.0	1.0
-0.0004412751877680421	1.0
-2.869768422897323e-06	1.0
0.0	1.0
0.0	1.0
-3.283030309830792e-05	0.0
-7.085946435836377e-06	1.0
-0.12952303886413574	0.0
-0.0031262701377272606	0.0
0.0	1.0
0.0	1.0
0.0	0.0
0.0	1.0
-0.0007477359031327069	1.0
0.0	0.0
-1.8696118786465377e-06	1.0
0.0	1.0
-0.004699569661170244	0.0
0.0	1.0
-0.012721261009573936	0.0
0.0	1.0
0.0	0.5333333333333333
-2.0714343918371014e-05	1.0
0.0	0.5333333333333333
-4.4231825313545414e-08	1.0
0.0	1.0
0.0	1.0
-2.4534077965654433e-05	1.0
0.0	1.0
0.0	1.0
0.0	0.2141089108910891
0.0	1.0
-1.1911776709894184e-05	1.0
-1.415679940184884e-15	1.0
0.0	1.0
-0.000512823520693928	1.0
0.0	1.0
-2.0746899753731896e-09	1.0
0.0	0.0
-0.001916605280712247	0.0012406947890818859
0.0	0.0
0.0	1.0
0.0	1.0
0.0	0.858
0.0	0.03579175704989154
0.0	1.0
0.0	0.0
-3.5104121707263403e-06	1.0
-0.001049275859259069	1.0
0.0	1.0
