0.0	0.0030864197530864196
0.0	1.0
0.0	1.0
0.0	1.0
0.0	0.015182186234817813
0.0	1.0
0.0	1.0
0.0	1.0
0.0	0.0
0.0	1.0
-0.00031206797575578094	1.0
0.0	1.0
-0.004541108850389719	1.0
-4.166111580161669e-07	0.10430839002267574
0.0	0.009944751381215469
0.0	0.0958627648839556
0.0	0.009933774834437087
0.0	1.0
-0.002567603951320052	1.0
0.0	1.0
-0.0032736395951360464	0.0
0.0	1.0
0.0	0.02127659574468085
-4.777999947691569e-06	0.5178389398572885
-0.0004810125392396003	1.0
0.0	0.0
-0.0016424625646322966	1.0
0.0	1.0
0.0	0.0
0.0	0.0
-4.01665638491977e-05	1.0
0.0	1.0
0.0	1.0
-0.00022647071455139667	1.0
-2.7823843993246555e-06	1.0
-0.00022817272110842168	0.0
-0.0009771218756213784	1.0
0.0	1.0
0.0	1.0
-0.00046156649477779865	0.0
0.0	1.0
-1.5410679399252558e-09	1.0
0.0	1.0
0.0	1.0
0.0	1.0
-9.736623906064779e-05	1.0
-0.004201034549623728	0.0
0.0	1.0
-7.181926048360765e-05	1.0
0.0	0.0
0.0	1.0
-0.007674809545278549	0.0
-0.0016664840513840318	0.0
-4.329792773205554e-06	1.0
-0.015184410847723484	0.0
0.0	1.0
0.0	1.0
0.0	1.0
-6.096347715356387e-05	1.0
-0.00015405015437863767	1.0
0.0	1.0
0.0	1.0
0.0	0.0
0.0	1.0
0.0	1.0
0.0	1.0
0.0	1.0
0.0	0.0
0.0	0.0
0.0	0.0
-0.0010528848506510258	1.0
-5.9157660871278495e-05	1.0
-5.203241393303415e-09	0.0
0.0	1.0
0.0	1.0
-3.385728177818237e-07	0.0017211703958691911
0.0	0.013013013013013013
0.0	1.0
0.0	1.0
-0.0005481064436025918	0.0
-8.14722664332912e-11	1.0
0.0	1.0
0.0	1.0
0.0	1.0
-0.001887408085167408	1.0
0.0	1.0
-0.00016721079009585083	1.0
0.0	1.0
0.0	1.0
-8.222023461712524e-05	1.0
0.0	1.0
-7.1958966145757586e-06	1.0
-8.969500697730837e-08	1.0
-0.00016644610150251538	1.0
0.0	1.0
0.0	1.0
0.0	1.0
0.0	1.0
0.0	1.0
-5.922428499616217e-06	1.0
0.0	0.0
0.0	0.603950103950104
0.0	1.0
0.0	1.0
-2.010504545069125e-07	1.0
0.0	1.0
0.0	1.0
-4.24033032686566e-06	1.0
0.0	1.0
-0.02532467246055603	0.0
0.0	0.0
0.0	0.0
-0.0002694343274924904	0.0
-7.26504295016639e-05	1.0
0.0	1.0
0.0	1.0
-3.56261898559751e-06	1.0
0.0	1.0
-0.000281794200418517	1.0
0.0	1.0
0.0	0.0
-0.0013710905332118273	1.0
0.0	1.0
-0.0003709352749865502	0.0
-1.0017181011789944e-05	1.0
-0.00483315484598279	0.0
0.0	1.0
-0.00014042618568055332	0.127
0.0	0.0
0.0	1.0
0.0	1.0
-0.03307068720459938	0.14953271028037382
0.0	1.0
-1.2700932529696729e-05	1.0
0.0	1.0
-0.0016638363013044	1.0
0.0	0.0
0.0	1.0
-0.0008125569438561797	1.0
0.0	1.0
0.0	1.0
0.0	1.0
-0.0032883542589843273	0.015015015015015015
0.0	1.0
0.0	1.0
-1.7207317796419375e-05	1.0
-1.652338141866494e-05	1.0
-4.139513123391225e-07	0.0
0.0	1.0
0.0	1.0
0.0	1.0
-0.00023465378035325557	1.0
0.0	1.0
-1.963070189958671e-06	1.0
0.0	0.5393258426966292
-5.383653842727654e-05	1.0
-7.116824417607859e-05	0.0
-1.6242555602730135e-06	1.0
0.0	1.0
0.0	0.0
-1.258262727787951e-05	1.0
-1.5964077419994283e-06	1.0
0.0	1.0
0.0	1.0
0.0	1.0
0.0	1.0
-4.492163498071022e-05	0.0
0.0	1.0
0.0	1.0
0.0	1.0
-8.81802066032833e-07	0.982
0.0	1.0
-0.0005560810677707195	1.0
0.0	1.0
0.0	0.0
0.0	1.0
0.0	1.0
0.0	1.0
-1.2605523806996644e-05	1.0
0.0	1.0
0.0	1.0
0.0	0.0
0.0	0.0
0.0	1.0
0.0	1.0
0.0	1.0
-0.003164172638207674	1.0
-0.0007519753999076784	0.0
0.0	1.0
-0.00024122378090396523	1.0
0.0	1.0
-4.166744380085241e-11	0.0
0.0	1.0
0.0	1.0
0.0	1.0
0.0	1.0
0.0	1.0
0.0	0.0
-1.2745519484269607e-07	0.0
0.0	1.0
0.0	1.0
-0.00038336889701895416	1.0
-1.534329931018874e-05	0.0
-7.81111084506847e-05	1.0
-0.00017158457194454968	0.016210739614994935
0.0	1.0
-4.768901999341324e-05	0.0
-1.666244315856602e-05	1.0
0.0	1.0
0.0	0.0
-0.00046412047231569886	1.0
0.0	0.0
-0.0007240072591230273	0.0872210953346856
0.0	1.0
-6.414594827219844e-05	1.0
-1.0385266250523273e-05	1.0
-5.547876935452223e-05	1.0
-0.0007242130232043564	1.0
0.0	1.0
0.0	1.0
0.0	1.0
-0.0007692072540521622	1.0
0.0	1.0
0.0	0.0
-3.6515810819537364e-08	1.0
0.0	1.0
-1.727570270304568e-05	1.0
0.0	0.0
-0.0002662234182935208	1.0
0.0	0.982
-0.00017194400425069034	0.0
-1.0244001202863728e-07	1.0
0.0	0.0
0.0	1.0
0.0	0.0
-5.9755930124083534e-05	0.0
0.0	1.0
0.0	0.006230529595015576
-1.4652350444066542e-08	1.0
0.0	1.0
0.0	0.006036217303822937
0.0	1.0
-1.6226396155616385e-06	1.0
0.0	1.0
-7.756062814223696e-07	0.0
-0.004600070416927338	0.181
0.0	1.0
0.0	1.0
-0.0014447979629039764	0.0
0.0	1.0
0.0	1.0
0.0	0.0
-6.890162330819294e-05	0.0
-0.00019329338101670146	0.0
-0.0005612511886283755	1.0
0.0	0.021
0.0	1.0
-0.00014776484749745578	1.0
-0.00023881906236056238	1.0
-0.00025909580290317535	1.0
-5.685220116902201e-07	1.0
-0.001830174820497632	0.03779366700715015
0.0	0.01142263759086189
0.0	1.0
0.0	0.0
-4.548054732822493e-08	1.0
0.0	0.05342741935483871
-1.149569186509325e-07	1.0
-0.010146758519113064	0.0
-1.1664377796982706e-11	1.0
-6.939384888937639e-08	1.0
-5.669088523063692e-07	1.0
-0.00018352850747760385	0.003161222339304531
0.0	0.03767820773930754
0.0	1.0
0.0	1.0
0.0	1.0
-0.003028105478733778	0.07246376811594203
0.0	1.0
0.0	0.0
-6.301655957940966e-06	1.0
0.0	0.0
0.0	1.0
-4.642369276552927e-06	1.0
0.0	1.0
0.0	1.0
0.0	1.0
0.0	1.0
0.0	0.0
0.0	0.0
0.0	1.0
0.0	0.0
0.0	0.12
0.0	1.0
-0.0016002253396436572	0.0
-0.0007083137752488256	0.0
0.0	1.0
0.0	0.0
-2.956866956083104e-05	0.0
0.0	1.0
-7.743333844700828e-05	1.0
0.0	1.0
0.0	0.0
0.0	0.0
0.0	1.0
0.0	1.0
-1.3622984415412602e-15	1.0
0.0	1.0
0.0	0.0
0.0	1.0
0.0	1.0
0.0	1.0
-6.176229021548352e-07	1.0
0.0	1.0
0.0	1.0
0.0	0.0
0.0	1.0
0.0	1.0
0.0	1.0
-1.3720662650484883e-07	1.0
0.0	1.0
0.0	0.0
0.0	1.0
-0.004229579120874405	0.0
0.0	1.0
0.0	1.0
0.0	1.0
-0.0029011399019509554	1.0
0.0	1.0
0.0	1.0
0.0	1.0
0.0	1.0
0.0	0.0
-4.563538436030967e-09	0.0
0.0	0.0
0.0	1.0
0.0	1.0
-6.76044583087787e-05	0.0
-2.4720955025259173e-06	0.0
0.0	0.0
0.0	1.0
0.0	1.0
-0.0007098040077835321	1.0
0.0	1.0
0.0	1.0
-0.0006537223234772682	1.0
0.0	1.0
-0.000550686614587903	1.0
-0.0033339294604957104	0.0
-0.00039132352685555816	0.06006006006006006
0.0	0.0
0.0	1.0
0.0	1.0
0.0	0.0
0.0	1.0
0.0	1.0
0.0	1.0
0.0	1.0
0.0	0.0
0.0	0.0
-0.015236681327223778	0.0
0.0	0.001002004008016032
0.0	1.0
0.0	0.0
-7.059745985316113e-05	1.0
0.0	1.0
0.0	0.0
-9.488430805504322e-05	1.0
0.0	1.0
0.0	0.0
0.0	1.0
0.0	0.0
0.0	1.0
-1.493669771202022e-11	1.0
-6.095043772802455e-06	1.0
0.0	1.0
-1.6574566643612343e-06	1.0
0.0	1.0
0.0	1.0
0.0	0.0
-6.018053682055324e-06	1.0
0.0	1.0
0.0	1.0
-0.019230255857110023	0.0
0.0	0.0
-0.00010489452688489109	1.0
-0.0014177164994180202	1.0
0.0	1.0
-0.00013769797806162387	1.0
0.0	1.0
0.0	1.0
0.0	0.0
-0.00018655294843483716	1.0
0.0	0.1308411214953271
-1.9582098502723966e-06	1.0
-1.917600229717209e-06	1.0
0.0	1.0
0.0	1.0
0.0	0.0
-6.5990325310849585e-06	0.017
0.0	0.0
-0.0048312535509467125	0.0012391573729863693
0.0	0.0
-1.8429243908713033e-08	0.007434944237918215
0.0	0.0
-3.7303685473943915e-08	0.0
0.0	0.0
0.0	1.0
0.0	1.0
0.0	1.0
-3.3522137528052554e-06	1.0
0.0	0.0
0.0	1.0
0.0	1.0
0.0	1.0
0.0	0.0
0.0	0.02404809619238477
0.0	1.0
-1.7125269096140983e-06	0.0
-1.5035150227049598e-06	1.0
0.0	1.0
0.0	0.016706443914081145
-0.07510783523321152	0.0
-0.0012635622406378388	0.0
0.0	0.0
0.0	1.0
0.0	1.0
-0.00013514795864466578	0.0
0.0	0.0
-2.6752293251774972e-06	1.0
0.0	0.0
0.0	1.0
-0.0010964717948809266	1.0
0.0	1.0
0.0	1.0
0.0	1.0
0.0	1.0
0.0	0.0
0.0	0.0
0.0	0.0
0.0	0.0
0.0	1.0
-0.009977355599403381	0.0
0.0	1.0
0.0	0.004032258064516129
-9.286628483096138e-06	1.0
0.0	0.0
0.0	1.0
-0.001435100450180471	1.0
-0.00012272130697965622	0.0
0.0	1.0
0.0	1.0
0.0	1.0
0.0	0.006607929515418502
-0.0005950225749984384	0.0
-2.6161987989326008e-06	1.0
-1.9778774458245607e-06	1.0
0.0	1.0
-0.00024032311921473593	0.0
0.0	1.0
0.0	0.0
0.0	0.0
0.0	1.0
-3.290288930202223e-07	0.0
0.0	0.0
0.0	1.0
-0.018704906105995178	0.0
-0.0014821335207670927	0.0
-0.012835883535444736	0.08791208791208792
-3.355696946982789e-07	1.0
0.0	1.0
-1.5111846551008057e-05	1.0
0.0	1.0
0.0	1.0
0.0	0.0
0.0	1.0
0.0	1.0
-1.9766928744502366e-05	0.0
0.0	1.0
0.0	0.04424778761061947
0.0	0.04314159292035398
-2.1128440494067036e-05	1.0
-0.00039991375524550676	1.0
-0.0012996281730011106	0.0
0.0	1.0
0.0	0.0
0.0	1.0
-2.1507265302034284e-08	1.0
0.0	0.007
-7.442720288963756e-06	1.0
0.0	1.0
0.0	1.0
0.0	1.0
0.0	0.0
0.0	1.0
0.0	0.0
-1.2462203491381274e-09	1.0
-0.0002442694967612624	1.0
0.0	1.0
0.0	1.0
0.0	1.0
0.0	1.0
-4.3439553110147244e-07	0.0
0.0	0.0
