-7.596323484904133e-06	1.0
0.0	1.0
0.0	1.0
-2.585666436516476e-07	1.0
-0.003890334628522396	1.0
-0.0006018072599545121	1.0
0.0	1.0
-1.4249616242523189e-06	0.05333333333333334
0.0	1.0
-1.7707303356928605e-07	0.0
0.0	1.0
0.0	1.0
0.0	0.004739336492890996
0.0	0.5200400801603207
-1.557634459459223e-05	0.004098360655737705
0.0	1.0
-0.00039791103336028755	1.0
-0.0005214174743741751	1.0
-0.0007926917751319706	0.0
0.0	0.816
0.0	1.0
-0.038350772112607956	0.0
0.0	0.0
0.0	1.0
0.0	1.0
0.0	1.0
-0.00026530653121881187	1.0
-0.0003600289346650243	1.0
0.0	1.0
-0.00023410793801303953	1.0
0.0	1.0
0.0	1.0
-0.00042344056419096887	0.0
0.0	1.0
0.0	1.0
-0.0018989829113706946	0.0
0.0	1.0
0.0	1.0
-0.0012837621616199613	1.0
-1.9913107621172266e-14	0.0
-0.00024648074759170413	1.0
-2.035156103374902e-05	1.0
0.0	1.0
0.0	1.0
0.0	1.0
-4.546535947724806e-08	0.0
0.0	1.0
-3.567941166693345e-05	0.003009027081243731
0.0	1.0
-0.0010015633888542652	1.0
0.0	1.0
0.0	1.0
-0.0018285043770447373	0.0
-0.0034830812364816666	0.0
0.0	1.0
0.0	0.0
0.0	1.0
0.0	1.0
0.0	1.0
0.0	0.0
-1.9339267964824103e-05	0.0
-1.2350006954875425e-06	1.0
-0.0015685996040701866	1.0
0.0	1.0
0.0	1.0
0.0	1.0
-1.494430357240617e-08	0.0
-2.6450331347405154e-07	1.0
0.0	1.0
0.0	1.0
0.0	1.0
-0.0001271853398066014	1.0
0.0	1.0
0.0	0.0
-0.0001672358630457893	1.0
0.0	0.0
0.0	1.0
0.0	1.0
-0.013967207632958889	0.0
-1.5205795534711797e-05	1.0
-1.0435517339146827e-07	1.0
-3.7622914533130825e-05	1.0
0.0	1.0
-0.0009881959995254874	1.0
0.0	1.0
0.0	1.0
0.0	1.0
0.0	0.0
0.0	0.0
0.0	0.0
0.0	1.0
-6.014628161210567e-05	1.0
-0.011979717761278152	0.0
-7.342806839005789e-06	0.0
0.0	1.0
0.0	1.0
0.0	1.0
0.0	1.0
0.0	0.0
-3.7105332921782974e-06	0.0
-0.01106296107172966	0.0
-0.00015493674436584115	1.0
-0.0002719280309975147	1.0
0.0	1.0
0.0	1.0
0.0	1.0
0.0	0.0
-0.00021027354523539543	1.0
-7.06899372744374e-05	0.029116465863453816
0.0	1.0
0.0	1.0
-0.001258236006833613	1.0
0.0	1.0
-0.015661189332604408	0.0
0.0	1.0
0.0	1.0
-0.00018182773783337325	1.0
-0.0006206968100741506	0.0
-9.735628054841072e-07	0.0
-4.955116310156882e-05	1.0
-0.04609343409538269	0.0
0.0	1.0
-0.0005560784484259784	1.0
-0.0005014734342694283	1.0
-1.144674683928315e-06	1.0
0.0	0.0
0.0	0.0
0.0	1.0
0.0	1.0
-7.515108882216737e-05	0.0
0.0	1.0
0.0	1.0
0.0	1.0
0.0	1.0
0.0	1.0
0.0	1.0
0.0	1.0
0.0	1.0
0.0	0.0
0.0	1.0
0.0	1.0
-5.216028876020573e-05	1.0
0.0	1.0
0.0	1.0
-9.766069553052148e-08	1.0
0.0	1.0
0.0	1.0
0.0	1.0
-0.00031296617817133665	0.010050251256281407
0.0	0.0
0.0	1.0
0.0	1.0
-8.156226249411702e-05	0.1180327868852459
0.0	1.0
0.0	1.0
0.0	1.0
-0.08965126425027847	0.0
-2.658042952408124e-10	1.0
0.0	1.0
0.0	1.0
0.0	1.0
0.0	1.0
0.0	1.0
0.0	1.0
-0.06450514495372772	0.0
-0.00013547486742027104	1.0
0.0	0.0
0.0	0.0
0.0	1.0
0.0	0.0
0.0	0.0
0.0	1.0
-0.0001228213805006817	1.0
-0.00011039141827495769	1.0
-2.3485701603931375e-05	0.0
0.0	1.0
-0.006819622591137886	0.0
0.0	1.0
-0.0012009525671601295	0.0
-1.7369802662869915e-05	1.0
-5.794144271931145e-06	1.0
0.0	0.0030120481927710845
0.0	1.0
-0.0007426818483509123	0.0
-3.835424286080524e-05	0.0
-0.0011036581126973033	1.0
0.0	1.0
-4.966883349055706e-09	1.0
0.0	1.0
0.0	1.0
0.0	1.0
0.0	1.0
-8.143879313138314e-06	0.0
0.0	0.0
0.0	0.003003003003003003
-0.00087533745681867	1.0
0.0	1.0
0.0	1.0
0.0	1.0
-2.317494590897695e-06	1.0
0.0	1.0
0.0	1.0
0.0	1.0
-0.00027371756732463837	1.0
0.0	1.0
-9.256365274268319e-08	1.0
0.0	1.0
-0.020296474918723106	0.0
0.0	1.0
-1.593184242665302e-05	1.0
0.0	1.0
0.0	0.0
0.0	1.0
0.0	1.0
-0.01584937795996666	0.0
-1.8408360946686741e-10	0.0
-3.6201690818415955e-06	1.0
0.0	1.0
-0.000791223137639463	1.0
-2.5188651875396317e-07	1.0
-1.8076227206620388e-05	1.0
0.0	1.0
0.0	1.0
0.0	1.0
0.0	0.0
0.0	1.0
-0.0004076750192325562	1.0
-6.23082451056689e-05	1.0
-0.0002065695298369974	0.0
-0.00022910450934432447	0.003278688524590164
0.0	1.0
-0.0004487834812607616	0.0
0.0	1.0
0.0	1.0
-4.916260877507739e-05	1.0
0.0	0.0
-1.3370429769565817e-05	1.0
-0.0017878346843644977	0.019230769230769232
0.0	0.08633093525179857
0.0	0.0
0.0	1.0
-0.0012034015962854028	0.0
-8.3219859448036e-08	1.0
0.0	1.0
0.0	1.0
-0.0001573911140440032	1.0
0.0	1.0
-4.0935636206995696e-05	1.0
-0.00040294905193150043	1.0
-1.2219117024869774e-06	1.0
0.0	1.0
0.0	0.0
0.0	1.0
0.0	1.0
0.0	1.0
0.0	0.0
0.0	0.0
0.0	1.0
0.0	1.0
-0.00017864846449811012	1.0
0.0	1.0
0.0	0.0
0.0	1.0
-3.1356585168396123e-06	0.01838235294117647
-0.0013731863582506776	1.0
0.0	1.0
-5.116119427839294e-05	1.0
0.0	0.009174311926605505
0.0	0.0
-0.0022700161207467318	1.0
0.0	1.0
0.0	1.0
0.0	1.0
-1.8160740467010328e-07	0.0
0.0	0.0
-7.092008218023693e-06	1.0
-0.011739582754671574	0.0
0.0	0.0
-6.149297746560478e-07	1.0
-0.016058403998613358	0.0
-0.0001129027150454931	1.0
0.0	1.0
0.0	0.011
0.0	1.0
-7.784503395669162e-06	1.0
0.0	1.0
0.0	1.0
-6.115646101534367e-05	1.0
0.0	1.0
0.0	1.0
-0.0001541715901112184	1.0
-0.0013934281887486577	0.0
-4.083681051270105e-05	0.0
0.0	1.0
-0.0007248156471177936	1.0
-0.000626312626991421	1.0
-0.0026314975693821907	1.0
-3.248050461479579e-06	1.0
-0.007012652233242989	0.0
0.0	0.0
-0.00031915874569676816	0.0
0.0	1.0
0.0	1.0
0.0	1.0
0.0	1.0
0.0	1.0
0.0	0.01487778958554729
0.0	1.0
0.0	1.0
0.0	0.0
0.0	0.10091743119266056
0.0	1.0
0.0	1.0
0.0	1.0
0.0	1.0
0.0	0.0
0.0	1.0
-3.0992578103905544e-05	1.0
0.0	0.0
-7.778451617923565e-06	0.09306930693069307
0.0	0.0
0.0	1.0
0.0	0.0
-8.972239184251718e-14	1.0
-2.3766899914789974e-07	0.0
0.0	1.0
-0.0006713986513204873	1.0
0.0	1.0
-1.4243692021409515e-05	1.0
-0.00024545667110942304	1.0
-3.9103393646655604e-05	1.0
-9.411211976839695e-06	1.0
0.0	1.0
-0.00031553927692584693	0.22916666666666666
0.0	0.041407867494824016
0.0	0.041407867494824016
0.0	1.0
-1.6672742075840574e-09	1.0
-7.534269208520072e-09	1.0
0.0	1.0
0.0	1.0
0.0	0.430939226519337
-0.00431723240762949	0.0
-0.0030406482983380556	1.0
-4.186035684750067e-10	1.0
-0.0027949109207838774	0.0
-3.6773853935301304e-05	1.0
-2.224799771494146e-12	1.0
0.0	0.23007856341189675
0.0	1.0
0.0	0.13693467336683418
0.0	1.0
0.0	1.0
0.0	0.0
0.0	1.0
-9.504638143198463e-08	1.0
0.0	1.0
0.0	1.0
0.0	1.0
0.0	1.0
-8.493776840623468e-05	1.0
-1.4190486622139148e-13	1.0
0.0	0.024
-6.085360291763209e-05	1.0
0.0	1.0
0.0	1.0
-5.620813317364082e-05	1.0
0.0	0.0
0.0	1.0
-0.0011190030490979552	1.0
-0.000731186883058399	0.0
0.0	0.12038014783526928
0.0	0.0
-1.1352559567967546e-06	1.0
-0.0004967831773683429	0.023
-0.0011189397191628814	1.0
0.0	1.0
0.0	1.0
-0.00010049351112684235	1.0
-2.9105892696001945e-10	1.0
0.0	1.0
0.0	0.0
0.0	1.0
0.0	1.0
0.0	1.0
-0.000827071606181562	1.0
-0.00027479181881062686	1.0
-1.3063850445860226e-08	1.0
-6.514342771879456e-07	1.0
0.0	1.0
-0.0007211974007077515	0.0
0.0	0.0
0.0	0.3130699088145897
-1.2694592044226738e-09	1.0
-0.0011745269875973463	1.0
0.0	1.0
-4.2933760369123775e-07	1.0
0.0	1.0
0.0	1.0
-0.011235120706260204	0.005025125628140704
0.0	1.0
-3.3061340332096734e-07	1.0
0.0	1.0
-0.0018972031539306045	1.0
0.0	1.0
0.0	1.0
0.0	1.0
0.0	1.0
0.0	1.0
0.0	1.0
-4.817252707844943e-10	1.0
-2.4183767891372554e-05	1.0
-0.0022065003868192434	1.0
-0.0009245765395462513	1.0
0.0	1.0
0.0	0.0
0.0	1.0
0.0	1.0
0.0	1.0
0.0	1.0
-7.675296365050599e-05	1.0
-0.0009070559171959758	1.0
0.0	1.0
-0.00014465056301560253	1.0
0.0	0.0
-2.6016856224941876e-08	1.0
0.0	1.0
-0.00016843208868522197	1.0
0.0	1.0
-0.000592864234931767	0.0
-6.213008600752801e-05	0.0
-0.0003136179584544152	1.0
-7.093234333233056e-10	1.0
0.0	1.0
0.0	0.0
0.0	0.0
0.0	1.0
-1.8069874840875855e-07	1.0
-1.4501469195238315e-05	0.04934541792547835
0.0	1.0
-2.2666517907055095e-06	0.0
0.0	1.0
-1.3035000847594347e-06	1.0
-7.480919883562365e-09	1.0
-1.8760253794880555e-07	1.0
0.0	0.0
-1.3626639656649786e-06	1.0
0.0	1.0
0.0	0.832
0.0	1.0
-1.7637286873650737e-05	1.0
0.0	0.0
0.0	1.0
-4.567095590601866e-10	1.0
-4.570297278405633e-06	1.0
0.0	1.0
0.0	1.0
0.0	1.0
-0.00027678225887939334	0.006944444444444444
-9.048628271557391e-05	1.0
0.0	1.0
0.0	1.0
-2.946502490885905e-06	1.0
0.0	1.0
0.0	1.0
0.0	1.0
-0.0026748771779239178	0.0
-0.005076025612652302	0.0
0.0	0.0
0.0	1.0
-0.00657183863222599	0.0
-0.0005700212204828858	1.0
-7.566270141978748e-06	1.0
0.0	1.0
-2.5776489565032534e-06	1.0
-6.756202492397279e-05	1.0
-4.989294029655866e-05	1.0
-3.745446065295255e-06	1.0
-0.009121285751461983	0.0
-2.0026978120313288e-07	1.0
0.0	1.0
0.0	1.0
-0.011176709085702896	0.008962868117797696
-0.007293804548680782	0.0
-2.6022339625342283e-06	0.02040816326530612
0.0	0.0
0.0	1.0
0.0	1.0
0.0	1.0
0.0	0.0
-0.00044291248195804656	1.0
0.0	0.0
-0.003810190362855792	0.12341772151898735
-0.00011406275007175282	1.0
0.0	1.0
-5.432918559478139e-09	1.0
0.0	1.0
0.0	1.0
-0.012923755683004856	0.0
0.0	1.0
0.0	1.0
0.0	0.0
0.0	1.0
0.0	1.0
0.0	1.0
0.0	1.0
0.0	0.0
0.0	1.0
0.0	1.0
0.0	1.0
0.0	1.0
0.0	0.0
0.0	1.0
-0.0013480439083650708	1.0
-5.751925671870772e-11	1.0
-3.198150443495251e-05	1.0
-3.7817485254443284e-10	1.0
-0.001235356554389	0.0
-9.686296937336334e-15	1.0
-0.014694134704768658	0.0
0.0	0.0
0.0	0.0
-5.074727596365847e-05	1.0
-8.721741323824972e-05	1.0
-0.005559954326599836	0.0
0.0	1.0
-1.0013226869887148e-07	1.0
-1.2943798537889961e-05	1.0
0.0	1.0
-0.009234301745891571	0.0
0.0	1.0
-0.006061249878257513	0.001002004008016032
0.0	1.0
-0.00016075189341790974	0.0
0.0	1.0
0.0	0.0
0.0	1.0
-3.123177748420858e-06	1.0
0.0	1.0
0.0	1.0
-6.650097202509642e-05	1.0
0.0	0.0
-0.0005517982644960284	1.0
