-0.000834702979773283	0.0
0.0	0.0
0.0	0.0
0.0	0.7951807228915663
-1.07908050495098e-07	1.0
-0.004469261039048433	0.04395604395604396
0.0	1.0
-4.48745623771174e-07	0.0
-5.956006498308852e-05	0.0
0.0	1.0
0.0	1.0
-0.008761970326304436	0.0
0.0	1.0
0.0	1.0
0.0	0.0
0.0	1.0
-5.849016382342143e-09	1.0
-0.0003955528372898698	0.0
0.0	1.0
-5.7972720242105424e-06	1.0
-9.299484372604638e-05	1.0
-8.508564946357877e-13	0.0
0.0	1.0
0.0	0.18619246861924685
-5.6360107691944e-07	1.0
0.0	1.0
0.0	1.0
0.0	1.0
0.0	1.0
0.0	0.0
0.0	1.0
-3.428052878007293e-05	0.0
-0.0001931050355779007	1.0
-0.00023398170014843345	1.0
0.0	1.0
-0.005195135250687599	0.0
0.0	1.0
0.0	0.0
0.0	1.0
0.0	0.0
-0.0021045953035354614	0.0
-3.4917095256825625e-12	1.0
0.0	0.14150943396226415
0.0	1.0
0.0	0.0
-0.0012342095142230392	1.0
0.0	1.0
-3.4112035791622475e-06	0.0
-0.00019087136024609208	0.007547169811320755
0.0	0.0
0.0	1.0
0.0	1.0
0.0	1.0
0.0	0.0
0.0	1.0
0.0	1.0
-7.12968540028669e-05	1.0
-9.41398957365891e-06	1.0
-1.7841441149357706e-05	1.0
0.0	1.0
0.0	1.0
0.0	1.0
-0.00014089772594161332	1.0
0.0	1.0
0.0	0.02403846153846154
0.0	0.0
-5.512032294063829e-05	0.0
-0.0020905141718685627	1.0
-2.1443501196927173e-08	1.0
0.0	1.0
0.0	0.0
0.0	1.0
0.0	0.0
0.0	1.0
0.0	1.0
-0.0010028369724750519	0.20925553319919518
0.0	0.0
0.0	1.0
-0.001205841894261539	0.0
-7.17903531040065e-05	0.0189873417721519
0.0	0.002574002574002574
0.0	1.0
0.0	1.0
-0.0001010195555863902	1.0
0.0	1.0
-0.001551364315673709	0.0
0.0	0.106
0.0	0.0
0.0	0.02654867256637168
-1.1410772327025143e-09	1.0
0.0	0.0
0.0	1.0
0.0	1.0
0.0	0.0
0.0	1.0
-0.0001119480439228937	0.05847953216374269
0.0	1.0
0.0	0.0
0.0	1.0
0.0	1.0
0.0	0.0
-2.5162405492551443e-08	1.0
-5.441747634904459e-05	1.0
0.0	1.0
0.0	1.0
0.0	0.0018975332068311196
-1.9258429486551654e-12	0.0
0.0	1.0
-9.62581361818593e-06	1.0
0.0	1.0
0.0	1.0
-3.0432605058194895e-07	0.0
-0.0006651725270785391	1.0
-2.2778129959988291e-07	1.0
0.0	0.0
0.0	1.0
0.0	1.0
0.0	1.0
-2.0312764092977886e-07	1.0
0.0	0.0
-8.266373697551899e-06	0.015625
0.0	0.8235887096774194
0.0	1.0
-0.010783013887703419	0.0
0.0	0.0
0.0	1.0
0.0	0.13471502590673576
0.0	1.0
-3.5621334859570197e-07	1.0
0.0	0.0
-1.9323879314470105e-05	1.0
0.0	1.0
-0.0022863124031573534	0.001358695652173913
0.0	0.2169811320754717
0.0	1.0
0.0	1.0
0.0	1.0
-0.0007667574100196362	0.0
0.0	1.0
0.0	1.0
-2.7534085802471964e-06	0.0
0.0	0.1162079510703364
0.0	1.0
-0.013169391080737114	0.0
0.0	1.0
-2.1978399672661908e-05	1.0
0.0	0.0
0.0	1.0
-7.271282356668962e-06	1.0
0.0	0.014084507042253521
0.0	0.0
0.0	1.0
0.0	1.0
-0.0006190132116898894	1.0
-1.0041568430096959e-06	0.22269807280513917
0.0	0.005649717514124294
0.0	1.0
-1.177030753751751e-06	1.0
0.0	0.0
-0.010139236226677895	0.0
-3.3447406167397276e-05	1.0
-9.570496217747859e-08	1.0
0.0	1.0
0.0	1.0
-0.0035235148388892412	0.0
0.0	0.11311311311311312
0.0	1.0
-0.00010274157830281183	1.0
-5.2442901505855843e-05	1.0
0.0	1.0
0.0	1.0
-0.016878841444849968	0.0
0.0	1.0
0.0	1.0
-0.018378516659140587	0.0
0.0	0.04949238578680203
0.0	1.0
-0.00019060485647059977	1.0
0.0	1.0
0.0	1.0
0.0	0.0
0.0	0.794
-0.0006951942923478782	0.0
0.0	0.0
0.0	1.0
-1.7336524251732044e-05	0.0
0.0	0.0
0.0	1.0
0.0	1.0
0.0	0.037525354969574036
0.0	0.0
-0.004640716128051281	0.0
-2.7571251948188547e-09	1.0
0.0	1.0
-6.605100022483157e-09	1.0
0.0	0.0
-2.7197696872427457e-10	1.0
0.0	1.0
0.0	0.16037735849056603
-5.455035989143653e-06	1.0
0.0	0.0
0.0	1.0
-0.05193616449832916	0.0
-1.6524543752893806e-05	0.0
-0.0025627664290368557	0.0
0.0	1.0
-0.00018392284982837737	1.0
0.0	0.0
-0.0004763808101415634	0.0
0.0	0.8803986710963455
0.0	1.0
0.0	0.0
-2.1785410808661254e-06	0.0
-0.0002983349550049752	1.0
0.0	0.0
-1.1482148920549662e-06	1.0
-0.0011307245586067438	0.0
0.0	1.0
-0.0009598983451724052	0.0
0.0	1.0
0.0	1.0
0.0	1.0
-1.6351826143123915e-11	1.0
-4.367137535155052e-06	1.0
-1.3178429981053341e-05	1.0
0.0	1.0
-7.353899156292698e-10	1.0
-2.529426637920551e-05	1.0
0.0	1.0
0.0	1.0
0.0	1.0
-3.548894234040034e-10	1.0
-0.00016126924310810864	1.0
0.0	1.0
0.0	1.0
0.0	1.0
0.0	1.0
0.0	1.0
-0.0012262578820809722	0.0
-6.811656021454837e-07	1.0
-0.009926805272698402	0.46634615384615385
-0.0018751404713839293	1.0
0.0	1.0
0.0	1.0
-7.14537281965022e-06	0.13942307692307693
0.0	1.0
-0.07729125022888184	0.0
0.0	1.0
-0.04857592284679413	0.0
-0.0006289603188633919	0.8666666666666667
-6.269815639825538e-05	1.0
-0.00483347661793232	0.0
0.0	1.0
0.0	1.0
-8.457956823804125e-08	0.0
0.0	1.0
0.0	1.0
0.0	1.0
-0.00122841855045408	1.0
0.0	1.0
0.0	1.0
0.0	1.0
-1.332904275841429e-07	0.0
0.0	0.0
-2.8762872639198633e-10	1.0
-1.2050917348460644e-06	1.0
-0.01338923815637827	0.0
0.0	1.0
-1.308726382376335e-06	1.0
0.0	1.0
0.0	1.0
0.0	1.0
-1.5439178241649643e-05	0.0
0.0	1.0
0.0	0.0
0.0	1.0
-0.0003525693027768284	0.18867924528301888
-0.0009200354106724262	0.0
0.0	1.0
0.0	1.0
0.0	1.0
-0.0005478792591020465	1.0
-4.3962078052572906e-05	0.0
0.0	1.0
-0.007921775802969933	0.0
0.0	0.0
-0.004535636864602566	0.0
-5.082153773337816e-13	1.0
0.0	1.0
0.0	0.0
0.0	0.0
-0.001532125286757946	0.02403846153846154
0.0	1.0
0.0	1.0
0.0	0.0
0.0	1.0
-7.870148692745715e-05	0.0
0.0	0.12745098039215685
0.0	1.0
0.0	1.0
0.0	1.0
-0.00036135013215243816	0.0
0.0	1.0
0.0	1.0
0.0	1.0
0.0	1.0
0.0	1.0
0.0	0.0
-0.00011386309051886201	0.0
0.0	1.0
-0.00025215279310941696	1.0
0.0	1.0
-3.1564599339617416e-05	1.0
-0.003989510703831911	0.0
-2.3911063635750907e-06	1.0
-1.4841251868347172e-05	1.0
-3.835784809780307e-05	0.792
-0.001208714907988906	1.0
0.0	0.12008072653884964
-0.0030028384644538164	0.0
0.0	1.0
0.0	1.0
0.0	1.0
0.0	1.0
0.0	1.0
0.0	1.0
0.0	1.0
-7.386713696178049e-05	1.0
-0.00598415220156312	0.0
-1.0258193015033612e-06	1.0
0.0	0.5824175824175825
0.0	1.0
-0.02430565655231476	0.0
0.0	0.07692307692307693
0.0	1.0
0.0	0.0
-0.0006930179079063237	1.0
0.0	1.0
-3.185918889814232e-11	0.0
0.0	1.0
0.0	0.0
0.0	0.0
-0.019678235054016113	0.0
0.0	1.0
0.0	1.0
0.0	1.0
-0.003007463878020644	1.0
-1.3704155207960866e-05	1.0
-0.0004107240529265255	1.0
0.0	1.0
-3.7945646909065545e-06	1.0
0.0	1.0
-3.958305683227081e-08	1.0
0.0	1.0
0.0	1.0
-0.022343970835208893	0.0
-1.1151892067573499e-05	1.0
0.0	1.0
0.0	0.04132231404958678
0.0	1.0
-0.0009987697703763843	1.0
0.0	1.0
-1.4629625866291462e-06	0.125
-0.001625573611818254	0.0
0.0	1.0
-0.00014708242088090628	1.0
0.0	1.0
0.0	1.0
0.0	1.0
-0.0004942947416566312	0.0
-7.828040082813459e-08	0.0
0.0	1.0
-0.0005776606849394739	1.0
-2.6272423383488785e-06	0.0
0.0	1.0
0.0	0.23039215686274508
0.0	1.0
0.0	1.0
-9.319442995092686e-08	0.0
-0.0037832241505384445	0.00946969696969697
0.0	1.0
-0.0002963740553241223	1.0
-0.0015113726258277893	0.0
-0.0025987247936427593	0.0
-6.950537922989497e-10	1.0
0.0	0.0
-0.00016611920727882534	1.0
0.0	0.0
0.0	1.0
-2.9122640713905024e-13	1.0
-9.455532563151792e-05	0.0
0.0	0.0
-1.574592897668481e-05	0.0
-6.451492663472891e-05	1.0
-1.0681885214580689e-05	1.0
0.0	0.0
0.0	1.0
-5.13694989323632e-13	1.0
-7.710394243076735e-07	1.0
-0.006204687524586916	0.0
-0.0004504578246269375	0.8509615384615384
0.0	0.0
-0.0010070069693028927	0.0
-6.800860774092143e-06	0.0
0.0	1.0
-0.0007432316779159009	1.0
-1.0956590585919912e-06	1.0
0.0	0.0
-9.479848728233264e-08	0.0
0.0	1.0
0.0	1.0
-1.4551181370947575e-09	1.0
-3.439467400312424e-05	0.0
0.0	1.0
0.0	0.0
0.0	1.0
0.0	1.0
0.0	1.0
0.0	1.0
0.0	1.0
-0.00011531283962540329	0.0
0.0	1.0
-2.342503285035491e-05	1.0
0.0	1.0
0.0	0.012249443207126948
-5.9964953834423795e-05	0.0
-0.0035515280906111	0.0
-0.0010957970516756177	1.0
-0.00200612167827785	1.0
0.0	1.0
0.0	0.890888638920135
0.0	0.5336538461538461
-0.0021030656062066555	0.0
0.0	0.0
0.0	0.016560509554140127
0.0	1.0
-0.00015039394202176481	0.0
0.0	1.0
-0.0013573982287198305	1.0
-0.00526531832292676	0.0
0.0	0.0
-0.000663362501654774	0.0
0.0	1.0
-0.00015132919361349195	0.0
-2.743812956396141e-06	1.0
-0.0005321556818671525	1.0
0.0	1.0
0.0	1.0
-0.0008264551288448274	0.0
0.0	0.0
0.0	1.0
0.0	0.004807692307692308
-1.4382581237093461e-10	0.793
0.0	1.0
0.0	0.0
0.0	1.0
-0.00020366397802717984	0.0
0.0	1.0
0.0	0.0
0.0	1.0
-7.999108220246853e-08	1.0
-0.01103285700082779	0.0
0.0	1.0
-6.977744533287478e-07	0.0
-0.00031243503326550126	1.0
0.0	1.0
-2.460996406661309e-10	1.0
0.0	1.0
-0.0011460105888545513	0.0
0.0	0.0
0.0	1.0
-8.792571705440455e-12	0.0
0.0	1.0
-0.0011446840362623334	1.0
0.0	1.0
0.0	0.0
-8.11897189123556e-05	1.0
0.0	1.0
0.0	0.0
-0.00016682148270774633	1.0
0.0	1.0
0.0	1.0
0.0	1.0
0.0	0.7158176943699732
-0.003328990889713168	1.0
0.0	1.0
-0.0002005266142077744	1.0
-1.583195512466773e-06	0.0
0.0	1.0
0.0	1.0
-3.6576099660123873e-07	1.0
0.0	1.0
-1.4376765555823567e-08	1.0
-3.741465479834005e-05	1.0
0.0	1.0
-0.00035755347926169634	0.0
-0.0003677646745927632	1.0
0.0	0.0
0.0	1.0
0.0	0.0
0.0	1.0
-5.832001625094563e-05	0.0
0.0	1.0
-0.00042480489355511963	0.0
0.0	1.0
0.0	1.0
0.0	1.0
0.0	1.0
0.0	0.0
0.0	0.027472527472527472
0.0	1.0
0.0	1.0
0.0	1.0
-5.5581724154762924e-05	1.0
-4.2257704002679475e-09	1.0
0.0	0.0
0.0	1.0
0.0	1.0
-0.0001283941528527066	1.0
0.0	1.0
0.0	1.0
-2.4173584733944153e-06	1.0
0.0	1.0
0.0	1.0
0.0	1.0
0.0	0.0
0.0	0.0
-6.543525614688406e-07	1.0
0.0	1.0
0.0	1.0
0.0	1.0
-5.2231946028769016e-05	1.0
0.0	1.0
0.0	1.0
0.0	1.0
0.0	1.0
-3.2811173672391687e-23	1.0
0.0	1.0
-2.4790713926137187e-10	0.3865652724968314
-4.068305692328522e-10	1.0
0.0	1.0
0.0	0.0
0.0	1.0
-0.00033484509913250804	0.0
0.0	1.0
-6.95996277499944e-05	1.0
-9.755177597980946e-05	0.0
0.0	1.0
0.0	1.0
0.0	1.0
0.0	1.0
0.0	1.0
0.0	1.0
0.0	1.0
0.0	1.0
0.0	0.0
0.0	1.0
0.0	1.0
0.0	0.0
0.0	1.0
0.0	1.0
0.0	1.0
-0.0017646923661231995	0.0012626262626262627
0.0	1.0
0.0	1.0
0.0	0.0
-5.064465767645743e-06	0.002
0.0	1.0
-5.608008723356761e-05	0.0
-0.0025264190044254065	1.0
0.0	1.0
0.0	1.0
0.0	0.0
-8.469270687783137e-05	1.0
-0.005015467293560505	0.0
0.0	1.0
-9.722786671773065e-06	1.0
0.0	1.0
