-4.981927190783608e-07	0.0
0.0	1.0
-2.7642310669762082e-05	1.0
-0.0012483623577281833	0.0
0.0	0.0
-0.0006956447032280266	1.0
-0.0005534646334126592	0.0
-2.9713403293385454e-08	1.0
0.0	1.0
0.0	1.0
-1.0986156667058822e-05	1.0
0.0	1.0
0.0	1.0
-0.0014277363661676645	1.0
0.0	1.0
-0.005002359859645367	0.04980842911877394
0.0	1.0
0.0	0.0
0.0	1.0
0.0	0.0
0.0	1.0
0.0	1.0
0.0	1.0
0.0	1.0
0.0	0.07142857142857142
0.0	0.047619047619047616
0.0	1.0
0.0	0.0
-0.0011104077566415071	0.0
-0.000998166622593999	1.0
-5.200599275667628e-07	1.0
0.0	1.0
-2.4510702170167653e-13	1.0
0.0	0.0
0.0	1.0
-0.0003177510807290673	0.03557312252964427
0.0	1.0
0.0	1.0
0.0	1.0
0.0	1.0
0.0	1.0
0.0	0.0
-1.976350404220284e-06	1.0
0.0	1.0
0.0	0.0
0.0	0.0
-2.215941066197047e-07	0.0
-0.001286298269405961	0.0
0.0	1.0
0.0	0.0
0.0	0.0
0.0	0.0
0.0	1.0
0.0	1.0
-0.0002408643631497398	1.0
-0.00028150834259577096	1.0
-0.00023814688029233366	0.5953307392996109
-1.2999726095586084e-07	1.0
0.0	1.0
0.0	1.0
0.0	0.0
0.0	1.0
-1.546079511172138e-05	1.0
0.0	0.0
0.0	1.0
0.0	1.0
0.0	1.0
-4.8126280489668716e-06	1.0
-9.514470002613962e-05	0.03305785123966942
0.0	1.0
0.0	0.01072961373390558
0.0	0.011816838995568686
0.0	1.0
0.0	1.0
-1.1616939410430405e-08	1.0
0.0	1.0
-8.271903197965003e-07	1.0
0.0	1.0
-4.78311494589434e-06	1.0
0.0	1.0
-1.84068048838526e-05	1.0
-9.1833953774767e-06	1.0
0.0	1.0
0.0	1.0
-4.483349584916141e-07	0.0
-4.80027938465355e-06	1.0
0.0	0.18041237113402062
-5.3825937129659e-07	1.0
-1.2727260217948455e-11	1.0
0.0	1.0
-7.616849018177163e-08	1.0
0.0	0.43548387096774194
-7.786230526107829e-06	1.0
0.0	1.0
0.0	1.0
0.0	0.0
0.0	0.017875920084121977
0.0	1.0
0.0	1.0
0.0	1.0
-1.2245988045833656e-06	1.0
-0.00011739440378732979	0.0
0.0	1.0
-3.6472144984145416e-06	0.0
0.0	0.0
-0.000142930235597305	1.0
-0.0005430336459539831	1.0
0.0	1.0
0.0	1.0
0.0	1.0
0.0	0.0
-0.005099792964756489	0.0
0.0	1.0
0.0	0.0
-6.198042115101998e-07	0.03125
0.0	1.0
-1.0291922869498649e-08	0.0
0.0	1.0
0.0	1.0
-2.867777538995142e-06	0.0
0.0	1.0
0.0	1.0
0.0	1.0
-1.0666572052286938e-06	1.0
-0.0012500652810558677	1.0
-6.94562558578582e-08	1.0
0.0	0.0
0.0	0.0
0.0	1.0
-2.5351536692141963e-07	0.3076062639821029
0.0	0.0
-0.00043604601523838937	1.0
0.0	1.0
-8.158172931871377e-06	1.0
0.0	1.0
0.0	1.0
0.0	1.0
0.0	1.0
0.0	1.0
0.0	0.0
-3.1962104003468994e-06	1.0
0.0	0.0
0.0	1.0
0.0	1.0
0.0	0.0
0.0	1.0
0.0	1.0
0.0	1.0
0.0	0.04964539007092199
-6.8360950535861775e-06	1.0
0.0	1.0
0.0	1.0
0.0	1.0
0.0	1.0
0.0	1.0
0.0	1.0
-1.626068478799425e-05	1.0
0.0	0.32349841938883034
-1.810238609323278e-05	1.0
0.0	1.0
0.0	1.0
0.0	1.0
0.0	1.0
-8.715735020814463e-06	0.0
0.0	1.0
-0.006887014955282211	0.0
0.0	1.0
0.0	1.0
0.0	0.0
-0.0007533810567110777	0.013727560718057022
-0.0005194696132093668	0.12147239263803682
0.0	1.0
-9.687408919489826e-07	1.0
0.0	1.0
0.0	1.0
0.0	1.0
-6.718807981087593e-06	0.004347826086956522
0.0	1.0
-0.00015145540237426758	1.0
-0.00014677303261123598	0.0
0.0	1.0
0.0	1.0
0.0	1.0
-0.0011335315648466349	1.0
0.0	1.0
-4.3794995008283877e-07	1.0
-4.1313498400086246e-07	1.0
-4.581156827043742e-05	0.00398406374501992
0.0	1.0
-9.777750528883189e-05	0.0
0.0	1.0
-0.0005816936609335244	1.0
0.0	1.0
0.0	1.0
0.0	1.0
0.0	1.0
0.0	1.0
0.0	1.0
0.0	1.0
-0.0008271123515442014	1.0
-5.268094810162438e-06	1.0
0.0	0.0
-0.00030836573569104075	1.0
-5.637319304696575e-07	1.0
-1.2342565241851844e-05	0.0
-0.03180547431111336	0.0
0.0	0.31559854897218864
0.0	1.0
0.0	1.0
-0.0018037641420960426	0.11459589867310012
-0.0001859712938312441	1.0
0.0	1.0
0.0	1.0
0.0	1.0
-1.2026658851027605e-06	1.0
0.0	1.0
0.0	0.0
-0.0004464767116587609	0.02857142857142857
-0.0018558513838797808	0.009146341463414634
-0.0015789829194545746	0.0
-6.769561150576919e-05	1.0
-0.00966040138155222	0.0
-0.0018153087003156543	0.0
0.0	1.0
0.0	1.0
0.0	0.0
0.0	1.0
0.0	1.0
0.0	1.0
0.0	1.0
-4.7677291149739176e-05	1.0
-2.023251545324456e-05	0.3119906868451688
-6.334814679576084e-05	0.0
0.0	1.0
0.0	0.0
-3.221477163606323e-05	1.0
0.0	0.19201995012468828
-6.73151298542507e-05	1.0
0.0	1.0
-0.0015331200556829572	1.0
0.0	1.0
0.0	1.0
0.0	1.0
0.0	1.0
-7.911071797650493e-09	0.0
0.0	1.0
-0.0028374972753226757	1.0
0.0	0.02309782608695652
0.0	1.0
-0.0022920314222574234	1.0
-6.900783944274735e-08	0.0
-2.5978316386954248e-08	1.0
0.0	0.0
0.0	1.0
0.0	0.0
-1.8843458747141995e-05	1.0
0.0	0.10966810966810966
-1.9537005755410064e-06	1.0
0.0	0.0
-6.472974973803503e-07	1.0
-4.847185846301727e-05	1.0
-0.0001620896946405992	1.0
0.0	0.0
-0.0006549831596203148	1.0
0.0	1.0
-0.0008440225501544774	1.0
0.0	1.0
0.0	0.0
0.0	1.0
-0.0028333780355751514	1.0
-6.486245183623396e-06	0.08333333333333333
0.0	0.0
-0.00644313869997859	0.017045454545454544
-8.365542271349113e-06	1.0
0.0	0.0
-0.00901577714830637	0.0
0.0	1.0
0.0	0.07054871220604703
0.0	1.0
0.0	1.0
-0.0002795764012262225	0.0
0.0	0.2090032154340836
-0.029734356328845024	0.0
0.0	1.0
0.0	1.0
0.0	1.0
-0.0002278297470184043	1.0
0.0	1.0
-2.3827091411021684e-09	0.0
0.0	1.0
-0.0008371073054149747	1.0
0.0	1.0
-1.163575007012696e-06	1.0
0.0	1.0
0.0	1.0
-0.003505249274894595	1.0
0.0	1.0
-7.656817615497857e-05	0.48551724137931035
0.0	0.4243827160493827
-2.6548546884441748e-05	1.0
-6.5849658312799875e-06	0.0
0.0	0.13517241379310344
0.0	0.0
-4.732848174171522e-05	1.0
0.0	1.0
0.0	1.0
-0.0009188671829178929	0.0
0.0	0.0
-4.3806365283671767e-05	1.0
-9.444060560781509e-05	1.0
-2.537932050472591e-05	1.0
-0.0008463221020065248	1.0
0.0	1.0
-4.092273684364045e-07	0.37549407114624506
0.0	0.0
0.0	1.0
-1.5430721305165207e-06	1.0
0.0	1.0
-0.0002042647247435525	1.0
-0.0005838091019541025	0.0
0.0	0.03894736842105263
0.0	1.0
-0.0007673930376768112	1.0
-0.00018624740187078714	1.0
-1.2006285032839514e-05	0.2659251769464105
0.0	0.031088082901554404
0.0	1.0
-7.994697807589546e-05	1.0
0.0	0.0
-0.00017720620962791145	1.0
-0.0027708010748028755	0.0
0.0	1.0
0.0	1.0
-0.023791301995515823	0.0
0.0	0.0
0.0	0.0
0.0	0.0
0.0	1.0
0.0	0.13179347826086957
-0.08988639712333679	0.0
0.0	1.0
0.0	0.0
-0.001974934944882989	1.0
0.0	1.0
0.0	0.0
-0.0027279132045805454	0.0
0.0	1.0
-7.333207031479105e-05	1.0
0.0	1.0
0.0	0.0
0.0	0.0
0.0	0.02151639344262295
-6.945092991372803e-06	0.02151639344262295
-0.001444640220142901	0.021538461538461538
-0.00891907885670662	0.0
0.0	1.0
0.0	0.0
-0.001015427871607244	1.0
0.0	1.0
-0.04466518014669418	0.0
0.0	1.0
0.0	1.0
-0.010735686868429184	0.007122507122507123
0.0	1.0
0.0	1.0
-4.529672992248379e-07	1.0
-0.003974749241024256	0.0
-0.0007136969361454248	0.011475409836065573
0.0	1.0
0.0	1.0
0.0	0.0
-0.002291810465976596	1.0
0.0	0.0
0.0	1.0
-0.00042040622793138027	0.0
-1.324510321865091e-06	0.06818181818181818
0.0	1.0
0.0	1.0
0.0	0.0
-0.022413155063986778	0.0
0.0	0.7927350427350427
0.0	1.0
-0.015528123825788498	0.0
-1.2519771189545281e-05	1.0
0.0	1.0
-0.001541821053251624	0.0
-0.046959586441516876	0.0
-4.140359669690952e-05	1.0
-0.04209330677986145	0.0
0.0	1.0
0.0	0.0
-8.465050996164791e-06	0.0
0.0	0.04229607250755287
-1.823523007260519e-06	1.0
0.0	1.0
-3.985182502219686e-06	1.0
-0.00445978669449687	0.0
0.0	0.09278350515463918
-1.1337155001456267e-06	1.0
0.0	1.0
0.0	1.0
0.0	0.0
0.0	1.0
0.0	1.0
-1.5330305132010835e-06	1.0
-6.088816462579416e-06	1.0
-0.00022273614013101906	0.9285714285714286
0.0	1.0
-6.856480922579067e-06	1.0
0.0	1.0
-5.7142939028319555e-15	1.0
0.0	1.0
0.0	1.0
-0.00042177276918664575	0.0
-0.00015422567958012223	1.0
-0.011980893090367317	0.011111111111111112
0.0	1.0
0.0	1.0
-1.2088653052888402e-16	1.0
0.0	1.0
0.0	1.0
0.0	1.0
0.0	1.0
0.0	1.0
0.0	1.0
0.0	1.0
0.0	1.0
0.0	1.0
-0.003223210573196411	0.11419068736141907
0.0	1.0
0.0	0.0
-4.1362407500855625e-05	0.06818181818181818
-1.5939251625241013e-06	0.3458980044345898
-1.8981288008035335e-07	0.0
0.0	0.0
-1.1148913472425193e-06	1.0
0.0	0.1514543630892678
0.0	1.0
-5.3934564903102e-07	1.0
0.0	1.0
0.0	1.0
0.0	1.0
-0.0027346040587872267	0.09011627906976744
-2.5097304501287e-07	1.0
-8.242319745477289e-05	1.0
0.0	1.0
-4.570317742036423e-06	0.13402061855670103
-9.704079275252298e-06	1.0
-0.021261202171444893	0.0
0.0	1.0
0.0	0.0
0.0	1.0
0.0	1.0
0.0	0.2657973921765296
0.0	0.0
-0.0006708525470457971	1.0
0.0	1.0
-4.025830833143118e-07	1.0
0.0	1.0
0.0	1.0
-0.0003208007547073066	0.0
-4.71757011837326e-05	0.0
0.0	1.0
-0.01720074936747551	0.2
0.0	0.05583756345177665
0.0	0.046747967479674794
0.0	1.0
-0.00038080886588431895	1.0
0.0	1.0
0.0	1.0
0.0	0.0
0.0	0.0
0.0	1.0
-0.00222597224637866	0.0
-4.9630912712927966e-08	1.0
0.0	0.0
0.0	1.0
0.0	1.0
0.0	1.0
-0.0009822362335398793	1.0
0.0	0.0
0.0	1.0
-0.012579603120684624	0.0
0.0	0.0
-8.167218084054184e-07	1.0
-0.00018472045485395938	0.0
-3.020190888491925e-06	0.006042296072507553
-3.214265234419145e-05	1.0
0.0	0.0
-1.0463075028610547e-07	1.0
0.0	1.0
-4.276784011381096e-07	0.0
-2.2466906113294272e-10	1.0
-0.0011222586035728455	1.0
0.0	0.0
0.0	1.0
-0.0013247316237539053	0.0
-1.993883870454738e-06	1.0
-0.031003303825855255	0.0
0.0	1.0
-9.066775419341866e-06	1.0
0.0	1.0
0.0	1.0
0.0	0.0
-0.0005637606955133379	0.0
0.0	1.0
0.0	1.0
-0.00013214428327046335	1.0
-9.842003782978281e-05	1.0
0.0	1.0
-1.6994943507597782e-05	1.0
0.0	0.0
0.0	1.0
0.0	1.0
0.0	1.0
0.0	1.0
0.0	1.0
0.0	0.0
-0.0004007054667454213	0.0
0.0	1.0
-4.2888405005214736e-07	1.0
0.0	1.0
-0.0012176043819636106	1.0
0.0	1.0
0.0	0.0
0.0	1.0
0.0	0.0
0.0	0.0
-1.0741666301328223e-05	1.0
-1.719003194011748e-05	1.0
0.0	1.0
0.0	0.4175824175824176
0.0	1.0
0.0	1.0
0.0	0.06818181818181818
0.0	1.0
0.0	0.2770199370409234
-0.00019098902703262866	1.0
0.0	0.0
-1.1395633237043512e-07	1.0
0.0	1.0
0.0	0.0
-0.029733803123235703	0.0
-0.000805212592240423	1.0
-0.00036915074451826513	1.0
0.0	1.0
0.0	0.0
-0.011294975876808167	0.0963855421686747
0.0	1.0
-5.8748591982293874e-05	1.0
0.0	0.0
0.0	1.0
0.0	1.0
-0.003284626407548785	1.0
0.0	1.0
-0.005376305431127548	1.0
-8.701540355104953e-05	0.2858575727181545
0.0	1.0
0.0	1.0
-0.0013268516631796956	1.0
0.0	1.0
0.0	1.0
0.0	0.4412191582002903
