0.0	0.0
0.0	0.0
0.0	0.0
0.0	0.0
0.0	0.0
0.0	0.0
-5.545121695149646e-09	0.0
0.0	1.0
0.0	1.0
0.0	0.952
0.0	1.0
-0.0004061333311256021	0.2413793103448276
0.0	1.0
-0.0022331345826387405	1.0
-0.0014578241389244795	1.0
-0.0003128327371086925	1.0
-7.139080082652072e-08	0.0
0.0	1.0
0.0	1.0
-2.097345713991672e-06	1.0
-1.710910163543744e-10	0.0
0.0	0.008559201141226819
-0.00010481661593075842	0.0
-4.721165169030428e-05	0.0
0.0	1.0
0.0	1.0
0.0	1.0
-0.000620137492660433	1.0
0.0	1.0
0.0	1.0
0.0	1.0
0.0	0.06334841628959276
0.0	0.952
0.0	1.0
0.0	0.00425531914893617
0.0	1.0
-0.0022671823389828205	1.0
0.0	1.0
0.0	1.0
0.0	1.0
-0.0008468221640214324	0.952
0.0	0.952
-5.498402289028093e-10	1.0
0.0	1.0
-0.00017234202823601663	0.0
-0.00783014576882124	0.0
0.0	1.0
0.0	1.0
0.0	0.0
0.0	1.0
0.0	1.0
0.0	1.0
0.0	0.0
0.0	0.0
0.0	0.0
-2.0931873123686273e-08	1.0
0.0	1.0
-0.0002658660523593426	0.0
-1.4267721726302085e-10	1.0
0.0	1.0
0.0	1.0
-8.892098435353546e-08	1.0
-0.0008565106545574963	1.0
0.0	1.0
0.0	1.0
0.0	1.0
0.0	0.0
0.0	1.0
-5.201567319090827e-07	1.0
-0.0030584437772631645	0.03607503607503607
0.0	1.0
-0.00023784389486536384	1.0
-2.0038858565385453e-05	1.0
-2.1193285647314042e-05	1.0
-0.0008260795148089528	1.0
0.0	1.0
0.0	1.0
-0.0001492239534854889	1.0
0.0	1.0
-0.0001030269413604401	0.051194539249146756
-8.720640471437946e-05	1.0
-0.03669438883662224	0.0
-5.659539850655371e-11	1.0
0.0	1.0
0.0	1.0
0.0	1.0
-0.00019283122674096376	0.6215864759427828
-1.193959349166107e-07	1.0
0.0	1.0
-3.7370318750618026e-05	0.013888888888888888
0.0	1.0
0.0	1.0
-0.00010163340630242601	0.0
-2.9257348614919465e-06	0.0
0.0	1.0
0.0	0.0
0.0	1.0
0.0	1.0
-8.850265658111311e-06	0.0
0.0	1.0
0.0	1.0
-0.002145502483472228	0.0
0.0	1.0
-0.010875167325139046	0.0
0.0	0.0
-8.170097487436578e-08	1.0
0.0	1.0
0.0	1.0
-2.6630962679519143e-07	0.0
-0.013432702049612999	0.0
-3.3349019759043586e-06	0.0
-0.0019228293094784021	1.0
-0.0009970328537747264	1.0
-0.0007922772201709449	1.0
-0.0038437088951468468	0.0
-4.847637669058713e-08	1.0
-1.348708565274137e-06	1.0
-0.00016652420163154602	0.007905138339920948
-5.581014761446568e-09	0.0
-1.3141834287466736e-09	1.0
0.0	0.01017293997965412
-0.00010334151738788933	0.0
-5.458292434923351e-05	1.0
0.0	0.0
0.0	0.0
0.0	1.0
0.0	1.0
-0.0024102325551211834	0.0
0.0	1.0
0.0	0.037267080745341616
0.0	0.0
0.0	1.0
0.0	1.0
0.0	1.0
0.0	0.4954954954954955
-0.00016676340601406991	1.0
-1.198155707982096e-08	0.0
-3.3617379813222215e-05	0.0
0.0	0.9122137404580153
0.0	1.0
-0.00017018229118548334	1.0
0.0	1.0
-0.0008510399493388832	0.0
0.0	1.0
0.0	1.0
-0.00046519466559402645	0.5555555555555556
0.0	1.0
0.0	1.0
-1.4948926036595367e-05	1.0
-0.0003937099827453494	1.0
0.0	1.0
-0.0006325485301204026	1.0
0.0	1.0
0.0	0.0
0.0	0.7186147186147186
-1.0609721812215867e-07	0.0
0.0	1.0
0.0	1.0
0.0	0.24274973147153597
0.0	0.6870310825294748
0.0	1.0
0.0	0.025179856115107913
0.0	0.0
-0.00019280973356217146	1.0
-0.014060290530323982	0.0
0.0	0.0
0.0	0.0
0.0	1.0
0.0	1.0
-0.0015873818192631006	0.0
0.0	1.0
-0.04782827943563461	0.0
0.0	1.0
0.0	1.0
-6.586361450899858e-06	0.0
0.0	1.0
0.0	1.0
0.0	0.0
0.0	1.0
0.0	1.0
0.0	0.3097251585623679
0.0	0.0
0.0	0.0
0.0	1.0
-0.00014769108383916318	1.0
-1.3633787432354438e-08	1.0
0.0	1.0
-0.006135533098131418	0.0
0.0	1.0
-0.0005614596884697676	0.0
0.0	1.0
0.0	1.0
0.0	0.5524625267665952
0.0	1.0
0.0	0.0
-0.00015885142784100026	1.0
-0.0194613728672266	0.0
0.0	1.0
0.0	1.0
0.0	1.0
0.0	1.0
0.0	1.0
0.0	1.0
0.0	1.0
-0.07245058566331863	0.0
0.0	1.0
-0.00012024296302115545	1.0
-0.00017582041618879884	1.0
0.0	1.0
0.0	1.0
-1.2599439287441783e-05	1.0
0.0	1.0
-0.0003284474660176784	0.0
0.0	0.0
0.0	0.0
0.0	1.0
-1.8358294255449437e-05	1.0
0.0	1.0
0.0	0.0
-1.396328830338689e-08	1.0
-0.0003768049937207252	1.0
-3.852963800454745e-06	1.0
0.0	0.0
0.0	1.0
-0.00061625218950212	1.0
0.0	0.0
-2.2393114704755135e-05	0.0
-1.1749487384804524e-05	0.0
0.0	0.0
0.0	0.0
-0.00018926794291473925	1.0
-6.13633164903149e-05	1.0
0.0	1.0
-0.0009558173478581011	1.0
0.0	1.0
0.0	1.0
0.0	1.0
0.0	1.0
0.0	1.0
0.0	1.0
0.0	1.0
0.0	1.0
-2.710684566409327e-05	1.0
0.0	1.0
-1.98410725715803e-06	1.0
0.0	0.0
-1.5604531654389575e-05	1.0
-8.646300557302311e-06	1.0
0.0	0.12907608695652173
-1.98057805391727e-05	1.0
-7.951446605147794e-05	1.0
-0.06016223877668381	0.0
0.0	0.0
0.0	1.0
0.0	1.0
-0.012198658660054207	0.0
0.0	0.03787878787878788
0.0	1.0
-0.0005735071026720107	0.0
-4.5860684139142904e-09	0.0
0.0	0.0
-1.2495252121880185e-06	1.0
0.0	0.01050420168067227
-1.65489600476576e-05	0.13
0.0	0.0
0.0	1.0
0.0	1.0
-5.814233372802846e-05	0.0
0.0	0.0
-0.0019893201533704996	1.0
0.0	1.0
0.0	1.0
-0.00010129906877409667	0.882
0.0	0.017316017316017316
-0.00014714893768541515	0.11740041928721175
0.0	1.0
0.0	1.0
0.0	1.0
0.0	1.0
0.0	1.0
0.0	1.0
-0.003659077687188983	0.0
0.0	1.0
0.0	1.0
0.0	0.0
-0.0002197645662818104	1.0
-4.1156970837619156e-05	1.0
0.0	1.0
0.0	1.0
-3.2283774089592043e-06	1.0
0.0	0.003054989816700611
-5.464070454763714e-06	1.0
0.0	1.0
-5.035485173721099e-06	1.0
0.0	1.0
0.0	1.0
-1.2313684294440463e-08	1.0
-4.384230223308805e-08	1.0
0.0	1.0
-1.4119701264583232e-14	1.0
0.0	0.0
0.0	1.0
-1.306512513110647e-05	0.285140562248996
0.0	1.0
0.0	1.0
0.0	1.0
-0.0019752446096390486	0.24949698189134809
0.0	1.0
-0.0034353400114923716	0.0
0.0	1.0
0.0	0.0
-6.881759418320144e-06	1.0
0.0	1.0
0.0	1.0
-8.17451837065164e-06	1.0
0.0	1.0
0.0	0.0
0.0	1.0
0.0	1.0
-0.00017015275079756975	1.0
0.0	0.0
-0.003039977513253689	0.0
0.0	1.0
-4.223288101457001e-07	0.0
-0.00022033179993741214	0.0
0.0	1.0
0.0	1.0
0.0	1.0
0.0	1.0
-0.0007919135969132185	1.0
0.0	1.0
0.0	0.0
0.0	0.027339642481598318
0.0	0.0273109243697479
0.0	1.0
0.0	1.0
-2.5249871637988974e-12	0.9635627530364372
-8.03100519419786e-08	0.0
-0.00042288642725907266	1.0
-5.754945505032083e-06	1.0
0.0	1.0
-4.0875092963688076e-05	0.020833333333333332
0.0	1.0
0.0	1.0
0.0	1.0
-0.00869970303028822	0.0
0.0	1.0
-0.0017919951351359487	1.0
0.0	0.16494845360824742
0.0	1.0
0.0	1.0
0.0	1.0
0.0	0.0
-3.957743683713488e-05	0.7723169508525577
-4.3025347622460686e-06	0.010309278350515464
0.0	0.0
-0.004548551980406046	0.0
0.0	0.0
0.0	0.03
-2.3348409740719944e-05	0.204
0.0	0.1471861471861472
0.0	0.0
0.0	0.0
-9.515735655440949e-06	0.254
0.0	1.0
0.0	1.0
0.0	1.0
0.0	1.0
0.0	0.25102880658436216
0.0	1.0
0.0	0.0
-0.00039696565363556147	0.0
-7.776409802318085e-06	0.015235457063711912
0.0	1.0
0.0	1.0
0.0	1.0
-4.92889630550053e-05	0.014884979702300407
0.0	0.0
-0.00010084422683576122	1.0
0.0	0.0
0.0	1.0
0.0	1.0
0.0	1.0
0.0	1.0
0.0	1.0
0.0	0.32854209445585214
-8.560958235648286e-07	1.0
-0.0018128311494365335	1.0
-7.312917296076193e-05	1.0
0.0	1.0
-7.121119779185392e-06	1.0
-4.6393489583351766e-07	1.0
0.0	1.0
-6.718640634062467e-06	1.0
0.0	1.0
-0.002940472913905978	0.0
0.0	1.0
0.0	1.0
0.0	1.0
0.0	1.0
0.0	1.0
-3.2915788324316964e-05	1.0
0.0	0.0
0.0	1.0
-6.70198005536804e-07	1.0
-8.556498301004467e-07	1.0
0.0	1.0
0.0	1.0
0.0	1.0
0.0	1.0
0.0	1.0
0.0	1.0
0.0	1.0
-0.0005359007627703249	1.0
0.0	0.0
0.0	1.0
0.0	1.0
-0.0025276171509176493	0.00425531914893617
0.0	1.0
0.0	1.0
0.0	0.0
-0.021033702418208122	0.0
0.0	1.0
0.0	0.0
0.0	1.0
-4.6868761273799464e-05	1.0
0.0	1.0
0.0	1.0
0.0	1.0
0.0	0.0
0.0	0.0
0.0	1.0
-1.917050962418898e-09	1.0
0.0	1.0
0.0	1.0
0.0	1.0
-0.0001338829897576943	1.0
-0.0025877091102302074	0.0
-0.00017176338587887585	1.0
0.0	0.04092920353982301
0.0	1.0
0.0	0.33047210300429186
0.0	1.0
-0.00016595539636909962	0.0
0.0	1.0
-0.0009718950605019927	0.44
-0.012244702316820621	0.004166666666666667
-3.8020734791643918e-06	1.0
0.0	1.0
0.0	1.0
-0.015478941611945629	0.0
0.0	1.0
0.0	1.0
0.0	1.0
0.0	1.0
0.0	1.0
0.0	1.0
0.0	1.0
0.0	1.0
-8.968274050857872e-05	1.0
0.0	0.2605932203389831
-3.679163228298421e-06	1.0
-0.00020590549684129655	1.0
0.0	1.0
0.0	1.0
0.0	0.0
0.0	1.0
-7.631239714100957e-05	0.0
0.0	0.5111821086261981
-3.8675722180414596e-07	0.0
-0.006422638893127441	0.0
-0.0006730907480232418	0.0
0.0	1.0
0.0	0.0
-0.001512125483714044	0.0
0.0	1.0
0.0	1.0
-6.82293830323033e-06	0.0
-0.00026493208133615553	0.04804804804804805
0.0	1.0
-4.197542580186564e-07	0.1091091091091091
-0.000170371204148978	1.0
0.0	0.0
-7.175483187893406e-05	1.0
0.0	0.0
-6.234179405345541e-12	1.0
0.0	0.0
0.0	0.0
0.0	1.0
-0.0001415784063283354	1.0
0.0	0.55863539445629
-0.0018509527435526252	1.0
0.0	1.0
0.0	1.0
0.0	1.0
-3.675432367344911e-07	0.208955223880597
0.0	0.0
-0.002284999703988433	0.0
-0.00014405032561626285	0.0
0.0	0.0
-0.0001624282740522176	1.0
-1.0322712114430033e-05	0.0
-4.0072041883831844e-05	1.0
0.0	1.0
0.0	0.0
0.0	1.0
-3.499466765788384e-05	1.0
0.0	1.0
-1.444518147764029e-06	1.0
0.0	1.0
0.0	0.0
0.0	1.0
0.0	1.0
0.0	1.0
0.0	0.0
0.0	1.0
-7.439542969223112e-05	1.0
0.0	0.0
0.0	1.0
-0.0003991558332927525	1.0
0.0	1.0
-2.3017032901861967e-07	0.0
0.0	1.0
0.0	1.0
0.0	1.0
0.0	1.0
-0.000851028598845005	1.0
-0.018863944336771965	0.0
-0.00040888431249186397	0.0
-0.00010051663412014022	1.0
0.0	1.0
0.0	1.0
0.0	1.0
0.0	0.0
0.0	0.0
-0.00031694149947725236	1.0
-0.0005263718776404858	1.0
-3.218270441807114e-11	0.0
0.0	1.0
0.0	0.0
0.0	0.0
-5.051555854151957e-05	1.0
0.0	1.0
0.0	1.0
0.0	0.0
-8.227302168961614e-05	1.0
-0.016373684629797935	0.0
0.0	0.0
0.0	1.0
0.0	1.0
-5.559464989346452e-05	0.05501618122977346
-1.0203082823068144e-08	1.0
-0.005320172291249037	0.0
0.0	1.0
-0.00446188123896718	0.0
-0.0025377788115292788	1.0
-3.898815992275928e-10	1.0
-0.00020272945403121412	1.0
0.0	0.0
-0.0017756588058546185	0.10770975056689343
-4.9178099288837984e-05	1.0
-0.0035523422993719578	0.0
-2.816883170453366e-05	1.0
0.0	1.0
-4.614431418303866e-06	1.0
0.0	1.0
0.0	1.0
0.0	1.0
0.0	0.0
-0.0003041524614673108	0.0
0.0	1.0
0.0	1.0
-0.0003067342331632972	0.05148741418764302
0.0	1.0
0.0	1.0
-0.0003813741495832801	1.0
-1.750673028766414e-08	1.0
-0.00017721352924127132	1.0
0.0	1.0
0.0	0.0
-2.6984411306330003e-05	0.0
0.0	1.0
-1.552054709463846e-05	1.0
0.0	1.0
0.0	1.0
-0.00011155509855598211	0.0
-3.4958182482114353e-07	1.0
0.0	1.0
0.0	0.0
0.0	1.0
0.0	0.0
0.0	1.0
0.0	1.0
0.0	1.0
0.0	0.15816993464052287
-4.865124481057137e-08	0.952
0.0	0.952
0.0	1.0
0.0	1.0
-1.4720694707648363e-05	1.0
-0.00023760998737998307	1.0
0.0	0.0
0.0	1.0
-0.00024116372514981776	1.0
0.0	1.0
-3.680279192508351e-08	0.0
-2.6235945824737428e-06	1.0
0.0	1.0
