0.0	1.0
0.0	1.0
0.0	1.0
0.0	1.0
-0.0006209188140928745	1.0
-9.375078775519796e-07	0.0
-2.7040821137802595e-08	0.005194805194805195
0.0	0.00375
0.0	1.0
-0.0007871491834521294	1.0
0.0	0.0
0.0	1.0
-1.3379674328461988e-06	0.0
0.0	1.0
0.0	1.0
0.0	0.0
0.0	0.08408408408408409
0.0	0.0
0.0	1.0
0.0	1.0
0.0	1.0
0.0	1.0
0.0	1.0
0.0	1.0
0.0	1.0
0.0	1.0
0.0	0.0
0.0	1.0
0.0	0.0
0.0	1.0
0.0	1.0
0.0	0.0487551867219917
0.0	1.0
0.0	0.0
-9.483918984187767e-05	0.0468384074941452
0.0	1.0
0.0	1.0
0.0	1.0
-0.003510212991386652	0.0
0.0	1.0
0.0	0.0
0.0	1.0
-0.0005937896203249693	1.0
-5.151659934199415e-05	1.0
-0.0006859572022221982	1.0
0.0	0.18997361477572558
0.0	1.0
0.0	1.0
0.0	0.0
-1.4114700206846464e-05	1.0
0.0	1.0
0.0	1.0
-0.0014933351194486022	1.0
-8.228642400354147e-06	0.0
-0.0015357120428234339	0.0
-1.4542074495693669e-05	1.0
0.0	1.0
-0.0001405425718985498	0.0
0.0	0.0
0.0	1.0
-0.0003425618924666196	1.0
0.0	1.0
-4.7949000872904435e-05	1.0
0.0	0.0
0.0	1.0
0.0	1.0
-3.832336670228642e-09	1.0
0.0	1.0
-0.019838957116007805	0.0
-9.043866884894669e-05	1.0
0.0	1.0
0.0	1.0
0.0	1.0
-2.0280154444662912e-07	1.0
-0.001121368957683444	1.0
-0.0037464043125510216	0.014084507042253521
0.0	0.002012072434607646
0.0	1.0
0.0	1.0
0.0	1.0
0.0	0.0
-6.425546598620713e-05	1.0
-4.379512219543358e-08	0.0
0.0	0.0
0.0	0.0
-0.00026990773039869964	0.0
-1.5378599300674978e-06	1.0
-0.00035242779995314777	0.0
0.0	1.0
0.0	0.0
-0.00029421347426250577	1.0
0.0	1.0
-1.6325014673412852e-09	0.0
-0.0002615294943097979	1.0
0.0	1.0
0.0	1.0
-2.8624035621760413e-05	1.0
0.0	1.0
-0.000637587159872055	0.0
0.0	0.0
0.0	1.0
-1.858478668737007e-07	0.0
0.0	1.0
0.0	1.0
0.0	1.0
-7.97227694420144e-05	1.0
-6.251430750126019e-05	1.0
0.0	0.0
-0.002494232729077339	0.0
-0.0009019491262733936	1.0
-0.030975408852100372	0.0
-3.605688903007831e-07	1.0
0.0	0.0
0.0	1.0
-1.492422541105043e-07	0.0
0.0	1.0
-3.113603952442645e-08	0.037714285714285714
-0.0010883209761232138	0.0
0.0	1.0
0.0	1.0
0.0	1.0
0.0	1.0
-6.060217856429517e-06	0.0
0.0	0.0
0.0	0.0
-0.0008648412185721099	0.0
0.0	0.0
0.0	1.0
0.0	1.0
0.0	1.0
0.0	1.0
0.0	1.0
-1.2535012501757592e-05	0.0
0.0	1.0
0.0	1.0
0.0	1.0
0.0	1.0
-0.0005409661680459976	1.0
-3.745134335986222e-08	1.0
0.0	1.0
-0.0005935527733527124	0.0
0.0	1.0
-9.292274626204744e-06	1.0
0.0	1.0
0.0	0.007009345794392523
-0.0016474805306643248	1.0
0.0	1.0
0.0	0.006
-7.4704094004118815e-06	0.0
-9.929200314218178e-05	1.0
0.0	0.0
0.0	1.0
0.0	1.0
0.0	1.0
0.0	1.0
-0.00034136860631406307	0.02127659574468085
-0.0005361188086681068	1.0
0.0	1.0
-0.0034213168546557426	0.002386634844868735
0.0	1.0
0.0	1.0
-0.00015182259085122496	1.0
0.0	0.0
0.0	0.20662100456621005
-0.002510419115424156	0.0033783783783783786
0.0	1.0
0.0	1.0
0.0	1.0
0.0	1.0
0.0	1.0
0.0	1.0
0.0	1.0
-0.01621081307530403	0.0
0.0	0.27594627594627597
0.0	1.0
0.0	1.0
-0.0005248928209766746	1.0
0.0	1.0
-5.182211548770965e-09	0.0
0.0	1.0
-4.4732959003646044e-10	1.0
0.0	1.0
-3.8354777132099116e-08	1.0
0.0	1.0
0.0	1.0
0.0	1.0
0.0	1.0
0.0	1.0
-0.05694407969713211	0.0
-1.8843218640540726e-05	1.0
-2.144612835763837e-06	1.0
0.0	1.0
0.0	0.0
0.0	1.0
0.0	1.0
-9.392852051703926e-10	0.36560509554140125
-7.105250166006272e-09	1.0
0.0	1.0
0.0	1.0
0.0	0.029180695847362513
0.0	0.0
0.0	0.0
0.0	1.0
0.0	1.0
0.0	1.0
0.0	1.0
-7.046989776426926e-05	1.0
-2.9558264031948056e-06	1.0
-0.009282243438065052	0.014084507042253521
-0.015780698508024216	0.0
0.0	0.0
0.0	1.0
-3.279737939010374e-05	0.02478448275862069
-0.0003109042881987989	0.024891774891774892
0.0	0.07778915046059365
-0.05221179872751236	0.0
0.0	1.0
-0.0010705640306696296	1.0
0.0	0.023711340206185566
0.0	1.0
0.0	1.0
0.0	1.0
0.0	0.0
0.0	1.0
0.0	1.0
0.0	1.0
-9.75865759755834e-07	1.0
0.0	1.0
-0.00044506220729090273	0.0
0.0	1.0
0.0	0.0
-0.0008136561373248696	0.4246861924686193
-0.002145124599337578	0.0
0.0	1.0
0.0	0.0
0.0	0.0
0.0	1.0
0.0	1.0
0.0	1.0
-2.0821944417548366e-05	1.0
-0.0006859431741759181	1.0
0.0	1.0
0.0	1.0
-0.00015742437972221524	1.0
-1.0094345270772465e-05	1.0
-0.10733689367771149	0.17857142857142858
-0.0031472276896238327	0.0
0.0	0.026785714285714284
0.0	1.0
-0.00034140475327149034	1.0
-1.791314844012959e-06	1.0
-4.5422547145790304e-07	0.0
0.0	0.0
0.0	1.0
0.0	1.0
-0.0004403392958920449	0.0
-9.581542144587729e-06	1.0
-1.0646011849857473e-11	0.0
-0.0005162166780792177	0.0
-0.0012957998551428318	0.0
0.0	1.0
0.0	1.0
-6.22870686584065e-07	1.0
-3.5156059396967976e-08	1.0
-0.001178617705591023	0.0
-9.199111199349741e-14	1.0
-4.6385197492782027e-05	1.0
0.0	1.0
0.0	1.0
0.0	0.010810810810810811
0.0	1.0
-0.0009255341137759387	1.0
-5.7884442128397495e-08	1.0
-0.010951189324259758	0.02586206896551724
-0.00013357096759136766	1.0
0.0	1.0
0.0	1.0
0.0	1.0
-2.7850850528921e-05	1.0
0.0	1.0
-2.2731128410669044e-06	0.0
-0.0018718832870945334	1.0
0.0	1.0
-5.971490736556007e-06	1.0
0.0	1.0
0.0	1.0
-3.193603367868114e-11	0.0
-0.0005772789008915424	1.0
-2.063946169528208e-07	0.0
0.0	0.0
-0.0008596398984082043	1.0
0.0	0.06726457399103139
0.0	0.34146341463414637
0.0	1.0
0.0	1.0
0.0	1.0
-0.00010479788761585951	0.0
0.0	1.0
-0.000531037978362292	1.0
-0.0003778548853006214	1.0
0.0	0.0
-0.001200676430016756	1.0
0.0	1.0
0.0	1.0
-0.08857255429029465	0.0
0.0	0.017543859649122806
-0.0004620871040970087	1.0
-0.00015317722863983363	1.0
0.0	0.0
-0.0072227967903018	0.0
-5.0231144996359944e-05	0.009375
-8.207239443436265e-05	0.0
0.0	1.0
-0.0005216104909777641	1.0
-1.9185382449382615e-10	1.0
0.0	0.013348164627363738
-1.1817995982710272e-05	1.0
-0.005473193246871233	0.0
-7.0968494583212305e-06	1.0
0.0	0.0
0.0	1.0
0.0	1.0
0.0	1.0
0.0	1.0
0.0	1.0
-5.170595329673233e-08	1.0
0.0	1.0
-4.497076133702649e-07	0.2784503631961259
-0.0027382131665945053	1.0
-0.0010899626649916172	0.0
-3.175285428369534e-06	1.0
0.0	0.11682242990654206
-0.0013804943300783634	0.008620689655172414
0.0	0.0
-0.00024777380167506635	1.0
-2.2932545107323676e-05	0.07723169508525576
-4.3305208237143233e-05	1.0
-0.00010642033885233104	1.0
-0.0003144091460853815	1.0
-0.0012941858731210232	1.0
0.0	1.0
-0.0005208607763051987	1.0
-0.0002210813545389101	1.0
0.0	0.07781282860147214
0.0	1.0
0.0	0.08678102926337034
0.0	1.0
0.0	1.0
-2.922529347415548e-06	1.0
-0.017390316352248192	0.0
-0.0033554681576788425	1.0
0.0	1.0
0.0	0.0
0.0	1.0
0.0	1.0
0.0	1.0
0.0	1.0
0.0	1.0
-0.0011423390824347734	1.0
0.0	1.0
0.0	1.0
0.0	0.003778337531486146
0.0	1.0
0.0	1.0
0.0	1.0
-5.192884600546677e-06	1.0
0.0	0.0
-5.063320318576814e-10	1.0
0.0	1.0
0.0	1.0
0.0	1.0
0.0	1.0
-0.007270431611686945	0.0
0.0	1.0
-0.00231668702326715	0.0
0.0	1.0
-1.6796602722024545e-05	1.0
0.0	1.0
0.0	1.0
0.0	1.0
0.0	1.0
0.0	1.0
-0.0032421534415334463	0.0
0.0	0.0
0.0	1.0
-0.0004395314899738878	1.0
-4.3025705220856025e-10	0.0925553319919517
0.0	1.0
-7.052016304243125e-09	1.0
0.0	1.0
-7.118599023669958e-05	1.0
0.0	1.0
-0.00025775597896426916	0.0
0.0	1.0
-0.0001469848648412153	1.0
-0.0032223598100245	0.15555555555555556
0.0	1.0
0.0	1.0
0.0	1.0
0.0	1.0
-1.5822786735952832e-05	0.06477272727272727
-0.0002674936840776354	1.0
0.0	1.0
0.0	0.117
0.0	1.0
0.0	0.0
0.0	1.0
0.0	1.0
-0.0033479202538728714	0.0
0.0	0.0
0.0	1.0
0.0	0.0
-4.513865860644728e-05	1.0
-0.0012030572397634387	1.0
0.0	1.0
0.0	1.0
-1.417517182744632e-06	1.0
-0.0013509764103218913	0.0
-1.8452359432097332e-11	0.0
0.0	0.0
0.0	1.0
0.0	1.0
0.0	0.0
0.0	0.0
-0.00024162026238627732	1.0
0.0	1.0
0.0	1.0
0.0	0.0
-0.001055802684277296	0.0
0.0	0.0
0.0	1.0
0.0	1.0
-0.001677638036198914	0.0
0.0	1.0
0.0	1.0
0.0	1.0
0.0	0.0
0.0	1.0
0.0	0.0
-0.0017903277184814215	1.0
0.0	1.0
0.0	1.0
0.0	0.0
-6.888635198265547e-06	1.0
-0.015327713452279568	0.004705882352941176
0.0	1.0
0.0	1.0
0.0	1.0
-5.551590742669532e-09	1.0
0.0	1.0
0.0	1.0
0.0	1.0
0.0	0.0
-6.938839192116575e-08	1.0
0.0	0.0
0.0	1.0
-0.0016053051222115755	0.008333333333333333
0.0	1.0
0.0	1.0
-0.0026010051369667053	0.0
-6.91268439823034e-07	1.0
0.0	1.0
0.0	0.24667931688804554
-1.6978699932224117e-05	1.0
0.0	1.0
0.0	1.0
0.0	1.0
-0.0044893487356603146	0.0010070493454179255
-0.0036204855423420668	0.0
0.0	1.0
-0.00012734094343613833	1.0
-5.124835297465324e-06	0.884
0.0	0.0
-5.3501211368711665e-05	0.0
0.0	0.0
0.0	1.0
-4.9002977675627335e-08	1.0
0.0	0.0
-0.0008766024257056415	1.0
0.0	1.0
-0.0003935338172595948	1.0
-6.560360077401128e-08	1.0
0.0	1.0
0.0	0.0
0.0	1.0
0.0	1.0
-0.015165415592491627	0.0
-3.6704852846014546e-06	0.002066115702479339
0.0	1.0
-0.00035484536783769727	0.004310344827586207
0.0	0.001004016064257028
0.0	0.0
0.0	0.0
-7.408337842207402e-05	1.0
0.0	0.0
-1.0650495596564724e-06	0.0
0.0	1.0
0.0	0.0
-5.270276801638829e-07	1.0
-7.82564384280704e-05	1.0
0.0	0.0
-0.0010595944477245212	1.0
-0.00027378241065889597	1.0
-2.283380666767698e-07	0.0
0.0	1.0
-0.000378669414203614	1.0
-0.0002107638429151848	1.0
-3.483776026769192e-06	0.16103896103896104
-0.00013571105955634266	1.0
0.0	0.0
0.0	0.074
-0.003527890658006072	0.0
0.0	0.0
-2.787320063646348e-08	0.0
-2.569724415479868e-07	1.0
0.0	1.0
0.0	0.0
0.0	1.0
0.0	1.0
0.0	1.0
0.0	1.0
-0.058713607490062714	0.0
0.0	1.0
0.0	1.0
0.0	0.037552155771905425
0.0	1.0
0.0	0.11202466598150052
0.0	1.0
-5.670528480550274e-05	0.04136504653567735
0.0	1.0
-4.891066964773927e-07	1.0
0.0	0.0
0.0	1.0
0.0	0.0022624434389140274
-1.883319100670633e-06	0.0
0.0	1.0
0.0	1.0
-0.0006934262346476316	1.0
-0.0001205837688758038	1.0
-3.05885485829549e-08	1.0
-0.0036547775380313396	0.004524886877828055
0.0	1.0
0.0	1.0
0.0	1.0
0.0	0.0
0.0	1.0
0.0	1.0
0.0	0.02691065662002153
-0.003843490267172456	0.0
-1.9998658729036833e-08	1.0
0.0	0.0
-0.0032804294023662806	0.0
0.0	0.0
-0.00018949505465570837	1.0
0.0	0.0
0.0	1.0
-0.00023240293376147747	1.0
0.0	0.0
0.0	0.0
