-0.001867217244580388	0.0
0.0	1.0
-0.0006976794102229178	0.3753784056508577
0.0	0.0
-2.84009292954579e-05	0.852
0.0	0.852
-0.00030105988844297826	0.0
0.0	1.0
-1.001125383481849e-05	1.0
0.0	0.23636363636363636
-2.543238906582701e-06	1.0
0.0	0.0
-0.01733516715466976	0.0
-4.771884385031122e-13	1.0
0.0	1.0
0.0	0.0
0.0	1.0
-6.518836812574591e-07	1.0
0.0	0.394
0.0	1.0
-8.254669410234783e-07	0.0
-0.00010303426097379997	1.0
0.0	0.0
-0.0025606572162359953	1.0
0.0	1.0
0.0	1.0
-5.003644787393569e-07	1.0
0.0	1.0
0.0	1.0
0.0	0.0
-0.0003599730844143778	1.0
0.0	1.0
0.0	0.0
0.0	0.0029239766081871343
0.0	1.0
0.0	1.0
0.0	0.0
0.0	1.0
0.0	1.0
0.0	0.0
-0.0021197402384132147	1.0
0.0	0.0
-0.0027618298772722483	1.0
-0.0001644494477659464	1.0
0.0	1.0
0.0	1.0
-2.7791775210062042e-05	1.0
0.0	0.0
0.0	1.0
0.0	1.0
-0.0002578767598606646	1.0
0.0	0.0
0.0	1.0
0.0	0.853
-0.0012363223358988762	1.0
-1.1453970728325658e-05	1.0
-4.986434578313492e-05	1.0
-1.4718973943672609e-05	1.0
0.0	0.0
0.0	1.0
-2.232392489531776e-06	1.0
0.0	1.0
0.0	0.16
-6.11135910730809e-05	1.0
0.0	0.0
0.0	0.0
-0.0003885753103531897	1.0
0.0	0.0
0.0	0.0
-0.00655387481674552	0.0
0.0	0.0
-2.5555185857228935e-05	1.0
0.0	1.0
0.0	1.0
0.0	1.0
0.0	1.0
0.0	1.0
-0.0004444810329005122	0.0
-3.346477387822233e-05	1.0
0.0	1.0
0.0	0.0
0.0	1.0
0.0	1.0
-5.962929662928218e-06	1.0
0.0	0.0
-9.954273082257714e-06	0.0
0.0	1.0
-2.5572870043788498e-08	0.7436932391523713
0.0	1.0
0.0	0.1558073654390935
-3.68483379133977e-05	1.0
-8.260976028395817e-05	0.0
0.0	1.0
0.0	0.2635135135135135
0.0	1.0
0.0	1.0
-0.0001622155396034941	1.0
0.0	1.0
-6.790636462028488e-07	1.0
-2.859727743498297e-08	0.0
-1.3651814697368536e-05	1.0
0.0	0.0
0.0	0.0
-1.973061080207117e-05	0.42258064516129035
-0.00044543438707478344	1.0
0.0	1.0
0.0	1.0
-6.660118378931656e-05	1.0
0.0	1.0
-1.6706294445612002e-06	0.0
0.0	0.0449438202247191
0.0	0.0
-1.1047263797081541e-06	1.0
0.0	1.0
0.0	1.0
-0.0005804827669635415	1.0
0.0	0.0
0.0	1.0
-5.709792083585796e-10	1.0
0.0	1.0
-4.748777868331111e-13	1.0
-6.967202352825552e-06	0.0
-3.5050961741944775e-06	0.0
0.0	1.0
-0.00032151868799701333	0.15451174289245984
-0.06063034012913704	0.0
0.0	1.0
0.0	0.0
-0.011427754536271095	0.002688172043010753
-0.00024961872259154916	1.0
-7.829830224181933e-07	0.0
0.0	1.0
0.0	1.0
0.0	1.0
0.0	0.0
0.0	0.6534090909090909
-9.95333721220959e-06	1.0
0.0	1.0
-3.4367931220913306e-05	0.44969818913480886
-0.0001985595590667799	1.0
0.0	1.0
0.0	0.0
0.0	1.0
0.0	1.0
0.0	1.0
0.0	1.0
0.0	1.0
0.0	1.0
0.0	1.0
0.0	1.0
0.0	1.0
0.0	1.0
0.0	1.0
-1.2337252996985626e-07	1.0
-0.0013703058939427137	0.00909090909090909
0.0	1.0
0.0	1.0
0.0	1.0
0.0	1.0
0.0	0.0
-4.006075116080865e-08	1.0
0.0	1.0
0.0	0.08779011099899092
0.0	1.0
0.0	0.0
0.0	1.0
0.0	1.0
-0.00016007998783607036	1.0
-3.386718960829427e-10	1.0
-3.95072165702004e-05	1.0
0.0	0.9121621621621622
-7.569944671104167e-09	0.01503006012024048
0.0	0.1111111111111111
-4.7598536184523255e-05	1.0
-0.016832396388053894	0.0
0.0	0.0
0.0	0.0
-0.0007713924278505147	1.0
-0.0016080680070444942	1.0
0.0	0.0
0.0	0.0
-1.3357868056118605e-07	1.0
-7.167578587541357e-06	1.0
0.0	1.0
0.0	1.0
0.0	1.0
-9.446367766940966e-05	1.0
0.0	0.0
-8.024912858672906e-06	0.0
0.0	0.0
0.0	1.0
-3.1097367809707066e-06	1.0
0.0	1.0
-0.0002600365551188588	1.0
0.0	0.0
0.0	1.0
0.0	0.0
0.0	1.0
0.0	1.0
-1.2125418606956373e-06	1.0
0.0	0.0
-0.004150800872594118	0.0
0.0	0.0
0.0	1.0
-2.958013567422313e-07	1.0
0.0	1.0
0.0	1.0
-0.007241242099553347	0.0
0.0	0.0
0.0	1.0
0.0	1.0
-8.760468972468516e-08	0.0
-0.0012667753035202622	0.0
0.0	0.16914285714285715
-0.0013036414748057723	0.2
-0.0035481955856084824	1.0
0.0	1.0
0.0	1.0
-5.507535024662502e-05	1.0
-0.0007454174337908626	1.0
0.0	1.0
0.0	0.008130081300813009
0.0	1.0
0.0	1.0
0.0	1.0
0.0	1.0
-2.1399478100647684e-06	0.0
0.0	1.0
0.0	1.0
-1.191208980344527e-06	1.0
0.0	1.0
-2.1506767211576516e-07	1.0
0.0	1.0
0.0	1.0
-0.000359673285856843	1.0
-3.039040348085109e-05	0.0
-0.009909580461680889	0.0020181634712411706
0.0	1.0
-0.00013342312013264745	1.0
-0.0012539633316919208	0.0
-1.5291321687982418e-05	1.0
0.0	1.0
0.0	1.0
0.0	0.0
0.0	0.0030911901081916537
0.0	0.002967359050445104
-0.00018318741058465093	1.0
-0.0013483171351253986	0.6096718480138169
0.0	1.0
0.0	1.0
0.0	0.00927357032457496
0.0	1.0
0.0	0.0
0.0	1.0
0.0	1.0
0.0	1.0
-0.006796967703849077	0.0
0.0	1.0
0.0	1.0
0.0	0.0
-7.324630502125729e-08	1.0
-4.5892105845268816e-05	1.0
-5.242712177278008e-06	1.0
-0.0003987398522440344	0.0
0.0	1.0
-1.223269350703049e-06	1.0
-0.0022454201243817806	0.503
0.0	0.0
0.0	1.0
-5.421726746135391e-05	1.0
-5.609319941868307e-07	0.0
0.0	1.0
0.0	1.0
0.0	1.0
-0.00047771507524885237	1.0
0.0	1.0
-5.4561592577329066e-08	1.0
-0.00014260754687711596	1.0
-6.371951167238876e-05	1.0
0.0	1.0
0.0	0.0
-7.439176260959357e-05	1.0
-7.106556267899578e-07	1.0
-0.050041332840919495	0.0
-7.757991261314601e-05	1.0
0.0	0.034013605442176874
0.0	1.0
-0.0018915818072855473	1.0
0.0	0.2631578947368421
0.0	0.006993006993006993
-6.628444015888135e-09	1.0
0.0	0.1494949494949495
-2.300889923034788e-09	0.0
0.0	0.0
0.0	1.0
0.0	1.0
0.0	1.0
-0.0068456856533885	0.15706806282722513
0.0	1.0
0.0	0.0
0.0	0.0
0.0	1.0
-0.0006699825171381235	1.0
0.0	1.0
-1.086827849938743e-11	1.0
0.0	0.0
0.0	1.0
0.0	0.0
0.0	1.0
0.0	0.030048076923076924
-2.4655363972669875e-08	0.0
0.0	1.0
-4.1597775890522826e-08	1.0
-2.4628792338887706e-09	1.0
0.0	0.0
-0.0007251804345287383	1.0
-0.03867340460419655	0.0
-0.00395198492333293	1.0
0.0	1.0
-0.0023974154610186815	1.0
0.0	0.0
-0.0031022527255117893	0.0
0.0	0.9894366197183099
-1.7149282939499244e-05	1.0
0.0	1.0
0.0	1.0
-0.07377594709396362	0.0
0.0	1.0
0.0	1.0
-1.3886655324313324e-05	1.0
0.0	0.18503538928210314
-0.0031292366329580545	0.013317191283292978
0.0	0.02631578947368421
0.0	1.0
0.0	1.0
0.0	1.0
0.0	1.0
0.0	1.0
0.0	1.0
0.0	1.0
-0.00013557095371652395	0.0
0.0	1.0
0.0	0.0472972972972973
-9.850770766206551e-06	0.0
-0.0004256887477822602	0.17832957110609482
0.0	0.0
0.0	0.0
-0.0005902257398702204	1.0
0.0	0.0
0.0	1.0
0.0	1.0
-2.5070978608709993e-06	0.002386634844868735
-5.786654000417002e-08	0.0
0.0	0.0
0.0	1.0
0.0	0.07833537331701346
-6.298167543050681e-11	1.0
0.0	1.0
0.0	1.0
-0.0003040212905034423	1.0
-0.000634185504168272	0.0
-8.349422842002241e-08	0.0
0.0	1.0
0.0	0.0
-0.00012900432921014726	1.0
0.0	0.0
0.0	1.0
-2.2831100068287924e-05	1.0
0.0	0.0
0.0	1.0
0.0	1.0
0.0	1.0
0.0	1.0
-0.0006582903442904353	0.0
0.0	1.0
0.0	0.0
-0.00018151845142710954	1.0
0.0	1.0
-7.537070273455626e-11	0.0
-0.0004066620022058487	1.0
-2.6991059712599963e-05	0.01675977653631285
-0.0005713250138796866	1.0
-2.2907649110948114e-08	1.0
0.0	1.0
-0.0006818344118073583	1.0
-0.0007745556067675352	0.0
-5.592921958896824e-11	1.0
0.0	0.14840182648401826
0.0	0.4222222222222222
-9.188767762680072e-06	1.0
0.0	1.0
0.0	0.0
-0.0006512310937978327	1.0
0.0	1.0
0.0	1.0
-4.052341129323622e-09	1.0
-0.001014728331938386	0.0
0.0	1.0
-0.0006364911678247154	1.0
0.0	0.0
0.0	0.0
0.0	1.0
0.0	1.0
-3.887238904098922e-07	0.0
0.0	1.0
0.0	0.0
0.0	1.0
-0.0035430651623755693	0.17197452229299362
0.0	1.0
0.0	1.0
0.0	1.0
0.0	1.0
0.0	1.0
0.0	0.0
0.0	1.0
0.0	1.0
-1.568542558061381e-07	1.0
-0.0006945459172129631	0.01152073732718894
0.0	1.0
0.0	1.0
-1.3768487860943424e-07	0.8603286384976526
-6.166548701003194e-05	1.0
0.0	1.0
0.0	1.0
-0.0065455250442028046	0.0
0.0	0.0
0.0	1.0
0.0	0.0
-0.00017049456073436886	0.0
0.0	1.0
-0.00031529180705547333	0.39332659251769464
-9.349675565317739e-06	1.0
0.0	1.0
0.0	1.0
-0.003914171829819679	0.0
0.0	1.0
-0.0009016055846586823	0.0
-1.0021091839007568e-05	1.0
0.0	1.0
-0.0006809402839280665	1.0
0.0	1.0
0.0	1.0
0.0	0.01919191919191919
0.0	0.0
0.0	1.0
0.0	1.0
-0.00010367585491621867	1.0
0.0	1.0
0.0	1.0
0.0	0.05263157894736842
0.0	1.0
-0.0008009704179130495	0.009009009009009009
0.0	0.0
0.0	1.0
-0.0007356991991400719	1.0
0.0	1.0
-3.232329254387878e-05	1.0
-0.00047631727647967637	1.0
-5.057740054326132e-06	0.0
-0.0011767925461754203	0.0
0.0	1.0
-2.1706153347622603e-05	1.0
0.0	0.0024600246002460025
0.0	0.0
-0.004569729324430227	0.0
0.0	1.0
0.0	0.0
0.0	1.0
0.0	1.0
0.0	1.0
-0.0015471081715077162	0.0
-0.00013151660095900297	1.0
-2.5223620468750596e-05	0.0
0.0	0.0
0.0	0.0
0.0	0.0
0.0	1.0
-0.0002725461090449244	0.0
0.0	0.0
0.0	0.0
-0.00029441085644066334	0.0
0.0	1.0
0.0	0.0
-0.0012989499373361468	0.126
0.0	0.27427427427427425
0.0	0.0
0.0	0.0
0.0	0.013513513513513514
0.0	1.0
0.0	0.5184174624829468
-0.0001905525423353538	1.0
-0.0035109049640595913	0.0
0.0	0.0
0.0	0.23709677419354838
0.0	1.0
0.0	1.0
0.0	1.0
-0.00011582760635064915	0.46236559139784944
0.0	1.0
-2.6947851438308135e-05	1.0
0.0	0.0
-0.00034830730874091387	0.08
0.0	1.0
0.0	1.0
-1.0630598268335234e-07	0.0
0.0	1.0
0.0	1.0
0.0	1.0
-4.891753064839577e-07	0.0
-3.1869903978076763e-06	0.0
0.0	0.009249743062692703
0.0	1.0
0.0	0.0
0.0	1.0
0.0	1.0
-2.2488602553494275e-05	1.0
0.0	0.0
0.0	1.0
-5.824046456837095e-05	1.0
-0.00033219586475752294	1.0
0.0	1.0
-0.0014579499838873744	0.01856763925729443
0.0	1.0
0.0	1.0
-2.1037640518528633e-09	0.0
0.0	0.0
0.0	1.0
-3.194397635297719e-08	0.0
0.0	1.0
-1.3175808817322832e-06	1.0
0.0	0.0
0.0	1.0
0.0	1.0
0.0	1.0
-1.3244978447346512e-08	1.0
-0.00013934851449448615	0.844689378757515
-6.148662941996008e-05	0.008333333333333333
0.0	0.0
0.0	1.0
-0.007569563575088978	0.0
-0.0002006494760280475	1.0
0.0	1.0
0.0	0.0
-2.1067251509521157e-05	0.0
-4.7241828724509105e-06	0.0
0.0	1.0
-0.0237891785800457	0.0
-8.98462749319151e-05	1.0
0.0	1.0
0.0	1.0
-2.382987440796569e-05	1.0
0.0	0.0
-5.258008513919776e-06	0.006009615384615385
-0.0001678955741226673	1.0
0.0	0.0
0.0	1.0
-0.004071400035172701	0.0
0.0	0.0
0.0	1.0
-1.3007261259190273e-05	1.0
-5.479546169227866e-20	1.0
0.0	1.0
0.0	1.0
0.0	1.0
-1.5479960211450816e-06	1.0
0.0	1.0
0.0	1.0
-0.00014564761659130454	0.0
0.0	0.18243243243243243
0.0	1.0
0.0	1.0
-2.778873749775812e-06	1.0
0.0	0.0
-0.0005137294647283852	0.0
0.0	1.0
-0.001335949869826436	0.0
0.0	1.0
-0.0016727816546335816	0.2007042253521127
-0.0004076338082086295	1.0
0.0	0.0
0.0	0.009535160905840286
-5.919816248933785e-05	0.013
0.0	1.0
0.0	0.0
0.0	1.0
-0.0003482205793261528	1.0
-0.0017582869622856379	0.013513513513513514
-1.0917231701990104e-10	1.0
-0.0010482659563422203	1.0
-0.00092578015755862	1.0
0.0	0.002008032128514056
0.0	0.007042253521126761
0.0	0.0
0.0	1.0
0.0	0.0
-0.006985080428421497	0.0
