-1.0703269381906466e-08	0.0
0.0	0.0
0.0	0.0
0.0	1.0
0.0	0.0
0.0	1.0
0.0	1.0
0.0	0.0
0.0	1.0
0.0	0.0
0.0	1.0
0.0	0.0
0.0	0.0
-0.002274056663736701	0.0
0.0	1.0
-4.264597737346776e-05	0.0
0.0	0.0
0.0	0.0
0.0	1.0
-4.491357231017901e-06	1.0
-3.8500363075399946e-07	1.0
0.0	1.0
-0.0005259072058834136	0.0012391573729863693
0.0	1.0
0.0	1.0
-0.0001587849692441523	1.0
0.0	1.0
0.0	1.0
0.0	1.0
0.0	1.0
-0.0006675165495835245	1.0
0.0	1.0
-1.2392148391882074e-06	0.01486988847583643
-1.499452764619491e-06	1.0
0.0	1.0
-0.001043969765305519	0.0
0.0	0.05263157894736842
0.0	0.0
0.0	1.0
0.0	1.0
-0.0004822527407668531	0.0
0.0	1.0
0.0	0.0
0.0	0.0
0.0	1.0
0.0	0.0
0.0	1.0
0.0	0.0
-2.5703464245907526e-08	0.0
0.0	1.0
-4.873275116779041e-09	0.0
0.0	1.0
-0.0003899697039742023	1.0
-2.756459707597969e-06	1.0
-9.866957407211885e-05	1.0
0.0	0.0
0.0	1.0
0.0	1.0
-2.2169204385136254e-05	1.0
0.0	0.0
0.0	0.0
0.0	1.0
-0.0305333212018013	0.0
-0.0007589343003928661	1.0
0.0	1.0
-2.138640819993043e-09	0.1453287197231834
0.0	1.0
0.0	0.0
0.0	0.0
0.0	1.0
0.0	1.0
0.0	0.0
0.0	0.0
-0.00021621774067170918	0.0
-1.3098199360683793e-06	1.0
0.0	1.0
0.0	0.0
0.0	1.0
-0.00020665832562372088	1.0
0.0	0.23048327137546468
0.0	0.17532467532467533
0.0	1.0
0.0	1.0
-0.0004576674255076796	0.14502164502164502
-0.002015830483287573	0.0
0.0	1.0
-1.5001566655570286e-09	1.0
0.0	1.0
0.0	0.0
0.0	1.0
-1.4530725422901014e-07	1.0
0.0	1.0
-2.397991920588538e-05	1.0
-4.0526751399205807e-10	1.0
-0.00015056345728226006	1.0
0.0	0.0
-3.736642611329444e-05	1.0
0.0	1.0
0.0	1.0
-0.0016395809361711144	0.0
0.0	1.0
-3.475085497139929e-11	0.0
0.0	1.0
-2.601263804535847e-05	1.0
-0.0026491775643080473	0.0
-2.863295048882719e-05	1.0
0.0	0.051
0.0	1.0
-0.00015473720850422978	1.0
-5.948564307800552e-09	1.0
0.0	1.0
0.0	1.0
-1.994069180000224e-06	1.0
-3.274079674042696e-09	1.0
0.0	0.0
0.0	0.3475682087781732
-0.00023424465325661004	0.0
-0.004044781904667616	0.0
0.0	1.0
-0.11723756790161133	0.0
-9.281077989475861e-11	1.0
0.0	1.0
0.0	1.0
0.0	0.0
0.0	1.0
0.0	0.0
-0.0038676715921610594	0.0
-0.0015519513981416821	1.0
-2.9226385200864513e-10	1.0
-4.523084129459676e-08	0.0
0.0	0.0
0.0	1.0
-5.012435849494068e-06	1.0
-0.0602853000164032	0.0
0.0	0.0
0.0	1.0
-2.2982338521160273e-07	0.0
0.0	1.0
0.0	1.0
0.0	1.0
0.0	0.0
0.0	0.32771338250790305
0.0	1.0
0.0	1.0
0.0	0.0
0.0	1.0
-0.00266436324454844	0.0
0.0	1.0
0.0	1.0
0.0	0.0
0.0	1.0
0.0	0.0
0.0	0.0
-5.707218588213436e-05	1.0
0.0	0.0
0.0	1.0
0.0	1.0
0.0	1.0
-8.388805275427735e-12	1.0
0.0	0.0
-9.400468115927652e-06	1.0
0.0	1.0
0.0	1.0
-0.0003151871496811509	1.0
0.0	1.0
0.0	1.0
-0.0018619962502270937	1.0
0.0	1.0
-1.0848521014850121e-05	1.0
0.0	0.2692307692307692
0.0	1.0
0.0	1.0
-4.539447218121495e-08	1.0
0.0	0.0
0.0	0.0
-0.00663802633062005	0.0
0.0	1.0
-0.013001425191760063	0.0
-8.33518150333834e-13	0.0
0.0	0.0
0.0	1.0
0.0	1.0
0.0	1.0
0.0	1.0
0.0	1.0
-2.017006409005262e-06	0.13768115942028986
0.0	1.0
-2.2820531739853323e-06	1.0
-1.982258446275864e-08	0.0
-1.3306572327564936e-05	1.0
-1.3778337688563624e-06	0.3321078431372549
0.0	1.0
0.0	1.0
-7.747981726424769e-06	0.29411764705882354
0.0	1.0
-9.333423804491758e-06	1.0
0.0	1.0
0.0	1.0
0.0	1.0
0.0	0.0
-0.00037283627898432314	1.0
0.0	0.0
-1.7390371795045212e-05	1.0
-1.5359610188170336e-05	0.21476510067114093
0.0	0.0
0.0	0.007803790412486065
-0.0001838864991441369	0.1393596986817326
0.0	0.5
-1.7650484096520813e-06	1.0
-0.002497226232662797	0.0
-0.010438255034387112	0.0
0.0	0.119
0.0	0.0
0.0	1.0
0.0	1.0
0.0	0.0
0.0	0.0
-0.0048132846131920815	0.0
0.0	1.0
-0.00037781966966576874	1.0
-0.0018310341984033585	0.0
-0.001408734475262463	0.0
-0.0002606797788757831	0.3179190751445087
-9.58522008431828e-08	1.0
-0.005401427857577801	0.0
-0.002639913931488991	0.0
0.0	1.0
0.0	1.0
0.0	1.0
0.0	1.0
0.0	1.0
0.0	0.0
0.0	0.0
0.0	1.0
-0.00012856649118475616	0.0
-0.1058383360505104	0.0
0.0	0.49
0.0	0.031598513011152414
-3.23795284202788e-05	1.0
-2.9943471702154056e-08	1.0
-0.0017835790058597922	0.0
0.0	1.0
-0.002438686555251479	0.0
-0.00016698047693353146	1.0
-0.07339168339967728	0.0
0.0	0.004329004329004329
0.0	0.004098360655737705
0.0	1.0
-4.611879376170691e-06	1.0
-4.676645403378643e-05	0.8314977973568282
0.0	1.0
-0.002571359509602189	1.0
-3.694948418342392e-06	0.0
0.0	1.0
-4.882786470261635e-06	0.0
-0.0012437691912055016	1.0
-4.5836917706765234e-05	0.7380191693290735
-9.940390737028793e-05	0.836
0.0	0.836
-0.0009248374844901264	0.6951672862453532
-3.6531764635583386e-05	1.0
-0.007314222399145365	0.0
-0.003010792890563607	0.0
0.0	1.0
0.0	1.0
-0.00018470309441909194	1.0
-5.120311016071355e-06	0.0
0.0	1.0
-0.0006481846212409437	1.0
-0.00039999233558773994	1.0
0.0	1.0
-1.4959863619878888e-05	0.02857142857142857
-0.0038685582112520933	0.0
0.0	1.0
0.0	1.0
-5.785981471717605e-09	1.0
0.0	0.0
0.0	1.0
-0.0001712460652925074	1.0
0.0	1.0
0.0	1.0
-0.000263629830442369	1.0
-5.593887131283282e-09	1.0
0.0	1.0
0.0	1.0
0.0	0.0
0.0	1.0
0.0	1.0
0.0	1.0
-2.685804929569713e-07	1.0
0.0	0.0
0.0	1.0
0.0	1.0
0.0	0.0
-0.011022224090993404	0.0
-0.00019588273426052183	1.0
0.0	1.0
0.0	0.0
0.0	1.0
-0.001298643765039742	0.0
0.0	1.0
-6.388092879205942e-05	0.0
-0.002945708343759179	0.0023612750885478157
0.0	1.0
-5.263692770540729e-08	1.0
0.0	1.0
0.0	1.0
-1.7669321561442075e-09	1.0
0.0	1.0
0.0	1.0
0.0	1.0
0.0	1.0
0.0	1.0
-0.002466770587489009	1.0
0.0	1.0
-6.584953371202573e-05	1.0
-0.013542987406253815	0.0
0.0	1.0
-0.0005691681290045381	1.0
-2.575165712808081e-16	1.0
0.0	1.0
0.0	1.0
0.0	1.0
-0.00040751794585958123	1.0
0.0	1.0
0.0	1.0
0.0	1.0
-0.009180334396660328	0.0
0.0	0.24315068493150685
-2.3967857032403117e-07	1.0
0.0	1.0
0.0	0.0
-0.0017042162362486124	0.0
-3.57295135700042e-08	0.0
0.0	1.0
-0.00028856442077085376	1.0
0.0	1.0
0.0	1.0
0.0	1.0
-3.484799435682362e-07	0.0
-4.2325202230131254e-05	0.0
0.0	1.0
0.0	0.008658008658008658
0.0	0.008695652173913044
0.0	1.0
0.0	1.0
0.0	1.0
0.0	1.0
0.0	0.0
0.0	1.0
0.0	1.0
0.0	0.0
0.0	1.0
-0.0006129320245236158	0.0
0.0	0.013071895424836602
-0.000296761398203671	1.0
0.0	0.0
-0.00014536998060066253	1.0
0.0	1.0
0.0	0.0
-0.029330618679523468	0.0
-0.00013347069034352899	1.0
0.0	1.0
0.0	1.0
-0.00017086933075916022	0.0
0.0	1.0
-1.1338968761265278e-05	0.0
0.0	1.0
0.0	1.0
-2.9899763220875286e-11	1.0
-0.00040313336648978293	1.0
0.0	1.0
-4.5686221710639074e-05	0.0
0.0	0.0
-0.0006205702084116638	1.0
-3.52002534782514e-05	1.0
-8.381131192436442e-05	1.0
-6.788276323277387e-07	0.0
-9.721216720492976e-09	0.0
0.0	0.0
0.0	0.0
-0.03646107390522957	0.0
-9.724623595275261e-08	1.0
0.0	1.0
0.0	1.0
0.0	0.0
-0.00033502510632388294	1.0
-0.0006221694056876004	1.0
-3.7517449527513236e-05	0.0
0.0	0.0
0.0	1.0
0.0	0.0
-0.002586167771369219	1.0
-6.536346336361021e-05	1.0
-6.52255184832029e-05	0.0
0.0	0.0
0.0	1.0
0.0	1.0
-0.00027604540809988976	1.0
0.0	0.031578947368421054
0.0	1.0
0.0	0.0625
0.0	1.0
-1.877754471024673e-06	1.0
0.0	0.0
-0.0028492738492786884	0.0
-0.0002995268441736698	1.0
0.0	0.043478260869565216
0.0	0.0
-0.0001166053771157749	0.0
-0.015281214378774166	0.0
-0.0009369479375891387	1.0
0.0	1.0
-8.393385431126887e-10	0.16666666666666666
0.0	1.0
0.0	1.0
0.0	0.0
-5.44802205695305e-05	1.0
0.0	1.0
0.0	0.0
-6.078202204662375e-05	0.035381750465549346
-1.0597756954666693e-05	0.002331002331002331
-0.0002166728809243068	0.0
-0.001067335600964725	0.0
-0.00010984827531501651	0.0
0.0	1.0
0.0	0.0
0.0	1.0
-0.034462958574295044	0.0
0.0	0.0
0.0	1.0
0.0	0.0
0.0	0.0
0.0	0.2849162011173184
-0.0001788632507668808	1.0
-5.3577430662699044e-05	0.18548387096774194
0.0	1.0
-0.0025909950491040945	1.0
-1.3262992979434785e-05	1.0
0.0	1.0
-0.0011975968955084682	1.0
0.0	1.0
0.0	1.0
0.0	1.0
0.0	1.0
0.0	0.0
0.0	0.0
0.0	0.0
0.0	1.0
0.0	1.0
-8.633504067906417e-13	0.5385385385385385
-0.0011421736562624574	0.125
-0.0008057274972088635	0.0
-0.03424746170639992	0.0
0.0	1.0
0.0	0.0
-0.0033810134045779705	0.0010582010582010583
-4.389900277601555e-05	1.0
0.0	1.0
0.0	0.035035035035035036
-0.0005526875611394644	1.0
0.0	1.0
-1.0684481139833224e-06	0.17391304347826086
-8.115027594612911e-05	1.0
0.0	1.0
0.0	1.0
0.0	1.0
0.0	1.0
0.0	1.0
-2.618136022647377e-06	0.0
0.0	0.002028397565922921
0.0	1.0
0.0	1.0
0.0	1.0
-1.0962284899274088e-11	1.0
0.0	0.04905660377358491
-0.0007365469937212765	1.0
0.0	1.0
0.0	1.0
0.0	1.0
0.0	0.0
-8.898166092841109e-10	1.0
-5.899357347516343e-06	0.0
-1.2646334823784855e-07	1.0
0.0	1.0
0.0	0.07532467532467532
0.0	1.0
-0.00023745106591377407	1.0
-1.5223405114284105e-07	1.0
-0.00011971696221735328	1.0
-7.815982305814373e-10	0.0
-1.022390713756316e-10	0.0
-6.878305214286229e-08	1.0
-7.207157892707983e-08	1.0
0.0	1.0
0.0	1.0
-5.9257356042508036e-05	1.0
0.0	0.0
0.0	1.0
0.0	1.0
0.0	0.0
-2.8083082725061104e-05	0.0
0.0	0.0
-6.722647231072187e-05	1.0
-8.412329043494537e-05	0.0
-8.608024654677138e-05	1.0
-2.150306954717962e-06	1.0
0.0	1.0
-5.345669364942296e-07	0.0
0.0	1.0
-0.00014004745753481984	1.0
-0.0005676293512806296	0.0
0.0	1.0
-3.3728821974369034e-19	1.0
0.0	0.0
0.0	1.0
0.0	1.0
0.0	0.34782608695652173
-0.0015042549930512905	1.0
-3.1025087992020417e-06	0.1467455621301775
-4.673844387070858e-07	1.0
0.0	1.0
0.0	0.0
0.0	1.0
0.0	0.0
0.0	1.0
0.0	1.0
0.0	1.0
0.0	1.0
-4.2842884795391e-08	1.0
-2.125427478461006e-08	1.0
-0.0005112765938974917	1.0
-5.537022502721811e-07	1.0
0.0	1.0
-0.005980500020086765	0.0
0.0	1.0
0.0	1.0
0.0	1.0
0.0	1.0
0.0	1.0
0.0	1.0
0.0	1.0
0.0	1.0
0.0	1.0
0.0	0.0
0.0	0.1484375
-0.005454700440168381	0.0
0.0	1.0
0.0	1.0
-1.542784048069734e-05	1.0
0.0	0.0
-0.00010360886517446488	0.0
0.0	1.0
-2.4624205452461467e-10	1.0
-0.0012645223177969456	1.0
0.0	1.0
-3.5270546504762024e-05	0.0
0.0	1.0
0.0	1.0
0.0	1.0
-6.181190838105977e-05	0.31958762886597936
0.0	0.31958762886597936
0.0	1.0
0.0	1.0
0.0	0.0
0.0	1.0
-9.349377175227325e-12	0.0
-0.0014290831750258803	1.0
0.0	1.0
-0.012028135359287262	0.0
0.0	0.612
0.0	1.0
0.0	1.0
0.0	1.0
0.0	1.0
0.0	1.0
0.0	1.0
-8.774473826633766e-05	0.0
0.0	1.0
-1.3665067854162771e-05	1.0
-0.000461279705632478	0.7878787878787878
-2.527694498155597e-08	1.0
0.0	1.0
-0.0006908383220434189	0.0
0.0	1.0
-1.664017187930078e-11	0.07333333333333333
-2.7300879779090792e-08	1.0
0.0	1.0
-4.630266266758554e-05	1.0
0.0	0.0
0.0	1.0
-0.012859014794230461	0.0
-2.6940963380184257e-06	1.0
0.0	1.0
0.0	0.0
0.0	1.0
0.0	0.0
0.0	0.0650759219088937
0.0	0.0
0.0	0.03803803803803804
0.0	1.0
0.0	1.0
-5.188481736695394e-05	0.0
-0.001409260556101799	1.0
-0.0003525649372022599	1.0
0.0	0.0
0.0	1.0
0.0	1.0
-0.0010419682366773486	1.0
0.0	1.0
-0.0037583152297884226	0.10204081632653061
-0.00024159990425687283	1.0
0.0	0.004296455424274973
-2.5621594090807776e-07	0.0
0.0	1.0
0.0	0.0
-1.1536822164259775e-08	1.0
