0.0	1.0
0.0	1.0
0.0	0.002
0.0	1.0
0.0	0.0
-1.3252834833110683e-05	0.0
0.0	0.0
-0.0007993232575245202	1.0
-0.00017965454026125371	1.0
-0.021218793466687202	0.0
0.0	1.0
0.0	0.0
-0.0012883010786026716	0.0
0.0	0.23224568138195778
-0.00020346457313280553	1.0
-1.0323608989892818e-07	0.0
0.0	1.0
0.0	1.0
0.0	0.0
0.0	1.0
-2.3421481420982104e-10	1.0
0.0	0.0
0.0	1.0
-2.0668392153311288e-07	1.0
0.0	0.0
-0.019899781793355942	0.0
0.0	1.0
0.0	1.0
0.0	1.0
-2.1733323592343368e-05	0.0
0.0	0.02004008016032064
-5.500504585143062e-08	1.0
-1.9733728606752265e-07	1.0
-3.703473794303136e-06	1.0
0.0	1.0
0.0	1.0
0.0	1.0
-0.0016420978354290128	1.0
0.0	1.0
0.0	1.0
-5.307679202815052e-06	1.0
0.0	0.0
-1.3140494957042392e-05	1.0
0.0	0.0
0.0	1.0
-0.004965732805430889	0.0
-5.503122793015791e-07	1.0
-1.9849238015012816e-05	1.0
0.0	0.0
0.0	1.0
0.0	1.0
-0.00014208817447070032	1.0
0.0	1.0
0.0	1.0
-5.142137524671853e-06	1.0
0.0	1.0
-0.025977199897170067	0.0
0.0	1.0
-0.0005911015323363245	0.25
0.0	0.0
-0.0027315770275890827	0.0
0.0	1.0
0.0	0.0
-2.4417886379524134e-05	0.1338495575221239
-0.001230538240633905	1.0
0.0	0.0
-5.126647106834525e-09	0.19344933469805528
-0.0017084641149267554	1.0
-8.126458851620555e-05	1.0
0.0	1.0
-1.6420166275565862e-06	1.0
-0.00018790144531521946	1.0
0.0	1.0
0.0	1.0
0.0	1.0
0.0	0.0
0.0	1.0
-4.553556891551125e-07	1.0
-0.0002042175328824669	0.15634517766497463
0.0	0.018159806295399514
0.0	1.0
0.0	1.0
-0.00023237352434080094	1.0
0.0	0.0
0.0	1.0
-2.0175987174297916e-06	1.0
-0.0018318407237529755	0.0
0.0	1.0
-2.8366848709993064e-05	1.0
0.0	1.0
-4.910179995931685e-06	0.0
0.0	1.0
-0.006731403525918722	0.0
0.0	0.023174971031286212
0.0	1.0
0.0	1.0
0.0	0.0
0.0	1.0
-0.00040442519821226597	1.0
0.0	0.05485232067510549
0.0	1.0
0.0	1.0
0.0	1.0
0.0	1.0
-1.1108173794127651e-06	1.0
0.0	1.0
0.0	1.0
-0.023869886994361877	0.0
0.0	0.0
0.0	1.0
0.0	1.0
0.0	1.0
-0.0006855708779767156	1.0
-0.0004656275559682399	1.0
-8.35223909234628e-06	1.0
0.0	1.0
-1.1498325729053516e-11	1.0
0.0	0.004004004004004004
0.0	0.0
-5.783124024105746e-08	0.0
0.0	1.0
0.0	1.0
0.0	1.0
0.0	1.0
-6.635808676946908e-05	1.0
-1.982777212106157e-05	0.08982035928143713
0.0	0.0
-3.893938355759019e-06	0.0
0.0	1.0
0.0	1.0
-0.0021224673837423325	0.0
0.0	1.0
0.0	1.0
0.0	1.0
-0.0211422648280859	0.0
0.0	0.13841524573721165
-0.0030576835852116346	0.0
0.0	0.0
0.0	1.0
-0.0018281041411682963	1.0
0.0	1.0
-2.1270261640893295e-05	0.0
-0.00013210298493504524	1.0
0.0	0.0
0.0	1.0
-1.5390872931675403e-06	0.0
-0.0006465738988481462	1.0
0.0	1.0
0.0	1.0
0.0	0.17448979591836736
0.0	1.0
0.0	1.0
0.0	1.0
0.0	1.0
0.0	1.0
0.0	1.0
-0.0006795967346988618	0.003061224489795918
-0.0002944852167274803	1.0
0.0	1.0
0.0	0.0
0.0	1.0
-0.00018530934175942093	0.0
0.0	1.0
-7.437731710524531e-07	1.0
-0.00012097477883799002	1.0
0.0	1.0
0.0	1.0
0.0	0.0
0.0	0.0
-7.566302519990131e-05	1.0
0.0	1.0
0.0	0.0
-8.902847184799612e-06	1.0
0.0	0.6778711484593838
-0.0028875446878373623	0.0
0.0	1.0
0.0	0.052508751458576426
0.0	0.0
0.0	0.16938775510204082
0.0	1.0
0.0	1.0
0.0	0.0
0.0	0.0
-0.0003277988580521196	1.0
-0.0010154647752642632	1.0
0.0	0.0020408163265306124
0.0	0.5154320987654321
0.0	1.0
0.0	1.0
0.0	0.0
0.0	1.0
0.0	1.0
-0.000144078308949247	0.0
-0.019867079332470894	0.0
0.0	0.0
0.0	1.0
-0.0001494477764936164	1.0
0.0	0.0
0.0	0.008771929824561403
0.0	1.0
0.0	1.0
-0.00018547526269685477	0.049019607843137254
0.0	0.0
0.0	1.0
-7.307557439162338e-07	1.0
-0.027103280648589134	0.0
0.0	1.0
0.0	1.0
0.0	0.013
-3.9692993595963344e-05	1.0
0.0	0.0
0.0	1.0
0.0	0.0
0.0	1.0
-0.002716710092499852	1.0
0.0	0.14651639344262296
0.0	1.0
-0.00235553621314466	1.0
0.0	0.0
-0.028823506087064743	0.0
0.0	0.0
-0.010935482569038868	0.0
-6.0782149375882e-06	1.0
0.0	0.005
0.0	1.0
0.0	0.0
0.0	1.0
-0.00027994962874799967	0.0
-5.903009423491312e-07	1.0
0.0	1.0
0.0	1.0
-0.0005424160044640303	0.06766917293233082
0.0	1.0
-0.0020270273089408875	0.0
0.0	1.0
0.0	0.0
0.0	1.0
-1.5268142306013033e-05	0.0
0.0	1.0
0.0	1.0
-4.381390226626536e-06	0.0
-8.897636689653154e-06	0.0
0.0	0.0
-9.259336366085336e-06	1.0
0.0	1.0
0.0	0.07692307692307693
0.0	1.0
-0.004187627229839563	0.0
-4.6341130655491725e-05	1.0
0.0	1.0
0.0	1.0
0.0	1.0
0.0	1.0
-1.7640988517086953e-05	0.020942408376963352
0.0	1.0
-2.8673682095359254e-08	1.0
0.0	0.0
-0.0005140738212503493	1.0
-0.0014641456073150039	1.0
0.0	0.0
0.0	1.0
-0.0001146565264207311	1.0
0.0	1.0
0.0	0.0
-1.1705758424795931e-06	1.0
0.0	1.0
-1.3758297427557409e-05	0.0
-0.0014805571408942342	1.0
0.0	1.0
0.0	1.0
0.0	1.0
0.0	0.0
0.0	1.0
0.0	0.0
0.0	0.0
0.0	1.0
0.0	1.0
-0.0002372729650232941	1.0
0.0	1.0
0.0	1.0
-9.717533248476684e-05	0.105
0.0	1.0
-0.09684331715106964	0.0
0.0	1.0
-0.001156003214418888	1.0
-2.8841826704706364e-08	1.0
-1.1932420420635026e-06	0.0
-8.428816727246158e-06	0.0
-0.00025028863456100225	1.0
-1.072526650824912e-10	0.0
0.0	0.0
-3.6591820389730856e-05	0.0
0.0	1.0
0.0	1.0
0.0	1.0
0.0	1.0
0.0	1.0
-0.00043225500849075615	0.0
-1.9458481048673093e-08	1.0
0.0	1.0
0.0	0.0
0.0	1.0
0.0	0.0
-4.883992005488835e-06	1.0
-1.2444775165931787e-05	1.0
0.0	0.0
0.0	1.0
0.0	1.0
0.0	1.0
0.0	1.0
0.0	1.0
-6.27378149431479e-10	1.0
0.0	0.0
-0.0009018843993544579	1.0
0.0	1.0
-1.5408337276312523e-05	0.13636363636363635
-6.960663085919805e-06	0.0
-6.952051535336068e-06	1.0
0.0	1.0
-2.904732525621512e-07	1.0
0.0	0.0
-7.605306745972484e-05	0.0
-0.0003214324824512005	1.0
0.0	1.0
-6.761966506019235e-05	1.0
-0.0010205555008724332	0.0
0.0	0.0
0.0	0.0
0.0	1.0
0.0	1.0
-0.006205454934388399	0.0
-3.6918800105922855e-06	1.0
-2.3865848106652265e-06	1.0
0.0	0.0
-2.409520050150604e-07	1.0
0.0	1.0
-0.013615996576845646	0.0
0.0	1.0
0.0	0.0
0.0	1.0
-2.692055204533972e-06	0.0
-0.00014892002218402922	0.0
-1.868946469585353e-06	1.0
-0.00019571377197280526	1.0
0.0	1.0
0.0	1.0
0.0	1.0
-0.0003056809364352375	1.0
0.0	1.0
0.0	1.0
0.0	1.0
0.0	1.0
0.0	1.0
0.0	1.0
0.0	1.0
0.0	0.0
0.0	1.0
0.0	1.0
-0.00010499591735424474	1.0
-8.264452844741754e-06	0.07441860465116279
0.0	1.0
-1.233901821251493e-05	1.0
-1.5677256669732742e-05	1.0
0.0	1.0
0.0	1.0
0.0	0.18346774193548387
0.0	0.16194790486976218
0.0	0.16308040770101925
0.0	0.0
0.0	1.0
-0.02477453276515007	0.07604994324631101
0.0	1.0
-8.524725126335397e-05	0.0
-0.0028056513983756304	1.0
0.0	1.0
-4.903850276605226e-05	0.0
0.0	0.0
0.0	1.0
0.0	0.02054054054054054
-0.08475971966981888	0.0
0.0	1.0
-1.9969924325291544e-10	0.0
-0.028181863948702812	0.0
0.0	1.0
0.0	1.0
0.0	1.0
0.0	1.0
0.0	1.0
-0.001145748421549797	1.0
-0.00038342701736837626	1.0
0.0	1.0
0.0	1.0
-0.0002960416313726455	0.0
0.0	1.0
0.0	1.0
-0.000746054807677865	0.0
0.0	1.0
0.0	0.0870712401055409
-0.023884659633040428	0.0
-1.9575629266910255e-05	0.0
0.0	0.06606606606606606
0.0	1.0
0.0	1.0
0.0	1.0
0.0	1.0
0.0	1.0
0.0	1.0
0.0	0.0
0.0	0.0
0.0	1.0
0.0	1.0
0.0	1.0
-0.0023597406689077616	0.0
-0.00020843089441768825	0.0
0.0	1.0
0.0	1.0
0.0	1.0
0.0	1.0
0.0	1.0
0.0	1.0
0.0	1.0
-0.0007790739764459431	0.0
0.0	1.0
0.0	1.0
0.0	1.0
0.0	1.0
0.0	0.027870680044593088
0.0	1.0
-0.00032622265280224383	1.0
0.0	1.0
0.0	0.0
0.0	1.0
-0.0023761012125760317	0.0
-2.540300556574948e-06	0.02564102564102564
0.0	0.002288329519450801
-5.9742105804616585e-06	1.0
-4.721617628128394e-12	0.0
0.0	1.0
0.0	1.0
-0.0022816569544374943	1.0
0.0	1.0
-0.001712677301838994	0.0
0.0	1.0
0.0	0.0
-0.00023900072847027332	1.0
0.0	1.0
0.0	1.0
0.0	1.0
0.0	1.0
0.0	0.0
-2.6226473792169414e-13	1.0
0.0	1.0
-3.36256834998494e-06	1.0
-0.00032849254785105586	1.0
0.0	1.0
0.0	1.0
0.0	1.0
-0.00207912758924067	1.0
-0.002020416082814336	0.0
-1.3625955475049523e-08	0.020080321285140562
-0.00022858279407955706	0.0
0.0	1.0
0.0	1.0
0.0	1.0
-2.8202462999615818e-05	1.0
0.0	1.0
-0.03844829276204109	0.0
0.0	1.0
0.0	1.0
0.0	1.0
0.0	0.0
0.0	1.0
0.0	1.0
0.0	1.0
-0.0013672546483576298	0.04914744232698094
0.0	1.0
-0.0005766615504398942	1.0
0.0	1.0
0.0	1.0
0.0	0.0
-6.853732429590309e-06	1.0
-6.217930058483034e-05	1.0
-2.9807874918352795e-11	1.0
-9.280615813622717e-07	1.0
0.0	1.0
0.0	1.0
-2.6662692107493058e-05	1.0
0.0	1.0
-2.461316341850761e-07	0.0
-0.0011648728977888823	0.0
-0.0015112380497157574	0.0
0.0	0.0
0.0	1.0
0.0	1.0
0.0	1.0
-1.205565786221996e-05	0.0
0.0	1.0
-0.0042743380181491375	0.0
-6.569217703145114e-07	0.0
0.0	0.0
0.0	1.0
0.0	0.0
-7.996798558451701e-06	0.11363636363636363
0.0	0.0
-0.012313148938119411	0.0
0.0	0.008016032064128256
-0.00011858868674607947	1.0
0.0	1.0
-0.00022970332065597177	1.0
-0.0011457196669653058	1.0
-0.00027471117209643126	0.22152886115444617
0.0	1.0
0.0	1.0
0.0	1.0
-0.0018817504169419408	0.0
0.0	0.0
0.0	0.0
0.0	1.0
0.0	0.0
0.0	0.0
0.0	1.0
0.0	0.0
0.0	1.0
-0.0003017365816049278	1.0
-0.0003636762558016926	0.0
-5.688482815457974e-06	1.0
-2.5504363293293864e-05	0.0
-2.4178277158171113e-07	0.062186559679037114
0.0	0.0
0.0	1.0
0.0	1.0
-0.0006871416699141264	0.0
0.0	0.0
-2.9649776479345746e-05	1.0
0.0	1.0
0.0	0.05918367346938776
-1.5636496755178086e-06	1.0
0.0	0.0
0.0	0.0
-8.396420980716357e-07	0.0
-0.0002896091027650982	0.0
-2.5809666112763807e-05	0.0
-5.956469976808876e-05	0.001
0.0	0.0
