-3.0173230243235594e-06	0.0
0.0	1.0
0.0	1.0
-0.001606403267942369	0.003051881993896236
-0.0009291942697018385	0.04312938816449348
-0.026869839057326317	0.0
-0.027274511754512787	0.0
0.0	1.0
-3.783752866581835e-09	0.6248561565017261
-9.448982746107504e-05	1.0
0.0	0.0
0.0	1.0
-1.960774534381926e-05	1.0
-0.0008189717191271484	1.0
0.0	1.0
-1.35612017402309e-05	1.0
0.0	0.440567066521265
-0.0019003861816599965	1.0
-4.967243061315685e-09	1.0
-7.128910656239995e-11	1.0
0.0	1.0
0.0	0.0
0.0	1.0
0.0	1.0
0.0	0.0
0.0	0.5931232091690545
0.0	0.0
-1.0907300520557328e-06	1.0
-0.00015126325888559222	0.0
-0.004452391527593136	0.2443820224719101
0.0	1.0
0.0	0.0
-0.0023880836088210344	0.0
-0.00038159775431267917	1.0
0.0	1.0
0.0	0.0
-0.008503871969878674	0.0
0.0	0.0
0.0	1.0
0.0	1.0
0.0	0.0
-6.368894994723817e-11	1.0
0.0	0.0
0.0	1.0
-8.970972885435913e-06	0.09896432681242807
0.0	0.0
-0.0008363428059965372	1.0
0.0	1.0
0.0	1.0
-2.621178464323748e-05	0.0
0.0	1.0
0.0	1.0
0.0	1.0
-0.0001254467060789466	0.0
0.0	0.0
-0.004767050500959158	0.011481056257175661
0.0	1.0
0.0	0.0
0.0	1.0
0.0	0.0
-0.03449704498052597	0.0
0.0	0.131
0.0	0.0
-0.00012988039816264063	1.0
-0.0005160650471225381	0.0
-7.17078146408312e-05	1.0
-6.342627602862194e-05	1.0
-2.206484595035363e-08	0.9037037037037037
-0.0005483630229718983	1.0
0.0	1.0
-4.955267099426841e-12	1.0
-4.967084350937512e-06	0.0
-0.00018436933169141412	0.12445414847161572
0.0	0.0
-1.130418877437478e-05	0.5877862595419847
-0.012478752993047237	0.0
0.0	0.0
0.0	0.0
-0.0007046794053167105	1.0
0.0	1.0
-0.001219637575559318	0.0
0.0	1.0
-0.00041068365680985153	1.0
0.0	1.0
0.0	1.0
-2.256975449199672e-06	1.0
-0.013018115423619747	0.0
0.0	1.0
0.0	1.0
-0.00013383860641624779	1.0
0.0	1.0
0.0	1.0
-0.004289565607905388	0.13746630727762804
0.0	1.0
0.0	0.0
0.0	0.11868390129259694
0.0	1.0
0.0	0.0
0.0	1.0
-0.0043152435682713985	0.15737704918032788
0.0	0.0
0.0	0.0
0.0	1.0
0.0	0.0
-0.0004907873808406293	0.08888888888888889
-0.007076714653521776	0.0
-0.0010276883840560913	1.0
0.0	1.0
0.0	0.0
-3.1927309009915916e-06	0.0
0.0	1.0
0.0	1.0
-0.00012326441355980933	0.057435897435897436
0.0	1.0
0.0	0.0
-8.091245945252012e-06	1.0
-0.0001965691481018439	1.0
0.0	0.08941176470588236
0.0	0.0
-2.316314203198999e-05	1.0
0.0	0.0
0.0	0.0
0.0	1.0
0.0	1.0
0.0	0.008168028004667444
0.0	0.0
-3.352823114255443e-05	1.0
-2.7373987904866226e-05	0.0
-2.8079419280402362e-05	1.0
0.0	0.0
-7.57012716401384e-11	1.0
0.0	1.0
0.0	1.0
0.0	0.0
0.0	1.0
0.0	0.187374749498998
0.0	1.0
0.0	0.0
0.0	0.0012033694344163659
0.0	1.0
-7.428955541399773e-06	1.0
0.0	1.0
-0.002798631088808179	0.0
-0.012940323911607265	0.0
-0.003058801172301173	1.0
-1.4591360013582744e-05	1.0
0.0	1.0
0.0	0.20993589743589744
-1.1407571776089753e-08	1.0
-0.00020334705186542124	1.0
-0.003581685246899724	1.0
-6.936180625416455e-07	1.0
-9.634386621826252e-09	1.0
0.0	0.2115085536547434
0.0	1.0
-0.011243901215493679	0.0
0.0	1.0
-1.4137984116757707e-08	1.0
0.0	1.0
0.0	0.0
0.0	1.0
0.0	1.0
0.0	1.0
0.0	1.0
0.0	0.0
-0.0011885615531355143	1.0
0.0	0.0
0.0	0.0
0.0	0.0
0.0	1.0
0.0	0.0
0.0	0.0
0.0	1.0
-0.007405608892440796	0.0
-0.0020626760087907314	0.0
0.0	0.0
-3.6426976294023916e-05	1.0
0.0	0.0
0.0	0.0
0.0	0.0
0.0	0.0
0.0	1.0
0.0	1.0
0.0	0.5526315789473685
0.0	1.0
0.0	1.0
0.0	1.0
0.0	1.0
0.0	1.0
-0.0005914352368563414	0.0
-0.0011611678637564182	1.0
0.0	1.0
-1.4335783671270974e-09	0.227
0.0	1.0
0.0	1.0
-1.0752228973842648e-07	1.0
0.0	0.0
-4.3454263504827395e-05	1.0
0.0	1.0
0.0	0.0
-0.0030175629071891308	0.0
-1.4388541558219003e-06	0.0
0.0	0.0
0.0	0.0
0.0	1.0
0.0	0.0
-8.552392682759091e-05	0.0
0.0	0.0
-0.00028503689100034535	0.0
0.0	1.0
0.0	1.0
0.0	1.0
0.0	1.0
-0.013237189501523972	0.0
0.0	1.0
0.0	1.0
0.0	0.08565531475748193
0.0	0.0
0.0	0.007246376811594203
0.0	1.0
0.0	1.0
-3.851142082567094e-06	1.0
0.0	1.0
0.0	1.0
-9.241428779205307e-05	1.0
-0.0017167734913527966	0.0
0.0	1.0
-0.00032344338251277804	1.0
0.0	0.0
-2.401956180619891e-07	1.0
-0.017912760376930237	0.0
0.0	0.0
0.0	1.0
0.0	1.0
-9.68331951298751e-05	1.0
0.0	0.0
0.0	1.0
0.0	1.0
0.0	0.001017293997965412
0.0	1.0
-0.000933939591050148	0.0
-0.00038612066418863833	1.0
-0.00478915311396122	0.0
-4.020966116513591e-06	1.0
0.0	1.0
0.0	1.0
0.0	1.0
0.0	0.3090909090909091
0.0	0.0
0.0	1.0
0.0	1.0
-1.4057641806175525e-07	0.0
-8.87766327650752e-06	1.0
0.0	1.0
0.0	0.0
-2.89776835415978e-05	1.0
-0.00429053558036685	0.0
0.0	1.0
-3.2635335855957237e-07	1.0
0.0	0.0
0.0	1.0
-0.0011227073846384883	0.0
-3.512419368689734e-07	1.0
0.0	0.0
-0.014568927697837353	0.0
0.0	1.0
-7.47672893339768e-05	0.011235955056179775
-6.258192115637939e-06	1.0
-2.7288231649436057e-05	0.005875440658049354
0.0	1.0
-0.0002721416822168976	1.0
0.0	1.0
-0.006469618529081345	0.023809523809523808
-2.3893524485174567e-05	0.0
0.0	1.0
-0.0019504416268318892	1.0
0.0	0.9404761904761905
0.0	1.0
0.0	0.9242424242424242
0.0	1.0
0.0	0.46645021645021645
0.0	1.0
0.0	1.0
0.0	0.007134363852556481
0.0	1.0
0.0	1.0
-0.0004681712598539889	0.0
-4.3214081415499095e-06	1.0
0.0	0.02631578947368421
0.0	1.0
-8.515586813473419e-08	1.0
-2.4071710868156515e-05	0.008064516129032258
-0.028608739376068115	0.01282051282051282
-3.807057873927988e-05	1.0
-0.00012306413555052131	0.0
0.0	1.0
0.0	0.6180904522613065
-0.0002697819727472961	0.6180904522613065
0.0	0.6193353474320241
0.0	0.6993603411513859
-7.372346590273082e-05	1.0
0.0	0.0
0.0	1.0
-9.001332318403499e-11	1.0
0.0	0.010101010101010102
-1.220627495968074e-06	0.0
-0.11645814776420593	0.0
0.0	1.0
0.0	0.0
0.0	1.0
0.0	1.0
0.0	1.0
0.0	0.0024752475247524753
0.0	1.0
0.0	1.0
0.0	0.0
-1.101658764213198e-09	1.0
0.0	1.0
0.0	1.0
-0.0009270687005482614	0.0
-1.777643449107913e-10	1.0
0.0	0.0
-4.066983819939196e-05	0.06306306306306306
-0.0007056112517602742	0.0
0.0	1.0
-0.0004974861512891948	1.0
-0.00019192128092981875	0.024043715846994537
-6.701681876108978e-09	1.0
0.0	1.0
-8.843649701439915e-10	1.0
-0.000160890631377697	0.6080097087378641
-6.355377263389528e-05	0.0
0.0	1.0
0.0	0.0
0.0	1.0
-5.47456036059657e-09	1.0
-0.0005028635496273637	0.06097560975609756
0.0	0.0
-0.05415772646665573	0.0
-0.005671009421348572	0.0
-0.00023854325991123915	1.0
0.0	0.0
0.0	1.0
0.0	0.0
-4.846487655640885e-09	0.0
0.0	1.0
-1.1455122148618102e-06	0.0
-0.0005353989545255899	0.0010111223458038423
0.0	1.0
0.0	1.0
0.0	1.0
-0.0037831838708370924	0.0
0.0	1.0
0.0	1.0
0.0	1.0
-0.00039776929770596325	1.0
0.0	0.13428120063191154
0.0	1.0
0.0	1.0
-5.245484317129012e-06	0.017364657814096015
0.0	0.017
0.0	1.0
0.0	1.0
0.0	0.008073817762399077
-0.0003597877803258598	0.06212424849699399
0.0	1.0
-1.4617214674217394e-06	1.0
-0.005609853658825159	0.0
-1.8250071661896072e-05	1.0
0.0	0.0
-0.0005176840932108462	0.0
0.0	1.0
0.0	1.0
-0.0013359319418668747	1.0
0.0	1.0
0.0	1.0
-0.0001549266598885879	0.0
0.0	1.0
0.0	0.0
0.0	1.0
-8.06103983563844e-09	0.0
0.0	0.0
0.0	1.0
-5.805320142826531e-06	1.0
0.0	0.0
-0.00018508572247810662	0.0
0.0	1.0
-0.00028991815634071827	1.0
0.0	1.0
0.0	0.0
0.0	1.0
0.0	1.0
-2.322466441384563e-09	0.3090909090909091
0.0	0.0
0.0	0.16332665330661322
0.0	1.0
-3.0785176363679057e-07	1.0
0.0	1.0
0.0	0.010327022375215147
0.0	1.0
0.0	1.0
0.0	1.0
0.0	0.5085085085085085
0.0	1.0
0.0	1.0
0.0	1.0
-1.655115556786768e-05	1.0
0.0	1.0
0.0	1.0
0.0	1.0
0.0	1.0
-3.0175758638506522e-06	1.0
0.0	1.0
0.0	1.0
0.0	0.0
0.0	0.08888888888888889
0.0	0.0
-0.06687892228364944	0.0
0.0	1.0
-0.00033526812330819666	0.010638297872340425
0.0	0.0
0.0	0.0
-0.0018728574505075812	1.0
0.0	1.0
-3.6721704077535833e-07	1.0
0.0	1.0
0.0	1.0
0.0	1.0
0.0	1.0
0.0	1.0
0.0	1.0
0.0	1.0
-0.0003592104185372591	0.0
0.0	1.0
0.0	1.0
0.0	1.0
-8.92856519385532e-07	0.0
-1.0116727366948908e-07	1.0
-0.0018648057011887431	1.0
0.0	0.5010266940451745
0.0	1.0
0.0	0.0
-0.0037316542584449053	0.0
0.0	1.0
0.0	0.05319148936170213
0.0	1.0
0.0	1.0
-3.4638742363313213e-07	1.0
-4.3920874759351136e-07	1.0
-0.0005174285615794361	1.0
-8.300326953758486e-06	0.007177033492822967
0.0	0.0
0.0	1.0
-0.0011896661017090082	1.0
0.0	1.0
0.0	1.0
0.0	1.0
-4.895784877589904e-05	1.0
0.0	1.0
-1.674606573942583e-05	1.0
-0.0006708603468723595	1.0
-0.0004964058753103018	1.0
0.0	1.0
0.0	0.0
-9.721045898913871e-06	0.0
0.0	0.0
-4.962996627000393e-07	1.0
-9.378189133713022e-05	0.0
-5.52496021555271e-06	0.0
0.0	1.0
0.0	1.0
0.0	1.0
-9.902277753326416e-08	0.0
0.0	0.0
0.0	0.0
0.0	1.0
0.0	1.0
0.0	0.0
-3.2035990443546325e-05	0.006696428571428571
-6.76424679113552e-05	1.0
0.0	1.0
0.0	1.0
-8.413124363837454e-12	1.0
-7.036638294266595e-07	1.0
0.0	1.0
0.0	0.0
0.0	0.0
-0.0013866372173652053	1.0
0.0	1.0
0.0	1.0
-0.0007468534167855978	1.0
0.0	1.0
0.0	0.0
-0.00043134341831319034	0.0
-0.0003677440108731389	1.0
-1.5415392340401013e-07	1.0
0.0	1.0
-1.2443215902102622e-10	0.0
0.0	0.0
-1.1824711876329275e-08	0.0
0.0	0.07
0.0	1.0
0.0	1.0
0.0	1.0
0.0	1.0
0.0	1.0
0.0	0.0
0.0	1.0
-0.007401674520224333	0.004962779156327543
-2.286720643951412e-07	1.0
0.0	0.005611672278338945
-0.004690986126661301	0.0
0.0	1.0
0.0	0.0
0.0	0.0
-0.00016634142957627773	1.0
0.0	0.0
-2.0362548452945717e-11	0.0020181634712411706
-0.0013977658236399293	1.0
0.0	1.0
0.0	0.4383116883116883
0.0	1.0
-0.00011432557948864996	1.0
0.0	1.0
-0.0002774633758235723	1.0
0.0	1.0
-0.0077296351082623005	0.0
0.0	1.0
-0.0037099027540534735	0.0
0.0	1.0
0.0	1.0
-9.796261110750493e-06	0.0
0.0	1.0
0.0	1.0
-1.047208843374392e-05	1.0
0.0	0.0
-6.235422188183293e-05	1.0
0.0	1.0
0.0	1.0
0.0	1.0
0.0	1.0
0.0	0.0
-8.971746865427122e-05	1.0
0.0	1.0
0.0	1.0
0.0	0.0
-1.881411693105406e-10	1.0
-4.603696091010079e-09	1.0
-0.00860725250095129	0.0
0.0	1.0
0.0	0.7368421052631579
-7.052807671215078e-09	1.0
-2.466177022597549e-07	0.0
0.0	1.0
0.0	1.0
-1.473259999329457e-05	1.0
-0.0028091438580304384	1.0
0.0	0.0
-3.719035885296762e-05	1.0
-0.06840589642524719	0.0
0.0	1.0
0.0	1.0
-0.00013838600716553628	0.0
0.0	1.0
0.0	1.0
0.0	1.0
0.0	0.0
-0.0017047198489308357	0.0
-0.0002714627480600029	1.0
0.0	0.023291925465838508
0.0	1.0
-4.797895599040203e-06	1.0
-1.4425395988837408e-07	1.0
-3.9040810406731907e-07	1.0
0.0	1.0
-9.943045142790652e-08	1.0
-2.7493237212183885e-05	1.0
-1.6370469779758423e-07	1.0
0.0	1.0
0.0	1.0
0.0	1.0
0.0	0.0
-0.0077553982846438885	0.0
0.0	1.0
-1.4706417195142762e-09	1.0
-0.0005044897552579641	1.0
-2.3905418856884353e-05	0.14563106796116504
0.0	1.0
0.0	1.0
-0.0028584578540176153	0.0
-9.742897236719728e-05	1.0
0.0	0.0
0.0	1.0
0.0	1.0
0.0	1.0
0.0	0.007633587786259542
0.0	1.0
-6.081151150283404e-05	1.0
-0.0001744178734952584	0.0
0.0	0.0
0.0	0.013157894736842105
0.0	0.1375770020533881
0.0	0.0
-0.0006592111312784255	1.0
-0.00041575400973670185	0.00932642487046632
0.0	1.0
0.0	0.0
-0.0008614109829068184	0.0
