-9.08892047846166e-07	1.0
0.0	1.0
-1.2996362784178928e-05	1.0
0.0	1.0
-0.005473698023706675	0.004021447721179625
-8.717410127090375e-11	1.0
-4.751553106530082e-08	1.0
-0.0002408435830147937	0.10714285714285714
-0.06516754627227783	0.0
0.0	1.0
0.0	1.0
-0.001769447117112577	0.14054054054054055
-9.929482075676788e-06	1.0
-1.1944217703785398e-07	1.0
-1.4610091056965757e-06	0.0
-3.148278437947738e-06	1.0
-4.6675395424244925e-05	1.0
0.0	0.0
0.0	1.0
-0.002418826799839735	0.0
0.0	0.05
0.0	0.0
-2.261953522975091e-05	1.0
0.0	1.0
0.0	0.002457002457002457
-0.0017486620927229524	0.0
0.0	1.0
0.0	1.0
-2.165878686355427e-05	1.0
-0.00034634763142094016	1.0
-0.003897640388458967	0.0
0.0	0.0
0.0	1.0
0.0	0.0
0.0	1.0
0.0	1.0
-1.1314325092826039e-05	0.0
0.0	0.10714285714285714
0.0	0.13640922768304914
0.0	1.0
-0.0037081141490489244	0.0
0.0	0.17872340425531916
0.0	1.0
0.0	0.09393939393939393
0.0	0.0
-0.0008400226943194866	1.0
-6.177759132697247e-06	0.448
-2.0105194380448665e-06	1.0
0.0	1.0
0.0	0.0
0.0	1.0
0.0	0.0
0.0	1.0
-0.0006264194962568581	0.002145922746781116
0.0	0.0
0.0	1.0
0.0	1.0
-5.6474437570841474e-08	0.0
0.0	1.0
0.0	1.0
0.0	0.038461538461538464
0.0	1.0
-1.2751941540045664e-05	1.0
0.0	1.0
0.0	1.0
0.0	1.0
0.0	1.0
0.0	0.010071942446043165
-7.636569353053346e-05	1.0
0.0	1.0
0.0	1.0
-5.253293420537375e-05	1.0
-4.356390661541809e-07	1.0
0.0	1.0
0.0	1.0
0.0	1.0
0.0	0.0
0.0	1.0
-0.0005578172858804464	1.0
0.0	1.0
-0.00018796406220644712	1.0
-0.000228840799536556	0.0
0.0	0.0
0.0	1.0
0.0	1.0
0.0	1.0
0.0	1.0
0.0	1.0
-0.0010534704197198153	0.0
0.0	1.0
0.0	1.0
0.0	1.0
0.0	1.0
-5.5133627938630525e-06	1.0
0.0	1.0
0.0	1.0
-0.003914571367204189	0.0
-6.2502890614268836e-06	1.0
0.0	1.0
-0.0012566542718559504	0.0
-3.6034637105331058e-06	1.0
0.0	1.0
0.0	1.0
0.0	1.0
0.0	1.0
0.0	1.0
-7.840922577884157e-09	1.0
0.0	1.0
-2.3453685571439564e-05	1.0
0.0	1.0
-1.1585820658410739e-07	1.0
0.0	1.0
0.0	0.0
0.0	1.0
0.0	0.787
0.0	1.0
-6.365424633258954e-05	0.0033003300330033004
0.0	1.0
0.0	0.0
-4.945729233440943e-05	1.0
0.0	0.0
0.0	1.0
0.0	1.0
0.0	0.0
0.0	0.0
0.0	1.0
0.0	0.0
0.0	1.0
0.0	1.0
-6.256724736886099e-05	1.0
-6.820582711952738e-07	1.0
0.0	0.007194244604316547
0.0	1.0
0.0	1.0
0.0	1.0
-1.576937913583265e-09	0.0
0.0	1.0
0.0	1.0
-1.4394270237971796e-06	1.0
0.0	1.0
0.0	1.0
0.0	1.0
-2.2709065888193436e-05	0.0
0.0	1.0
0.0	1.0
0.0	1.0
-4.551713573164307e-06	1.0
-0.00235657743178308	1.0
-0.003339380258694291	0.23123123123123124
0.0	0.05333333333333334
-7.598215597681701e-05	1.0
-8.242378680733964e-05	0.0
0.0	1.0
-2.8086384773473583e-08	0.55
-0.031951624900102615	0.0
-0.0008126853499561548	0.0
-2.3040303887000846e-08	0.0
-0.000570442236494273	1.0
0.0	1.0
0.0	1.0
0.0	1.0
0.0	1.0
-0.007868099957704544	0.0
-0.001248662592843175	1.0
0.0	1.0
-0.026442602276802063	0.0
0.0	1.0
0.0	1.0
0.0	0.0
0.0	1.0
0.0	0.032
0.0	1.0
0.0	1.0
0.0	0.002145922746781116
0.0	0.0
0.0	1.0
0.0	1.0
0.0	1.0
0.0	1.0
0.0	0.2331288343558282
-0.0025902106426656246	1.0
0.0	1.0
-0.0010332833044230938	0.0029069767441860465
-4.810497193830088e-05	0.11244979919678715
0.0	1.0
-0.0001137569997808896	1.0
-0.0009289343724958599	0.0
-8.24219205242116e-06	1.0
-5.283432255964726e-05	1.0
0.0	0.0
0.0	1.0
0.0	1.0
-2.002328756134375e-06	1.0
0.0	1.0
-0.0019015301950275898	0.0
0.0	0.2810810810810811
0.0	0.14285714285714285
0.0	1.0
0.0	0.0
0.0	0.0
0.0	1.0
0.0	1.0
-9.736289939610288e-06	0.0064516129032258064
-0.00037361567956395447	0.22613065326633167
0.0	1.0
0.0	0.040160642570281124
-0.0007620356045663357	0.03612903225806452
-4.663590686959651e-07	1.0
0.0	1.0
-0.003409056458622217	1.0
-0.00025311316130682826	1.0
0.0	1.0
-0.008202680386602879	0.0
0.0	1.0
0.0	1.0
0.0	0.00904977375565611
0.0	1.0
0.0	1.0
-0.0015930741792544723	1.0
0.0	1.0
-2.789043378470524e-07	1.0
-0.001311170170083642	1.0
-0.0707041323184967	0.0
-0.0006112005794420838	1.0
0.0	1.0
-9.464964387007058e-05	0.0
0.0	1.0
-0.0012867259792983532	1.0
-0.01734294556081295	0.0
0.0	0.036544850498338874
0.0	0.0
0.0	1.0
0.0	1.0
-5.60789012524765e-05	1.0
0.0	1.0
-0.000321386061841622	1.0
-2.8704194846795872e-05	0.0
-1.4487749240288395e-06	0.0
0.0	0.2755498059508409
0.0	0.0
0.0	1.0
0.0	1.0
0.0	1.0
-0.0005483037675730884	0.0
-0.00028213628684170544	1.0
0.0	1.0
-0.00010662760905688629	1.0
-1.1826191935460084e-11	1.0
-0.0005638737347908318	0.0
0.0	1.0
0.0	1.0
-1.8002934254468528e-08	1.0
0.0	1.0
0.0	1.0
0.0	1.0
0.0	1.0
0.0	1.0
0.0	0.7591463414634146
0.0	1.0
0.0	0.015015015015015015
0.0	1.0
0.0	1.0
0.0	1.0
0.0	1.0
0.0	1.0
0.0	1.0
0.0	1.0
-3.742715648513695e-08	0.0
0.0	0.0
0.0	1.0
-0.00031972024589776993	1.0
-0.00013213232159614563	0.0
0.0	0.0
0.0	1.0
-0.00012016006076009944	0.0012903225806451613
-0.0009029899956658483	0.0
-0.0006629918934777379	0.0
-1.4908895536791533e-05	1.0
0.0	0.019667170953101363
0.0	1.0
-2.1032355856931417e-09	1.0
-0.00528611009940505	0.0
0.0	1.0
0.0	1.0
-0.08735082298517227	0.0
-0.0017792147118598223	0.0
-0.013540593907237053	0.09333333333333334
0.0	1.0
-6.178200237627607e-06	1.0
-4.629292435498478e-11	1.0
-2.6802577849593945e-05	1.0
0.0	1.0
0.0	1.0
0.0	1.0
0.0	1.0
-2.470445542712696e-05	0.0940940940940941
0.0	1.0
-4.645583885576343e-06	1.0
-7.079437296803048e-12	0.0
0.0	0.0
-1.736905142024625e-05	1.0
-0.0010580148082226515	1.0
-2.610182491480373e-06	1.0
-1.1074006067701703e-07	1.0
0.0	1.0
0.0	0.0
-0.0010472958674654365	1.0
-0.0009117354056797922	1.0
0.0	1.0
0.0	0.07563025210084033
-0.005476812366396189	0.0
0.0	1.0
0.0	1.0
-2.0288127416279167e-05	1.0
0.0	0.0031088082901554403
-0.005151089280843735	1.0
0.0	0.0
0.0	1.0
-0.0012559870956465602	1.0
0.0	1.0
-3.7531197449425235e-05	1.0
0.0	1.0
0.0	1.0
-0.009248754009604454	0.0
-7.42111524232314e-07	1.0
-1.8741204421690583e-10	1.0
-0.0178927481174469	0.0
0.0	1.0
0.0	1.0
0.0	1.0
0.0	1.0
0.0	1.0
-2.783185903965091e-10	1.0
0.0	0.004975124378109453
0.0	1.0
0.0	1.0
0.0	1.0
-0.0010221201227977872	1.0
-0.0014590915525332093	0.0
0.0	1.0
0.0	1.0
-1.887470802987214e-19	1.0
-0.0058842189610004425	0.0
0.0	1.0
-1.2306363714742474e-05	1.0
0.0	0.0
0.0	1.0
0.0	1.0
0.0	1.0
0.0	1.0
-0.00022429066302720457	1.0
-0.0004370873502921313	0.0
0.0	1.0
0.0	1.0
0.0	1.0
-0.0011116965906694531	0.4090909090909091
0.0	1.0
0.0	1.0
-8.911205077311024e-05	1.0
-0.0005617241258732975	1.0
-0.0001326001511188224	0.0
0.0	1.0
0.0	1.0
-3.0585795007809224e-10	1.0
-0.0023707428481429815	0.0
0.0	0.236
-0.01462174765765667	0.0
-7.883719081291929e-05	1.0
0.0	1.0
-6.137866148492321e-05	1.0
0.0	1.0
0.0	1.0
0.0	1.0
0.0	1.0
-0.00022246975277084857	1.0
0.0	0.0
0.0	0.0
0.0	1.0
-3.3189278383360943e-06	1.0
0.0	1.0
0.0	0.0
-0.0027731070294976234	1.0
-9.564694636310378e-08	0.0
-0.0014513032510876656	0.0
0.0	1.0
-0.002617049030959606	1.0
0.0	1.0
0.0	0.0010121457489878543
0.0	0.22522522522522523
0.0	0.0
0.0	1.0
-0.0008509475737810135	0.0
-0.0003010846266988665	1.0
0.0	1.0
-1.3604070772998966e-05	0.584
-1.6239110056659456e-10	1.0
-0.004669523332268	0.0
-1.370128663302772e-11	0.002002002002002002
0.0	1.0
-0.00013014883734285831	1.0
0.0	1.0
0.0	0.0
0.0	1.0
0.0	0.0
-0.0001668372715357691	1.0
-1.3594620984491712e-09	1.0
-0.00033229452674277127	1.0
0.0	1.0
-0.0003205413231626153	1.0
-8.367225063921069e-07	1.0
-0.003726933617144823	0.017777777777777778
0.0	1.0
-0.020153848454356194	0.0
0.0	1.0
-0.000153713088366203	1.0
0.0	1.0
0.0	1.0
0.0	1.0
-4.769165025209077e-05	1.0
0.0	1.0
-0.0023450839798897505	0.0
0.0	1.0
0.0	1.0
-0.00010377493890700862	1.0
-1.4210798326530494e-05	1.0
0.0	1.0
-3.666545111968844e-08	0.0
0.0	1.0
-0.00014659567386843264	0.03837953091684435
0.0	0.0
0.0	1.0
0.0	0.0
0.0	1.0
0.0	1.0
-7.61962701290031e-06	1.0
0.0	0.3255069370330843
0.0	0.0
0.0	0.0
0.0	0.0
-0.001708376221358776	0.07142857142857142
0.0	0.0
0.0	1.0
-0.0004602089466061443	1.0
0.0	0.768
0.0	1.0
0.0	1.0
-3.1982219752535457e-06	1.0
0.0	1.0
0.0	1.0
-0.00018260092474520206	1.0
0.0	1.0
-7.77911452587432e-07	0.0
-0.0028301230631768703	0.0
0.0	1.0
0.0	1.0
0.0	1.0
0.0	1.0
-0.0008895054925233126	0.0
0.0	0.003278688524590164
-0.0031385370530188084	0.0
0.0	1.0
-7.356083187914919e-06	1.0
0.0	1.0
0.0	1.0
0.0	1.0
-1.2417166544764768e-05	1.0
0.0	1.0
-3.3242890662421587e-09	1.0
-0.00043212497257627547	1.0
-0.0009227701812051237	1.0
0.0	1.0
0.0	0.0
0.0	1.0
0.0	1.0
0.0	1.0
0.0	1.0
0.0	1.0
-0.0007519560167565942	1.0
0.0	1.0
0.0	1.0
0.0	1.0
-0.0003609889536164701	0.0
0.0	1.0
0.0	0.040697674418604654
-2.4705411760805873e-06	1.0
-1.081222080756561e-06	0.0
-0.002261848421767354	1.0
0.0	1.0
-1.5089486851138645e-06	1.0
-0.001512852031737566	1.0
0.0	0.0
0.0	0.6080206985769728
0.0	1.0
-0.0002117135882144794	0.0
0.0	0.0
0.0	1.0
-0.0005204646731726825	1.0
-0.00012218128540553153	1.0
0.0	1.0
0.0	1.0
0.0	1.0
0.0	1.0
-2.404999395366758e-05	0.0
0.0	1.0
0.0	1.0
0.0	1.0
0.0	1.0
-1.0758699821752578e-18	1.0
-5.732589443141478e-07	1.0
0.0	0.582
0.0	1.0
-0.023013250902295113	0.0
0.0	0.008888888888888889
-0.0033992815297096968	0.0
0.0	0.0
0.0	1.0
-2.409634134892258e-06	1.0
0.0	1.0
0.0	1.0
0.0	0.0
0.0	1.0
0.0	1.0
0.0	1.0
0.0	1.0
0.0	1.0
-0.000272091623628512	1.0
-0.037381745874881744	0.0
-0.0006886529154144228	1.0
-3.0425386285060085e-05	0.017937219730941704
-0.0025977282784879208	1.0
0.0	0.0
0.0	0.775
-0.00029086164431646466	1.0
-1.6061104269465831e-12	1.0
0.0	1.0
-5.351708409762068e-08	1.0
-0.0043089911341667175	0.0
0.0	1.0
0.0	1.0
0.0	1.0
-7.225548382103805e-17	1.0
0.0	1.0
-0.00014500034740194678	1.0
0.0	1.0
-1.1484808659645296e-08	1.0
-0.0008312209974974394	0.028
0.0	1.0
