-0.0010726603213697672	0.0
0.0	1.0
-0.01846996136009693	0.014285714285714285
0.0	1.0
0.0	1.0
0.0	1.0
0.0	0.0
0.0	1.0
0.0	0.0
-1.5368133432502873e-08	0.06666666666666667
0.0	1.0
-2.867632797887154e-09	0.0
-8.48052593482862e-07	1.0
0.0	0.16116116116116116
0.0	1.0
0.0	0.0
0.0	1.0
-7.573889432288539e-12	1.0
-0.03755233436822891	0.0
0.0	0.0
0.0	0.0
-2.2477016081712264e-10	0.0
-0.00046563937212340534	1.0
-1.3528136150853243e-05	0.0
0.0	0.0
0.0	0.050387596899224806
0.0	1.0
-0.00027771302848123014	0.125
-0.00013787382340524346	1.0
-0.0024872892536222935	0.14180929095354522
0.0	1.0
0.0	1.0
0.0	1.0
-3.696711428347044e-05	0.0
-0.015253319405019283	0.0
0.0	0.0
-7.596393736264417e-09	1.0
0.0	1.0
-0.00011019063094863668	1.0
0.0	1.0
-6.035339765730896e-07	0.0
-2.838200146015879e-07	1.0
-0.006241248920559883	0.0
-1.820414614406643e-13	1.0
-0.00010353360266890377	1.0
0.0	1.0
0.0	1.0
0.0	0.0
-1.7016202491504373e-07	0.0037593984962406013
0.0	0.0
0.0	1.0
0.0	1.0
-1.485686607338721e-05	0.016645326504481434
0.0	1.0
0.0	1.0
0.0	1.0
-0.005670888349413872	0.13114754098360656
0.0	0.0
0.0	1.0
0.0	0.0
0.0	1.0
-0.0005569874192588031	1.0
-3.907235077349469e-05	1.0
0.0	1.0
-8.56339354982083e-08	0.0
0.0	1.0
0.0	0.0198744769874477
-8.806438245301251e-08	1.0
0.0	1.0
0.0	1.0
0.0	0.37237237237237236
0.0	1.0
0.0	1.0
-3.7341134884627536e-05	1.0
0.0	1.0
0.0	1.0
-0.00026704082847572863	1.0
0.0	0.24949899799599198
0.0	0.0
0.0	0.0
0.0	1.0
-1.6524893453606637e-08	0.0
0.0	1.0
0.0	0.0
0.0	0.0
0.0	0.0
0.0	1.0
-5.184881501918426e-06	0.428
-0.00016105292888823897	0.0
-5.121059132306982e-11	1.0
0.0	0.0
-2.1830692276125774e-06	0.074
0.0	1.0
-5.41215886187274e-05	1.0
0.0	1.0
-0.0005192028474994004	0.014893617021276596
0.0	0.0
0.0	1.0
0.0	0.057777777777777775
0.0	1.0
0.0	1.0
0.0	0.0
-0.0001747747155604884	1.0
-5.072875865153037e-05	1.0
-5.617114948108792e-05	1.0
-5.104891442897497e-08	0.0
0.0	1.0
0.0	0.014112903225806451
0.0	1.0
-0.0027541809249669313	0.0
0.0	1.0
0.0	1.0
0.0	1.0
-6.637810656684451e-07	1.0
0.0	1.0
0.0	1.0
-3.315989670227282e-05	1.0
-2.3282767358523415e-07	1.0
0.0	1.0
0.0	1.0
0.0	1.0
0.0	1.0
0.0	1.0
-0.006327474024146795	0.0
0.0	0.0
0.0	1.0
-0.002114060567691922	0.0
0.0	1.0
0.0	1.0
-0.00017668255895841867	1.0
0.0	1.0
0.0	1.0
0.0	1.0
0.0	1.0
0.0	0.004081632653061225
-0.002234171610325575	1.0
0.0	1.0
0.0	1.0
0.0	1.0
0.0	1.0
0.0	1.0
-0.0014687743969261646	1.0
-7.792440010234714e-05	1.0
0.0	1.0
0.0	0.0
0.0	1.0
0.0	1.0
-0.0032214471139013767	0.0026954177897574125
0.0	1.0
0.0	1.0
-7.513108357670717e-08	1.0
0.0	0.06741573033707865
0.0	1.0
-0.003495737910270691	0.022702702702702703
0.0	1.0
0.0	1.0
-7.761982851661742e-05	0.0
0.0	1.0
0.0	1.0
0.0	0.0
0.0	1.0
0.0	1.0
0.0	1.0
-5.813736265736225e-07	1.0
0.0	1.0
-0.0029809479601681232	0.0
0.0	1.0
0.0	1.0
0.0	1.0
0.0	1.0
0.0	0.0
0.0	1.0
0.0	1.0
0.0	0.0
0.0	1.0
0.0	1.0
-0.003478226950392127	0.02702702702702703
-5.588820499724534e-07	1.0
0.0	1.0
-3.1194085181596165e-07	1.0
-0.00024023937294259667	1.0
-0.0014319363981485367	0.0
0.0	1.0
0.0	1.0
-0.00030749334837310016	1.0
0.0	0.0
-4.714114515413925e-12	0.0
0.0	1.0
0.0	1.0
-0.00023356027668341994	1.0
0.0	1.0
0.0	1.0
0.0	1.0
-0.0008750572451390326	0.0
-0.0009813662618398666	0.2665330661322645
0.0	1.0
0.0	0.0
-0.00026561456616036594	1.0
0.0	1.0
-3.481282762063387e-10	0.16633266533066132
-0.0038322587497532368	0.0
0.0	1.0
-0.009360556490719318	0.0
0.0	0.001059322033898305
0.0	1.0
0.0	1.0
0.0	1.0
0.0	0.6476190476190476
0.0	1.0
0.0	1.0
0.0	1.0
0.0	1.0
-0.00018078919674735516	0.008086253369272238
-3.5037561740836054e-10	1.0
0.0	0.0
-0.0008241903269663453	0.0
0.0	0.0
0.0	0.525
0.0	1.0
-6.400379788829014e-06	1.0
-0.00040388695197179914	1.0
0.0	0.0
-3.196459601895185e-06	1.0
0.0	1.0
0.0	1.0
0.0	1.0
-1.770405674506037e-06	1.0
0.0	1.0
-0.0005217203288339078	1.0
0.0	0.0
-5.246017842353012e-09	1.0
0.0	1.0
-3.2773197744973004e-05	1.0
0.0	0.011627906976744186
0.0	1.0
-0.0019430118845775723	0.0
0.0	1.0
0.0	0.02688728024819028
0.0	1.0
0.0	1.0
-0.008024698123335838	0.0
-8.733869435673114e-06	0.013192612137203167
0.0	0.0
-5.2304549171822146e-05	1.0
-0.0069101909175515175	0.050505050505050504
0.0	1.0
-8.792030570248244e-08	1.0
0.0	0.0
0.0	1.0
0.0	1.0
0.0	1.0
-0.0005868353182449937	1.0
0.0	1.0
-0.009375673718750477	0.0
-0.0002689251850824803	0.0
0.0	1.0
0.0	1.0
0.0	1.0
-3.547126481429075e-10	1.0
-1.1669827699734014e-06	1.0
0.0	1.0
-5.869475717190653e-05	1.0
0.0	1.0
0.0	1.0
0.0	0.0
0.0	1.0
0.0	0.558974358974359
-8.291123958770186e-05	1.0
0.0	1.0
0.0	1.0
0.0	0.0
-7.591985195176676e-05	1.0
0.0	1.0
-0.011017105542123318	0.0
-9.677437446953263e-07	1.0
0.0	1.0
0.0	1.0
0.0	1.0
-0.0001087280543288216	0.0
-1.9161579984938726e-05	1.0
0.0	1.0
-4.673051945403017e-10	0.0
0.0	1.0
0.0	1.0
-0.00040344783337786794	1.0
0.0	1.0
0.0	0.0
-0.0018676421605050564	0.0
0.0	1.0
-6.061820386094041e-06	1.0
-0.0008742142235860229	1.0
-2.773823871393688e-05	1.0
0.0	1.0
-5.6780393720146094e-08	1.0
0.0	0.0
-3.681130067434424e-08	0.0
0.0	1.0
-0.00442673172801733	0.0
-7.932121661724523e-06	1.0
0.0	1.0
0.0	1.0
0.0	0.0
0.0	1.0
-3.0519288429786684e-06	0.0
0.0	1.0
0.0	1.0
0.0	1.0
-5.704182967747329e-06	0.0
0.0	0.0
-0.0011294441064819694	0.0
0.0	0.7054263565891473
0.0	0.0
0.0	1.0
-4.592312689055689e-05	1.0
0.0	0.0
0.0	1.0
-0.0011256826110184193	0.0
0.0	0.0
0.0	0.0
0.0	0.0
-0.0026981919072568417	1.0
0.0	0.0
0.0	1.0
-9.202275350617128e-07	0.0
0.0	1.0
0.0	0.005128205128205128
0.0	1.0
0.0	0.0
-1.774185147951357e-05	0.0
0.0	1.0
-0.00017448599101044238	0.0
-0.0012892541708424687	0.01662971175166297
0.0	1.0
-1.5549408982629132e-10	0.0
-6.807807949371636e-06	1.0
-0.00011688606173265725	1.0
-7.674023072468117e-05	1.0
-1.708267882349901e-05	0.0
-0.0002277032472193241	1.0
0.0	0.0
0.0	1.0
-0.0008279027533717453	0.742
0.0	0.0
-2.7144835712533677e-07	1.0
-0.0002478207752574235	1.0
0.0	1.0
-0.00022007490042597055	0.0
0.0	0.0
-0.0007683479343540967	0.0
0.0	1.0
-3.781167106353678e-05	1.0
0.0	1.0
-1.3055757335678209e-05	0.0
0.0	1.0
0.0	1.0
0.0	0.0
0.0	1.0
0.0	1.0
0.0	1.0
-4.468666156753898e-05	1.0
-0.00038676467374898493	1.0
0.0	0.001002004008016032
0.0	0.0
0.0	1.0
0.0	0.001
0.0	0.001
0.0	1.0
-9.598815040590125e-07	0.0
0.0	0.0
0.0	0.0
-0.000302738364553079	1.0
0.0	1.0
0.0	1.0
0.0	1.0
0.0	1.0
0.0	1.0
0.0	0.0
0.0	1.0
0.0	0.0
0.0	1.0
0.0	1.0
-4.902603541268036e-05	1.0
-0.0003926530771423131	1.0
0.0	1.0
0.0	0.3584905660377358
-1.7204691837857666e-10	1.0
0.0	1.0
0.0	1.0
0.0	1.0
-0.00042505221790634096	0.0
0.0	0.0
-0.0013014404103159904	1.0
0.0	0.04897959183673469
-8.045548020163551e-05	1.0
-9.211137512465939e-05	1.0
0.0	1.0
0.0	1.0
0.0	0.0
-0.019303495064377785	0.0
0.0	0.0
0.0	0.14439140811455847
0.0	0.08108108108108109
-0.0008049167809076607	0.0
0.0	1.0
0.0	0.0
-0.0002828601573128253	0.0
-2.3085491193342023e-05	1.0
0.0	1.0
0.0	0.0
0.0	1.0
0.0	1.0
-0.001779096550308168	0.0
-4.88561795464193e-07	1.0
-2.875062364182668e-06	1.0
0.0	1.0
-2.2080494090914726e-05	0.0
-0.00044568951125256717	1.0
-0.003730515018105507	0.09309309309309309
0.0	0.0
0.0	1.0
0.0	1.0
-0.00023824776872061193	1.0
0.0	1.0
-0.00018428551265969872	1.0
0.0	0.0
-1.4345901035994757e-06	1.0
0.0	0.0
0.0	1.0
-0.0010586145799607038	1.0
0.0	0.0
0.0	1.0
-0.0010065552778542042	1.0
0.0	1.0
-1.8490800357540138e-05	1.0
0.0	1.0
0.0	1.0
0.0	1.0
-0.00033999825245700777	1.0
0.0	1.0
0.0	1.0
-0.0010267851175740361	1.0
0.0	1.0
-5.922362834098749e-05	1.0
0.0	1.0
-0.009566418826580048	0.0
-0.00014220843149814755	0.20218579234972678
0.0	1.0
0.0	0.0
-4.81976655919425e-07	1.0
-2.3643954349950036e-08	1.0
0.0	1.0
0.0	1.0
0.0	1.0
0.0	0.0
0.0	1.0
0.0	1.0
0.0	1.0
0.0	1.0
0.0	1.0
-4.0287446608999744e-05	1.0
-5.923159551457502e-05	0.0
-5.0239101256011054e-05	1.0
0.0	1.0
-9.094213055504952e-06	1.0
0.0	1.0
0.0	1.0
0.0	1.0
-0.0008608209900557995	0.0
0.0	1.0
-1.742415456362778e-08	0.0
0.0	0.0
0.0	0.0
0.0	0.0
0.0	0.0
0.0	0.0
0.0	0.0
0.0	1.0
0.0	1.0
0.0	1.0
-9.942661563400179e-05	1.0
0.0	0.0
-3.0947470804676414e-05	1.0
0.0	1.0
-0.0001977890351554379	1.0
-0.014006861485540867	0.0
0.0	1.0
0.0	0.0
-0.0003011237131431699	1.0
0.0	0.0
0.0	0.0
0.0	1.0
0.0	1.0
-0.0023407761473208666	1.0
0.0	1.0
0.0	0.0
0.0	1.0
0.0	1.0
0.0	0.0
-1.5183427422016393e-06	1.0
-7.651214559700747e-07	1.0
-0.0014858737122267485	1.0
-0.12518009543418884	0.0
0.0	1.0
0.0	1.0
-9.556440261349053e-08	1.0
0.0	1.0
0.0	1.0
0.0	0.0
-0.0011773554142564535	1.0
-1.2776654330082238e-06	1.0
-0.0002384114486631006	1.0
-9.470392978983e-05	1.0
-1.5882861816862714e-06	1.0
0.0	0.0
0.0	1.0
0.0	1.0
-3.3006820103764767e-06	1.0
0.0	1.0
-0.00026996046653948724	0.0
0.0	1.0
0.0	1.0
0.0	0.8131313131313131
0.0	1.0
0.0	1.0
-7.897173190940521e-07	0.0
0.0	0.0
-0.0002975258103106171	0.006
0.0	1.0
0.0	0.0
-2.839798951548289e-10	1.0
-0.0001660493144299835	1.0
0.0	1.0
0.0	1.0
-4.1939479444863537e-08	1.0
0.0	1.0
0.0	1.0
0.0	0.0
0.0	0.0
0.0	0.0
0.0	0.07142857142857142
-2.3413500116475916e-07	1.0
0.0	1.0
0.0	0.0
0.0	1.0
0.0	0.002466091245376079
0.0	0.0
-0.00015635859745088965	0.0
0.0	1.0
0.0	1.0
0.0	1.0
0.0	1.0
0.0	1.0
0.0	1.0
0.0	0.0
-0.0013343803584575653	1.0
0.0	1.0
0.0	1.0
-0.0019124390091747046	0.0
0.0	1.0
0.0	1.0
-0.019350528717041016	0.0
-4.462251013137575e-09	1.0
0.0	0.0
-0.03235861286520958	0.0
-7.946211553644389e-05	1.0
0.0	0.0
-6.725766070303507e-06	1.0
-0.002639559330418706	1.0
0.0	1.0
0.0	0.0
-4.334834269315024e-09	0.001
0.0	1.0
0.0	1.0
0.0	1.0
0.0	1.0
0.0	0.0
0.0	0.0
