-7.609436636357714e-09	1.0
0.0	1.0
-0.0004104681429453194	1.0
0.0	0.19597989949748743
0.0	0.0
0.0	0.0
0.0	1.0
0.0	1.0
0.0	1.0
-0.0013759398134425282	1.0
0.0	1.0
0.0	1.0
0.0	1.0
-0.027406688779592514	0.0
0.0	0.0
-2.885838616684122e-11	1.0
-8.143314516928513e-06	1.0
0.0	1.0
-1.9606408940830988e-08	1.0
-5.908751336392015e-05	1.0
-0.0012641481589525938	0.0
0.0	1.0
0.0	0.0
0.0	1.0
0.0	0.014005602240896359
0.0	0.0
0.0	1.0
-1.1729600373655558e-05	1.0
0.0	0.0
0.0	1.0
-9.116955084209621e-07	1.0
0.0	0.0
0.0	0.0
-0.00014630953955929726	1.0
-0.00013080095231998712	0.0
0.0	1.0
0.0	1.0
-0.0003137798048555851	0.0
0.0	1.0
-0.02085132896900177	0.0
-0.0001704651367617771	0.0
0.0	1.0
0.0	1.0
0.0	1.0
-1.01776981864532e-06	1.0
-0.022785311564803123	0.0625
-5.455941121113028e-08	1.0
0.0	0.0
0.0	1.0
0.0	1.0
-0.00023157350369729102	1.0
-0.009870058856904507	0.0
-8.066061809586245e-07	0.0
0.0	1.0
0.0	1.0
-0.000568021961953491	1.0
0.0	1.0
0.0	0.0
-1.963135556892759e-11	1.0
-1.1269194146734662e-05	1.0
-6.60840129285134e-08	1.0
0.0	1.0
0.0	1.0
0.0	1.0
0.0	1.0
0.0	1.0
0.0	1.0
0.0	1.0
-0.0027615115977823734	0.0
-0.00015388516476377845	0.0
-0.00012270813749637455	0.0
-1.0231607783239838e-09	1.0
0.0	1.0
0.0	0.0
0.0	0.0
0.0	0.0
-0.0008039379608817399	1.0
0.0	1.0
-2.6342088403907837e-06	1.0
0.0	0.0
0.0	0.0
-2.6559657271718606e-05	1.0
-2.726101001826464e-06	1.0
-3.84276791010052e-06	1.0
-4.309639552957378e-05	1.0
-0.00018158800958190113	1.0
-3.764833778063803e-08	1.0
-0.011054623872041702	0.0
-0.003706701099872589	0.0
0.0	1.0
0.0	0.0
-1.0934055438838186e-08	1.0
-0.00040736517985351384	1.0
0.0	1.0
0.0	1.0
-0.0018955174600705504	0.0
-0.0004439633630681783	0.0
0.0	1.0
-3.1711854830973607e-07	0.0
0.0	0.0
-2.740911986620631e-05	1.0
0.0	0.0
0.0	1.0
0.0	1.0
-0.0004786064091604203	0.0
0.0	0.0
-6.204956298461184e-05	0.0
-6.450766587562384e-09	1.0
0.0	1.0
-3.180202838848345e-05	1.0
-0.00043027233914472163	1.0
0.0	1.0
-7.010135959717445e-06	1.0
-1.69018061768611e-08	1.0
-1.3748714666750317e-10	1.0
0.0	0.1589189189189189
0.0	1.0
0.0	1.0
0.0	1.0
-4.867360621574335e-05	0.0
-0.0006874185637570918	1.0
-1.8042776162019436e-07	0.05905511811023622
-5.202829197514802e-05	0.006666666666666667
-0.05980920419096947	0.0
0.0	1.0
-1.1811226841018652e-06	0.0
-0.0002420170494588092	1.0
0.0	1.0
0.0	0.0
0.0	1.0
-0.014196338132023811	0.0
-0.002998696407303214	0.0
-0.002000284381210804	1.0
-8.742344626000431e-10	1.0
-0.00019531030557118356	0.0
-9.245180621064719e-09	1.0
-5.333808820507692e-16	1.0
0.0	1.0
-1.5781530237291008e-05	1.0
-1.9602923728712085e-08	1.0
0.0	1.0
0.0	0.0
0.0	0.04400440044004401
-0.00034330409835092723	1.0
-0.0006251187878660858	0.967479674796748
0.0	0.017107309486780714
0.0	1.0
0.0	1.0
-3.7218807896755024e-11	1.0
0.0	1.0
0.0	0.0
0.0	1.0
-1.6267609481701584e-10	1.0
0.0	1.0
0.0	0.6774193548387096
0.0	0.0
-2.3578526452183723e-05	1.0
0.0	1.0
0.0	1.0
0.0	0.0
0.0	1.0
0.0	1.0
0.0	1.0
0.0	0.0
0.0	1.0
0.0	1.0
0.0	1.0
-0.0011459863744676113	1.0
0.0	0.0
0.0	0.0
-0.00014303771604318172	1.0
0.0	1.0
-0.00015774393978063017	0.6818663838812301
-4.5283535143880727e-08	0.15966386554621848
0.0	1.0
-0.00031892434344626963	0.0
0.0	0.0
-8.843597606755793e-05	1.0
0.0	0.0
-2.4425842184427893e-06	1.0
-1.722926026559435e-05	1.0
-0.001157728605903685	0.0
0.0	1.0
0.0	1.0
-0.00030768007854931056	0.0
0.0	1.0
0.0	1.0
0.0	0.0
0.0	1.0
0.0	1.0
-1.498624113693836e-09	1.0
-0.011762038804590702	0.027823240589198037
0.0	0.0
-1.3259914277696794e-09	0.004081632653061225
-0.00010098030179506168	0.0
-2.971294391085344e-11	1.0
-0.0009216460166499019	0.0
0.0	1.0
-1.814923855647521e-08	1.0
0.0	1.0
-0.00013253283395897597	1.0
-0.0008936626254580915	1.0
-0.00429424038156867	0.0
0.0	1.0
0.0	0.6326326326326326
0.0	0.0
-0.0012693182798102498	0.0
0.0	0.032467532467532464
-0.002545843133702874	1.0
0.0	1.0
-1.0945689609798137e-05	0.0
-4.786824825409042e-10	0.017582417582417582
-1.4598804227716755e-05	1.0
0.0	0.008215962441314555
0.0	1.0
-1.4075473700358998e-05	1.0
0.0	1.0
-1.9763643649639562e-05	0.8627450980392157
0.0	1.0
0.0	1.0
0.0	1.0
0.0	1.0
-0.0008386419503949583	0.0
-6.811561888753204e-06	1.0
0.0	0.0
0.0	1.0
-2.4227299853796236e-12	1.0
0.0	1.0
-0.0005761566571891308	1.0
0.0	1.0
-0.0010436676675453782	0.0
-2.6734345738077536e-05	0.021208907741251327
0.0	0.014893617021276596
-0.002412636997178197	0.0
-7.843027880245543e-24	0.01866251944012442
-5.349658295017434e-06	0.08142857142857143
0.0	1.0
-0.02046763338148594	0.0
-0.0008270692196674645	1.0
0.0	0.0
0.0	1.0
0.0	0.006472491909385114
0.0	1.0
-6.490050736829289e-07	0.0
0.0	1.0
0.0	1.0
-3.653805151770939e-06	1.0
-1.7080554925996694e-07	1.0
0.0	0.0
0.0	1.0
0.0	1.0
-5.163402875041356e-06	1.0
-4.9930189561564475e-05	1.0
-3.5124596706737066e-06	0.0
0.0	1.0
0.0	0.0
-8.688352681929246e-05	1.0
0.0	0.301
0.0	1.0
0.0	1.0
-1.0786764050862985e-06	1.0
0.0	1.0
-0.0014722844352945685	1.0
-0.00016303762095049024	0.0
0.0	1.0
0.0	1.0
0.0	0.0
-1.1454789373976926e-11	1.0
-0.0025976102333515882	1.0
0.0	1.0
0.0	0.0
-0.018291493877768517	0.0
0.0	1.0
0.0	1.0
0.0	0.0
-3.1324003657573485e-07	0.0
-2.603376003662561e-07	1.0
0.0	0.0
-0.0002932183269876987	1.0
-5.991093843249473e-08	1.0
0.0	0.0
0.0	0.0
-7.930803036515499e-08	0.0
0.0	1.0
0.0	1.0
0.0	1.0
0.0	1.0
-1.745219196891412e-05	0.0
-1.951197555172257e-05	1.0
-0.00021828182798344642	1.0
-1.3712206481386602e-08	0.0
-0.001039624330587685	0.0
0.0	1.0
0.0	1.0
0.0	1.0
-1.765322667779401e-05	1.0
0.0	1.0
0.0	1.0
0.0	1.0
-0.006806332617998123	0.0
0.0	1.0
0.0	1.0
-0.0002472617488820106	1.0
0.0	1.0
0.0	1.0
0.0	0.023333333333333334
0.0	1.0
-8.641240128781646e-06	0.0
-0.0001535160990897566	1.0
-1.530297777208034e-05	1.0
0.0	1.0
0.0	1.0
0.0	0.2080536912751678
0.0	1.0
-5.650600087392377e-06	0.0
-2.103100996464491e-06	0.028526148969889066
-5.623390961773111e-07	1.0
0.0	1.0
0.0	0.0
-0.0030712466686964035	0.0
-2.4301042955698904e-08	1.0
0.0	1.0
-0.0005076571833342314	0.0
0.0	1.0
-7.158340054047585e-07	1.0
-0.026301827281713486	0.0
-0.001285733189433813	0.0
0.0	1.0
0.0	0.0
-5.5533386330353096e-05	1.0
-0.0004560878442134708	0.0
0.0	1.0
0.0	1.0
0.0	1.0
0.0	1.0
0.0	0.0
0.0	1.0
-0.0001283539313590154	0.0
0.0	1.0
-2.023123897743062e-06	1.0
0.0	0.3508771929824561
0.0	1.0
0.0	1.0
0.0	0.0
0.0	0.0
0.0	0.0
-8.593263373768423e-06	0.009433962264150943
0.0	1.0
0.0	1.0
0.0	1.0
0.0	0.10471976401179942
0.0	0.308
0.0	1.0
0.0	1.0
0.0	1.0
0.0	1.0
0.0	0.0
-0.00020286632934585214	1.0
0.0	0.0
-0.0017860857769846916	0.0
0.0	0.0
-2.5811901650740765e-05	1.0
0.0	0.0
0.0	0.0
-0.0030937669798731804	0.0
0.0	0.001
-1.5791641772011644e-06	0.18264379414732593
-0.00845175702124834	0.0
0.0	1.0
0.0	1.0
-0.0002785681572277099	1.0
0.0	0.0
-0.0005153588717803359	0.0
-0.00015329588495660573	0.0
0.0	1.0
-7.096074114087969e-05	0.0
-0.0002512115170247853	1.0
-0.003927858546376228	0.0
0.0	1.0
0.0	0.0
0.0	1.0
-2.2792386516812257e-05	1.0
-0.00036281778011471033	0.5627906976744186
-0.0033633154816925526	1.0
0.0	1.0
0.0	0.0
0.0	1.0
-0.004491652362048626	1.0
-0.002976715099066496	0.0
-0.0008542152354493737	1.0
-0.0004537391068879515	0.5266106442577031
-3.065038526983699e-06	1.0
0.0	0.0
0.0	1.0
0.0	1.0
0.0	0.03549060542797495
0.0	1.0
-0.0023296538274735212	0.0
-0.00011537587852217257	0.0
0.0	1.0
-0.0005151648656465113	1.0
0.0	0.0
0.0	1.0
-0.0039924997836351395	0.0
0.0	0.035637149028077755
0.0	1.0
0.0	1.0
-8.401383820455521e-05	1.0
0.0	1.0
0.0	0.0
0.0	1.0
0.0	1.0
-1.354254436591873e-06	0.1553956834532374
-3.7861638195295366e-13	0.0
0.0	1.0
-0.020362569019198418	0.0
-1.825119852583157e-06	1.0
-8.020380846573971e-06	1.0
0.0	0.0
0.0	1.0
0.0	0.0
0.0	1.0
0.0	1.0
0.0	1.0
0.0	0.0
0.0	1.0
0.0	1.0
0.0	1.0
0.0	0.0
-4.0276464119415323e-07	0.0
0.0	1.0
0.0	0.002109704641350211
-0.0005525804590433836	0.0
0.0	1.0
-0.011257410980761051	0.0
0.0	1.0
0.0	1.0
0.0	0.020856201975850714
0.0	1.0
0.0	0.004424778761061947
-0.00040557366446591914	1.0
-0.0001984512637136504	1.0
-3.3338278626615647e-06	1.0
-1.0890941126717735e-07	1.0
0.0	0.0
-0.0001564813283039257	1.0
-0.0008941669366322458	1.0
0.0	1.0
0.0	1.0
0.0	1.0
-7.465266094186518e-07	1.0
-5.819593934575096e-05	1.0
0.0	1.0
0.0	1.0
0.0	1.0
0.0	1.0
-0.0007544127875007689	0.0
-0.00022713564976584166	0.6033333333333334
0.0	0.0
-0.0014081273693591356	0.0
-0.00045862721162848175	1.0
0.0	0.0
0.0	1.0
0.0	1.0
0.0	1.0
0.0	1.0
-0.0006113096605986357	0.0
-0.000950171728618443	1.0
0.0	1.0
0.0	0.0
0.0	1.0
0.0	1.0
0.0	0.0
0.0	0.0
0.0	0.0
-1.5999037714209408e-05	0.0
-3.702416051964974e-06	1.0
0.0	0.01463963963963964
0.0	0.33191940615058324
0.0	1.0
-0.000300610379781574	0.0
0.0	1.0
-0.003469678573310375	0.0
0.0	1.0
-0.0021009105257689953	0.0
0.0	1.0
0.0	0.0
0.0	1.0
-6.601869245059788e-06	0.007326007326007326
-1.7326479792245664e-05	0.0
0.0	1.0
0.0	1.0
-3.8933456380618736e-05	0.10422535211267606
-0.00033637776505202055	1.0
0.0	1.0
-0.0023511506151407957	0.08142857142857143
-0.0002841065579559654	0.0
0.0	1.0
0.0	1.0
-0.0004775262495968491	1.0
-7.810052920831367e-06	0.0
0.0	1.0
0.0	1.0
0.0	0.0
0.0	1.0
-0.0007108913268893957	0.0
-0.0029650824144482613	0.0
0.0	1.0
-1.943962843142799e-06	1.0
0.0	0.0
-0.019424568861722946	0.0
0.0	1.0
0.0	1.0
0.0	1.0
-0.0019652103073894978	1.0
-1.4740356846232316e-06	1.0
0.0	1.0
0.0	1.0
0.0	1.0
0.0	0.0
-7.38285671104677e-05	1.0
0.0	1.0
-0.0020199422724545	1.0
0.0	0.0
-0.0022471335250884295	0.0
-2.089792542392388e-05	1.0
-2.251412115583662e-05	1.0
0.0	1.0
0.0	1.0
-0.0005019100499339402	1.0
0.0	0.0
0.0	1.0
0.0	1.0
-7.368023216258734e-05	1.0
-1.2663150300795678e-05	1.0
-8.565906318835914e-05	1.0
0.0	0.013333333333333334
-4.0569219095232256e-08	0.0
-1.604720409886795e-07	1.0
0.0	1.0
-6.491511157946661e-06	1.0
0.0	0.012108980827447022
-5.989242168880082e-08	0.0
-0.0001877020695246756	1.0
0.0	1.0
-1.533534850750584e-05	1.0
-0.0038339816965162754	1.0
