-0.009660981595516205	0.0
0.0	1.0
0.0	1.0
0.0	1.0
0.0	0.0
-1.7745911463862285e-05	0.0
-0.00038644284359179437	1.0
0.0	1.0
-0.0001430618722224608	0.004026845637583893
0.0	0.012244897959183673
0.0	0.27129337539432175
0.0	0.0660377358490566
-1.542740690751998e-08	1.0
-1.618635178601835e-05	0.06581986143187067
0.0	0.00847457627118644
-0.0005025920690968633	1.0
0.0	1.0
-4.922250809613615e-05	1.0
-6.241159553610487e-06	1.0
0.0	1.0
-0.006239051464945078	0.0
0.0	1.0
0.0	1.0
0.0	1.0
-2.7976570891041774e-06	0.0
0.0	1.0
-9.530808711133432e-06	1.0
0.0	0.0
-0.0014005585107952356	0.0
0.0	1.0
0.0	1.0
0.0	0.0641925777331996
-3.3137148420792073e-06	1.0
0.0	1.0
0.0	0.0
0.0	1.0
0.0	1.0
-1.3643392549056443e-06	0.0
0.0	1.0
0.0	0.803680981595092
-4.959341595167643e-07	1.0
0.0	1.0
0.0	1.0
0.0	1.0
0.0	1.0
-0.00028160063084214926	1.0
-1.7887970216179383e-07	1.0
0.0	0.14210526315789473
0.0	0.0024691358024691358
-1.966424356680818e-08	0.001218026796589525
0.0	0.0
0.0	1.0
-1.2338308863490965e-07	1.0
0.0	1.0
-0.008648126386106014	0.0
-1.7655028727858735e-07	1.0
0.0	1.0
-0.0004425765364430845	0.0
0.0	1.0
0.0	1.0
0.0	1.0
0.0	0.0528169014084507
0.0	1.0
0.0	1.0
0.0	1.0
-5.4314700719260145e-06	1.0
0.0	1.0
-0.011554383672773838	0.0
0.0	1.0
0.0	1.0
-0.00034779348061420023	0.0
0.0	1.0
0.0	0.0
0.0	1.0
-1.0536328060029021e-10	1.0
-0.0009318242664448917	1.0
0.0	0.0
0.0	0.0
0.0	1.0
0.0	0.0
0.0	1.0
0.0	0.0
-0.013200607150793076	0.0
0.0	0.0
0.0	0.0
0.0	1.0
0.0	0.0
0.0	0.0
-1.9798224457190372e-05	0.0
0.0	1.0
0.0	1.0
0.0	1.0
0.0	1.0
0.0	1.0
0.0	1.0
-8.57966733747162e-06	0.0
0.0	1.0
-0.0004122215323150158	1.0
0.0	1.0
-1.7431048036087304e-06	1.0
-0.004359346814453602	0.0
0.0	1.0
-0.0018099677981808782	1.0
0.0	1.0
-0.00014908706361893564	1.0
0.0	1.0
0.0	0.0
-0.003445644164457917	1.0
0.0	1.0
0.0	0.0
0.0	1.0
0.0	0.0
-0.0003952586848754436	1.0
-0.004448771011084318	0.0
-0.024762513116002083	0.0
0.0	0.0
-6.589983513549669e-06	1.0
-0.009484408423304558	0.0
-0.009664379060268402	0.02047082906857728
0.0	0.0
-1.6633224504403188e-06	0.0
0.0	1.0
-0.004479411989450455	0.0
0.0	1.0
-0.03667249530553818	0.0
-1.4408077220195992e-07	1.0
-1.1203795111214276e-05	1.0
-0.00010581819515209645	1.0
0.0	1.0
0.0	1.0
-0.0002399235381744802	1.0
-0.01183682307600975	0.02702702702702703
-3.43450483342167e-05	0.0
0.0	1.0
0.0	0.217
0.0	1.0
-2.6565200528239075e-07	1.0
0.0	0.0
0.0	1.0
-8.894855272956192e-05	1.0
0.0	1.0
-2.0154645881120814e-06	0.16938519447929737
0.0	1.0
-0.008996982127428055	0.0
0.0	1.0
0.0	1.0
-0.001794308191165328	0.0
0.0	0.0
0.0	1.0
0.0	1.0
0.0	1.0
0.0	1.0
-1.1469342142689243e-09	1.0
0.0	1.0
-7.969330908963457e-05	0.0
0.0	1.0
-0.00019844256166834384	1.0
-0.0004296689585316926	1.0
0.0	1.0
-4.833702041651122e-05	1.0
-5.3989452908354e-07	1.0
0.0	0.0
0.0	1.0
-4.347225967649138e-06	0.15
-0.007367908954620361	0.027777777777777776
-1.298904663826761e-07	0.0
0.0	1.0
0.0	1.0
-0.13413184881210327	0.0
-8.135364737427153e-07	0.0
0.0	1.0
-3.421792271751656e-08	1.0
-7.090762665029615e-06	0.0
0.0	0.0
0.0	0.0
-0.0006251651793718338	1.0
-3.5374739582039183e-06	1.0
0.0	0.96
0.0	1.0
0.0	1.0
-5.353621872927761e-06	0.38235294117647056
0.0	1.0
-1.051535681445559e-11	0.96
-6.600799679290503e-05	0.0
-6.356579979183152e-05	0.0
-0.0006477143033407629	1.0
0.0	1.0
0.0	1.0
-8.084884029813111e-05	0.0
0.0	1.0
-0.00017138176190201193	1.0
0.0	0.6160919540229886
0.0	1.0
0.0	1.0
-4.524083578871796e-06	1.0
-3.5027076137339463e-06	0.0
-0.04430515691637993	0.0
-8.576079562772065e-05	1.0
-7.119951561662674e-08	1.0
-0.006215973757207394	0.0
0.0	0.06920762286860582
0.0	1.0
0.0	1.0
0.0	1.0
-4.0591721699456684e-06	1.0
0.0	1.0
0.0	0.0
0.0	1.0
0.0	1.0
0.0	1.0
-0.00021623659995384514	1.0
-0.0034649043809622526	0.0
-4.3365762394387275e-05	0.0
-0.003698363434523344	0.0
-5.628189825301888e-08	1.0
-0.00013915184536017478	0.0
0.0	0.0
0.0	1.0
-2.260815335830557e-06	1.0
0.0	1.0
0.0	1.0
0.0	1.0
-1.5741588867967948e-06	1.0
0.0	1.0
0.0	0.0708502024291498
0.0	0.0
-1.9581049282013652e-10	1.0
-0.0004993772017769516	0.0
-0.0017169606871902943	1.0
-0.0020783410873264074	0.0
-0.0017810796853154898	1.0
-0.007619509939104319	0.0
0.0	1.0
0.0	1.0
0.0	0.013541666666666667
-0.013207289390265942	0.0
-2.5649067538324744e-05	0.0
0.0	0.0
0.0	1.0
-0.0004467280232347548	1.0
0.0	1.0
0.0	1.0
0.0	0.0
-3.796646751652588e-06	0.2753623188405797
-0.019402867183089256	0.0
-1.5608784451615065e-05	1.0
-0.0007981927483342588	0.0
-0.00014076579827815294	1.0
0.0	1.0
0.0	1.0
0.0	1.0
0.0	1.0
0.0	1.0
0.0	1.0
-2.8245203793630935e-06	1.0
0.0	1.0
-0.007136770524084568	0.0
-0.008314726874232292	1.0
-3.8286419173916286e-11	1.0
0.0	1.0
0.0	1.0
-5.7511369798424194e-12	1.0
0.0	1.0
0.0	1.0
0.0	1.0
0.0	1.0
-0.01176252868026495	0.0
0.0	1.0
0.0	1.0
0.0	1.0
0.0	1.0
0.0	0.0
-3.651472457733007e-10	0.0
0.0	1.0
-3.659991853055544e-05	1.0
-2.7233863875153475e-05	1.0
0.0	1.0
0.0	0.0
0.0	1.0
-1.7882114677902905e-09	1.0
0.0	0.0
0.0	0.0
-2.954816114009162e-10	1.0
0.0	1.0
0.0	0.0
-1.5178159173956374e-08	1.0
-0.026234854012727737	0.08333333333333333
-0.0002512616047170013	0.0
-2.7548938419386104e-07	1.0
0.0	1.0
0.0	0.0
0.0	0.0
0.0	1.0
0.0	0.0
0.0	1.0
-0.002273392630741	1.0
0.0	1.0
0.0	1.0
0.0	1.0
0.0	1.0
-4.970032371764965e-11	0.0
-1.0459039913257584e-05	0.0
0.0	1.0
-0.0009173121652565897	1.0
0.0	1.0
-0.008473580703139305	0.0
-0.00029326463118195534	1.0
-0.0010756546398624778	1.0
-6.659979135292815e-06	1.0
0.0	1.0
0.0	0.0
0.0	1.0
0.0	1.0
-2.26417196103057e-08	1.0
-3.4604977372509893e-06	0.0
-4.509993232204579e-07	1.0
0.0	1.0
-1.6066980634832362e-08	1.0
-0.000296426413115114	1.0
-2.915704726547119e-06	0.0
0.0	1.0
-0.0004462520300876349	0.075
0.0	0.0
-0.00021994576673023403	1.0
0.0	1.0
0.0	1.0
-0.0006187494727782905	1.0
-9.196886821882799e-05	1.0
0.0	1.0
0.0	1.0
-0.0004245186282787472	1.0
0.0	1.0
0.0	1.0
0.0	1.0
-1.2095316970217596e-09	0.0
-0.0009068000363186002	1.0
-0.0001831172121455893	1.0
0.0	1.0
-4.316183549235575e-06	0.0
0.0	1.0
0.0	1.0
0.0	1.0
-1.2833215805585496e-06	1.0
0.0	1.0
0.0	1.0
-0.0012969371164217591	0.0
-2.985063019877998e-06	0.0
-0.00022988487035036087	0.03260869565217391
-6.051379023119807e-05	1.0
0.0	0.038662486938349006
0.0	1.0
-0.00011976166570093483	1.0
-0.00021926852059550583	1.0
0.0	0.0
-6.407307751032931e-07	0.0
0.0	0.0
0.0	1.0
0.0	1.0
-0.00040531743434257805	0.013
0.0	1.0
0.0	1.0
0.0	1.0
0.0	1.0
-0.0005655839922837913	0.0
0.0	1.0
0.0	1.0
-1.3091480788318677e-08	1.0
0.0	0.0
-0.007820690050721169	0.0
0.0	0.21875
0.0	0.0
0.0	0.0
0.0	1.0
0.0	1.0
-2.1526859200093895e-05	0.0
0.0	1.0
0.0	0.96
0.0	1.0
-4.766066922456957e-06	0.0
0.0	0.0
0.0	1.0
0.0	1.0
-1.306603280681884e-06	1.0
0.0	1.0
-0.004291537217795849	0.0
-0.0001362069306196645	0.0
0.0	1.0
0.0	1.0
-4.4410746191658745e-09	0.0
0.0	1.0
-2.761430550890509e-05	0.0
0.0	0.0
-0.0005394229083321989	1.0
0.0	1.0
0.0	1.0
0.0	0.01
-0.0002236078289570287	1.0
0.0	0.007246376811594203
0.0	0.0
0.0	1.0
0.0	0.2922922922922923
-7.147313141331324e-08	1.0
-0.0006714147166348994	0.00535475234270415
0.0	1.0
-1.0541950423714752e-08	1.0
0.0	1.0
0.0	1.0
0.0	0.0
0.0	1.0
0.0	0.0
0.0	0.0
0.0	1.0
0.0	1.0
0.0	1.0
0.0	1.0
-3.4370614798717725e-07	1.0
-0.000468057842226699	1.0
-3.114139326498844e-05	1.0
-7.063659722916782e-05	1.0
-4.239320332999341e-05	1.0
0.0	1.0
0.0	0.0
0.0	0.0
0.0	1.0
-0.02005561999976635	0.0
0.0	1.0
-0.00011893602641066536	1.0
0.0	1.0
-0.00046832021325826645	1.0
0.0	0.0
-6.214289669514983e-07	1.0
-0.0029383681248873472	1.0
0.0	1.0
0.0	1.0
-0.00036895470111630857	0.0
0.0	1.0
-4.553898543235846e-05	1.0
-1.630617589398753e-05	0.15553235908141963
-5.675075954059139e-06	1.0
-0.0005029952153563499	1.0
0.0	0.85
0.0	1.0
-0.00015325818094424903	0.0
0.0	1.0
0.0	1.0
-6.791975692976848e-07	1.0
0.0	1.0
-2.0094732633424428e-07	1.0
0.0	1.0
-3.8324028537317645e-06	1.0
-1.8079440167184657e-07	1.0
0.0	1.0
-0.00022920039191376418	0.0
-2.411380296829524e-11	0.0
-0.006398801226168871	0.0
0.0	0.0032502708559046588
0.0	1.0
0.0	1.0
0.0	1.0
0.0	1.0
0.0	1.0
0.0	1.0
0.0	0.0
0.0	1.0
-2.343988853681367e-05	0.2358974358974359
0.0	1.0
-0.00014084126451052725	0.0010460251046025104
0.0	0.0
0.0	1.0
0.0	1.0
0.0	1.0
0.0	1.0
-0.019493022933602333	0.0
-3.84875109560312e-09	1.0
0.0	1.0
0.0	0.0
-9.911908819049131e-06	0.0
0.0	1.0
0.0	1.0
-0.00024782479158602655	1.0
-3.1611846473822425e-10	1.0
0.0	1.0
-1.183480321742536e-06	1.0
-0.0002925374428741634	1.0
0.0	1.0
-1.2781354598701e-05	1.0
-2.6455194301888696e-07	1.0
0.0	1.0
0.0	1.0
-0.0001898129121400416	1.0
0.0	0.0023014959723820483
-2.397553726041224e-05	0.0
0.0	0.0
-0.0010327274212613702	0.05110220440881764
0.0	0.0
-0.0005784468958154321	1.0
0.0	1.0
0.0	1.0
-0.01406132336705923	0.0
-0.0017440443625673652	0.0
0.0	0.04953917050691244
0.0	1.0
-7.328474680434738e-07	1.0
0.0	1.0
0.0	0.0
0.0	1.0
0.0	1.0
-0.0001010965061141178	1.0
0.0	1.0
0.0	0.0
0.0	1.0
-9.049891559698153e-06	1.0
-1.2664514770222013e-07	0.0
-0.0011889005545526743	1.0
-1.1119371379209042e-07	1.0
-4.097560690752289e-08	0.0
-0.0002934167569037527	0.96
0.0	0.0
0.0	0.0
-0.0007276464602909982	1.0
0.0	1.0
-0.004586900118738413	0.0
0.0	1.0
0.0	0.20100502512562815
-1.5190969861578196e-05	0.0
-0.002068330068141222	1.0
0.0	1.0
-0.00045016902731731534	1.0
0.0	1.0
-5.733293164666975e-07	0.0
-3.4197808417957276e-05	1.0
0.0	0.011111111111111112
0.0	0.96
0.0	0.0
0.0	1.0
-2.6643947421689518e-05	1.0
0.0	0.0
0.0	0.96
-9.630218846723437e-05	1.0
0.0	0.0
0.0	1.0
0.0	1.0
0.0	1.0
0.0	1.0
0.0	0.96
0.0	1.0
0.0	1.0
-0.009280266240239143	0.0
0.0	1.0
-9.354675057693385e-06	0.0
0.0	0.525
0.0	1.0
0.0	1.0
0.0	1.0
-3.37269216288405e-06	0.0
0.0	0.0
-0.0004811977269127965	1.0
0.0	1.0
-0.0005988606135360897	1.0
0.0	1.0
0.0	0.96
0.0	1.0
0.0	1.0
0.0	1.0
0.0	1.0
0.0	0.0
