0.0	0.0
0.0	1.0
0.0	1.0
0.0	1.0
-9.443660383112729e-05	0.0
0.0	1.0
0.0	1.0
0.0	1.0
0.0	1.0
-9.682104291641735e-07	0.07660455486542443
0.0	1.0
0.0	1.0
0.0	1.0
-0.028215942904353142	0.0
0.0	1.0
0.0	1.0
0.0	1.0
0.0	0.0
0.0	1.0
0.0	1.0
0.0	0.0
-4.793357177845792e-08	0.0
0.0	0.737
0.0	1.0
-4.1200796246920746e-11	1.0
-0.00019570047152228653	0.0
-0.00043955043656751513	0.0
0.0	0.0
0.0	0.014084507042253521
-2.5523180738673545e-05	1.0
0.0	0.040372670807453416
-0.00021338302758522332	0.20075757575757575
0.0	0.09100418410041841
0.0	1.0
0.0	1.0
0.0	0.0
-7.38375582898243e-10	1.0
0.0	1.0
0.0	1.0
0.0	1.0
-0.0020481350366026163	1.0
-5.434860099740035e-07	1.0
0.0	1.0
0.0	1.0
0.0	0.0
-4.305737547838362e-06	0.0
0.0	1.0
0.0	0.0
0.0	1.0
-0.0013522233348339796	1.0
0.0	1.0
-8.914326463127509e-05	1.0
0.0	0.0
-6.104263795825293e-12	0.0
-8.026650175452232e-05	1.0
0.0	0.0010121457489878543
0.0	1.0
0.0	1.0
0.0	0.0
-3.662147719296627e-05	1.0
0.0	1.0
0.0	1.0
-0.016247177496552467	0.0
0.0	0.0
0.0	1.0
0.0	1.0
-1.9345405632975599e-07	0.4696969696969697
0.0	1.0
-0.003528321860358119	1.0
-0.009228939190506935	0.0
-1.673436805793571e-10	0.061
0.0	1.0
-2.3839471396058798e-05	0.0
0.0	0.004076086956521739
0.0	1.0
0.0	1.0
0.0	0.055
0.0	1.0
0.0	0.0
-0.0001874815352493897	0.0
0.0	1.0
-0.008606849238276482	0.028985507246376812
-0.0017835964681580663	0.0
0.0	1.0
-5.900831092731096e-05	1.0
-9.861611033556983e-06	1.0
-1.3037253665970638e-05	1.0
-1.304423130932264e-05	1.0
0.0	1.0
0.0	1.0
0.0	0.3071593533487298
0.0	0.0
-0.00011895121861016378	1.0
0.0	1.0
-1.9080977153862477e-07	1.0
0.0	1.0
0.0	0.0
0.0	1.0
0.0	1.0
-0.00017631441005505621	0.0
-0.00033789113513194025	0.002717391304347826
0.0	1.0
-5.74888035771437e-05	0.0
0.0	1.0
0.0	0.0
0.0	0.005793742757821553
-0.0002617614809423685	0.0
0.0	1.0
0.0	0.0
-0.0015553454868495464	1.0
-0.00012048104690620676	0.0
-0.0011552547803148627	1.0
0.0	1.0
0.0	1.0
0.0	0.0
-0.004583821166306734	0.0
-6.847985059721395e-05	1.0
0.0	1.0
0.0	1.0
0.0	1.0
0.0	0.0
-1.6230291294050403e-05	1.0
0.0	0.2765151515151515
-1.1057375104428502e-06	1.0
-0.0006195402820594609	1.0
0.0	1.0
0.0	0.0
0.0	1.0
0.0	1.0
0.0	1.0
-5.81081367272418e-05	1.0
0.0	1.0
-0.0001670847414061427	0.085
0.0	1.0
0.0	1.0
0.0	1.0
0.0	1.0
-2.2658714016188242e-08	0.0
-0.0010417279554530978	0.018867924528301886
0.0	0.0
-9.441535439691506e-06	0.0
0.0	1.0
0.0	1.0
-0.0005522763240151107	1.0
-0.0378863550722599	0.0
-0.000575204670894891	1.0
0.0	0.0
-0.00239329831674695	1.0
0.0	0.0
-0.0016740666469559073	1.0
0.0	0.0
0.0	1.0
0.0	1.0
-0.00040742976125329733	1.0
-0.04733103886246681	0.0
-0.000631556031294167	1.0
0.0	1.0
0.0	0.0
0.0	1.0
-8.740775956539437e-05	1.0
0.0	1.0
0.0	0.16666666666666666
0.0	1.0
0.0	0.0028776978417266188
-5.287356179906055e-05	0.011224489795918367
0.0	1.0
-0.0016350726364180446	0.0
0.0	1.0
0.0	1.0
0.0	1.0
-5.822692037327215e-05	1.0
0.0	0.001026694045174538
-2.0159300895272736e-09	1.0
-0.00021208116959314793	1.0
-0.00014025779091753066	1.0
0.0	1.0
0.0	1.0
0.0	1.0
0.0	1.0
0.0	0.0
0.0	1.0
-3.4297158890694845e-06	1.0
0.0	1.0
0.0	0.0
0.0	0.30414746543778803
0.0	1.0
0.0	1.0
0.0	1.0
0.0	0.0
-0.0020611437503248453	0.0
0.0	0.0
-3.655859472928569e-05	0.0
0.0	1.0
0.0	1.0
0.0	1.0
-0.0010018788743764162	1.0
0.0	1.0
0.0	1.0
0.0	0.0
0.0	0.0
0.0	1.0
-0.0009037069394253194	0.0
-0.0012765040155500174	1.0
-0.0019649758469313383	1.0
0.0	1.0
0.0	0.0960960960960961
0.0	1.0
0.0	1.0
-3.4085402148775756e-05	0.002008032128514056
0.0	1.0
0.0	1.0
-1.1598621085795457e-07	1.0
0.0	0.0
0.0	1.0
0.0	1.0
0.0	1.0
0.0	1.0
0.0	0.0860655737704918
-0.00034160996438004076	1.0
0.0	0.08618331053351573
0.0	0.0
0.0	1.0
-2.0363906687217298e-13	1.0
-2.856342362633768e-08	1.0
0.0	1.0
0.0	0.0
0.0	1.0
0.0	1.0
0.0	0.0
-1.7141782393537142e-07	1.0
-4.22773655373021e-06	1.0
-8.544082083972171e-05	1.0
0.0	1.0
0.0	0.0
-0.0018701681401580572	1.0
-2.863217204562146e-13	0.0
0.0	1.0
0.0	1.0
0.0	1.0
0.0	1.0
0.0	1.0
0.0	1.0
0.0	1.0
-6.0933038184884936e-05	0.026260504201680673
0.0	1.0
0.0	1.0
0.0	1.0
-2.119941768796707e-07	0.0
0.0	1.0
0.0	0.03528225806451613
0.0	1.0
-0.059326719492673874	0.0
0.0	0.7780126849894292
0.0	1.0
0.0	1.0
0.0	1.0
-0.0012039310531690717	0.0
0.0	1.0
-8.002281538210809e-05	1.0
-0.0011899820528924465	1.0
0.0	1.0
0.0	1.0
-8.375842242003273e-09	1.0
0.0	1.0
-1.889073791971896e-05	1.0
0.0	0.0
0.0	1.0
0.0	1.0
0.0	1.0
-0.0006388985202647746	1.0
-1.062201499735238e-05	1.0
0.0	1.0
0.0	0.11904761904761904
-3.2671796361682937e-05	1.0
0.0	1.0
0.0	0.15760869565217392
0.0	1.0
-2.128975662429866e-09	1.0
-9.933170304066152e-07	1.0
0.0	1.0
0.0	1.0
0.0	1.0
0.0	0.0
-1.2750892786073109e-08	1.0
-0.0009230343857780099	1.0
-7.385404023807496e-05	1.0
0.0	1.0
0.0	1.0
-4.075546566895127e-09	1.0
0.0	1.0
-0.023686202242970467	0.0
0.0	1.0
0.0	1.0
-0.0017265601782128215	1.0
-0.0006819480331614614	1.0
0.0	1.0
0.0	0.0
0.0	0.0
-0.005876065231859684	0.0
0.0	1.0
-7.134999759728089e-05	0.0
-0.0010790127562358975	0.0
-3.740863174783726e-09	1.0
0.0	1.0
-1.893182343337685e-05	1.0
0.0	1.0
0.0	1.0
-8.266721852123737e-05	0.0
-5.755093661719002e-05	1.0
0.0	0.0
0.0	0.0
0.0	0.0
-0.0006224564858712256	1.0
0.0	1.0
-0.00040431201341561973	1.0
0.0	1.0
-0.0002537563559599221	0.68
-0.007222096901386976	0.0
0.0	1.0
-8.426763088209555e-06	1.0
0.0	0.0
0.0	1.0
0.0	1.0
-0.004463424440473318	0.001
-0.00017366751853842288	1.0
0.0	0.0
-0.0013150351587682962	1.0
0.0	1.0
-0.0001062388182617724	0.0
0.0	1.0
0.0	1.0
0.0	1.0
-0.0027670913841575384	0.149
0.0	0.0
0.0	0.07414829659318638
-0.00013253898941911757	0.0
0.0	0.0
0.0	1.0
0.0	1.0
0.0	0.0
-0.0014926653821021318	1.0
0.0	0.0027210884353741495
-0.0010427702218294144	1.0
0.0	0.0
-5.668085577781312e-06	1.0
-2.6231609808746725e-06	1.0
0.0	1.0
-0.00031631108140572906	1.0
0.0	1.0
-0.00013829967065248638	1.0
0.0	0.0
0.0	1.0
0.0	1.0
0.0	0.014256619144602852
0.0	1.0
0.0	1.0
-7.526503031840548e-05	1.0
-0.0022364119067788124	1.0
-0.0042147268541157246	0.0
-4.025221045367289e-08	1.0
0.0	1.0
0.0	0.0
-0.0003360537230037153	1.0
0.0	1.0
-0.031763117760419846	0.0
0.0	1.0
-5.796676916247634e-09	1.0
-0.0002060430560959503	1.0
-3.322237898828462e-05	1.0
-1.0352127901569474e-05	0.0
0.0	1.0
0.0	1.0
-1.647533842685789e-08	0.0
-0.022466599941253662	0.0
0.0	0.0
0.0	1.0
-2.4882538127712905e-06	1.0
-0.019886471331119537	0.0
0.0	1.0
0.0	0.0
-4.426700343174161e-06	1.0
-0.0013297137338668108	1.0
-2.1269362093789823e-07	1.0
0.0	0.0
-9.184303451093001e-08	1.0
0.0	1.0
-0.003199166851118207	1.0
0.0	1.0
-0.00030056710238568485	1.0
-0.00025764343445189297	1.0
-2.6422918963930897e-08	1.0
-0.0006716778734698892	0.0
0.0	1.0
-6.174936424940825e-05	1.0
0.0	0.014925373134328358
-0.003872596425935626	0.0
0.0	0.0
0.0	0.0
0.0	1.0
0.0	1.0
-4.338506914791651e-05	1.0
-0.00014272927364800125	1.0
0.0	1.0
-0.030590809881687164	0.0
0.0	1.0
0.0	1.0
-0.00027197806048206985	1.0
-4.0424740888056476e-08	1.0
-0.001144645269960165	1.0
-0.0001675211824476719	0.0
-0.0008081195410341024	1.0
0.0	1.0
-3.1121965093916515e-07	0.0
0.0	1.0
0.0	1.0
0.0	1.0
0.0	1.0
-7.960094876580115e-07	0.0
-9.433162631466985e-06	0.0
0.0	0.0
-7.60060065658763e-05	1.0
0.0	0.0
0.0	0.014084507042253521
0.0	0.014084507042253521
0.0	1.0
0.0	0.05777310924369748
-1.0267068306646365e-09	1.0
-0.0013664549915120006	0.05810055865921788
-0.0029393015429377556	1.0
-0.0032141143456101418	0.0
-0.0017275592545047402	0.0
-5.517117145081851e-12	1.0
0.0	0.0
0.0	1.0
-0.00021172116976231337	1.0
0.0	1.0
0.0	1.0
-5.340292409528047e-05	1.0
-0.06155756488442421	0.0
0.0	1.0
-0.0008564757881686091	1.0
0.0	1.0
0.0	1.0
0.0	0.003
0.0	1.0
-2.2517253839282603e-08	1.0
0.0	1.0
0.0	0.0
0.0	1.0
-1.7475196727900766e-05	1.0
-5.835609329096769e-09	1.0
-3.1222127290675417e-05	0.0
-1.626669654797297e-05	1.0
0.0	1.0
0.0	1.0
0.0	1.0
-0.000766517361626029	1.0
-0.000429302453994751	1.0
-0.00011289321992080659	1.0
0.0	1.0
0.0	1.0
0.0	1.0
0.0	1.0
0.0	1.0
-6.704530619572324e-07	1.0
0.0	1.0
-0.005087100900709629	0.0
-0.00010521533113205805	0.1624874623871615
0.0	1.0
0.0	1.0
0.0	1.0
-0.0014746999368071556	1.0
-0.0001080286965589039	1.0
0.0	1.0
0.0	1.0
-0.0001477456244174391	0.0
0.0	0.0
0.0	1.0
-1.463966100345715e-06	1.0
0.0	1.0
0.0	1.0
-9.475972910877317e-05	1.0
-8.587023330619559e-06	0.0
0.0	1.0
-3.889095296472078e-06	1.0
0.0	1.0
0.0	1.0
0.0	1.0
-0.00016591708117630333	0.04435483870967742
0.0	0.046610169491525424
-2.1349524104152806e-05	1.0
0.0	0.0
0.0	0.0
-0.029154835268855095	0.0
0.0	0.0
0.0	0.011
0.0	1.0
-0.0007384562632068992	1.0
-0.0013620153767988086	1.0
0.0	1.0
-0.0005971387727186084	1.0
0.0	1.0
0.0	1.0
0.0	0.0
0.0	1.0
0.0	0.0
0.0	0.004076086956521739
0.0	1.0
-4.256708052707836e-05	1.0
-1.3408047379925847e-05	0.0
-8.130323081445567e-09	1.0
