0.0	1.0
0.0	1.0
0.0	1.0
-0.012343310751020908	0.0
0.0	1.0
0.0	1.0
0.0	1.0
0.0	1.0
-0.0002917200035881251	0.5184016824395373
0.0	1.0
0.0	1.0
0.0	1.0
0.0	1.0
0.0	1.0
0.0	1.0
0.0	1.0
0.0	0.0020387359836901123
0.0	1.0
0.0	1.0
0.0	1.0
-1.4641902135181795e-09	1.0
0.0	1.0
-0.0004804130585398525	1.0
0.0	1.0
0.0	1.0
0.0	1.0
0.0	1.0
0.0	1.0
-1.7507273852856997e-08	0.0
0.0	1.0
-0.00034944710205309093	1.0
-0.0007036029128357768	1.0
0.0	1.0
0.0	1.0
-0.00022943317890167236	1.0
-0.0101569052785635	0.073
-6.292757007031469e-06	1.0
0.0	0.0
0.0	1.0
-8.391329902224243e-05	1.0
-0.0010579394875094295	0.0
0.0	0.951
0.0	1.0
-1.210298563592005e-07	0.0
0.0	1.0
0.0	1.0
0.0	1.0
0.0	1.0
0.0	0.0
0.0	0.0
0.0	1.0
0.0	1.0
0.0	1.0
0.0	1.0
0.0	1.0
-4.9596501128235104e-08	1.0
-3.7959620385663584e-05	1.0
-2.095839590765536e-06	0.0
-0.00017926162399817258	1.0
0.0	1.0
0.0	0.0
0.0	1.0
-0.00031657348154112697	1.0
0.0	1.0
-2.3283969312615227e-06	1.0
0.0	1.0
0.0	0.0
-0.0008122508297674358	1.0
-1.8767276515063713e-06	0.0
-6.147861313365865e-07	1.0
0.0	1.0
-0.0010719139827415347	0.0
-7.658172052060763e-08	1.0
-0.002039469312876463	1.0
-0.012189668603241444	0.29411764705882354
0.0	1.0
-0.0004535542393568903	1.0
0.0	1.0
-0.03137677535414696	0.0
-3.089772064868157e-07	1.0
0.0	1.0
-0.00046612031292170286	1.0
0.0	1.0
0.0	0.0
0.0	1.0
0.0	1.0
0.0	1.0
0.0	1.0
-0.006189375184476376	0.0
0.0	1.0
0.0	1.0
0.0	1.0
-3.2973492825050243e-09	1.0
0.0	0.0
0.0	1.0
0.0	1.0
-1.9106685158476466e-06	0.0
0.0	0.02540106951871658
-5.344797045836458e-06	1.0
-0.00012504635378718376	1.0
-0.0003670216246973723	0.24126637554585154
0.0	1.0
0.0	1.0
-1.1795639693445992e-05	0.5
0.0	1.0
-0.01017257384955883	0.0
0.0	1.0
-0.01913146674633026	0.0
-1.4610937796533108e-05	0.008
-0.00024412416678387672	0.017293997965412006
0.0	1.0
0.0	1.0
-8.686514285649594e-10	1.0
0.0	0.027692307692307693
0.0	0.0
0.0	0.0
0.0	0.0
-1.3131828382029198e-05	1.0
-0.006993899121880531	0.12628336755646818
0.0	0.0
0.0	1.0
-3.297592411399819e-05	1.0
0.0	1.0
-0.00024511650553904474	1.0
0.0	1.0
0.0	1.0
0.0	1.0
0.0	1.0
0.0	1.0
0.0	1.0
-1.7187416005981504e-06	1.0
0.0	0.0
0.0	1.0
0.0	1.0
0.0	1.0
-6.380840932251886e-05	0.0
0.0	1.0
0.0	1.0
-0.002181719522923231	1.0
0.0	0.0
-3.607193121979435e-08	0.0
-0.0004100852820556611	1.0
-0.00013584022235590965	1.0
0.0	1.0
0.0	0.0
0.0	0.0
-8.041760156629607e-05	1.0
0.0	0.06635622817229336
0.0	0.0
0.0	1.0
0.0	1.0
0.0	0.03276955602536998
0.0	1.0
0.0	1.0
-5.5746176563786776e-09	1.0
-2.0563038560794666e-06	1.0
0.0	1.0
0.0	1.0
0.0	0.0
0.0	1.0
0.0	1.0
0.0	1.0
-0.0016518208431079984	0.0
0.0	1.0
-0.0001746822672430426	1.0
-2.00712675646475e-11	1.0
-1.3837946255534916e-07	1.0
0.0	1.0
-0.022808952257037163	0.0
0.0	1.0
-0.009489268995821476	0.0167973124300112
-0.00019811707898043096	0.0
-0.004458738956600428	0.2
-2.245523546662298e-06	0.0
0.0	1.0
-8.981431892607361e-05	0.951
-2.4373950509470887e-05	1.0
0.0	1.0
-0.0022493440192192793	0.0
0.0	1.0
0.0	1.0
0.0	0.0
0.0	0.0
0.0	1.0
0.0	1.0
0.0	1.0
-6.79834047332406e-05	1.0
0.0	1.0
0.0	1.0
0.0	1.0
-0.00011004545376636088	1.0
0.0	0.0
0.0	1.0
0.0	1.0
0.0	1.0
0.0	1.0
0.0	1.0
0.0	0.0
0.0	1.0
0.0	1.0
-5.266860534902662e-05	1.0
0.0	0.0
-1.939681897056289e-05	1.0
0.0	1.0
0.0	0.0
0.0	1.0
0.0	1.0
0.0	1.0
0.0	1.0
0.0	1.0
0.0	0.0
0.0	1.0
-2.853643127309624e-05	0.0
0.0	0.0
0.0	1.0
0.0	1.0
0.0	1.0
0.0	1.0
0.0	1.0
0.0	1.0
-0.0007740000728517771	0.026476578411405296
-6.112891859366698e-10	1.0
0.0	1.0
-9.273648174712434e-05	1.0
0.0	1.0
-2.1874564026802545e-06	0.0
0.0	1.0
-0.0002838937216438353	1.0
0.0	1.0
0.0	1.0
0.0	1.0
0.0	1.0
0.0	1.0
0.0	1.0
0.0	1.0
-0.0009514509583823383	0.0
0.0	0.0
-8.865428389981389e-05	0.0
-0.007941477932035923	1.0
-0.001817825366742909	1.0
0.0	0.0
0.0	1.0
0.0	0.0
-2.5517809262964875e-05	1.0
0.0	1.0
-0.002822195878252387	1.0
0.0	0.0
-0.000345856708008796	0.0
0.0	1.0
0.0	1.0
0.0	0.0
0.0	0.0
-0.0006003573071211576	1.0
0.0	1.0
0.0	1.0
0.0	1.0
0.0	0.0044742729306487695
0.0	0.001081081081081081
0.0	1.0
0.0	0.0
0.0	0.013157894736842105
0.0	0.004036326942482341
0.0	1.0
-7.868530701671261e-06	1.0
-2.2234944481169805e-06	1.0
0.0	1.0
0.0	1.0
0.0	1.0
0.0	0.0
0.0	1.0
0.0	0.0
0.0	1.0
-6.577988824574277e-05	0.0775347912524851
0.0	0.0
0.0	1.0
-1.5408114677484264e-06	1.0
0.0	1.0
0.0	1.0
-1.465844707126962e-05	1.0
0.0	1.0
0.0	1.0
-0.0027344932314008474	0.002
0.0	1.0
-0.001424108981154859	0.0
0.0	1.0
0.0	1.0
-3.129599281237461e-05	0.20020325203252032
0.0	1.0
0.0	1.0
-1.5553661114608985e-07	0.20652173913043478
0.0	0.0
0.0	0.0
-6.873469848844849e-11	1.0
0.0	1.0
-1.259711268630781e-08	1.0
-6.613672303501517e-05	0.0
-0.00011763923976104707	1.0
0.0	1.0
-6.317801393151967e-08	1.0
0.0	1.0
0.0	1.0
0.0	1.0
0.0	1.0
0.0	1.0
0.0	0.0
0.0	1.0
0.0	0.0
-3.0927335345487528e-12	0.0040650406504065045
-0.00017222731548827142	1.0
-9.041639659201905e-11	1.0
0.0	1.0
0.0	0.0
0.0	1.0
-2.8209442461957224e-05	1.0
-0.002946715336292982	1.0
-0.0006030313088558614	1.0
0.0	1.0
-2.102174079254837e-08	1.0
0.0	1.0
-0.0016535415779799223	0.0
0.0	0.951
0.0	0.0
0.0	1.0
-0.0005790656432509422	1.0
0.0	1.0
-0.0007348596700467169	1.0
0.0	1.0
-0.00042261427734047174	0.0
0.0	1.0
0.0	0.0
0.0	1.0
0.0	1.0
0.0	1.0
0.0	0.10508474576271186
0.0	1.0
0.0	1.0
0.0	1.0
0.0	1.0
0.0	0.0
0.0	1.0
0.0	1.0
0.0	1.0
0.0	0.0
-0.000797819287981838	1.0
0.0	1.0
0.0	1.0
0.0	0.005813953488372093
-3.002148150699213e-05	1.0
0.0	0.0
0.0	0.014155712841253791
0.0	1.0
-0.00018395099323242903	1.0
-6.153503591121989e-07	1.0
0.0	1.0
-5.871573739568703e-05	1.0
0.0	0.0
-2.550525329131359e-12	0.5534308211473565
-0.00016846244398038834	1.0
0.0	1.0
-6.931586682412672e-08	0.0
0.0	1.0
0.0	1.0
-0.0049244253896176815	0.04004004004004004
-0.020823607221245766	0.0
-0.0005413285689428449	1.0
0.0	1.0
-4.9704581215337384e-06	1.0
0.0	1.0
-0.00010825422941707075	1.0
-0.0021007524337619543	0.0
0.0	1.0
-1.5109018203229851e-10	1.0
0.0	0.0
0.0	1.0
0.0	0.0
0.0	1.0
0.0	0.0
0.0	0.86
0.0	1.0
0.0	1.0
0.0	0.0
0.0	0.12244897959183673
0.0	1.0
0.0	1.0
0.0	1.0
0.0	0.0
-5.69356319496438e-15	1.0
0.0	0.0
0.0	1.0
0.0	0.0
0.0	0.0
-3.679868427752808e-07	1.0
0.0	0.0
0.0	1.0
-0.00041517039062455297	1.0
0.0	1.0
0.0	0.0
-0.005961797200143337	0.0
0.0	1.0
-2.006059185077902e-05	0.0
-0.0011576240649446845	1.0
-0.0752926915884018	0.0
-0.03570811450481415	0.0
0.0	1.0
0.0	1.0
0.0	1.0
-0.0004900682251900434	1.0
0.0	1.0
0.0	1.0
0.0	1.0
0.0	1.0
-5.49746304034926e-10	0.0
0.0	0.013559322033898305
0.0	0.0
0.0	1.0
-0.0009049540967680514	0.0
0.0	1.0
-0.022866802290081978	0.0
0.0	1.0
0.0	0.0
0.0	1.0
-0.003894370049238205	0.0
0.0	0.022269353128313893
-9.400146518601105e-05	1.0
-0.014802630059421062	0.028481012658227847
-2.622784489592078e-10	1.0
0.0	1.0
0.0	0.0
-3.819907578872517e-05	0.0
-0.00012531511310953647	1.0
-0.07254709303379059	0.0
-0.005879717878997326	0.0
0.0	1.0
0.0	1.0
-0.0002923810388892889	1.0
-2.2460731088358443e-06	0.0
-0.008237713947892189	0.0
0.0	0.08036622583926754
-0.027068784460425377	0.0
0.0	0.0
0.0	1.0
0.0	1.0
0.0	1.0
0.0	1.0
0.0	1.0
-3.428519903536653e-07	1.0
0.0	1.0
0.0	1.0
0.0	0.0
0.0	0.0
0.0	0.0
-0.001985937589779496	0.0
0.0	0.0
-0.002736470429226756	0.0
-7.105474651325494e-06	1.0
0.0	0.06223628691983123
0.0	1.0
-4.151949269726174e-06	1.0
0.0	0.0
0.0	1.0
-1.1096909702246194e-06	0.0
-4.4984645349022134e-12	1.0
0.0	1.0
0.0	1.0
0.0	0.0
0.0	1.0
0.0	1.0
0.0	1.0
0.0	0.012578616352201259
0.0	1.0
0.0	1.0
-8.105657798296306e-06	1.0
0.0	1.0
0.0	1.0
0.0	1.0
-0.00017831182049121708	0.0
0.0	1.0
0.0	1.0
0.0	1.0
-2.9153887226129882e-05	0.0
0.0	1.0
-2.1713150999858044e-05	0.0
0.0	1.0
0.0	1.0
0.0	1.0
0.0	1.0
0.0	1.0
0.0	1.0
-1.2611208433099819e-07	1.0
0.0	1.0
-1.7308598216914106e-06	1.0
0.0	1.0
-0.001396878738887608	0.0
-0.000248363649006933	1.0
-5.1317078941792715e-06	0.0
0.0	0.0
0.0	1.0
0.0	1.0
-2.7217634368525978e-08	1.0
-0.029305795207619667	0.0
0.0	1.0
0.0	1.0
0.0	1.0
-0.001510839443653822	1.0
0.0	1.0
-9.433188097318634e-05	0.19239373601789708
0.0	1.0
0.0	0.0
-3.136836312478408e-05	1.0
0.0	0.10321100917431193
-0.0011368975974619389	0.0
0.0	1.0
-0.00031788877095095813	1.0
-1.2092838005628437e-05	1.0
0.0	0.043043043043043044
