0.0	0.0
0.0	0.008298755186721992
0.0	0.745
-0.0005662773619405925	0.0028776978417266188
0.0	1.0
-2.6966930022354063e-08	1.0
-0.0026976915542036295	0.0
-1.9475221506581875e-06	1.0
-0.001065875287167728	0.0
0.0	0.013761467889908258
0.0	0.06474820143884892
0.0	1.0
-0.00021025471505708992	0.16666666666666666
0.0	1.0
-1.8767582332657184e-06	1.0
0.0	1.0
-0.001023630378767848	1.0
0.0	1.0
0.0	1.0
0.0	1.0
0.0	0.0
0.0	0.023255813953488372
0.0	1.0
0.0	1.0
-2.734607562615565e-07	1.0
0.0	1.0
0.0	0.04081632653061224
0.0	1.0
0.0	1.0
-7.092003215802833e-05	1.0
0.0	1.0
-7.981062663020566e-05	1.0
0.0	1.0
0.0	0.0
-0.002759865950793028	0.0
-2.9946044378448278e-05	0.34651162790697676
-0.0010900761699303985	1.0
0.0	1.0
0.0	1.0
0.0	0.0
0.0	1.0
0.0	1.0
0.0	0.0
0.0	1.0
0.0	1.0
-0.03243086114525795	0.0
0.0	1.0
0.0	1.0
-0.0005560354329645634	1.0
-1.1498923413455486e-05	1.0
0.0	0.0
0.0	0.2844155844155844
0.0	1.0
0.0	0.0
0.0	1.0
0.0	1.0
-0.00014000509690959007	1.0
-0.0013215409126132727	0.0
-2.3297974394154153e-07	1.0
0.0	1.0
-0.019343920052051544	0.0
0.0	1.0
0.0	0.0
0.0	0.011904761904761904
-2.164435682061594e-05	1.0
-0.00011887382424902171	0.0
0.0	1.0
0.0	1.0
0.0	1.0
0.0	0.0025
0.0	0.0025
0.0	0.0
0.0	0.6006006006006006
-4.0012628232943825e-06	1.0
-4.093392927597058e-17	0.08131868131868132
-0.0126120550557971	0.0
-0.0004652730713132769	0.0
0.0	1.0
-0.0006634724559262395	1.0
0.0	1.0
-2.6576590244076215e-06	0.0
0.0	1.0
0.0	0.0
0.0	0.0
0.0	1.0
-0.00030768592841923237	1.0
-6.573893915629014e-05	0.004149377593360996
-5.657970905303955e-05	1.0
-3.791790732066147e-05	1.0
0.0	1.0
0.0	1.0
0.0	1.0
0.0	1.0
0.0	1.0
-9.034685035658185e-07	1.0
0.0	1.0
-0.00029451202135533094	0.0
0.0	0.0
0.0	1.0
0.0	1.0
0.0	1.0
0.0	1.0
0.0	1.0
-0.009391481988132	0.0
0.0	1.0
0.0	0.0
0.0	1.0
0.0	1.0
0.0	1.0
0.0	1.0
-0.004841462709009647	1.0
-6.448961471505754e-07	0.702
-0.004906623624265194	0.0
0.0	0.0
0.0	1.0
0.0	1.0
-0.0010206022998318076	0.0
0.0	0.0
0.0	1.0
0.0	0.0
0.0	1.0
0.0	0.0
0.0	0.0
0.0	1.0
-0.00041564201819710433	0.03604651162790698
0.0	0.0
-1.3365290818523334e-10	0.14447884416924664
-0.0035018781200051308	0.25
0.0	0.087527352297593
0.0	1.0
0.0	1.0
-0.00014329332043416798	0.0
0.0	1.0
-0.006102760322391987	0.0
0.0	1.0
0.0	1.0
0.0	1.0
-0.003706811461597681	1.0
0.0	1.0
-9.413951192982495e-05	0.0
0.0	1.0
0.0	1.0
-5.5006175898597576e-06	1.0
0.0	1.0
0.0	1.0
0.0	0.0
0.0	0.0
0.0	0.0
0.0	1.0
-4.1330684325657785e-05	1.0
-5.554410017793998e-05	0.0
0.0	0.0
-3.325839861645363e-05	1.0
0.0	1.0
0.0	0.0
0.0	1.0
-0.0001278483250644058	0.0
0.0	1.0
0.0	1.0
0.0	0.0
0.0	1.0
0.0	0.007142857142857143
-5.056566351413494e-06	0.0
0.0	1.0
0.0	1.0
-0.0038809734396636486	1.0
0.0	1.0
0.0	0.09569377990430622
-1.1945998039664119e-06	1.0
0.0	1.0
-0.0001320685405516997	1.0
-0.00040789536433294415	0.04627766599597585
0.0	0.0
0.0	1.0
0.0	0.47608695652173916
0.0	1.0
-0.002105461899191141	0.0
-0.00012706498091574758	1.0
0.0	1.0
0.0	1.0
0.0	1.0
-2.5526694571453845e-06	1.0
0.0	0.0
0.0	1.0
-1.3995255621068736e-08	0.0
0.0	1.0
-4.55141746513732e-09	0.0
0.0	1.0
0.0	0.0
0.0	0.0
-0.0007461806526407599	1.0
-8.720941696083173e-05	1.0
0.0	1.0
-6.641176696575712e-06	1.0
0.0	1.0
-1.091857939172769e-05	1.0
0.0	1.0
0.0	1.0
-1.3803137799417442e-10	1.0
-8.47361206979258e-07	1.0
0.0	1.0
-2.624075623458566e-09	0.0
-8.049157622735947e-05	1.0
0.0	1.0
0.0	0.015384615384615385
-1.1385480320313945e-05	1.0
-0.00023551107733510435	0.004651162790697674
0.0	0.14056224899598393
0.0	1.0
0.0	1.0
-0.0004943993408232927	1.0
0.0	1.0
0.0	1.0
0.0	0.0
0.0	0.5529685681024447
0.0	1.0
0.0	1.0
0.0	1.0
0.0	0.0
-5.9499983763089404e-05	1.0
-0.0027357880026102066	1.0
-1.104310285882093e-06	0.815
-8.061352900767815e-07	0.0
0.0	1.0
0.0	0.0
0.0	1.0
0.0	1.0
-0.00010894829756580293	1.0
0.0	1.0
0.0	0.8353765323992994
0.0	1.0
0.0	1.0
0.0	1.0
0.0	1.0
-0.0006360881379805505	0.06734006734006734
0.0	1.0
0.0	1.0
-0.0009360146941617131	0.0
0.0	0.0
-8.538305701222271e-05	0.23333333333333334
0.0	1.0
0.0	1.0
0.0	0.027777777777777776
0.0	1.0
0.0	0.0
0.0	1.0
0.0	1.0
-0.0020299586467444897	1.0
-5.443259942694567e-05	1.0
0.0	1.0
0.0	1.0
0.0	0.0
0.0	1.0
0.0	1.0
0.0	0.0
0.0	0.7483221476510067
0.0	1.0
0.0	1.0
0.0	1.0
0.0	0.0
-5.579985327130998e-07	1.0
0.0	0.17647058823529413
0.0	0.0
0.0	1.0
0.0	0.0
-4.770498435391346e-06	1.0
-0.00012457359116524458	1.0
-0.016794290393590927	0.030434782608695653
-0.00011222183820791543	1.0
0.0	1.0
-4.4709190660796594e-07	0.0
0.0	1.0
0.0	1.0
-5.866604055881908e-07	1.0
0.0	0.0
-1.2834009339712793e-06	0.0
0.0	1.0
0.0	1.0
-0.0014356942847371101	1.0
0.0	1.0
0.0	0.0
0.0	1.0
-0.00010146976273972541	1.0
0.0	1.0
0.0	1.0
0.0	1.0
0.0	1.0
0.0	1.0
0.0	1.0
-0.000889784365426749	1.0
0.0	1.0
0.0	1.0
0.0	0.0
0.0	1.0
0.0	0.0
0.0	0.0
-0.00017206382472068071	1.0
-9.528708687867038e-06	1.0
0.0	1.0
0.0	1.0
-0.00044671454816125333	0.0
-4.131182322453242e-06	1.0
0.0	1.0
0.0	0.0
0.0	1.0
0.0	0.003355704697986577
-0.0002057651145150885	1.0
0.0	1.0
0.0	1.0
0.0	1.0
0.0	1.0
0.0	1.0
-4.021740551252151e-06	1.0
0.0	1.0
0.0	1.0
0.0	1.0
-0.0005361824878491461	0.0
0.0	0.5250544662309368
0.0	0.0
-0.004058186896145344	0.016778523489932886
0.0	0.0
0.0	1.0
0.0	1.0
0.0	1.0
0.0	0.0
0.0	0.06591865357643759
0.0	0.6875
-0.0009263590909540653	0.3424657534246575
0.0	1.0
-0.0013318626442924142	1.0
-2.482720447005704e-05	1.0
0.0	0.0
-6.481714990513865e-06	1.0
0.0	1.0
0.0	1.0
0.0	0.012448132780082987
-1.415865114040571e-07	0.006564551422319475
0.0	1.0
-0.0021647580433636904	0.0
0.0	0.0
0.0	1.0
-0.0019803564064204693	0.0
0.0	1.0
0.0	0.0
-3.6247799926059088e-06	1.0
-3.188732443959452e-05	1.0
0.0	1.0
-0.013888295739889145	0.0
0.0	1.0
0.0	0.0
0.0	0.0
0.0	1.0
0.0	1.0
-0.0007136233616620302	0.0
-3.0374121706699952e-05	1.0
-0.00025789026403799653	0.0
-3.978820677730255e-05	1.0
-2.1315942433375312e-07	0.02857142857142857
0.0	1.0
-4.469810846785549e-06	1.0
-0.0009279535734094679	0.0
0.0	1.0
0.0	0.28431372549019607
0.0	1.0
0.0	0.004484304932735426
0.0	1.0
0.0	1.0
0.0	1.0
0.0	1.0
0.0	1.0
-0.015430077910423279	0.0
0.0	1.0
0.0	0.0
-6.298211729927061e-09	0.0
0.0	0.20967741935483872
0.0	1.0
-1.972691876517274e-08	0.0
0.0	1.0
-0.0002830808225553483	0.05405405405405406
-0.0008940752595663071	0.0
-1.8029102648142725e-05	1.0
-0.0471467524766922	0.0
-6.9766460910614114e-06	1.0
-0.008970345370471478	0.0
0.0	0.0
-0.00025804532924667	1.0
-1.5547964267170755e-06	1.0
0.0	1.0
0.0	0.0
0.0	0.0
0.0	1.0
-0.004727380350232124	0.0
0.0	1.0
0.0	0.0
-0.00034960254561156034	1.0
-0.0013841937761753798	1.0
0.0	0.0
-0.00020455324556678534	0.07582938388625593
0.0	1.0
-0.0013587987050414085	0.0
0.0	1.0
0.0	0.0
-4.3748514144681394e-08	1.0
0.0	1.0
-5.482522738020634e-06	0.0
0.0	1.0
0.0	1.0
0.0	1.0
-7.190558972069994e-05	0.0
-0.01701355166733265	0.0
0.0	1.0
-1.0095493507833453e-06	1.0
0.0	1.0
0.0	1.0
-0.0006674253381788731	1.0
0.0	1.0
0.0	1.0
0.0	1.0
0.0	1.0
0.0	0.07179487179487179
0.0	1.0
0.0	1.0
0.0	0.24509803921568626
-0.00010926210234174505	0.0
0.0	1.0
0.0	0.0
-9.251303936252953e-07	1.0
0.0	0.0
0.0	1.0
0.0	0.006718924972004479
0.0	1.0
-4.424979124451056e-06	0.0
0.0	1.0
0.0	1.0
0.0	1.0
0.0	0.0
0.0	1.0
-4.365277845863602e-07	1.0
-2.092245647566937e-13	1.0
0.0	1.0
0.0	1.0
0.0	0.0
0.0	1.0
0.0	1.0
-0.0007423647330142558	0.0
-8.146703476086259e-05	1.0
0.0	0.0
-0.0009775852086022496	0.005555555555555556
-6.154151924420148e-05	1.0
0.0	0.0
0.0	0.0
0.0	0.0
-0.001544790924526751	0.0
0.0	0.0
0.0	0.0
0.0	1.0
-0.00014350652054417878	0.4
0.0	0.0
0.0	1.0
-3.5667770134750754e-05	0.0
-3.328198516783232e-08	0.0
0.0	1.0
0.0	0.0
-3.76810005420225e-09	0.0
-6.96221552631826e-11	0.0
0.0	1.0
0.0	1.0
-1.8527741119100938e-08	1.0
0.0	1.0
-8.245852950494736e-05	1.0
-0.00019268690084572881	1.0
-9.402137038705405e-06	1.0
-0.010173502378165722	0.0
0.0	1.0
-7.415515938191675e-06	0.0
0.0	1.0
-3.950591781176627e-05	1.0
-5.55745828023646e-05	1.0
0.0	0.0
0.0	0.0
0.0	1.0
0.0	0.46511627906976744
-3.900782363785993e-09	0.2337228714524207
-0.0005294008296914399	0.0
0.0	1.0
0.0	1.0
-5.398381745180814e-06	1.0
-1.0987128007400315e-07	1.0
0.0	0.0
-0.001203264924697578	1.0
-0.004830905701965094	0.0
0.0	0.0
-0.0005856883944943547	1.0
0.0	1.0
0.0	1.0
-8.035870564526704e-07	1.0
-0.03095155581831932	0.0
0.0	1.0
0.0	0.0
0.0	1.0
0.0	0.0
0.0	1.0
0.0	0.0
0.0	0.0
0.0	1.0
0.0	0.008695652173913044
-0.000246936921030283	1.0
-4.6410692448262125e-05	0.0
0.0	0.0
0.0	1.0
0.0	0.745
0.0	0.745
0.0	1.0
-0.007059529889374971	0.0
-7.931060252985844e-09	0.0
0.0	0.0
0.0	1.0
-2.6322344304219314e-10	0.0
-1.1621875273704063e-05	0.0
-3.31267733599816e-06	1.0
0.0	0.0
0.0	1.0
0.0	0.0
0.0	0.0
0.0	1.0
-3.609129271353595e-05	1.0
-7.2461598392692395e-06	1.0
0.0	1.0
-0.0002338193153264001	1.0
-1.9406554201850668e-05	0.2717391304347826
-0.007090600673109293	0.0
0.0	1.0
0.0	0.0
0.0	1.0
0.0	1.0
-5.3936950280331075e-05	1.0
0.0	0.0
-5.496281664818525e-05	1.0
-8.855151099851355e-05	1.0
0.0	1.0
-5.945694647380151e-05	1.0
0.0	1.0
0.0	1.0
0.0	1.0
-0.0002232629485661164	1.0
0.0	0.014598540145985401
0.0	0.0030181086519114686
0.0	1.0
0.0	0.0
-0.0004840099427383393	1.0
-0.0007881085039116442	1.0
0.0	1.0
-5.845478545651872e-10	0.6965811965811965
0.0	0.5831702544031311
-0.0018646895186975598	0.489
-0.0015434434171766043	0.0
-0.0002484195283614099	0.058091286307053944
0.0	1.0
0.0	1.0
0.0	0.0
-0.00016905464872252196	0.0
-0.0005582486628554761	0.0
-0.00011255589924985543	1.0
0.0	1.0
0.0	1.0
0.0	1.0
-0.0030242507345974445	0.0
0.0	1.0
0.0	1.0
0.0	1.0
-2.483600098912575e-07	0.0
0.0	0.0
0.0	1.0
-0.01882682554423809	0.0
0.0	1.0
-6.077514626667835e-06	1.0
0.0	1.0
-3.050034536045132e-08	1.0
0.0	0.306
0.0	1.0
0.0	1.0
0.0	0.0228310502283105
0.0	1.0
0.0	1.0
0.0	1.0
-0.00029372776043601334	1.0
-8.125917929646675e-07	1.0
-0.0009145215735770762	0.5482014388489208
0.0	1.0
0.0	1.0
-0.00713358074426651	0.0
-0.015213961713016033	0.0
0.0	1.0
0.0	0.39313984168865435
-0.0023668573703616858	0.006711409395973154
-0.0007579646771773696	1.0
0.0	0.0
0.0	0.0
-0.0006403541774488986	0.06451612903225806
-0.0014596740948036313	1.0
0.0	1.0
-1.8943492108292048e-08	0.0
0.0	0.0
