-3.438097337493673e-06	0.075
-0.004117024131119251	0.0
0.0	1.0
0.0	0.022950819672131147
0.0	1.0
0.0	1.0
0.0	1.0
0.0	0.046742209631728045
0.0	1.0
0.0	1.0
0.0	1.0
0.0	0.0
0.0	1.0
0.0	1.0
-9.420943570148665e-06	1.0
-6.972958876971802e-10	1.0
0.0	1.0
-0.00012530162348411977	1.0
0.0	1.0
0.0	1.0
0.0	0.0
0.0	0.0
0.0	1.0
0.0	1.0
0.0	1.0
-1.3200552473335847e-07	0.0
0.0	0.0
-5.5638179219386075e-06	0.925
-2.368955032139297e-09	1.0
0.0	0.0
0.0	1.0
0.0	1.0
0.0	1.0
0.0	1.0
-0.00011491162877064198	1.0
-0.0003034877881873399	1.0
-0.002554558450356126	0.0
-1.821352998376824e-05	1.0
-0.00014208296488504857	1.0
-9.300442798121367e-06	1.0
-0.001697629690170288	1.0
-0.0021766338031738997	0.0
0.0	0.0
0.0	1.0
-7.4364190361109195e-09	0.0
-2.1522932769357794e-08	1.0
-0.0004598485247697681	1.0
0.0	1.0
0.0	1.0
-0.00016991610755212605	1.0
-2.021112521788382e-08	0.0016051364365971107
-0.012287667021155357	0.0
0.0	1.0
-0.0002566693292465061	0.0
0.0	1.0
0.0	0.08908685968819599
-0.023143615573644638	0.0
0.0	1.0
0.0	0.0
0.0	0.0
-0.0012393250362947583	0.0
-4.560814886644948e-06	1.0
-0.02527213841676712	0.0
0.0	0.0
0.0	1.0
-9.086936915991828e-05	1.0
-4.492781954468228e-05	1.0
-4.588691081153229e-05	1.0
0.0	1.0
-0.0005135535611771047	1.0
0.0	1.0
-0.026202796027064323	0.0
0.0	1.0
-0.005599860567599535	0.0
-0.0003170566342305392	1.0
0.0	0.0
0.0	1.0
-2.5207809812854975e-05	1.0
-0.004566885065287352	0.0
0.0	1.0
0.0	1.0
0.0	1.0
0.0	1.0
-1.4939801985747181e-05	1.0
0.0	1.0
-2.9400709536275826e-05	1.0
0.0	1.0
-1.0143673989659874e-06	0.0
-0.000234700069995597	1.0
-0.00019948772387579083	1.0
0.0	0.0
-0.0008996785618364811	1.0
0.0	1.0
0.0	1.0
0.0	1.0
0.0	1.0
-0.0016928678378462791	1.0
-3.673987521324307e-05	0.019230769230769232
0.0	0.0
0.0	1.0
-0.015835724771022797	0.009101251422070534
-0.0001531338639324531	1.0
0.0	0.0
-2.0047118596266955e-05	1.0
-0.0012519888114184141	1.0
0.0	0.0
-3.2220123102888465e-05	1.0
0.0	1.0
0.0	1.0
0.0	1.0
0.0	1.0
0.0	1.0
-0.0002369114081375301	1.0
0.0	0.0
-0.0025729299522936344	0.007462686567164179
0.0	1.0
0.0	0.0
-0.017001023516058922	0.0
-0.010272468440234661	0.0
0.0	1.0
0.0	1.0
0.0	0.0
-0.0003271190507803112	1.0
0.0	0.0
0.0	1.0
0.0	0.0
0.0	0.0
0.0	1.0
-5.031336058891611e-07	1.0
-2.0498607256058676e-08	1.0
0.0	0.0
0.0	1.0
0.0	0.0
-0.0008846864802762866	0.0
-3.3439915569033474e-05	1.0
0.0	1.0
-0.00020278641022741795	1.0
-0.03515622392296791	0.0
-1.2998988495382946e-05	1.0
-0.00030312599847093225	0.0
0.0	0.0
-0.0004296744300518185	1.0
-2.4345669924485946e-09	1.0
-1.7903286789078265e-05	1.0
-2.1382390968938125e-06	1.0
0.0	1.0
0.0	1.0
-0.004272173158824444	0.0
-0.0014857302885502577	0.0059382422802850355
-5.970789061393589e-06	1.0
-0.0004376854340080172	1.0
-1.6470913521970942e-07	1.0
0.0	1.0
-0.0021782154217362404	1.0
0.0	1.0
-0.0030192865524441004	0.0
-2.24718655772449e-06	1.0
0.0	1.0
-0.00015311063907574862	1.0
0.0	1.0
0.0	1.0
0.0	1.0
0.0	1.0
0.0	1.0
-3.418685446376912e-05	1.0
-5.9482804317667615e-06	1.0
-9.814762336191052e-09	0.0
0.0	1.0
0.0	0.0
-0.0002671077963896096	1.0
0.0	1.0
-8.10086858109571e-05	0.0
-7.10034385065228e-07	0.0
0.0	1.0
-0.024173464626073837	0.0
-0.0006153130088932812	1.0
0.0	0.0
0.0	1.0
-1.0264928278047591e-05	1.0
0.0	0.0
-6.526363722514361e-05	1.0
-0.0008983706356957555	1.0
0.0	1.0
0.0	1.0
0.0	1.0
-1.7156920328886827e-09	1.0
-0.0023282186593860388	0.09987819732034105
-2.300904498042655e-06	0.20697167755991286
-0.0005838984507136047	1.0
0.0	1.0
0.0	1.0
-0.00017704801575746387	1.0
0.0	0.0
-3.16732948704157e-05	1.0
-7.873997674323618e-06	1.0
0.0	1.0
-9.884074808619303e-11	0.288
-0.00047459377674385905	1.0
-1.6763067833380774e-05	1.0
0.0	1.0
-0.0001799312449293211	1.0
0.0	1.0
0.0	1.0
0.0	1.0
0.0	0.0
-0.006231336388736963	0.0
0.0	0.0
0.0	1.0
0.0	1.0
0.0	1.0
0.0	0.0
0.0	1.0
0.0	0.04432432432432432
-7.598580850753933e-06	0.0
-0.00022088817786425352	1.0
0.0	0.0
0.0	0.0
0.0	1.0
0.0	0.0
0.0	1.0
0.0	1.0
-1.2291560824717607e-10	0.0
0.0	1.0
-1.5686431042993831e-09	1.0
0.0	1.0
0.0	0.0010030090270812437
0.0	1.0
0.0	1.0
0.0	1.0
0.0	1.0
0.0	1.0
-1.4699188000122376e-07	0.006006006006006006
0.0	1.0
0.0	1.0
-0.0003068730002269149	0.0010080645161290322
0.0	1.0
-1.6704196241335012e-05	1.0
-2.0974084014718786e-12	0.0010224948875255625
-2.8608852517209016e-05	0.0010224948875255625
-0.00045196476276032627	1.0
0.0	0.0010214504596527069
0.0	1.0
-0.00829717330634594	0.0
-0.0002877690130844712	1.0
0.0	1.0
0.0	1.0
0.0	1.0
-0.0023888086434453726	1.0
0.0	0.014
0.0	1.0
0.0	0.005070993914807302
0.0	1.0
-1.8286959502233913e-08	1.0
0.0	1.0
0.0	1.0
0.0	1.0
-0.00010772453970275819	1.0
0.0	0.0
-0.00039478819235228	0.0
-0.010154657065868378	0.0
-1.3752436643699184e-05	0.0
0.0	0.0
-4.6178811885511095e-08	0.0
0.0	0.0
0.0	1.0
0.0	1.0
0.0	1.0
0.0	1.0
0.0	1.0
0.0	1.0
-1.1416186680435203e-06	1.0
-5.055014753452269e-07	1.0
-0.023154569789767265	0.0
-0.00019000419706571847	1.0
0.0	1.0
-3.495437795209e-06	1.0
0.0	1.0
-2.478329861332895e-07	1.0
0.0	1.0
-1.5386723145605075e-11	1.0
0.0	1.0
-0.00010239895345875993	0.0
-2.0723189209093107e-06	1.0
0.0	0.0
0.0	1.0
0.0	1.0
0.0	0.03225806451612903
0.0	1.0
0.0	1.0
0.0	1.0
0.0	1.0
-5.6708317970333155e-06	1.0
0.0	1.0
0.0	1.0
0.0	1.0
0.0	1.0
-4.1873153122651274e-07	1.0
0.0	1.0
-9.658963972469792e-05	1.0
-0.0001058148336596787	0.0
-0.00020799029152840376	1.0
0.0	0.0
0.0	0.0
0.0	1.0
0.0	1.0
0.0	1.0
0.0	1.0
0.0	1.0
0.0	1.0
-9.111021063290536e-05	0.0
-6.068543370929547e-06	0.3303411131059246
0.0	1.0
0.0	1.0
0.0	1.0
0.0	1.0
-0.00014654798724222928	0.0
-0.00032205565366894007	1.0
0.0	1.0
0.0	0.13074565883554648
0.0	1.0
-3.799359910772182e-05	1.0
0.0	1.0
0.0	1.0
-0.00649119121953845	0.14285714285714285
0.0	1.0
-0.00013391830725595355	0.01775147928994083
-5.990540739730932e-05	1.0
0.0	1.0
-4.502471995238011e-07	1.0
0.0	1.0
-5.569952554651536e-05	1.0
0.0	1.0
0.0	1.0
0.0	0.0
-0.001230164198204875	1.0
0.0	1.0
0.0	1.0
0.0	0.0
0.0	1.0
0.0	1.0
-2.1173805764274078e-10	0.0
-1.8546719729783945e-05	1.0
0.0	1.0
0.0	1.0
-1.6012259948183782e-05	1.0
-0.0002983780868817121	0.0
-0.001355301239527762	0.0
0.0	0.0
0.0	1.0
-8.201113087125123e-05	1.0
0.0	1.0
0.0	1.0
0.0	1.0
0.0	1.0
0.0	1.0
0.0	1.0
0.0	1.0
-1.0100306724325492e-07	1.0
-1.1577992731215403e-10	1.0
0.0	1.0
0.0	1.0
0.0	1.0
0.0	1.0
-4.5433701939545657e-11	1.0
-0.028374752029776573	0.0
0.0	1.0
0.0	0.0
0.0	0.0
-0.0002656162832863629	1.0
0.0	0.0
0.0	0.0
-0.00031304030562750995	1.0
-0.00027193487039767206	1.0
0.0	1.0
0.0	0.0
0.0	0.0
-4.427843123266939e-07	0.009137055837563452
-0.00035526181454770267	1.0
0.0	0.0
0.0	1.0
0.0	1.0
0.0	1.0
0.0	0.0
-0.0027111172676086426	0.0
0.0	1.0
0.0	1.0
-7.879776967456564e-05	1.0
0.0	1.0
0.0	1.0
-1.895185224032314e-11	1.0
0.0	1.0
0.0	0.001081081081081081
0.0	0.0
0.0	0.0
0.0	1.0
-0.00023064408742357045	0.0
-6.473476241808385e-05	0.0
0.0	1.0
0.0	1.0
-0.003657202236354351	0.0
-0.0008878725930117071	0.0
-0.0008714166469871998	1.0
-1.994297463170369e-06	1.0
0.0	0.0
0.0	1.0
0.0	1.0
0.0	1.0
-9.678794654632839e-09	0.012972972972972972
0.0	1.0
0.0	1.0
-0.0005155775579623878	1.0
0.0	1.0
0.0	1.0
-2.0629702390806415e-09	0.0
-5.906059647461267e-18	1.0
0.0	1.0
0.0	1.0
0.0	1.0
0.0	1.0
0.0	1.0
0.0	1.0
0.0	0.008658008658008658
0.0	1.0
-8.559728303225711e-05	0.0
0.0	1.0
0.0	1.0
0.0	1.0
-8.129523484967649e-05	0.0
-0.0005156644037924707	1.0
0.0	1.0
0.0	0.38742393509127787
-0.00012796340161003172	0.0
0.0	1.0
0.0	1.0
0.0	0.0
-0.03667576238512993	0.0
0.0	1.0
-7.174467464210466e-05	0.012096774193548387
0.0	1.0
0.0	0.0
-0.0007944688550196588	0.0
0.0	0.0
0.0	1.0
0.0	0.0
0.0	1.0
0.0	1.0
-0.0010383269982412457	0.0
0.0	1.0
-0.0003589846601244062	1.0
0.0	1.0
-5.122059155837633e-05	1.0
-3.3308564795220263e-09	0.008090614886731391
-7.122304668882862e-05	0.0
0.0	1.0
0.0	1.0
-0.0002586588670965284	0.0
-9.425654570804909e-05	0.016152716593245228
0.0	0.0
0.0	0.0
0.0	1.0
0.0	1.0
0.0	1.0
0.0	0.0
0.0	1.0
0.0	1.0
0.0	1.0
-0.003827193984761834	0.0
0.0	1.0
0.0	0.0
-2.1402551283244975e-05	0.08190091001011122
-3.5819837194139836e-06	1.0
-6.671989103779197e-05	0.1645021645021645
0.0	1.0
-0.005340248811990023	0.05592105263157895
0.0	0.0
0.0	0.20614035087719298
0.0	1.0
0.0	0.0
-1.6134042368776136e-07	1.0
0.0	1.0
0.0	0.014962593516209476
0.0	0.2571428571428571
0.0	1.0
-0.0005858487566001713	1.0
0.0	1.0
-0.00858450960367918	0.0
0.0	1.0
-0.0020574736408889294	0.0
0.0	1.0
-1.9091997671694116e-07	1.0
0.0	1.0
0.0	1.0
0.0	0.019133937562940583
0.0	1.0
0.0	0.013278855975485188
0.0	0.02922077922077922
0.0	1.0
0.0	0.0
-2.1765363271697424e-05	0.034482758620689655
-0.015796585008502007	0.0
-7.479567284462973e-05	1.0
0.0	0.0
0.0	1.0
0.0	0.1557377049180328
0.0	1.0
-0.0007302783196792006	1.0
0.0	1.0
0.0	0.07668711656441718
-0.0001634061336517334	0.0
-2.015707565306002e-07	0.0
-0.0014181963633745909	0.0
-0.020130015909671783	0.0
0.0	1.0
0.0	1.0
-0.0005230874521657825	1.0
-2.9557848392869346e-05	0.012121212121212121
0.0	1.0
0.0	0.0
0.0	1.0
0.0	1.0
0.0	1.0
0.0	0.0
-0.0004955976037308574	1.0
0.0	0.0
0.0	0.08
-0.0637720376253128	0.0
-0.0037633369211107492	0.08
-9.810010669752955e-05	1.0
-0.010359957814216614	0.0
-0.0016159715596586466	0.0
0.0	0.0
0.0	0.0
-0.00019689825421664864	0.0
0.0	0.0
0.0	1.0
0.0	1.0
0.0	1.0
-0.0028803886380046606	0.0
-0.0001421019551344216	1.0
-0.0004897164180874825	1.0
-0.0021783113479614258	1.0
-0.0021444540470838547	1.0
0.0	0.0
0.0	1.0
0.0	1.0
0.0	0.0
0.0	1.0
0.0	0.0
-0.0015151803381741047	1.0
0.0	0.0
0.0	1.0
-0.00016166095156222582	1.0
