0.0	1.0
-0.0011357341427356005	0.0
-2.0762895758252853e-07	0.0
-2.5326418835902587e-05	1.0
0.0	1.0
0.0	1.0
0.0	0.2089227421109902
0.0	0.0
0.0	1.0
0.0	0.0
0.0	1.0
-6.424167804652825e-05	1.0
0.0	1.0
0.0	0.0
0.0	1.0
0.0	1.0
0.0	1.0
0.0	0.0
0.0	1.0
0.0	1.0
0.0	1.0
-0.0002671571564860642	0.0
0.0	1.0
-0.03498425334692001	0.0
0.0	0.0
0.0	0.05834186284544524
-0.0003436623956076801	1.0
0.0	1.0
0.0	1.0
-0.04068737477064133	0.0
0.0	1.0
0.0	1.0
0.0	1.0
-9.083961458600243e-07	0.0
-2.2762435492040822e-06	1.0
-5.548298176449862e-08	1.0
0.0	1.0
0.0	1.0
0.0	1.0
0.0	0.0
-0.002115390030667186	0.0
0.0	1.0
0.0	1.0
-0.000283961882814765	1.0
-0.0005639764713123441	0.0
-2.3819739583541555e-12	1.0
0.0	0.0
0.0	1.0
0.0	1.0
0.0	1.0
0.0	0.0
-6.79095319355838e-05	1.0
-4.0270482713822275e-05	1.0
0.0	1.0
0.0	1.0
0.0	0.0
-5.6766388297546655e-05	1.0
-4.894458470516838e-06	0.0
-0.00039908962207846344	0.0
0.0	1.0
0.0	1.0
0.0	1.0
-6.823653529863805e-05	1.0
0.0	1.0
0.0	0.09
0.0	0.0
0.0	1.0
0.0	1.0
0.0	1.0
-1.577586949963461e-08	1.0
0.0	0.8636363636363636
-0.0025665992870926857	1.0
-6.451720400946215e-05	0.0
-4.405025174492039e-05	1.0
-0.0007460539927706122	1.0
-0.0004904645029455423	0.1206140350877193
0.0	1.0
0.0	0.0
0.0	1.0
0.0	1.0
0.0	1.0
-3.999541513621807e-05	1.0
0.0	1.0
0.0	1.0
0.0	1.0
0.0	1.0
-4.049325355026667e-07	1.0
0.0	1.0
0.0	1.0
-0.00014166296750772744	1.0
-0.01173436176031828	0.6595744680851063
0.0	1.0
-2.2376607375917956e-06	0.478
0.0	0.1686046511627907
0.0	0.0
-3.289939559181221e-05	1.0
0.0	1.0
0.0	0.0
0.0	1.0
0.0	0.0
0.0	1.0
0.0	1.0
-3.518922078640102e-13	0.0
0.0	1.0
-0.003674522042274475	1.0
-4.646763500204543e-06	0.0
0.0	1.0
0.0	1.0
0.0	1.0
0.0	1.0
0.0	0.0
0.0	0.0
0.0	0.0
0.0	0.0
0.0	1.0
-0.0001442508801119402	0.0
-8.761211938690394e-05	0.0
0.0	1.0
0.0	1.0
-4.248079932267501e-08	0.9637046307884856
0.0	1.0
0.0	1.0
0.0	1.0
-0.00011575748067116365	1.0
0.0	0.0
0.0	1.0
-1.2180757948954124e-06	1.0
0.0	1.0
0.0	1.0
0.0	0.0
0.0	1.0
-0.000557590217795223	1.0
0.0	1.0
-8.35449100122787e-05	1.0
-0.0004875708546023816	1.0
0.0	0.0
0.0	1.0
0.0	1.0
0.0	1.0
-3.624552372648304e-13	1.0
0.0	1.0
0.0	1.0
0.0	0.0
0.0	1.0
-0.00013728687190450728	1.0
0.0	1.0
0.0	1.0
0.0	1.0
0.0	1.0
0.0	1.0
0.0	0.11986301369863013
0.0	1.0
-0.012838358990848064	0.0
0.0	1.0
-0.0014256169088184834	1.0
-1.2739949852402788e-05	1.0
0.0	1.0
0.0	1.0
-0.0004960272926837206	0.0
-0.000569038325920701	1.0
0.0	1.0
0.0	1.0
-0.000813340418972075	0.0
-0.00013242900604382157	1.0
0.0	1.0
-1.2818529224190023e-11	1.0
-0.0004923053202219307	0.0021929824561403508
0.0	1.0
-0.00026506659924052656	1.0
-3.412653146184219e-11	1.0
-0.0027513625100255013	0.0
-0.0007730467477813363	1.0
0.0	1.0
-0.000691703287884593	0.07006369426751592
0.0	1.0
0.0	1.0
0.0	1.0
0.0	1.0
-3.698702857946046e-05	0.4972677595628415
0.0	1.0
0.0	1.0
0.0	1.0
0.0	0.0
0.0	1.0
0.0	1.0
0.0	1.0
0.0	1.0
-2.1554475981844234e-09	1.0
-0.001405275077559054	1.0
-2.6064944904646836e-05	0.0
-0.0006706419517286122	1.0
0.0	1.0
0.0	1.0
0.0	0.32114467408585057
0.0	1.0
0.0	1.0
-6.2787789829599205e-06	1.0
0.0	1.0
-5.863426849828102e-05	1.0
0.0	1.0
0.0	1.0
0.0	1.0
-1.0153449636618461e-07	0.0
0.0	1.0
0.0	1.0
0.0	1.0
0.0	0.0
0.0	1.0
0.0	0.0
-1.7732932064973284e-06	1.0
0.0	1.0
-5.476513820212858e-07	0.0
0.0	1.0
0.0	1.0
0.0	1.0
0.0	1.0
-0.0001733212557155639	0.0
-1.0020426998380572e-05	1.0
0.0	0.0
0.0	1.0
0.0	0.0
0.0	1.0
0.0	1.0
-7.542559615103528e-06	0.031007751937984496
-0.0020281821489334106	1.0
0.0	1.0
0.0	1.0
-0.0012804045109078288	0.0
-3.5223936720285565e-05	1.0
-5.826861909641323e-11	0.0
0.0	1.0
-0.0009232747252099216	0.028056112224448898
-0.00185304821934551	0.0
0.0	1.0
0.0	0.0
-8.084614819381386e-05	0.0
-0.0004883866058662534	1.0
0.0	1.0
-2.1121918791777716e-07	0.0
-0.0228054691106081	0.0
-0.0020775310695171356	1.0
-1.2336681720626075e-07	1.0
0.0	1.0
-0.013739099726080894	0.0
-0.056972187012434006	0.0
0.0	1.0
0.0	0.0
-0.007513661403208971	0.0
-1.826633160817437e-05	1.0
0.0	1.0
-3.471643367447541e-06	1.0
-8.937007578424527e-08	1.0
0.0	1.0
0.0	1.0
0.0	1.0
0.0	1.0
-0.00030650367261841893	0.0
0.0	1.0
0.0	1.0
0.0	1.0
0.0	0.060109289617486336
-0.002683547791093588	1.0
0.0	0.0
0.0	1.0
-5.709042613655235e-12	1.0
0.0	1.0
-1.086952465811919e-07	0.0954653937947494
0.0	1.0
0.0	0.0
-0.0017570019699633121	1.0
-1.8112266843672842e-05	1.0
0.0	1.0
-8.297836870951869e-07	0.008290155440414507
0.0	0.1912568306010929
0.0	1.0
0.0	1.0
-3.2017067042033887e-06	1.0
-0.0010897577740252018	1.0
-5.732790597789972e-08	1.0
0.0	0.0
0.0	1.0
0.0	1.0
-3.870727960020304e-05	1.0
0.0	1.0
0.0	0.0
-0.00011655413982225582	1.0
-1.1798767445725389e-05	1.0
-9.388511301722247e-08	1.0
-2.9586347594090512e-08	1.0
-0.0013802038738504052	1.0
-0.0003291018074378371	0.0
0.0	0.0
-0.00173643184825778	1.0
0.0	1.0
0.0	1.0
0.0	1.0
0.0	1.0
-0.012713463045656681	0.0
0.0	1.0
0.0	1.0
0.0	0.0
0.0	0.06852497096399536
0.0	1.0
-0.004777568392455578	0.0
-0.005961086135357618	0.25245098039215685
0.0	1.0
0.0	0.0
0.0	1.0
-2.69337779172929e-05	1.0
0.0	1.0
-2.9284819014208097e-09	1.0
-0.001128455507569015	1.0
0.0	1.0
0.0	1.0
-0.00043964298674836755	0.0
-0.0006622825749218464	1.0
0.0	1.0
-0.0007406287477351725	1.0
0.0	0.010964912280701754
-1.2657683612360415e-07	1.0
0.0	1.0
0.0	1.0
0.0	1.0
-0.0012587049277499318	0.02027027027027027
0.0	0.0
-3.927840953110717e-05	1.0
-0.0019319866551086307	0.0
0.0	1.0
-0.001545109087601304	0.0
-0.00014831102453172207	1.0
-0.0006588685791939497	1.0
0.0	0.0
-0.0004118880024179816	0.0
0.0	0.0
0.0	0.0
-0.002415924798697233	1.0
0.0	1.0
0.0	0.0
0.0	1.0
-0.00037897832226008177	1.0
0.0	1.0
0.0	0.0
0.0	1.0
0.0	1.0
0.0	1.0
-1.473272277507931e-05	1.0
-2.561045221227687e-06	1.0
-1.122223203253725e-09	0.12222222222222222
0.0	1.0
0.0	1.0
0.0	1.0
-3.6575784179149196e-06	1.0
-0.00015164514479693025	0.0
-7.158669745876978e-08	0.0
-0.0015444965101778507	1.0
0.0	1.0
0.0	1.0
-4.2246477427454465e-09	1.0
0.0	0.0
0.0	1.0
0.0	1.0
-0.002106758300215006	1.0
0.0	1.0
0.0	0.0
-1.000206111712032e-06	1.0
0.0	1.0
0.0	1.0
0.0	0.817
0.0	1.0
0.0	1.0
0.0	0.5445255474452555
0.0	1.0
0.0	0.3733733733733734
0.0	1.0
0.0	1.0
-1.7867068935473185e-11	1.0
0.0	1.0
-3.194231248926371e-05	1.0
-0.0009082183823920786	1.0
0.0	1.0
-5.308610298015992e-07	0.5027322404371585
0.0	1.0
-0.014113098382949829	0.0
0.0	1.0
0.0	1.0
0.0	1.0
0.0	0.38095238095238093
0.0	0.31007751937984496
0.0	0.209375
0.0	1.0
0.0	1.0
0.0	1.0
0.0	1.0
0.0	1.0
-0.00023399523342959583	0.0
0.0	1.0
0.0	1.0
0.0	1.0
-8.76472859090427e-06	0.0
0.0	1.0
0.0	0.0
0.0	0.0
0.0	1.0
0.0	1.0
-0.002188336569815874	1.0
0.0	0.1660377358490566
-0.0019093864830210805	1.0
0.0	0.0
0.0	1.0
-1.0122664484413235e-08	1.0
0.0	0.09693251533742331
0.0	1.0
-4.137320865993388e-05	0.0
-2.299033076269552e-05	1.0
-0.0002185746270697564	1.0
0.0	1.0
0.0	1.0
0.0	1.0
-4.798275767825544e-05	1.0
0.0	1.0
0.0	1.0
-2.2833490220364183e-05	0.0
-6.876848783576861e-05	0.0
0.0	0.0
0.0	0.0
0.0	0.19406150583244963
0.0	1.0
0.0	1.0
0.0	1.0
0.0	1.0
0.0	1.0
0.0	1.0
0.0	1.0
0.0	1.0
0.0	1.0
0.0	0.0
-0.002335839904844761	0.0
0.0	1.0
-5.589799343397317e-07	0.0
0.0	1.0
0.0	1.0
0.0	1.0
-1.6348054366396164e-13	1.0
0.0	1.0
0.0	1.0
0.0	1.0
-1.3750201333095902e-06	1.0
0.0	1.0
-9.575319563737139e-05	1.0
-0.0040672700852155685	0.0
-0.0004397645534481853	1.0
-0.01114761270582676	0.0
-7.36186993890442e-05	1.0
0.0	1.0
-0.0019798744469881058	1.0
-0.0003785812295973301	0.0
-0.00010371775715611875	0.0
0.0	0.0
-1.750591422933212e-07	0.003
0.0	0.0
0.0	1.0
0.0	1.0
0.0	1.0
0.0	1.0
0.0	1.0
-2.6990896003553644e-05	1.0
0.0	0.0
0.0	1.0
0.0	0.0
0.0	0.0
-0.001605386147275567	0.0
-4.497459262647885e-12	0.012219959266802444
-9.40106215097103e-10	1.0
0.0	1.0
0.0	0.10703363914373089
-0.0003189557755831629	0.0
0.0	1.0
-1.7407380425993324e-08	1.0
0.0	1.0
-0.013567178510129452	0.0
-2.1110727175255306e-06	1.0
-0.0011529417242854834	1.0
-2.473621805165749e-07	1.0
0.0	0.0
-3.2272987482429016e-07	1.0
-1.6474692529300228e-05	1.0
-7.720741450611968e-07	1.0
-2.841038168610588e-12	1.0
0.0	0.026041666666666668
0.0	1.0
0.0	1.0
-1.0183827470200413e-07	1.0
0.0	1.0
0.0	1.0
-1.46731849781645e-07	1.0
0.0	0.0
0.0	1.0
-2.683689501736808e-07	0.06766917293233082
0.0	1.0
0.0	1.0
0.0	0.0
-7.2219084046309945e-09	1.0
-0.0037723940331488848	0.049723756906077346
0.0	1.0
-5.383480120024764e-11	1.0
-8.453770306005026e-07	1.0
-0.004369018599390984	0.0
0.0	1.0
0.0	1.0
0.0	0.0
0.0	0.0
-6.069151226029135e-08	1.0
0.0	1.0
0.0	0.0
-0.004406441003084183	0.0
0.0	0.0
0.0	0.09210526315789473
0.0	1.0
0.0	0.0
0.0	1.0
0.0	1.0
-5.033142588217743e-05	1.0
0.0	1.0
-4.427262319950387e-05	1.0
0.0	1.0
0.0	1.0
0.0	1.0
-0.0014710414689034224	0.0
-3.072540494031273e-05	1.0
-6.457244960955677e-09	1.0
0.0	1.0
0.0	0.008
0.0	0.0
0.0	0.0
0.0	1.0
