-2.049023169092834e-05	0.0
0.0	1.0
0.0	0.0
-0.0009407626930624247	1.0
0.0	0.0
-2.8037269657943398e-05	0.0
0.0	0.0
0.0	1.0
-0.0013619741657748818	1.0
0.0	1.0
-0.0031951044220477343	1.0
-3.0179293730725476e-08	1.0
0.0	0.0
0.0	0.0
-0.000135792899527587	1.0
0.0	0.0
0.0	1.0
-2.6190159587713424e-06	1.0
0.0	0.14349775784753363
-3.7498488381970674e-05	0.0
-0.006329959258437157	0.0
0.0	1.0
-0.00016866059741005301	0.0
0.0	1.0
-4.352924952399917e-05	1.0
0.0	1.0
-0.008500324562191963	0.0
0.0	1.0
-0.0024557781871408224	0.0
0.0	0.0
0.0	1.0
-0.00048127889749594033	1.0
0.0	0.0
0.0	1.0
-3.795031807385385e-05	1.0
0.0	1.0
0.0	1.0
0.0	0.0
0.0	1.0
-9.693640095065348e-06	0.0
-6.858355732219934e-07	0.0
-0.0012097625294700265	1.0
-1.3967043344109698e-07	0.0
0.0	0.0
-0.0007442003698088229	0.0
0.0	1.0
-1.1892798283952288e-06	1.0
-2.4854083676473238e-05	1.0
0.0	0.0
-4.36261188951903e-06	1.0
0.0	1.0
0.0	1.0
-0.00012517228606157005	0.0
0.0	1.0
-0.036445777863264084	0.0
0.0	1.0
-5.9443776990519837e-05	1.0
-0.0005798384081572294	1.0
-0.0003127163799945265	0.09714285714285714
0.0	0.08050847457627118
-1.1937565432162955e-05	0.0
0.0	1.0
0.0	1.0
-0.007475070655345917	0.56
0.0	0.0
0.0	0.0
-0.0004699724377132952	1.0
-5.351043164125713e-09	1.0
-0.02030990831553936	0.03571428571428571
-3.653226485766936e-06	0.24028629856850717
-0.00017467624275013804	1.0
0.0	0.2
0.0	1.0
-2.2362078411219954e-08	1.0
0.0	0.0
0.0	1.0
0.0	1.0
-0.0007640895200893283	1.0
0.0	0.004739336492890996
0.0	1.0
0.0	0.02702702702702703
0.0	1.0
-0.0008924047579057515	0.0
0.0	1.0
-3.4810993838618742e-06	1.0
0.0	1.0
0.0	0.0
-0.00035225367173552513	1.0
0.0	1.0
0.0	1.0
0.0	1.0
-0.00271807424724102	0.0
0.0	1.0
-0.000469918770249933	0.0
0.0	1.0
-3.6141460441285744e-05	0.0
0.0	0.0
-0.00468798354268074	0.0
0.0	0.0
-1.4933604006728274e-06	0.268
-4.923702363157645e-06	0.05791505791505792
-0.0011248898226767778	1.0
0.0	1.0
0.0	0.0
0.0	0.0
0.0	1.0
-1.3385542843025178e-05	1.0
0.0	0.0
0.0	1.0
-7.611427008669125e-06	1.0
0.0	0.0
0.0	0.0
0.0	1.0
0.0	0.0
0.0	1.0
-3.384707815712318e-05	1.0
0.0	1.0
-1.3802753073832719e-06	1.0
-4.470001968570614e-08	1.0
-2.1611496777040884e-05	1.0
0.0	1.0
-0.0004894491867162287	0.0
0.0	1.0
-0.000779838883318007	1.0
-0.0005368345882743597	1.0
0.0	1.0
0.0	1.0
0.0	0.0
0.0	1.0
-6.288972508627921e-05	1.0
-9.959208000509534e-06	1.0
0.0	0.02446043165467626
-6.447151008615037e-07	1.0
-0.000261554989265278	1.0
0.0	1.0
0.0	0.0
0.0	1.0
0.0	1.0
0.0	0.0
-6.581269190064631e-06	1.0
0.0	1.0
-0.013755247928202152	0.5454545454545454
-2.88372792311975e-08	1.0
-0.00011511697084642947	1.0
0.0	0.45285524568393093
-0.00022589295986108482	0.0
-1.5604404325131327e-05	0.0
0.0	1.0
-0.001164291170425713	1.0
0.0	1.0
-2.6792929475050187e-06	0.0
0.0	1.0
0.0	1.0
0.0	1.0
0.0	0.0
0.0	0.0
-1.5129209714359604e-05	0.0
-1.8329959772245275e-09	1.0
-5.116062311572023e-05	1.0
0.0	0.0
0.0	1.0
-2.7385871348428736e-09	1.0
-4.028841067338362e-05	1.0
0.0	0.0
-9.815728844841942e-06	1.0
0.0	1.0
0.0	1.0
-1.9612903088273015e-06	1.0
-3.4514937397034373e-06	0.0
-1.2980732044809429e-08	0.0
-0.0006936533027328551	0.0
0.0	0.8461538461538461
0.0	0.0
-1.8443105886944977e-07	1.0
-3.837974382747689e-09	1.0
0.0	1.0
-5.12511496708612e-06	0.371900826446281
-0.009441843256354332	0.0
-0.0003917284484487027	0.0
0.0	1.0
-0.013047456741333008	0.0
0.0	1.0
0.0	1.0
0.0	1.0
0.0	0.7069199457259159
0.0	0.0
0.0	1.0
0.0	0.0
0.0	1.0
-7.632682354596909e-06	1.0
-0.0063168820925056934	0.0
-0.0007808664813637733	0.0
0.0	1.0
0.0	1.0
-0.0002401563833700493	1.0
-3.6685840314021334e-05	1.0
0.0	0.0
0.0	1.0
0.0	1.0
-0.004832967184484005	0.0
-0.0004417471354827285	0.0
0.0	0.0
0.0	0.0
-3.470056981313974e-05	0.0
-0.012893310748040676	0.0
-6.000782803994298e-08	1.0
0.0	1.0
-0.002653319388628006	0.0
0.0	0.0022650056625141564
-4.673221155826468e-06	1.0
0.0	0.0
0.0	0.8073270013568521
0.0	1.0
0.0	0.03972602739726028
0.0	1.0
0.0	0.0
0.0	1.0
0.0	1.0
-1.4337911125039682e-06	1.0
-0.0003061825118493289	0.0
0.0	0.0025906735751295338
-3.399604247533716e-05	1.0
0.0	1.0
-9.456034035792982e-07	0.9485199485199485
-0.15283629298210144	0.0
0.0	1.0
0.0	0.0
-0.04704061150550842	0.0
0.0	1.0
0.0	1.0
0.0	1.0
0.0	0.0
-0.0005008397856727242	0.7677083333333333
0.0	1.0
-1.330339910055045e-05	1.0
0.0	1.0
0.0	0.0
-0.0005079576512798667	0.0
0.0	1.0
0.0	1.0
-8.575116225983948e-07	1.0
-1.4346879652293865e-05	0.0
0.0	0.0
-0.0013524520909413695	1.0
-1.0462567701097214e-08	0.7374517374517374
0.0	0.7557666214382632
-0.00090442830696702	1.0
-0.0008074180223047733	0.0
0.0	1.0
-1.4422202321284772e-10	0.04657534246575343
-1.2438378860224475e-07	1.0
0.0	1.0
-0.00039381312672048807	0.0
-8.180021495718393e-07	1.0
0.0	0.25245441795231416
0.0	1.0
-0.00024949913495220244	1.0
-0.0022105821408331394	1.0
0.0	0.0
-4.70402710561757e-06	1.0
0.0	0.0
0.0	0.0
0.0	1.0
0.0	1.0
0.0	1.0
-1.6174897865539606e-08	0.01251303441084463
0.0	0.004464285714285714
0.0	0.0
-2.785405399663432e-07	1.0
0.0	1.0
0.0	0.22422422422422422
0.0	1.0
0.0	1.0
0.0	0.09814323607427056
-1.0590498478180166e-09	0.013353115727002967
-5.447217972687213e-06	0.9461883408071748
-0.00013536580081563443	1.0
0.0	1.0
0.0	1.0
-3.9984701771800246e-08	1.0
0.0	0.0
0.0	1.0
0.0	1.0
0.0	0.0
0.0	1.0
0.0	0.0
-0.0002907750313170254	1.0
0.0	0.96
-0.00020965949806850404	1.0
-1.3411265342710976e-07	1.0
0.0	1.0
0.0	1.0
-0.00011699980677803978	0.9485199485199485
-2.73372961601126e-07	0.0
-0.01966293528676033	0.0
-0.008010049350559711	0.0
0.0	0.0
0.0	1.0
0.0	1.0
0.0	1.0
-1.1475016492568102e-08	1.0
0.0	1.0
-4.612275370163843e-05	1.0
0.0	1.0
0.0	1.0
-4.145889306528261e-06	1.0
0.0	1.0
0.0	1.0
0.0	1.0
0.0	1.0
0.0	0.0
-4.008462450855177e-09	1.0
-1.4926880567145417e-06	1.0
0.0	1.0
0.0	1.0
0.0	1.0
0.0	1.0
-7.988531251612585e-06	1.0
0.0	1.0
0.0	0.0
0.0	0.05238095238095238
0.0	1.0
-0.02033655159175396	0.0
0.0	1.0
0.0	0.0
-0.01617608219385147	0.0
0.0	0.0
-0.00025526972603984177	1.0
0.0	1.0
0.0	1.0
-5.926685389567865e-06	1.0
-0.002945725806057453	0.0
-5.992844194224745e-07	1.0
0.0	1.0
-0.01877725124359131	0.0
0.0	1.0
0.0	1.0
-0.0026208057533949614	0.0
0.0	0.0
-0.0001282077719224617	1.0
0.0	1.0
-2.4668672722327756e-06	1.0
-0.008005316369235516	0.0
-5.5681295634713024e-05	1.0
0.0	1.0
0.0	1.0
-2.649922862474341e-05	1.0
0.0	1.0
0.0	1.0
0.0	0.0
0.0	1.0
0.0	0.0
-0.0004900250933133066	1.0
0.0	1.0
0.0	1.0
0.0	1.0
0.0	0.0
0.0	1.0
0.0	1.0
-0.010216997005045414	0.0
-0.0034586002584546804	0.0
0.0	1.0
-0.0007707747281529009	1.0
0.0	1.0
0.0	0.03139013452914798
0.0	1.0
0.0	1.0
0.0	0.0
0.0	0.0
0.0	0.001287001287001287
-2.3433732385114148e-11	1.0
-0.00015032794908620417	0.0018587360594795538
0.0	0.0
0.0	0.47047047047047047
-2.6754996440558898e-08	1.0
0.0	0.2312435765673176
0.0	1.0
0.0	1.0
-2.3889598632642617e-10	0.0
0.0	1.0
0.0	1.0
-4.453900328371674e-05	0.0
0.0	0.0
-0.00020731163385789841	1.0
-2.233186705780099e-06	0.005291005291005291
0.0	1.0
-0.002246513497084379	0.2273190621814475
-3.9394056905450725e-09	1.0
-0.0004931578296236694	0.0
0.0	1.0
0.0	1.0
0.0	1.0
-5.671256076311693e-06	0.4722222222222222
0.0	1.0
-0.0002453708730172366	1.0
-2.3568570384213672e-07	0.0
-6.768594857931021e-07	0.0015337423312883436
-3.6187867635817383e-07	1.0
-0.00019410082313697785	0.059593023255813955
0.0	1.0
0.0	1.0
-0.00047518269275315106	1.0
-0.0001949375873664394	1.0
-4.8653833800926805e-05	1.0
0.0	0.0
0.0	0.9485199485199485
-4.379765232442878e-05	1.0
0.0	1.0
-9.749031443240241e-12	0.0
0.0	1.0
0.0	1.0
-0.0034949115943163633	0.0
0.0	1.0
-1.4403089153347537e-05	1.0
0.0	1.0
0.0	0.0031120331950207467
0.0	1.0
-0.00029259134316816926	0.0
0.0	1.0
0.0	1.0
-0.012317615561187267	0.06624605678233439
0.0	1.0
0.0	1.0
0.0	0.0013605442176870747
0.0	1.0
0.0	1.0
0.0	1.0
-2.307240265508881e-06	1.0
0.0	0.0
0.0	0.0
0.0	1.0
0.0	1.0
-0.004028230905532837	0.0
-1.2541979685920523e-06	0.0
0.0	0.0
0.0	1.0
0.0	1.0
0.0	1.0
0.0	1.0
0.0	0.0
-1.1717888810380828e-06	0.0
0.0	1.0
0.0	1.0
-0.00016708327166270465	1.0
-0.0017818482592701912	0.0
0.0	1.0
0.0	1.0
-6.102789848227985e-05	1.0
-4.1036852849174466e-07	1.0
0.0	1.0
0.0	0.0
0.0	1.0
-0.0007081772782839835	0.0
-3.5408324947638903e-06	0.0
-0.0013006813824176788	1.0
0.0	1.0
0.0	1.0
-6.316818326013163e-05	1.0
-0.12926946580410004	0.0
-2.7281231496090186e-07	1.0
0.0	1.0
-4.6545039822376566e-08	1.0
0.0	0.0
0.0	0.0
-0.00015933089889585972	1.0
0.0	0.0
0.0	1.0
0.0	1.0
-8.700537179606727e-09	1.0
0.0	1.0
0.0	1.0
0.0	1.0
0.0	1.0
0.0	1.0
-4.556587555271108e-06	0.0
0.0	1.0
-0.00024619055329822004	1.0
0.0	0.22340425531914893
0.0	1.0
0.0	1.0
0.0	0.777
0.0	1.0
0.0	0.8333333333333334
0.0	1.0
0.0	1.0
0.0	1.0
0.0	1.0
-4.328693421484786e-07	1.0
-3.822741291514831e-06	1.0
0.0	1.0
0.0	1.0
-4.9684520386783504e-11	1.0
-1.6459525795653462e-05	0.0
-0.00020627322373911738	1.0
-0.0005838146316818893	0.0
0.0	1.0
0.0	1.0
0.0	1.0
0.0	1.0
-0.0018293660832569003	0.0
0.0	0.0
0.0	1.0
0.0	1.0
0.0	1.0
-1.8117376384907402e-05	0.0
0.0	0.0
0.0	0.0
-0.002544949995353818	0.0
-0.000588921073358506	1.0
0.0	1.0
-0.00013936123286839575	1.0
-2.436798058624845e-05	1.0
0.0	1.0
-4.2714777492847134e-08	1.0
-0.0006904915790073574	1.0
0.0	0.005555555555555556
-7.980568170751212e-07	1.0
0.0	1.0
0.0	1.0
0.0	1.0
-0.00010503317753318697	1.0
-4.6045042836340144e-05	0.0
0.0	0.0
0.0	1.0
0.0	1.0
0.0	0.0
0.0	1.0
-0.0002006315771723166	1.0
-0.0009022460435517132	1.0
0.0	0.0
-0.0005980948335491121	0.0
0.0	0.0
-0.00043084227945655584	0.0
0.0	0.06564245810055866
0.0	1.0
0.0	0.0
0.0	1.0
0.0	1.0
-3.644787648227066e-05	1.0
0.0	0.061611374407582936
0.0	0.0
0.0	1.0
0.0	1.0
0.0	0.0
-7.218350916993188e-10	1.0
-0.0040162354707717896	0.0
0.0	1.0
-4.1491627911227624e-08	0.0
-1.151823303402466e-09	1.0
0.0	0.0
-4.814196784275193e-12	1.0
0.0	1.0
0.0	0.009478672985781991
-4.600007287081098e-06	0.06459948320413436
0.0	0.0
0.0	1.0
0.0	1.0
-1.0861648291893289e-07	1.0
0.0	1.0
-0.022648772224783897	0.0
-9.499001976109867e-07	1.0
0.0	1.0
-5.850142042618245e-05	1.0
-0.0005410046433098614	0.0
-3.116218067589216e-05	0.0
0.0	1.0
-3.1604118703398854e-05	1.0
0.0	1.0
-3.9782818930689245e-05	1.0
-0.0009105872013606131	1.0
0.0	0.328804347826087
0.0	1.0
0.0	0.0
0.0	1.0
0.0	0.01904761904761905
0.0	1.0
-2.8664734457158672e-21	0.7467071935157041
-0.0002656256256159395	0.0
-0.0010015555890277028	1.0
-2.3574521037517115e-05	0.0
-0.00033096811966970563	1.0
-8.116685785353184e-05	1.0
-0.0005628412473015487	1.0
0.0	1.0
-0.008737173862755299	0.0
-7.003303835517727e-06	1.0
0.0	1.0
-0.0011968839680776	0.0
-8.071299089351669e-05	1.0
0.0	0.0013003901170351106
0.0	0.0
-0.01357338111847639	0.08333333333333333
0.0	1.0
0.0	0.0
0.0	1.0
-0.026246575638651848	0.0
0.0	1.0
0.0	0.0
-0.00019554950995370746	1.0
-9.718650773038462e-09	1.0
-0.00028210468008182943	0.0
-0.007583557162433863	0.0
0.0	1.0
-2.1079879388707923e-06	0.0
0.0	1.0
