0.0	1.0
-0.00015532573161181062	0.0
0.0	1.0
0.0	1.0
0.0	1.0
-1.6960494804152404e-06	1.0
0.0	1.0
0.0	1.0
0.0	1.0
0.0	1.0
-1.3126110388839152e-05	1.0
0.0	1.0
0.0	1.0
0.0	1.0
-0.00043430019286461174	0.0
-4.234711923345458e-06	1.0
-0.0001765808992786333	1.0
0.0	0.0
0.0	1.0
0.0	1.0
-1.3876811921775811e-09	1.0
0.0	1.0
0.0	1.0
0.0	1.0
0.0	0.0
-0.0016569338040426373	1.0
-0.0002246486401418224	1.0
-6.602057510463055e-06	1.0
-7.000300001891446e-07	0.03125
-1.3293589518070803e-07	0.0
-1.1378431736375205e-05	1.0
0.0	0.4778672032193159
0.0	1.0
0.0	1.0
0.0	1.0
0.0	1.0
-3.8447131373686716e-05	1.0
-0.00016281017451547086	1.0
0.0	1.0
-0.0027987994253635406	0.0
0.0	1.0
-2.7655778112034568e-08	1.0
0.0	1.0
-0.00010977807687595487	1.0
-0.00016952690202742815	1.0
0.0	1.0
0.0	0.178
0.0	0.26277372262773724
-0.0001781611208571121	1.0
0.0	0.0
-4.491179061005823e-05	1.0
0.0	1.0
-9.772494377102703e-05	1.0
0.0	1.0
0.0	0.0
-0.0004239579720888287	0.0
0.0	1.0
0.0	0.0
-6.972199480514973e-05	1.0
-0.0006843249429948628	1.0
0.0	1.0
0.0	1.0
0.0	1.0
0.0	1.0
0.0	0.0
0.0	1.0
-0.0010228039463981986	1.0
0.0	0.03728813559322034
-2.1415418771653094e-08	0.031062124248496994
-0.0014840424992144108	0.031155778894472363
0.0	0.035175879396984924
-4.533215815172298e-06	0.0
0.0	1.0
0.0	1.0
0.0	1.0
0.0	1.0
0.0	1.0
0.0	1.0
-3.905365247192094e-06	1.0
0.0	1.0
0.0	1.0
0.0	0.0
0.0	1.0
0.0	1.0
0.0	0.992
0.0	1.0
0.0	1.0
0.0	1.0
0.0	1.0
-1.2391689097057679e-06	1.0
0.0	0.43018867924528303
-0.01915617100894451	0.0
0.0	1.0
-0.0006678021163679659	0.0
-2.0762688563991105e-06	1.0
0.0	1.0
0.0	0.1641025641025641
-4.1786950788491595e-08	0.0
0.0	1.0
0.0	1.0
0.0	1.0
-0.0006687004934065044	1.0
0.0	1.0
-2.1580276552413125e-06	0.0
0.0	1.0
0.0	1.0
0.0	0.0
-1.9351205421733312e-19	1.0
0.0	1.0
-0.0008035529754124582	1.0
-1.2099065749282545e-08	0.0
-0.00018913632084149867	1.0
-2.5353948274187132e-08	1.0
0.0	1.0
-0.0011142267612740397	0.0
0.0	0.01750291715285881
-6.252089224290103e-05	1.0
-0.0021182990167289972	1.0
-0.0003400054411031306	0.0031088082901554403
0.0	0.0
0.0	1.0
0.0	0.06622516556291391
-6.268938886933029e-05	1.0
-0.02461499534547329	0.0
-6.697796925436705e-05	0.0
-5.857808016429544e-09	0.0
0.0	1.0
0.0	1.0
0.0	1.0
-0.0003543297352734953	0.0
-8.277018059743568e-05	1.0
-0.00023389772104565054	1.0
-3.3527052119806944e-13	1.0
0.0	1.0
0.0	1.0
0.0	1.0
0.0	1.0
-3.5575675383370253e-07	1.0
-0.0005080162081867456	1.0
0.0	1.0
0.0	1.0
0.0	1.0
0.0	1.0
-1.7741712099450524e-06	0.0
-0.0804867371916771	0.0
0.0	1.0
0.0	0.008105369807497468
-0.010452665388584137	0.0
0.0	1.0
0.0	1.0
0.0	0.0
0.0	0.0
0.0	1.0
-7.327572529902682e-05	1.0
-4.77497887914069e-05	1.0
0.0	1.0
-0.003929923288524151	0.0
-1.317188580429729e-08	0.05371900826446281
-0.002047264249995351	0.0337909186906019
0.0	1.0
0.0	1.0
-7.473605023733398e-08	0.0
0.0	0.02169421487603306
0.0	0.0
0.0	1.0
-4.89874801132828e-05	0.011538461538461539
0.0	1.0
0.0	1.0
0.0	1.0
0.0	1.0
0.0	0.0
-0.00011657027789624408	0.0
0.0	1.0
-0.00011172400263603777	1.0
0.0	0.0
0.0	1.0
-6.05142815857107e-07	1.0
0.0	1.0
0.0	1.0
0.0	0.0
-4.1297774089343875e-08	0.0
0.0	1.0
0.0	1.0
0.0	1.0
0.0	0.0
-4.9219292122870684e-05	1.0
0.0	1.0
0.0	1.0
-2.4071296138572507e-05	0.041666666666666664
0.0	0.0
0.0	1.0
-0.00011688633094308898	0.0
0.0	1.0
0.0	1.0
0.0	1.0
-1.0147885404876433e-05	1.0
0.0	1.0
-0.0004307926574256271	0.0
0.0	1.0
0.0	1.0
-1.5434662228863694e-11	1.0
-1.35641520238039e-09	0.0
0.0	0.0
0.0	1.0
0.0	1.0
-0.00032747452496550977	0.0
-0.0034080957993865013	0.018651362984218076
-7.812858626721209e-08	0.0
-6.5559188442421146e-06	0.0
0.0	1.0
-0.0010743202874436975	0.1502016129032258
0.0	0.09090909090909091
-2.9288318437181715e-09	0.0
0.0	1.0
0.0	1.0
-3.423304224270396e-05	0.0
-9.777033483260311e-06	1.0
0.0	1.0
-0.007550522685050964	0.0
-0.0013713175430893898	0.05204460966542751
-1.2672931916313246e-05	1.0
-0.0007913619629107416	1.0
0.0	1.0
-2.290352676936891e-05	1.0
-7.811634714016691e-05	1.0
0.0	1.0
0.0	1.0
0.0	0.0
0.0	1.0
0.0	0.17627118644067796
-0.004245697986334562	1.0
-0.000627458153758198	0.02151639344262295
0.0	1.0
-4.2501364077907056e-05	1.0
-0.000724343815818429	0.04897959183673469
-0.0004682436119765043	0.0
0.0	1.0
-4.769934821524657e-05	1.0
0.0	1.0
0.0	1.0
0.0	1.0
-1.6834144389576977e-06	0.0
-0.001119901891797781	1.0
0.0	1.0
-9.892341768136248e-05	1.0
0.0	0.0
0.0	0.0
0.0	1.0
-0.00013447007222566754	1.0
0.0	1.0
-3.196840014929592e-11	1.0
0.0	1.0
-1.3975284673506394e-05	1.0
-0.02002805471420288	0.0
0.0	1.0
-0.0008381138322874904	1.0
0.0	1.0
0.0	1.0
0.0	1.0
0.0	1.0
-0.0011315284064039588	0.0
0.0	1.0
0.0	1.0
0.0	1.0
0.0	1.0
0.0	1.0
0.0	0.0
0.0	0.0
-0.00024519540602341294	1.0
-0.0019011725671589375	1.0
-0.0023247567005455494	1.0
0.0	1.0
0.0	0.0
-4.593181438394822e-05	1.0
-3.82562893719296e-06	1.0
0.0	0.0
-0.0005056739901192486	1.0
-1.915651955641806e-05	1.0
0.0	1.0
-2.757305628620088e-05	1.0
0.0	1.0
0.0	0.0
-1.7536920495331287e-05	0.0
-0.0002853126497939229	0.0
0.0	0.306
0.0	1.0
-5.445622809929773e-05	0.0
0.0	1.0
0.0	1.0
0.0	1.0
0.0	1.0
-0.0014058193191885948	0.0
-0.00015897183038759977	0.0
-0.0012361508561298251	1.0
-0.007447166368365288	0.0
-9.680494986241683e-05	0.0
0.0	1.0
0.0	1.0
0.0	0.0
0.0	1.0
0.0	1.0
0.0	1.0
-7.492960141242122e-10	0.016129032258064516
-0.02771482989192009	0.0
0.0	1.0
0.0	1.0
-0.00010767068306449801	0.0
-1.3567047929541332e-08	1.0
0.0	1.0
-3.9415288483724e-05	1.0
0.0	1.0
-0.0002711643173824996	1.0
0.0	0.0
-3.261243546148762e-05	0.0
-7.50402468838729e-05	0.0
0.0	1.0
-1.2502951904025394e-05	1.0
0.0	1.0
0.0	1.0
-0.001982878427952528	1.0
-0.0025969678536057472	0.0
0.0	1.0
-0.0011424522381275892	0.0
-2.8932743134646444e-07	1.0
0.0	1.0
-0.002007558709010482	1.0
0.0	0.0
0.0	1.0
-8.475254986706204e-08	1.0
0.0	0.0
-1.7774578964235843e-07	1.0
0.0	1.0
0.0	0.0
-0.00010660939005902037	1.0
0.0	1.0
0.0	0.13241525423728814
0.0	1.0
0.0	0.0
0.0	0.0
0.0	0.007352941176470588
0.0	1.0
-0.0005857448559254408	1.0
-0.00141775025986135	1.0
0.0	1.0
-0.0022029292304068804	1.0
0.0	1.0
0.0	1.0
-0.003961576614528894	0.0
0.0	1.0
-9.277881326852366e-05	1.0
0.0	1.0
-1.6805719482704262e-08	1.0
-1.799471465346869e-05	1.0
-0.00871759932488203	0.0
-0.0006118927849456668	0.0
0.0	1.0
-0.00542256236076355	0.0
0.0	1.0
0.0	1.0
0.0	1.0
0.0	1.0
0.0	1.0
0.0	1.0
0.0	0.0
-3.073788832352875e-07	1.0
-4.858077227254398e-05	1.0
-9.983760537579656e-05	1.0
0.0	1.0
0.0	1.0
-0.00013224674330558628	0.0
-1.7149080804301775e-06	1.0
-0.005471694748848677	0.0
0.0	0.0
-1.1791753351531042e-08	0.0
-3.372251455857622e-07	0.0
0.0	0.0
0.0	1.0
0.0	1.0
-0.00021035454119555652	0.0
-1.3946649232821073e-05	1.0
0.0	1.0
-8.534390616432574e-08	1.0
-0.0002766899124253541	1.0
0.0	0.0
0.0	0.0
-0.00012368650641292334	0.0
-0.0011436851928010583	0.0
0.0	1.0
-0.0008525756420567632	0.20804195804195805
-0.00024875495000742376	1.0
0.0	0.0
-0.00031949213007465005	0.0
-0.016633743420243263	0.0
0.0	1.0
0.0	0.49056603773584906
0.0	1.0
0.0	1.0
0.0	0.20943134535367544
-0.001595158944837749	0.0
0.0	0.0
0.0	1.0
-0.00013159173249732703	1.0
-0.003699143650010228	0.0
0.0	1.0
-0.0008364187087863684	0.009278350515463918
-0.0042536030523478985	0.012371134020618556
0.0	1.0
0.0	1.0
-0.0022708659525960684	0.0
0.0	1.0
0.0	1.0
-9.70843029790558e-06	1.0
0.0	1.0
0.0	1.0
0.0	1.0
0.0	1.0
0.0	1.0
0.0	1.0
0.0	0.3868312757201646
-5.545985448662805e-09	1.0
0.0	1.0
-0.0004048205155413598	0.0
0.0	0.0
0.0	1.0
0.0	0.0
-0.0006843700539320707	1.0
0.0	1.0
0.0	1.0
-6.400786332960706e-06	0.0
0.0	0.0
0.0	1.0
-4.245059608365409e-05	1.0
0.0	1.0
0.0	1.0
-2.242439904875937e-07	1.0
-1.0069095424114494e-07	1.0
0.0	1.0
0.0	1.0
-8.828490598462288e-26	0.0
0.0	1.0
0.0	1.0
0.0	1.0
0.0	1.0
-7.3740898187679704e-06	0.04044489383215369
0.0	1.0
0.0	1.0
-0.001048355596140027	0.032355915065722954
0.0	0.0
0.0	0.0
0.0	1.0
-0.00289409258402884	0.0010111223458038423
-0.0007247909670695662	1.0
0.0	0.0
-2.1919208847975824e-07	0.0
0.0	0.0
0.0	1.0
0.0	1.0
0.0	1.0
0.0	0.0
0.0	1.0
-0.00038577333907596767	1.0
0.0	1.0
-3.138111060252413e-05	1.0
0.0	1.0
0.0	1.0
0.0	1.0
0.0	0.0
-1.465807726933055e-13	1.0
-2.0849927295785164e-07	1.0
-1.122749154092162e-06	0.0
0.0	0.0
0.0	1.0
-5.979319030302577e-05	1.0
0.0	1.0
-0.06540760397911072	0.0
0.0	1.0
-3.140764537334917e-09	1.0
0.0	0.0
0.0	1.0
0.0	0.0
0.0	1.0
0.0	0.0
-0.0012914423132315278	0.0
-0.0012431571958586574	0.0
0.0	0.0
-3.264026599936187e-05	1.0
-2.6104378775926307e-05	0.0
-0.0008057381492108107	0.02582496413199426
-0.02612423337996006	0.0
0.0	1.0
0.0	0.0
0.0	0.019230769230769232
0.0	1.0
0.0	1.0
-0.00021571895922534168	0.992
0.0	0.0
0.0	1.0
-0.0003829099587164819	1.0
0.0	0.0
0.0	0.022727272727272728
-0.0002985045430250466	1.0
0.0	0.0
0.0	1.0
-5.201369543406109e-11	1.0
-2.1053271126447726e-08	1.0
-0.000507257878780365	1.0
0.0	0.0
0.0	1.0
0.0	1.0
0.0	1.0
-9.736992797115818e-05	1.0
0.0	0.004052684903748734
-7.271084427884489e-07	0.0
-0.00127601798158139	0.007215007215007215
0.0	1.0
0.0	1.0
-4.917192200082354e-06	1.0
0.0	1.0
0.0	1.0
-0.05194464698433876	0.0
0.0	0.0
0.0	0.992
0.0	1.0
-4.726140105049126e-06	0.30457380457380456
-2.740687250479823e-06	1.0
-4.984893530490808e-05	0.0
0.0	1.0
0.0	0.992
0.0	0.0
-0.00011527298192959279	1.0
0.0	1.0
0.0	0.0
0.0	1.0
0.0	0.0
0.0	0.0
0.0	1.0
-9.374300821544685e-15	0.007
0.0	0.0
