-7.860452751629055e-05	1.0
-0.00039835009374655783	1.0
0.0	0.0
0.0	1.0
0.0	0.0020304568527918783
0.0	0.0020304568527918783
0.0	1.0
0.0	1.0
0.0	1.0
0.0	1.0
0.0	1.0
0.0	1.0
0.0	1.0
0.0	1.0
0.0	1.0
-0.002326620975509286	0.0
-3.170316631440073e-05	1.0
0.0	1.0
0.0	0.0
-4.878390313933778e-07	1.0
-2.1769638181012851e-07	0.0
-0.00015786598669365048	0.0
-0.0009471826488152146	1.0
0.0	1.0
0.0	1.0
0.0	1.0
0.0	0.0
0.0	1.0
0.0	1.0
-0.00012553570559248328	1.0
0.0	1.0
0.0	0.0
-2.438797082504607e-06	1.0
0.0	1.0
-3.907383870682679e-06	1.0
-0.000396560353692621	1.0
-3.1068782845977694e-05	0.0
0.0	1.0
0.0	1.0
0.0	0.0
0.0	1.0
0.0	0.08253968253968254
0.0	0.0
0.0	1.0
0.0	0.0
0.0	1.0
0.0	1.0
0.0	0.0
-0.004388850647956133	0.06796116504854369
0.0	1.0
0.0	1.0
0.0	0.0
0.0	0.01748971193415638
-1.7054106820069137e-06	1.0
0.0	0.0
0.0	1.0
0.0	0.0
-5.1167010184371975e-08	1.0
0.0	1.0
0.0	0.42213114754098363
-0.00036559998989105225	1.0
0.0	0.0
-0.01624913513660431	0.0
0.0	1.0
0.0	0.005479452054794521
0.0	1.0
-1.2727468856610358e-05	1.0
-6.222399679245427e-05	1.0
0.0	1.0
-0.0002760643546935171	1.0
0.0	1.0
-8.172246452886611e-06	1.0
0.0	1.0
0.0	1.0
-1.0691478813384947e-08	1.0
-4.257883645664151e-08	1.0
-5.475292823575728e-07	0.021367521367521368
0.0	0.0
0.0	0.0
0.0	0.0
0.0	1.0
-0.0002293869765708223	0.0
0.0	1.0
-8.517945389030501e-05	0.008928571428571428
0.0	1.0
-0.00018353878112975508	1.0
0.0	1.0
-0.00011242313485126942	1.0
-0.0005387971177697182	0.0
-1.2242381587646012e-11	1.0
-0.0013022173661738634	1.0
-0.0052392869256436825	0.0
-0.00018475644174031913	1.0
0.0	1.0
0.0	1.0
0.0	0.0
-0.00044481977238319814	1.0
0.0	0.0
0.0	1.0
0.0	0.0
-0.006009415257722139	0.0
-4.558305590762757e-05	1.0
0.0	1.0
-4.3267242290312424e-05	1.0
-0.00017655798001214862	1.0
-0.008490811102092266	0.0
0.0	1.0
0.0	1.0
0.0	1.0
0.0	1.0
0.0	0.0
0.0	1.0
0.0	1.0
-0.0003267718420829624	1.0
0.0	1.0
0.0	0.0
0.0	1.0
-2.1942616967862705e-07	1.0
0.0	1.0
0.0	0.0
0.0	1.0
-3.625656290751067e-06	1.0
-1.769336144263889e-08	0.0
0.0	1.0
0.0	1.0
-0.0003047242353204638	0.0
0.0	1.0
0.0	0.819078947368421
0.0	1.0
-0.00017663731705397367	0.0
-0.0009694386390037835	0.010309278350515464
0.0	1.0
0.0	0.1774193548387097
0.0	1.0
-4.9981288611888885e-05	1.0
-4.5020556171948556e-07	1.0
-2.9632829523507098e-08	1.0
-5.6041066272882745e-05	1.0
0.0	0.7957446808510639
0.0	1.0
-2.2948219324803176e-08	1.0
-0.0024266946129500866	0.0
0.0	0.0
0.0	1.0
-2.1978037693770602e-05	1.0
-0.0001284986938117072	1.0
0.0	1.0
0.0	1.0
-4.189731043879874e-05	0.0
0.0	0.0
0.0	0.0
-8.13472122995762e-10	1.0
-6.239789945539087e-05	0.013801756587202008
-0.00018663830996956676	1.0
0.0	1.0
0.0	1.0
-1.0156408279726747e-05	1.0
0.0	1.0
0.0	0.5062630480167014
-3.9410213048540754e-07	0.0
0.0	1.0
0.0	0.0
0.0	0.0
0.0	1.0
0.0	1.0
0.0	1.0
-0.00012140731996623799	1.0
0.0	0.0
0.0	0.0
0.0	0.09647302904564316
0.0	1.0
0.0	1.0
0.0	0.0
-7.747885991636616e-13	0.0
-4.53628454124555e-05	1.0
-0.0009782543638721108	1.0
0.0	1.0
-0.0006933542899787426	1.0
0.0	1.0
0.0	0.0
-3.093002669629641e-05	0.515
-0.000737055903300643	1.0
0.0	1.0
-7.277612894540653e-07	1.0
0.0	1.0
0.0	1.0
0.0	1.0
0.0	1.0
-6.829550258657946e-10	1.0
-0.0015824520960450172	0.06930693069306931
0.0	1.0
0.0	1.0
-0.00017455720808357	1.0
-0.002301647560670972	0.0
0.0	1.0
0.0	1.0
-0.0003323381533846259	1.0
0.0	0.0
0.0	1.0
-0.0020134206861257553	1.0
-1.4543635415975587e-06	0.0
0.0	1.0
0.0	1.0
-1.9655424239317654e-06	0.0
-0.01281778234988451	0.0
-8.542508922460001e-09	0.0
-3.337606540299021e-05	1.0
0.0	0.0
-8.08776519534149e-07	0.0
0.0	1.0
0.0	1.0
0.0	1.0
0.0	1.0
0.0	1.0
0.0	1.0
-6.265536853788944e-07	1.0
-2.090588168357499e-05	0.554
0.0	1.0
0.0	1.0
0.0	1.0
-7.386194766922927e-08	0.06597938144329897
0.0	1.0
-1.5421953714067627e-09	1.0
-6.530646601277112e-08	0.0
0.0	0.0
-3.410647195778438e-06	0.0
0.0	1.0
-0.0007881522178649902	1.0
0.0	1.0
-3.7680140257956296e-11	1.0
0.0	1.0
0.0	0.0
-1.221947201202056e-07	1.0
0.0	1.0
-1.1785754594484388e-07	0.0
-0.000126799670397304	1.0
0.0	1.0
0.0	1.0
-8.753373137437848e-09	1.0
0.0	0.0
0.0	1.0
0.0	0.14285714285714285
0.0	1.0
0.0	1.0
0.0	1.0
-1.6561883967369795e-05	1.0
-0.012515726499259472	0.0
0.0	0.0
-0.0010950231226161122	0.0
0.0	1.0
-9.675424371380359e-05	0.0
0.0	1.0
0.0	1.0
0.0	0.0
-4.1035681874745933e-07	1.0
0.0	0.0
0.0	1.0
0.0	1.0
0.0	1.0
0.0	1.0
0.0	1.0
-5.64831898373086e-05	1.0
0.0	0.06930693069306931
0.0	0.09424920127795527
0.0	1.0
0.0	0.0
-6.144788130768575e-06	0.7711340206185567
-2.0408585896802833e-06	0.4874274661508704
0.0	1.0
-1.1148363048690824e-12	0.6457219251336899
0.0	1.0
0.0	1.0
0.0	1.0
0.0	0.0
0.0	1.0
0.0	1.0
0.0	1.0
-2.7769514417741448e-05	0.020618556701030927
0.0	1.0
0.0	0.0
0.0	1.0
0.0	1.0
-1.5323108115694595e-08	1.0
-8.698161114983893e-12	1.0
0.0	0.9230769230769231
0.0	1.0
0.0	1.0
0.0	1.0
-0.00018126194481737912	0.8064516129032258
-0.0003398926346562803	1.0
0.0	1.0
0.0	0.6666666666666666
0.0	1.0
0.0	1.0
0.0	1.0
0.0	1.0
0.0	1.0
0.0	1.0
0.0	1.0
-3.047523568966426e-05	1.0
-0.000881773536093533	1.0
0.0	1.0
-1.789360437598475e-09	1.0
0.0	0.0
-2.010106356920005e-07	0.0
0.0	1.0
0.0	0.0
0.0	0.0
0.0	1.0
-0.00031637525535188615	1.0
0.0	1.0
0.0	0.0
0.0	1.0
0.0	1.0
0.0	1.0
0.0	1.0
0.0	1.0
-0.0006686414708383381	1.0
0.0	1.0
0.0	1.0
-0.0003384675655979663	0.0
-0.003072425490245223	1.0
-0.0007121547823771834	1.0
0.0	0.0
-2.854249032679945e-07	0.0
0.0	0.0
0.0	1.0
0.0	1.0
0.0	1.0
0.0	0.0
0.0	1.0
0.0	0.0
0.0	1.0
0.0	1.0
-2.4605113139841706e-05	1.0
-6.711656897095963e-05	0.0
-0.001177439233288169	1.0
0.0	1.0
0.0	0.0
-0.0001964784605661407	1.0
0.0	1.0
0.0	1.0
-0.00032445223769173026	1.0
-5.1848623115802184e-05	0.0
0.0	1.0
0.0	0.0
0.0	1.0
-4.432241985341534e-05	0.7814432989690722
-4.630652415335557e-13	1.0
-3.0762985261389986e-06	0.5508571428571428
-0.03211010619997978	0.0
0.0	0.0
0.0	1.0
-4.552227437670808e-06	1.0
0.0	1.0
-0.014720998704433441	0.0
0.0	1.0
0.0	1.0
0.0	1.0
-1.2169313095000689e-06	1.0
-3.619726157921832e-06	1.0
0.0	1.0
0.0	1.0
0.0	1.0
-5.655974382534623e-05	1.0
0.0	0.0
-6.887651124998229e-06	1.0
0.0	1.0
-1.7018810183344613e-07	1.0
0.0	1.0
-2.4406856482528383e-06	1.0
-1.4705805462256194e-09	1.0
0.0	1.0
0.0	0.0
0.0	0.4
-3.6913152143824846e-05	1.0
-1.671257437996232e-10	0.0
0.0	0.0
-1.7043283150997013e-05	1.0
0.0	1.0
-0.0004296062106732279	0.0
-0.0008205959456972778	0.134479271991911
-1.5897296634648228e-06	1.0
-3.0994178814580664e-05	1.0
0.0	1.0
0.0	0.0
-5.608410356217064e-05	1.0
0.0	1.0
0.0	1.0
-0.010960046201944351	0.0
-3.0789963911814766e-09	1.0
0.0	1.0
0.0	1.0
0.0	1.0
0.0	1.0
-0.010869153775274754	0.0
0.0	1.0
0.0	0.0
0.0	0.20594262295081966
-0.00024835296790115535	0.0
-0.0034578130580484867	1.0
0.0	0.0
-2.8725491574732587e-05	1.0
-6.304110684141051e-06	1.0
0.0	1.0
-0.01651124842464924	0.0
0.0	1.0
0.0	1.0
0.0	1.0
-8.030220669752453e-06	1.0
0.0	1.0
0.0	1.0
-4.606267339113401e-06	1.0
0.0	1.0
-5.81042368139606e-05	1.0
-8.06773459771648e-06	0.0
-0.00014190397632773966	1.0
0.0	1.0
0.0	1.0
0.0	0.289606458123108
0.0	1.0
0.0	0.0
0.0	1.0
-0.07106587290763855	0.0
-0.00018481713777873665	1.0
0.0	1.0
0.0	1.0
-6.9389998316182755e-06	1.0
0.0	1.0
0.0	1.0
0.0	1.0
-0.02092893421649933	0.022727272727272728
-0.0022972533479332924	1.0
-0.003595207119360566	0.0
0.0	1.0
0.0	1.0
0.0	1.0
0.0	0.0
-0.003949281293898821	0.0
-0.0002786366967484355	0.01079913606911447
0.0	1.0
-0.000962505117058754	1.0
0.0	0.012971698113207548
0.0	1.0
0.0	1.0
0.0	0.0
0.0	0.0
0.0	1.0
-0.00015080605226103216	1.0
-0.0008144695893861353	1.0
0.0	0.0
-0.0024537702556699514	0.0
-0.00035052065504714847	1.0
0.0	1.0
0.0	0.0
0.0	1.0
0.0	0.006557377049180328
0.0	1.0
-2.0501031031017192e-05	1.0
0.0	1.0
-5.269699977361597e-05	0.0
0.0	1.0
0.0	1.0
-0.0002927645109593868	1.0
-0.0020630196668207645	0.0
0.0	0.0
0.0	1.0
0.0	1.0
-2.3721472643956076e-06	1.0
-1.5713384300397593e-06	1.0
0.0	1.0
0.0	1.0
-2.0284767742850818e-05	0.0
-1.0016827900471981e-07	1.0
-6.634761666646227e-05	0.0
-9.436246728000697e-06	1.0
-0.0004756534472107887	1.0
0.0	1.0
0.0	1.0
0.0	1.0
0.0	0.0
0.0	1.0
0.0	1.0
0.0	0.09664694280078895
0.0	1.0
0.0	1.0
0.0	0.3010989010989011
0.0	0.3010989010989011
0.0	0.0
0.0	1.0
0.0	0.0
0.0	1.0
-5.508446065505268e-06	1.0
-0.00010443528299219906	0.0
-0.0008914034115150571	1.0
0.0	0.0
-0.00017922130064107478	0.02857142857142857
0.0	1.0
-7.866837847814168e-09	1.0
0.0	1.0
-4.594357960741036e-06	1.0
0.0	1.0
-3.7233180592011195e-06	1.0
0.0	0.21634615384615385
0.0	1.0
0.0	1.0
-0.00019116784096695483	0.023679417122040074
-0.00995156541466713	0.0
0.0	1.0
-1.6624118870822713e-05	1.0
-8.523286669515073e-05	0.0
-4.443827492650598e-05	1.0
0.0	0.0
0.0	0.0
0.0	0.0
0.0	1.0
0.0	1.0
-0.0018211838323622942	1.0
0.0	1.0
0.0	1.0
-3.866679865183187e-09	1.0
-5.817027415311316e-10	1.0
0.0	1.0
0.0	1.0
-7.560449830634752e-07	0.0
0.0	0.0
0.0	1.0
-0.00023433791648130864	1.0
0.0	1.0
-4.6947720875323284e-06	1.0
0.0	0.0
0.0	1.0
-3.440066620896687e-06	0.013368983957219251
-0.0007156196516007185	1.0
0.0	0.0
0.0	1.0
-2.22056470433607e-11	1.0
0.0	0.0
-0.0002688101085368544	1.0
-0.00011204198381165043	0.0
-7.711407192800834e-07	1.0
-1.650266131036915e-05	0.0
0.0	1.0
-7.974114851094782e-05	1.0
-0.02925541251897812	0.0
