-3.445189940975979e-05	0.0
-0.0015008095651865005	0.0
-0.0024808840826153755	0.0
0.0	0.0
0.0	0.0
-0.0008035953505896032	0.0
0.0	1.0
-0.0037830171640962362	0.0
0.0	0.0
-0.00017176539404317737	0.0
-0.012233635410666466	0.0
-0.002658422105014324	0.0
-1.0290265208823257e-06	0.0
-9.787420276552439e-05	0.0
-3.260094842971739e-07	0.0
0.0	0.0
0.0	0.0
-0.0032248988281935453	0.0
0.0	0.0
0.0	0.0
-1.2168944074630872e-08	0.0
0.0	0.0
0.0	0.0
0.0	0.0
0.0	0.0
0.0	0.0
0.0	0.0
0.0	0.0
0.0	0.0
0.0	1.0
0.0	1.0
0.0	0.0
0.0	0.0
0.0	0.0
0.0	0.0
0.0	0.0
-1.0620550966455866e-10	0.0
-0.0012896810658276081	1.0
0.0	1.0
-0.0002603111497592181	0.0
0.0	0.0
-0.00010037266474682838	0.0
-0.0007907554390840232	0.0
0.0	0.0
0.0	0.0
0.0	0.0
-9.12656105356291e-05	0.0
0.0	0.0
0.0	0.0
0.0	0.0
0.0	0.0
0.0	0.0
-0.0009558399324305356	0.0
0.0	0.0
0.0	0.0
-3.6627616850637423e-07	0.0
-0.0020283765625208616	0.0
-0.0013379360316321254	0.0
-6.915174162713811e-05	0.0
0.0	0.0
-0.00037172064185142517	0.0
0.0	0.0
0.0	0.0
0.0	0.0
-0.0017750092083588243	0.0
0.0	0.0
-6.318404643934628e-08	0.0
-0.00014119497791398317	0.0
-0.00018766360881272703	0.0
-7.404602087035528e-08	0.0
-3.6816745705436915e-05	0.0
-1.098885718420206e-06	0.0
-8.977478137239814e-05	0.0
-3.163215751555981e-06	0.0
0.0	0.0
0.0	0.0
0.0	0.0
-2.9601656024169642e-06	0.0
0.0	0.0
-7.090928022535081e-08	0.0
0.0	0.0
-0.06181315332651138	0.0
0.0	0.0
-0.0012764682760462165	0.0
0.0	0.0
0.0	0.0
0.0	0.0
-1.035594232234871e-05	0.0
-0.004644264932721853	0.0
-7.922618672218107e-10	0.0
0.0	0.0
-0.0014042881084606051	0.0
0.0	0.0
0.0	0.069
0.0	0.069
0.0	0.069
0.0	0.0
0.0	0.0
0.0	0.0
0.0	0.0
0.0	1.0
0.0	0.0
-0.000304717686958611	0.0
0.0	0.0
0.0	0.0
-2.211143964814255e-06	0.0
-7.010162228482386e-09	0.0
-0.01178088691085577	0.0
0.0	0.0
0.0	0.0
-0.00016760971629992127	0.0
0.0	0.0
-0.002843827474862337	0.0
0.0	0.0
0.0	0.0
0.0	0.0
-0.0003257382195442915	0.0
0.0	0.0
-0.002499575028195977	0.0
-2.962117468996439e-05	0.0
0.0	0.0
0.0	0.0
-2.9535628982557682e-06	0.0
0.0	0.0
-2.0658293578890152e-05	0.0
-1.5008963316631707e-07	0.0
0.0	0.0
-3.942784871924232e-07	1.0
-0.001240281155332923	0.0
0.0	1.0
-0.0011264130007475615	1.0
0.0	0.0
0.0	0.0
-1.3936662071500905e-05	0.0
-0.004387530032545328	0.0
0.0	1.0
-3.8256650625179134e-10	1.0
0.0	1.0
-0.008496025577187538	0.0
-0.0002669511013664305	0.0
-0.004591528791934252	0.0
0.0	1.0
0.0	0.0
-1.5450325741017679e-10	1.0
-0.00011490436736494303	0.0
0.0	1.0
0.0	0.0
0.0	0.0
-0.004108477849513292	0.0
0.0	0.0
-0.001131949364207685	0.0
0.0	0.0
0.0	0.0
0.0	0.0
0.0	0.0
0.0	1.0
0.0	1.0
-2.289937219757121e-05	1.0
-2.8038849109179864e-07	1.0
-0.00014521635603159666	0.0
0.0	0.0
0.0	0.0
0.0	0.0
0.0	1.0
0.0	1.0
0.0	0.0
0.0	0.0
0.0	0.0
0.0	0.0
0.0	0.0
0.0	0.0
-4.652327163512382e-07	0.0
0.0	1.0
0.0	0.0
0.0	0.0
0.0	1.0
-0.000342649407684803	0.0
0.0	0.69
0.0	0.0
0.0	0.69
-0.003241429105401039	0.69
0.0	0.0
0.0	0.0
-0.0008804577519185841	0.0
-2.8694055799860507e-05	0.69
0.0	0.0
-6.526904572368153e-10	0.0
-9.426219706046637e-15	0.0
0.0	1.0
-4.211655686958693e-05	1.0
0.0	1.0
-5.426095231086947e-05	1.0
-5.686033091478748e-06	0.0
-0.0003680972440633923	1.0
0.0	1.0
-1.3241727856438956e-06	0.0
0.0	0.0
-0.0009489478543400764	0.0
-0.001302027958445251	0.0
-8.55821926961653e-05	1.0
-1.2274098480702378e-05	0.0
0.0	0.0
0.0	0.0
-4.428728425409645e-05	0.0
0.0	1.0
0.0	0.0
-2.014436904573813e-05	0.0
-0.0003750198520720005	0.0
-1.5119318991230202e-11	0.0
0.0	0.0
-0.0005390162696130574	0.0
-1.0457473536007456e-06	0.0
0.0	0.0
-2.5344563255202956e-05	0.0
0.0	0.0
0.0	1.0
0.0	0.0
-0.0009000569116324186	0.0
-0.0007430301629938185	0.0
0.0	1.0
-4.345817069406621e-05	0.0
0.0	0.0
0.0	0.0
0.0	0.0
0.0	0.0
0.0	0.0
-1.5850937415962107e-06	0.0
0.0	0.0
-4.0941181396192405e-06	0.0
0.0	0.0
-0.0015134357381612062	0.0
0.0	0.0
0.0	0.0
-0.0001914881868287921	0.0
0.0	0.0
0.0	0.0
-0.0012614101869985461	0.0
0.0	0.0
-0.0005373587482608855	0.0
0.0	0.0
0.0	0.0
-0.000144084871863015	0.0
-0.00012178602628409863	0.0
-2.2259055185713805e-05	1.0
0.0	1.0
0.0	0.0
0.0	0.0
0.0	0.0
0.0	0.0
-6.513242761462414e-20	0.0
0.0	0.0
0.0	0.0
-0.002564811147749424	0.0
-4.254513987689279e-05	0.0
0.0	0.0
-1.368579205518472e-07	0.0
-0.00024946831399574876	0.0
-0.0008034484344534576	0.0
-6.774626672267914e-05	0.0
-0.0011761976638808846	1.0
-1.0853944331756793e-05	0.0
-2.0811596002090482e-08	0.0
0.0	0.0
0.0	1.0
-5.7852721511153504e-06	0.0
0.0	1.0
-0.00018906888726633042	0.0
-3.44395303386591e-08	0.0
-7.615489266754594e-06	1.0
0.0	0.0
0.0	1.0
-0.0015433758962899446	1.0
-8.898145097191446e-06	1.0
-1.8214632291346788e-07	0.0
-1.8713348026722088e-06	1.0
-0.00030485528986901045	0.001
0.0	0.0
0.0	0.0
-3.4582233183755307e-06	0.0
-0.002255067927762866	0.0
-0.001435600919649005	0.0
-3.779370672418736e-05	0.0
0.0	0.0
0.0	1.0
0.0	1.0
0.0	1.0
0.0	0.0
0.0	0.0
-6.669003596471157e-06	1.0
-0.0005523457075469196	1.0
0.0	0.0
0.0	1.0
0.0	1.0
-0.0037254036869853735	0.0
-3.087214395236515e-07	1.0
-0.035284966230392456	0.0
0.0	1.0
0.0	0.0
-0.0005689574172720313	0.0
0.0	0.0
0.0	0.042
0.0	0.04208416833667335
-5.807156071568897e-07	0.0020876826722338203
0.0	0.04208416833667335
-2.7072677767137066e-05	0.04208416833667335
-2.1657747311110143e-06	0.0020876826722338203
0.0	0.0
0.0	0.042
0.0	0.042
0.0	0.0
0.0	0.0
0.0	1.0
0.0	0.004
0.0	0.0
0.0	0.004
0.0	0.004
0.0	0.0
-3.66540788832026e-08	0.004
0.0	0.004
0.0	0.0
-6.60195496493543e-07	0.0
0.0	0.004
0.0	0.004
0.0	0.0
0.0	0.0
0.0	0.0
-0.004015451297163963	0.004
0.0	0.0
0.0	0.0
-0.004848575685173273	0.073
-0.00017103967547882348	0.0
0.0	0.0
0.0	0.0
0.0	0.0
0.0	0.069
-0.0008205091580748558	0.069
-0.0011570202186703682	0.0
0.0	0.069
0.0	0.0
0.0	0.069
0.0	0.0
0.0	0.0
0.0	0.0
-0.0017770415870472789	0.0
0.0	0.0
-0.00022544410603586584	0.0
0.0	0.0
0.0	0.0
0.0	0.0
0.0	0.0
-9.103362572204787e-06	0.0
0.0	0.0
0.0	0.0
-0.0007361455354839563	0.0
0.0	0.0
0.0	1.0
-3.5190395042405953e-10	0.0
0.0	0.0
-0.0015006490284577012	0.0
0.0	0.0
0.0	0.0
-0.002783301053568721	0.0
-0.0040533519349992275	0.0
0.0	1.0
0.0	0.0
0.0	0.0
0.0	0.0
0.0	0.0
0.0	0.0
0.0	0.0
0.0	0.0
0.0	0.0
-1.3191106518206652e-05	1.0
0.0	0.0
-2.6998057364835404e-05	1.0
0.0	0.0
0.0	0.0
-0.004766369238495827	0.0
0.0	1.0
-5.8733166952151805e-05	1.0
-0.0016142219537869096	1.0
0.0	0.0
-0.022974034771323204	0.0
0.0	0.0
0.0	1.0
0.0	0.002
-6.885811308166012e-05	0.002372479240806643
-0.0001676872925600037	1.0
0.0	1.0
0.0	0.0
0.0	0.002
-0.04151245206594467	0.0
0.0	0.0
0.0	0.002
-7.890997153481294e-07	0.0
-0.0008712356793694198	0.0
0.0	0.0
0.0	0.0
0.0	0.0
0.0	0.0
-0.03459301218390465	0.0
0.0	0.0
-9.760726948915277e-11	1.0
0.0	0.0
0.0	0.0
0.0	0.0
-3.6001645185024245e-06	0.0
0.0	0.0
0.0	0.0
0.0	0.0
0.0	0.0
0.0	0.0
0.0	1.0
0.0	0.0
0.0	0.0
-2.335915354478857e-07	0.0
0.0	0.0
-2.047859061146684e-12	1.0
-0.003380132606253028	0.0
0.0	1.0
0.0	1.0
0.0	0.0
-1.1826518431234945e-07	1.0
-9.700588998384774e-05	0.0
-5.5809487093938515e-05	1.0
0.0	0.0
-1.4151042533952496e-12	1.0
0.0	0.0
-1.6300940330893354e-07	0.0
-1.9725935089809354e-06	0.0
-7.191732764866288e-10	0.0
0.0	0.0
0.0	0.0
-2.5970205115299905e-06	1.0
-1.7998478142544627e-05	0.0
0.0	0.0
-6.471941014751792e-05	0.0
0.0	0.0
0.0	0.0
-5.027936329408218e-15	0.0
-1.267590960196685e-05	0.0
0.0	0.0
-0.0009251182782463729	0.0
0.0	1.0
-6.307389867288293e-06	0.0
-1.301836618949892e-06	0.0
0.0	0.0
0.0	1.0
0.0	0.0
-0.00014588380872737616	1.0
0.0	0.0
-8.353815246664453e-06	0.0
0.0	0.0
-5.732193312724121e-05	0.0
-0.005565446801483631	0.0
0.0	0.0
0.0	0.0
0.0	0.0
0.0	0.0
-0.014440730214118958	0.0
0.0	0.0
0.0	0.0
-0.0002559506392572075	0.0
0.0	0.0
0.0	1.0
0.0	0.0
0.0	0.0
0.0	0.0
0.0	0.185
0.0	0.0
-0.002148531610146165	0.015950920245398775
0.0	0.0
0.0	0.015950920245398775
0.0	0.013
0.0	0.013
0.0	0.0
-2.8260977558147715e-08	0.0
-0.0005639666342176497	0.0
0.0	0.0
0.0	0.0
-0.004020954016596079	0.0
-0.02747449278831482	0.0
0.0	0.0
-9.107370715355501e-07	0.0
-7.253240619320422e-05	0.0
0.0	0.308
0.0	0.0
0.0	0.0
0.0	0.308
0.0	0.0
0.0	0.0
-0.00011495100625324994	0.0
0.0	0.0
-0.0019964261446148157	0.0
0.0	0.0
0.0	0.0
0.0	0.0
0.0	0.0
-0.0007159245433285832	0.0
0.0	0.0
-9.358226088806987e-05	0.0
-0.010431582108139992	0.0
0.0	1.0
0.0	1.0
0.0	0.0
0.0	0.0
0.0	0.0
-0.04711282253265381	0.0
0.0	0.0
0.0	0.0
-1.1686555581036373e-06	0.0
-0.0007576585630886257	0.0
-2.849271822924493e-07	0.001
0.0	0.0
0.0	0.0
0.0	0.0
-5.160337605047971e-05	0.0
-0.002779275644570589	0.0
0.0	0.001
0.0	0.001
0.0	0.001
-3.248624702578695e-09	0.0
0.0	0.001
-3.906787338081585e-09	0.0
0.0	0.0
0.0	0.0
0.0	0.001
-0.0001440714404452592	0.0
0.0	0.0
0.0	0.0
0.0	1.0
0.0	0.0
0.0	0.0
0.0	0.0
0.0	0.0
0.0	0.0
-0.00010990660666720942	1.0
-0.03322521969676018	0.0
-0.024464165791869164	0.0
0.0	0.0
-0.0018925373442471027	0.0
0.0	1.0
0.0	0.0
-9.111312101595104e-05	0.0
0.0	0.0
0.0	0.0
0.0	0.0
-1.0157345059269574e-05	0.0
0.0	0.0
0.0	0.0
0.0	0.0
0.0	0.0
0.0	0.0
0.0	0.0
0.0	0.0
0.0	0.0
-0.0008492909255437553	0.0
-0.003763712476938963	0.0
0.0	1.0
0.0	0.0
-7.222215936053544e-05	1.0
-4.9113755267171655e-06	0.0
0.0	0.0
0.0	0.0
-0.002622572472319007	0.0
0.0	0.0
-0.0004124444385524839	0.0
-5.620540033390853e-09	0.0
-0.0001418822939740494	0.0
0.0	0.0
0.0	1.0
0.0	0.0
-3.5001241940335603e-06	0.0
-4.6354125515790656e-07	0.0
0.0	0.0
0.0	0.0
0.0	0.0
0.0	0.0
0.0	0.0
0.0	0.0
-5.240283940111112e-08	0.0
-0.0012805858859792352	1.0
0.0	1.0
0.0	0.0
-0.0016849440289661288	0.0
0.0	0.0
0.0	0.0
0.0	0.0
-4.993950142306858e-07	0.0
-2.0098998447792837e-06	0.0
-8.949388105583544e-12	0.0
-3.550829035248171e-07	0.0
0.0	0.0
0.0	0.0
0.0	0.0
-0.00019899742619600147	0.0
-0.001887045567855239	0.0
0.0	0.0
0.0	1.0
0.0	1.0
0.0	1.0
0.0	1.0
0.0	0.0
-5.926049652771326e-06	1.0
0.0	0.0
0.0	0.0
0.0	0.0
-0.0010326321935281157	0.0
0.0	1.0
0.0	1.0
0.0	0.0
-1.2420773600752e-05	1.0
0.0	0.0
-0.00022535501921083778	0.0
0.0	0.0
0.0	0.0
0.0	0.0
-3.296786962891929e-05	0.0
0.0	0.0
-0.00416299793869257	0.0
0.0	0.0
-5.927216989221051e-06	0.0
0.0	0.0
0.0	0.0
-0.00302516738884151	0.0
0.0	0.0
0.0	0.0
0.0	0.0
0.0	0.0
0.0	0.0
0.0	0.0
0.0	0.0
-0.0076071955263614655	0.0
-0.00339104444719851	0.0
0.0	0.0
-0.0019096414325758815	0.0
0.0	0.0
0.0	0.0
0.0	0.0
0.0	0.0
0.0	0.0
-6.044934366400412e-07	0.0
0.0	0.0
-4.1958297515520826e-05	1.0
-0.00018980602908413857	0.0
-0.008818628266453743	0.0
0.0	0.001
-1.4414224551728694e-06	0.001
0.0	0.0
0.0	0.0
-1.9029068425879814e-05	0.0
0.0	0.001
0.0	0.0
-0.0011629217769950628	0.0
0.0	0.0
0.0	0.001
0.0	0.0
0.0	0.001
-5.228224836173467e-06	0.0
0.0	0.0
-0.0007295255782082677	0.0
0.0	1.0
0.0	0.0
0.0	0.0
0.0	0.0
0.0	0.0
0.0	0.0
0.0	0.0
-7.571177411591634e-05	0.0
-0.00016531883738934994	0.0
-0.0017231167294085026	0.0
0.0	0.0
-9.8173097740073e-07	0.0
-0.0017674056580290198	0.0
0.0	0.0
0.0	0.0
0.0	0.0
0.0	0.0
0.0	0.0
-0.0004630748007912189	0.0
-1.4895892945787637e-06	0.0
0.0	0.0
-0.0002906806766986847	0.0
0.0	0.0
-0.0007548239664174616	0.0
0.0	0.0
0.0	0.0
0.0	0.0
0.0	0.0
-0.0016270281048491597	0.0
-8.952464668254834e-06	0.0
-0.00025280428235419095	0.0
-3.6734857076226035e-06	0.0
-4.812221021666119e-08	0.0
-0.0011915505165234208	0.0
0.0	0.0
-3.800144554588769e-07	0.0
-2.6144738512812182e-05	0.0
0.0	0.0
-5.1456303481245413e-05	0.0
0.0	0.0
-5.209503228797985e-07	0.0
-3.126591607838236e-08	0.0
-4.2834521707391104e-08	0.0
0.0	0.0
0.0	1.0
-2.761272526186076e-07	0.0
0.0	0.0
-5.563242666539736e-08	1.0
0.0	1.0
-0.012013685889542103	0.0
0.0	0.0
-0.0007355834823101759	0.0
-5.2859221000289836e-08	0.0
-7.342747210259404e-08	0.0
0.0	0.0
0.0	0.0
-2.5761123789713736e-10	0.0
0.0	0.0
0.0	0.0
0.0	0.0
0.0	0.0
-0.0007420917390845716	0.0
-6.267986464081332e-06	0.0
0.0	0.0
0.0	1.0
0.0	1.0
0.0	1.0
-0.00023824140953365713	0.0
0.0	0.0
0.0	0.0
0.0	0.0
-0.00011690097016980872	0.0
0.0	0.0
0.0	0.0
0.0	0.0
0.0	0.0
0.0	0.0
0.0	0.0
-1.7250213204533793e-05	0.0
-3.6390269997355063e-06	0.0
0.0	1.0
-8.075271034613252e-05	0.0
-0.00938559789210558	0.0
0.0	1.0
0.0	0.0
0.0	0.0
-0.0008948005852289498	0.0
-2.2953634015721036e-07	0.0
0.0	0.002
0.0	0.0
0.0	0.0
0.0	1.0
0.0	1.0
0.0	0.0
0.0	0.0
0.0	1.0
-1.264803713152407e-11	0.0
0.0	0.0
0.0	0.0
0.0	1.0
0.0	1.0
0.0	0.002
0.0	0.0
0.0	1.0
0.0	1.0
-0.0005284962244331837	1.0
-5.3609401220455766e-06	0.0
0.0	0.0
0.0	0.0
-0.0039430055767297745	0.0
0.0	0.0
-2.704680446186103e-05	0.0
0.0	0.0
-1.2307959877944086e-05	1.0
-0.00042399944504722953	1.0
0.0	0.0
0.0	1.0
0.0	0.0
-0.00031482052872888744	0.0
0.0	0.0
0.0	0.0
0.0	0.0
0.0	0.0
0.0	0.0
-0.00015054964751470834	0.0
0.0	0.0
0.0	0.0
0.0	0.0
0.0	0.0
0.0	0.0
-0.0010155816562473774	0.0
-0.004140910692512989	0.0
-0.004903185646981001	0.0
0.0	0.0
0.0	0.0
-2.2230995710970092e-08	0.0
-0.0005762421060353518	0.0
-3.083687261096202e-08	0.0
0.0	0.0
-1.0242675898552989e-06	0.0
0.0	0.0
0.0	0.0
-0.006378859281539917	0.0
-1.6860903429005702e-07	0.0
-0.002372708171606064	0.0
0.0	0.0
0.0	0.0
-0.0015906367916613817	0.0
0.0	0.0
-9.15147757041268e-05	0.0
0.0	0.0
-1.0957152341006804e-07	0.0
-2.630604740261333e-06	0.0
-2.238188244518824e-06	0.0
0.0	0.0
-1.0173725968343206e-05	1.0
0.0	1.0
-3.45175685652066e-05	0.0
0.0	0.0
-0.001750072231516242	0.0
0.0	0.0
-0.0021409131586551666	0.0
0.0	0.0
0.0	0.0
-1.3010583188588498e-06	0.0
0.0	0.0
-0.0018833602080121636	0.0
-0.000977745046839118	0.0
-0.00048748331028036773	0.0
