-0.03320889174938202	0.0
-0.0004315853875596076	0.0
0.0	0.0
0.0	0.0
-1.195567620015936e-06	0.0
0.0	0.0
0.0	1.0
0.0	1.0
-0.004792399704456329	0.011
0.0	0.0
0.0	0.0
-0.00010506022226763889	0.0
0.0	0.0
-0.013808123767375946	0.0
0.0	0.0
-1.1482272554985684e-07	1.0
0.0	0.0
0.0	1.0
-5.265689196676249e-06	0.0
0.0	0.0
-4.436811195773771e-06	0.0
0.0	0.0
-0.00019211071776226163	0.0
-2.625267541134235e-07	0.0
-3.141819888696773e-06	0.0
0.0	0.0
0.0	0.0
0.0	0.0
-0.005797924008220434	0.0
-1.1327649644954363e-06	1.0
0.0	0.0
0.0	0.0
0.0	0.0
0.0	0.0
0.0	0.0
0.0	0.0
-0.00011511268530739471	0.0
0.0	1.0
0.0	0.0
0.0	0.467
-0.006597084458917379	0.0
-1.3635093637276441e-05	0.0
0.0	0.0
0.0	0.0
-3.8732327993784565e-06	0.0
0.0	0.0
0.0	0.0
0.0	0.0
0.0	0.0
0.0	0.0
0.0	0.0
0.0	0.0
-7.551096496172249e-05	1.0
0.0	0.0
-0.000379119097488001	0.0
0.0	0.0
0.0	1.0
-8.663846529088914e-06	0.0
-0.00014177274715621024	1.0
0.0	0.0
0.0	0.0
0.0	0.0
0.0	0.0
-4.502343927015318e-06	0.0
-0.004329291637986898	0.0
0.0	0.0
-0.00789499282836914	0.0
-2.3792729564320325e-07	0.0
-0.0010997785720974207	1.0
0.0	1.0
0.0	1.0
0.0	0.0
-1.6239263231909717e-06	1.0
-0.00012284042895771563	0.0
-0.0055328914895653725	0.0
-0.0018617924069985747	0.0
0.0	0.0
0.0	0.0
0.0	0.0
0.0	1.0
0.0	1.0
-0.006716002244502306	0.0
0.0	0.0
-9.82120127446251e-06	1.0
0.0	0.0
0.0	1.0
-1.1134488886455074e-05	1.0
0.0	1.0
0.0	0.0
-0.018237197771668434	0.0
0.0	1.0
0.0	0.018
0.0	0.0
0.0	1.0
-5.718023021472618e-05	1.0
0.0	1.0
-0.0014700689353048801	0.0
0.0	0.0
-1.702687586657703e-05	1.0
0.0	1.0
0.0	0.0
0.0	1.0
0.0	1.0
0.0	1.0
0.0	0.0
0.0	0.0
0.0	0.0
-5.7545712479623035e-05	0.0
0.0	0.0
-0.00036520144203677773	0.0
0.0	0.0
-1.2474115465010982e-05	0.0
0.0	0.0
0.0	0.0
-1.1800708188403064e-09	0.0
0.0	0.0
-5.551584763452411e-06	0.0
0.0	0.0
0.0	0.0
-0.0003823353326879442	1.0
-5.398335112261066e-09	0.0
0.0	1.0
-9.1466041340027e-05	0.0
-0.00024160237808246166	0.0
-7.903934147179825e-07	1.0
0.0	1.0
-7.012882496937323e-10	1.0
0.0	1.0
0.0	0.0
-0.0034205294214189053	0.0
-0.00017734072753228247	0.0
0.0	1.0
0.0	0.0
0.0	1.0
0.0	1.0
-0.0029784701764583588	0.0
0.0	1.0
0.0	0.0
0.0	1.0
0.0	0.0
-0.0005461822729557753	0.0
0.0	0.0
0.0	0.0
-8.788708782958565e-07	0.0
0.0	0.0
0.0	0.0
-9.521128845335625e-07	0.0
0.0	0.0
0.0	0.001
0.0	1.0
-1.2033451568527198e-08	0.0
0.0	0.001
0.0	1.0
-3.7778171702029795e-08	0.0
0.0	0.0
0.0	1.0
-1.7886497516883537e-05	0.0
0.0	0.0
-0.009523638524115086	0.0
0.0	0.0
-2.4615860638732556e-07	0.0
0.0	0.0
0.0	0.0
-2.1659035648975353e-14	0.0
-7.039382126095006e-06	0.0
-0.004587006755173206	0.0
0.0	0.0
-9.496280108578503e-05	0.0
0.0	0.0
-2.432068546553978e-09	0.0
-0.0008241248433478177	0.0
-0.0001746002963045612	0.0
0.0	0.0
0.0	0.0
0.0	0.0
0.0	0.0
0.0	0.0
-0.00031391740776598454	1.0
0.0	0.0
-0.00023853192396927625	0.0
-3.4970571505255066e-06	1.0
0.0	1.0
0.0	0.0
-0.05092565715312958	0.0
0.0	0.0
0.0	0.0
0.0	0.0
0.0	0.0
-0.0014334223233163357	0.0
0.0	0.0
0.0	0.0
0.0	0.0
-0.00014550879132002592	0.0
0.0	0.0
0.0	0.0
-2.840780780388741e-06	0.0
0.0	0.0
0.0	0.0
-6.768351340724621e-06	0.0
-3.7817088127667375e-07	0.0
0.0	0.0
0.0	0.0
0.0	0.0
0.0	0.0
0.0	0.0
-2.229041228929418e-06	0.002
0.0	0.002
-3.621572486345315e-11	0.0
-0.0005184662295505404	0.0
-4.9268350267084315e-05	0.0
-0.0028394637629389763	0.002
-0.00020343615324236453	0.002
-2.441625292703975e-05	0.002
0.0	0.002
0.0	1.0
0.0	0.0
0.0	1.0
-2.8680513519674378e-09	0.0
0.0	0.0
0.0	0.0
0.0	0.0
-1.0285779172836129e-11	0.066
-3.562032725312747e-05	0.066
-0.0030955984257161617	0.066
-0.00048513844376429915	0.0
-1.6452757559126674e-11	0.0
-0.009802881628274918	0.0
0.0	0.066
0.0	0.0
-0.001134946709498763	0.066
-4.84232950839214e-05	0.0
0.0	0.0
-0.00012658916239161044	0.0
-0.00226009008474648	0.0
0.0	0.0
0.0	0.0
-2.00403192138765e-05	0.0
-0.0003018611459992826	0.0
0.0	0.0
0.0	1.0
0.0	0.0
-0.00019385654013603926	0.0
0.0	0.0
-0.016476480290293694	0.0
0.0	0.0
-9.237758263414345e-16	0.0
0.0	0.0
0.0	0.0
0.0	0.0
-5.2686399243384585e-08	0.0
0.0	0.0
0.0	0.0
-1.0497679795662407e-05	0.0
0.0	0.0
0.0	0.0
0.0	0.0
-0.0002484809374436736	1.0
0.0	0.0
0.0	0.0
0.0	0.0
0.0	0.0
-0.0002000018284888938	0.0
0.0	0.0
-5.092898209113628e-05	0.0
-8.271658771263901e-07	0.0
-0.004577302839607	0.0
0.0	0.0
0.0	0.0
0.0	0.0
-1.180680442303128e-06	0.0
0.0	0.0
-0.0006342913839034736	0.0
-0.00027108105132356286	0.0
-0.0010788211366161704	0.0
0.0	0.0
-0.011723543517291546	0.0
0.0	0.0
-0.0009337812662124634	0.0
0.0	0.0
0.0	0.0
0.0	0.0
0.0	0.0
0.0	0.0
0.0	0.0
-4.959803118254058e-05	0.0
-0.00020042182586621493	0.0
-2.5746116079972126e-05	0.0
-0.00012671967851929367	0.0
-0.008624574169516563	0.0
0.0	0.0
-0.008894178085029125	0.0
-5.491216938935395e-07	0.0
-4.000107189927604e-10	1.0
0.0	0.0
0.0	0.0
-0.002858636900782585	0.0
-0.0019522032234817743	0.0
0.0	0.0
0.0	0.0
0.0	0.0
0.0	0.0
-0.009518048726022243	0.0
-8.792916196398437e-05	0.0
0.0	0.0
-0.001891516032628715	0.0
0.0	0.0
0.0	0.0
0.0	0.0
0.0	0.0
0.0	0.0
-0.007926071994006634	0.0
-9.43332925089635e-05	0.0
-0.0010178497759625316	0.0
0.0	0.0
-2.9405034851492928e-08	0.0
0.0	0.0
0.0	0.0
0.0	0.0
0.0	0.0
-0.0004095964250154793	0.0
0.0	0.001
-7.518748316215351e-05	0.001
-0.0007300000288523734	0.0
0.0	0.0
0.0	0.001
-0.003945366013795137	0.0
0.0	0.001
-9.219839557772502e-05	0.0
0.0	0.0
0.0	0.0
0.0	1.0
0.0	0.0
0.0	1.0
-0.0025616928469389677	0.0
-1.7663649487076327e-05	1.0
0.0	0.0
-0.00019040124607272446	0.0
0.0	0.0
0.0	0.0
0.0	0.0
0.0	0.0
-3.339315526318387e-06	0.0
0.0	0.0
-0.00030714282183907926	0.0
0.0	0.0
0.0	0.0
-0.002830286044627428	1.0
0.0	0.0
-0.001019253977574408	1.0
0.0	0.0
-9.866208472431026e-08	0.0
-4.295274322885234e-07	0.0
0.0	1.0
0.0	0.0
-0.00010213790665147826	1.0
0.0	0.026
-0.0008171442314051092	0.0
0.0	0.0
-0.0006907819188199937	0.0
-0.00018077004642691463	0.0
0.0	0.0
0.0	0.0
-3.9075649738151697e-07	0.0
0.0	0.031
0.0	1.0
0.0	0.0
-0.0009105213102884591	0.0
0.0	1.0
0.0	1.0
0.0	0.0
0.0	0.0
-0.0009910308290272951	1.0
0.0	1.0
0.0	1.0
0.0	1.0
-6.1888395066489466e-06	0.0
0.0	1.0
-1.4995252968219575e-06	0.026
-0.00010591165482765064	1.0
0.0	1.0
0.0	0.0
-6.364905129885301e-05	1.0
0.0	0.010615711252653927
-9.242387022823095e-06	0.05858585858585859
0.0	0.05858585858585859
0.0	0.010615711252653927
0.0	0.010615711252653927
0.0	0.0
-1.6224725186475553e-05	0.0
-0.001401587505824864	0.058
0.0	0.0
-7.056831964291632e-05	0.0
0.0	0.0
0.0	0.0
0.0	0.0
0.0	0.0
0.0	0.0
0.0	0.0
-3.579077747417614e-05	0.0
0.0	0.0
0.0	0.0
-0.00019413972040638328	0.0
0.0	0.0
-0.0035143934655934572	0.0
0.0	0.0
-0.00012701797822955996	0.0
0.0	0.0
0.0	0.0
0.0	0.0
-9.326015060651116e-06	0.0
-8.919968422560487e-06	0.0
0.0	0.0
0.0	0.0
0.0	0.0
-0.0006779928226023912	0.0
0.0	0.0
-0.0012838634429499507	0.0
0.0	0.0
-3.033951401221202e-08	0.0
0.0	0.0
-0.000728558108676225	0.0
-0.013991991989314556	0.0
0.0	0.0
0.0	0.0
0.0	0.0
0.0	1.0
-1.4161722106109664e-07	1.0
0.0	0.0
0.0	0.0
-0.0005175016121938825	0.0
0.0	0.0
0.0	0.0
0.0	0.0
0.0	0.0
-1.587284896231722e-05	0.0
0.0	1.0
0.0	1.0
0.0	1.0
0.0	1.0
0.0	1.0
0.0	1.0
0.0	1.0
0.0	0.0
-5.19941158927395e-06	0.0
-5.877602961845696e-05	0.0
0.0	0.0
-1.8077057006848918e-07	0.0
0.0	0.0
-3.31015499455134e-08	0.0
-0.0009475618717260659	0.0
0.0	0.0
0.0	1.0
-3.292244946351275e-05	0.0
-0.0004935070173814893	0.0
0.0	1.0
-6.333994861051906e-06	1.0
0.0	0.0
0.0	0.0
0.0	0.0
0.0	0.0
0.0	1.0
-0.0002848189033102244	0.0
0.0	0.0
0.0	0.0
-0.00012393429642543197	1.0
0.0	0.0
-0.0006181159405969083	0.0
-0.0008543977164663374	0.0
0.0	0.0
-0.0007880619377829134	1.0
-4.3350402847863734e-05	0.0
0.0	0.0
0.0	0.0
-3.831159574474441e-06	0.0
-0.007332636509090662	0.0
-0.00044196294038556516	0.0
-2.7276915716356598e-05	0.0
0.0	0.0
-0.01176899578422308	0.0
-0.0005810430739074945	1.0
0.0	0.0
0.0	0.0
0.0	0.0
0.0	0.0
0.0	1.0
0.0	1.0
-0.0007101093069650233	0.0
0.0	0.0
0.0	0.0
-9.397776011610404e-06	0.0
-0.00019261165289208293	1.0
0.0	0.0
0.0	1.0
0.0	1.0
0.0	0.0
0.0	0.0
-0.0008998885750770569	0.0
-8.012641927734876e-08	0.0
0.0	0.0
-0.0008609380456618965	0.0
-1.606652921815055e-09	0.0
-0.00572684220969677	0.021
-2.3341863197856583e-06	0.021
-2.4137245535627017e-09	1.0
0.0	0.0
0.0	0.0
0.0	1.0
-3.881268639815971e-06	1.0
0.0	0.0
0.0	0.0
0.0	1.0
0.0	0.0
0.0	0.0
-4.249548146617599e-05	0.0
-0.00010087717964779586	0.0
-4.365229067104792e-09	0.0
0.0	0.0
0.0	0.0
0.0	0.0
0.0	0.0
-1.412455731042428e-05	0.0
-0.0016845642821863294	0.0
0.0	0.0
0.0	0.0
0.0	0.0
-5.6435902706653e-07	0.0
0.0	0.0
-3.4466014767531306e-05	0.0
-0.003185128793120384	0.0
0.0	0.0
0.0	0.0
-5.3569972806144506e-05	0.0
0.0	0.0
-0.0026526697911322117	0.0
0.0	0.0
0.0	0.0
0.0	0.0
0.0	1.0
0.0	0.0
0.0	0.0
-0.0010247923200950027	0.0
0.0	0.0
-0.0003867932828143239	0.0
0.0	0.0
0.0	0.0
-0.0027519974391907454	0.0
0.0	0.0
0.0	0.0
0.0	0.0
0.0	0.0
-0.0002919832186307758	0.0
0.0	0.0
0.0	0.0
-7.504869614649579e-08	0.0
0.0	0.0
-4.957803056981902e-08	0.0
0.0	0.0
0.0	0.0
0.0	0.0
-0.00010423758794786409	0.0
0.0	0.0
0.0	1.0
-0.001020161435008049	0.0
0.0	1.0
-0.03851517662405968	0.0
-2.263449844219778e-10	0.0
-1.4436369383474812e-05	0.0
-0.00105470500420779	0.0
0.0	0.0
0.0	0.0
0.0	0.0
-8.26683219656843e-08	0.0
0.0	0.0
0.0	1.0
0.0	1.0
0.0	1.0
0.0	0.0
0.0	0.0
-0.00010019542969530448	1.0
0.0	0.0
0.0	1.0
0.0	0.0
0.0	0.0
-0.0007061382639221847	0.0
0.0	1.0
0.0	0.0
0.0	0.0
0.0	0.0
0.0	0.0
-0.003317697672173381	0.0
0.0	0.0
-0.0033564940094947815	0.0
-3.8615115045104176e-05	0.0
-0.00039163613109849393	1.0
0.0	1.0
0.0	0.0
0.0	0.0
0.0	0.0
-3.435540565988049e-05	0.0
-7.201816032420538e-09	0.0
0.0	0.0
0.0	0.0
-3.4901440812973306e-05	0.0
-0.0012106812791898847	0.0
0.0	0.0
0.0	0.0
0.0	0.0
-1.4843142714937585e-08	0.0
0.0	0.0
0.0	0.0
-0.0006015996332280338	0.0
0.0	0.0
-5.215267447056249e-05	0.0
0.0	0.0
0.0	0.0
-6.039790150680346e-06	0.0
0.0	0.0
0.0	0.0
-0.0006158778560347855	0.0
0.0	0.0
0.0	0.0
-8.990193123281642e-07	0.0
-0.004538621287792921	1.0
0.0	0.0
0.0	0.0
-8.164633618434891e-05	1.0
-0.0053694420494139194	0.0
0.0	0.0
0.0	1.0
-0.010038194246590137	0.0
0.0	0.0
0.0	0.0
0.0	1.0
-5.040535100420129e-09	0.0
0.0	0.0
0.0	0.0
0.0	0.0
-0.002948502777144313	0.0
-0.0002467737067490816	0.0
0.0	0.0
-6.38231040284154e-06	0.0
-8.096401143120602e-05	0.0
-7.548510893684579e-06	0.0
0.0	0.0
-3.2595923471490096e-07	0.0
0.0	0.0
-0.00039614230627194047	0.0
0.0	0.0
0.0	0.0
-4.3426193196971496e-10	0.0
0.0	0.0
0.0	0.0
0.0	0.0
0.0	0.0
0.0	0.0
0.0	1.0
0.0	1.0
0.0	0.0
-0.0015970176318660378	0.0
0.0	0.0
-2.2490348935278034e-15	0.0
-1.3013261195737869e-05	0.0
0.0	0.0
0.0	0.0
0.0	0.0
0.0	0.0
-0.0021815814543515444	0.0
-2.02005776372971e-05	0.0
-0.0016302057774737477	0.0
0.0	0.467
-0.012483556754887104	0.0
-0.001918820315040648	0.0
0.0	0.0
0.0	0.0
-7.153956539696082e-05	0.0
0.0	0.0
0.0	0.0
0.0	0.0
0.0	0.0
-9.324070560978726e-06	0.0
-0.0014684550696983933	0.0
0.0	0.0
0.0	0.0
0.0	0.0
0.0	0.0
-0.0031295449007302523	0.0
0.0	0.0
-0.0033048181794583797	0.036
0.0	0.0
-2.7264275104244007e-07	0.0
-0.030737483873963356	0.0
0.0	0.0
0.0	0.0
0.0	0.0
0.0	1.0
-0.00013390083040576428	0.0
0.0	0.0
0.0	0.0
0.0	0.0
0.0	0.0
0.0	0.0
-0.003061771159991622	0.0
0.0	0.0
0.0	0.0
-1.982167759706499e-06	0.0
-3.446346090640873e-05	0.0
-0.00294296583160758	0.0
-0.0005216138670220971	0.0
0.0	0.0
0.0	0.0
0.0	0.0
0.0	0.0
-0.00026872343732975423	0.0
-0.000121893230243586	0.0
0.0	0.0
0.0	0.0
0.0	0.002
-0.005450352095067501	0.0
0.0	0.0
0.0	0.0
-3.663995084934868e-05	0.0
0.0	0.0
0.0	1.0
-1.6605550712256445e-08	1.0
0.0	1.0
-2.8978845421079313e-06	0.0
0.0	0.0
0.0	0.0
-8.320020242535975e-06	1.0
-0.0016784567851573229	0.0
0.0	0.0
0.0	0.0
0.0	0.0
0.0	0.0
0.0	0.0
-0.0015447193291038275	0.0
0.0	0.0
0.0	0.0
0.0	0.0
-0.000958178483415395	0.0
0.0	0.0
-0.00030628166859969497	0.0
0.0	0.0
-0.0007203995482996106	0.0
0.0	0.0
0.0	1.0
0.0	0.003
0.0	0.0
-7.178595114964992e-05	0.0
0.0	0.0
0.0	0.0
0.0	0.0
0.0	0.0
-6.648609996773303e-05	0.0
-2.921677833001013e-08	0.0
-0.0004377342411316931	0.0
0.0	0.0
-1.8671962607186288e-06	0.0
-1.3334930372366216e-05	0.0
0.0	0.0
-0.001226322608999908	0.0
0.0	0.0
-0.002468859776854515	0.0
-0.00014458793157245964	0.0
-0.0009020685683935881	0.0
0.0	0.0
-9.788241004571319e-05	0.0
0.0	0.0
0.0	0.0
0.0	0.0
0.0	0.0
-0.00024931077496148646	0.0
0.0	0.0
-3.993598511442542e-05	0.0
0.0	0.0
-0.0003293235204182565	1.0
-0.0013466549571603537	0.0
-4.669088593800552e-05	0.0
0.0	1.0
-0.0002471991756465286	1.0
0.0	0.0
0.0	0.0
0.0	0.0
-0.0006379877449944615	1.0
0.0	0.0
0.0	1.0
0.0	0.0
0.0	0.0
0.0	0.0
-0.0009722542599774897	0.0
-5.417252396000549e-05	0.0
0.0	0.0
0.0	0.0
-0.005383962299674749	0.0
-3.225531690986827e-05	0.0
-0.00021696495241485536	1.0
0.0	0.0
0.0	1.0
-1.7162968788397848e-06	0.0
0.0	0.0
-0.0013747663469985127	1.0
-0.0008503580465912819	1.0
-0.0006273405742831528	0.0
-2.7036867322749458e-05	0.0
0.0	0.0
-8.772424916969612e-05	0.0
0.0	0.0
0.0	0.0
0.0	0.0
0.0	0.0
-0.0012355138314887881	0.011
-5.7934997244046826e-08	0.011
0.0	0.011
-0.003442159853875637	0.0
-0.0009061527671292424	0.0
0.0	0.0
0.0	0.0
0.0	0.0
0.0	0.0
-1.1231549912338323e-08	0.0
-3.606852594373322e-09	0.0
0.0	0.0
0.0	0.0
0.0	0.0
-7.669681849620247e-07	0.0
-1.2869257659531286e-07	0.0
0.0	0.0
0.0	1.0
0.0	1.0
-8.709608034784821e-10	1.0
0.0	0.0
-2.6405509723215204e-12	1.0
0.0	0.0
