0.0	0.0
-1.5015741610113764e-06	0.0
0.0	0.0
0.0	0.0
-0.00040578076732344925	0.0
0.0	0.0
-4.88567589163047e-11	1.0
0.0	0.0
0.0	0.0
0.0	1.0
-0.002899626037105918	0.0
0.0	0.0
-0.00019874866120517254	0.0
0.0	0.0
-0.009255081415176392	0.0
-0.00024882747675292194	0.029
0.0	0.0
0.0	0.0
0.0	0.0
-8.076684139268764e-07	0.0
0.0	1.0
0.0	0.0
-4.3071102595604316e-07	0.0
0.0	0.0
-2.4343687528016744e-06	0.0
-5.5236540674741264e-08	0.0
0.0	0.0
0.0	0.0
-0.0015719204675406218	0.0
0.0	0.0
-2.24320847337367e-05	1.0
-0.00026893397443927824	1.0
0.0	1.0
0.0	1.0
-0.018168935552239418	0.0
-0.0022716191597282887	0.0
0.0	0.0
0.0	0.0
0.0	0.0
0.0	0.0
0.0	0.0
-0.010321798734366894	0.0
-0.0025916125159710646	0.0
-0.0009441992733627558	0.0
-0.07480482012033463	0.0
0.0	0.0
0.0	1.0
0.0	0.0
0.0	1.0
-0.0038249732460826635	0.0
-3.971789556089789e-05	0.0
-0.0038170123007148504	0.0
-0.0183976199477911	0.0
0.0	0.0
-6.542277333210222e-06	0.0
-0.0009162909700535238	0.0
0.0	0.0
-0.00015118913142941892	0.0
-0.0005968970945104957	1.0
0.0	0.0
-6.305397164396709e-07	0.0
0.0	0.0
-1.8610223084802868e-10	1.0
0.0	1.0
-1.6935484264957168e-11	0.0
0.0	0.0
0.0	0.0
0.0	0.0
0.0	0.0
0.0	0.0
0.0	0.0
-2.183124934163061e-06	0.0
-4.850933692068793e-05	0.0
-5.195240078137431e-07	0.0
0.0	0.0
-8.63923123688437e-05	0.0
-0.0006784957367926836	0.0
0.0	0.0
0.0	1.0
0.0	0.0
0.0	1.0
0.0	0.0
0.0	1.0
0.0	1.0
-1.855772097769659e-05	1.0
0.0	0.0
0.0	0.0
-0.0035450090654194355	0.0
0.0	0.0
-0.00033908794284798205	0.0
-0.0001119720982387662	0.0
-0.0007736595580354333	1.0
-1.6881277531410888e-07	0.0
-8.073887443060812e-07	0.0
0.0	0.0
0.0	1.0
0.0	0.0
0.0	0.0
0.0	0.0
0.0	0.0
0.0	0.0
-0.00010106094123329967	0.0
0.0	0.0
0.0	0.0
-0.001474684802815318	0.0
-3.339433590765495e-11	0.0
0.0	0.0
0.0	0.0
0.0	0.0
-2.6564444866039594e-08	0.0
-0.0015957687282934785	0.0
0.0	0.0
-2.6026729216255262e-08	0.0
0.0	0.0
0.0	0.0
0.0	0.0
-0.004490187857300043	0.0
-0.0038932287134230137	0.0
-0.0009190055425278842	0.0
-0.00016346052871085703	0.0
0.0	0.0
0.0	0.0
0.0	0.0
0.0	0.0
-0.002165324054658413	0.0
0.0	0.0
0.0	0.0
0.0	0.0
0.0	0.0
-0.0002710400731302798	0.0
0.0	0.0
0.0	0.0
-0.040791843086481094	0.0
0.0	0.0
0.0	0.0
0.0	0.0
0.0	0.0
-0.0012703249230980873	0.0
-1.5798259922483737e-10	0.0
0.0	1.0
0.0	1.0
-0.0006290149176493287	0.0
0.0	0.0
0.0	0.0
0.0	0.0
-0.002432989189401269	0.0
0.0	0.0
0.0	0.0
0.0	0.07007007007007007
-0.00040160291246138513	0.07007007007007007
-0.0006926244823262095	0.0
-4.186318392634947e-12	0.07
-0.0009402027353644371	0.0
-0.01731068827211857	0.0
0.0	1.0
0.0	0.0
-2.078521720250137e-05	0.0
-5.105214313516626e-07	0.0
0.0	0.0
0.0	0.0
-0.00317911128513515	0.0
-4.233543950249441e-05	0.0
-1.3320619473233819e-05	0.0
0.0	0.0
0.0	0.0
0.0	0.0
-0.00022706350137013942	0.0
-2.2090187485446222e-05	0.0
0.0	0.0
0.0	0.0
0.0	0.0
0.0	0.0
0.0	0.0
0.0	0.0
0.0	0.0
0.0	0.0
0.0	0.0
0.0	0.0
0.0	0.0
0.0	0.0
-3.005195647887149e-09	0.0
0.0	0.0
-0.0004961097147315741	0.0
-0.00026813443400897086	0.0
0.0	0.0
0.0	0.0
0.0	0.0
0.0	0.0
0.0	0.0
0.0	1.0
-1.2478390090109315e-06	0.0
0.0	1.0
-2.6989603156835074e-06	0.0
-0.0009082879405468702	0.0
-6.950069655431435e-05	0.0
0.0	0.0
0.0	0.0
0.0	0.0
0.0	0.0
-1.3948711057309993e-06	0.0
-0.004244942683726549	0.0
0.0	0.0
0.0	0.0
-0.00022763796732760966	0.0
0.0	1.0
0.0	0.0
-0.0002909940085373819	0.0
0.0	0.0
-0.004906720016151667	1.0
0.0	1.0
0.0	1.0
0.0	1.0
0.0	1.0
-0.0006381254061125219	1.0
-8.227636350000012e-10	0.0
0.0	0.0
-0.0007013849099166691	0.0
0.0	0.0
0.0	0.0
-1.7491751123088761e-06	0.0
0.0	0.0
0.0	1.0
-0.004628848750144243	0.0
0.0	0.0
0.0	1.0
0.0	1.0
0.0	0.0
-2.119936448607973e-10	0.0
0.0	0.0
0.0	0.0
0.0	0.0
-0.00014782955986447632	0.0
-3.9589908737980295e-06	0.0
0.0	0.0
-0.013979552313685417	0.0
0.0	0.0
-7.622787961736321e-05	0.0
0.0	0.0
-0.003558749333024025	0.0
0.0	0.0
0.0	0.0
-0.0023277646396309137	0.0
-9.079453161531248e-11	0.0
-4.634782271750737e-06	0.0
0.0	0.0
-0.00010667699825717136	0.0
-0.008314691483974457	0.0
0.0	0.0
0.0	0.0
0.0	1.0
-0.00278204376809299	1.0
0.0	1.0
0.0	0.0
0.0	0.0
0.0	0.0
0.0	1.0
0.0	1.0
0.0	1.0
-5.802586997560866e-07	0.0
0.0	0.0
-5.228675581747666e-05	1.0
-7.08520456100814e-05	0.0
-3.436986162341782e-07	0.0
0.0	0.0
-0.004378227517008781	0.0
0.0	0.0
-0.0016618482768535614	0.0
-0.0002858585212379694	0.0
-2.465812758600805e-05	0.0
-1.2685667570622172e-05	0.0
0.0	1.0
0.0	0.0
0.0	0.0
0.0	0.0
0.0	1.0
-0.014826961793005466	0.0
-0.003351258346810937	0.0
-6.143192877061665e-05	0.0
0.0	0.0
0.0	0.0
0.0	0.0
0.0	0.0
0.0	0.0
0.0	0.0
0.0	0.0
0.0	0.0
-1.3784476777800592e-06	0.0
0.0	0.052
-0.0024445850867778063	0.0
-0.00087392219575122	0.0
0.0	0.0
-7.938370254123583e-05	0.0
-0.016364872455596924	0.0
0.0	0.0
0.0	1.0
0.0	0.0
0.0	1.0
-2.241823267468135e-06	0.0
0.0	0.0
0.0	0.3333333333333333
0.0	0.0
-1.536470153951086e-05	0.0
0.0	0.0
-0.00020300988398957998	1.0
-0.00015610262926202267	0.0
0.0	0.015
0.0	0.0
-0.031845442950725555	0.0
0.0	0.015
-0.000195812332094647	0.0
-0.004667725879698992	0.0
0.0	0.0
-3.416623428620369e-08	0.0
-0.0004917743499390781	0.0
-0.00047267801710404456	0.0
-1.2201886420371011e-05	0.0
0.0	0.0
0.0	0.0
0.0	0.0
0.0	0.0
0.0	0.0
-0.00010372169344918802	0.0
0.0	0.0
-0.00212079961784184	0.0
0.0	0.0
-0.00043746051960624754	1.0
0.0	0.0
0.0	0.0
0.0	0.0
-0.00030216752202250063	0.0
-0.00019331391376908869	0.0
0.0	0.0
0.0	0.0
0.0	0.0
0.0	0.0
-6.563239480783523e-07	0.0
0.0	0.0
0.0	0.0
-6.897862142585254e-11	0.0
-3.0661301053669376e-08	0.0
0.0	0.0
0.0	0.0
0.0	0.0
0.0	0.0
-1.5956595234456472e-05	0.0
0.0	0.0
0.0	0.0
-0.004790612496435642	0.0
0.0	0.0
0.0	0.0
0.0	0.018
0.0	0.0
0.0	0.018
-9.591010893927887e-06	0.0
-2.3093201662049978e-07	0.0
0.0	0.006
0.0	0.0
-5.927605343458708e-06	0.006
0.0	0.0
0.0	0.006
-1.8928118379335501e-06	1.0
-0.002343697240576148	0.0
0.0	1.0
-4.5513508666772395e-05	0.0
0.0	0.0
0.0	0.0
0.0	1.0
-0.0003860682772938162	1.0
0.0	1.0
0.0	1.0
0.0	1.0
-4.327021088101901e-05	1.0
0.0	1.0
-0.0006191093707457185	0.0
0.0	0.0
0.0	0.0
0.0	0.0
0.0	0.001
0.0	0.0
0.0	0.0
0.0	0.001
-0.0005563983577303588	0.001
-0.0002749348059296608	0.0
-1.699460128179453e-08	0.001
0.0	0.0
-8.109740883810446e-05	0.0
0.0	0.0
0.0	0.0
-5.5200774506936057e-11	0.0
0.0	0.808
0.0	1.0
0.0	0.0
0.0	0.0
-2.2543434852195787e-07	0.0
0.0	0.0
-6.319547537714243e-05	0.0
0.0	0.0
-5.884458005311899e-05	0.0
-4.923571168546914e-07	0.0
0.0	0.0
-0.0016035421285778284	1.0
0.0	0.0
-0.0004169208405073732	0.0
-0.0003096380387432873	0.0
0.0	0.0
0.0	0.0
-2.492190844805009e-07	0.0
-1.5242935660353396e-06	1.0
0.0	0.0
-2.158792813133914e-05	1.0
0.0	1.0
-2.821628368110396e-05	0.0
0.0	0.0
-0.0003764934081118554	0.0
-0.0003432664379943162	0.0
0.0	0.0
-0.00035297631984576583	1.0
0.0	1.0
-0.00021048352937214077	0.0
0.0	0.0
0.0	0.0
0.0	0.0
0.0	0.0
0.0	0.0
0.0	0.0
-0.00013878427853342146	0.0
0.0	0.0
0.0	0.0
0.0	0.0
0.0	0.0
0.0	0.0
0.0	0.0
-0.0013117071939632297	0.0
0.0	0.0
0.0	0.0
-2.07179851940964e-07	0.0
-3.04985201182717e-06	0.0
0.0	0.0
0.0	0.0
0.0	0.0
0.0	1.0
-0.0006042953464202583	0.0
-2.721091685309318e-10	0.0
0.0	0.0
-0.007284870836883783	0.0
0.0	0.0
0.0	0.0
-0.0005311928107403219	0.0
-0.003232778050005436	0.0
0.0	0.0
0.0	1.0
0.0	0.0
-3.4554691410448868e-06	0.0
-0.0009482409805059433	0.0
-0.00021257976186461747	0.0
0.0	0.0
0.0	1.0
-4.0826348595146555e-06	0.0
0.0	0.0
0.0	0.0
0.0	0.0
0.0	0.0
0.0	0.0
0.0	0.0
-0.00022231806360650808	0.0
0.0	0.0
-0.0004953848547302186	0.0
-0.00037847307976335287	0.0
-9.454976179767982e-08	1.0
0.0	1.0
-3.516123570079799e-06	0.0
-1.513863310265151e-07	0.0
-0.00018536477000452578	0.0
-0.0011600104626268148	0.0
0.0	0.0
-3.405699544600793e-08	0.0
0.0	0.0
-0.0003391176287550479	0.01
-1.4078061212785542e-05	0.0
0.0	0.0
0.0	0.0
-8.403698359416012e-08	1.0
-5.279507240629755e-05	0.0
0.0	0.061
-5.922906609612255e-10	0.0
-0.00032529482268728316	0.0
0.0	1.0
-0.0017241822788491845	0.0
0.0	1.0
-3.0627627101154076e-09	0.0
0.0	1.0
0.0	0.0
-0.00857504177838564	0.0
0.0	0.0
0.0	1.0
-4.795306836058444e-07	1.0
0.0	0.0
0.0	0.0
-0.0007237551035359502	0.0
-1.863506042809604e-07	0.0
0.0	0.0
0.0	0.0
-0.004563354887068272	0.0
0.0	1.0
0.0	0.0
-0.0012732247123494744	0.0
0.0	1.0
0.0	0.0
0.0	1.0
0.0	0.0
0.0	1.0
-1.4559714145434555e-05	0.0
0.0	1.0
0.0	0.0
0.0	0.0
0.0	0.0
-4.696921678259969e-05	0.0
0.0	1.0
0.0	0.003
0.0	0.003
0.0	1.0
-4.215174698174451e-08	1.0
-0.006271034479141235	0.0
0.0	0.0
-0.0036608665250241756	0.0
0.0	0.0
0.0	0.0
0.0	0.0
0.0	0.0
0.0	0.0
0.0	0.0
-0.0017640055157244205	0.0
-0.014455989003181458	0.0
-0.0005328799597918987	0.0
0.0	0.0
0.0	1.0
-1.325668904428312e-06	1.0
0.0	0.0
-0.0009570814436301589	0.0
-8.674648415762931e-05	0.0
-6.301688245002879e-06	1.0
0.0	0.0
0.0	1.0
0.0	0.0
0.0	1.0
-1.556780944156344e-07	0.0
-0.00048111495561897755	1.0
0.0	1.0
0.0	1.0
-0.005230013281106949	0.0
-3.6140903603154584e-07	0.0
0.0	0.0
0.0	1.0
0.0	0.0
0.0	0.0
0.0	0.0
0.0	0.0
0.0	0.0
-3.7331568591980613e-07	0.0
0.0	0.0
0.0	0.0
0.0	0.0
0.0	0.0
-7.705505413468927e-05	0.0
0.0	0.0
-2.186500387324486e-05	0.0
0.0	0.0
-1.6482221099067829e-06	1.0
0.0	0.0
0.0	1.0
0.0	0.0
0.0	0.0
-5.282322490529623e-06	0.0
0.0	0.0
0.0	0.0
-7.238257353492372e-07	0.0
-3.4928962122648954e-05	0.0
-1.1700697541527916e-05	0.0
0.0	0.0
0.0	0.0
-6.660522922175005e-05	0.0
-5.51835171336279e-07	0.0
-6.513163498311769e-06	0.0
-9.679501999926288e-06	0.0
0.0	0.002
0.0	0.0
-8.711614646017551e-05	0.0
0.0	0.0
0.0	0.0
0.0	0.047
0.0	0.047
-0.003043627366423607	0.05
0.0	0.003
0.0	0.0
-0.0026265631895512342	0.0
-0.049311719834804535	0.0
0.0	0.0
0.0	0.0
0.0	0.0
0.0	0.0
0.0	0.0
0.0	0.0
0.0	0.0
-1.7875206026474189e-07	0.0
-3.2613859275443247e-06	0.0
-1.5749284543176145e-08	0.0
0.0	0.0
-0.0016875398578122258	0.0
0.0	0.0
-0.005349103361368179	0.0
0.0	0.003
-0.0007535502663813531	0.003
-4.675330558256974e-07	0.0
0.0	0.0
-0.0001435450540157035	0.0
-0.0004501181247178465	0.0
-2.6020847144536674e-05	0.0
0.0	0.0
0.0	0.0
0.0	0.0
0.0	0.0
-4.6299619498313405e-06	0.0
-0.07874225080013275	0.0
0.0	1.0
-0.01784922182559967	0.0
0.0	0.0
0.0	0.0
0.0	0.0
0.0	0.0
0.0	1.0
0.0	0.0
-2.876748567359755e-06	0.001
0.0	0.0
0.0	0.0
-0.000250414916081354	0.0
-6.023498144713813e-08	0.0
-1.0383691005699802e-05	0.0
0.0	0.0
-0.00041445449460297823	0.0
0.0	0.0
-9.276791388401762e-06	0.0
-7.501592335756868e-06	1.0
0.0	1.0
0.0	1.0
-0.0006799597758799791	1.0
0.0	0.0
-2.721442626807402e-09	0.0
0.0	0.001
0.0	0.0
-1.8501415510741026e-08	0.0
0.0	1.0
-1.6432555639767088e-05	1.0
-0.03891727700829506	0.0
-9.392492211190984e-05	1.0
0.0	0.0
-0.00017688186198938638	0.0
-4.094542236998677e-05	0.193
0.0	0.0
-0.00041948980651795864	0.0
0.0	0.193
-0.0019605192355811596	0.0
0.0	0.0
0.0	0.0
-0.006418894045054913	0.0
0.0	0.0
-1.1239131936235935e-06	0.0
0.0	0.0
0.0	0.0
-3.0847758375474044e-11	1.0
-2.6740803150460124e-05	0.0
-0.0019577632192522287	0.0
0.0	0.0
-0.004971348214894533	0.0
-0.0029415134340524673	0.0
0.0	0.0
0.0	0.0
-0.001984021160751581	0.0
-0.0028791772201657295	0.0
0.0	0.0
-3.31376249960158e-05	0.0
-4.344892204244388e-06	0.0
0.0	0.01
0.0	0.0
0.0	0.0
0.0	0.0
0.0	0.0
-0.004255425650626421	0.0
0.0	0.0
-0.000614981516264379	0.0
-1.0157665428778273e-06	0.0
0.0	0.0
0.0	0.0
0.0	0.0
0.0	0.015
0.0	0.0
0.0	0.0
-0.00016940808563958853	0.015
-3.477912105154246e-05	0.015
0.0	0.015
-6.610666787310038e-06	0.0
0.0	0.0
-0.04262147098779678	0.0
0.0	0.0
-0.0017520053079351783	0.0
-4.641523901227629e-06	1.0
-0.0005232002004049718	1.0
0.0	0.0
0.0	0.0
0.0	0.0
-0.003926154226064682	0.0
-1.0688590009522159e-05	0.0
0.0	0.0
0.0	0.0
0.0	0.0
0.0	0.0
0.0	0.0
0.0	0.0
0.0	0.0
-0.000239243934629485	0.0
0.0	0.0
0.0	0.0
-0.0019966152030974627	0.0
0.0	0.0
-0.00037743887514807284	0.0
0.0	0.0
-2.2351822615007677e-09	0.0
0.0	0.0
0.0	1.0
0.0	0.0
0.0	0.0
0.0	1.0
0.0	0.0
0.0	0.0
0.0	0.0
0.0	0.0
-0.002048271708190441	0.0
0.0	0.0
-0.0016067121177911758	0.0
-0.0012004264863207936	0.0
-0.0003500036837067455	0.0
0.0	0.0
0.0	0.0
-1.9012627028303086e-09	0.001
-3.106143253717164e-08	0.001
0.0	0.0
0.0	0.0
0.0	0.099
-5.873412010259926e-05	0.0
0.0	0.0
0.0	0.0
0.0	0.0
-2.9021809950791067e-06	1.0
0.0	0.0
0.0	0.0
0.0	0.0
-0.00012567419616971165	0.0
0.0	0.0
0.0	0.0
-0.0308509711176157	0.0
0.0	0.0
-0.0032382572535425425	0.0
0.0	0.0
-0.0006977217271924019	0.0
-3.131765333819203e-05	1.0
-1.1610327419475652e-05	0.0
0.0	0.0
0.0	0.0
0.0	0.0
0.0	0.0
0.0	0.0
-2.4792791009531356e-05	1.0
0.0	0.0
-1.1595514770590398e-08	1.0
-0.0031517131719738245	0.0
-9.264067557523958e-06	1.0
0.0	0.0
0.0	0.0
0.0	0.0
-1.3794839402725412e-11	0.0
-0.0009338569361716509	0.015822784810126583
-8.729109102212362e-10	0.015
-4.145974941138775e-08	1.0
-5.987173062749207e-05	0.0
-0.006334533449262381	0.0
-3.912874308298342e-05	0.0
0.0	0.0
-6.936205863894429e-06	0.0
0.0	0.0
0.0	0.0
0.0	0.0
-4.0603823435958475e-05	0.0
0.0	0.0
0.0	0.0
-0.001641961163841188	0.0
0.0	1.0
-0.0001681664289208129	0.0
0.0	0.0
-0.0020043228287249804	0.0
-0.001579038449563086	0.0
-9.348618186777458e-05	0.0
0.0	0.0
0.0	1.0
0.0	0.0
0.0	0.0
-4.0672205159353325e-08	1.0
0.0	1.0
0.0	0.0
0.0	0.0
0.0	0.0
0.0	0.0
0.0	0.0
-7.11131292518985e-07	0.0
0.0	1.0
-0.0019270222401246428	0.0
0.0	0.0
-2.1981661291192722e-07	1.0
0.0	1.0
0.0	0.0
-0.0021588741801679134	0.0
