0.0	0.0
0.0	0.0
0.0	0.0
-0.0015895001124590635	0.0
0.0	0.0
0.0	0.0
0.0	0.0
-0.002664680127054453	0.0
0.0	0.0
-0.002020689658820629	0.0
0.0	0.0
0.0	0.0
0.0	0.0
-0.0016099613858386874	0.0
-1.53651326399995e-05	1.0
-0.041397977620363235	0.0
0.0	0.0
-1.8706550690694712e-05	0.0
-1.9336953016590996e-07	0.0
0.0	0.02
0.0	0.0
0.0	0.02
-4.804707413180731e-12	0.0
-1.467883794248337e-05	0.0
0.0	0.0
-0.011318402364850044	0.0
-1.0384305682009654e-07	0.0
0.0	1.0
-0.004506669007241726	0.0
0.0	0.0
-0.005224060267210007	0.02
0.0	1.0
0.0	1.0
-0.04706794396042824	0.0
0.0	1.0
0.0	0.0
-0.0030917252879589796	0.0
-5.213090048528102e-07	0.0
0.0	0.0
0.0	0.0
-8.302013156935573e-07	0.0
0.0	0.0
0.0	0.0
0.0	0.0
0.0	0.02
0.0	0.0
-0.0010197898373007774	0.02
-0.00015192801947705448	0.0
0.0	1.0
-0.0027366154827177525	0.0
0.0	0.0
0.0	1.0
-0.0008141427533701062	1.0
-0.00020005300757475197	1.0
0.0	0.0
0.0	0.0
0.0	0.0
-0.00019611128664109856	0.0
0.0	0.0
-6.360232418956002e-06	0.0
-1.0373674141916922e-11	0.0
0.0	0.0
-8.394992600385676e-13	0.0
0.0	0.0
-0.00843275897204876	0.0
0.0	0.0
-3.127423406112939e-05	0.0
-1.3934963135397993e-05	0.0
0.0	0.0
-4.042787793423486e-08	0.0
0.0	0.0
0.0	0.0
-0.0008009541779756546	0.0
-0.00012787045852746814	0.0
0.0	0.0
0.0	0.0
0.0	0.0
-6.680368824163452e-05	0.0
-0.004803703166544437	0.0
-0.0003060511953663081	0.0
-0.0005880173412151635	0.0
0.0	0.0
-3.8870424759807065e-05	0.0
0.0	0.0
-2.0103752262912167e-07	0.0
0.0	0.0
-0.002753534587100148	0.0
0.0	1.0
0.0	1.0
0.0	0.0
-8.863681614457164e-06	0.0
0.0	0.045
0.0	0.045
0.0	0.0
0.0	1.0
0.0	0.0
-1.7760839909897186e-06	1.0
0.0	0.0
-2.1989935703459196e-05	1.0
0.0	1.0
-5.014095222577453e-06	0.0
-1.138442030423903e-06	0.0
0.0	0.0
0.0	0.0
-0.002731200773268938	0.0
-4.739666508157825e-07	0.0
-5.658495501847938e-05	0.0
0.0	0.0
-9.043146565090865e-05	0.0
0.0	0.0
-8.354101765917221e-08	0.0
-0.00014873396139591932	0.0
-1.1460178228617224e-07	0.0
-0.0006209896528162062	0.0
0.0	0.0
-0.0009490799275226891	0.0
-1.366414926451398e-05	0.0
-0.010307627730071545	0.0
-0.03331783041357994	0.0
0.0	0.0
0.0	0.0
0.0	0.0
-1.1613834893786645e-11	0.0
0.0	1.0
0.0	0.0
0.0	0.0
-2.1210271370364353e-05	1.0
0.0	0.0
0.0	0.0
0.0	1.0
0.0	0.0
0.0	1.0
0.0	0.0
0.0	0.0
0.0	1.0
0.0	0.0
0.0	1.0
0.0	0.0
-0.006048189010471106	0.0
0.0	0.0
-2.698881689866539e-05	0.0
-1.2040423769121844e-07	0.0
0.0	0.0
0.0	0.0
0.0	0.0
0.0	0.0
0.0	0.0
0.0	0.0
0.0	0.0
0.0	0.0
0.0	0.0
0.0	0.0
0.0	0.0
0.0	0.0
0.0	0.0
-2.392820897512138e-05	0.0
-1.760319889854145e-08	0.0
0.0	0.0
0.0	0.0
0.0	0.0
-4.3382485159781936e-08	0.0
0.0	0.0
0.0	0.0
-1.3967709492135327e-05	0.0
-0.000402113888412714	1.0
0.0	0.0
-0.000278985477052629	0.0
-3.5028094313993563e-10	0.0
-0.000169748644111678	0.0
0.0	1.0
0.0	0.0
-4.202637501293793e-05	0.0
0.0	0.0
0.0	1.0
0.0	1.0
-0.004522574599832296	0.0
-0.0004093674069736153	1.0
0.0	0.0
0.0	0.001
-0.006643407046794891	0.0
-0.00016951147699728608	0.0
-0.0006499027367681265	0.0
-0.0018485895125195384	0.0
0.0	0.0
0.0	0.0
0.0	0.0
0.0	0.0
-0.0017699396703392267	0.0
0.0	0.0
0.0	0.0
-0.00014379253843799233	0.0
0.0	0.0
0.0	0.0
0.0	0.0
0.0	0.0
0.0	0.0
-9.715644409880042e-05	0.0
0.0	0.0
-0.0023801401257514954	0.0
-0.005106132011860609	0.0
0.0	0.0
0.0	0.0
-0.004192011896520853	0.0
0.0	0.0
-0.0016714269295334816	0.0
0.0	0.0
0.0	0.0
0.0	0.0
-0.09445909410715103	0.0
0.0	0.0
0.0	0.0
-0.004898886661976576	0.0
0.0	0.0
0.0	0.0
0.0	0.0
0.0	0.0
-1.2107581824238878e-05	0.0
0.0	1.0
0.0	0.0
0.0	0.0
-0.0035600592382252216	0.0
0.0	0.0
-0.00028712936909869313	0.0
0.0	0.0
0.0	1.0
0.0	0.0
0.0	0.0
0.0	0.0
-0.0007528738933615386	0.0
-1.4582902663207165e-09	0.0
0.0	0.0
0.0	0.0
-0.01976899430155754	0.0
0.0	0.0
0.0	0.0
-0.00029070692835375667	0.0
-2.1191108316997997e-05	0.0
0.0	0.0
0.0	0.0
-3.368118717955726e-12	0.0
-0.0010617575608193874	0.0
0.0	0.0
0.0	0.0
0.0	0.0
0.0	0.0
0.0	0.0
-4.721108416561037e-05	0.0
-0.0069017549976706505	0.0
-3.329717401356902e-06	0.0
-0.005208639428019524	0.0
0.0	1.0
-4.08700270781992e-06	0.0
-0.0012389135081321	0.0
-4.13579327869229e-05	0.0
0.0	0.0
0.0	0.0
-6.424629827961326e-05	0.0
-1.1367716979293618e-05	0.0
0.0	0.0
-7.636030932189897e-05	0.0
0.0	0.0
0.0	0.0
-0.026453733444213867	0.0
0.0	0.0
-0.0002840351953636855	0.0
0.0	0.0
-0.00167811696883291	1.0
0.0	0.0
0.0	0.0
0.0	0.005
0.0	1.0
0.0	0.0
-0.0033497822005301714	0.0
-3.681887861262112e-08	1.0
0.0	0.0
0.0	1.0
0.0	0.0
-7.059995550662279e-05	0.0
-1.7404042864654912e-06	0.0
0.0	0.0
0.0	0.0
0.0	0.0
0.0	1.0
0.0	1.0
0.0	1.0
0.0	0.0
-0.00022159305808600038	1.0
-0.00022690050536766648	0.0
0.0	0.0
-0.00039229087997227907	0.0
0.0	0.0
0.0	0.0
-1.9689615271545335e-07	0.0
0.0	0.0
0.0	0.0
-0.0020375940948724747	0.0
0.0	0.0
-1.4467560482955832e-10	0.0
-0.0032092381734400988	0.0
0.0	0.0
0.0	0.0
0.0	0.0
-0.0002991983201354742	0.0
-1.157094902737299e-05	0.035
-0.0017828921554610133	0.035
0.0	0.035
0.0	0.0
0.0	0.035
0.0	0.035
-1.6455976137308426e-08	0.035
0.0	0.0
-1.2585334161485662e-06	0.035
0.0	0.0
0.0	0.0
0.0	0.035
-8.68846254888922e-05	0.0
0.0	0.0
-0.00027937543927691877	1.0
-1.0838408343261108e-05	0.0
0.0	0.0
0.0	1.0
-0.013429775834083557	0.0
0.0	1.0
0.0	0.01
0.0	0.0
-0.0006398465484380722	0.01
-1.5753787465655478e-06	0.01
0.0	0.0
0.0	0.0
0.0	0.0
0.0	0.0
0.0	0.0
-0.005269620567560196	0.0
0.0	0.0
0.0	0.0
-0.004921635612845421	0.0
0.0	1.0
0.0	0.0
0.0	0.0
-0.003387188771739602	0.0
0.0	1.0
0.0	0.0
-8.413059049416916e-08	0.0
-1.159314155785296e-08	0.001
0.0	0.001001001001001001
-0.002414275659248233	0.001001001001001001
-0.0015583350323140621	0.0
0.0	0.001
0.0	0.001
0.0	0.0
-2.1638996372530528e-08	0.0
0.0	0.0
0.0	0.0
0.0	0.0
0.0	0.0
0.0	0.0
0.0	0.0
0.0	0.0
0.0	0.0
-2.386768338524803e-09	0.0
-9.374120395477803e-07	0.0
-0.003845972241833806	0.0
-0.006411087699234486	0.0
0.0	0.0
0.0	0.0
0.0	0.0
0.0	0.0
0.0	0.0
0.0	0.0
0.0	0.0
0.0	0.0
0.0	0.0
0.0	0.009
0.0	0.0
-1.564580998092424e-05	0.0
0.0	0.009
0.0	0.0
0.0	0.0
-0.0011018881341442466	0.0
-0.0002672784903552383	0.0
0.0	1.0
0.0	0.0
0.0	0.0
-0.0026091905310750008	0.0
0.0	1.0
0.0	0.0
0.0	0.0
0.0	1.0
0.0	1.0
-5.0312550570197345e-08	0.0
-1.1389618521207012e-05	0.0
0.0	1.0
0.0	0.0
0.0	0.0
-0.0006424286402761936	0.0
0.0	0.08
-4.337888714900373e-09	0.0
-3.736765847861534e-06	0.0
-0.00027629215037450194	0.0
0.0	0.0
0.0	0.0
0.0	0.0
-0.0009871345246210694	0.0
-0.0033325878903269768	0.0
0.0	0.0
-0.005614176858216524	0.0
0.0	0.0
-2.757958972310348e-09	0.0
0.0	0.323
0.0	0.0
0.0	0.0
-0.00015692446322645992	0.323
0.0	1.0
0.0	1.0
0.0	1.0
0.0	0.0
0.0	1.0
0.0	0.0
0.0	0.0
0.0	1.0
0.0	0.0
0.0	0.0
0.0	0.367
-0.000738024536985904	0.367
0.0	0.0
-0.0007211179472506046	0.0
-2.3594617459821166e-07	0.0
0.0	0.0
0.0	0.0
-0.0004941849038004875	0.0
0.0	0.0
0.0	0.0
-8.777344646659913e-07	0.024
0.0	1.0
0.0	1.0
0.0	0.0
0.0	0.0
0.0	0.0
-1.9510180493398366e-07	0.0
-4.152112524025142e-06	0.0
0.0	0.0
-0.001010257052257657	1.0
0.0	0.0
0.0	1.0
-0.006935363635420799	0.0
0.0	0.0
-9.472987017034029e-07	0.0
-0.03622357174754143	0.0
-5.593779345974825e-12	0.0
-0.0008304710499942303	1.0
0.0	1.0
0.0	0.0
0.0	0.323
0.0	0.0
0.0	0.0
0.0	0.0
0.0	0.0
-0.001282207085750997	0.0
0.0	0.0
-0.00020037380454596132	0.0
-0.0008376928744837642	1.0
-3.7003165288818085e-12	0.0
0.0	0.0
-9.127948578679934e-05	0.0
0.0	0.0
-0.0005252507398836315	0.0
0.0	0.072
0.0	0.0
0.0	0.0
-1.8004422599915415e-05	0.072
-6.090154420235194e-05	0.072
0.0	0.072
-0.0018763302359730005	0.0
-0.00010401019972050563	1.0
0.0	0.0
0.0	0.0
0.0	0.0
0.0	0.0
0.0	0.0
-0.0005833262111991644	0.0
-0.004295038990676403	0.0
0.0	0.0
0.0	0.0
0.0	0.0
-2.159676114388276e-06	0.0
-1.859440743601226e-07	0.0
0.0	0.0
0.0	0.0
-0.005696353502571583	0.0
0.0	0.0
0.0	0.0
0.0	0.0
-0.00014535823720507324	0.0
0.0	0.0
0.0	0.0
0.0	0.0
-8.438069198746234e-05	0.0
0.0	0.0
0.0	0.0
-0.025822525843977928	0.0
0.0	0.0
-0.0026830926071852446	1.0
0.0	0.0
-0.0005968425539322197	1.0
0.0	0.0
0.0	0.0
-0.0006788191967643797	1.0
-0.0018532414687797427	0.0
-0.008196285925805569	0.0
0.0	0.0
0.0	0.0
0.0	0.0
0.0	0.0
0.0	0.0
0.0	0.0
-0.00012266459816601127	0.0
0.0	0.0
0.0	0.0
0.0	0.0
0.0	0.0
-1.5658656593586784e-08	1.0
0.0	1.0
0.0	0.0
-8.95172415766865e-05	0.0
0.0	0.0
0.0	0.0
0.0	0.0
0.0	0.0
-0.0001740144653012976	0.0
0.0	0.0
0.0	0.0
0.0	0.0
0.0	0.0
0.0	0.0
-2.8041147743351758e-05	0.0
0.0	0.0
0.0	0.0
0.0	0.0
0.0	0.0
0.0	0.0
-0.006036388222128153	0.131
0.0	0.0
-7.223766442621127e-05	0.0
-0.0005848415312357247	0.0
0.0	0.131
0.0	0.0
0.0	0.0
0.0	0.131
0.0	0.131
-4.91455182327627e-07	0.0
0.0	0.0
0.0	0.0
-4.377834557089955e-06	0.0
-0.00033000274561345577	0.0
-0.0001966610725503415	0.0
0.0	0.0
-3.001800621404982e-07	0.0
-1.8027811165666208e-05	0.0
-0.0002979537530336529	0.0
0.0	0.0
-0.00031637822394259274	0.0
0.0	1.0
-3.871492992857384e-08	0.0
-3.581729833967984e-05	0.0
-1.6269901008045262e-12	0.0
0.0	0.0
0.0	0.63
0.0	0.0
0.0	0.0
0.0	0.0
0.0	0.0
0.0	0.0
-5.143572820998088e-07	0.0
-0.0011926395818591118	0.0
0.0	0.0
0.0	0.0
0.0	0.0
-6.763934379705461e-06	0.0
0.0	0.0
0.0	0.0
0.0	1.0
0.0	0.0
0.0	1.0
-0.000956858042627573	1.0
0.0	1.0
0.0	0.0
0.0	1.0
-0.00017655729607213289	0.0
-8.272836566902697e-06	0.0
-1.8695825561244796e-15	0.0
0.0	0.0
0.0	0.0
-2.6344678190071136e-06	0.0
-0.0003001086297444999	0.0
-0.0006138441385701299	1.0
0.0	0.0
-8.28086631372571e-05	0.0
0.0	0.0
-2.9267464469739934e-06	0.0
-7.559416189906187e-06	0.0
-0.0007503503002226353	0.0
0.0	0.0
-8.080589032033458e-05	0.0
-1.7126594684668817e-05	0.0
-0.0035599947441369295	0.0
-2.8164545256004203e-06	0.0
-0.0020072702318429947	0.0
0.0	0.0
-0.00010794727131724358	1.0
0.0	1.0
-6.242266360929893e-13	0.0
0.0	0.0
-0.001972300000488758	0.0
0.0	0.0
0.0	0.0
0.0	0.0
0.0	0.0
-2.086032822035122e-07	0.0
0.0	0.0
-1.1549780538189225e-05	0.0
0.0	0.0
0.0	0.0
0.0	0.0
0.0	0.0
-0.0040705506689846516	0.0
-7.111712329788134e-05	0.0
0.0	0.0
0.0	0.0
0.0	0.0
0.0	0.0
-0.02760413847863674	0.0
0.0	0.0
0.0	0.0
0.0	0.0
-0.000391565466998145	0.0
-0.00023563599097542465	0.02
-0.0006507934303954244	1.0
-0.008026305586099625	0.0
0.0	0.0
0.0	0.0
0.0	0.0
-3.4733524389984893e-10	0.0
0.0	0.0
-7.832150004105642e-06	0.0
0.0	0.0
0.0	0.0
0.0	0.0
-0.00019648915622383356	0.0
-0.0016811431851238012	0.0
-0.0014659183798357844	0.0
0.0	0.0
0.0	0.0
-0.0005515084485523403	0.0
-0.0005735930753871799	1.0
0.0	0.0
-2.703338108922537e-10	0.0
-0.0027811990585178137	0.0
0.0	0.0
0.0	0.0
0.0	1.0
0.0	1.0
-0.001971903257071972	0.0
0.0	0.01
0.0	0.01
-8.244776381616248e-07	0.0
0.0	0.0
0.0	0.01
-0.011726421304047108	0.0
-1.0185710408450177e-07	0.0
-6.037033273287307e-08	0.0
0.0	0.0
0.0	0.0
-0.002736129565164447	0.0
0.0	0.0
0.0	0.0
-5.405488536780467e-06	0.0
0.0	0.0
0.0	0.0
0.0	0.0
0.0	0.0
0.0	0.0
0.0	0.0
0.0	0.0
-0.000614684890024364	0.0
-0.000763965945225209	0.0
0.0	0.0
-2.3801073112394988e-08	0.0
0.0	0.0
0.0	0.0
-0.0007356643327511847	0.0
-2.0966189140381175e-07	0.0
0.0	0.0
-1.7709329824810993e-07	0.0
-0.00019768289348576218	1.0
-0.0022973730228841305	0.0
0.0	1.0
-2.0971094272681512e-05	0.0
0.0	0.0
0.0	0.0
0.0	0.0
0.0	0.0
0.0	0.0
0.0	0.0
0.0	0.0
0.0	0.0
0.0	0.0
0.0	0.0
-0.013756470754742622	0.0
0.0	0.0
-9.567481029648661e-09	0.0
0.0	0.0
-0.0010401173494756222	0.0
0.0	0.0
0.0	0.0
-1.7141908301709918e-06	0.0
0.0	0.0
0.0	0.0
0.0	0.0
0.0	0.0
0.0	0.0
-1.035856143971614e-06	0.0
0.0	0.0
0.0	0.0
-0.0032336770091205835	0.0
-3.0752621569263283e-06	0.0
0.0	0.0
-9.627759573049843e-05	0.0
0.0	0.0
0.0	0.0
-0.004078910686075687	0.0
-4.4643446017289534e-05	0.0
-0.0002868108276743442	0.0
0.0	0.0
0.0	0.0
0.0	0.0
0.0	0.0
0.0	0.0
0.0	0.0
0.0	0.0
0.0	0.0
0.0	1.0
-0.0008578081033192575	0.0
0.0	1.0
0.0	1.0
-7.58394769206916e-09	0.0
0.0	0.0
0.0	1.0
-0.0029619592241942883	0.0
-0.00027519906871020794	0.0
-0.0008030597819015384	0.0
-0.008152498863637447	0.0
0.0	0.0
-0.0009911394445225596	0.0
0.0	0.0
0.0	1.0
0.0	1.0
-1.2765724477503682e-08	0.0
0.0	0.0
0.0	0.0
0.0	0.0
-8.189382788259536e-05	0.0
0.0	0.0
0.0	0.0
-0.0026771670673042536	0.0
0.0	0.0
-0.00013933393347542733	0.0
0.0	0.0
0.0	0.0
-4.733988201444106e-10	0.0
0.0	0.0
0.0	0.0
0.0	0.0
-2.9960554456920363e-05	0.0
0.0	0.0
0.0	0.0
0.0	0.0
0.0	0.0
-0.0001167922600870952	0.0
-1.516183374405955e-06	0.0
0.0	0.0
-1.9142731616739184e-05	0.0
0.0	0.0
-0.002742764772847295	0.0
0.0	0.0
0.0	0.0
0.0	0.0
-6.493386081274366e-06	0.0
0.0	0.0
0.0	0.0
0.0	0.0
0.0	1.0
-5.458980012917891e-06	1.0
-0.00020651446538977325	0.0
0.0	0.0
-0.0070076026022434235	0.0
-0.0011887775035575032	0.0
-0.0023334568832069635	0.0
-1.01391595119793e-09	0.0
0.0	0.0
-0.0006793902139179409	1.0
0.0	1.0
0.0	0.0
0.0	1.0
-1.1548966227792334e-08	0.0
0.0	0.0
0.0	0.0
-0.011017552576959133	0.0
0.0	0.0
-7.71132704358024e-08	0.0
0.0	1.0
-9.083951368893395e-09	0.0
-0.0012754033086821437	0.0
0.0	0.0
-0.0011201667366549373	0.0
-0.00010745909821707755	0.0
-3.829297838819912e-06	0.0
