0.0	0.0
-0.042502280324697495	0.0
0.0	0.0
-6.324379501165822e-05	0.0
-0.0013021904742345214	0.0
0.0	0.0
0.0	1.0
0.0	0.0
-5.534016963792965e-05	0.0
0.0	1.0
0.0	0.0
-0.003208053531125188	0.0
-1.9446501298148178e-08	0.0
0.0	0.0
0.0	0.0
0.0	0.0
-0.0019147905986756086	0.0
0.0	0.0
-0.0016779574798420072	0.0
-2.9895733888452014e-08	0.0
0.0	0.0
-4.6947239752626047e-05	1.0
0.0	0.0
0.0	1.0
-0.00011093289504060522	0.0
-0.017635157331824303	0.0
-0.003549992572516203	0.0
-0.0014954166254028678	0.0
0.0	0.0
0.0	0.0
-1.3581425047093365e-11	0.0
-0.007870900444686413	0.0
-1.535511910333298e-05	0.0
0.0	0.0
0.0	0.0
0.0	0.0
0.0	0.0
0.0	0.0
-0.0002449005551170558	0.0
0.0	0.0
0.0	0.0
-0.0022204008419066668	0.0
-0.0001376812724629417	0.0
-0.10435166954994202	0.0
0.0	0.0
-0.002835569903254509	0.0
-0.004197884351015091	0.0
-0.0029541796538978815	0.0
0.0	0.0
0.0	0.0
0.0	0.0
0.0	0.0
-0.0002703978097997606	0.0
0.0	0.0
0.0	0.0
0.0	0.0
0.0	0.0
0.0	0.034
-2.7396677637625544e-07	0.034
0.0	0.034
-5.5067790526663885e-05	0.0
0.0	0.0
-0.00013089228013996035	0.0
-9.262367530027404e-05	0.0
-0.00017293429118581116	0.0
-1.6647004486003425e-07	0.0
-0.0018305606208741665	0.0
-0.0009001884609460831	0.0
-0.00020029826555401087	0.0
-1.5485647963942029e-06	0.0
0.0	0.0
0.0	0.0
-9.523103194908344e-09	0.0
-8.430154707639304e-07	0.035
0.0	0.035
-3.753340479306644e-06	0.035
-0.011734316125512123	0.0
-0.00017564749578014016	0.035
0.0	0.035
-5.082626103103394e-06	0.0
0.0	0.0
0.0	0.0
0.0	0.0
0.0	0.0
-0.002015594858676195	0.0
-0.004131299443542957	0.0
-0.0024424877483397722	0.0
-0.0010413916315883398	0.0
0.0	0.0
-0.001092478516511619	0.0
-0.00010498147457838058	0.0
-0.001288852421566844	0.0
0.0	1.0
0.0	0.0
0.0	0.0
0.0	0.0
-0.002880893414840102	0.0
0.0	0.0
-0.0002549428027123213	0.0
0.0	0.0
0.0	0.0
-1.5377102613456373e-07	0.0
-4.640931638988377e-09	0.0
-0.013582468964159489	0.0
-0.00024362225667573512	0.0
-0.0004311288066674024	0.0
-0.0006575072766281664	0.0
0.0	0.0
0.0	0.0
0.0	0.0
0.0	0.0
-9.294219616151622e-09	0.0
0.0	0.0
0.0	0.0
0.0	0.0
-4.644034845568967e-08	0.0
0.0	0.0
-0.025066427886486053	0.0
-9.199935448123142e-05	0.001
0.0	0.0
0.0	0.0
0.0	0.0
0.0	0.0
-1.4634490980824921e-05	0.0
0.0	0.0
0.0	0.0
0.0	0.0
0.0	0.0
0.0	0.0
-3.1555569876218215e-05	0.0
0.0	0.0
0.0	0.0
0.0	0.0
0.0	0.0
0.0	0.0
0.0	0.0
0.0	1.0
0.0	1.0
0.0	1.0
0.0	1.0
-0.018386974930763245	0.0
0.0	1.0
-0.0027694199234247208	0.0
0.0	0.0
0.0	0.0
-0.00011899769015144557	0.0
0.0	0.0
0.0	0.0
0.0	0.0
0.0	0.0
0.0	0.007
0.0	0.0
0.0	0.0
0.0	1.0
0.0	0.0
-7.306447287191986e-07	1.0
-0.013980652205646038	0.0
-1.8407593671554423e-08	0.0
-0.00018690976139623672	0.0
0.0	0.0
-0.0019430926768109202	0.0
0.0	0.0
-2.4852548449416645e-05	0.0
0.0	0.0
0.0	0.0
0.0	0.0
0.0	0.0
0.0	0.0
0.0	0.0
0.0	0.0
-0.02404867671430111	0.0
0.0	0.0
-0.001545237610116601	1.0
0.0	0.0
-9.172974380078358e-09	0.0
0.0	1.0
0.0	0.0
0.0	0.0
0.0	0.0
0.0	0.0
0.0	0.0
0.0	0.0
0.0	0.0
-0.0003540658508427441	0.0
0.0	0.0
0.0	0.0
0.0	0.0
0.0	0.0
0.0	0.0
0.0	0.0
0.0	0.0
-0.010076291859149933	0.0
0.0	0.0
0.0	0.0
-0.0019446149235591292	0.0
0.0	0.0
0.0	0.0
-0.0008054905338212848	0.0
-2.3224654796649702e-05	0.0
0.0	0.0
0.0	0.0
0.0	1.0
0.0	0.0
0.0	0.0
-2.7778234652942047e-05	0.0
-0.00035323743941262364	0.006
0.0	0.006
-3.2430398277938366e-05	0.0
0.0	0.0
0.0	1.0
0.0	0.0
-0.0016213158378377557	0.0
0.0	0.0
0.0	0.0
0.0	0.0
-0.0030900498386472464	0.0
0.0	0.0
-0.00022089517733547837	0.0
0.0	0.0
-0.0002121456345776096	0.0
-0.00015103764599189162	0.0
0.0	0.0
-1.5622743376297876e-05	0.0
0.0	0.0
-0.0019120549550279975	0.0
-0.0004462171345949173	0.0
0.0	0.0
-3.461270171101205e-05	0.0
0.0	0.0
0.0	0.0
0.0	0.0
-0.00012082432658644393	0.0
0.0	0.0
-0.0038663209415972233	0.0
0.0	0.0
0.0	0.0
0.0	0.0
0.0	0.0
0.0	0.001
0.0	0.0
0.0	0.0
-1.2846409845224116e-05	0.0
0.0	0.0
-5.822687853651587e-06	0.0
-5.763912486145273e-05	0.0
0.0	0.0
-0.0013167320284992456	0.0
0.0	0.0
-0.0007359418668784201	0.0
-0.003050863044336438	0.0
-6.30614658803097e-06	0.083
-1.740433981467504e-05	0.083
0.0	0.083
-0.001396805513650179	0.0
0.0	1.0
0.0	0.0
0.0	0.0
-0.000605204317253083	1.0
0.0	1.0
0.0	0.0
0.0	1.0
0.0	0.0
-0.000109538268588949	0.0
0.0	1.0
0.0	1.0
0.0	1.0
0.0	1.0
0.0	1.0
-3.5899979877740407e-08	0.0
-0.00010680314881028607	0.0
-4.20148846269619e-11	0.0
-0.0012647965922951698	0.0
0.0	0.0
-0.00015122896002139896	0.0
0.0	0.0
-7.264226587722078e-05	0.0
0.0	0.0
0.0	0.0
-0.002813540631905198	0.0
0.0	0.0
-0.004615638870745897	0.0
0.0	0.0
-8.15177772892639e-05	0.0
0.0	0.0
0.0	0.0
0.0	0.0
0.0	0.0
-0.00042398981167934835	0.0
0.0	0.0
-9.650163974583847e-07	0.0
0.0	0.0
0.0	0.0
0.0	0.0
-3.300507955827925e-07	0.0
0.0	0.0
0.0	0.0
0.0	0.0
0.0	0.0
0.0	0.0
-0.0003449972136877477	0.0
-9.590234185452573e-06	0.0
0.0	1.0
-0.0008727728272788227	1.0
0.0	1.0
0.0	0.0
0.0	1.0
0.0	0.0
0.0	0.0
0.0	0.0
0.0	0.0
0.0	1.0
0.0	0.0
-3.373066192580154e-06	0.0
0.0	0.0
0.0	0.0
0.0	0.0
0.0	1.0
-0.0003204761305823922	0.0
-1.8317583453608677e-05	0.0
-1.1683695447572973e-05	0.0
-3.026067219025208e-08	0.0
-0.00012708597932942212	0.0
0.0	0.0
0.0	0.0
0.0	0.0
0.0	0.0
0.0	0.0
-4.146532228332944e-05	0.0
0.0	0.0
0.0	0.0
0.0	0.0
-7.814522859916906e-07	0.0
-3.0362901526359565e-08	1.0
0.0	1.0
0.0	0.139
-2.931600275035695e-12	1.0
0.0	0.0
-3.352485873620026e-05	1.0
-0.00013098050840198994	1.0
-0.0004160029930062592	0.008
0.0	0.0
-2.8534084776765667e-05	0.0
0.0	0.0
0.0	1.0
0.0	1.0
0.0	1.0
-1.4467947551111138e-07	0.0
0.0	1.0
0.0	0.0
-4.8219926611636765e-06	0.0
-6.39666395727545e-05	1.0
0.0	0.0
0.0	0.0
0.0	0.0
-8.41991754096938e-12	0.0
0.0	1.0
-0.0001342522446066141	1.0
0.0	0.0
0.0	0.0
-4.134518530918285e-05	1.0
-0.0012650273274630308	0.0
0.0	0.0
0.0	0.0
0.0	0.0
-1.2107236047054215e-10	0.0
-0.003438645973801613	0.0
-0.04396992549300194	0.0
-0.0001874980953289196	0.0
0.0	1.0
0.0	0.0
-0.0035621977876871824	0.0
0.0	1.0
0.0	1.0
-0.0003614953893702477	1.0
-2.4720566216274165e-06	1.0
0.0	1.0
-4.552062478069274e-07	0.0
0.0	0.0
-0.009891604073345661	0.0
0.0	0.0
-0.003886834252625704	0.0
0.0	0.0
0.0	0.0
-0.010935856029391289	0.0
-0.001988834934309125	0.0
0.0	0.0
-0.005354499910026789	0.0
0.0	1.0
0.0	0.0
-0.0001195070581161417	0.0
0.0	0.0
0.0	0.0
0.0	0.0
0.0	0.0
-0.0016740820137783885	0.0
0.0	0.0
-3.379429108463228e-05	0.0
0.0	0.0
0.0	0.0
0.0	0.0
-4.381499536521005e-07	1.0
-6.467686262112693e-07	0.0
0.0	1.0
-8.305208893943927e-07	0.0
0.0	0.013
0.0	0.0
0.0	0.0
-3.814476912111786e-08	1.0
0.0	0.0
-0.0037666826974600554	0.0
0.0	0.0
0.0	0.0
0.0	1.0
-0.034044429659843445	0.0
0.0	1.0
-0.0010252292267978191	1.0
-9.971137693298715e-09	0.0
-0.03956163302063942	0.0
0.0	0.0
-4.695605457527563e-05	0.0
-3.0085607616303633e-11	0.0
0.0	0.0
-4.934438402415253e-05	0.0
0.0	0.0
-2.0911969841108657e-05	0.0
0.0	0.0
0.0	0.0
0.0	0.0
0.0	0.0
0.0	0.0
0.0	0.0
0.0	0.0
0.0	0.0
0.0	0.0
-0.0630909875035286	0.0
0.0	0.0
-1.3824420124278203e-12	0.0
0.0	0.0
0.0	0.0
-7.410529360640794e-05	0.0
-9.745947318151593e-05	0.0
-0.005949705373495817	0.0
-0.0013805109774693847	0.0
0.0	0.024390243902439025
-1.4815375948273868e-07	0.001
-4.628452188626397e-06	0.0
-1.9659431416130246e-08	0.0
-0.0018776862416416407	0.0
0.0	0.0
0.0	0.0
0.0	1.0
-1.5476800951930159e-09	0.0
-0.0069970558397471905	0.0
0.0	0.0
-5.03709634358529e-06	0.0
0.0	0.0
-0.0006303350673988461	0.0
0.0	0.0
-0.004113798029720783	0.0
0.0	0.0
0.0	0.0
-3.5576795958010277e-13	0.0
0.0	0.0
0.0	0.0
0.0	0.0
0.0	0.0
0.0	0.0
-2.1523855764371547e-07	0.0
-0.00902604404836893	0.0
0.0	0.0
0.0	0.0
0.0	0.0
-4.4152515329187736e-05	0.0
0.0	0.0
0.0	0.0
-0.00861020665615797	0.0
0.0	0.0
0.0	0.0
-1.3451706415423814e-09	0.0
0.0	0.0
0.0	0.0
-0.000675256596878171	0.0
0.0	0.0
-0.0004676112439483404	0.0
-0.0015194183215498924	0.0
0.0	0.0
-0.000891948991920799	0.0
0.0	0.0
0.0	0.0
-2.0011690139654092e-05	0.0
0.0	0.0
0.0	0.0
-1.6907399185583927e-05	0.0
0.0	0.0
-5.0077233026968315e-08	0.0
0.0	0.0
0.0	0.0
0.0	0.0
0.0	0.0
-4.331063231579474e-13	0.0
0.0	0.0
0.0	0.0
0.0	0.0
0.0	0.0
-0.000898254569619894	0.0
0.0	0.0
0.0	0.0
-0.0004593434277921915	0.0
0.0	0.0
0.0	0.0
0.0	1.0
0.0	1.0
-0.0019299850100651383	0.0
0.0	1.0
0.0	0.0
0.0	0.001
0.0	0.0
-0.000795628409832716	0.0
-0.00045325476094149053	0.001
0.0	0.001
-0.0016759042628109455	1.0
0.0	0.0
-2.5133990888548396e-08	0.0
0.0	0.0
-9.013747330754995e-05	0.0
0.0	0.001
0.0	0.0
0.0	1.0
0.0	1.0
0.0	1.0
0.0	1.0
-0.013311187736690044	0.0
0.0	0.0
-3.5574068135701964e-09	1.0
-0.00299638113938272	0.0
-0.03365027531981468	0.0
0.0	0.0
0.0	0.0
-7.044954691082239e-05	0.0
0.0	0.0
0.0	0.0
0.0	0.0
0.0	0.0
0.0	0.0
0.0	0.0
0.0	0.0
0.0	0.0
0.0	0.0
0.0	0.0
0.0	0.0
0.0	0.0
0.0	0.0
0.0	0.0
-6.773756922484608e-06	0.0
-0.0007107462733983994	0.0
0.0	0.0
0.0	0.0
0.0	0.0
-0.0014471275499090552	0.0
0.0	0.0
0.0	0.0
0.0	0.0
0.0	0.0
0.0	0.0
0.0	0.0
-0.0008395500481128693	0.083
-0.00025511562125757337	0.083
0.0	0.083
0.0	0.0
-3.531605997225684e-12	0.0
0.0	0.0
-0.01602756604552269	0.0
-3.2225955237663584e-06	0.0
0.0	0.0
0.0	0.077
-6.402759566981331e-08	0.0
0.0	0.0
-0.0043263486586511135	0.0
-0.0001444283261662349	0.0
0.0	0.0
0.0	0.0
0.0	0.0
0.0	0.0
0.0	0.0
-0.00010774250404210761	0.0
0.0	0.0
-0.0001895769964903593	0.0
0.0	0.0
-0.001158926635980606	0.0
-0.0004518541682045907	0.0
-0.009017168544232845	0.0
-0.008071647956967354	0.0
-0.0006346073932945728	0.0
0.0	0.0
0.0	0.0
-6.909789590281434e-06	0.0
0.0	1.0
0.0	0.0
0.0	0.0
0.0	0.0
-0.0007047306280583143	0.0
0.0	0.0
0.0	0.0
-3.278089479863411e-06	0.0
-0.002846422139555216	0.0
-1.0701786550271208e-06	0.0
-0.00012901627633254975	0.0
0.0	0.0
0.0	0.0
-2.1281691431340732e-07	0.0
-0.0004226431774441153	0.0
0.0	0.0
0.0	0.0
0.0	0.0
-0.0003807366592809558	0.0
0.0	0.0
-3.164569193359057e-07	1.0
0.0	0.0
-6.6756660999089945e-06	0.0
0.0	0.0
0.0	0.0
0.0	0.0
0.0	1.0
0.0	1.0
0.0	0.0
0.0	0.0
-2.0873045514235855e-09	0.0
-6.834559462731704e-05	1.0
-1.2843230479120393e-06	0.0
0.0	0.0
-5.63067715120269e-06	0.0
0.0	0.0
0.0	0.0
0.0	0.0
-0.002133721951395273	0.0
-0.011144370771944523	0.0
-0.00039483443833887577	0.0
0.0	0.0
0.0	0.0
-0.00017062315600924194	0.0
0.0	0.0
0.0	0.0
0.0	0.0
0.0	0.0
-8.446960237051826e-06	1.0
-0.008969268761575222	0.0
0.0	1.0
0.0	1.0
-0.01045187283307314	0.0
0.0	0.0
-0.001155939302407205	0.0
0.0	0.0
-6.99150677974103e-06	0.0
0.0	0.0
-0.00012136584700783715	0.0
-7.305170246496573e-09	1.0
0.0	1.0
-0.0007051232387311757	0.0
0.0	1.0
-6.044410838512704e-06	1.0
0.0	0.0
-1.4368220035976265e-05	0.0
0.0	0.0
0.0	0.0
-0.01487087830901146	0.0
-4.253255951880419e-07	0.34
0.0	0.0
0.0	0.34
0.0	0.34
-9.954795321398535e-11	0.34
0.0	0.34
-0.0036057436373084784	0.0
-0.00495729548856616	0.0
0.0	1.0
-8.070462627074448e-07	1.0
0.0	1.0
-0.000499378889799118	0.0
0.0	0.0
0.0	0.0
-2.1102910068293568e-06	1.0
0.0	1.0
-1.0386381291027647e-05	0.0
-0.016861815005540848	0.0
0.0	0.0
0.0	0.0
0.0	0.0
0.0	0.0
0.0	0.0
-0.0009877640986815095	0.0
-1.685365532466676e-05	0.0
-0.01219030749052763	0.0
0.0	0.0
-0.0008940030820667744	0.0
-0.00015626657113898546	0.0
-2.073030600513448e-07	0.0
0.0	1.0
0.0	0.0
-4.374963100417517e-05	0.0
0.0	0.0
-0.0002950337075162679	0.0
-6.948464579181746e-05	0.0
-0.00026636430993676186	0.0
0.0	1.0
-0.004826031159609556	0.0
0.0	1.0
0.0	1.0
0.0	0.0
0.0	0.0
-2.1353795467971004e-12	0.0
0.0	0.0
-3.429643768981805e-08	0.0
-4.430171611602418e-05	0.0
0.0	0.0
0.0	0.0
0.0	0.0
0.0	0.0
0.0	0.0
0.0	0.0
-0.0003752642951440066	0.0
-0.00013625070278067142	0.0
-2.9423968953778967e-05	0.0
0.0	0.0
-3.3669337540231936e-07	0.0
-0.0003221002407371998	0.0
0.0	0.0
-0.00041150610195472836	0.0
0.0	0.0
0.0	0.0
0.0	0.0
-0.00824061781167984	0.0
0.0	0.0
-1.0969029018426113e-09	1.0
-2.2346155674313195e-05	0.0
-2.1699213903048076e-05	0.0
0.0	0.0
0.0	1.0
0.0	1.0
0.0	0.0
0.0	1.0
-0.001466038404032588	0.014
0.0	1.0
0.0	0.0
0.0	0.0
-5.588605745288078e-06	0.0
-0.0020386246033012867	0.0
0.0	0.0
0.0	0.0
0.0	0.0
0.0	0.0
0.0	0.0
0.0	0.0
0.0	0.0
-1.4549850391176733e-07	0.136
0.0	0.0
0.0	0.0
-0.00015181407798081636	0.0
-8.67297558215796e-07	0.0
-0.0043068984523415565	0.0
-1.7733311324263923e-05	0.0
0.0	0.0
-0.002050213748589158	0.0
0.0	0.0
0.0	1.0
0.0	0.0
0.0	0.0
-2.318739461770747e-06	0.0
0.0	0.0
-0.00034141031210310757	0.0
0.0	0.0
-0.001704858266748488	0.0
0.0	0.0
-0.002502966905012727	0.0
0.0	0.0
0.0	0.0
-0.0002447801234666258	1.0
-0.001212626346386969	1.0
-1.061289913195651e-05	1.0
0.0	0.0
0.0	0.0
0.0	0.0
0.0	0.0
0.0	0.0
0.0	0.0
-2.220900569227524e-06	0.0
-5.567291009356268e-05	0.0
-0.007111930754035711	0.0
-1.8996839799001464e-06	0.0
0.0	0.0
-9.8376631285646e-06	0.0
0.0	0.0
0.0	0.0
-0.00043469390948303044	1.0
0.0	0.0
-0.0004002053174190223	0.0
0.0	1.0
-0.0013219915563240647	0.0
0.0	0.0
0.0	0.0
-0.01558444183319807	0.0
-0.00021816643129568547	0.0
0.0	0.0
-0.00013961084187030792	0.0
0.0	0.0
0.0	0.0
-0.007204508874565363	0.0
0.0	0.0
0.0	0.0
0.0	0.749
0.0	0.0
-9.483900470508289e-11	0.749
0.0	0.0
-2.149947581076006e-10	0.0
-0.0039916993118822575	0.749
-7.295222894754261e-05	0.0
0.0	0.0
0.0	0.0
0.0	0.749
-0.0008643376640975475	0.0
0.0	0.0
-3.5253331589046866e-05	1.0
-0.00045560000580735505	0.0
0.0	0.0
0.0	0.0
0.0	0.0
0.0	0.0
0.0	0.0
0.0	0.0
-0.0005647417274303734	0.0
-0.00010744076280388981	0.0
0.0	0.0
0.0	0.0
-1.2787446394213475e-05	0.0
-0.0007318401476368308	0.0
0.0	0.0
