-5.476061414810829e-05	0.0
-0.003843593178316951	0.0
-0.0023953611962497234	0.0
0.0	0.0
-0.002068648347631097	0.151
-0.00020383723312988877	0.0
0.0	0.0
-0.0036650944966822863	0.0
-2.4139112042576016e-07	0.151
-0.02004549466073513	0.0
0.0	0.0
-2.5657231162767857e-05	0.0
-1.0656698577804491e-05	0.0
0.0	0.0
0.0	0.0
0.0	1.0
-0.00044607199379242957	0.0
-4.0057653677649796e-05	0.0
-3.0285611501312815e-05	0.0
0.0	0.0
0.0	0.0
0.0	0.0
-7.952603482408449e-05	0.0
0.0	0.0
-8.715813173184456e-14	0.0
0.0	0.0
-0.0020999310072511435	0.0
-0.0030051099602133036	0.0
0.0	0.0
-2.5238767193513922e-05	0.0
0.0	0.0
0.0	0.0
0.0	0.0
0.0	1.0
-0.00021133616974111646	0.0
0.0	0.151
-0.010767790488898754	0.0
0.0	0.0
0.0	0.0
-8.85815461515449e-06	0.0
0.0	0.0
-0.0013327895430848002	0.0
0.0	0.0
-4.919325502505956e-10	0.0
-1.179896500502764e-07	1.0
0.0	0.0
-0.0006473428220488131	0.0
0.0	0.0
-0.0003176699101459235	0.0
-0.0025780010037124157	0.0
-0.0008415478514507413	0.0
-0.0002773208834696561	0.0
0.0	0.0
0.0	0.0
0.0	0.0
-4.078301252263827e-09	0.0
0.0	1.0
0.0	0.0
0.0	0.0
0.0	0.0
0.0	0.0
-3.8157835660967976e-05	0.0
0.0	1.0
0.0	1.0
0.0	1.0
0.0	0.0
0.0	0.0
0.0	0.053
0.0	0.0
0.0	0.0
0.0	1.0
-1.2191019777674228e-05	0.0
0.0	0.0
0.0	0.0
0.0	0.0
0.0	0.0
0.0	0.0
-8.602548469578697e-13	0.0
-0.0007464285590685904	0.053
0.0	1.0
-0.0016576312482357025	0.0
-3.6098190321354195e-05	1.0
-0.0007224257569760084	0.0
-0.0008726257365196943	0.0
-6.032297505953466e-08	1.0
0.0	0.0
-0.00015175770386122167	0.0
0.0	0.0
0.0	0.0
-0.0006046475609764457	0.0
0.0	0.0
0.0	0.0
-0.0006801566341891885	0.0
0.0	0.0
0.0	0.0
-3.3388980114068545e-07	0.0
-4.512667601375142e-06	0.0
-4.1357093323313165e-06	0.0
0.0	0.0
0.0	1.0
0.0	1.0
0.0	0.0
0.0	0.0
0.0	0.0
0.0	0.0
0.0	0.0
0.0	1.0
0.0	0.747
0.0	0.747
0.0	0.0
-9.890081855701283e-06	0.0
-1.4480549907602835e-05	0.0
0.0	0.0
-3.751817985175876e-06	0.0
0.0	0.0
0.0	0.0
-0.01999318227171898	0.0
-7.209211617009714e-05	0.0
-1.9980659544671653e-06	0.253
0.0	1.0
-0.0008334143785759807	0.0
0.0	0.0026917900403768506
0.0	0.0
0.0	0.0
0.0	0.007233273056057866
0.0	0.0
-0.005562263540923595	0.0
0.0	0.0
0.0	0.0
0.0	0.0
0.0	0.0
-5.4104788205222576e-08	0.0
0.0	0.0
-5.873657755728345e-06	0.0
-8.833879405756306e-09	0.0
-0.0010600294917821884	0.0
-0.00011547325266292319	0.0
-1.4554481708728417e-07	0.0
0.0	0.0
-0.0012355066137388349	0.0
-0.028159936890006065	0.0
0.0	0.0
-0.005563974380493164	0.0
0.0	0.0
-2.730290589170181e-06	0.0
0.0	0.0
0.0	0.0
-0.00022496267047245055	0.0
0.0	0.0
-0.0003261087113060057	0.0
0.0	0.0
0.0	0.0
0.0	0.0
0.0	0.0
-0.0009091832325793803	0.0
-0.0011217851424589753	0.0
0.0	0.0
-0.002624824643135071	0.0
-5.2061786846024916e-06	0.0
0.0	0.0
-0.0006223923992365599	0.09
-0.00021157620358280838	0.09
-1.524796122698291e-10	0.09
-0.0011798981577157974	0.0
-2.5246954464819282e-06	0.09
-8.626499038655311e-05	0.09
0.0	0.09
-1.9964741113653872e-06	0.09
0.0	0.0
0.0	0.09
-3.489126902422868e-05	0.09
-1.7455195688853564e-07	0.09
0.0	0.0
-8.86738853296265e-05	0.09
0.0	0.09
0.0	0.0
0.0	1.0
0.0	0.0
-1.015544512483757e-06	1.0
0.0	0.0
0.0	1.0
0.0	0.006
-1.3941457837063354e-05	0.006
0.0	1.0
-0.002386498497799039	0.0
0.0	0.0
-0.00029915181221440434	0.030181086519114688
-0.00010000183101510629	0.0
0.0	0.0
-0.0008608457865193486	0.0
-2.8298965844442137e-05	0.006
-0.002741413889452815	0.0
-2.4904375095502473e-06	0.0
-0.0005936060915701091	0.0
0.0	0.0
0.0	0.0
0.0	0.0
-4.568900635604223e-07	0.0
-0.00010428924724692479	0.0
0.0	0.0
0.0	0.0
-0.009899557568132877	0.0
-0.00011635669943643734	0.0
0.0	0.0
-8.160880327068298e-08	0.0
0.0	1.0
-3.8300877349684015e-06	1.0
-3.904121914644065e-09	1.0
-1.2303546554903733e-06	1.0
0.0	1.0
0.0	0.0
0.0	0.0
-6.435730028897524e-06	1.0
0.0	1.0
0.0	1.0
-0.0019229957833886147	0.0
0.0	0.0
-9.543239866616204e-05	1.0
0.0	1.0
-3.0383565899683163e-05	0.015
-0.0020362369250506163	0.0
-0.0006746022845618427	0.0
0.0	1.0
0.0	1.0
-0.004169928841292858	0.0
-0.0014352431753650308	0.0
-0.0008888040902093053	0.015
0.0	0.04365482233502538
0.0	0.0
0.0	0.0
0.0	0.0
0.0	0.0
0.0	0.0
0.0	0.0
0.0	0.0
-2.64771742308767e-08	0.0
-0.009170880541205406	0.0
0.0	0.0
-1.0615970325034141e-08	0.0
0.0	0.0
0.0	0.0
0.0	0.0
0.0	0.0
-0.0001978841028176248	0.0
-0.0019563352689146996	0.0
0.0	0.0
0.0	0.0
-0.005717448424547911	0.0
0.0	0.0
0.0	1.0
0.0	1.0
-0.0010219670366495848	0.0
-0.006760579068213701	0.0
0.0	1.0
0.0	0.0
-5.1038468882325105e-06	0.0
-0.0005183051689527929	0.0
-0.002869010204449296	0.0
0.0	0.0
0.0	0.0
-1.2092092219972983e-05	0.0
0.0	0.0
0.0	0.0
0.0	0.0
-3.529502282617614e-05	0.0
0.0	1.0
0.0	1.0
0.0	1.0
-4.112777332920814e-06	0.0
0.0	0.0
0.0	1.0
0.0	1.0
0.0	1.0
0.0	0.0
0.0	1.0
-0.0006089694215916097	0.0
0.0	0.0
0.0	0.0
-0.00019892641284968704	0.0
-0.007453880738466978	0.0
0.0	0.0
0.0	0.0
0.0	0.0
-0.0005168094066902995	0.0
0.0	0.0
0.0	0.0
-7.935451407092842e-09	0.0
0.0	0.0
-0.0004707534972112626	0.0
0.0	0.0
0.0	0.0
-2.086978201987222e-05	0.043
-2.7925119866267778e-05	0.0
-3.3184099912375586e-09	0.043
-5.232179134395665e-08	0.043
0.0	0.0
0.0	1.0
-0.0018804731080308557	0.0
-0.0024066369514912367	0.0
0.0	0.0
-0.0015167876845225692	0.0
0.0	0.0
0.0	0.0
-0.004970184061676264	0.0
0.0	0.0
0.0	0.0
0.0	1.0
-0.006707039196044207	0.0
0.0	0.0
0.0	0.0
-6.1966556330617095e-09	0.0
-1.8962939662969802e-08	0.0
-0.003927950747311115	0.0
0.0	1.0
-1.9162314401910407e-07	1.0
-0.005416986998170614	0.42292490118577075
-4.516152330324985e-05	0.107
-0.004067643545567989	0.0
-3.0071265655351453e-07	0.0
0.0	0.0
0.0	0.088
0.0	0.088
0.0	0.0
0.0	0.0
-0.0037816425319761038	0.0
0.0	0.0
0.0	0.0
-5.277155651128851e-05	0.0
0.0	0.0
-7.315405170515987e-09	0.0
-0.002756386063992977	0.0
0.0	0.0
-4.530144792624924e-08	1.0
0.0	1.0
-0.0011414692271500826	0.0
-4.456770716365632e-11	0.0
-0.0002125659229932353	0.0
0.0	0.0
-3.639315082182293e-06	0.0
-0.00017242679314222187	0.0
0.0	0.0
0.0	1.0
-0.00013047434913460165	0.0
0.0	0.0
0.0	0.0
0.0	0.0
-0.00011803976667579263	0.0
0.0	0.0
0.0	0.0
-1.5364257706096396e-05	0.0
-0.02175968326628208	0.0
-2.4640632545924746e-05	0.0
0.0	0.0
0.0	0.0
-0.005494203884154558	0.0
-0.0002556197578087449	0.0
-0.0017527233576402068	0.0
0.0	0.0
0.0	0.0
-0.00018270361761096865	0.0
0.0	0.0
0.0	0.0
0.0	0.0
-0.0029826650861650705	0.0
-3.4353331557213096e-06	0.0
-0.002227367367595434	1.0
0.0	0.0
0.0	1.0
0.0	0.0
-2.1813902151279763e-07	0.0
0.0	1.0
0.0	1.0
-0.008514029905200005	0.0
0.0	0.0
0.0	0.0
0.0	1.0
0.0	0.0
0.0	1.0
0.0	1.0
-0.0001689370983513072	1.0
-0.0002061885898001492	0.0
0.0	0.0
-0.0012134866556152701	0.0
0.0	0.0
0.0	0.0
0.0	0.0
-7.730729703325778e-05	0.0
-0.000362652528565377	1.0
-2.808938006637618e-05	0.0
0.0	0.0
-2.3731466791687694e-10	0.0
-0.0058243428356945515	0.0
-0.00029361469205468893	0.0
0.0	0.0
-0.0011700030881911516	0.0
0.0	0.0
-0.0002272925921715796	0.0
-6.010145853219129e-11	0.0
0.0	0.0
0.0	0.0
0.0	0.0
-7.373861990345176e-06	0.0
0.0	1.0
-3.569797613067749e-08	1.0
0.0	1.0
-5.5757936934242025e-05	1.0
-2.7242678697803058e-05	1.0
0.0	1.0
0.0	0.0
-2.1801717593916692e-05	0.0
0.0	0.0
-3.39962809903227e-07	0.0
0.0	0.0
0.0	0.0
0.0	1.0
-0.002164621837437153	0.0
0.0	1.0
0.0	0.0
0.0	0.0
0.0	1.0
-1.3503956286520236e-10	1.0
-0.0007137212087400258	1.0
0.0	1.0
0.0	1.0
0.0	1.0
0.0	0.0
0.0	0.0
0.0	0.0
-0.00032886984990909696	1.0
-1.4992151591286529e-06	0.0
0.0	0.0
-0.001644587959162891	0.0
-0.0028342497535049915	0.0
0.0	0.0
0.0	0.0
-2.1875086986256065e-06	0.0
0.0	1.0
0.0	1.0
0.0	0.0
-0.00021011204808019102	0.0
0.0	0.0
0.0	0.0
0.0	0.0
0.0	0.0
0.0	0.0
0.0	0.0
0.0	1.0
0.0	0.0
-0.008593655191361904	0.0
0.0	0.0
0.0	0.0
-0.009828226640820503	0.0
0.0	0.0
0.0	1.0
0.0	0.0
0.0	1.0
0.0	1.0
-2.2867665393278003e-05	1.0
-4.005044722515255e-13	1.0
-5.681685706804274e-06	0.0
-0.0003704379196278751	0.0
0.0	0.0
0.0	0.0
0.0	0.0
0.0	0.0
-0.0004518866480793804	0.0
0.0	0.0
-0.005617239978164434	0.0
-0.00039979233406484127	0.0
-0.0012807954335585237	0.0
-0.0016839242307469249	0.0
-0.0009654182940721512	0.0
0.0	0.0
-0.0016994504258036613	0.0
0.0	0.0
0.0	0.0
0.0	0.0
0.0	0.0
0.0	0.0
0.0	0.0
0.0	0.0
0.0	0.0
0.0	0.0
0.0	0.0
0.0	0.0
0.0	0.0
0.0	0.0
-0.002644068794324994	0.0
-3.266507701482624e-05	0.0
0.0	0.043
-0.0008987942710518837	0.0
0.0	0.043
0.0	0.0
-0.013357087969779968	0.0
-0.002777560381218791	1.0
0.0	0.0
0.0	0.0
0.0	0.0
0.0	1.0
0.0	0.0
0.0	0.0
0.0	0.0
-1.453098411730025e-05	0.0
0.0	0.0
-0.0024671663995832205	0.0
0.0	0.0
-0.0012040146393701434	0.0
-0.0032977319788187742	0.0
-0.0015096358256414533	0.0
-0.0039427997544407845	0.0
0.0	0.0
-9.5178751507774e-05	0.0
0.0	0.0
0.0	0.0
0.0	0.0
-1.3960339856566861e-05	1.0
0.0	0.0
-0.014706884510815144	0.0
0.0	0.0
-3.714605190907605e-05	1.0
0.0	0.001177856301531213
-0.00046623850357718766	0.001177856301531213
0.0	0.001177856301531213
0.0	0.004201680672268907
0.0	0.001177856301531213
0.0	0.0
-1.3591498827736359e-05	0.0
0.0	0.0
-0.003074532374739647	0.0
0.0	0.0
0.0	0.0
-0.0010402140906080604	0.0
-5.72802746319212e-05	0.0
0.0	0.0
-0.0005550458445213735	0.015
0.0	0.015
-6.71818561386317e-05	0.0
0.0	0.0
-0.0007069699931889772	0.0
0.0	0.0
-3.843074864562368e-06	0.0
0.0	0.0
0.0	0.0
-0.007317204959690571	0.015
0.0	1.0
-9.577219316270202e-05	0.02
0.0	0.0
0.0	0.0
0.0	0.0
-0.0008154817624017596	0.0
-0.007078822702169418	0.0
0.0	0.0
-2.0301182303228416e-05	0.0
0.0	0.0
0.0	0.0
0.0	0.0
0.0	0.0
0.0	0.0
0.0	0.0
-1.646918462938629e-05	0.0
0.0	0.0
0.0	0.0
0.0	1.0
-0.0006394311203621328	0.0
0.0	0.0
-0.002808943623676896	1.0
-0.0019863254856318235	0.043
-0.004459146410226822	0.0
0.0	0.0
0.0	0.0
0.0	1.0
0.0	1.0
-2.3386103293887572e-06	0.0
0.0	0.0
0.0	0.0
-2.448875875415979e-07	1.0
-0.0014134967932477593	0.0
0.0	0.0
-0.023662958294153214	0.0
0.0	0.0
0.0	0.0
0.0	0.001
0.0	0.0
-3.3685715607134625e-05	0.001
0.0	0.0
-0.05959973856806755	0.0
0.0	0.0
0.0	0.0
0.0	0.0
0.0	0.0
0.0	0.0
0.0	0.0
-1.6343607001090277e-07	0.0
0.0	0.0
0.0	0.0
-2.3937778426130762e-09	0.0
0.0	0.0
0.0	0.0
0.0	0.0
0.0	0.0
-0.01765141449868679	0.0
-0.002108327578753233	0.0
0.0	0.0
0.0	0.0
0.0	0.0
0.0	0.0
0.0	0.0
-6.872900115695302e-08	0.0
-4.24521385866683e-06	0.0
-0.0003164139052387327	1.0
0.0	1.0
0.0	0.0
-0.0013747785706073046	1.0
0.0	0.043
0.0	1.0
0.0	1.0
0.0	0.0
-0.0003389701887499541	0.0
0.0	0.0
0.0	0.0
0.0	0.0
0.0	0.0
0.0	0.0
-0.00013948659761808813	0.0
-4.070966951985611e-06	0.0
-1.6960378843577928e-06	0.0
0.0	0.0
-0.001273337984457612	0.0
0.0	0.0
0.0	0.0
0.0	0.0
0.0	0.0
0.0	0.0
0.0	0.003
0.0	0.003
-0.0008606968331150711	0.0
0.0	0.003
-3.281424869783223e-05	0.0
0.0	0.0
-5.350865194486687e-06	0.0
0.0	0.0
0.0	0.0
-9.644637430028524e-06	0.0010030090270812437
0.0	0.0
-4.278092455933802e-05	0.003003003003003003
0.0	1.0
-0.0007544195395894349	0.003003003003003003
0.0	0.003003003003003003
-6.664599823125172e-06	0.0
-2.1216628738329746e-06	0.0
-1.414082453266019e-05	0.0
0.0	0.0
0.0	0.0
0.0	0.0
-1.713343578124693e-09	0.0
0.0	0.0
0.0	0.0
0.0	0.0
-2.4561029931646772e-05	0.0
-0.0002617286518216133	0.0
-0.0007804256747476757	0.0
0.0	0.0
-3.9766297277310514e-07	0.0
0.0	0.0
-1.4048481489226106e-07	0.0
0.0	0.0
-0.0006255497573874891	0.0
0.0	0.0
-0.00011442273535067216	0.0
-0.005287401843816042	0.0
0.0	0.0
-3.5214281979278894e-06	0.0
0.0	0.0
0.0	0.0
-4.119451841688715e-05	1.0
-1.1399720278859604e-06	0.0
0.0	0.0
0.0	0.0
0.0	0.0
-0.0013323111925274134	0.0
0.0	0.0
-4.870017278335581e-09	0.0
0.0	0.0
-0.0002036929945461452	0.0
-0.00020309678802732378	0.0
0.0	0.0
0.0	1.0
-0.00037245123530738056	0.0
-6.937480065971613e-05	0.0
0.0	1.0
0.0	0.0
0.0	0.0
0.0	0.0
-0.0003027070197276771	0.0
0.0	1.0
0.0	0.0
0.0	1.0
-7.06789069226943e-05	1.0
-3.468787213023461e-08	1.0
0.0	1.0
0.0	0.0
-0.036252204328775406	0.0
-0.019158804789185524	0.0
0.0	0.062
0.0	0.0
0.0	0.0
0.0	0.0
0.0	0.062
-0.0007102398667484522	0.0
-0.005987885408103466	0.0
-6.544193187352221e-09	0.0
0.0	0.0
0.0	0.0
0.0	0.0
-2.121793386322679e-06	0.015
-0.00021722727979067713	0.015
0.0	0.0
0.0	0.0
0.0	0.0
-0.0037257103249430656	0.0
0.0	0.015
-6.7862230935134e-05	0.015
0.0	0.0
0.0	0.0
0.0	0.0
-0.00017959090473596007	0.0
0.0	0.0
0.0	0.0
-0.0016672934871166945	0.0
-0.004410139750689268	0.0
0.0	0.0
-0.0003736424259841442	0.0
0.0	0.0
0.0	0.0
-0.00026751740369945765	0.0
0.0	0.0
-0.0057601029984653	0.0
-0.0033062680158764124	0.0
0.0	0.0
0.0	0.0
0.0	0.0
0.0	0.291
0.0	0.291
0.0	0.0
0.0	0.0
0.0	1.0
0.0	0.0
0.0	0.0
-0.006229547783732414	0.043
-8.675772278365912e-08	0.0
-1.2440094510068889e-09	0.0
0.0	1.0
0.0	1.0
0.0	0.0
0.0	0.0
0.0	0.0
-1.3618540606330498e-06	0.0
-0.004844157490879297	0.0
0.0	0.0
0.0	0.0
-7.789231065702396e-12	0.0
-3.395947487661033e-07	0.0
0.0	0.0
-0.0005803293897770345	0.0
0.0	0.0
0.0	0.0
-0.022943221032619476	0.0
0.0	0.0
0.0	0.0
-0.00024229992413893342	0.0
-0.004710228648036718	0.0
0.0	0.0
0.0	0.0
0.0	0.001
-0.0004972267779521644	0.0
-4.360214006737806e-05	0.0
-3.694849510793574e-07	0.0
0.0	0.0
0.0	0.0
0.0	0.0
0.0	1.0
0.0	0.0
-1.0873353858187329e-05	0.0
-0.0025907172821462154	0.0
0.0	1.0
0.0	1.0
-0.002604415640234947	0.0
-1.5751746786918375e-06	1.0
-0.00023920336388982832	0.0
0.0	0.0
-0.00012725641136057675	0.0
0.0	0.0
0.0	0.0
-0.0013971123844385147	0.0
0.0	0.0
-5.23817522690706e-09	0.0
0.0	0.0
-6.852623482700437e-05	0.0
0.0	0.0
0.0	0.0
-2.516564379106967e-08	0.0
0.0	0.0
-0.0006226089899428189	0.0
0.0	0.0
0.0	0.0
0.0	0.0
-6.450930811752187e-08	0.0
0.0	0.0
-0.00012693169992417097	1.0
0.0	0.0
0.0	0.014
-0.0003202268562745303	0.0
-4.360525781521574e-05	1.0
0.0	0.0
-0.0011361074866726995	1.0
-4.7078159695956856e-05	0.0
0.0	0.0
0.0	0.0
-0.0013688362669199705	0.0
-0.00014788885891903192	0.0
-0.0006258304347284138	0.0
-0.0016028664540499449	0.0
0.0	0.0
-0.0017840404761955142	0.0
0.0	0.0
0.0	0.0
0.0	0.0
-0.0002539733541198075	0.0
0.0	0.0
0.0	0.0
-5.512381458412652e-13	0.0
0.0	0.06
0.0	0.0
0.0	0.0
-0.000876406324096024	0.0
-0.00253555690869689	0.06
0.0	0.06
0.0	0.06
0.0	0.06
0.0	0.0
0.0	0.0
0.0	0.0
0.0	0.0
-1.168885501101613e-05	0.0
-0.005622226744890213	0.0
-9.370092448079959e-05	0.003003003003003003
-4.131156674702652e-05	0.0
-0.001940647722221911	0.0
-0.0002729443658608943	0.001
-0.000772783241700381	0.001
-0.0006109514506533742	0.0
0.0	0.0
0.0	0.001
0.0	0.001
0.0	0.001
0.0	0.0
0.0	0.0
0.0	0.0
-0.0017341686179861426	0.001
0.0	0.0
-6.619738996960223e-06	0.001
0.0	0.0
0.0	0.0
0.0	0.0
0.0	0.0
0.0	0.0
-0.0023592656943947077	0.0
-0.0005168662173673511	0.0
-0.0006466449704021215	0.0
0.0	0.0
-5.07981155806192e-07	0.0
-0.006221645511686802	0.0
0.0	0.0
0.0	0.0
-0.01347400899976492	0.0
0.0	0.0
-0.013268607668578625	0.0
0.0	0.0
-8.698477358848322e-06	0.0
0.0	0.0
0.0	0.0
0.0	0.0
0.0	0.0
-0.0036546410992741585	0.0
-0.0006680970545858145	0.0
0.0	0.0
-2.2675347281619906e-05	0.0
0.0	0.0
0.0	0.0
0.0	0.0
0.0	0.0
-0.0002816123887896538	0.0
-8.444155355391558e-06	1.0
0.0	0.0
0.0	0.0
0.0	0.0
0.0	0.0
0.0	0.0
0.0	0.0
0.0	0.0
0.0	0.0
