0.0	1.0
-2.2892597826285055e-06	0.0
-0.00016385344497393817	1.0
0.0	0.0
-0.0003032721870113164	1.0
0.0	1.0
-1.6289362974930555e-05	0.0
0.0	0.0
-0.00010139161895494908	1.0
-5.863420859952839e-10	0.0
0.0	0.0
0.0	0.0
0.0	1.0
0.0	0.0
0.0	0.0
-3.576252856873907e-05	0.0
-0.0016009913524612784	0.0
-0.0003297499206382781	0.0
-0.00044223805889487267	0.0
0.0	0.0
-0.00016249007603619248	0.0
0.0	0.0
-4.879651896771975e-06	0.0
0.0	0.0
0.0	0.0
0.0	0.0
-8.902922854758799e-05	0.0
-0.00576483178883791	0.0
-0.0013855855213478208	0.0
0.0	1.0
-1.7530463765069726e-06	0.0
-0.004066628869622946	0.0
-0.011822528205811977	0.0
0.0	0.0
-1.2143119931806723e-07	0.0
-7.3181072366423905e-06	0.0
-3.976332596522525e-09	1.0
-2.6120720576727763e-05	0.0
0.0	0.0
-0.03641333803534508	0.0
0.0	1.0
0.0	1.0
-2.5867697317494276e-08	1.0
0.0	0.0
-0.0059905750676989555	0.0
-1.8064920936922135e-07	0.0
-0.0029711953829973936	0.0
0.0	0.0
-1.932900158863049e-05	1.0
0.0	1.0
0.0	0.0
0.0	0.0
0.0	0.0
0.0	0.0
0.0	0.0
-0.0050430200062692165	0.0
-0.004657737910747528	0.0
0.0	0.0
0.0	1.0
-0.005542426835745573	0.0
0.0	1.0
-0.001073493272997439	0.0
0.0	0.0
0.0	0.0
0.0	0.0
-5.61157342815477e-08	0.0020470829068577278
0.0	0.0
-0.0010589894372969866	0.0
0.0	0.0
-1.1488923590263767e-08	0.0
0.0	0.0
-4.956144721290912e-07	1.0
0.0	0.0
0.0	0.0
-0.0015559203457087278	0.0
0.0	1.0
0.0	0.103
0.0	0.0
0.0	0.0
-1.433580649745636e-07	1.0
0.0	0.0
0.0	0.0
-8.260061804321595e-06	0.0
-5.441467874334194e-05	1.0
-0.001456047291867435	0.0
0.0	1.0
0.0	0.0
-0.0005557063850574195	0.0
-5.466393122333102e-05	0.0
0.0	0.0
0.0	0.0
0.0	0.0
0.0	0.0
0.0	0.0
-3.465881093234202e-07	0.0
0.0	0.0
-4.545464435068425e-06	0.0
0.0	0.0
-4.996199454154748e-09	0.0
0.0	0.0
0.0	0.0
0.0	0.0
0.0	0.0
0.0	0.0
0.0	0.0
-1.9321094441693276e-05	0.0
0.0	0.0
0.0	0.0
0.0	0.0
0.0	0.0
-3.3194435673067346e-05	1.0
-0.000443047727458179	1.0
0.0	0.018
0.0	0.018
-6.1772884691890795e-06	0.0
-1.991333675732676e-07	0.0
-6.462563760578632e-06	0.0
0.0	0.0
0.0	0.0
-0.000898349448107183	0.0
0.0	0.0
0.0	0.0
-3.9087530012693605e-07	0.0
0.0	0.0
0.0	0.0
0.0	0.0
0.0	0.0
0.0	0.0
0.0	0.0
0.0	0.0
0.0	0.0
0.0	0.0
-7.902427751105279e-05	0.0
0.0	0.0
0.0	1.0
0.0	1.0
0.0	0.0
0.0	0.0
-0.036783427000045776	0.0
0.0	0.0
0.0	0.0
-9.825290581133572e-10	1.0
-0.0013475654413923621	0.0
0.0	0.0
0.0	0.0
-2.713056574066286e-06	0.0
-2.2227055524126627e-05	0.0
-9.788004717847798e-06	0.0
-0.022210728377103806	0.0
-0.00013577939535025507	0.0
0.0	1.0
0.0	0.0
-0.0001992063771467656	1.0
0.0	0.0
0.0	0.0
0.0	0.0
0.0	0.0
0.0	0.0
0.0	0.0
0.0	0.0
0.0	0.0
0.0	0.0
-5.99453997551791e-09	0.0
0.0	0.0
-5.661876912199659e-06	1.0
0.0	0.0
0.0	1.0
0.0	1.0
0.0	0.0
-0.00033404771238565445	0.0
0.0	0.0
0.0	0.0
0.0	0.0
-1.3390443882599357e-06	0.0
0.0	0.0
0.0	0.0
-0.00038292197859846056	0.0
0.0	0.0
-0.0007777528371661901	0.0
0.0	0.0
0.0	0.0
0.0	0.0
0.0	0.0
-5.765324203821365e-06	0.0
-0.0057134139351546764	0.0
-2.4976511969754256e-09	0.0
-2.4572234871844678e-11	0.0
0.0	0.0
0.0	0.0
0.0	0.0
0.0	0.0
-0.017562363296747208	0.0
0.0	0.0
0.0	0.0
0.0	0.0
0.0	0.0
0.0	0.0
0.0	0.0
-0.0008399577927775681	0.0
-3.568041506696318e-07	0.0
0.0	0.0
0.0	0.0
0.0	0.0
-8.904091373551637e-05	0.0
-3.0731649758308777e-07	0.002
0.0	0.0
0.0	0.0
-9.97267197817564e-05	0.0019723865877712033
0.0	0.002
0.0	0.0
-0.0011989211197942495	0.001
-0.0017867796123027802	0.0
-0.00014294727589003742	0.0
-3.5257247077424836e-07	0.0
-0.0010267260950058699	0.0
-0.0004471970605663955	1.0
0.0	1.0
0.0	0.0
-1.2845506716985255e-05	0.0
-0.000860761443618685	0.0
0.0	0.0
-0.0004133785259909928	0.0
0.0	0.0
-3.6645776617660886e-06	0.0
0.0	1.0
-2.520200411207374e-12	0.0
-2.185244056818192e-07	0.0
-0.00017452963220421225	0.0
-0.0003896183625329286	0.0
0.0	0.0
-0.00028001912869513035	1.0
0.0	0.0
0.0	0.0
0.0	0.0
-0.0009581575286574662	0.0
0.0	1.0
0.0	0.0
-1.0600896530377213e-05	0.0
0.0	0.0
-0.02349979244172573	0.0
-0.00022042225464247167	0.0
0.0	0.0
0.0	0.0
0.0	0.0
0.0	0.0
0.0	0.0
0.0	0.0
0.0	0.0
0.0	1.0
0.0	0.0
0.0	1.0
-3.135108045171364e-06	1.0
0.0	0.0
0.0	0.0
-0.0003957611625082791	0.0
-0.00023325449728872627	0.0
0.0	0.0
0.0	0.0
-1.1025273494169596e-07	0.0
-2.1362870938901324e-07	0.0
0.0	0.0
0.0	0.0
-5.993920637603622e-11	0.0
-7.144241862988565e-06	0.0
0.0	0.0
-3.085501987243333e-08	0.0
0.0	0.0
0.0	0.0
0.0	0.0
0.0	0.0
0.0	0.0
0.0	0.0
0.0	0.0
0.0	0.0
-0.08658433705568314	0.0
-5.528122710529715e-05	0.0
0.0	0.0
0.0	0.0
-0.007395198103040457	0.0
-3.143555693529976e-10	0.0
-0.00636564614251256	0.0
0.0	0.0
0.0	0.0010214504596527069
-1.4205450042936718e-06	0.021021021021021023
-2.7154965209774673e-06	0.02702702702702703
0.0	0.22778345250255363
0.0	0.745658835546476
0.0	0.5178753830439223
0.0	0.0
0.0	0.0
-0.000158641065354459	1.0
0.0	0.0
0.0	0.0
0.0	0.0
0.0	0.0
0.0	0.0
-0.03796561807394028	0.0
-0.0006228540441952646	0.0
-0.00011174620158271864	0.0
0.0	0.0
0.0	0.0
-7.927784463390708e-05	0.0
-4.7673353265054175e-07	0.0
-0.001377538195811212	0.0
-4.520313814282417e-05	0.0
0.0	0.0
0.0	0.0
0.0	0.0
-0.0018681683577597141	0.0
0.0	0.0
0.0	0.0
-0.00035581059637479484	0.0
-1.2725615306408145e-05	0.0
0.0	0.0
-0.0001794929412426427	0.0
0.0	0.0
-1.734857687551994e-05	0.0
0.0	0.0
0.0	0.0
0.0	0.0
-0.008535128086805344	0.0
-7.09138063825776e-08	0.0
0.0	0.0
-4.466370676081688e-11	0.0
0.0	0.0
0.0	0.0
-6.718097722568928e-08	0.0
0.0	0.0
0.0	0.0
0.0	0.0
-0.01130630448460579	0.0
-5.9194313507759944e-05	0.023
0.0	0.0
0.0	0.0
-0.0012486103223636746	0.0
0.0	0.0
-0.0001795869175111875	0.0
-3.6979697082273333e-10	0.0
0.0	0.0
-0.005185560788959265	0.0
0.0	0.0
-0.00012335454812273383	0.0
0.0	0.0
0.0	0.0
-2.895986028761399e-07	0.001
0.0	0.0
0.0	0.001
0.0	0.001
0.0	0.0
0.0	0.0
0.0	0.0
-0.012433155439794064	0.0
0.0	0.0
0.0	1.0
0.0	0.0
0.0	0.0
-0.0008050572359934449	0.0
0.0	0.002
-0.00415079714730382	0.002
-6.706947897328064e-05	0.002
0.0	0.0
0.0	0.0
0.0	0.0
0.0	0.0
0.0	0.0
0.0	0.0
0.0	0.0
-5.167181370779872e-05	0.0
-0.0035629840567708015	0.0
0.0	0.0
-0.02160145528614521	0.0
-0.0031594557221978903	0.0
0.0	0.0
0.0	0.0
-6.623425696794527e-10	0.0
0.0	0.0
-5.035729827795876e-06	0.0
0.0	0.0
0.0	0.0
0.0	0.074
0.0	0.074
0.0	0.0
0.0	0.074
-1.1411627554025472e-07	0.0
0.0	0.0
-0.005552313290536404	0.0
-1.6172599544006516e-06	0.0
0.0	1.0
-1.9066200007689105e-10	0.0
-4.621873813448474e-05	0.0
0.0	0.0
0.0	0.0
-0.0008215465350076556	0.0
-3.8983522188118513e-08	0.0
-8.119806443573907e-05	0.0
0.0	0.0
-0.0047922562807798386	0.0
0.0	0.0
0.0	0.0
0.0	0.003
0.0	0.0
0.0	0.0
-3.715730053954758e-05	0.003
0.0	0.0
-2.9328106393222697e-05	1.0
0.0	0.0
-3.206482142559253e-05	0.0
-0.00014669944357592613	0.0
-0.0017042785184457898	0.0
-0.001962555106729269	0.0
0.0	0.0
-0.00027249378035776317	0.0
-2.0553456181460206e-07	0.0
0.0	0.0
-1.2829383194912225e-05	0.0
0.0	0.0
0.0	0.0
0.0	0.0
0.0	0.0
0.0	0.0
0.0	0.0
0.0	1.0
-0.0016069449484348297	0.0
0.0	0.0
-0.006955698598176241	0.0
-4.793670086655766e-05	0.0
0.0	0.0
-0.00015456604887731373	1.0
-0.0038936766795814037	0.0
-7.48744122258671e-10	1.0
-0.00013380713062360883	0.0
-5.9612677432596684e-05	0.0
-2.5542371076880954e-05	0.0
-0.0008291025878861547	0.0
0.0	0.0
0.0	0.0
0.0	1.0
0.0	0.0
-1.0094326263754283e-08	0.0
0.0	0.0
-0.0007419308531098068	0.0
0.0	1.0
0.0	0.0
-0.00037395229446701705	0.0
0.0	0.0
0.0	1.0
-0.006446619983762503	0.0
0.0	1.0
0.0	1.0
-0.05377030000090599	0.0
-0.0007307673804461956	0.0
0.0	0.0
0.0	0.0
0.0	1.0
0.0	0.0
0.0	0.0
0.0	0.0
0.0	1.0
0.0	1.0
0.0	0.0
-9.458061867917422e-06	0.0
0.0	0.0
0.0	0.0
0.0	0.0
0.0	0.0
-3.0223537805795786e-07	0.0
-0.0008920030086301267	0.0
0.0	0.0
0.0	0.0
-0.0005065858131274581	0.0
-0.03434884920716286	0.0
0.0	1.0
0.0	1.0
0.0	0.0
-0.00956086814403534	0.0
0.0	0.0
-0.007467900402843952	0.0
0.0	0.0
0.0	0.0
0.0	0.0
-2.448307441227371e-07	0.0
0.0	1.0
0.0	0.0
0.0	0.0
-1.0598604603728745e-05	1.0
-0.0006714127375744283	0.0
-8.809159623979212e-08	0.0
0.0	0.0
0.0	1.0
-1.5195816827073827e-10	0.0
0.0	0.0
0.0	1.0
-0.01987953670322895	0.0
-8.012503531062976e-05	0.009
-5.1562771830049314e-09	0.009
-0.003877584356814623	0.0
-3.917336016456829e-06	0.009
0.0	0.009
-1.600128052814398e-05	0.0
0.0	0.0
0.0	1.0
0.0	0.0
0.0	0.0
0.0	1.0
0.0	0.0
-2.4779405976005364e-06	1.0
-7.55309247324476e-06	0.0
-9.222594235325232e-05	0.0
0.0	0.0
-0.0013622083934023976	0.0
0.0	0.0
-5.4573083616560325e-05	0.0
-5.015924762119539e-05	0.0
0.0	0.0
-0.0011901170946657658	0.0
-0.0016027394449338317	0.0
0.0	0.0
0.0	0.0
-0.0016568769933655858	0.0
-3.183720764354803e-05	0.0
0.0	0.0
-7.641181696271815e-07	0.0
0.0	0.0
0.0	0.0
0.0	0.0
0.0	0.0
0.0	0.0
0.0	0.0
0.0	0.0
-0.005354934372007847	0.0
-0.0016982867382466793	0.0
-0.001781415194272995	0.0
-0.0002812572056427598	0.0
0.0	0.0
-0.0012356116203591228	0.0
-0.0007124179974198341	0.0
0.0	0.0
-0.006892145145684481	0.0039447731755424065
-0.0009206405957229435	0.002
-0.00032464766991324723	1.0
0.0	0.0
-7.913957233540714e-05	1.0
-1.576912654854823e-05	1.0
0.0	0.002
-4.518010721403162e-14	0.0
-0.00035583999124355614	0.0
-0.0009297899669036269	0.0
-4.224761596560711e-06	1.0
0.0	0.0
0.0	1.0
0.0	1.0
0.0	1.0
-0.019344255328178406	0.0
0.0	1.0
0.0	1.0
0.0	0.0
0.0	0.0
0.0	0.0
0.0	0.0
-3.266361545684049e-07	0.0
0.0	0.0
0.0	0.0
-3.206513156328583e-06	0.0
0.0	0.0
0.0	0.0
0.0	0.0
0.0	0.0
0.0	0.0
0.0	0.013
0.0	0.0
0.0	0.0
-0.08889531344175339	0.0
-1.607943522685673e-05	0.0
-6.944220152958682e-16	0.013
-0.025979578495025635	0.0
-0.0001470777060603723	0.0010131712259371835
-4.037757719288493e-07	0.0
-0.005272755399346352	0.0
0.0	1.0
0.0	0.0
0.0	0.0
-1.369701827137618e-14	0.0
0.0	0.0
-0.0007219761027954519	1.0
-1.4354770356325014e-13	1.0
-0.0027322801761329174	0.0
0.0	0.0
-0.002697029383853078	0.0
-0.0018550463719293475	1.0
0.0	0.0
0.0	0.0
-1.7607491827220656e-05	1.0
0.0	0.0
0.0	0.0
0.0	0.0
-0.005701940506696701	0.0
0.0	0.0
0.0	0.0
0.0	0.0
0.0	0.0
0.0	0.0
-1.6135207658862782e-07	0.0
-0.008073016069829464	0.0
0.0	0.0
-2.0515365122264484e-06	0.0
0.0	0.0
-0.00557730533182621	0.0
0.0	0.0
0.0	0.0
-0.0013419085880741477	0.0
0.0	0.0
0.0	0.0
-0.0014453522162511945	0.0
0.0	0.0
0.0	0.0
0.0	0.0
-5.3466756355646794e-08	0.0
0.0	1.0
0.0	0.0
0.0	0.0
0.0	0.0
0.0	0.0
-0.000187702986295335	0.0
0.0	0.0
-0.003621869022026658	0.0
-1.3885244343203595e-10	0.0
0.0	0.0
0.0	0.0
0.0	0.0
-8.355129102710634e-05	0.0
-0.00016030327242333442	0.0
0.0	0.0
0.0	1.0
0.0	1.0
-0.00037687161238864064	0.0
-0.005695761181414127	0.0
0.0	0.0
-2.824784677002423e-12	1.0
0.0	0.0
0.0	1.0
-4.807413642993197e-05	0.0
0.0	1.0
-0.0006657189223915339	0.0
-4.016308174925598e-09	0.0
0.0	1.0
0.0	0.0
0.0	0.0
0.0	0.0
0.0	0.0
-0.0017551096389070153	0.0
0.0	0.0
0.0	0.0
-1.3756485941485153e-06	1.0
-9.064864414654039e-09	0.0
0.0	0.0
-3.470554702289519e-06	1.0
-9.197073268296663e-06	0.0
0.0	0.0
0.0	0.0
-0.001114098820835352	0.0
0.0	0.0
0.0	0.0
0.0	0.0
0.0	0.0
0.0	0.0
0.0	0.0
0.0	0.0
-1.9259550754213706e-05	0.0
0.0	0.0
0.0	0.0
-0.009408622048795223	0.0
-2.7508564315326112e-08	0.0
0.0	0.0
0.0	0.0
-4.279033660736786e-08	0.0
0.0	0.0
-0.0009454876999370754	0.0
0.0	0.0
0.0	0.0
0.0	0.013
0.0	0.013
-0.001443818211555481	0.013
0.0	0.02636916835699797
0.0	0.0
0.0	0.013
0.0	0.013
0.0	0.04814814814814815
0.0	0.0
0.0	0.0
-3.554741488187574e-05	0.0
-3.9566439227201045e-05	0.0
-4.66401397716254e-05	0.0
-9.87417152487069e-08	1.0
0.0	1.0
0.0	1.0
-6.064205422262603e-07	0.0
0.0	0.0
0.0	0.0
-7.16502545401454e-05	0.0
-5.97183088757447e-07	0.003
0.0	0.003
-5.625902849715203e-05	0.0
0.0	0.0
-4.6132726083669695e-08	0.003
-3.405935785849579e-05	0.0
0.0	0.003
-0.010113336145877838	0.003
0.0	0.003
0.0	0.003
0.0	0.0
-0.0223697442561388	0.0
0.0	0.003
-1.9194413880541106e-07	0.003
-1.4972910689081687e-09	0.0
-0.003568053711205721	0.0
-1.4913896393409232e-06	0.0
-0.0029051490128040314	0.0
0.0	0.0
0.0	1.0
0.0	1.0
0.0	1.0
-2.055847971860203e-06	1.0
0.0	0.0
0.0	0.507
0.0	0.507
-0.0009739173692651093	0.507
-2.483905518602114e-06	0.507
0.0	0.0
0.0	0.0
-0.0014541171258315444	0.0
-0.013479242101311684	0.0
0.0	0.0
-3.1562348112856853e-07	0.0
0.0	0.0
0.0	0.0
0.0	0.0
0.0	0.0
-0.0007834043935872614	0.0
0.0	0.0
0.0	0.0
-2.5325757633254398e-06	0.0
-0.0008374667959287763	0.0
-0.008140547201037407	0.0
0.0	0.0
0.0	0.0
0.0	0.0
0.0	0.0
-0.00748813059180975	0.0
0.0	0.0
-0.00039348556310869753	0.0
0.0	0.0
0.0	0.0
0.0	0.0
0.0	0.0
0.0	0.0
-5.084881422590115e-07	0.0
0.0	0.0
-0.0075644138269126415	0.0
-0.0018741065869107842	0.0
0.0	0.0
-0.0006921045132912695	0.0
-0.0002808024873957038	1.0
-6.544712232425809e-05	0.008
0.0	0.0
0.0	0.0
-3.560145600545184e-08	0.0
-0.00039673130959272385	0.0
-3.92783204006264e-06	1.0
0.0	0.0
0.0	0.0
0.0	0.0
-0.002043701708316803	0.0
-1.7210852742977067e-09	1.0
0.0	0.0
-0.00022726425959262997	0.0
-0.010360813699662685	0.0
-6.010387210153567e-08	0.0
-2.0020956981170457e-06	0.0
-0.00026887745480053127	0.0
-1.116526073019486e-05	0.0
-0.0036528867203742266	0.0
0.0	0.0
0.0	0.0
0.0	0.0
0.0	0.0
-0.005430860444903374	0.0
0.0	0.0
0.0	0.0
0.0	0.0
-5.9655856603058055e-05	0.0
-4.6404376917053014e-05	0.0
0.0	0.0
-0.00013460042828228325	0.005420054200542005
0.0	0.0
0.0	0.0
-8.547801257918763e-07	0.262
0.0	0.262
0.0	0.0
-0.0006179360789246857	0.0
-1.0423337540310662e-12	0.0
0.0	0.0
-2.528562799852807e-05	0.0
0.0	0.0
-2.412465846646228e-06	0.0
0.0	0.0
-0.004881384316831827	0.0
0.0	0.0
-5.78783692617435e-05	0.0
-1.0165170039044824e-08	0.0
0.0	0.0
-0.00018085142073687166	0.0
0.0	0.0
0.0	0.0
0.0	0.0
0.0	0.0
0.0	1.0
0.0	0.0
0.0	0.0
0.0	0.0
0.0	0.0
0.0	0.0
0.0	0.0
0.0	0.0
0.0	0.0
0.0	0.0
0.0	1.0
-0.008595340885221958	0.0
0.0	1.0
-1.7212048533110647e-06	1.0
-3.1716343329435404e-08	1.0
0.0	0.0
-0.0012829035986214876	0.0
0.0	0.0
-1.2267641977814492e-06	0.0
-4.466332393349148e-05	0.0
-5.233471711107995e-06	0.0
-0.0025472166016697884	0.0
-0.000159450268256478	0.0
0.0	1.0
-0.00644749216735363	0.0
-0.00031842105090618134	0.0
0.0	1.0
0.0	0.0
-6.318062332866248e-06	1.0
0.0	1.0
0.0	0.0
0.0	0.0
-0.005277788732200861	0.0
0.0	0.0
0.0	0.0
-0.012087402865290642	0.0
-2.1452215150929987e-06	0.0
0.0	0.0
0.0	1.0
0.0	0.0
0.0	0.0
0.0	0.001
-7.204566259133571e-07	0.0
0.0	0.0
0.0	0.0
0.0	0.0
0.0	1.0
-2.0769589355040807e-06	0.0
-4.0562430513091385e-05	0.0
-0.00041794884600676596	0.0
0.0	0.0
0.0	0.0
0.0	0.0
0.0	0.0
0.0	0.0
-3.734592635140643e-09	0.0
-1.1344932104861982e-08	0.0
-0.0004532200691755861	0.0
