-0.007529288064688444	0.0
0.0	0.0
0.0	1.0
-0.00015489716315642	0.0
0.0	0.0
-3.4156491892645136e-05	0.0
-1.5527465535569718e-08	0.0
-0.0001585880818311125	0.0
-0.0004992163740098476	0.0
0.0	0.0
0.0	0.0
0.0	0.0
-7.185219033090107e-07	0.0
-3.98274278268218e-06	0.0
0.0	0.0
0.0	0.0
0.0	0.0
0.0	0.0
0.0	0.0
-0.0005318669136613607	0.0
-4.957351120538078e-05	0.0
-0.00021535791165661067	0.007
-0.0012794149806722999	0.007
-0.0021669818088412285	0.007
0.0	0.007
0.0	0.007
-0.0048581454902887344	0.0
-8.022343206404159e-11	0.007261410788381743
-0.009579751640558243	0.0
0.0	0.0
-0.0005294398870319128	0.0
-0.005679634399712086	0.0
-0.0009083430632017553	0.0
0.0	0.0
-0.00017841433873400092	0.0
-1.8497605196898803e-05	0.0
0.0	0.0
0.0	1.0
0.0	0.0
0.0	0.0
0.0	0.0
-0.0005031499895267189	1.0
0.0	1.0
-7.689043741265777e-06	0.0
-0.0012936132261529565	0.0
-0.001151255564764142	0.0
0.0	0.0
0.0	0.0
0.0	0.0
0.0	0.0
0.0	0.0
-0.0004828327219001949	0.0
0.0	0.0
0.0	1.0
-0.00013754157407674938	0.0
-0.0002446770668029785	0.001037344398340249
0.0	0.036036036036036036
-7.359536539297551e-05	0.0
-0.001083436538465321	0.0
0.0	0.0
-0.00032393806031905115	1.0
0.0	1.0
-7.951460361255158e-07	1.0
-0.00013645431317854673	0.036036036036036036
0.0	1.0
-0.001238025724887848	1.0
0.0	1.0
0.0	1.0
-8.208957069655298e-07	0.0
0.0	0.0
-0.0005398584180511534	0.0
0.0	0.003
0.0	1.0
0.0	1.0
0.0	0.0
-0.00040697294753044844	1.0
0.0	0.0
0.0	1.0
-0.0018198055913671851	0.0
-0.003998285625129938	0.0
0.0	0.0
0.0	1.0
-5.88097555009881e-06	1.0
0.0	0.0
0.0	0.0
0.0	0.0
-0.000832890160381794	0.0
0.0	0.0
0.0	0.0
0.0	0.132
-0.0003890432126354426	0.0
0.0	0.0
-0.00021110952366143465	0.132
-0.0009277070639654994	0.0
-0.01844349503517151	0.0
0.0	0.132
0.0	0.132
0.0	0.0
-3.9965207179193385e-06	0.0
0.0	0.0
-1.630233867899733e-07	0.0
-6.290744931902736e-05	0.0
0.0	0.0
0.0	0.0
-9.098145847818984e-12	1.0
0.0	1.0
-1.1344801578161423e-06	0.0
-0.0032921331003308296	0.0
0.0	0.0
-0.00012778534437529743	1.0
0.0	0.0
0.0	0.0
0.0	0.0
-0.005956848617643118	0.0
0.0	0.0
-0.007154208607971668	0.0
0.0	0.0
-2.3071806936059147e-06	0.0
-3.464037217781879e-05	0.0
-6.778214795000181e-11	0.0
0.0	1.0
0.0	0.0
0.0	0.0
0.0	0.0
-0.0016669355100020766	0.0
-0.00025165037368424237	0.0
0.0	0.0
-1.27205457278734e-09	0.0
-1.2189817425678484e-05	1.0
0.0	1.0
0.0	1.0
0.0	0.0
0.0	1.0
0.0	1.0
-1.7318816389888525e-05	0.0
-0.002417482202872634	0.0
0.0	0.0
0.0	1.0
-1.4323352843348403e-05	0.0
0.0	0.0
0.0	0.0
0.0	0.0
-0.00024123159528244287	0.0
0.0	0.0
0.0	0.0
-6.143296195659786e-05	0.0
-0.0022767381742596626	0.0
0.0	0.0
-2.1468864360940643e-05	0.0
-0.009336591698229313	0.0
-2.644151754793711e-05	1.0
-1.4847233842374408e-06	1.0
0.0	0.0
-3.245512081306856e-09	0.0
-0.00011844696564367041	0.0
0.0	0.0
-0.001954954583197832	0.0
0.0	0.0
0.0	0.0
0.0	0.0
0.0	0.0
0.0	0.0
-0.00010572190512903035	0.0
-0.00037501833867281675	0.0
0.0	0.0
0.0	0.0
0.0	0.0
-0.004090182017534971	0.0
-2.7047442472394323e-06	0.0
-1.6125162316527053e-10	0.0
0.0	0.0
0.0	0.0
-0.001611695159226656	0.0
-0.0028867791406810284	0.0
0.0	0.0
-8.788442937657237e-05	0.0
-1.6665413937744233e-08	0.0
-1.764739499776624e-05	0.0
0.0	0.0
-0.0018146757502108812	0.0
-3.4160102586611174e-06	0.0
0.0	1.0
0.0	0.0
-0.008069312199950218	0.0
0.0	0.0
-0.0003053106484003365	1.0
-2.1177178934073115e-13	0.0
-0.00022756162798032165	0.0
0.0	0.0
0.0	0.0
0.0	0.0
-5.821129320793261e-07	0.0
-0.005364078562706709	0.0
-0.00175450777169317	1.0
0.0	0.0
0.0	1.0
0.0	0.0
0.0	1.0
-0.0004405898507684469	0.0
0.0	0.0
-0.010628880932927132	0.0
0.0	0.002
-0.0004603303677868098	0.0
0.0	0.0
0.0	0.002
0.0	0.002
-0.015443455427885056	0.0
0.0	0.0
0.0	1.0
0.0	0.0
-1.7282933413298451e-06	0.0
-1.0289256351825316e-05	0.0
0.0	0.0
0.0	0.0
0.0	0.0
0.0	1.0
0.0	0.0
-1.2779229336956632e-06	0.0
0.0	1.0
-0.000323803280480206	1.0
0.0	0.0
0.0	0.0
0.0	0.0
0.0	0.0
-1.8439602067488181e-09	0.0
0.0	0.0
0.0	0.0
0.0	0.0
0.0	0.0
0.0	0.0
0.0	0.0
-1.8391913769733037e-08	0.0
0.0	0.0
-0.0010227872990071774	0.0
-0.0001596850052010268	0.0
0.0	0.0
0.0	0.0
0.0	0.0
0.0	1.0
-3.640344914401794e-07	0.0
0.0	0.0
0.0	0.0
0.0	0.0
0.0	0.0
-0.002106600906699896	0.0
0.0	0.0
0.0	0.0
0.0	0.0
-6.233277645151247e-07	0.0
-0.00022526123211719096	0.0
-3.970166062572389e-07	0.0
0.0	1.0
-0.00010572989413049072	0.0
-7.452690624631941e-05	0.0
0.0	0.0
-0.00028351572109386325	0.0
0.0	0.0
0.0	0.0
-0.004708133637905121	0.0
-0.0062821428291499615	0.0
0.0	0.0
0.0	0.0
-0.0005751308053731918	0.0
-0.007314259652048349	0.0
-0.0004181043477728963	0.0
0.0	0.0
-0.0009684946853667498	0.0
0.0	0.0
-1.5464205915804996e-08	0.0
0.0	0.0
-8.354671194865659e-07	0.0
-0.0002114707458531484	0.0
0.0	1.0
0.0	1.0
-0.00013561647210735828	1.0
-9.079711844606209e-07	0.0
0.0	0.0
0.0	0.0
0.0	1.0
0.0	1.0
0.0	0.0
0.0	1.0
0.0	0.0
0.0	0.0
0.0	1.0
0.0	0.0
-9.567819461153704e-07	0.0
-1.5125414392969105e-05	0.0
-0.005430949851870537	0.0
0.0	0.0
0.0	0.0
-1.742210855582016e-07	0.0
0.0	0.0
0.0	0.0
-1.078605316173764e-09	0.0
0.0	0.0
0.0	0.0
-7.389765688259331e-09	0.0
0.0	0.0
-0.0005830319132655859	0.0
0.0	0.0
0.0	0.0
0.0	0.0
0.0	0.0
-0.0007865665829740465	0.0
-0.005453132558614016	0.0
0.0	0.0
0.0	0.0
0.0	0.0
0.0	0.0
-0.0003376742824912071	0.0
0.0	0.0
0.0	0.0
0.0	0.0
-3.981438203481957e-05	0.0
-2.1340243620215915e-05	0.0
-5.5475946282967925e-05	0.0
0.0	0.0
-4.592652036450318e-09	0.0
-3.982827365689445e-06	0.0
0.0	0.0
-5.180704829399474e-05	0.0
0.0	0.0
-0.006782612297683954	0.0
-0.0015931804664433002	0.0
-0.0006054291734471917	0.0
0.0	0.0
0.0	0.0
-0.000299757783068344	0.07
-0.0006647758418694139	0.0
0.0	0.0
0.0	0.0
0.0	0.0
0.0	0.0
-0.00021766958525404334	0.0
0.0	0.0
-1.0289233909333007e-09	0.0
-9.753282029123511e-06	0.0
-5.7829791330732405e-05	0.0
0.0	0.0
0.0	0.0
-0.0003301057149656117	0.0
0.0	0.0
0.0	0.0
0.0	0.0
0.0	0.0
0.0	0.0
0.0	0.0
0.0	0.0
0.0	0.0
-7.045794632176694e-07	0.0
0.0	0.0
0.0	0.0
0.0	0.0
-0.0015011635841801763	0.0
0.0	0.0
-2.137101000698749e-05	0.0
-1.6425839930889197e-05	0.0
0.0	0.0
-7.609501362360049e-10	0.0
-5.415085979620926e-05	0.0
0.0	0.0
0.0	0.0
0.0	0.0
-8.906735456548631e-05	0.0
0.0	0.0
-1.1756986850741669e-06	0.0
-0.0025082386564463377	0.0
-0.006836218293756247	0.0
-2.4452144753439597e-09	0.0
0.0	1.0
0.0	0.0
0.0	0.0
-0.003362251678481698	0.0
0.0	0.0
0.0	1.0
-1.2013504635532968e-09	0.0
0.0	1.0
0.0	0.0
-6.619013583986089e-05	0.0
-0.0015485479962080717	0.0
-1.2368420357233845e-05	0.0
0.0	1.0
0.0	0.089
0.0	0.0
-0.00042685592779889703	0.0
0.0	0.0
-8.443426850135438e-06	0.0
0.0	1.0
-0.00024780145031400025	0.0
-0.009455966763198376	0.0
0.0	0.0
0.0	1.0
0.0	0.0
0.0	0.0
0.0	0.0
-1.0399904567748308e-05	0.0
-0.0005752059514634311	0.0
0.0	0.0
-0.0003872121451422572	0.0
-0.000293082557618618	0.0
-0.0031346657779067755	0.0
0.0	0.0
0.0	0.0
0.0	0.0
0.0	0.0
0.0	0.0
-0.008651196025311947	0.0
0.0	0.0
0.0	0.011
0.0	0.011
-0.001451679039746523	0.0
-2.318743645446375e-05	0.0
0.0	0.0
0.0	0.0
-0.004378069192171097	0.0
0.0	0.0
-0.0009736100328154862	0.0
-5.631342446577037e-06	0.0
0.0	0.0
0.0	0.0
-0.000142947887070477	1.0
0.0	1.0
-0.0010161299724131823	0.0
0.0	0.0
-0.0006039466243237257	0.0
0.0	0.0
0.0	0.0
0.0	0.0
-0.001809474197216332	0.0
-9.772133324759125e-08	0.0
0.0	0.0
-0.005167070310562849	0.0
-0.010605928488075733	0.0
-1.9983139281976037e-05	0.0
-0.0009004836319945753	0.0
0.0	0.0
-6.151740228332869e-11	0.0
-6.472814106928126e-08	0.0
0.0	0.0
-0.00021481142903212458	0.0
-0.0004622046835720539	0.002
0.0	0.002
-0.0002369539433857426	0.0
0.0	0.0
-0.0003188221016898751	0.01
0.0	1.0
-8.919202809920534e-05	1.0
-4.1364695789525285e-05	0.01
-0.00403606565669179	0.0
-0.00027745048282667994	0.001
-4.473492663237266e-05	0.0
-0.0009509410592727363	0.0
-8.202064236684237e-06	0.0
0.0	0.0
-0.00542395981028676	0.0
-0.0005940150585956872	0.0
0.0	0.0
0.0	0.0
0.0	0.0
0.0	0.0
0.0	0.0
-0.004013627301901579	0.0
0.0	0.0
-5.8158772020533434e-08	0.0
-2.9982204068801366e-05	0.0
-0.0004841514164581895	1.0
-0.0009223748347721994	0.0
-0.003329605096951127	1.0
-8.433918264927343e-05	1.0
0.0	1.0
0.0	1.0
0.0	0.0
0.0	0.0
0.0	0.0
0.0	0.0
0.0	0.0
0.0	0.0
-2.2148656242393372e-08	0.0
0.0	0.0
-0.0031321386341005564	0.0
0.0	0.0
0.0	0.0
-0.0008349649142473936	0.0
-0.00413673697039485	0.0
-0.005224412307143211	0.0
0.0	0.0
-3.261696474510245e-05	0.0
0.0	0.0
-0.000181135386810638	0.0
-1.4077246305532753e-05	0.0
0.0	1.0
0.0	1.0
0.0	0.031
-9.551436308541383e-10	0.031
0.0	0.031
-4.441329656401649e-05	0.0
-0.00043757434468716383	0.0
0.0	0.0
-0.009661007672548294	0.0
-9.029126779580565e-09	0.0
0.0	0.0
-0.0005271653644740582	0.0
-0.002917290199548006	0.0
0.0	1.0
0.0	0.0
-0.0007818242884241045	0.0
-0.005534071940928698	0.0
-0.00291988137178123	0.0
-3.26820259743954e-09	0.0
-1.3775570906204848e-08	0.0
0.0	1.0
0.0	0.0
-0.00013360567390918732	0.0
-9.918689102050848e-06	0.0
0.0	0.0
-0.0006326729780994356	0.0
-0.0023767848033457994	0.0
-1.028475981001975e-05	0.0
-3.4972140383615624e-06	0.0
-7.546587355022893e-09	0.0
0.0	1.0
-2.7853937467625656e-07	0.0
-4.3816347897518426e-05	0.0
0.0	0.0
0.0	0.0
-5.361339410620003e-12	0.0
0.0	0.0
0.0	0.0
0.0	0.0
0.0	1.0
-7.807083602529019e-05	1.0
-0.0004289851931389421	1.0
-0.0005470840842463076	1.0
0.0	1.0
-6.421750640583923e-06	1.0
-0.0012770097237080336	0.0
-0.007976737804710865	0.0
0.0	0.0
0.0	0.0
-0.0005221889587119222	0.0
0.0	0.0
0.0	0.0
-4.182120392215438e-05	0.0
-2.156014256016192e-09	0.0
-5.4818729040562175e-06	0.0
0.0	0.0
0.0	0.0
0.0	0.0
0.0	0.0
-3.7011523090768605e-05	0.0
-2.782372803267208e-07	0.0
0.0	0.0
0.0	0.0
0.0	0.0
-1.317676003032009e-12	0.0
-0.0008918495150282979	0.031
0.0	0.0
0.0	0.0
0.0	0.0
0.0	0.0
0.0	0.0
-1.9245208022766747e-05	1.0
-2.012349824553894e-07	1.0
-4.7783305490156636e-06	1.0
0.0	1.0
-7.841236219974235e-05	1.0
-0.00022104554227553308	0.0
0.0	1.0
0.0	1.0
-0.006105080246925354	0.0
0.0	1.0
-8.005976269487292e-06	0.0
0.0	0.0
-0.006678911857306957	0.0
0.0	0.0
-0.0013503030641004443	0.0
0.0	0.0
0.0	0.0
0.0	1.0
0.0	0.0
-0.00365259638056159	0.0
0.0	0.0
0.0	0.0
0.0	1.0
0.0	1.0
-0.0012464813189581037	0.0
-0.0011407471029087901	0.0
-0.005968776065856218	0.0
0.0	0.0
0.0	0.0
0.0	1.0
-4.3978175767733774e-08	0.0
0.0	0.0
0.0	0.0
-5.277525083613455e-10	0.0
0.0	0.0
-0.0009234535391442478	0.0
0.0	0.0
-3.2363176583061204e-09	1.0
0.0	0.0
0.0	0.0
-0.04066461697220802	0.0
-6.892656074342085e-06	0.0
0.0	1.0
0.0	0.0
0.0	1.0
-2.2464580196057682e-10	1.0
-7.51598633996764e-07	1.0
0.0	0.0
0.0	0.0
-0.0055696130730211735	0.0
-0.0005375201581045985	0.0
0.0	0.0
0.0	0.0
0.0	0.0
-0.0003051073581445962	0.0
0.0	0.0
-0.0001899896888062358	0.0
0.0	0.0
0.0	0.0
0.0	1.0
0.0	1.0
0.0	1.0
0.0	0.0
-4.0815477404976264e-05	0.0
-0.0002236479049315676	0.0
0.0	0.0
0.0	1.0
-0.0037921189796179533	0.0
0.0	0.0
-0.0006590155535377562	1.0
0.0	0.0
0.0	0.0
-0.00036909361369907856	0.179
0.0	0.0
-7.51196674309007e-11	0.179
-4.992113099433482e-05	0.0
0.0	0.0
-0.001234659575857222	0.0
-0.0036668500397354364	0.181
0.0	0.181
0.0	0.181
-0.00024210711126215756	0.0
0.0	0.0
0.0	0.0
-5.323414598024101e-07	0.0
-0.0005052820197306573	0.0
-9.713078907225281e-05	0.002
0.0	0.0
-0.0036341343075037003	0.0
0.0	0.0
-0.0018166519002988935	0.0
-0.0037392936646938324	0.0
-1.2851824976678472e-05	0.0
0.0	0.0
0.0	0.0
-2.1349610506149475e-06	0.0
0.0	0.0
0.0	0.0
-3.7561362982614643e-13	0.0
0.0	0.0
-6.524424056575384e-11	0.0
-9.79607502813451e-05	0.0
0.0	0.0
-0.0007910485146567225	0.0
-1.888033011709922e-06	0.0
0.0	0.0
-1.2072679965058342e-05	0.0
-0.00213544350117445	0.0
0.0	0.0
-0.00011164796160301194	1.0
-0.007192615885287523	0.0
0.0	0.0
-7.78463581809774e-05	0.0
0.0	0.0
0.0	0.0
-1.5614010635545128e-06	0.0
-7.670419290661812e-05	0.0
0.0	0.0
0.0	0.0
0.0	0.0
0.0	0.0
0.0	0.0
-3.511451359372586e-05	0.0
0.0	0.0
-0.0028650863096117973	0.0
0.0	0.0
-0.0004409753892105073	0.0
-5.802306759505882e-07	0.0
-0.0004119704244658351	0.0
0.0	0.0
0.0	0.0
-5.6807668443070725e-05	0.0
0.0	0.0
0.0	1.0
0.0	1.0
0.0	1.0
-0.010752417147159576	0.007
0.0	0.007
-8.505688310833648e-05	0.0
-2.4451146884985064e-08	0.0
0.0	0.0
0.0	0.0
0.0	0.0
-0.002019020961597562	0.0
0.0	1.0
-5.210657764109783e-05	1.0
0.0	1.0
0.0	0.0
0.0	0.0
0.0	0.0
0.0	0.0
-0.001650668797083199	0.0
0.0	0.0
0.0	0.0
0.0	0.0
0.0	0.0
-1.5872634318014889e-09	0.0
-0.008525818586349487	0.0
0.0	0.0
-1.787121700624894e-10	1.0
-1.110326593334321e-05	0.0
-1.3614610307188801e-11	0.0
0.0	1.0
0.0	0.0
-0.00014586569159291685	0.0
0.0	0.0
-0.0005442642723210156	0.0
0.0	0.0
0.0	0.0
-6.585759138033609e-07	0.0
-0.01414722390472889	0.0
0.0	0.0
0.0	0.0
0.0	0.0
0.0	0.0
0.0	0.0
0.0	0.0
-0.004110849928110838	0.0
-1.9446533769951202e-05	1.0
-6.327162554953247e-05	0.0
0.0	0.0
0.0	0.0
-0.0009345991420559585	0.0
-0.0034644838888198137	0.024
0.0	0.0
0.0	0.0
-0.03180976212024689	0.0
0.0	0.027
0.0	0.024
0.0	0.0
0.0	0.0
0.0	0.0
0.0	1.0
0.0	0.0
-2.1654589090758236e-06	0.0
-1.4109388075667084e-06	0.0
0.0	0.0
-0.009208188392221928	0.0
0.0	0.0
0.0	1.0
0.0	1.0
-7.831139373593032e-05	1.0
0.0	0.0
-0.0003263563266955316	0.0
0.0	0.0
0.0	0.0
0.0	0.0
0.0	0.0
0.0	0.0
-0.00083158042980358	0.0
0.0	0.0
0.0	0.0
-3.942073090001941e-05	0.0
-0.004849082324653864	0.0
-3.537258817232214e-05	0.0
-9.720975668869869e-08	0.0
0.0	0.0
-0.030893223360180855	0.0
0.0	0.0
0.0	1.0
-7.591071607748745e-06	0.0
0.0	0.0
0.0	0.0
-0.00029090867610648274	0.0
0.0	0.0
-5.063464868726442e-06	0.0
-8.476254365064051e-09	1.0
-1.295501169806812e-05	1.0
-2.1778848804387962e-06	0.0
0.0	0.0
0.0	0.0
-8.848968718666583e-06	0.0
0.0	0.0
0.0	0.0
0.0	0.001
0.0	0.001
0.0	0.0
-0.00930094625800848	0.0
0.0	0.001
-0.0010051555000245571	0.001
-0.009749074466526508	0.0
-2.0800038774693164e-11	0.0
-0.0029058456420898438	0.0
-0.0015401820419356227	0.001
0.0	0.0
0.0	0.0
0.0	0.001
0.0	0.001
0.0	0.0
0.0	0.001
-0.0014176275581121445	0.0
0.0	0.0
0.0	0.0
0.0	0.003
0.0	0.0
-0.00042725750245153904	0.0
0.0	0.003
0.0	0.0
0.0	0.003
-0.0009596225572749972	0.0
0.0	0.0
0.0	0.0
0.0	0.0
0.0	0.0
0.0	0.0
0.0	0.0
0.0	0.0
-0.001646593795157969	0.0
0.0	1.0
0.0	0.0
0.0	0.0
0.0	0.0
-7.102400104486151e-06	0.0
0.0	0.0
-0.009881237521767616	0.0
0.0	0.0
-1.2753800149312156e-07	0.0
0.0	1.0
-0.00034355404204688966	0.0
-0.01660790666937828	0.0
0.0	0.0
-4.7993585212680046e-06	1.0
0.0	0.0
-0.0008288874523714185	0.0
-3.4700451578828506e-06	0.0
-0.0031460155732929707	0.0
0.0	0.0
0.0	0.0
0.0	0.0
-3.058697828350887e-08	0.0
0.0	0.0
-0.0003266148269176483	0.0
