-0.008372828364372253	0.0
-0.0006243633688427508	0.0
-3.991232528938876e-13	0.0
0.0	0.0
-9.074899054439811e-08	0.0
0.0	1.0
-0.01238994486629963	0.0
-0.0034616943448781967	0.0
-0.0017107841558754444	1.0
0.0	1.0
-0.0004218291724100709	1.0
-0.0007080999203026295	1.0
-1.60576553298597e-06	1.0
-0.0076370881870388985	0.0
0.0	1.0
0.0	1.0
0.0	0.0
0.0	0.0
0.0	1.0
-0.005681484937667847	0.0
0.0	0.0
0.0	0.0
-0.0037223321851342916	0.0
-0.0005089574842713773	0.0
-1.7106746952322283e-07	0.0
0.0	0.0
0.0	0.0
-1.2419210179359652e-05	0.0
0.0	0.0
0.0	0.0
0.0	0.0
0.0	0.0
0.0	0.0
0.0	0.0
-3.2838990193795325e-08	0.0
0.0	0.0
-0.00032740921596996486	0.0
-1.6676819925010022e-08	0.0
-0.0004779808223247528	0.0
0.0	0.0
-0.01012399885803461	0.0
0.0	0.0
0.0	1.0
0.0	1.0
0.0	0.0
0.0	0.0
0.0	0.0
-1.657101347518619e-05	0.0
-0.0010825104545801878	0.0
0.0	0.0
0.0	0.0
-4.3395394300205226e-07	0.0
0.0	0.0
0.0	0.0
0.0	0.0
0.0	0.0
0.0	0.0
0.0	0.0
-0.0606313981115818	0.0
-0.00010619274689815938	1.0
-4.4955782152467094e-11	0.0
-0.0010405738139525056	1.0
0.0	0.0
0.0	0.0
-5.642859377985587e-06	0.0
-0.001931374310515821	0.0
0.0	0.0
0.0	0.0
-2.3567554308101535e-06	0.0
0.0	0.0
-1.9320546940093664e-08	0.0
-0.003623507684096694	0.0
-0.001917175599373877	0.0
0.0	0.0
-4.184098088444443e-06	0.0
-3.2004715544431406e-10	0.0
0.0	1.0
0.0	0.0
-1.0911091408161155e-07	0.0
0.0	0.0
0.0	0.0
0.0	0.0
0.0	0.0
-0.000897008168976754	0.0
0.0	0.0
-0.011828304268419743	0.0
-1.8774066120386124e-05	0.0
-0.000598692917264998	0.0
-0.00035327087971381843	0.0
0.0	0.0
0.0	0.0
-0.0037193007301539183	0.0
-0.007132712285965681	0.0
-0.00019923437503166497	0.0
-0.00020991975907236338	0.0
-0.0074172127060592175	0.0
-0.00097930699121207	0.0
-0.006511198356747627	0.0
0.0	0.0
-0.007819532416760921	0.0
0.0	0.0
-1.3303467767400434e-06	0.0
-7.024333198435428e-11	0.0
-0.001518842182122171	0.0
0.0	0.0
-2.0655756088672206e-05	0.0
-4.802897819899954e-05	0.0
0.0	0.0
-7.411165825033095e-06	1.0
-0.0007157669751904905	1.0
0.0	0.0
0.0	0.0
-1.1278209058218636e-05	0.0
-0.0007721333531662822	1.0
-3.010111140611116e-05	0.0
0.0	0.0
0.0	0.0
0.0	1.0
0.0	0.0
-1.6786083278930164e-06	1.0
0.0	0.176
-4.198741621053159e-08	0.0
-2.8012850014896146e-14	0.0
0.0	0.176
-0.006539582274854183	0.0
0.0	0.0
-1.9650578941821095e-09	0.0
0.0	0.0
-1.5747551174172258e-07	1.0
-0.00019384361803531647	0.0
0.0	0.0
-0.0010494468733668327	0.0
0.0	0.0
0.0	0.0
0.0	0.0
0.0	0.009
0.0	0.0
-0.001308388658799231	0.0
-0.005895980633795261	0.0
0.0	0.0
-0.0004526156699284911	0.0
0.0	0.0
0.0	0.0
0.0	0.0
0.0	0.0
0.0	0.0
0.0	0.0
0.0	0.0
0.0	0.0
-3.7147824514249805e-06	0.002
0.0	0.0
-0.007381131406873465	0.0
-0.002162995981052518	1.0
-0.0047787874937057495	0.0
-1.3915676770615004e-11	0.0
-7.32143644199823e-06	0.0
0.0	0.0
0.0	0.0
-5.945833692067026e-08	0.0
0.0	0.0
-0.0011006961576640606	0.0
0.0	0.0
0.0	0.0
0.0	0.0
0.0	0.0
0.0	0.803
0.0	0.0
-0.0005696779699064791	0.803
-5.733695047638321e-07	0.0
0.0	0.0
-1.187533143820474e-06	0.803
0.0	0.0
0.0	0.074
-4.246018943376839e-05	0.0
-4.2208179365843534e-05	1.0
-2.8112268410040997e-05	0.074
-0.0002455566718708724	0.0
-0.0004488250124268234	1.0
-0.014621872454881668	0.0
-2.2883418182573223e-07	0.074
0.0	1.0
0.0	0.0
0.0	0.002
-0.00018765540153253824	1.0
0.0	0.0
0.0	0.0
-0.002638797042891383	0.0
0.0	1.0
0.0	1.0
0.0	1.0
0.0	0.0
0.0	1.0
0.0	0.0
0.0	0.0
-0.010886543430387974	0.0
-8.860589332471136e-06	0.0
-1.3491189747583121e-05	1.0
0.0	1.0
0.0	1.0
0.0	1.0
0.0	1.0
-1.4897367464072886e-06	1.0
0.0	0.0
0.0	1.0
0.0	1.0
-0.000864278816152364	0.0
0.0	1.0
0.0	0.0
0.0	0.0
-1.5652916772523895e-05	0.022
-5.1316739700268954e-05	0.0
0.0	0.0
-1.2444913863873808e-06	0.022
-0.0022390270605683327	0.0
0.0	0.0
0.0	0.0
0.0	0.0
0.0	0.0
0.0	0.0
0.0	0.294
0.0	0.294
-0.0010514724999666214	0.294
-0.0005525278975255787	0.0
-3.976297193730716e-06	0.0
0.0	0.294
0.0	0.294
0.0	1.0
-0.00013873650459572673	0.0
-0.00023867889831308275	1.0
0.0	1.0
-9.04660396372492e-07	0.0
0.0	0.0
-0.0014137643156573176	1.0
0.0	1.0
-2.0006197587463248e-07	1.0
0.0	0.0
-0.0031399966683238745	0.0
-0.0009561410988681018	0.0
-9.979916649172083e-05	0.0
0.0	0.0
-0.0005707400268875062	0.0
-1.9471635823720135e-05	0.0
0.0	0.0
0.0	0.0
0.0	0.0
-2.8440899768611416e-05	1.0
0.0	0.0
0.0	0.0
0.0	0.0
0.0	0.0
0.0	0.0
-0.00042192640830762684	0.0
-0.0002859298838302493	1.0
0.0	0.0
-1.391145087836776e-05	0.0
-0.002811901969835162	0.803
-2.1877454514651618e-07	0.803
-0.0189245343208313	0.0
-0.0006605854141525924	0.0
0.0	0.001
-0.0004797877336386591	0.001
0.0	0.001
0.0	0.001
0.0	0.0
-4.834661922359373e-06	0.0
-0.0002908778842538595	0.0
-0.00011273477866780013	1.0
-0.00018058408750221133	0.0
-0.00035808884422294796	0.038
0.0	1.0
-0.028967536985874176	0.0
-0.0001833136338973418	0.0
0.0	0.0
0.0	0.0
-4.5122389565221965e-05	0.0
-1.5324752894230187e-05	0.0
0.0	0.0
0.0	0.0
-4.4068514171158313e-07	0.0
0.0	0.0
0.0	0.0
0.0	0.0
0.0	0.0
0.0	0.0
-0.001996012171730399	0.0
-3.077368819504045e-05	0.0
-0.0037292225752025843	0.0
0.0	0.0
-2.4102680981741287e-05	0.0
-3.3961637768697983e-07	0.0
-1.4958685824240092e-05	0.0
0.0	0.0
0.0	0.0
-0.001065474352799356	1.0
-9.620335958970827e-07	0.0
0.0	0.0
-0.00027097566635347903	1.0
-5.457276711240411e-05	0.0
-0.018720868974924088	0.0
0.0	0.0
0.0	0.0
-3.830578498309478e-05	0.0
0.0	0.0
0.0	0.0
-0.001935748616233468	0.0
-0.0029778413008898497	0.0
-0.0002447892911732197	0.0
-0.0005265739746391773	0.0
-0.0015538398874923587	0.0
0.0	0.0
-2.9939624255348463e-06	0.0
-0.0027661139611154795	0.0
-0.042503681033849716	0.0
0.0	0.012
-9.926775419444311e-07	0.0
0.0	0.0
-1.6279140879760234e-07	0.0
-0.0292142815887928	0.0
0.0	0.0
0.0	0.0
0.0	0.0
0.0	0.0
-0.00014885529526509345	0.0
0.0	0.0
-5.668131052516401e-06	0.0
0.0	0.0
-0.08534618467092514	0.0
0.0	0.0
-2.8429303355892444e-08	0.0
0.0	0.0
0.0	0.0
0.0	0.0
0.0	0.0
-6.062194302103308e-07	0.0
0.0	0.0
0.0	0.0
0.0	0.0
-2.0818173140924046e-07	0.0
0.0	0.0
0.0	0.0
0.0	0.0
0.0	0.0
0.0	0.0
0.0	0.0
-0.007834868505597115	0.0
0.0	0.0
0.0	0.081
-3.5442368243820965e-05	0.081
0.0	0.081
-5.545672721041228e-08	0.0
0.0	0.0
0.0	0.0
-1.9825696531521053e-13	0.0
0.0	0.0
0.0	0.0
-0.002152277622371912	0.0
-0.0007281388971023262	1.0
-3.516584246021637e-10	0.0
-2.321814918104792e-08	0.0
0.0	0.0
-0.0007299702847376466	0.0
-2.8825418496580824e-08	0.0
0.0	0.0
0.0	0.0
-1.364191093422562e-09	0.0
-0.0006411154172383249	0.0
-7.46933146729134e-05	0.0
0.0	0.0
0.0	0.0
0.0	0.0
0.0	0.0
0.0	0.0
0.0	0.0
-2.788283146037962e-11	0.0
0.0	0.0
0.0	0.0
-1.0434569048811682e-06	0.0
0.0	0.0
0.0	0.0
-0.0013485322706401348	0.0
-6.484304776677163e-06	0.0
-1.8708709603743046e-07	0.0
0.0	0.0
-1.2442104662113707e-06	0.0
0.0	0.0
0.0	0.0
0.0	0.0
-0.013932541944086552	0.0
0.0	1.0
-4.146833816776052e-05	0.0
-0.003076294669881463	1.0
0.0	0.0
-0.0007270530331879854	0.0
-1.4038571862329263e-05	0.0
0.0	0.0
0.0	0.0
-0.00017007549467962235	0.0
0.0	0.0
0.0	0.0
-0.0004057185724377632	0.0
-4.232627907185815e-05	0.0
0.0	0.0
-0.000758467533160001	0.0
0.0	0.0
-0.0009793012868613005	0.0
-0.00046234927140176296	0.0
0.0	0.0
-0.0026071106549352407	0.0
-3.4549473184597446e-06	0.0
0.0	0.0
0.0	0.001
0.0	0.0
0.0	0.0
0.0	0.0
0.0	0.0
0.0	0.0
-4.319338040659204e-05	0.0
-4.530500518740155e-06	0.0
-1.629364851396531e-05	0.0
0.0	0.0
-0.004573458340018988	0.0
0.0	0.0
-0.0005206575151532888	0.0
0.0	0.0
0.0	0.0
-1.2141042134317104e-05	1.0
0.0	1.0
0.0	0.0
0.0	0.0
-3.526312139001675e-05	0.0
0.0	1.0
0.0	0.0
0.0	0.0
0.0	0.0
0.0	0.0
-0.003960215020924807	0.0
0.0	1.0
0.0	0.0
0.0	0.0
-3.142834611935541e-05	0.0
-7.771352102281526e-05	0.0
-0.009920022450387478	0.0
-1.3893993127567228e-05	0.0
-2.817128006427083e-07	1.0
0.0	0.0
0.0	1.0
0.0	0.0
0.0	0.0
0.0	0.0
-0.0003052229876630008	0.0
-7.043117420835188e-06	0.0
0.0	0.0
0.0	0.0
0.0	0.0
0.0	0.0
0.0	0.0
0.0	0.0
0.0	0.0
-0.0007852386916056275	0.0
-0.0006405289750546217	0.0
0.0	0.0
-0.0026221475563943386	0.0
0.0	0.0
0.0	0.0
0.0	0.0
0.0	0.0
-3.811893236616015e-07	0.0
0.0	0.0
0.0	0.0
0.0	0.0
0.0	0.0
-0.0023752187844365835	0.0
-0.0005645335768349469	0.0
0.0	0.0
0.0	0.0
0.0	1.0
-0.0003211944131180644	0.0
0.0	1.0
-0.00011787905532401055	0.0
0.0	1.0
0.0	0.007
0.0	0.007
0.0	0.007
0.0	0.0
-0.0007647167076356709	0.0
0.0	0.0
0.0	0.0
0.0	0.0
0.0	0.0
0.0	0.0
0.0	0.0
0.0	0.0
-1.1048136911995243e-05	0.0
0.0	0.0
0.0	0.0
-0.00031491168192587793	0.0
0.0	0.0
0.0	0.001
0.0	0.001
0.0	0.001
0.0	0.001
0.0	0.001
-2.6821445064939553e-10	0.0
0.0	0.0
0.0	0.0
0.0	0.0
0.0	0.0
-0.024933747947216034	0.0
0.0	0.0
0.0	0.0
0.0	0.0
-0.010595664381980896	0.0
0.0	0.0
0.0	0.0
0.0	0.0
0.0	0.0
0.0	0.0
0.0	0.0
-0.00198884098790586	0.0
0.0	0.0
-7.432727784362214e-07	0.0
0.0	0.0
0.0	0.0
0.0	0.0
-0.0012325916904956102	0.0
0.0	0.0
0.0	0.0
0.0	0.0
0.0	0.0
0.0	0.0
0.0	0.001
-0.0025165623519569635	0.0
-0.0063851443119347095	0.0
0.0	1.0
-0.000752246705815196	0.0
0.0	0.0
0.0	0.0
0.0	0.0
0.0	0.0
-0.001229812391102314	0.0
-1.0839006137075557e-08	0.0
0.0	0.0
0.0	0.0
-0.002481946488842368	0.0
0.0	0.0
0.0	0.0
0.0	0.0
0.0	0.0
-0.0005341109936125576	0.0
-0.00028925196966156363	0.0
0.0	0.0
0.0	0.0
-0.00029507247381843626	0.0
0.0	0.0
-5.6108042372216005e-06	0.0
-0.012406405992805958	0.0
-1.7203626967443597e-08	0.0
0.0	0.0
0.0	0.0
-0.0007301544537767768	0.0
0.0	0.0
-0.00012289377627894282	0.0
-4.396173608256504e-06	0.0
-0.010556804947555065	0.0
-0.0002671737165655941	0.0
0.0	0.0
0.0	0.0
0.0	0.0
0.0	0.0
-5.603815012023006e-08	0.0
0.0	0.0
0.0	0.0
-6.596395962787938e-08	0.0
0.0	0.0
0.0	1.0
0.0	1.0
-4.6002987801330164e-05	0.0
0.0	0.0
0.0	0.0
0.0	0.0
0.0	0.0
0.0	0.0
-0.003442008513957262	0.0
0.0	0.0
0.0	0.0
0.0	0.0
0.0	0.0
0.0	0.0
-0.014806251041591167	0.0
-0.007895216345787048	0.0
-0.00020028885046485811	0.0
0.0	0.0
0.0	0.001
-8.668317832416506e-07	0.0
0.0	0.001
-3.7243205497361487e-07	0.0
0.0	0.0
0.0	0.0
-0.0013557904167100787	0.0
0.0	0.0
0.0	0.0
0.0	0.0
0.0	0.109
-0.00013219407992437482	0.109
-0.0005550511414185166	0.0
0.0	0.0
-0.0009700131486169994	0.0
-1.39210133056622e-05	0.0
0.0	0.0
-0.00019879941828548908	0.0
0.0	0.0
-1.803697887226008e-05	0.0
0.0	0.0
0.0	0.0
-1.5351815818576142e-05	1.0
-5.988045813865028e-06	0.0
0.0	1.0
0.0	0.0
0.0	1.0
0.0	1.0
0.0	0.0
0.0	0.0
0.0	0.0
0.0	0.0
-0.0017951179761439562	0.0
-0.003052850253880024	0.0
0.0	0.0
-0.007892213761806488	0.0
0.0	0.0
0.0	1.0
0.0	1.0
0.0	1.0
0.0	1.0
0.0	1.0
-7.944124469361213e-09	0.0
-0.001281339442357421	0.0
-3.343759402696378e-08	0.0
-1.7451182429795153e-05	0.0
-5.172168130229693e-06	0.0
0.0	0.0
0.0	0.0
0.0	0.0
-4.880267624685075e-06	1.0
-0.00017967117310035974	0.007
0.0	0.007
-0.0007210088078863919	0.0
-0.0003682630485855043	0.0
-6.083322432459681e-07	0.0
-1.100597273762105e-05	0.0
-0.0016611162573099136	0.0
0.0	0.0
-0.0070216963067650795	0.0
0.0	0.0
-0.00017913270858116448	0.0
0.0	0.0
0.0	0.0
0.0	0.0
0.0	0.0
0.0	1.0
-8.844556198539522e-10	0.0
0.0	0.0
-0.0003213931049685925	0.0
-0.002918403595685959	0.197
-1.952803131644032e-06	0.0
0.0	0.20846560846560847
-0.001374678686261177	0.20846560846560847
0.0	0.0
0.0	0.0
0.0	0.0
-0.00017821483197622	0.20846560846560847
0.0	0.0
0.0	0.0
-0.02732889913022518	0.0
0.0	1.0
0.0	0.0
-0.0071520935744047165	0.0
0.0	0.0
-0.0015833638608455658	0.0
-0.00036161349271424115	0.0
0.0	1.0
0.0	0.0
0.0	1.0
-1.6332833183696494e-05	0.0
-1.2411598859785045e-08	0.0
-0.0004926582332700491	0.0
0.0	0.0
0.0	0.0
0.0	0.0
-0.0015146047808229923	0.0
0.0	0.0
0.0	0.0
0.0	0.0
0.0	0.0
0.0	0.0
-0.006479182280600071	0.0
0.0	0.0
0.0	0.0
-1.305143655372376e-06	0.0
0.0	0.0
0.0	0.0
0.0	0.0
0.0	0.0
0.0	0.0
-0.00029839848866686225	0.0
-0.00023233098909258842	0.0
0.0	0.0
0.0	0.0
-0.00029949500458315015	0.0
-8.019690540095326e-06	0.0
-0.0010551862651482224	0.803
0.0	0.803
-0.0026052503380924463	0.0
0.0	0.0
0.0	0.0
0.0	0.0
0.0	0.0
-0.004420067183673382	0.0
0.0	0.0
0.0	0.0
-3.4533313737483695e-05	0.0
-0.0006138459430076182	0.0
-0.0026783072389662266	0.0
0.0	0.0
0.0	0.0
-5.471687109093182e-05	1.0
0.0	0.0
-0.0359332300722599	0.0
-9.453015453741997e-11	0.07422266800401203
-0.00041726534254848957	0.07422266800401203
-0.00020950354519300163	0.003
0.0	0.003
-7.2198004090751056e-06	0.0
-2.3264152332558297e-05	0.176
-0.004663457628339529	0.0
-0.00018152700795326382	0.0
0.0	0.2191780821917808
0.0	0.176
-4.8432935727760196e-05	0.176
0.0	0.0
0.0	0.0
0.0	0.0
-0.00034799330751411617	0.0
0.0	0.0
0.0	0.0
0.0	0.0
-0.002366122789680958	0.0
0.0	0.003
-0.003612892935052514	0.003
0.0	0.003
-0.0011297070886939764	0.0
0.0	0.0
0.0	0.003
-1.5137999071157537e-05	0.003
-0.0001616190274944529	0.0
-0.007870255969464779	0.003
0.0	0.0
-0.0004917072365060449	0.0
-0.0007110002916306257	0.0
0.0	0.0
0.0	0.0
0.0	0.0
0.0	0.0
0.0	0.0
0.0	0.0
0.0	0.0
-4.970743248122744e-06	0.0
0.0	1.0
0.0	0.803
0.0	0.803
0.0	0.0
-0.00021765461133327335	0.803
0.0	1.0
-4.5788911297837704e-15	0.0
0.0	0.0
0.0	0.0
0.0	0.803
0.0	0.0
0.0	0.0
-0.005789231043308973	0.0
-0.0009991925908252597	0.0
0.0	0.0
0.0	0.0
0.0	0.0
0.0	0.197
-3.0623748870084455e-08	0.0
-1.0843505151569843e-05	0.197
-0.0034965830855071545	0.0
0.0	0.197
0.0	0.0
0.0	0.0
0.0	0.0
0.0	0.197
-4.6732900955248624e-05	0.0
0.0	0.0
-1.501746460519371e-08	0.0
-6.134098953225475e-07	0.0
-0.0019089727429673076	0.0
0.0	0.0
0.0	0.0
-0.06667492538690567	0.0
-0.0025513540022075176	0.0
0.0	1.0
0.0	0.0
0.0	1.0
-0.0007299071876332164	0.0
0.0	0.163
0.0	0.163
0.0	0.0
0.0	0.0
-0.0005570122739300132	0.0
-0.00020111088815610856	0.0
0.0	0.0
0.0	1.0
0.0	0.0
-6.884402523610333e-07	0.0
-0.0006472740205936134	0.0
-2.1227970137260854e-05	0.0
0.0	0.001
0.0	0.0
-6.459131782321492e-06	0.0
0.0	0.0
0.0	0.0
0.0	0.0
0.0	0.0
-0.000701295502949506	0.0
0.0	0.0
-0.002656718250364065	0.0
-1.3575340744864661e-05	0.0
-0.0006545876385644078	0.0
-0.0011586155742406845	0.0
-0.0003346956509631127	0.0
0.0	0.0
-0.003950539976358414	0.0
0.0	0.0
0.0	0.0
-0.0005437039653770626	0.0
-3.212489048110001e-07	0.0
-0.0002866575086954981	0.0
0.0	0.0
0.0	0.0
0.0	0.0
0.0	0.0
0.0	0.0
0.0	0.0
-8.291580161312595e-05	0.0
0.0	0.0
