0.0	0.0
-0.03237862139940262	0.0
-2.1853556972928345e-05	0.039
0.0	0.0
0.0	0.0
-8.433171387878247e-06	0.0
0.0	0.0
0.0	0.0
-3.4350607165833935e-05	0.0
-2.0237784781329538e-09	0.0
0.0	0.0
-0.0006724137929268181	0.0
0.0	0.0
-0.0013792398385703564	0.0
0.0	0.14
0.0	0.14
0.0	0.14
-1.9241073800913e-07	0.0
-0.00010558793292148039	0.0
0.0	1.0
-8.060120393338366e-08	0.0
0.0	0.0
0.0	0.0
0.0	0.0
0.0	0.0
0.0	0.0
0.0	0.0
0.0	0.0
0.0	0.0
0.0	0.0
-0.004958846606314182	0.052
0.0	0.0
-0.006324003916233778	0.0
0.0	1.0
0.0	0.0
0.0	0.0
0.0	0.0
-3.803579238592647e-05	0.0
0.0	0.0
-0.012089967727661133	0.0
-0.00026405267999507487	0.0
-0.0044069597497582436	0.0
-0.0011797214392572641	0.0
0.0	0.0
0.0	0.0
0.0	0.0
-1.0157378710573539e-05	1.0
-0.0027868682518601418	0.0
-0.00012633133155759424	0.0
0.0	0.0
0.0	0.0
0.0	0.0
-2.011059585527164e-08	0.0
0.0	0.0
0.0	0.0
-5.776998364126484e-07	0.0
0.0	0.0
0.0	0.0
0.0	1.0
0.0	1.0
0.0	1.0
0.0	0.0
0.0	0.0
-0.0042988816276192665	0.031
-5.4801810620119795e-05	0.031
-0.0003922908508684486	0.0
0.0	0.0
0.0	0.0
-0.013152780011296272	0.0
-0.00789932906627655	0.0
0.0	0.0
0.0	0.308
0.0	0.0
-7.4020380935735375e-09	0.0
0.0	0.0
-0.002142509911209345	0.0
-0.00060608412604779	0.0
-4.308962161303498e-06	0.0
-2.4078466594801284e-05	0.0
-3.9111375372158363e-05	0.0
0.0	0.0
0.0	0.0
0.0	0.0
0.0	0.0
0.0	0.0
0.0	0.0
0.0	0.339
-0.013739034533500671	0.0
-0.0006224690587259829	0.0
-0.00017466998542658985	0.0
0.0	0.0
0.0	0.339
-0.0010097339982166886	0.0
-3.29300164594315e-05	0.0
0.0	1.0
-0.0010078261839225888	0.0
-9.412329745828174e-06	1.0
-1.8215199304449925e-07	0.0
0.0	1.0
0.0	0.006051437216338881
-0.00036178299342282116	0.006051437216338881
-0.0005529429181478918	0.006051437216338881
0.0	0.0
0.0	0.0
-0.0016996776685118675	0.339
-6.360577913255838e-07	0.0
-2.9223685942270095e-06	0.0
-0.0004434239526744932	0.0
0.0	0.0
-4.536883646544254e-10	0.0
0.0	0.0
-5.320777773931695e-08	0.0
0.0	1.0
0.0	0.0
-0.0035038467030972242	1.0
-3.399255774638732e-06	0.0
0.0	0.0
0.0	0.002
0.0	0.0041753653444676405
-0.005699273198843002	0.0
0.0	0.0
0.0	0.0
-4.000854823971167e-05	0.0
-0.00032634843955747783	0.0
0.0	0.0
-0.0008751655695959926	0.0
-0.00374041311442852	0.0
0.0	0.0
-0.003411665325984359	0.0
-0.00045331873116083443	0.0
0.0	0.0
0.0	0.0
0.0	0.0
-0.0004502850351855159	0.0
0.0	0.0
-0.00011504037684062496	0.0
0.0	0.0
-1.1565878139663255e-06	0.0
0.0	0.0
0.0	0.0
0.0	0.0
-0.00046573110739700496	0.0
0.0	0.0
-0.00042712141294032335	0.0
0.0	0.0
0.0	0.0
0.0	0.0
-0.00033970532240346074	0.0
-1.7113208741648123e-05	0.0
-2.5986770197050646e-05	0.0
-7.666533292649547e-07	0.0
0.0	0.0
-2.3263699404196814e-05	0.0
0.0	0.0
0.0	0.0
-9.000470890896395e-05	0.0
0.0	0.0
-3.132470737909898e-05	0.0
0.0	0.0
-0.017821641638875008	0.0
-1.5149837508943165e-06	0.0
0.0	0.0
-0.0012872954830527306	0.0
0.0	0.0
-0.013178386725485325	0.0
-0.0009366800077259541	0.0
0.0	0.0
0.0	0.0
0.0	0.0
0.0	0.010115606936416185
0.0	0.0
-1.911831617462667e-07	0.0
-4.814730836244507e-10	0.0
0.0	0.0
0.0	0.0
0.0	0.0
0.0	0.0
-0.00018652220023795962	0.0
0.0	0.0
-0.004026487004011869	0.0
-0.006213853135704994	0.0
-4.981705842510564e-06	0.0
-4.122560767427785e-06	0.0
-1.2887762750324327e-06	0.0
0.0	0.0
-0.0020426821429282427	0.0
-0.0026871669106185436	0.0
0.0	0.0
-0.006084254011511803	0.0
-2.2220667233341374e-05	0.0
-0.002583423862233758	0.0
0.0	0.001
-1.4325083341759637e-08	0.001
0.0	0.001
0.0	0.001
0.0	0.0
0.0	0.001
0.0	0.001
0.0	0.0020876826722338203
0.0	0.0
-0.00041509672882966697	0.001
0.0	0.0
-0.0018655844032764435	0.001
0.0	0.001
-7.5135103543289e-05	0.001
0.0	0.001
0.0	0.0
0.0	0.0
0.0	0.0
-5.422389648401804e-09	0.0
-0.06558119505643845	0.0
0.0	0.0
0.0	0.0
0.0	0.003
0.0	0.0
-4.494231689022854e-05	0.003
-0.0007444405346177518	0.0
-0.0008344951784238219	0.0
-0.00019527284894138575	0.0
0.0	0.0
0.0	0.003
-0.010599474422633648	0.0
0.0	0.0
-0.0004160769167356193	0.0
-8.851052371028345e-06	0.0
0.0	0.003
0.0	1.0
0.0	0.0
-0.006129393819719553	0.0
-0.0002379261131864041	0.0
-2.6537340090726502e-05	0.0
0.0	0.0
-0.0003038397117052227	0.0
0.0	0.0
-1.9859709363134748e-11	0.0
0.0	1.0
-2.0585784188398293e-09	0.0
0.0	0.0
0.0	0.0
0.0	0.0
0.0	0.0
0.0	0.0
-0.0009591297130100429	0.0
-0.0008508538012392819	0.0
-0.00035034489701502025	0.0
-0.0010081350337713957	0.0
-0.00025481751072220504	0.0
0.0	0.0
0.0	0.0
-2.3418849082190718e-07	0.0
0.0	0.0
0.0	0.0
0.0	0.0
-2.308107832504902e-05	1.0
0.0	0.0
0.0	0.007
0.0	0.0
0.0	0.0
0.0	0.0
0.0	0.0
0.0	0.0
0.0	0.0
0.0	0.0
-0.002692773938179016	0.0
0.0	0.0
-0.0058212922886013985	0.0
-0.00027670731651596725	0.0
0.0	0.0
-0.016205916181206703	0.0
0.0	0.0
-9.297339602198917e-06	1.0
-1.668022235890021e-07	1.0
-0.0030091896187514067	0.0
0.0	0.0
-3.401415960979648e-05	0.479
0.0	0.0
-6.983091225265525e-06	0.0
-1.4273892929850263e-06	0.479
0.0	0.0
-7.422014732583193e-06	0.0
0.0	0.0
-0.00014416604244615883	0.0
0.0	0.0
0.0	1.0
-0.00012217821495141834	0.0
-0.00038605171721428633	0.0
-1.7201855371240526e-05	0.0
-0.002480802359059453	0.0
-1.5580405021697885e-10	0.0
0.0	0.0
0.0	0.0
0.0	0.0
0.0	0.0
0.0	0.0
0.0	0.0
0.0	0.0
-1.2442153973779568e-08	0.0
0.0	0.0
0.0	0.0
-0.004190125502645969	0.0
0.0	0.0
0.0	0.0
-8.401842933380976e-06	0.0
0.0	0.0
0.0	0.0
0.0	0.0
0.0	0.0
0.0	0.0
-1.7376749383402057e-05	1.0
0.0	0.0
0.0	0.0
-7.513460150221363e-05	0.0
0.0	0.0
0.0	0.0
0.0	0.0
0.0	0.0
0.0	1.0
0.0	0.0
0.0	0.0
-1.05505660030758e-06	0.0
0.0	1.0
0.0	0.0
0.0	0.0
0.0	0.0
0.0	1.0
-1.575366513861809e-05	0.0
0.0	1.0
-0.0002053564094239846	0.0
0.0	0.0
0.0	0.0
0.0	0.0
-0.0006134178838692605	0.0
-0.003518913872539997	0.0
0.0	0.0
0.0	0.0
0.0	1.0
-0.0002199450827902183	0.0
0.0	1.0
0.0	1.0
0.0	0.0
-0.0006659014616161585	1.0
0.0	0.0
0.0	0.0
-1.4062106856727041e-05	0.0
-0.002055045450106263	0.0
0.0	0.0
0.0	0.0
0.0	0.0
0.0	0.0
0.0	0.0
-0.00013861278421245515	0.0
0.0	1.0
-0.0026918097864836454	0.0
0.0	0.0
-2.373006282141432e-05	0.0
-3.827358796115732e-06	0.0
0.0	0.0
0.0	0.0
0.0	0.0
0.0	0.0
-7.230783376144245e-05	0.0
0.0	0.0
-7.473592268070206e-05	0.0
0.0	0.0
-0.00178739323746413	0.0
0.0	0.0
-0.00010664384171832353	0.0
0.0	0.0
0.0	0.0
0.0	0.0
0.0	0.0
-0.001208075205795467	0.034
0.0	0.0
0.0	1.0
-0.006964868400245905	0.0
-1.1435010804916601e-07	0.0
0.0	0.0
-5.372216492105508e-06	1.0
0.0	1.0
0.0	0.001
-0.0007724668830633163	1.0
0.0	1.0
-2.2095104213804007e-05	0.0
-0.0008557342807762325	0.0
-1.6259665471807239e-06	0.0
0.0	0.0
-0.0005381664959713817	0.0
-0.0004021420027129352	0.0
-3.0244553389513484e-11	0.0
0.0	0.0
-3.070821605888341e-07	0.0
0.0	0.0
-0.0034458981826901436	0.0
-0.00042252056300640106	0.0
0.0	0.0
0.0	0.0
0.0	1.0
0.0	0.0
-3.0765545488975476e-06	0.0
0.0	0.001
-2.286139533680398e-06	0.001
0.0	0.001
0.0	0.0
0.0	0.0
0.0	0.0
0.0	0.001
0.0	0.0
-2.763387055892963e-05	0.0
0.0	0.0
-0.004091933835297823	0.0
-2.015432619373314e-05	1.0
0.0	0.0
0.0	0.0
-6.365669378283201e-06	0.0
0.0	0.0
-0.0029281636234372854	0.0
-0.00016669515753164887	0.0
-0.003576923394575715	0.0
-0.0001363405172014609	0.0
0.0	0.0
-0.0013298969715833664	0.0
-4.250788165904851e-08	0.0
0.0	0.0
0.0	1.0
0.0	1.0
-3.860674405586906e-05	1.0
0.0	0.0
0.0	0.0
0.0	0.0
-0.004331178963184357	0.0
0.0	0.0
0.0	0.0
0.0	0.213
-0.000181290612090379	0.213
0.0	0.0
-6.812126684963005e-06	0.0
0.0	0.0
0.0	0.213
0.0	0.0
0.0	0.0
-3.870609816658543e-06	0.0
0.0	0.0
0.0	0.0
0.0	0.0
0.0	0.0
-0.005108342971652746	0.0
0.0	0.0
0.0	0.0
-0.001439348328858614	0.0
0.0	0.0
0.0	0.0
0.0	0.0
-0.002610971452668309	0.0
-0.001502730417996645	0.0
0.0	0.0
-0.0024329270236194134	0.0
0.0	0.0
0.0	0.0
0.0	0.0
0.0	0.0
-0.0013876787852495909	0.0
0.0	0.0
-7.049273387238486e-10	1.0
0.0	0.0
0.0	0.008
0.0	0.0
0.0	0.0
-1.9253882783232257e-05	0.0
0.0	0.0
0.0	0.0
-1.711331424303353e-05	0.0
0.0	0.0
-1.1766325769713148e-05	0.0
0.0	0.0
0.0	0.0
0.0	0.0
-2.298140861967113e-05	0.0
0.0	0.0
0.0	0.0
0.0	1.0
-4.036569301035797e-09	0.0
-0.001477340585552156	0.0
0.0	0.0
0.0	0.0
0.0	0.0
0.0	1.0
-0.0001715945836622268	0.0
0.0	0.0
-1.783407606126275e-05	0.041
-0.0039759064093232155	0.0
-6.684730033157393e-05	0.0
0.0	0.0
0.0	0.0
0.0	0.041
-3.7176141631789505e-06	0.041
0.0	0.0
-0.0006075650453567505	0.041
-3.881141310557723e-06	0.0
0.0	0.0
0.0	0.0
-0.0016522761434316635	0.0
0.0	0.045
0.0	1.0
0.0	0.0
0.0	0.0
0.0	0.0
-0.00016959293861873448	1.0
-0.00860835611820221	0.0
-0.005492241121828556	0.0
-0.0005733133875764906	0.0
-0.0025204999838024378	0.0
-4.803343108505942e-05	0.0
-7.99445388111053e-06	0.0
-0.0014706174843013287	0.0
0.0	0.0
-0.001993126468732953	0.0
0.0	0.0
0.0	0.0
-0.00015113437257241458	0.0
-0.0001314852706855163	0.0
0.0	0.0
0.0	0.0
0.0	0.0
-0.0006948916707187891	0.0
0.0	0.0
0.0	0.0
0.0	0.0
0.0	0.0
0.0	0.0
0.0	0.0
-3.8601869164267555e-05	0.0
-2.1411698980955407e-05	0.0
-1.1829930372186936e-05	0.0
-4.7659767005825415e-05	0.0
0.0	1.0
-0.1154060810804367	0.0
-6.151409676774522e-13	0.0
-0.0011597665725275874	0.0
-2.7851223421748728e-05	0.0
0.0	1.0
0.0	0.0
-0.00046636880142614245	1.0
0.0	0.0
0.0	1.0
0.0	1.0
0.0	1.0
0.0	0.0
0.0	0.0
-1.2075238373654429e-06	0.0
-6.688538633170538e-06	0.0
0.0	0.0
0.0	1.0
-0.0006697133649140596	0.0
0.0	0.0
-0.0008428777218796313	0.0
-7.553094746981515e-06	0.0
-0.0012615195009857416	0.0
-6.913990364409983e-05	0.0
0.0	0.0
-2.921573286585044e-05	1.0
0.0	1.0
0.0	0.0
-6.91466557327658e-05	0.0
0.0	0.0
0.0	0.0
-0.00046834233216941357	0.0
0.0	0.0
-0.00381928076967597	0.0
0.0	0.0
-0.00021973825641907752	0.0
-0.001155130797997117	0.0
-0.00013422851043287665	0.0
0.0	0.0
-3.88452053812216e-06	0.0
0.0	0.0
0.0	0.0
-1.0679076467567938e-06	0.0
-0.0011736229062080383	0.0
0.0	0.0
0.0	0.0
0.0	0.0
-0.0012084436602890491	0.0
0.0	0.0
0.0	0.0
0.0	0.0
0.0	0.0
0.0	0.0
-5.18788567660522e-07	0.0
-2.283965551408418e-12	0.0
-4.982324753655121e-05	0.0
0.0	0.0
-0.0030878959223628044	0.0
-7.196003082299285e-08	0.0
-0.003375834785401821	0.0
-2.261350346088875e-05	0.0
-0.0009046834311448038	0.0
0.0	0.0
-1.2735660675389227e-05	0.0
-3.670849402226395e-09	0.0
-0.011207724921405315	0.0
-0.01817477121949196	0.0
-0.00011939964315388352	0.0
-2.158856887035654e-06	0.0
-6.956974175409414e-06	0.0
-0.003982766065746546	0.0
-6.992134876782075e-05	0.0
-0.000175402412423864	0.0
-0.000994985573925078	0.0
-2.586390655778814e-05	0.0
-0.002311532851308584	0.0
0.0	0.0
0.0	0.0
-9.945676282541172e-08	0.0
-0.00018552115943748504	0.0
0.0	1.0
0.0	1.0
0.0	0.0
0.0	1.0
-0.00020237195712979883	0.0
0.0	0.0
-0.000720279524102807	0.0
0.0	0.692
0.0	0.0
0.0	0.0
0.0	0.692
0.0	0.692
0.0	0.0
-8.398741897508444e-07	0.0
-0.0007501086802221835	0.0
-4.151185930822976e-05	0.0
0.0	0.0
-0.00023134950606618077	0.0
0.0	0.0
-0.003137378254905343	0.0
0.0	0.0
-8.241202759750293e-25	0.0
-8.259515198005829e-06	0.0
-5.1529091251723e-06	0.0
-5.684847565134987e-06	0.0
0.0	0.0
0.0	0.0
-0.002482584211975336	0.0
-0.004115221090614796	0.0
-0.006085536442697048	0.0
-1.0441585374110218e-07	0.0
0.0	0.0
0.0	0.0
0.0	0.0
-0.018855232745409012	0.0
0.0	0.0
0.0	0.0
0.0	0.0
0.0	0.0
0.0	1.0
-4.19739808421582e-05	0.0
0.0	1.0
0.0	0.0
0.0	0.0
0.0	0.0
0.0	0.0
-0.00017054493946488947	0.0
0.0	0.0
-3.7129329939489253e-06	0.0
0.0	0.0
-0.00011316422751406208	0.0
0.0	0.0
0.0	0.0
0.0	0.0
0.0	0.0
-3.99346390622668e-06	0.0
-7.006743999227183e-06	0.0
0.0	0.0
0.0	0.0
-1.3122725022185477e-06	0.0
-5.127795157022774e-05	0.0
-4.189584146274683e-08	0.0
0.0	0.0
0.0	0.0
0.0	0.0
0.0	0.0
-0.0004933542804792523	0.0
0.0	0.0
-0.002886904403567314	0.0
0.0	0.0
0.0	0.0
0.0	1.0
-3.002739958901657e-06	0.0
-0.000997183728031814	0.0
-0.00017450112500227988	0.0
0.0	0.0
-1.0599178494885564e-06	0.0
0.0	0.0
0.0	0.0
0.0	0.0
-7.653252396266907e-05	0.0
0.0	0.0
0.0	0.0
0.0	0.0
0.0	0.0
-0.002523216651752591	0.0
0.0	0.0
0.0	0.0
-1.4975645506662416e-13	0.0
0.0	0.0
-0.00026902570971287787	0.0
0.0	0.0
0.0	0.0
0.0	0.0
-0.019203685224056244	0.0
0.0	0.008
0.0	0.0
-7.252831892401446e-06	0.0
0.0	1.0
-0.0008308353717438877	0.0
0.0	0.0
0.0	1.0
0.0	0.0
-2.0730324195028516e-06	0.0
0.0	0.0
-3.6083255827712435e-10	0.0
0.0	0.0
-0.004790127743035555	0.0
-6.913016841281205e-05	0.056
0.0	0.0
0.0	0.0
-0.0028575854375958443	0.0
-1.1251378301269099e-10	0.0
-0.001071213511750102	0.0
0.0	0.0
-0.00012388991308398545	0.0
-6.498632137663662e-05	1.0
-0.001367401797324419	0.0
0.0	0.0
-0.0010511464206501842	0.0
0.0	1.0
0.0	0.0
0.0	0.0
0.0	0.0
0.0	0.0
-5.121010690345429e-05	0.0
0.0	0.0
0.0	0.0
0.0	0.0
0.0	0.0
-0.00042018864769488573	1.0
0.0	0.0
0.0	1.0
-2.6774994239531225e-06	0.0
-3.557645186447189e-06	0.0
0.0	0.0
0.0	0.0
0.0	0.0
0.0	0.0
0.0	0.0
0.0	0.0
0.0	0.0
0.0	0.0
0.0	1.0
0.0	0.0
-0.000622624414972961	0.0
0.0	1.0
-0.002959216944873333	0.0
0.0	0.0
0.0	0.0
0.0	0.0
-0.001577837043441832	1.0
0.0	0.0
-0.0006918750586919487	0.0
0.0	0.0
0.0	1.0
-0.01225313264876604	0.0
0.0	0.0
0.0	0.0
0.0	1.0
-0.0029599065892398357	0.0
0.0	0.16883116883116883
0.0	0.0
0.0	0.0
0.0	0.0
0.0	0.0
-2.9153263767511817e-06	0.0
0.0	0.0
0.0	0.0
0.0	0.0
-0.0015254983445629478	0.0
-0.00178156781475991	0.0
-0.0023743556812405586	0.0
-0.0026138105895370245	0.0
0.0	0.0
0.0	0.14
-1.7124626765507855e-06	0.14
0.0	0.0
-2.716762992349686e-07	0.29227557411273486
0.0	0.14
0.0	0.0
0.0	0.2023121387283237
0.0	0.0
0.0	0.0
-4.872764520769124e-07	0.14
0.0	0.14
0.0	0.0
-0.0038760174065828323	0.0
0.0	0.002
0.0	0.0
-0.0006683086394332349	0.002
-0.010588678531348705	0.002
0.0	0.002
0.0	0.002
0.0	0.0
0.0	0.0
0.0	0.0
-2.6601530862535583e-06	0.0
0.0	0.0
0.0	0.0
0.0	0.0
0.0	0.0
0.0	1.0
-0.004601750988513231	0.0
-0.0015196348540484905	0.0
-0.0009339951793663204	0.0
-0.00047824240755289793	0.0
-9.614763257559389e-06	0.0
-0.0050104521214962006	0.0
0.0	0.0
0.0	0.0
0.0	0.0
0.0	0.0
-0.007864527404308319	0.0
0.0	0.0
0.0	0.0
0.0	1.0
-8.590678771724924e-05	0.0
0.0	0.479
0.0	0.479
-0.0012976040598005056	0.0
0.0	0.0
0.0	0.479
0.0	0.479
0.0	0.0
-0.011156832799315453	0.0
0.0	0.479
-9.630400477078638e-09	0.0
0.0	0.0
0.0	0.479
-3.945845946873305e-06	0.0
-0.0005839006626047194	0.479
0.0	0.0
-0.0010631236946210265	0.0
0.0	1.0
0.0	1.0
0.0	1.0
-2.607990063552279e-05	1.0
0.0	1.0
0.0	0.0
0.0	1.0
0.0	1.0
0.0	1.0
0.0	1.0
0.0	0.0
0.0	0.104
-3.0828380204184214e-07	0.10982048574445617
0.0	0.0
0.0	0.10982048574445617
-6.7506293817132246e-06	0.10982048574445617
0.0	0.05915178571428571
-0.0007885472732596099	0.05915178571428571
0.0	0.10982048574445617
0.0	0.05915178571428571
0.0	0.0
0.0	0.0
-0.0001580969401402399	0.053
0.0	0.053
0.0	0.0
0.0	0.0
-3.876473419950344e-05	0.053
-1.5959240045049228e-06	0.0
0.0	0.0
-0.0006565801450051367	0.0
-2.95043719233945e-07	0.0
0.0	1.0
0.0	0.0
0.0	0.0
-0.00022855990391690284	0.0
-1.3936940794143093e-12	0.0
