0.0	0.0
0.0	0.0
-2.416345068922965e-06	0.0
-0.00038142129778862	0.0
-0.013878930360078812	0.0
0.0	0.0
-3.320687392260879e-05	0.0
0.0	0.0
-0.0012833887012675405	0.0
-0.002249641576781869	0.0
0.0	0.0
0.0	0.0
0.0	0.0
-0.0014917755033820868	0.0
0.0	0.0
0.0	0.0
-0.00012167928070994094	0.0
-1.0097670383402146e-05	1.0
0.0	0.0
-0.00021418930555228144	0.0
-0.0007193106575869024	0.0
-0.006104582920670509	0.0
0.0	0.0
0.0	0.0
0.0	0.0
0.0	0.0
-0.005589057691395283	0.0
-7.97202592366375e-05	0.0
0.0	0.0
0.0	0.0
-7.003890800660884e-08	0.0
0.0	0.0
-2.2251817426877096e-05	0.0
-0.0001901905779959634	0.0
-0.0033244332298636436	0.0
0.0	0.0
0.0	0.0
-0.0011473894119262695	0.0
0.0	1.0
0.0	0.0
-2.012607751566975e-07	0.0
0.0	0.0
-5.699752364307642e-06	0.0
-0.0003071409300900996	0.0
-0.0006776299560442567	0.0
-1.2705682820524089e-05	0.0
0.0	0.0
-5.068333166491357e-07	1.0
0.0	0.0
0.0	0.0
0.0	0.0
0.0	0.0
-3.645111064543016e-05	0.0
0.0	0.0
-0.002631508745253086	0.0
0.0	0.0
0.0	0.0
0.0	0.0
0.0	0.0
0.0	0.0
0.0	0.0
0.0	0.0
-3.73636936501498e-07	0.0
-0.002605356741696596	0.0
0.0	0.0
0.0	0.0
0.0	0.019
0.0	0.019
0.0	1.0
0.0	1.0
0.0	1.0
0.0	0.0
-0.0003735781938303262	0.0
-2.782163028314244e-05	1.0
0.0	0.0
-4.825515588890994e-06	0.0
0.0	0.0
-0.00018467237532604486	1.0
-7.483992092716107e-09	0.0
0.0	0.0
0.0	0.0
0.0	0.0
0.0	1.0
-2.1486883269972168e-05	0.0
-3.671327408749647e-10	0.0
-0.0002931590424850583	0.0
0.0	0.0
-0.0015596350422129035	0.021
0.0	0.0
0.0	0.0
-9.693650326880743e-07	0.0
0.0	0.0
0.0	0.0
-0.0037329441402107477	0.0
-6.215819894350716e-07	0.0
-1.1563762913804204e-13	0.0
0.0	0.0
0.0	0.0
0.0	0.0
0.0	0.0
0.0	0.0
0.0	0.0
-6.918906478858844e-07	1.0
0.0	0.0
-0.11204841732978821	0.0
-0.0008714433643035591	0.0
0.0	1.0
0.0	0.0
0.0	1.0
0.0	0.0
0.0	1.0
-1.9699028519504225e-10	0.0
0.0	0.0
-3.155311424052343e-05	0.0
-3.798161560553126e-05	0.0
-0.009246653877198696	0.0
-4.740625172416912e-06	0.0
-0.00011642431491054595	0.0
0.0	0.0
0.0	0.0
0.0	0.0
-1.995849197555799e-05	0.0
0.0	0.0
-0.0004204700526315719	0.0
0.0	0.0
0.0	0.0
0.0	0.0
0.0	0.0
-0.00029889511642977595	0.0
0.0	0.0
-1.987851101148408e-05	0.0
0.0	0.0
0.0	0.0
0.0	0.0
0.0	0.0
-0.0009852725779637694	0.0
0.0	0.0
-4.276042091078125e-06	0.0
0.0	0.0
0.0	0.0
0.0	1.0
-6.229665245882643e-07	0.0
-0.00017492391634732485	0.0
0.0	1.0
0.0	0.0
0.0	1.0
-0.002438786905258894	0.0
0.0	1.0
-2.1171206753933802e-05	0.0
-1.3045383639109787e-05	0.0
0.0	0.0
0.0	0.0
0.0	1.0
0.0	1.0
0.0	0.0
0.0	1.0
-0.0004001044435426593	1.0
0.0	0.0
-1.0083148538342357e-08	0.0
-0.0006452976958826184	0.0
-5.899099164707877e-07	0.0
-0.0011763892835006118	0.0
-3.347928441144177e-07	0.0
0.0	0.0
0.0	0.0
0.0	0.0
-0.002062790561467409	0.0
0.0	0.0
-0.005208313465118408	0.0
-0.00042944311280734837	0.0
-6.354540528263897e-05	0.0
0.0	0.017
0.0	0.0
0.0	0.0
0.0	0.017
0.0	0.0
0.0	0.0
0.0	0.0
0.0	0.0
0.0	0.0
-0.002483171410858631	0.0
-0.0032793693244457245	0.0
-0.00041525030974298716	0.0
0.0	0.0
0.0	0.0
0.0	1.0
0.0	0.0
0.0	0.0
0.0	1.0
0.0	0.0
-1.3121843949193135e-06	0.001
-0.0008733415743336082	0.0
0.0	0.001
0.0	0.0
0.0	0.0
0.0	0.0
-0.00036756755434907973	0.0
0.0	0.001
0.0	0.001
0.0	0.0
0.0	0.0
-0.0007042897050268948	0.0
0.0	0.0
0.0	0.0
-0.0023185941390693188	0.0
0.0	0.0
-7.343139714066638e-07	0.0
0.0	0.0
0.0	0.0
0.0	0.0
0.0	1.0
0.0	0.0
0.0	0.0
0.0	0.0
-0.007370627950876951	0.0
0.0	0.014106583072100314
0.0	0.0
-0.004104212392121553	0.009
0.0	0.0
0.0	0.0
-0.000276992010185495	0.0
0.0	0.0
0.0	0.0
0.0	0.0
-3.0938883810449624e-07	0.0
0.0	0.0
0.0	0.0
-0.0009632158908061683	0.0
0.0	0.0
-0.0002180049050366506	0.0
-4.7903631639201194e-05	1.0
0.0	0.0
0.0	0.0
0.0	0.0
0.0	0.0
-4.867385723628104e-05	0.0
0.0	0.0
-2.418277108517941e-05	0.0
-0.00037769394111819565	0.0
0.0	0.0
-0.023269416764378548	0.0
-0.0001148147348430939	0.0
0.0	0.0
0.0	0.0
-1.998393145186128e-06	0.0
-0.0003973424609284848	0.0
-0.012239250354468822	0.0
0.0	0.0
0.0	0.0
0.0	0.0
0.0	0.0
-1.723641958051303e-07	0.0
0.0	0.0
0.0	0.0
-1.2672616428455186e-11	0.0
0.0	0.0
-0.0032389573752880096	0.0
-7.871510024415329e-05	0.0
-2.1261130314087495e-06	0.0
0.0	0.0
-0.006745321676135063	0.0
0.0	0.0
-0.00013276645040605217	0.0
-0.00040940401959232986	0.0
0.0	0.0
0.0	0.0
0.0	0.0
0.0	0.0
0.0	0.0
0.0	0.0
-0.0006094392156228423	0.0
-0.0005514550139196217	0.0
-4.447240644367412e-05	0.0
-8.123867701215204e-06	0.0
0.0	1.0
0.0	0.0
-0.004508384503424168	0.0
0.0	0.0
-0.0013616260839626193	0.0
0.0	0.0
-0.0005495910882018507	1.0
0.0	1.0
0.0	0.0
0.0	0.0
-0.0002335393219254911	0.0
0.0	0.0
0.0	0.0
0.0	0.0
-4.048814838312656e-20	0.0
0.0	1.0
-0.00030456361128017306	0.0
-0.0038615793455392122	0.0
0.0	0.0
-3.394422492419835e-06	0.0
-0.002690038410946727	0.0
0.0	1.0
0.0	0.0
-0.0009494216064922512	0.0
-5.837797516505816e-07	0.0
-0.00019057012104894966	1.0
0.0	0.0
0.0	0.0
0.0	1.0
0.0	1.0
-1.880497256934177e-05	0.0
-1.4406465197680518e-05	1.0
0.0	1.0
0.0	1.0
-1.7615673641557805e-05	0.0
0.0	0.0
0.0	0.0
-6.205703812156571e-06	0.0
-5.472437173553724e-12	0.0
0.0	0.0
0.0	0.0
-0.0009598045144230127	0.0
-8.347491586846445e-10	0.0
-9.876912088202516e-08	0.0
0.0	1.0
-5.356519523047609e-06	1.0
-0.00024181054322980344	0.05846153846153846
0.0	0.05846153846153846
-0.00016121142834890634	0.0
0.0	1.0
0.0	0.0
-0.0038231646176427603	0.0
-0.0001478556077927351	0.0
-8.820797120279167e-06	0.0
0.0	0.0
0.0	0.0
0.0	0.0
0.0	0.0
0.0	0.0
0.0	0.0
0.0	1.0
-0.0005017073126509786	1.0
-0.0011922992998734117	1.0
0.0	1.0
0.0	0.0
0.0	1.0
-4.557210559141822e-06	0.0
-0.0023408608976751566	0.0
0.0	0.0
0.0	0.0
0.0	0.638
0.0	1.0
0.0	1.0
-0.0008085616282187402	0.0
0.0	0.0
-0.0005049617611803114	0.0
0.0	0.0
-8.258739248034885e-10	0.0
-6.832591225247597e-06	0.0
0.0	0.0
-0.004206994082778692	0.0
-0.000402981968363747	0.0
-1.4339825611386914e-05	0.0
0.0	0.0
0.0	0.0
0.0	0.0
-0.0002969655906781554	0.0
-2.344174188095849e-09	0.0
0.0	0.0
0.0	0.0
0.0	0.0
0.0	0.0
0.0	0.0
-1.2886264812550507e-05	0.0
-0.004798491019755602	0.0
0.0	0.0
0.0	0.0
-2.102201301923401e-09	0.0
-2.9582226446223103e-08	0.0
0.0	0.0
-2.3716405535237564e-18	0.0
-0.0017300471663475037	1.0
-0.0003801445127464831	0.181
0.0	0.0
-3.1758557383909647e-07	0.181
0.0	0.0
0.0	0.819
-0.0016790196532383561	0.819
-2.424897684250027e-05	0.819
0.0	1.0
-3.1847069426049757e-09	1.0
0.0	0.003663003663003663
-0.0005235066637396812	0.0
0.0	1.0
0.0	0.0
0.0	1.0
-0.003299358068034053	1.0
0.0	1.0
0.0	1.0
0.0	1.0
-0.00026855990290641785	0.0
0.0	0.0
0.0	0.0
0.0	0.0
-8.59991411417127e-10	1.0
-0.010634022764861584	0.0
0.0	1.0
0.0	1.0
0.0	0.0
-0.0009707975550554693	1.0
0.0	1.0
0.0	1.0
0.0	0.0
0.0	0.0
0.0	1.0
0.0	0.0
0.0	0.0
0.0	0.0
-3.741017962965998e-06	0.0
-0.00015687441918998957	0.0
0.0	0.0
-0.00024111622769851238	0.0
-0.0010852024424821138	0.0
0.0	0.0
0.0	0.0
-0.0007889293483458459	0.0
0.0	0.0
-9.443117932050882e-08	0.0
0.0	0.0
-1.5093004321897752e-06	0.0
0.0	0.0
0.0	0.0
0.0	0.0
0.0	0.0
0.0	0.0
-1.2348895324976183e-05	0.0
-3.095951939258157e-09	1.0
0.0	1.0
-1.161860609499854e-06	1.0
0.0	0.181
0.0	0.0
-3.299206611032113e-13	0.181
-7.026855746516958e-05	0.0
0.0	1.0
-0.011321494355797768	0.0
0.0	0.0
-3.9729411582811736e-06	0.0
0.0	0.0
-7.033785368548706e-05	0.0
-0.000491298153065145	0.0
-1.5588223050144734e-06	0.0
-0.017324792221188545	0.0
-0.0008748118998482823	0.0
-0.002032716292887926	0.0
0.0	0.0
-2.652692091942299e-05	0.0
-3.4857333957916126e-05	0.0
0.0	0.0
-0.0005997310508973897	0.0
0.0	0.0
0.0	0.0
-4.3800577259389684e-05	0.0
0.0	0.0
-0.0008110465714707971	0.0
-0.009723547846078873	0.0
-0.00650640856474638	0.0
0.0	0.0
0.0	0.0
-1.780847378540784e-05	0.0
0.0	0.0
0.0	0.0
0.0	0.0
0.0	0.0
0.0	0.0
-0.0011810405412688851	0.0
-8.254226031567669e-07	0.0
-0.0004995368071831763	0.0
0.0	0.0
0.0	0.0
0.0	0.0
-0.0010134540498256683	0.0
0.0	0.0
0.0	0.0
0.0	0.0
0.0	0.0
0.0	0.0
-7.702424476008218e-09	0.0
0.0	0.0
-4.16280727222329e-06	0.0
0.0	1.0
0.0	0.0
0.0	0.0
0.0	0.0
-3.339885878972382e-08	0.0
-4.320106050670347e-09	0.0
0.0	0.0
0.0	0.0
0.0	0.0
-0.0027680320199579	0.0
-0.0002865299175027758	0.0
-0.0032817567698657513	0.0
-5.6228389439638704e-05	0.0
-0.003103323746472597	0.0
0.0	0.0
-0.0023550456389784813	0.0
-0.002699434058740735	0.0
0.0	0.0
0.0	0.0
0.0	1.0
0.0	0.0
-0.01073363609611988	0.0
0.0	0.0
0.0	1.0
0.0	1.0
0.0	1.0
0.0	0.0
0.0	0.0
0.0	0.0
0.0	1.0
0.0	0.0
0.0	1.0
0.0	1.0
-1.0729887662819237e-06	1.0
0.0	0.0
0.0	0.0
0.0	1.0
-5.462351964524714e-06	1.0
0.0	0.0
-0.00013707682956010103	1.0
0.0	0.0
-0.0047036572359502316	0.001
-0.000320623250445351	0.0
0.0	0.0
0.0	0.0
0.0	0.0
0.0	0.001
0.0	0.001
-0.0017264592461287975	0.0
-0.0005978680565021932	0.001
-6.585424671357032e-06	0.001
-9.137595569086443e-09	0.0
-7.93723675110089e-14	0.001
0.0	0.0
0.0	0.0
-0.0018056234112009406	0.0
0.0	0.0
0.0	0.001
0.0	0.0
-0.03127428516745567	0.0
0.0	0.001
0.0	0.003
0.0	1.0
0.0	1.0
-6.23456944595091e-05	0.0
-1.707426946495616e-07	1.0
-8.803044693195261e-06	1.0
-1.6728437230995041e-06	0.0
-5.525455344468355e-05	0.0
0.0	0.0
0.0	0.0
0.0	0.0
-0.001718690968118608	0.0
0.0	0.0
0.0	0.0
0.0	0.0
-0.00017140219279099256	0.0
-0.006740999408066273	0.0
0.0	0.0
-0.012019625864923	0.0
-2.760520771971642e-07	0.0
-0.00015156700101215392	0.0
0.0	0.0
-7.590417183678255e-10	0.0
0.0	1.0
0.0	0.0
-0.0004122739774174988	0.0
0.0	0.0
-2.2126154419765953e-07	1.0
0.0	0.0
-0.0014355707680806518	0.0
-0.00015146896475926042	0.0
-0.00010749753710115328	0.0
0.0	0.0
-0.00017859127547126263	0.0
0.0	0.0
0.0	0.0
0.0	0.0
-0.00039878510870039463	0.0
0.0	0.0
0.0	0.0
0.0	0.0
0.0	0.0
0.0	0.0
-0.00559594901278615	0.0
0.0	0.0
0.0	0.0
0.0	0.0
-0.0001398968161083758	0.0
-1.824678292905446e-05	0.0
0.0	0.0
0.0	0.0
0.0	0.0
0.0	1.0
0.0	0.0
-0.005124067887663841	0.0
0.0	0.0
0.0	1.0
0.0	0.0
-2.9971964977448806e-05	0.0
0.0	0.0
0.0	0.0
-3.6407029710971983e-06	0.002
0.0	0.0
0.0	1.0
-0.001319205155596137	0.0
0.0	0.0
0.0	0.0
-0.00010041263158200309	0.0
0.0	0.0
0.0	0.0
0.0	0.0
-0.0047798459418118	0.0
0.0	0.0
0.0	0.0
0.0	0.0
0.0	0.0
-5.745390353695257e-06	0.0
-0.0012267683632671833	0.0
-3.7293448258424178e-06	0.0
-0.00031262740958482027	0.0
0.0	0.0
-0.019992314279079437	0.0
-7.331466683746513e-11	0.0
-2.4606109150226985e-07	0.0
0.0	0.0
0.0	0.0
-1.596246875124052e-05	0.0
-0.00036871436168439686	0.0
-1.6445635537820635e-06	0.038
0.0	0.0
-0.007519691716879606	0.0
0.0	0.0
-0.00045192253310233355	0.03
-0.000597388599999249	0.0
0.0	0.0
-0.000901221064850688	0.0
0.0	0.0
-0.0061578149907290936	0.0
-1.8756450117507484e-06	0.0
0.0	1.0
0.0	1.0
-0.0017119176918640733	0.0
-4.983602593711112e-06	0.0
0.0	0.0
-1.5948916853858464e-08	0.0
0.0	1.0
0.0	0.0
-1.6801506717456505e-05	0.0
0.0	0.0
0.0	1.0
0.0	0.0
0.0	0.0
0.0	0.0
-0.00016050291014835238	0.0
0.0	0.0
-2.606259295134805e-05	0.0
0.0	0.0
-1.0903388192318175e-09	0.0
-2.5123674731730716e-06	1.0
0.0	0.0
-0.0023687866050750017	0.0
0.0	0.0
-0.007268834393471479	0.0
0.0	0.0
-0.0002188966318499297	1.0
-2.603931761768763e-06	0.0
-1.1295073818473611e-05	1.0
-7.536600605817512e-05	0.025
-0.003059123642742634	0.0
0.0	0.0
0.0	0.0
0.0	0.0
-5.8233668823959306e-05	0.0
0.0	0.0
-1.2005078133370262e-05	0.0
0.0	0.0
0.0	0.0
0.0	0.0
-1.0339642358303536e-05	1.0
0.0	0.0
-3.893916436936706e-05	0.0
0.0	0.002
-0.0009581069462001324	0.0
0.0	1.0
-2.744953235378489e-05	0.0
-0.00025730201741680503	0.0
0.0	0.0
0.0	0.0
0.0	0.0
0.0	0.0
0.0	0.0
-0.06022291257977486	0.0
0.0	0.0
0.0	1.0
-0.00151042640209198	0.0
-6.0334034060360864e-05	1.0
-0.0028215034399181604	0.0
-7.126690775294264e-07	0.0
-4.279016593500273e-06	1.0
0.0	1.0
-6.53892426858739e-14	1.0
-0.01381540484726429	0.0
0.0	0.0
0.0	0.0
0.0	1.0
0.0	0.0
0.0	0.0
0.0	0.0
-2.9514874313463224e-06	0.0
0.0	0.0
-0.000364097417332232	0.0
0.0	0.0
0.0	0.0
0.0	1.0
-1.1842221647739848e-09	0.0
0.0	0.0
0.0	0.0
-0.0010648028692230582	0.0
0.0	1.0
0.0	1.0
0.0	1.0
0.0	0.0
0.0	0.0
0.0	0.0
0.0	1.0
-1.0438762956255232e-06	0.0
0.0	0.0
-1.5715353640644025e-07	0.0
-0.032043468207120895	0.0
-0.001227324130013585	0.0
0.0	0.0
0.0	0.0
0.0	0.001
0.0	0.0
0.0	0.0
-0.015211912803351879	0.0
0.0	0.0
0.0	0.0
-4.4559701706248234e-08	0.0
-0.00027593880076892674	0.0
0.0	0.0
0.0	0.0
0.0	0.0
0.0	1.0
-0.00024932928499765694	0.0
-0.0012822772841900587	0.0
0.0	1.0
0.0	0.0
-2.656025399616624e-09	0.0
-1.9912904463126324e-06	0.0
0.0	1.0
-8.800018804322463e-06	0.053
-0.006687840446829796	1.0
0.0	0.0
0.0	1.0
0.0	1.0
0.0	1.0
0.0	0.0
0.0	1.0
0.0	1.0
0.0	0.0
-0.013998662121593952	0.0
0.0	0.0
-0.0013758970890194178	0.0
-3.4719043195963195e-09	0.0
0.0	0.0
-0.002636195393279195	0.0
-5.69546273254673e-07	0.0
-5.901808322050783e-07	0.0
0.0	0.0
0.0	0.0
-3.416061736061238e-05	0.0
-2.2895192159921862e-06	0.0
-0.0015185397351160645	0.0
-0.004121427424252033	0.0
0.0	0.0
0.0	0.0
-5.0882426876341924e-05	0.0
-0.0016015884466469288	0.0
-1.7363807103265572e-07	0.0
-0.007428489625453949	0.009
-0.009237759746611118	0.0
-0.009849529713392258	0.0
0.0	0.181
-0.010367587208747864	0.0
0.0	0.0
-0.017590787261724472	0.0
0.0	0.0
0.0	0.0
0.0	0.0
-0.0011125261662527919	0.0
0.0	0.0
0.0	0.0
0.0	0.0
0.0	0.0
-0.07016047090291977	0.0
0.0	0.0
