0.0	0.0
-0.0002639902231749147	0.0
0.0	0.0
0.0	0.0
-0.00016617955407127738	0.0
0.0	0.0
0.0	0.0
-0.00026615691604092717	0.0
0.0	0.0
-0.00023845426039770246	0.0
-1.0063459740194958e-05	0.0
0.0	1.0
0.0	1.0
-0.0007444006623700261	1.0
0.0	1.0
0.0	1.0
0.0	1.0
-0.001459044055081904	1.0
0.0	1.0
0.0	1.0
-2.5151750378427096e-05	0.0
0.0	1.0
-0.0009151020785793662	1.0
-0.00023975431395228952	0.0
0.0	0.0
0.0	0.0
-0.006023631896823645	0.0
0.0	0.0
0.0	0.0
0.0	0.001
0.0	0.001
0.0	0.001
0.0	0.001
0.0	0.001
0.0	0.0
0.0	0.0
0.0	0.015
0.0	0.015
0.0	0.0
-2.14815395338519e-06	0.015
-2.0409006538102403e-06	0.0
0.0	0.0
0.0	1.0
0.0	0.0
0.0	1.0
0.0	0.0
0.0	1.0
0.0	1.0
-2.8890908652101643e-05	1.0
0.0	1.0
-0.050540924072265625	0.0
-5.05154730490176e-06	0.0
0.0	1.0
-0.0017579239793121815	0.0
0.0	0.0
0.0	1.0
-0.003139596665278077	0.0
0.0	0.0
-0.0010572033934295177	0.0
-0.0025783367455005646	0.0
-3.0641088641657254e-15	0.0
0.0	0.0
-0.0301678329706192	0.0
-0.00359386601485312	0.0
-0.0012612070422619581	0.0
0.0	1.0
0.0	0.0
0.0	0.0
0.0	1.0
0.0	0.0
-3.6225571431458548e-09	0.0
-0.0035983670968562365	0.0
0.0	0.0
-2.6005405743489973e-05	0.0
0.0	0.0
0.0	0.0
0.0	0.0
0.0	0.0
0.0	0.0
-9.454698738409206e-05	0.0
0.0	0.0
0.0	0.0
0.0	0.0
-0.012447604909539223	0.0
0.0	0.0
-0.0011018362129107118	0.0
-0.003622273448854685	0.0
0.0	0.0
0.0	0.0
0.0	1.0
0.0	0.0
0.0	0.0
-6.13587471889332e-05	1.0
-0.0001708496711216867	0.0
-0.001873754314146936	0.0
0.0	1.0
0.0	0.0
-0.0008218489238061011	0.0
0.0	0.0
0.0	0.0
0.0	0.0
-5.265716481517302e-06	1.0
-8.168545900844038e-05	0.0
0.0	0.0
-6.340324532755348e-12	0.0
0.0	0.0
-8.348792471224442e-05	0.0
0.0	0.0
0.0	0.0
0.0	1.0
-9.702886745799333e-05	0.0
-2.7524420076474598e-08	0.0
-5.37869766503718e-07	0.0
-6.849408262787904e-10	0.0
0.0	1.0
0.0	0.0
0.0	0.0
0.0	0.0
0.0	0.0
0.0	0.0
0.0	0.0
0.0	0.0
0.0	0.0
0.0	0.0
0.0	0.0
0.0	0.0
0.0	0.0
0.0	0.0
0.0	0.0
0.0	0.0
0.0	0.0
0.0	0.0
0.0	0.0
-0.0032053147442638874	0.0
-0.001953698229044676	0.0
0.0	0.0
0.0	0.0
-0.0010633653728291392	0.0
0.0	0.0
0.0	1.0
-0.00016246215091086924	0.05289256198347107
-8.309078225465782e-07	1.0
0.0	1.0
-3.6842138229076227e-07	0.0
0.0	0.0
0.0	0.0
0.0	0.0
-0.0015665923710912466	0.015
0.0	0.0
0.0	0.0
-0.0019794697873294353	0.015
0.0	0.015
0.0	0.0
0.0	0.0
0.0	0.0
0.0	0.006
-0.0003702125104609877	0.0
0.0	0.0
0.0	0.0
0.0	0.006
-0.0001358014123979956	0.006
-0.0018291148589923978	0.009917355371900827
0.0	0.0
0.0	0.0
-2.9485802315321052e-06	0.0
-0.00039156616549007595	0.0
-0.022350609302520752	0.0
0.0	0.0
0.0	0.0
0.0	0.0
-0.001565001904964447	0.0
-3.523262785165571e-05	0.0
0.0	0.0
-2.8781066703231772e-06	0.0
-1.696038270893041e-05	0.0
0.0	0.0
0.0	0.0
-6.097548975958489e-05	0.0
0.0	0.0
0.0	0.0
-0.00028132658917456865	1.0
0.0	1.0
0.0	1.0
0.0	1.0
0.0	0.0
-0.0012789490865543485	0.0
0.0	0.0
0.0	0.0
0.0	0.0
0.0	0.0
-2.8629699954763055e-05	0.0
0.0	0.0
-0.000953494745772332	0.0
0.0	0.0
0.0	0.0
-9.447571210330352e-05	0.0
0.0	0.0
-1.5481640502912342e-07	0.0
0.0	0.0
0.0	0.0
0.0	0.0
-1.5311657364236453e-07	0.0
-3.1147312256507576e-05	0.0
-0.03418660908937454	0.0
0.0	0.0
0.0	0.0
0.0	0.0
-0.0009796028025448322	0.0
-1.4402255601453362e-06	0.0
0.0	0.0
-7.937703230709303e-06	0.0
-1.0538102287682705e-05	0.0
-0.002316852333024144	0.0
-1.5665854391500034e-07	0.0
-1.9680366277613492e-12	0.0
-8.191247616196051e-05	0.0
0.0	0.0
-5.870542736374773e-07	0.0
-0.0004022949142381549	0.0
0.0	0.0
-0.0006271841120906174	0.0
0.0	0.0
0.0	0.0
-4.89988678964437e-06	0.0
0.0	0.0
-5.505441367859021e-05	0.0
-0.006463381461799145	0.0
0.0	0.0
-1.0603323062241543e-05	0.0
0.0	0.0
-6.185284291859716e-06	0.0
0.0	0.0
0.0	1.0
-0.0007592857000418007	0.0
0.0	0.0
0.0	0.0
0.0	0.0
-0.006105110980570316	0.0
-1.0402197403891478e-05	0.0
-0.0001233897783095017	0.0
0.0	0.0
-8.410594455199316e-05	0.0
0.0	0.0
0.0	0.0
-1.1499424772409839e-06	0.0
-0.009410064667463303	0.0
-0.00025915983133018017	0.0
0.0	0.0
-0.0005407910794019699	0.0
0.0	0.0
0.0	0.0
-0.00012048701319145039	0.0
0.0	0.013
-0.0012963045155629516	1.0
-1.1460679161245935e-07	0.0
0.0	0.012
0.0	0.012
0.0	0.0
-0.0017058837693184614	0.012
0.0	0.0
0.0	0.0
0.0	0.0
0.0	0.0
0.0	0.0
0.0	0.0
0.0	0.0
0.0	0.0
0.0	0.0
0.0	0.0
0.0	0.0
-1.6893230281311844e-07	0.0
0.0	0.0
-5.82825556705302e-08	0.0
0.0	0.0
0.0	0.0
-0.0020100881811231375	0.0
0.0	0.0
0.0	1.0
0.0	0.0
0.0	0.0
0.0	0.0
-0.000852354452945292	0.0
-4.8376973609265406e-06	0.0
-0.0004445127269718796	0.0
-3.5337311032890284e-07	0.0
0.0	0.0
-0.002135830232873559	0.0
-0.0017741624033078551	0.0
-0.0006647618138231337	0.0
0.0	0.0
0.0	0.0
0.0	0.0
0.0	0.0
0.0	0.0
0.0	0.0
0.0	1.0
0.0	0.0
0.0	1.0
-0.00019285205053165555	0.0
0.0	0.0
0.0	1.0
0.0	1.0
-0.0032816212624311447	0.0
-9.209936251863837e-06	0.0
-2.9968932722113095e-05	0.0
0.0	0.0
0.0	1.0
0.0	1.0
-0.0005796179757453501	0.0
-6.201672658789903e-05	0.0
-4.755924237542786e-06	0.0
0.0	0.0
-8.679703751113266e-05	0.0
-4.805801836482715e-06	0.0
-0.0006725804996676743	1.0
-2.548125121393241e-05	0.0
0.0	1.0
0.0	0.0
0.0	0.0
0.0	0.0
-7.540888873336371e-06	0.0
-2.1296312269214468e-08	0.0
0.0	1.0
0.0	0.0
-6.137125963673329e-12	0.0
0.0	0.0
-2.4502612632204546e-06	0.0
0.0	0.0
0.0	0.0
-2.8359718271531165e-06	0.0
0.0	0.0
-0.002682299353182316	0.0
0.0	0.0
0.0	0.0
0.0	0.0
-0.00020941156253684312	0.0
-0.0032316194847226143	0.0
-8.039270323934034e-05	0.0
-6.22250372543931e-05	0.0
-0.001362590934149921	0.0
-0.0017533086938783526	0.0
0.0	0.0
0.0	0.0
0.0	0.0
0.0	0.0
-0.0005438005900941789	1.0
0.0	0.0
0.0	0.0
-0.003042951924726367	0.0
0.0	0.0
0.0	0.0
-0.0008500651456415653	0.0
0.0	0.0
-2.33779087466246e-06	0.0
0.0	0.0
0.0	0.0
0.0	0.0
0.0	0.0
-2.4772414235485485e-06	0.0
-2.1082047396703274e-07	0.0
-0.0014617166016250849	0.0
-0.0004896510508842766	0.0
0.0	0.0
0.0	0.0
0.0	0.0
-0.011873919516801834	0.0
0.0	0.0
0.0	0.0
-0.0016441555926576257	1.0
-2.1632924926962005e-06	0.0
0.0	0.006
-0.004286857321858406	0.006
-0.0032759790774434805	0.0
-0.01590818352997303	0.0
0.0	0.0
0.0	1.0
-1.659797646547112e-11	1.0
-1.334275843024174e-13	0.0
0.0	0.0
-3.3182168408529833e-06	0.0
0.0	0.0
0.0	0.0
0.0	0.0
0.0	0.0
0.0	0.0
-0.0003529971872922033	0.0
-1.454206000062186e-08	0.0
0.0	0.0
-1.2852192921020134e-10	0.0
-0.05525777488946915	0.0
-0.0004791668616235256	0.0
-0.00014325097436085343	1.0
0.0	1.0
-8.898376108845696e-05	0.0
-0.0012846265453845263	0.0
0.0	0.0
-3.0420364964811597e-06	0.005
0.0	0.005
0.0	0.0
-5.207421418162994e-05	1.0
0.0	0.0
-8.705133041075896e-06	0.005
0.0	1.0
-0.002751747379079461	1.0
-1.72742986137564e-07	0.0
-0.010897759348154068	0.0
0.0	1.0
-0.016737505793571472	0.005
-0.002128898398950696	0.0
-0.0007420963956974447	0.005
-1.9370839154930763e-08	0.0
-0.00031572164152748883	0.0
0.0	0.0
0.0	0.0
-1.984246367214837e-08	0.0
0.0	0.0
-3.7590501733575366e-07	0.0
0.0	0.004
-3.692101381602697e-05	0.004
-0.0001449794799555093	0.004
0.0	0.0
0.0	1.0
0.0	1.0
0.0	1.0
-0.0004249022458679974	0.0
0.0	1.0
-8.814550938041066e-07	0.006611570247933884
0.0	0.0
-0.0008015549974516034	1.0
0.0	0.0
-3.747177856894268e-08	1.0
0.0	0.0
0.0	0.0
-0.00039140396984294057	0.0
0.0	0.0
0.0	0.0
0.0	0.0
0.0	0.0
0.0	0.0
0.0	0.0
-6.2127294420122325e-09	0.0
0.0	0.0
0.0	0.0
0.0	0.0
-6.399182166205719e-05	0.0
0.0	0.0
0.0	0.0
-0.0034953379072248936	0.0
-1.7035605424098321e-06	0.0
0.0	0.0
0.0	0.0
0.0	0.0
-1.5698545894338167e-06	0.0
-0.004679734352976084	0.0
0.0	0.007
0.0	0.0
0.0	1.0
0.0	0.0
0.0	0.0
-3.608809322486195e-07	1.0
-0.005529841873794794	0.0
0.0	0.0
0.0	0.0
-2.1362846382544376e-05	0.0
0.0	1.0
0.0	0.0
-4.565546551926758e-10	0.001
0.0	0.0
0.0	1.0
-0.0018657237524166703	1.0
0.0	0.0
-4.261669683813807e-09	1.0
-0.06311363726854324	0.0
0.0	0.0
-0.0005414792103692889	0.0
0.0	1.0
-9.619375608560521e-12	1.0
0.0	1.0
-0.00013132637832313776	0.0
0.0	0.0
-0.0002690418914426118	0.0
0.0	0.0
-5.737307947129011e-05	1.0
-0.013612492941319942	0.0
-1.5015668850537622e-06	0.0
-0.001830721739679575	0.0
-8.350717507710215e-06	1.0
0.0	0.0
-0.010028505697846413	0.0
0.0	0.0
0.0	0.0
0.0	0.0
-0.01125416625291109	0.0
0.0	0.0
0.0	0.0
0.0	0.0
-0.003646236378699541	0.0
0.0	0.0
0.0	0.0
0.0	0.0
0.0	0.0
-0.002783830277621746	0.0
-0.0008679204620420933	0.0
0.0	0.0
0.0	0.0
-1.6140464140335098e-05	0.0
-2.810532748753758e-07	0.0
-0.0033462955616414547	0.0
0.0	0.0
0.0	0.0
0.0	0.0
0.0	0.0
0.0	0.0
0.0	1.0
0.0	1.0
-0.002162526361644268	1.0
-0.00015182638890109956	1.0
-3.9349972212221473e-05	1.0
0.0	0.0
-1.0379666264270782e-06	1.0
-5.8066685681978925e-08	0.0
0.0	0.0
0.0	0.0
-0.00033858715323731303	0.0
-0.0025593219324946404	0.0
0.0	0.0
0.0	0.0
0.0	0.0
0.0	0.0
0.0	0.0
0.0	0.0
0.0	1.0
-0.0006431033834815025	0.0
0.0	0.0
-4.0694853851164225e-06	0.0
0.0	1.0
0.0	0.0
0.0	0.0
-1.756402945448602e-14	0.0
-0.00021632990683428943	0.0
0.0	0.0
-0.0005640872404910624	1.0
-0.008413925766944885	0.0
-3.5723123677916524e-12	0.0
0.0	0.0
0.0	0.0
0.0	0.0
-7.433164864778519e-05	0.0
0.0	0.0
0.0	0.0
-9.494521691522095e-06	0.0
0.0	0.0
-2.4661980546625273e-07	0.0
0.0	0.0
0.0	0.0
0.0	0.0
0.0	0.0
0.0	0.0
-0.019310738891363144	0.0
0.0	0.0
0.0	0.0
0.0	0.0
0.0	1.0
-1.8560731405159459e-06	0.0
0.0	0.0
0.0	1.0
0.0	1.0
0.0	1.0
0.0	1.0
-1.159740570721643e-15	1.0
-0.009943158365786076	0.0
-0.03512383624911308	0.0
-0.003276000265032053	0.0
0.0	0.0
-0.0006038144929334521	1.0
0.0	1.0
0.0	0.0
0.0	1.0
-4.185902899619701e-20	1.0
0.0	0.0
0.0	0.0
0.0	1.0
0.0	0.0
0.0	0.0
0.0	0.0
-0.0021953368559479713	0.0
0.0	1.0
0.0	1.0
0.0	0.0
0.0	0.0
-0.00527549535036087	0.0
0.0	0.0
0.0	1.0
-0.0013910955749452114	0.0
0.0	0.0
0.0	0.0
-0.0003604799276217818	0.0
-0.007325286045670509	0.0
0.0	0.0
0.0	0.0
-9.253991447621956e-05	0.0
0.0	0.0
-1.74776928929532e-07	0.0
0.0	1.0
0.0	1.0
0.0	1.0
0.0	0.0
-0.02658538892865181	0.0
-0.0046540722250938416	0.0
0.0	1.0
-8.460337319604605e-09	1.0
-2.6147289194922152e-11	0.0
-3.237308555981144e-05	0.0
0.0	0.0
0.0	0.0
-0.0001729373907437548	0.0
0.0	0.0
-0.0018463970627635717	0.0
0.0	0.0
0.0	0.0
0.0	0.0
0.0	0.0
0.0	0.022
-4.38792267232202e-05	0.0
-3.90074637834914e-05	0.0
-3.287849176558666e-05	0.022
0.0	0.0
-5.176444119570078e-06	0.0
0.0	0.0
-0.0007464406080543995	0.0
-0.00011515142250573263	0.0
0.0	0.0
-0.0013294087257236242	0.0
0.0	0.0
0.0	0.0
0.0	0.0
0.0	0.0
-0.0006387661560438573	0.0
-0.0040964651852846146	0.004
0.0	0.0
-0.000807414238806814	1.0
0.0	0.0
0.0	0.0
0.0	0.0
-0.02527952380478382	0.0
-0.0010669499170035124	0.0
0.0	0.0
0.0	0.0
-0.0020505604334175587	0.0
0.0	0.0
0.0	0.0
-3.496290190696527e-08	0.395
-0.006852585822343826	0.0
-8.939949475150755e-11	1.0
-2.5693248417724135e-08	0.0
-0.0018943685572594404	0.0
-0.0001971548772417009	1.0
0.0	0.0
-0.003001961624249816	0.0
0.0	0.0
-3.475648190942593e-05	0.0
0.0	0.0
0.0	1.0
-0.001733551500365138	0.0
-0.00010728757479228079	0.0
0.0	0.0
-0.00030671307467855513	0.0
0.0	0.0
-8.333675941685215e-05	0.0
0.0	0.0
0.0	0.0
-0.0003203337255399674	0.0
-0.0018813236383721232	0.0
-5.972445069346577e-05	0.0
0.0	0.0
-0.00020981872512493283	0.0
-5.616317594103748e-06	0.0
0.0	0.003
-0.0002839673252310604	0.0
0.0	0.0
0.0	0.003
-0.000612015079241246	1.0
0.0	0.0
-0.004639300983399153	1.0
0.0	0.0
0.0	1.0
0.0	0.0
-3.3076925110878087e-16	0.0
0.0	0.0
-0.00025396631099283695	0.0
-0.019053449854254723	0.0
0.0	1.0
-0.019775940105319023	0.0
0.0	1.0
0.0	1.0
-9.334651258541271e-05	1.0
0.0	0.0
-0.0018920395523309708	1.0
-2.762807582712412e-07	0.0
0.0	0.0
-3.947891673306003e-05	0.0
-3.271526338721742e-07	0.0
0.0	0.0
0.0	0.0
-2.8322420797533e-11	0.0
-3.267915049676162e-09	0.0
-7.308868953259662e-05	0.0
0.0	0.0
-0.00015567618538625538	0.0
0.0	0.0
0.0	0.0
0.0	0.0
-0.002473781118169427	0.0
0.0	0.0
0.0	0.0
0.0	0.0
-2.0942727132933214e-05	0.0
0.0	0.0
0.0	0.0
0.0	0.0
0.0	0.0
0.0	0.0
-0.0005417633219622076	0.0
-9.787164890440181e-05	0.0
0.0	0.0
0.0	0.0
0.0	1.0
-0.00011752796854125336	0.0
0.0	0.0
-3.6197425612449763e-10	0.0
-4.7350887100172656e-11	0.0
-2.4477922466736857e-10	1.0
0.0	0.0
0.0	0.0
0.0	1.0
0.0	1.0
0.0	0.0
-0.00020071059407200664	0.0049586776859504135
0.0	0.0
-0.014475337229669094	0.0
-0.0009716925560496747	0.0
0.0	0.0
0.0	0.0
0.0	0.0
0.0	0.021
-1.0394577429906349e-06	0.0
-5.111898644827306e-06	0.0
0.0	0.0
0.0	0.0
-4.6027665234760207e-08	0.0
-3.0347820256793057e-07	0.0
0.0	0.0
0.0	0.0
0.0	0.0
0.0	0.0
-0.0020142921712249517	0.0
0.0	0.0
0.0	1.0
-1.5810277545824647e-05	1.0
0.0	0.0
0.0	0.0
-1.9258483007433824e-05	0.0
0.0	0.0
0.0	0.0
-0.012898104265332222	0.0
-0.0010174920316785574	0.0
0.0	0.0
-0.0002262265479657799	0.0
0.0	0.0
0.0	1.0
-4.320434499049952e-08	1.0
-2.28677145059919e-05	0.0
-0.0028531523421406746	1.0
0.0	1.0
-4.270578938303515e-05	0.0
-7.315086349990452e-07	1.0
-0.0009664634126238525	0.0
-1.3135291077048805e-08	0.0
0.0	0.0
0.0	0.0
0.0	0.0
0.0	0.0
0.0	0.0
0.0	0.0
0.0	1.0
0.0	0.0
0.0	0.0
0.0	0.0
0.0	0.0
-0.0010292803635820746	0.0
-3.998841188734836e-12	0.0
0.0	0.0
-3.1164763640845194e-05	1.0
-0.00013319305435288697	0.0
0.0	0.0
-0.00024416993255726993	1.0
0.0	0.0
0.0	0.0
0.0	1.0
0.0	0.0
0.0	0.0
0.0	0.0
0.0	0.0
0.0	0.0
0.0	0.0
0.0	0.0
-2.3663508272875333e-06	1.0
0.0	0.0
0.0	0.0
-0.004718252457678318	0.0
-7.595298029627884e-06	0.0
-0.0004222151474095881	0.0
-0.00013349353685043752	0.0
0.0	0.0
0.0	1.0
0.0	1.0
0.0	0.0
0.0	1.0
0.0	1.0
0.0	1.0
-9.439815767109394e-05	0.0
0.0	0.605
0.0	0.0
0.0	0.0
-0.00024089694488793612	0.0
0.0	0.0
0.0	0.0
-0.000133945926791057	0.0
-0.0008748980471864343	0.0
-0.0012980367755517364	0.0
-0.00633257394656539	0.0
0.0	0.0
-2.0989764379919507e-06	0.0
0.0	0.0
0.0	0.0
0.0	0.0
0.0	0.0
-0.00011209780495846644	0.0
0.0	0.0
-1.3900736121286172e-05	0.0
0.0	0.001652892561983471
-0.0013363455655053258	0.001652892561983471
0.0	1.0
0.0	0.0
-0.00013243252760730684	1.0
0.0	1.0
0.0	0.0
0.0	1.0
-0.0005743146175518632	1.0
0.0	0.605
0.0	0.0
-6.299479537119623e-06	0.0
0.0	0.0
-7.53363974581589e-06	0.0
-6.580398448363667e-09	0.0
-1.4891188584442716e-05	0.0
0.0	0.0
-0.0017669345252215862	0.0
-0.0013418584130704403	0.0
