0.0	0.0
-0.00011336021270835772	0.0
0.0	0.0
0.0	0.0
0.0	0.0
0.0	0.0
-0.00027204921934753656	0.0
-0.004920436535030603	0.0
-0.01515177171677351	0.0
-0.0001372956612613052	0.0
-1.8725257177720778e-05	0.0
0.0	0.0
0.0	0.0
0.0	0.0
-9.105401841225103e-05	0.0
-0.0017090355977416039	0.0
0.0	0.0
0.0	0.0
-1.89314297571741e-09	0.0
0.0	0.0
-9.813959422899643e-07	0.0
-0.00024372682673856616	0.996
-5.841482925461605e-05	0.996
0.0	0.0
0.0	0.0
0.0	0.0
0.0	0.0
0.0	0.0
-5.584352493315237e-06	0.0
0.0	0.0
-1.807393527997192e-05	1.0
0.0	1.0
-0.0015723522519692779	0.0
0.0	0.0
-5.392010393734381e-07	0.0
0.0	0.0
0.0	0.0
0.0	0.012
0.0	0.012
0.0	0.0
0.0	0.012
0.0	0.012
0.0	0.0
0.0	0.012
0.0	0.0
-6.107892841100693e-05	0.0
0.0	0.012
-0.004562221001833677	0.012
0.0	0.012
-0.0002911030314862728	0.011
0.0	0.0
0.0	0.011
-0.008697655983269215	0.0
-0.0013501528883352876	0.0
0.0	0.0
0.0	0.011
0.0	0.0010111223458038423
-0.00029693247051909566	0.011011011011011011
-0.0004613315686583519	0.0
0.0	0.011011011011011011
0.0	0.0
-0.00015522872854489833	1.0
-0.00019616787903942168	1.0
0.0	0.0
0.0	0.0
0.0	1.0
0.0	0.0
0.0	0.0
0.0	0.0
0.0	0.0
0.0	1.0
-6.373132055159658e-05	1.0
0.0	0.0
0.0	0.0
0.0	0.0
-3.469784132903442e-05	0.0
0.0	0.0
-0.0012090993113815784	0.0
-0.02704251930117607	0.0
-0.004233351908624172	0.0
0.0	0.0
0.0	0.0
0.0	0.0
0.0	0.0
-3.16628856617538e-16	1.0
0.0	0.0
0.0	1.0
0.0	0.0
0.0	0.0
-9.553229756420478e-05	1.0
0.0	0.0
-0.0016080429777503014	0.0
-3.7279301731156966e-16	1.0
0.0	1.0
0.0	1.0
0.0	1.0
-0.0006993336719460785	0.0
0.0	0.0
-3.7171339499764144e-05	0.0
0.0	0.0
-5.101566785015166e-05	1.0
0.0	1.0
-0.0010483574587851763	0.0
-4.367371048141777e-11	1.0
0.0	1.0
0.0	0.0
0.0	0.0
-4.309745236241724e-06	0.0
0.0	0.0
0.0	1.0
0.0	0.0
0.0	0.0
0.0	1.0
0.0	0.0
0.0	0.0
0.0	0.0
0.0	0.0
0.0	1.0
0.0	1.0
0.0	0.0
0.0	1.0
-4.241696296958253e-05	1.0
-0.003764498746022582	1.0
-0.001128464937210083	1.0
-0.003509084228426218	0.0
-4.944096415365924e-14	0.0
0.0	0.0
0.0	0.0
0.0	0.0
-0.009857297874987125	0.0
-5.287703243084252e-05	0.0
-0.07517831027507782	0.0
-3.2923678645602195e-06	0.0
-3.806032378150803e-09	0.0
-0.0012768732849508524	0.0
0.0	1.0
0.0	0.0
0.0	0.0
-0.005972456187009811	0.0
0.0	0.0
0.0	0.005
0.0	0.0
0.0	0.0
0.0	0.0
0.0	0.0
0.0	0.0
-1.5748353689559735e-05	0.0
-0.03980961814522743	0.0
-0.008968920446932316	0.0024067388688327317
0.0	0.16933867735470942
0.0	0.0
0.0	0.002
-1.5257002814905718e-05	0.0
-0.0035170733463019133	0.0
0.0	0.002
0.0	0.002
-0.002615570556372404	0.002
-6.813746585976332e-05	0.002
-0.0007778826402500272	0.0
0.0	0.0
0.0	0.0
-4.1146287799165293e-07	0.0
0.0	0.0
0.0	0.0
0.0	1.0
0.0	0.0
-0.004377547651529312	0.0
0.0	0.0
0.0	0.0
-0.005179685540497303	0.0
0.0	0.0
0.0	0.0
0.0	0.0
0.0	0.0
0.0	0.0
-7.828664820408449e-05	0.0
-0.00014172056398820132	0.0
0.0	0.0
-0.0019153216853737831	0.0
0.0	0.0
0.0	1.0
-0.0005054875509813428	1.0
0.0	0.0
0.0	0.0
0.0	0.0
-0.0012544190976768732	1.0
0.0	1.0
-4.65728880953975e-05	0.0
0.0	1.0
-6.0910379033884965e-06	0.0
-1.2352252554137522e-08	0.0
-1.5613829673633006e-12	0.0
0.0	0.0
-0.00022361821902450174	1.0
-0.002224196447059512	0.0
-2.027804293902591e-05	0.0
0.0	0.0
0.0	0.0
0.0	1.0
-0.0033033553045243025	0.0
0.0	0.0
0.0	0.0
0.0	1.0
-0.00020454300101846457	1.0
0.0	0.0
-0.004329471383243799	0.0
0.0	0.0
-5.29859350839601e-11	1.0
-0.0001563072291901335	0.0
0.0	0.001
-0.0003691002493724227	0.001
0.0	0.0
0.0	0.001
0.0	0.0
-4.0911590087899796e-11	0.001
-0.0007533071329817176	0.001
0.0	0.001
-7.413549241164219e-08	0.001
0.0	0.0
0.0	0.0
-0.0007440340123139322	0.0
-0.012971384450793266	0.0
-8.11603240435943e-05	0.109
0.0	0.0
0.0	0.0
0.0	0.109
0.0	0.0
0.0	0.109
0.0	0.0
0.0	0.0
0.0	0.0
0.0	0.0
0.0	0.0
-0.005257545970380306	0.001
-0.0004583679256029427	0.0
0.0	0.0
0.0	0.031
0.0	0.0
-7.713468949077651e-05	0.031
0.0	0.7209302325581395
-0.0006992737180553377	0.0
0.0	0.0
-3.759393074620476e-10	0.0
0.0	0.0
0.0	0.0
0.0	0.0
-0.0010700513375923038	0.0
0.0	0.0
-2.3008116841083393e-05	0.0
-0.002947047119960189	0.0
-0.0025902073830366135	0.0
0.0	0.0
0.0	0.0
-0.0012785978615283966	0.0
-4.233461731928401e-05	0.0
-6.806335022702115e-06	0.0
-6.671367736998945e-05	0.0
0.0	0.0
-0.0007894400623627007	0.0
-8.049402822507545e-05	0.0
-5.837575827172259e-06	0.0
0.0	0.0
0.0	1.0
-8.300930858240463e-06	0.004
0.0	0.0
-0.00028614301118068397	0.0
0.0	1.0
-1.2987503339445539e-07	0.0
0.0	0.0
-0.002765761222690344	0.0
-0.020486511290073395	0.0
0.0	0.0
0.0	0.0
0.0	0.0
0.0	0.0
0.0	0.0
0.0	0.0
0.0	0.0
0.0	0.0
-0.0009750055614858866	0.0
0.0	0.0
0.0	0.0
-4.128578439122066e-05	0.0
0.0	0.0
-8.10529527370818e-05	0.0
0.0	0.0
-5.867618165211752e-05	0.0
-0.0021804843563586473	0.0
0.0	0.0
0.0	0.0
0.0	0.0
0.0	0.0
0.0	0.0
0.0	0.0
-0.0009657781338319182	0.0
0.0	0.0
-0.0007934939349070191	0.0
0.0	0.0
0.0	0.0
-3.360082700964995e-05	0.0
-0.00033798886579461396	0.0
-8.540743806628726e-11	0.0
0.0	0.0
-0.008543993346393108	0.0
-0.01043296605348587	0.0
0.0	0.0
0.0	0.0
0.0	0.0
0.0	0.002
-0.001594988745637238	0.002
0.0	0.0
0.0	0.002008032128514056
0.0	1.0
-0.0027074816171079874	0.0
-0.000313818542053923	0.0
-0.0013753277016803622	0.0
0.0	0.0
-0.006941455882042646	0.0
-1.0214556978027645e-09	0.0
0.0	0.0
-9.48241840603714e-09	0.0
0.0	0.0
-0.015872914344072342	0.0
-0.0012708004796877503	0.0
-0.00025277186068706214	0.0
-2.2553170442307646e-10	0.0
0.0	0.0
0.0	0.0
-4.770083705807338e-07	0.0
0.0	0.0
0.0	0.0
-7.057724182857328e-09	0.0
0.0	0.0
0.0	0.0
0.0	0.0
0.0	0.0
-0.00023344629153143615	0.0
-0.009240089915692806	0.0
0.0	0.0
-0.00833109114319086	0.0
-4.4825538836335e-09	0.0
0.0	0.0
0.0	0.0
0.0	0.0
-0.0027225660160183907	0.0
-6.436289368139114e-07	0.0
0.0	0.0
0.0	0.0
-0.004076738841831684	0.0
-2.2378632280606325e-09	1.0
-3.0368853913387284e-05	0.0
0.0	1.0
0.0	0.0
0.0	0.0
-8.575603715144098e-06	0.0
-6.748581654392183e-05	1.0
-0.020455606281757355	0.0
-0.00030694049200974405	0.0
0.0	0.0
-6.521959585370496e-05	0.0
-2.6581464283924154e-14	0.0
0.0	0.0
-0.00042920076521113515	0.0
-0.0005257353186607361	0.133
-1.1627776519418376e-10	1.0
-0.0071294573135674	0.0
0.0	0.0
0.0	0.0
-0.0007222884451039135	0.133
0.0	0.133
-0.003517444245517254	0.0
-0.0001885483943624422	0.133
0.0	0.0
-4.9816670070867985e-05	0.133
0.0	0.0
-9.04535397694417e-07	0.0
0.0	0.0
-5.1588440328487195e-06	0.0
-0.0012726590503007174	0.0
0.0	0.0
0.0	0.0
-0.00039655162254348397	0.0
-9.065805831737217e-13	0.0
-3.1462407150684157e-06	0.0
0.0	0.0
0.0	0.0
0.0	0.0
0.0	0.0
0.0	0.0
0.0	0.0
-5.7076525990851223e-05	0.0
-6.153799768071622e-05	0.0
0.0	0.0
-0.00010969533468596637	0.0
0.0	0.0
0.0	0.0
0.0	0.0
0.0	0.0
0.0	0.996
-6.430537177948281e-05	0.0
-0.00016309687634930015	0.0
-0.00022282390273176134	0.0
0.0	0.0
0.0	0.0
0.0	0.0
0.0	0.0
0.0	0.0
0.0	0.0
-0.001813592272810638	0.0
-0.0026199573185294867	0.0
0.0	0.0
0.0	0.0
0.0	0.0
0.0	0.0
0.0	0.0
0.0	0.0
0.0	1.0
0.0	1.0
0.0	0.0
-0.00048243842320516706	1.0
-3.857995523048885e-07	1.0
-0.0001537900825496763	0.0
0.0	0.0
-2.328423726939099e-19	0.0
0.0	1.0
-0.012888282537460327	0.0
0.0	1.0
0.0	1.0
0.0	0.0
0.0	0.0
0.0	0.0
-0.0013663079589605331	0.0
0.0	1.0
-3.411659417906776e-05	0.0
0.0	0.0
-1.1801785326781555e-08	0.0
-7.2526322583144065e-06	0.0
0.0	1.0
0.0	1.0
0.0	0.0
-1.0965593446599087e-06	1.0
-0.016335483640432358	0.0
0.0	1.0
0.0	0.0
-5.969914491288364e-05	0.0
0.0	0.0
-0.0005101176211610436	0.0
-2.1993331600356214e-09	0.0
-0.0043496666476130486	0.0
-0.0007271081558428705	0.0
-0.00041763874469324946	0.0
0.0	0.0
-4.1338102164445445e-05	0.072
-0.0019267715979367495	0.072
-0.0024866133462637663	0.072
0.0	0.072
-0.005142908077687025	0.072
0.0	0.072
0.0	0.0
-1.255872561500837e-08	0.0
0.0	0.0
0.0	1.0
-0.007037303410470486	0.0
-1.796734613890294e-05	0.0
-0.00011930218170164153	1.0
0.0	1.0
0.0	0.002
-0.016429554671049118	0.0
0.0	0.0
-0.00020669565128628165	0.0
0.0	0.0
0.0	0.0
0.0	0.0
-0.0004998936201445758	0.0
0.0	0.0
-0.00010731635120464489	1.0
0.0	1.0
0.0	1.0
0.0	0.0
0.0	0.0
0.0	0.0
-0.010352653451263905	0.0
0.0	0.0
-3.303069817661708e-08	1.0
-4.171340037828486e-07	0.0
-0.0013904987135902047	0.0
0.0	0.0
0.0	1.0
0.0	0.0
0.0	1.0
0.0	0.0
0.0	0.0
-1.0883692311836057e-06	0.0
-0.0014524193247780204	0.0
-0.0005019179079681635	0.0
-1.114397218771046e-05	0.844
-1.783242987585254e-05	0.844
-0.0029889822471886873	0.0
-0.0002367837878409773	1.0
-0.014225088991224766	0.0
0.0	1.0
0.0	1.0
0.0	1.0
0.0	0.0
0.0	1.0
0.0	0.0
0.0	0.0
-1.800105565052945e-05	0.0
0.0	1.0
0.0	1.0
0.0	0.0
0.0	0.0
-0.0002492159837856889	0.0
0.0	1.0
0.0	0.0
0.0	0.0
-1.5070876315803616e-06	0.0
-0.0001445397356292233	0.0
-0.00318275042809546	0.0
-0.0016996755730360746	0.0
0.0	0.0
-0.0026211191434413195	0.0
0.0	0.0
-0.010390480048954487	0.0
0.0	0.0
0.0	0.0
0.0	1.0
0.0	0.0
0.0	1.0
0.0	0.0
-0.0029969713650643826	0.0
-0.002052134135738015	0.0
-0.0004414659342728555	0.0
0.0	0.0
0.0	0.0
0.0	0.0
-0.0022218350786715746	0.0
-0.00010528385610086843	0.0
0.0	0.0
-0.00046857655979692936	0.0
0.0	0.0
-1.9592787339206552e-06	0.0
0.0	0.0
-2.554180298375286e-07	0.0
-9.003915329230949e-05	0.0
0.0	0.0
0.0	1.0
-8.658669685246423e-05	1.0
-0.005129695404320955	0.0
-0.00177177251316607	0.0
0.0	0.0
-4.6793880756013095e-05	0.019
-0.014856441877782345	0.0
0.0	0.0
-0.00013297502300702035	0.0
0.0	0.0
0.0	0.0
-9.130936086876318e-05	0.0
0.0	0.0
0.0	0.0
0.0	1.0
0.0	1.0
0.0	1.0
-0.0014644517796114087	0.0
0.0	1.0
0.0	0.0
-0.001046561636030674	1.0
0.0	1.0
0.0	1.0
0.0	1.0
-1.244145778400707e-06	0.0
0.0	1.0
-1.890223188638629e-06	1.0
-0.0009206579998135567	1.0
0.0	0.0
0.0	1.0
0.0	1.0
-7.047090912237763e-05	1.0
0.0	0.0
0.0	0.0
0.0	0.007
0.0	0.0
0.0	0.0
0.0	0.008293838862559242
0.0	0.0
0.0	0.0
0.0	0.0
0.0	1.0
0.0	0.0
-0.0009036972769536078	0.0
-0.008330428041517735	0.0
-0.00012121656618546695	0.0
-3.42340899806004e-05	0.0
-8.171159424819052e-05	0.0
-1.31654914525825e-07	0.0
0.0	0.0
0.0	0.0
0.0	0.0
0.0	0.0
-0.004068236798048019	0.0
-1.975710084423099e-08	0.0
-8.877750964919606e-14	1.0
0.0	0.0
0.0	0.0
0.0	0.0
0.0	0.0
0.0	0.0
0.0	0.0
0.0	0.0
-2.4653251662343223e-10	0.0
-1.0448997272760607e-05	0.0
0.0	0.0
-2.757225593086332e-05	1.0
0.0	1.0
0.0	1.0
0.0	1.0
-4.816118689632276e-06	0.0
-0.00017376380856148899	0.0
0.0	0.0
0.0	0.0
-0.00021411605121102184	0.0
0.0	0.0
0.0	1.0
-8.874881314113736e-05	0.0
0.0	0.0
-2.4391456463490613e-06	0.0
-0.0011434337357059121	0.0
0.0	0.0
0.0	0.0
0.0	0.0
-0.0022606151178479195	1.0
-2.751342414260196e-14	0.0
-8.663335756864399e-05	0.0
0.0	1.0
0.0	0.0
-0.0006196757312864065	0.0
-0.0015530881937593222	0.0
-0.0023756485898047686	0.0
-1.0360593478253577e-05	0.0
-9.587942245703474e-11	0.0
0.0	0.0
-2.484381411704817e-06	0.0
0.0	1.0
-1.0252592801407445e-05	0.0
-0.0018676856998354197	0.0
0.0	0.0
0.0	0.0
0.0	1.0
-0.0012424171436578035	1.0
0.0	0.0
-0.0015274513280019164	0.0
-5.045791908742103e-07	1.0
0.0	0.0
0.0	0.0
0.0	1.0
-7.00250529916957e-05	0.0
0.0	0.0
-2.4407523596892133e-05	0.0
0.0	1.0
-5.954084826953476e-06	0.0
0.0	0.0
0.0	0.0
0.0	1.0
0.0	0.0
-0.0002684915962163359	0.0
0.0	0.0
0.0	0.0
0.0	0.0
0.0	0.0
0.0	0.0
-0.0019518699264153838	0.0
-4.518591936175653e-07	0.0
0.0	0.0
-1.9627444203251798e-07	1.0
-5.712997008799903e-08	0.0
-0.0006568426615558565	0.0
0.0	0.0
0.0	0.463
0.0	0.0
-0.0015902172308415174	0.463
0.0	0.463
0.0	1.0
-0.00014438290963880718	0.0
0.0	0.0
0.0	1.0
0.0	0.0
-2.8665013815043494e-05	0.0
-0.00032517637009732425	0.0
0.0	0.0
0.0	0.0
0.0	0.0
-0.004335132427513599	0.0
-1.5534533304162323e-05	0.0
-0.0005094438674859703	0.0
-6.765520538465353e-06	0.0
0.0	0.0
-1.6572274716963875e-06	0.0
-0.0012804209254682064	0.0
0.0	1.0
-2.9334589271456935e-05	0.0
-0.00012283839168958366	0.0
0.0	0.0
0.0	1.0
0.0	0.0
-0.0006576415034942329	0.0
-0.0012631044955924153	0.0
0.0	0.0
0.0	0.0
0.0	0.0
0.0	0.0
-6.147778464082876e-08	0.0
0.0	0.0
-0.00898232776671648	0.0
0.0	0.0
0.0	0.0
0.0	0.0
-5.287560634315014e-05	0.0
-0.000940123456530273	0.0
-0.0004064510576426983	0.0
-2.5654204364400357e-05	0.0
-2.6374596018285956e-07	0.0
0.0	0.0
0.0	0.0
0.0	0.0
-0.00040988472755998373	0.0
-2.0623985619749874e-05	0.0
0.0	1.0
0.0	0.0
0.0	0.0
-1.3002809282625094e-06	0.0
-0.00044374194112606347	0.0
0.0	0.0
-9.792995115276426e-05	0.0
0.0	0.0
-8.114767842926085e-05	0.0
0.0	0.0
0.0	0.0
0.0	0.0
0.0	0.0
-6.456531309595448e-08	0.0
-0.0072806235402822495	0.0
-0.0003608073166105896	0.0
-0.0033197873272001743	0.0
-1.2408978363964707e-05	0.0
0.0	0.0
0.0	0.0
-0.008668903261423111	0.0
-1.7050210772140417e-06	0.0
-0.0016159347724169493	0.0
0.0	0.0
0.0	0.0
-0.006307228934019804	0.0
-4.7196397645166144e-05	0.0
-0.0006066773203201592	0.0
0.0	0.0
0.0	1.0
-8.08544203811934e-12	0.0
0.0	0.0
-0.003912676591426134	0.0
-5.292416744850925e-07	0.0
0.0	1.0
-7.324761686078318e-09	0.0
-3.063873009523377e-05	0.0
-1.5325732647397672e-06	0.0
-8.428096771240234e-05	0.0
0.0	0.0
0.0	0.0
-0.0008301547495648265	0.0
-0.0001417249586666003	0.0
0.0	0.0
0.0	0.0
0.0	0.0
-2.8265758373891003e-06	0.0
-1.670165172453371e-17	0.0
0.0	0.0
-0.000138236689963378	0.0
-0.019097307696938515	0.0
-0.0010940787615254521	0.0
-1.1617717973422259e-05	0.0
-1.2227460501890164e-06	0.0
-2.3540030369417764e-08	0.0
0.0	0.0
-0.0038180481642484665	0.0
-1.1997633009741548e-05	0.0
0.0	0.0
-0.002760510193184018	0.0
0.0	0.0
-0.00010254756489302963	0.0
-4.7500452637905255e-05	1.0
0.0	0.0
0.0	0.0
-2.674517236300744e-05	0.0
0.0	0.0
0.0	1.0
-0.004720189608633518	1.0
-0.0022641578689217567	0.0
-4.983838834959897e-07	1.0
-0.002758569782599807	0.0
0.0	0.0
0.0	0.0
-3.4068842069245875e-05	1.0
0.0	0.0
0.0	0.0
-5.174002581043169e-05	0.0
0.0	0.0
0.0	0.0
0.0	0.0
-0.0002823967079166323	0.0
-1.3152975930630362e-10	0.001
0.0	0.0
-0.007467071525752544	0.0
0.0	0.0
-5.0728616770356894e-05	0.0
0.0	0.0
0.0	0.0
-1.7422892995000439e-07	0.0
0.0	0.0
-0.0022057732567191124	0.0
-0.02621615305542946	0.0
0.0	0.0
0.0	0.0
0.0	0.0
-0.0007952731684781611	0.0
0.0	0.0
0.0	0.0
-0.026886334642767906	0.0
0.0	0.0
-0.03373043239116669	0.0
0.0	0.0
0.0	0.0
-0.0001457233156543225	1.0
0.0	1.0
0.0	1.0
-8.591684655390175e-12	0.0
-0.006257273722440004	0.0
0.0	0.0
-7.226295110740466e-06	0.0
0.0	0.0
-0.0010288144694641232	0.0
0.0	0.0
0.0	0.0
-1.0814020612315289e-07	0.0
-0.0005928626051172614	0.0
0.0	0.0
0.0	0.025
0.0	0.0
-1.1470197023299988e-05	0.0
0.0	0.0
0.0	1.0
0.0	0.0
0.0	1.0
0.0	0.0
0.0	0.006
0.0	0.0
-1.1173181064805249e-06	0.006
0.0	0.0
-0.0049307323060929775	0.006
-0.008336692117154598	0.0
0.0	0.0
0.0	0.0
0.0	0.006
0.0	0.006
0.0	0.006
0.0	0.0
-0.0033778599463403225	0.006
-0.0025328202173113823	0.0
-5.541460268432274e-07	0.006
0.0	1.0
0.0	0.0
-5.986677933833562e-05	1.0
0.0	0.0
0.0	0.0
0.0	0.0
0.0	0.0
0.0	0.0
-6.126989546828554e-07	0.0
0.0	0.0
0.0	0.0
-0.00010676599049475044	0.0
0.0	0.0
0.0	0.002
0.0	0.0
-0.0008781510987319052	0.0
0.0	0.0
-4.890220589004457e-05	0.0
0.0	0.0
-1.198940035793128e-12	0.0
0.0	0.0
-7.962650852277875e-05	0.0
0.0	0.0
-0.0009918619180098176	0.0
-1.6506824977113865e-05	0.0
0.0	0.0
0.0	0.0
0.0	0.0
0.0	0.0
-0.0025071967393159866	0.0
0.0	0.0
0.0	0.0
0.0	0.0
-0.00021505901531782	0.0
-0.0003954372077714652	0.0
-4.747294497065013e-06	0.0
0.0	0.0
0.0	0.0
0.0	0.0
-9.609785820430261e-07	0.0
0.0	0.0
