0.0	0.0
0.0	0.0
-1.9700402845046483e-05	0.0
-0.006943659856915474	0.0
0.0	0.0
-0.0029185961466282606	0.0
0.0	0.0
-3.1160905561607166e-13	0.0
-1.0888567885558587e-05	0.0
-1.763816044331179e-07	0.0
0.0	0.0
0.0	0.0
0.0	0.0
-6.177830073283985e-06	0.0
-0.0014556794194504619	0.0
-4.590538992488291e-06	0.0
-1.7084821593016386e-05	0.0
-2.374485120526515e-05	0.0
0.0	0.0
-0.0030403309501707554	0.0
0.0	0.0
0.0	0.0
0.0	0.0
0.0	0.756
0.0	0.0
0.0	0.756
0.0	0.0
-0.007080115377902985	0.0
-0.003335284534841776	0.0
0.0	0.0
-6.780833791708574e-05	0.0
0.0	0.0
0.0	0.0
0.0	0.0
-0.03696369379758835	0.0
-0.0001622424169909209	1.0
-0.0010097352787852287	1.0
0.0	0.0
0.0	1.0
0.0	1.0
-7.059538620524108e-05	1.0
-0.007496003992855549	0.0
0.0	0.0
0.0	1.0
0.0	1.0
0.0	1.0
0.0	0.0
0.0	1.0
0.0	1.0
0.0	1.0
0.0	0.0
0.0	0.0
-0.0051920460537076	0.0
-2.958858931378927e-05	0.0
0.0	1.0
0.0	0.0
0.0	1.0
0.0	0.0
0.0	0.0
0.0	0.0
-2.254372157040052e-05	0.0
0.0	0.0
0.0	0.0
0.0	0.0
-5.238860467216e-05	0.0
-2.5891959012369625e-06	0.0
0.0	0.0
0.0	0.0
0.0	0.0
-0.0009040519362315536	0.0
0.0	0.0
0.0	0.0
-0.002422625431790948	0.0
0.0	1.0
-0.0001339452137472108	0.0
0.0	0.0
0.0	1.0
-0.0010025098454207182	1.0
0.0	0.0
0.0	0.0
0.0	0.0
-2.124164893757552e-06	1.0
0.0	0.0
-2.006687351008285e-11	1.0
-0.0007991391466930509	0.0
0.0	0.0
-0.00039708969416096807	0.0
-1.0671245036064647e-05	0.0
0.0	0.0
0.0	0.0
0.0	0.0
-0.00011731260019587353	0.0
0.0	0.0
0.0	0.0
-4.944765169057064e-05	0.0
0.0	0.0
0.0	0.0
0.0	0.0
0.0	0.0
-1.9561483100005717e-08	0.0
0.0	0.0
-0.00030028566834516823	0.0
0.0	0.0
-8.060687264332955e-07	0.0
0.0	0.0
-0.0045653400011360645	0.0
0.0	0.0
-3.0591609174734913e-06	0.0
0.0	0.0
-1.784073062893743e-11	0.0
-8.46076133598217e-08	0.0
0.0	1.0
0.0	0.0
0.0	0.0
-0.0005458426312543452	0.0
0.0	1.0
0.0	0.0
0.0	0.0
-0.00035046119592152536	0.0
-6.090805072744843e-06	0.0
0.0	0.0
0.0	0.0
-0.0007950408034957945	0.0
-1.6388912627007812e-06	0.0
0.0	0.0
0.0	0.0
-6.70985446049599e-06	0.0
0.0	0.0
0.0	0.0
-6.678152475458887e-10	0.0
-2.2324257720196528e-10	0.0
0.0	0.0
0.0	0.0
0.0	0.0
-0.0005550096975639462	0.0
0.0	0.0
0.0	0.0
0.0	0.0
0.0	0.0
0.0	0.0
-0.008662579581141472	0.0
0.0	0.0
0.0	0.0
0.0	0.0
0.0	0.035
0.0	0.035
-0.00014783623919356614	0.0
-0.004059338476508856	0.0
0.0	0.0
0.0	0.0
0.0	0.0
-3.246288654557006e-11	0.0
0.0	0.0
0.0	0.0
0.0	0.0
0.0	0.034
-0.0013130102306604385	0.034
0.0	0.034
0.0	0.0
-9.737750224303454e-05	1.0
0.0	0.0
0.0	0.0
0.0	0.0
0.0	0.0
0.0	0.0
-0.00013162130198907107	0.0
0.0	0.0
-0.00022491805430036038	0.0
0.0	0.0
0.0	0.0
0.0	0.0
-0.003296221373602748	0.0
-2.2452282792073674e-05	0.0
0.0	0.0
0.0	0.0
0.0	0.0
0.0	0.0
-0.000845526228658855	0.0
-0.02590615674853325	0.0
0.0	0.0
0.0	0.049
0.0	0.049
-2.931768072755858e-08	0.049
-3.088910034421133e-06	0.0
0.0	0.0
0.0	0.0
0.0	0.0
0.0	0.0
0.0	0.0
0.0	0.0
-0.004309088457375765	0.0
0.0	0.0
0.0	0.0
-0.0001248974003829062	0.0
-3.6373414786794456e-06	0.0
0.0	0.0
0.0	0.0
-4.385786451166496e-05	0.0
0.0	0.0
0.0	0.0
0.0	0.009
0.0	0.0
-6.054358792084713e-09	0.0
0.0	0.0
0.0	0.0
0.0	0.0
0.0	0.0
0.0	0.0
0.0	0.0
0.0	0.0
-2.2622926110216213e-07	0.0
0.0	0.0
-2.950772613985464e-05	0.0
0.0	0.0
-0.001181493396870792	0.016
0.0	0.0
0.0	0.006097560975609756
0.0	0.01609657947686117
0.0	0.15789473684210525
-1.2728305591735989e-05	0.01609657947686117
0.0	0.006097560975609756
-0.005202756728976965	0.01609657947686117
-0.0008172291563823819	0.006097560975609756
0.0	0.006097560975609756
0.0	0.006
-1.9462046907392505e-07	0.0
-0.0008203142788261175	0.006
0.0	0.0
-1.779118186107098e-08	0.006
-0.0018674276070669293	0.006
-0.04281795024871826	0.0
-0.00011717877350747585	0.0
-1.320908040725044e-06	0.007
-0.0018620913615450263	0.0
0.0	0.007
-1.554523259983398e-05	0.0
-4.498640464589698e-06	0.0
-0.01952728070318699	0.0
0.0	0.0
-2.801190532863984e-07	0.001
0.0	0.001
0.0	0.001
0.0	0.0
-1.5724602917543962e-06	0.0
0.0	0.0
0.0	0.0
0.0	0.001
0.0	0.001
0.0	0.0
-0.005733550526201725	0.0
-0.003184280823916197	0.036
0.0	0.0
0.0	0.037
0.0	0.0
0.0	0.037
-0.0001389431708958	0.0
0.0	0.037
-2.3698729645360572e-09	0.036
0.0	0.036511156186612576
0.0	0.036511156186612576
0.0	0.036
-0.0008340917993336916	0.0
0.0	0.0
-1.4584486507374095e-06	0.036
0.0	0.0
0.0	1.0
0.0	0.0
0.0	0.0
-0.0032361687626689672	0.0
-6.2049889493209776e-06	0.0
-9.855760254140478e-06	0.0
0.0	1.0
-5.572447207669029e-06	1.0
-0.0432158038020134	0.0
0.0	0.0
0.0	1.0
0.0	1.0
0.0	0.0
-0.00036717724287882447	0.0
0.0	0.244
0.0	0.0
0.0	0.0
0.0	1.0
-4.9220652726944536e-05	0.0
0.0	0.0
-0.0022781079169362783	0.0
-0.0010687183821573853	0.0
-0.0008759612101130188	0.0
0.0	0.0
0.0	0.0
0.0	0.0
0.0	0.0
0.0	0.0
0.0	0.0
-0.0008598333806730807	0.0
0.0	0.0
0.0	0.0
-0.000573055527638644	0.0
0.0	0.0
-3.358185551860515e-07	0.0
0.0	0.0
-0.00013075876631774008	0.0
0.0	0.0
0.0	0.0
0.0	0.0
-9.164168295683339e-05	0.0
0.0	0.0
0.0	0.0
-0.004251916892826557	0.0
-9.630678505345713e-06	0.0
0.0	0.0
-0.00016408252122346312	0.0
0.0	0.0
-1.2098706910455836e-14	0.0
-1.0745525580446724e-09	0.0
-5.912408960284665e-05	0.0
-1.1782969522755593e-05	0.0
-0.0002192142856074497	0.0
-0.001846557715907693	0.0
0.0	0.0
-0.0010782385943457484	0.0
0.0	0.0
-0.0062285116873681545	0.0
0.0	0.0
-4.0743572753854096e-05	0.0
0.0	0.0
0.0	0.0
-0.0006533146370202303	0.0
-0.004657442681491375	0.0
0.0	0.0
-0.010805060155689716	0.0
0.0	0.0
0.0	0.0
-3.159125867568946e-07	0.0
0.0	0.0
-0.008315572515130043	0.0
0.0	1.0
0.0	0.0
0.0	0.0
0.0	0.0
0.0	0.0
-0.004648197907954454	0.0
-0.009720067493617535	0.0
0.0	0.0
-0.07617291808128357	0.0
-0.0011357489274814725	0.0
0.0	0.0
0.0	0.0
-0.00029912282479926944	0.001
-2.486904726595185e-08	1.0
0.0	0.001
-0.00020370003767311573	1.0
0.0	0.0
0.0	0.001
-0.006913385353982449	0.001
-2.94820824819908e-06	0.079
0.0	0.0
0.0	0.0
0.0	0.079
0.0	0.0
0.0	0.079
-1.6891654013306834e-05	0.07923771313941826
-3.536319127306342e-06	0.003257328990228013
0.0	0.0
-0.0004729052016045898	0.003257328990228013
-5.635561706185399e-07	0.003257328990228013
0.0	0.003257328990228013
0.0	0.07923771313941826
0.0	0.0
0.0	0.079
-7.99942426965572e-05	0.0
-4.5039694668957964e-05	0.0
0.0	0.0
0.0	1.0
0.0	0.0
0.0	0.0
0.0	0.0
-0.0003340905823279172	0.0
0.0	0.0
0.0	1.0
0.0	0.0
-0.005563014652580023	0.0
-0.0003949571109842509	0.0
0.0	0.0
0.0	0.0
-0.019298555329442024	0.0
-0.0019581869710236788	0.0
-1.2922344012622489e-06	0.0
0.0	0.0
-1.9753851177028992e-07	0.0
0.0	0.0
0.0	0.0
0.0	0.0
0.0	0.0
0.0	0.0
0.0	0.0
-0.0037091560661792755	0.0
0.0	0.0
-1.0735653685478574e-11	0.0
-0.0016459686448797584	0.0
-2.1294111493628393e-13	0.0
0.0	0.0
0.0	0.0
0.0	0.0
0.0	1.0
0.0	0.0
0.0	1.0
0.0	1.0
0.0	1.0
0.0	0.0
0.0	1.0
0.0	1.0
0.0	1.0
-0.013768044300377369	0.0
-0.001535060815513134	0.0
0.0	1.0
-5.990224963170476e-05	1.0
-0.0016728193731978536	0.0
0.0	0.0
0.0	0.0
0.0	0.014
0.0	0.0
0.0	0.014
0.0	0.014
-1.35535583467572e-05	0.014
-0.0010396928992122412	0.0
0.0	0.0
0.0	1.0
-0.00028195427148602903	0.138
0.0	0.0
0.0	0.138
0.0	0.138
0.0	0.001
0.0	0.0
0.0	0.0
-0.0021790226455777884	0.029411764705882353
-0.00017445054254494607	0.0
0.0	0.0
0.0	0.0
0.0	0.0
0.0	0.0
0.0	0.0
0.0	0.0
0.0	0.0
0.0	0.0
-2.6931677439279156e-06	0.0
0.0	0.0
-9.945856618287507e-06	1.0
-2.5949973860406317e-05	0.0
0.0	1.0
-0.00043519350583665073	0.0
0.0	1.0
0.0	0.0
0.0	0.0
-0.0008784885285422206	0.0
-0.00022506376262754202	1.0
0.0	0.0
0.0	1.0
-0.00214156461879611	0.002
0.0	0.0
-9.878503703930619e-08	0.0
0.0	0.0
0.0	0.0
0.0	0.0
0.0	0.0
-0.0026783919893205166	0.0
0.0	0.0
-0.00016839132877066731	1.0
0.0	1.0
0.0	1.0
-7.839316822355613e-06	1.0
-1.0135084949070006e-06	0.0
0.0	0.0
0.0	0.0
0.0	0.0
0.0	0.0
-0.0016915576998144388	0.0
-0.0007259490666911006	0.0
-4.855214228882687e-06	0.0
-4.156117211095989e-05	0.0
0.0	0.0
-1.9919789338018745e-06	0.0
-0.014565353281795979	0.0
0.0	0.0
0.0	0.0
0.0	0.0
-0.008263614028692245	0.0
0.0	0.0
-1.8330040063574415e-07	0.0
0.0	0.0
0.0	0.0
-0.001030157320201397	0.0
0.0	1.0
0.0	0.0
0.0	0.0
0.0	0.0
0.0	0.001
0.0	0.0
0.0	0.0
0.0	0.0
0.0	0.0
-0.0027853003703057766	0.0
0.0	0.0
0.0	0.0
0.0	0.0
-5.269790714912403e-10	0.0
-0.00897702481597662	0.0
-1.3310680515132844e-05	0.0
-0.0036721895448863506	0.0
0.0	0.0
-0.00408154958859086	0.0
0.0	0.0
0.0	0.0
0.0	0.0
0.0	0.0
0.0	0.0
-0.0001669700286583975	0.0
0.0	0.0
0.0	0.0
0.0	0.0
-0.00041605893056839705	0.0
0.0	0.0
-0.0015506405616179109	0.0
-7.4370882785501635e-09	1.0
0.0	0.0
-0.0008895567734725773	0.0
0.0	0.0
0.0	0.0
0.0	1.0
0.0	0.0
-0.02595650963485241	0.0
-0.0033669814001768827	0.0
0.0	0.0
0.0	0.0
0.0	0.0
-0.000399858778109774	0.0
-0.003680697176605463	0.0
0.0	0.0
0.0	0.0
0.0	0.0
-0.003183460794389248	0.0
0.0	0.0
0.0	0.0
-2.2771086150896735e-05	0.0
0.0	0.0
-5.4569230997003615e-05	0.0
0.0	0.0
0.0	0.0
0.0	0.0
-0.00011188423377461731	0.0
-4.265338082731773e-12	1.0
0.0	0.0
-3.3008351607577424e-09	0.0
-0.0004451088316272944	0.0
-2.813129685819149e-05	0.0
-0.000862139742821455	0.0
0.0	0.0
-0.0020595169626176357	0.0
-4.192294909444172e-06	0.0
0.0	0.0
0.0	0.0
-5.126356086293526e-07	0.0
0.0	0.0
0.0	0.0
-0.0002867008442990482	0.0
0.0	0.0
0.0	0.0
0.0	0.0
0.0	0.0
0.0	0.0
-1.2244873914823984e-06	0.0
0.0	0.0
-5.032513854530407e-07	0.0
0.0	0.0
-2.5350355148390236e-09	0.0
-1.4582376934413332e-05	0.0
-2.7045423394156387e-06	0.0
-1.1542714673851151e-05	0.0
-0.010715880431234837	0.0
0.0	0.0
0.0	0.0
0.0	0.0
0.0	0.0
0.0	0.0
-0.00032825811649672687	0.0
-2.872518052754458e-06	0.0
-0.0015639506746083498	0.0
-4.672208731015814e-10	0.0
0.0	0.0
0.0	0.0
0.0	0.0
-0.0007643841672688723	0.0
0.0	0.0
0.0	0.0
0.0	0.0
-1.443696874048328e-06	0.0
-9.056702054976995e-08	1.0
0.0	0.0
0.0	0.0
0.0	0.0
0.0	1.0
0.0	0.0
0.0	1.0
0.0	0.0
-8.954860277299304e-06	1.0
-5.978986791888019e-06	0.0
0.0	0.0
-0.004627227783203125	0.0
-0.00025822900352068245	0.0
0.0	0.0
0.0	0.0
-1.6913453748657048e-08	0.0
0.0	0.0
-1.8500813728228316e-11	1.0
-1.4139912991595338e-06	0.0
-0.017619702965021133	0.0
-0.002419866621494293	0.0
-1.3349666915019043e-05	0.0
0.0	0.0
0.0	0.0
-2.4203681281420586e-09	0.0
-3.356833474382759e-12	0.0
-0.0027847609017044306	0.0
0.0	0.0
0.0	0.0
-1.0451409252709709e-05	1.0
0.0	0.0
-7.225295121315867e-05	0.0
0.0	0.0
0.0	0.0
0.0	0.0
-1.6125311219639116e-07	1.0
0.0	1.0
0.0	1.0
0.0	1.0
-9.737412653976207e-08	0.0
-7.73218780523166e-05	0.0
0.0	1.0
-2.525397030694876e-05	1.0
-3.401942376513034e-05	1.0
0.0	0.0
0.0	0.0
-0.006388423033058643	0.0
0.0	0.0
0.0	0.0
-3.1480376492254436e-06	0.0
0.0	0.0
0.0	0.0
0.0	0.0
-1.5313354424506542e-06	0.0
-1.601725489308592e-05	0.0
0.0	0.0
0.0	0.0
0.0	0.0
-3.150635308202254e-08	0.001
0.0	0.0
0.0	0.0
0.0	0.001
0.0	0.0
0.0	0.0
0.0	0.001
-0.0005437064683064818	0.001
-0.0444847010076046	0.0
0.0	0.0
-0.0002042089035967365	0.0
0.0	0.0
-0.00023947714362293482	0.0
0.0	0.0
0.0	0.0
0.0	0.0
-4.526734846876934e-05	0.0
0.0	0.0
0.0	0.0
0.0	0.0
0.0	0.0
0.0	0.0
0.0	0.0
-0.004902103450149298	0.0
0.0	0.0
-4.616974911186844e-05	0.0
0.0	0.0
-0.005721862893551588	0.0
-0.008623581379652023	0.0
0.0	1.0
0.0	0.0
-0.002544717164710164	0.0
0.0	1.0
-2.8010090318275616e-05	1.0
0.0	1.0
-0.002901485189795494	0.0
0.0	1.0
-1.4715438965140493e-06	1.0
0.0	0.0
-0.0016491194255650043	0.0
-0.0004968769499100745	0.0
-5.104593583382666e-07	0.0
0.0	0.0
-0.00036896075471304357	0.0
0.0	0.0
0.0	0.0
-0.0018753748154267669	0.0
0.0	1.0
-6.552146805915982e-05	0.0
0.0	0.0
-2.2952914150664583e-05	0.0
0.0	0.0
0.0	0.0
-1.0504699048397015e-06	1.0
0.0	0.0
-4.268963404996384e-09	0.0
0.0	0.0
-3.290907261543907e-05	0.0
-2.120469434885308e-05	0.0
0.0	1.0
0.0	0.0
0.0	0.0
0.0	1.0
0.0	0.0
0.0	0.0
0.0	0.0
0.0	0.0
-0.003039838280528784	0.0
-3.427386764087714e-05	0.0
0.0	0.004
-0.0010955440811812878	0.004
0.0	0.0
0.0	0.004
-0.01592773199081421	0.0
0.0	0.004
0.0	0.0
-0.002505597425624728	0.0
0.0	0.004
0.0	1.0
-5.278175194689538e-06	0.004
0.0	0.0
0.0	0.0
0.0	0.0
0.0	0.0
0.0	0.0
0.0	0.004
0.0	0.004
0.0	0.0
0.0	0.0
0.0	0.0
0.0	0.0
0.0	0.0
-4.144368404013221e-08	0.0
-1.3102750017424114e-05	0.004
0.0	0.0
-4.2840998503379524e-05	0.0
0.0	0.004
-4.512888551744254e-08	0.004
0.0	0.0
0.0	0.007
-8.796812835498713e-06	0.0
0.0	0.007
0.0	0.0
0.0	0.0
0.0	0.0
-0.0001702237786957994	0.0
0.0	0.0
0.0	0.0
0.0	0.0
0.0	0.0
-0.0023136110976338387	0.0
-2.8897335369038046e-07	0.0
0.0	0.0
0.0	0.0
-0.013877528719604015	0.0
-0.0007650124025531113	0.0
-0.00024720700457692146	0.0
-1.8119287403806084e-08	0.0
0.0	0.0
-0.006520693190395832	0.0
0.0	0.0
-0.0011808185372501612	0.0
0.0	0.0
-5.833716176795178e-09	0.0
0.0	0.0
-0.0046620676293969154	0.0
0.0	0.0
0.0	0.0
-0.000676213763654232	0.0
-3.304950223537162e-05	0.0
0.0	0.0
-0.000974908412899822	0.0
0.0	0.0
0.0	0.0
-0.0041724154725670815	0.0
0.0	0.0
0.0	0.01
0.0	0.0
0.0	0.0
0.0	0.0
0.0	0.0
0.0	0.0
0.0	0.0
0.0	0.0
-0.0005039673415012658	1.0
0.0	0.0
-0.0020930615719407797	0.0
0.0	0.0
0.0	0.0
-0.004250423051416874	0.0
-0.001099764951504767	0.0
-0.003784176427870989	0.0
-6.88233194523491e-05	0.0
0.0	0.0
0.0	1.0
-1.1614539289439563e-05	0.0
0.0	0.0
0.0	0.0
0.0	0.0
-9.936396963894367e-06	0.0
0.0	0.0
0.0	0.0
-9.836852399303098e-08	0.0
0.0	0.0
0.0	0.0
0.0	0.0
-1.0214550316689497e-09	0.0
0.0	0.0
0.0	0.0
0.0	0.0
-1.0958959073548158e-08	0.0
0.0	0.0
0.0	0.0
-0.01432549674063921	0.0
-0.0012574130669236183	0.0
0.0	0.0
-2.9951777378300903e-06	0.0
0.0	0.0
-0.0035942678805440664	0.0
0.0	0.0
-6.542911705764709e-07	0.0
0.0	0.0
0.0	0.0
0.0	0.0
-5.663853153237142e-05	0.0
-2.607495053208453e-10	1.0
0.0	1.0
-0.004625015426427126	0.006
-0.0003143769281450659	0.0
-0.0019429457606747746	0.0
0.0	0.0
0.0	0.0
-0.006581664551049471	0.0
0.0	0.0
0.0	0.0
-3.8327357287926134e-08	0.0
0.0	0.0
0.0	0.0
-0.0009607497486285865	0.0
-9.493557445239276e-05	0.0
0.0	0.0
-2.706277882680297e-05	0.0
-1.577879373826363e-07	0.0
-1.995201017734871e-07	1.0
-2.237464468635153e-05	1.0
-1.6668374883010983e-05	0.0
-1.8608339757975045e-08	0.0
0.0	1.0
-0.00011223858746234328	0.0
0.0	0.0
-0.0005642429459840059	0.0
0.0	0.0
-0.00032196566462516785	0.0
-3.472738185905655e-08	0.0
0.0	0.0
0.0	0.0
-1.0113507253883824e-10	0.0
-0.00012979940220247954	0.0
0.0	0.0
0.0	1.0
0.0	1.0
0.0	1.0
-4.794869568058857e-08	0.0
0.0	0.0
0.0	1.0
0.0	1.0
0.0	1.0
-6.597464619062521e-08	0.0
0.0	1.0
-1.335538036073558e-05	1.0
0.0	0.0
0.0	1.0
0.0	0.0
0.0	1.0
0.0	1.0
-2.812969945864552e-08	1.0
0.0	1.0
-0.005557951983064413	0.0
-0.001849801861681044	0.0
