0.0	0.0
-1.546305611554999e-05	0.0
0.0	0.0
0.0	0.0
0.0	0.152
-0.001220152829773724	0.0
0.0	0.0
0.0	1.0
0.0	0.009
-0.0007006731466390193	0.0
0.0	0.0
-0.0006246557459235191	0.0
0.0	1.0
0.0	0.0
0.0	0.0
0.0	0.0
0.0	0.0
-4.54441033070907e-06	1.0
-2.2812864097776497e-10	1.0
0.0	1.0
-2.729036552295838e-09	1.0
0.0	1.0
0.0	0.0
-3.510940160822429e-08	1.0
0.0	0.0
-2.7031930471821397e-08	1.0
0.0	1.0
0.0	0.0
0.0	0.0
0.0	1.0
-0.000148940525832586	0.007
0.0	0.0
0.0	0.0
0.0	0.0
0.0	0.0
-6.790826591895893e-05	0.0
-6.340327672660351e-05	0.0
0.0	0.0
-0.00013430038234218955	0.0
-0.001414960715919733	1.0
0.0	0.0
0.0	1.0
0.0	0.0
-0.0018320693634450436	0.0
0.0	1.0
-0.000700787000823766	0.0
0.0	1.0
-0.00019895940204150975	0.0
0.0	0.0
-4.0629991417517886e-05	0.0
-6.233193289517658e-06	0.0
0.0	0.0
0.0	0.0
0.0	0.0
-0.0007951701409183443	0.0
0.0	0.0
0.0	0.0
0.0	0.0
-0.056426770985126495	0.0
-5.457274710352067e-06	0.0
0.0	0.0
-1.3564191249315627e-05	0.0
-0.00046317040687426925	0.0
0.0	0.0
0.0	0.0
0.0	0.0
0.0	0.0
0.0	0.118
0.0	0.118
-7.972375897224993e-05	0.118
0.0	0.0
-7.570816196178498e-10	0.0
-0.009345375932753086	0.0
0.0	0.0
0.0	0.0
0.0	0.0
-5.073047191217483e-07	0.0
-0.001322736730799079	0.0
-0.0033741379156708717	0.0
0.0	0.0
0.0	0.0
0.0	0.0
-6.527600362460362e-06	0.0
0.0	0.0
-0.00021335194469429553	0.0
-0.0030864053405821323	0.0
0.0	0.0
0.0	0.0
0.0	0.0
-0.00027812065673060715	0.0
0.0	0.0
0.0	0.0
-1.2656355075080228e-08	0.0
0.0	1.0
0.0	1.0
-1.2106548652468518e-08	1.0
0.0	0.0
-0.006773416418582201	0.0
0.0	0.0
-3.317401569802314e-05	0.0
0.0	1.0
0.0	0.0
0.0	0.0
-3.5740307794185355e-05	0.0
0.0	0.002
0.0	0.002
0.0	0.0
-1.3676424259756459e-06	0.0
0.0	0.0
-4.561432888294803e-06	0.0
0.0	0.0
0.0	0.0
0.0	0.0
0.0	0.0
0.0	0.0
-6.575129373231903e-05	0.0
0.0	0.0
0.0	0.0
-0.008544078096747398	0.0
0.0	0.0
-1.017672062175734e-07	0.0
-0.00042026315350085497	0.0
-1.3606291759060696e-05	0.0
0.0	0.0
0.0	0.0
0.0	0.0
0.0	0.0
-0.0003108629898633808	1.0
0.0	0.0
0.0	0.0
0.0	0.0
-0.000880292383953929	0.0
0.0	0.0
-0.0012356528313830495	0.0
0.0	0.0
-9.89194518297154e-07	0.0
-0.0030749989673495293	0.0
-0.014672547578811646	0.0
-0.00016676408995408565	0.0
-3.386741775912583e-09	0.0
-1.155533936980646e-06	0.0
-0.0004625371075235307	0.0
0.0	0.0
0.0	0.0
-3.081271279370412e-05	0.0
-0.0002781869552563876	0.0
0.0	0.0
-0.006671876646578312	0.0
0.0	0.0
-1.6159205917798403e-10	0.0
0.0	0.0
0.0	0.0
-4.805997377843596e-07	0.0
-3.508084046188742e-05	0.0
-0.0005407778662629426	0.0
0.0	0.0
0.0	0.0
0.0	0.0
-4.245480909048638e-07	1.0
0.0	0.0
-0.003750808071345091	0.0
0.0	0.0
-0.00017232599202543497	0.0
-0.005377645138651133	0.0
0.0	0.0
-0.00231363857164979	0.0
0.0	0.0
0.0	0.0
0.0	0.0
-1.2563311884150608e-06	0.0
0.0	0.0
-0.0015671310247853398	0.0
-0.012514723464846611	0.0
0.0	0.0
-0.0026947061996906996	0.0
0.0	0.0
0.0	0.0
-0.0012477004202082753	0.0
0.0	0.0
-1.2151986084063537e-05	0.0
0.0	0.0
0.0	0.0
0.0	0.0
-1.4326559494293178e-06	0.0
-0.00025907374219968915	0.0
-0.000471113104140386	0.0
0.0	0.0
-4.601435193762882e-06	0.0
0.0	0.0
0.0	0.0
0.0	0.0
-0.00010453192953718826	0.0
0.0	0.0
0.0	0.0
0.0	1.0
0.0	0.0
-0.00024205957015510648	0.0
-0.0006687298300676048	0.0
0.0	0.0
-8.437300164088057e-11	0.0
0.0	0.0
-0.00020498012600000948	0.0
0.0	0.0
-1.353644418777833e-10	0.0
0.0	0.0
-9.049814980244264e-05	0.0
-9.307611376508512e-14	0.0
-0.0007573471521027386	0.0
-0.0007715161773376167	0.0
0.0	0.0
0.0	0.0
-1.932877694343915e-06	0.0
-5.670617156283697e-06	0.0
0.0	0.0
-0.000245537084992975	0.0
0.0	1.0
0.0	1.0
-0.00010733849921962246	0.0
-0.004857964348047972	0.0
0.0	0.0
0.0	0.0
0.0	1.0
-4.67966243533624e-09	1.0
0.0	1.0
0.0	1.0
-0.0006648749113082886	1.0
0.0	1.0
-0.0004045866662636399	0.0
0.0	1.0
-6.717513088005944e-07	0.0
0.0	1.0
-0.0005096260574646294	1.0
0.0	0.0
0.0	0.0
0.0	0.0
0.0	0.0
-0.010778835043311119	0.0
-2.631158312060844e-12	0.0
0.0	0.0
-8.417279786954168e-06	0.0
0.0	0.0
0.0	0.0
0.0	0.0
-7.256764547491912e-06	0.0
0.0	0.0
-0.0002992635709233582	0.0
-0.00024769347510300577	0.0
-0.0002682148478925228	0.0
-0.0019160620868206024	0.0
0.0	0.0
-0.007046473678201437	0.0
0.0	0.0
-0.0018426409224048257	0.124
0.0	0.0
-1.2567967132781632e-05	0.0
-0.0014458541991189122	0.0
-0.04764712601900101	0.0
0.0	0.0
-0.00016735584358684719	0.124
-5.257957180759831e-09	0.0
0.0	0.0
0.0	0.0
-0.06875407695770264	0.0
0.0	0.0
-5.041130748395517e-07	0.0
0.0	1.0
0.0	0.0
0.0	1.0
0.0	0.0
0.0	0.0
0.0	1.0
0.0	0.0
0.0	0.0
0.0	0.0
0.0	0.0
-0.0023132027126848698	0.0
-2.5167812054860406e-05	0.0
-8.017822256078944e-05	1.0
0.0	1.0
-2.5324295993556234e-09	0.0
-0.0009999338071793318	0.0
0.0	0.0
-0.0010692059295251966	0.0
0.0	0.0
0.0	0.0
0.0	0.0
0.0	0.0
-0.000710093998350203	0.0
0.0	0.0
-0.00016584717377554625	0.0
0.0	0.0
0.0	0.0
0.0	0.0
0.0	0.0
0.0	0.0
-0.0011068983003497124	0.0
0.0	0.0
0.0	0.0
0.0	0.0
0.0	0.0
0.0	0.0
-0.004131046589463949	0.0
0.0	0.0
-0.0007543845567852259	1.0
0.0	0.0
0.0	0.0
0.0	1.0
0.0	1.0
0.0	0.0
0.0	0.0
0.0	0.0
0.0	0.0
0.0	0.0
0.0	0.0
0.0	0.0
-2.097428841807414e-05	0.0
-4.9267340207492794e-11	0.0
0.0	0.0
-0.00030013819923624396	0.0
0.0	0.0
-0.00013901066267862916	0.0
-3.862885478156386e-06	0.0
-0.0009923942852765322	0.0
-0.0007426145602948964	1.0
0.0	0.218
-2.4763453438936267e-06	0.218
0.0	0.0
0.0	0.0
0.0	1.0
0.0	0.0
0.0	0.0
-8.213565649839438e-08	0.0
0.0	0.0
0.0	0.0
-0.0006850039935670793	1.0
-0.0011381616350263357	0.0
0.0	0.0
0.0	0.0
-0.004040906671434641	0.0
-0.00013519437925424427	0.0
0.0	0.0
-3.833548873899417e-07	0.0
0.0	0.0
0.0	0.0
-3.77192055367459e-09	0.0
-2.956585376523435e-05	0.0
0.0	0.0
0.0	0.0
0.0	0.0
0.0	0.0
0.0	0.0
-0.00403554504737258	0.0
0.0	0.0
-0.0002680462785065174	0.0
0.0	0.0
0.0	0.0
0.0	0.0
0.0	0.0
0.0	0.0
0.0	0.0
0.0	0.0
0.0	0.0
0.0	0.0
-1.1635744158411399e-05	0.0
0.0	0.0
0.0	0.0
0.0	0.0
-3.029116671035559e-13	0.0
0.0	0.0
0.0	0.0
0.0	0.0
0.0	0.0
-0.00010329893848393112	0.0
0.0	0.0
-0.00015294269542209804	0.0
0.0	0.0
-1.1778411135310307e-08	0.0
0.0	0.0
-1.63837758009322e-05	0.0
0.0	0.0
-0.0014257102739065886	0.0
0.0	0.0
-0.0005432475591078401	1.0
-0.009859919548034668	0.0
0.0	0.0
0.0	0.0
0.0	0.0
0.0	0.0
0.0	0.0
0.0	0.0
-0.0021078146528452635	0.0
0.0	0.0
0.0	0.0
0.0	0.0
0.0	0.0
-1.0459805466211947e-08	0.0
0.0	0.0
0.0	0.0
-0.0031799874268472195	0.0
-5.419060311595558e-09	0.0
-0.020592382177710533	0.0
-2.6028947104350664e-06	1.0
0.0	0.0
-0.0005295411683619022	1.0
-2.7669524449436267e-09	0.0
-0.0020494747441262007	0.0
-1.871392669272609e-06	0.0
0.0	0.0
-4.93785819344339e-06	1.0
0.0	1.0
0.0	1.0
-2.1927660289735793e-14	1.0
-5.492644672422387e-10	1.0
0.0	0.0
0.0	0.0
0.0	0.0
-2.8655345886363648e-05	0.0
-0.0012814352521672845	0.0
-0.0017556040547788143	0.0
0.0	0.0
0.0	0.0
0.0	0.0
0.0	0.001
-7.74892105255276e-05	0.0
0.0	0.0
0.0	0.0
0.0	0.0
0.0	0.0
0.0	0.004464285714285714
-7.526870467700064e-05	0.0
0.0	0.0
-0.0013250974006950855	0.0
0.0	0.0
0.0	1.0
0.0	0.0
0.0	0.002
0.0	0.002
-0.0006360152619890869	0.0
0.0	0.0
-0.006647874601185322	0.0
-8.217223808060226e-07	0.002
0.0	0.0
-1.5790576071594842e-05	0.0
-0.00017788053082767874	0.0
0.0	0.0
0.0	0.0
-4.3548231687395855e-09	0.0
0.0	1.0
-0.0003581554046832025	0.0
-0.012493645772337914	0.0
0.0	0.0
-0.0008482101839035749	1.0
0.0	0.0
0.0	0.0
-0.002316487953066826	0.0
-0.003683788236230612	0.0
0.0	0.0
-0.0005653726984746754	0.0
-4.280977009329945e-05	0.0
0.0	0.0
0.0	0.0
-0.001163701293990016	0.0
-6.406495685951086e-06	0.0
0.0	0.0
-4.116743184567895e-06	0.0
0.0	0.0
0.0	0.0
0.0	0.0
0.0	0.0
-0.0025329317431896925	0.0
-0.0004284414753783494	0.0
0.0	0.0
-0.00572291761636734	0.0
-1.4399697079170437e-07	0.0
-0.0036514075472950935	0.0
0.0	0.0
-1.1003880899806973e-06	0.0
-1.4940809705876745e-05	0.0
-2.7258578484179452e-05	0.0
0.0	0.0
0.0	0.0
0.0	0.0
-0.00030417460948228836	0.0
0.0	0.0010030090270812437
-0.002158290706574917	0.0
-0.0048569669015705585	0.0
-4.818410843654419e-07	0.0
-2.090567052803749e-09	0.0
-1.2803601928679242e-11	0.0
0.0	0.0
0.0	0.0
-0.006571243051439524	0.0
0.0	0.0
-0.0018360804533585906	0.0
0.0	0.0
0.0	0.0
-0.0019504560623317957	0.0
0.0	0.0
-9.103154297918081e-05	0.0
0.0	0.0
0.0	0.0
0.0	0.0
0.0	0.0
-1.2018333563901251e-06	0.0
0.0	0.0
0.0	0.0
-5.9083987480335054e-08	0.0
0.0	0.0
0.0	0.0
0.0	0.0
0.0	0.0
0.0	0.0
0.0	0.0
0.0	0.0
-3.458445689830114e-06	0.0
0.0	1.0
0.0	0.0
0.0	0.0
0.0	0.0
0.0	0.0
0.0	0.0
0.0	0.0
0.0	0.0
0.0	0.0
0.0	0.0
-0.0005126495379954576	0.0
0.0	0.0
0.0	0.0
-0.00032202174770645797	0.0
0.0	0.0
0.0	0.0
0.0	1.0
-0.0010688675101846457	1.0
0.0	1.0
0.0	0.0
0.0	0.0
0.0	0.0
-1.204322330750074e-07	0.0
0.0	0.0
0.0	1.0
-0.00042698474135249853	1.0
0.0	1.0
0.0	1.0
-9.918164141708985e-05	1.0
0.0	0.0
0.0	1.0
-2.9034897153223937e-08	0.001
0.0	1.0
0.0	0.0
0.0	0.001
-0.0006600461201742291	0.004464285714285714
0.0	0.0
-0.00022472211276181042	1.0
-0.000155770278070122	0.0
0.0	0.001
-0.0004956885823048651	1.0
0.0	0.0
0.0	1.0
-0.0040555475279688835	0.0
0.0	1.0
-9.35240791477554e-08	0.0
0.0	1.0
-0.0003823010774794966	1.0
0.0	0.0
0.0	0.0
0.0	0.0
-9.604998012946453e-06	1.0
0.0	1.0
0.0	0.0
-9.510817911007052e-09	0.0
-9.888500062515959e-05	0.0
-1.218022771354299e-05	0.0
0.0	0.0
0.0	0.0
0.0	0.0
-5.502187559613958e-05	1.0
0.0	0.0
0.0	0.0
0.0	0.0
0.0	0.0
-5.937290552537888e-06	0.001
0.0	0.001
-7.434307462972356e-06	0.0
-0.00014327277312986553	0.0
0.0	0.0
-8.08151307865046e-05	0.0
0.0	1.0
0.0	0.0
0.0	0.001
0.0	0.0
0.0	0.0
0.0	0.0
-0.00011230229574721307	0.0
0.0	0.0
-3.013529870088405e-09	0.0
0.0	0.0
0.0	0.0
0.0	0.0
-0.00018052165978588164	0.0
-4.850627010455355e-05	0.0
0.0	0.0
0.0	0.0
-0.0008954976219683886	0.018
-9.124943289862131e-08	0.0
-1.3832065803853766e-07	1.0
0.0	0.0
0.0	0.0
-0.004978857934474945	0.0
-0.002485567005351186	0.0
0.0	0.0
0.0	0.0
-0.0020272345282137394	0.0
0.0	0.0
-2.4912864319048822e-05	0.0
0.0	0.848
-0.0005744285881519318	0.848
0.0	0.0
-4.4044023184142134e-07	0.0
-0.0005316211027093232	0.0
-0.009791707620024681	0.0
-0.0008754568989388645	0.0
0.0	0.0
0.0	0.0
-0.002262104768306017	0.0
0.0	0.0
-1.3810082464260631e-06	0.0
-0.0038056315388530493	0.0
-5.4405741138907615e-06	0.218
0.0	0.0
-9.585518156995931e-09	0.218
0.0	0.0
0.0	0.0
-7.826427577128925e-07	0.218
0.0	0.218
0.0	0.0
-0.013784002512693405	0.0
-4.88539990328718e-06	0.0
0.0	0.0
0.0	0.0
-0.0008472420158796012	0.0
0.0	0.0
0.0	0.136
0.0	0.0
-3.9142068999353796e-05	0.0
0.0	0.0
-0.0005764934467151761	0.0
0.0	0.0
-0.00217238231562078	0.0
-0.011826466768980026	0.0
0.0	1.0
0.0	0.0
-0.00018174258002545685	0.0
-9.588085049472284e-06	0.0
0.0	1.0
-0.0005263871280476451	1.0
0.0	0.0
0.0	1.0
0.0	1.0
0.0	1.0
0.0	0.0
0.0	0.0
-0.02446986921131611	0.0
0.0	0.0
0.0	0.0
0.0	0.0
0.0	0.0
0.0	1.0
0.0	0.0
0.0	1.0
0.0	0.0
0.0	0.0
-1.3412632142717484e-05	0.0
0.0	1.0
0.0	0.0
-7.16683643986471e-05	0.0
0.0	0.0
0.0	0.0
0.0	0.0
0.0	0.0
0.0	0.0
0.0	0.0
-1.2096053580989974e-07	0.0
-8.19498163764365e-05	0.0
0.0	0.0
-0.0008176015107892454	1.0
0.0	1.0
-1.2977617869225355e-09	1.0
0.0	0.0
-5.0753209507092834e-05	0.0
0.0	0.0
-0.0009047691128216684	0.0
0.0	0.0
-5.947945282969158e-06	0.0
-4.9920521050239586e-09	0.0
-2.0962668713764288e-05	0.0
0.0	0.0
-0.0011238831793889403	0.0
-5.7600238505983725e-05	0.0
-0.01150643639266491	0.0
0.0	0.0
0.0	0.0
-3.925913188140839e-05	0.0
-1.2777167057720362e-06	0.0
0.0	0.0
0.0	0.0
0.0	0.0
0.0	0.0
0.0	0.0
0.0	0.0
0.0	0.0
0.0	0.0
0.0	0.0
0.0	0.0
0.0	0.0
0.0	0.0
0.0	0.0
-0.0002547935873735696	0.0
-1.6670192053425126e-06	0.0
0.0	1.0
-0.00017199767171405256	0.0
0.0	0.0
0.0	0.0
0.0	0.0
-0.0002851077588275075	0.0
0.0	0.0
0.0	0.0
0.0	0.0
0.0	0.0
-3.2293137337546796e-05	0.0
-4.3604718484857585e-06	0.0
0.0	0.0
-3.3695552701829e-05	0.0
-0.016159726306796074	0.0
-3.478036660453654e-06	0.0
0.0	0.0
0.0	1.0
0.0	0.0
0.0	1.0
-2.7275550564809237e-06	0.0
0.0	0.0
-0.0006181970238685608	1.0
0.0	1.0
-0.0004962926032021642	0.0
0.0	0.0
0.0	1.0
-0.0001636839151615277	0.0
-0.005394842475652695	0.0
0.0	1.0
-0.01318992767482996	0.0
0.0	1.0
-3.8229576603043824e-05	1.0
-2.769365039512195e-07	0.0
-8.529395563527942e-05	0.0
0.0	0.0
-6.3540674091200344e-06	0.0
0.0	0.0
0.0	0.0
0.0	0.0
0.0	0.0
0.0	0.0
-8.754612312866783e-11	0.0
0.0	0.0
-0.005460790358483791	0.0
0.0	0.0
-0.0002998907002620399	0.0
-4.931783405481838e-05	0.0
0.0	0.0
0.0	0.0
-0.0039852578192949295	0.0
0.0	1.0
-6.952864350751042e-05	0.0
0.0	0.37
0.0	0.0
0.0	0.0
0.0	0.0
-0.0002849516167771071	0.0
0.0	0.0
0.0	0.0
-4.612937232195691e-07	0.0
0.0	0.0
0.0	0.0
0.0	0.0
0.0	0.0
0.0	0.0
0.0	0.0
-0.00023945375869516283	0.0
0.0	0.0
0.0	0.0
-0.0007114024483598769	0.0
0.0	0.0
-2.088527935484308e-06	0.028
0.0	0.0
-1.631096347409766e-05	0.0
-0.000628063571639359	0.001002004008016032
-0.0015462619485333562	0.001002004008016032
0.0	0.0020768431983385254
-0.00018399240798316896	0.0020768431983385254
-0.00011847968562506139	0.0
0.0	1.0
0.0	0.0
-0.00015967166109476238	0.037
0.0	0.0
0.0	0.0
0.0	0.0
-4.953167737076214e-11	0.0
-0.00743971997871995	0.0
-0.008396336808800697	0.0
0.0	0.0
-4.272466061494562e-12	0.0
-2.284338506797212e-06	0.0
0.0	0.0
-1.038808861153484e-07	0.0
0.0	0.0
0.0	0.0
-7.889086646173382e-07	0.0
0.0	0.0
0.0	0.0
0.0	0.0
0.0	0.0
-0.00020717534061986953	0.0
-0.00029191977228038013	0.0
0.0	1.0
0.0	1.0
0.0	1.0
-0.0019893969874829054	0.047
-0.006095520686358213	0.047
0.0	0.002
0.0	0.0
0.0	0.0
-0.0005781764630228281	0.0
0.0	0.0
-0.0006750494358129799	0.0
0.0	0.0
-4.015750509900329e-10	0.0
-3.1292286539752467e-09	0.0
0.0	0.0
-8.253260830315412e-07	0.0
-0.0005121075082570314	0.0
-4.045727308721325e-09	0.0
-0.00067787995794788	0.0
0.0	0.0
-0.0034859152510762215	0.0
0.0	0.0
-0.0002708510437514633	0.0
0.0	0.001
-0.00385349802672863	0.001
0.0	0.0
-0.0003944738127756864	0.0
-1.214122494275216e-05	0.001
0.0	0.001
0.0	0.001
-0.00020742214110214263	0.0
0.0	0.0
0.0	0.0
-0.0006924863555468619	0.0
-0.003710302524268627	0.0
-3.3485022868262604e-05	0.0
-0.0015436902176588774	0.001
0.0	0.001
-0.002039211103692651	0.0
0.0	0.0
0.0	0.0
0.0	0.0
-0.003509447444230318	0.0
0.0	0.0
0.0	0.0
0.0	0.0
0.0	0.0
0.0	0.0
-0.003149742027744651	0.0
0.0	0.0
0.0	0.0
-5.690610649367045e-08	0.0
-0.0008869650191627443	0.0
0.0	0.0
0.0	0.0
-9.715049875680393e-10	0.0
0.0	0.013574660633484163
0.0	1.0
-0.006548355799168348	0.0
-0.0005637563299387693	0.0
0.0	0.0
0.0	0.0
0.0	0.0
0.0	0.0
0.0	0.0
0.0	0.0
0.0	0.0
0.0	0.0
0.0	0.0
-0.00259804492816329	0.0
0.0	0.0
0.0	0.0
0.0	1.0
0.0	0.0
-2.2903082935954444e-05	1.0
0.0	1.0
-0.0013829953968524933	0.0
0.0	1.0
-1.723555033095181e-05	0.0
0.0	0.0
0.0	0.0
-0.003211089177057147	0.0
0.0	0.0
0.0	0.0
0.0	0.0
0.0	0.0
-2.1281017325236462e-05	0.0
-0.0004501929215621203	0.0
0.0	0.0
