0.0	0.0
0.0	0.0
-1.1009888112312183e-06	0.0
0.0	0.0
-7.938433554954827e-08	0.0
-2.156672599085141e-05	0.0
0.0	0.0
-0.005984403658658266	0.0
0.0	0.0
-6.610246782656759e-05	0.0
0.0	0.0
0.0	0.0
0.0	0.0
-1.0108492176641448e-07	0.0
-2.1429510525194928e-05	0.0
0.0	0.0
0.0	0.0
0.0	0.0
0.0	0.0
0.0	0.0
0.0	0.0
0.0	0.001
-2.956204725457212e-11	0.0
-8.325018279720098e-05	0.0
0.0	0.0
-4.807451432498056e-07	0.0
0.0	0.006
0.0	0.001006036217303823
-0.003915237728506327	0.001006036217303823
0.0	0.006006006006006006
0.0	0.0
0.0	0.0
0.0	0.0
-0.004873486235737801	0.0
0.0	0.0
0.0	0.0
-3.2052026654127985e-05	0.0
0.0	0.0
0.0	0.0
0.0	0.0
0.0	0.0
0.0	0.0
-2.7344258342054673e-06	0.0
-0.005224909633398056	0.0
-1.7597030819160864e-05	0.0
0.0	0.0
0.0	0.0
-6.164860621993284e-08	0.003
0.0	0.003
-9.258877302006918e-13	0.0
0.0	0.0
0.0	0.0
0.0	0.003
-0.0009412532672286034	1.0
0.0	1.0
-1.2173464938314282e-06	0.0
0.0	0.0
-0.004420831333845854	0.0
0.0	0.0
0.0	1.0
0.0	0.0
0.0	0.0
0.0	0.0
0.0	0.0
-1.83195443241857e-05	0.0
0.0	0.0
-6.211674917722121e-05	0.0
0.0	1.0
-0.0016006157966330647	0.0
-0.008009737357497215	0.0
-0.0014472627080976963	0.0
0.0	1.0
0.0	0.0
-0.00017531751655042171	0.0
0.0	0.0
0.0	0.0
-0.0016165246488526464	0.0
0.0	0.0
0.0	0.0
0.0	0.0
0.0	1.0
0.0	0.0
-1.462975962596147e-08	0.0
0.0	1.0
0.0	0.0
0.0	0.0
0.0	0.0
0.0	0.0
0.0	0.0
-0.0021325971465557814	0.0
-0.00021444626327138394	0.0
0.0	0.0
0.0	0.0
-0.003511211834847927	0.0
0.0	0.0
-0.0047778598964214325	0.0
0.0	0.0
-3.147545385218109e-06	1.0
0.0	1.0
0.0	1.0
0.0	0.0
-0.0005095308879390359	0.0
0.0	0.0
-2.505694762788835e-09	0.0
0.0	0.0
0.0	0.0
0.0	0.0
0.0	0.003
-9.569634130457416e-05	0.003
0.0	0.1111111111111111
0.0	0.0
-7.203637323982548e-06	0.003
0.0	0.0
-3.981667396146804e-05	0.0
0.0	0.0
0.0	0.0
-0.003615864086896181	0.0
0.0	0.0
-8.735555923067295e-08	0.0
0.0	0.0
0.0	0.0
-2.4356531866942532e-06	0.0
-5.070015163255448e-07	0.0
0.0	0.0
0.0	0.0
-1.0765165825432632e-05	0.0
0.0	0.0
0.0	0.0
0.0	0.0
0.0	0.0
0.0	0.0
0.0	0.0
-0.0005084732547402382	0.0
-0.003828272921964526	0.0
-6.765190621246808e-13	0.0
0.0	0.0
-0.004579792730510235	0.0
0.0	0.0
0.0	0.0
-0.0001868792751338333	0.0
0.0	0.0
0.0	1.0
0.0	0.0
-3.9708274357508344e-07	0.0
-9.860379213932902e-05	0.0
-2.0143941625860862e-08	0.0
-0.0005939668044447899	0.007
0.0	0.0
0.0	0.0
0.0	0.0
0.0	0.007
0.0	1.0
0.0	0.0
-0.0007269619381986558	0.0
0.0	0.0
0.0	0.0
0.0	0.0
0.0	0.0
0.0	0.0
0.0	0.0
-1.2384326737446827e-06	0.0
0.0	0.0
-1.5373028873000294e-05	0.0
0.0	0.0
0.0	0.0
-0.0010206933366134763	0.0
-2.7777321065514116e-06	0.0
0.0	0.0
0.0	0.004
0.0	0.0
0.0	0.0
0.0	0.0
-7.91892375673342e-07	1.0
0.0	1.0
0.0	1.0
0.0	1.0
0.0	1.0
-0.09577509015798569	0.0
-0.0014452219475060701	0.0
0.0	0.0
0.0	0.0
-0.00024753526668064296	0.0
-1.7871136037683755e-07	0.0
0.0	0.0
0.0	0.0
-0.00019005234935320914	0.0
0.0	0.0
-6.666486807027638e-10	0.0
-0.02207164093852043	0.0
0.0	1.0
0.0	1.0
-0.08240827172994614	0.0
0.0	1.0
-0.0014985337620601058	1.0
0.0	0.0
0.0	0.0
-2.459252357311925e-08	0.0
-1.386406324854761e-06	0.0
-4.167721670000901e-07	0.0
0.0	0.0
0.0	0.0
-0.0040218946523964405	0.0
0.0	0.0
-0.00012631487334147096	0.0
-0.00965150073170662	0.0
-0.005327161867171526	0.0
-1.0148795581699233e-06	0.0
-0.00010483310325071216	1.0
-1.2628482181753498e-05	0.0
0.0	1.0
-3.211208968423307e-05	0.0
0.0	0.0
-1.1351514331181534e-05	0.0
-0.00012308426084928215	0.0
-0.0046910797245800495	0.0
0.0	1.0
0.0	0.0
-1.070014965520727e-09	0.0
0.0	0.0
-0.003162882523611188	0.0
-7.224224100355059e-05	0.024
0.0	0.024
0.0	0.0
0.0	0.0
0.0	0.0
-0.001244362210854888	1.0
-0.00028423257754184306	0.0
-6.732248948537745e-06	0.0
0.0	0.0
-2.8814946956279286e-11	0.0
0.0	0.0
-0.016409095376729965	0.0
-2.3530412818217883e-06	0.0
0.0	0.0
0.0	0.0
-0.012025676667690277	0.0
0.0	0.0
0.0	0.0
-3.5540144835977117e-06	0.0
-0.00011446225107647479	0.0
-9.138933819485828e-06	0.0
0.0	0.0
0.0	1.0
0.0	0.002
-0.0007213493809103966	0.0
0.0	1.0
-9.015807336254511e-06	1.0
0.0	0.0
0.0	0.0
-0.0005142319132573903	0.0
-2.365434514928211e-10	0.0
-8.161839204490207e-09	0.0
-3.2120448523187406e-09	0.0
-2.288188989041373e-05	0.001
0.0	0.0
0.0	0.0
-0.001963228452950716	0.0
-1.4194582035997882e-05	0.001
-0.000343155610607937	0.001
-0.0001454034063499421	0.0
0.0	0.0
-2.719415022056637e-07	0.0
0.0	0.0
-2.7918247724301182e-05	0.0
-8.286325510198367e-07	1.0
0.0	0.0
0.0	0.0
0.0	1.0
-0.008496841415762901	0.0
0.0	0.0
-0.00026120684924535453	0.0
0.0	0.0
0.0	0.0
0.0	0.0
0.0	0.0
0.0	0.0
0.0	0.0
-1.0852761356261453e-08	0.0
-0.00022889651881996542	0.0
0.0	0.0
-1.4495335562969558e-05	0.0
-6.854166656466987e-08	0.0
0.0	0.0
0.0	0.0
-0.015986768528819084	0.0
-6.572257916559465e-06	0.0
-0.0012638127664104104	0.0
0.0	0.0
0.0	0.0
0.0	0.0
0.0	0.0
0.0	0.0
0.0	0.0
-0.007422648370265961	0.0
-0.0005401805392466486	0.0
0.0	0.0
0.0	0.0
0.0	1.0
0.0	1.0
-2.6190710400442185e-07	0.0
-0.005169281270354986	0.0
-0.00042293473961763084	0.0
0.0	0.0
0.0	0.0
0.0	0.0
-1.4489923216842726e-07	1.0
0.0	1.0
0.0	0.0
0.0	1.0
-0.00011577230907278135	1.0
0.0	0.0
0.0	0.0
0.0	0.0
-6.528304220410064e-05	0.0
0.0	0.0
0.0	0.0
0.0	0.0
-0.001958825858309865	0.0
-0.016985144466161728	0.0
0.0	1.0
0.0	0.002
-0.003176216036081314	0.0
0.0	1.0
-0.0007578678778372705	1.0
0.0	1.0
-2.148434532500687e-06	0.0
-4.32000879513339e-09	0.0
-6.507523266918724e-07	1.0
0.0	0.0
-1.754663081499075e-09	0.0
-5.217788157096948e-07	0.0
-0.001889058854430914	0.0
0.0	0.0
0.0	0.0
-0.0013061611680313945	0.0
-0.0015815908554941416	0.0
-1.1548423799467855e-06	0.0
0.0	0.008
0.0	0.008
-0.0006531959515996277	0.0
0.0	0.0
-2.4480112188030034e-05	1.0
-5.932553493598336e-12	0.0
-0.0001236320531461388	0.0
-0.0003611096180975437	0.0
0.0	0.0
0.0	0.03
0.0	0.0
-3.978236406965152e-08	0.03
0.0	0.03
0.0	0.03
0.0	0.0
0.0	1.0
-2.2373943409093044e-07	0.0
0.0	0.0
-1.345750661130296e-05	0.0
-0.000576121499761939	0.0
-0.00014057813677936792	0.0
0.0	0.0
0.0	0.0
0.0	0.0
0.0	0.0
0.0	0.0
-3.445225355003245e-11	0.0
0.0	0.0
0.0	0.0
-0.002027199137955904	0.0
0.0	0.0
0.0	0.0
-0.009996844455599785	0.0
-0.000532080652192235	0.016
0.0	0.016
0.0	0.016
0.0	0.016
0.0	0.0
0.0	0.016
0.0	0.016
0.0	0.0
-2.4463248093908874e-10	0.0
-0.0031458549201488495	0.0
0.0	1.0
0.0	1.0
-0.00014415911573451012	0.0
0.0	0.0
0.0	0.0
0.0	0.0
-5.5776963563403115e-06	0.0
-0.0027229012921452522	0.0
-1.9705128639913028e-09	0.0
-0.0019539021886885166	0.0
-0.00022492624702863395	0.0
-0.00043395557440817356	0.0
0.0	1.0
-3.405384632060304e-05	0.0
0.0	0.0
-0.0030617276206612587	0.0
-0.0018402907298877835	1.0
0.0	1.0
-0.009371309541165829	0.0
0.0	0.024
0.0	0.0
0.0	0.0
0.0	1.0
-8.13087808637647e-06	0.0
0.0	0.0
0.0	0.0
-3.747068694792688e-05	1.0
0.0	0.0
-0.0032184594310820103	0.0
-4.402636477607302e-06	0.0
-3.455984187894501e-05	0.0
-1.3143306887286599e-06	0.0
0.0	0.0
0.0	0.0
-0.008113251999020576	0.0
-2.8216248781909314e-10	1.0
0.0	0.0
0.0	0.0
0.0	0.0
-4.850037385040196e-07	0.0
0.0	0.0
0.0	0.0
0.0	0.0
0.0	0.0
0.0	1.0
-5.788254320293618e-09	0.0
0.0	0.0
0.0	1.0
0.0	1.0
-0.0003553901333361864	0.0
0.0	1.0
0.0	1.0
-5.3556259871356815e-08	0.0
-0.00017628753266762942	0.0
0.0	1.0
-1.463106080734633e-09	0.0
-0.0010411926778033376	0.0
-0.002251528901979327	0.0
0.0	0.0
-4.720924578994687e-14	0.0
0.0	0.0
-0.0005253599374555051	0.0
0.0	0.0
-3.865400231006788e-06	0.0
-0.00028630849556066096	0.0
0.0	0.0
-7.459596236003563e-05	0.0
0.0	0.0
0.0	0.0
0.0	0.0
0.0	0.0
0.0	0.0
-3.850370194413699e-05	0.0
-5.115169642522233e-06	0.0
-0.0037149626296013594	0.0
-1.88549779522873e-06	0.0
0.0	0.0
0.0	0.0
-0.007240897975862026	0.0
-4.742816963698715e-05	0.0
-0.0003656137268990278	0.0
0.0	0.0
0.0	0.0
-1.95052180060884e-05	0.0
0.0	0.0
0.0	0.0
0.0	0.976
-0.006782893557101488	0.976
0.0	0.0
-0.0021072658710181713	0.0
-2.3153709207690554e-06	0.0
0.0	0.0
0.0	0.0
0.0	0.0
-0.011899320408701897	0.0
-0.001155137550085783	1.0
0.0	1.0
-7.21156902727671e-05	1.0
0.0	1.0
0.0	1.0
0.0	1.0
-0.0006180232157930732	1.0
0.0	0.0
0.0	0.0
0.0	0.0
-1.0906116585829295e-05	0.0
-0.01044469140470028	0.0
0.0	0.0
-2.138635011306178e-07	0.0
-2.1313151243873563e-09	0.0
0.0	0.0
-3.556385408387541e-08	0.0
-0.0016553672030568123	0.0
-3.4819393476936966e-05	1.0
0.0	0.0
0.0	0.0
-0.009017136879265308	0.0
0.0	0.0
-4.143865953665227e-05	0.0
0.0	0.0
0.0	0.0
-9.411041537532583e-05	0.0
0.0	0.0
0.0	0.0
-0.0018068584613502026	1.0
0.0	0.0
0.0	0.0
0.0	0.0
0.0	0.0
-6.138617436590721e-08	0.0
0.0	0.0
0.0	0.0
0.0	0.0
-0.001058588270097971	0.0
0.0	0.0
0.0	0.0
-9.616745728635578e-07	0.0
-5.6538447097409517e-05	0.0
0.0	0.0
-4.477069524000399e-06	0.0
-0.0014815183822065592	0.0
0.0	0.0
-0.00025406558415852487	0.0
-2.800074071274139e-06	0.0
-0.0003621624782681465	1.0
-8.844243893690873e-06	0.0
0.0	0.0
0.0	0.0
-0.0035642613656818867	0.0
-0.0007621317054145038	0.0
0.0	0.0
-0.007110024336725473	0.0
0.0	0.0
0.0	0.0
0.0	0.0
0.0	0.0
0.0	0.0
0.0	0.0
-4.041393185616471e-05	0.0
0.0	0.0
0.0	0.0
0.0	0.0
0.0	0.0
-0.00010445591033203527	0.0
0.0	0.0
0.0	0.0
-5.911002531888698e-08	0.001
0.0	0.0
-0.001025454606860876	0.0
-0.002268417738378048	0.07
0.0	0.0
0.0	0.07
0.0	0.0
0.0	0.07
-0.07879473268985748	0.0
0.0	0.0
-0.0033262809738516808	0.0
0.0	0.07
0.0	0.07
0.0	0.0
-0.021934736520051956	0.0
0.0	0.0
0.0	0.0
0.0	0.0
0.0	0.0
0.0	0.045
0.0	0.0
0.0	0.045
0.0	0.0
0.0	0.045
-0.007002742495387793	0.045
0.0	0.045
0.0	0.045
0.0	0.0
0.0	0.0
-8.407935238938129e-18	1.0
-5.866145785272947e-13	0.0
0.0	0.0
0.0	0.0
0.0	0.0
0.0	0.0
0.0	0.0
-0.011866727843880653	0.0
0.0	0.0
-2.213513471360784e-05	0.0
-5.548658737097867e-05	0.0
-0.0003026639169547707	0.0
-5.345026875147596e-05	0.0
-0.0027358210645616055	0.0
0.0	0.0
-0.0032038341742008924	0.0
-1.2340151123169107e-09	0.0
-7.562171375208315e-12	0.0
-7.473272853530943e-05	0.0
0.0	0.0
-3.0812248041911516e-07	0.0
-9.706000270170989e-08	0.0
-1.9879405499523273e-06	0.0
0.0	0.0
0.0	0.0
-1.6855092610512656e-07	0.0
-1.249323702268157e-07	0.0
0.0	0.0
0.0	0.0
0.0	0.0
0.0	0.0
0.0	0.0
-8.478249213794697e-08	0.0
0.0	0.0
-9.860733553068712e-05	0.0
0.0	0.0
-1.6467401664499448e-08	0.0
-8.740008752283757e-07	0.0
-8.325584349222481e-05	0.0
-0.006513319443911314	0.0
0.0	1.0
0.0	0.0
-3.1071328976395307e-06	0.076
0.0	0.0
0.0	0.36018957345971564
0.0	0.0
0.0	0.0
0.0	0.0
-2.4800454411888495e-05	0.0
-0.001663145492784679	0.0
0.0	1.0
-0.0017318452009931207	0.005
0.0	0.0
0.0	0.0
0.0	0.0
-2.6213763248961186e-06	0.0
0.0	0.0
0.0	0.0
0.0	0.0
0.0	0.0
0.0	0.0
-0.0004287708143237978	0.0
0.0	0.0
-1.141612693267291e-09	0.0
0.0	0.0
0.0	0.0
0.0	0.0
0.0	0.0
-0.002538623521104455	0.0
-3.399041445035595e-21	0.0
-0.0005600966978818178	0.0
0.0	0.0
0.0	0.0
-0.004484653938561678	0.0
-8.753075962886214e-05	0.0
0.0	0.0
-0.0001885071978904307	0.0
-4.775533857248604e-10	0.0
0.0	0.0
-6.0785845562350005e-05	0.0
0.0	0.0
0.0	0.0
0.0	0.002
0.0	0.0
0.0	0.0
0.0	0.002
0.0	0.0
0.0	0.0
-8.160724974004552e-05	0.0
0.0	0.0
0.0	0.0
-3.48079720424721e-06	0.0
0.0	0.0
-4.038814495288534e-06	0.0
0.0	0.0
0.0	0.0
-4.5710316953773145e-06	0.0
-0.0026569964829832315	0.0
0.0	0.0
0.0	0.0
0.0	0.0
0.0	0.0
0.0	0.0
-6.004191618558252e-06	0.0
-0.002050290582701564	0.0
-0.000598218641243875	0.024
0.0	0.024
0.0	0.0
-1.3637610209116247e-05	0.024
-0.004065379966050386	0.0
0.0	0.0
0.0	0.0
0.0	0.0
-1.8656392057891935e-06	0.0
-0.0028470619581639767	0.0
0.0	0.0
0.0	0.0
-4.2137839045608416e-05	0.0
0.0	0.0
0.0	0.0
0.0	0.0
0.0	0.0
0.0	0.0
0.0	0.0
0.0	0.0
-1.9418691010741895e-07	0.0
0.0	0.0
-1.0384036613686476e-05	0.0
0.0	0.0
0.0	0.0
0.0	0.0
-0.013223436661064625	0.0
-0.0015823858557268977	0.024
0.0	0.0
0.0	0.0
0.0	0.0
0.0	0.0
0.0	0.0
0.0	0.024
-3.7802885799465e-07	0.024
0.0	0.024
0.0	0.024
-0.008866926655173302	0.0
0.0	0.0
0.0	0.0
0.0	0.024
-1.045022258949757e-06	0.0
0.0	0.0
-0.005322545301169157	0.0
0.0	0.0
0.0	0.0
-0.0023074145428836346	0.0
0.0	0.0
0.0	0.0
-0.001602836069650948	0.0
0.0	0.0
0.0	0.0
0.0	0.0
-0.0039085024036467075	0.0
0.0	0.0
0.0	1.0
0.0	0.0020491803278688526
0.0	0.0
-0.001712396158836782	0.0
0.0	0.002
0.0	0.002
-0.0015176357701420784	0.00202020202020202
0.0	0.0
0.0	0.01002004008016032
-0.0002747364924289286	0.0
-0.0026041606906801462	0.0
-0.0025508939288556576	0.0
0.0	0.0
0.0	0.0
0.0	0.024
-0.007044961676001549	0.0
-0.003424345050007105	0.0
0.0	0.0
0.0	0.0
-8.274786523543298e-05	0.0
0.0	0.0
-5.4936482446477086e-11	0.022
-0.0003104375791735947	0.0
-0.003134380094707012	1.0
0.0	0.0
0.0	0.022
-1.1387415725039318e-05	0.022
0.0	0.0
0.0	0.0
-0.006149621214717627	0.0
0.0	0.0
0.0	0.0
0.0	0.0
0.0	0.0
-0.0026898658834397793	0.0
-0.004804057534784079	0.0
0.0	0.0
0.0	0.0
-0.0009768869495019317	0.0
-6.279681110754609e-05	0.0
0.0	0.0
0.0	0.0
0.0	0.0
0.0	0.0
-0.0005407078424468637	0.0
0.0	0.0
0.0	0.0
-7.225195440696552e-05	0.0
0.0	0.0
0.0	1.0
-1.2706778740323443e-08	0.081
-0.0016257333336398005	0.081
-0.0012082793982699513	0.0
-1.1020035344699863e-05	0.0
0.0	0.0
0.0	1.0
0.0	0.081
0.0	0.0
0.0	0.0
0.0	0.065
0.0	0.0
0.0	0.0
0.0	0.0
0.0	0.0
0.0	0.0
0.0	0.0
0.0	0.0
0.0	0.0
0.0	0.0
-3.185969821295487e-10	0.0
-0.0005746468668803573	0.001
0.0	0.0
-4.293252970910544e-07	0.001
0.0	0.001
-0.0003356055240146816	0.001
0.0	0.046
0.0	0.0
-0.00010803309851326048	0.046
0.0	0.0
0.0	0.0
0.0	0.0
0.0	0.0
0.0	0.0
-1.3958076124254148e-05	1.0
0.0	0.0
-0.0005167980561964214	0.0
0.0	0.0
0.0	0.0
-4.340367013355717e-06	0.0
-7.601424489855901e-10	0.0
-3.4816782772395527e-06	0.0
0.0	0.0
0.0	0.0
0.0	0.0
-0.0011245660716667771	0.0
-2.0834308088524267e-05	0.0
0.0	0.0
-0.008349446579813957	0.0
0.0	0.0
0.0	0.0
0.0	0.0
0.0	0.0
0.0	0.0
0.0	0.0
-0.0001526350388303399	0.0
-4.395128780743107e-05	0.0
-0.005743748042732477	0.0
0.0	0.0
0.0	0.0
0.0	0.0
-0.013876181095838547	0.0
-0.004991257097572088	0.0
-1.2105546787211097e-08	0.0
-0.0007852885755710304	0.0
-0.00019598047947511077	0.0
0.0	0.0
-2.5870640456560068e-05	0.0
0.0	0.0
0.0	0.0
-9.671731822891161e-05	0.024
0.0	0.024
-0.015172374434769154	0.0
0.0	0.094
0.0	0.07172131147540983
0.0	0.0
0.0	0.0
0.0	0.024
0.0	0.024
-1.4852362539841124e-07	0.0
0.0	1.0
-0.005848972592502832	0.0
0.0	0.0
0.0	1.0
0.0	0.0
0.0	0.024
-4.423658239716133e-08	0.024
-0.0026856332551687956	0.0
-2.8223044523656426e-07	0.024
0.0	0.024
0.0	0.024
0.0	0.0
0.0	0.0
-2.9170154448365793e-05	0.0
-2.5707098757266067e-05	0.0
-0.000241255882428959	0.0
0.0	0.0
0.0	0.0
-0.00980488769710064	0.0
0.0	0.0
-7.821204235369805e-06	0.0
-1.606388650543522e-06	0.0
-0.0002717676979955286	0.0
-1.6729492926970124e-05	0.0
0.0	0.0
0.0	0.0
0.0	0.0
0.0	0.0
0.0	0.0
0.0	0.0
0.0	0.0
0.0	0.0
0.0	0.0
-0.008527178317308426	0.0
0.0	0.0
0.0	0.0
0.0	0.0
0.0	1.0
0.0	0.0
0.0	0.0
0.0	0.0
0.0	0.0
-0.0007491343421861529	0.0
-7.204005669336766e-06	1.0
-0.001391903730109334	0.0
0.0	0.0
-0.0055420612916350365	0.0
0.0	0.0
-5.581185632763663e-06	0.0
-8.736172674161935e-08	0.0
-9.587990845716376e-09	0.0
0.0	0.0
0.0	0.0
0.0	0.0
0.0	0.0
-0.0005834693438373506	0.0
0.0	0.0
0.0	0.0
0.0	0.0
0.0	0.0
0.0	0.0
0.0	0.0
0.0	0.0
-0.07469765841960907	0.0
-0.01851769909262657	0.0
-0.011349332518875599	0.0
-3.6934036984348495e-07	0.0
0.0	0.0
0.0	0.072
0.0	0.0
0.0	0.0
0.0	0.0
-1.7088315871660598e-05	0.0
-8.905425374905462e-08	0.0
-3.9211403013439394e-09	0.005
-0.0015199262415990233	0.0
-2.3058894385030726e-06	0.0
-0.003953013569116592	0.005
0.0	0.0
0.0	0.0
-0.0007180320681072772	0.0
-1.051426323783744e-08	0.0
0.0	0.0
0.0	0.0
0.0	0.0
0.0	0.0
0.0	0.0
-0.002579677617177367	0.0
