-2.047572955632404e-08	0.0
0.0	1.0
-0.00041810693801380694	0.0
0.0	0.0
-7.396997148134687e-07	1.0
0.0	1.0
0.0	1.0
-1.9530761730113255e-10	0.0
0.0	0.0
0.0	0.0
0.0	0.0
0.0	0.0
-0.0003548709210008383	0.0
-0.0005969260237179697	0.0
0.0	0.0
0.0	0.0
0.0	0.0
-0.001810256508179009	0.0
-1.4717086216364805e-08	0.0
0.0	0.0
-0.0023873515892773867	0.0
-1.7066615498606552e-07	0.0
0.0	0.0
0.0	0.0
0.0	0.0
0.0	0.0
0.0	0.0
0.0	0.0
0.0	0.0
0.0	0.0
-3.2715574889152776e-06	0.0
0.0	0.0
0.0	0.0
-1.0039067319667083e-06	1.0
-0.0005541902501136065	0.0
0.0	0.0
-0.0002762605145107955	1.0
-4.1703449937813275e-07	1.0
-0.006567416712641716	0.0
0.0	0.0
0.0	0.0
0.0	1.0
0.0	1.0
0.0	0.0
0.0	1.0
0.0	0.0
-0.0007422259077429771	1.0
0.0	0.0
0.0	1.0
0.0	1.0
-0.0005416449857875705	0.0
0.0	0.002
0.0	1.0
0.0	0.0
0.0	1.0
0.0	1.0
0.0	0.0
-2.268643584102392e-06	0.0
-0.00017826349358074367	0.0
0.0	0.0
-0.00028449291130527854	0.0
0.0	0.0
0.0	0.0
0.0	0.0
0.0	0.0
0.0	0.0
0.0	0.0
0.0	0.0
-1.1591931325938276e-07	0.0
-0.003530004993081093	0.0
-0.0019136134069412947	0.0
-0.0010896134190261364	0.0
0.0	0.0
0.0	0.0
-0.0002346673863939941	0.0
0.0	0.0
-1.3032397873757873e-05	0.0
0.0	0.0
0.0	0.0
0.0	0.0
-0.005678691901266575	0.0
-8.128481709945845e-08	0.0
-5.637557023874251e-06	0.0
-0.0015919063007459044	0.0
-1.0969500863211579e-08	0.0
-1.5743559345082758e-07	1.0
0.0	0.0
0.0	0.0
0.0	0.0
0.0	0.001
-7.443839322718304e-09	0.0
0.0	0.017
-4.772507963934913e-06	0.002
0.0	0.002
-1.1346821793267736e-06	0.0
-1.174062072095694e-05	0.0
0.0	0.0
-0.0033878469839692116	0.0
-9.077303548110649e-05	0.0
-0.00012042266462231055	0.0
0.0	0.0
0.0	0.0
-0.00027624881477095187	0.0
-0.019804708659648895	0.0
-0.00027700114878825843	1.0
0.0	0.0
0.0	0.0
-0.00012653195881284773	1.0
0.0	1.0
-1.7366407201180323e-09	0.0
-1.6678266547387466e-05	0.18
-4.435039446804012e-09	0.0
-1.8757214531595068e-11	0.0
0.0	0.18
0.0	0.0
-2.1005250800953945e-06	0.0
0.0	0.18
0.0	0.18
-0.00024800721439532936	0.18
0.0	0.0
-0.000590138603001833	0.18
0.0	0.0
0.0	0.0
-0.008349685929715633	0.0
-0.0059563578106462955	0.0
0.0	0.0
-2.2236129382235958e-07	0.0
0.0	0.0
0.0	0.0
0.0	0.0
0.0	0.0
0.0	0.0
0.0	0.0
-4.232488848288085e-08	0.013
0.0	0.013
0.0	0.013
-0.0003635321918409318	0.013
-0.00022918713511899114	0.0
-1.2858990885433741e-05	0.0
0.0	0.0
0.0	0.0
-0.000221800321014598	0.0
0.0	0.0
-7.98502514953725e-05	0.0
-0.004065820947289467	0.0
0.0	0.0
-0.009160900488495827	0.0
0.0	0.0
0.0	0.0
0.0	0.0
-0.006194234825670719	0.0
-3.620581523477995e-08	0.0
-7.905248639872298e-05	0.0
-0.0007942854426801205	0.0
0.0	0.0
0.0	0.0
0.0	0.0
0.0	0.0
0.0	0.0
0.0	0.0
-2.2015214199200273e-05	0.0
-3.674964261790592e-07	1.0
-2.0207941986427613e-08	1.0
-3.638155249063857e-05	0.0
0.0	0.0
-9.107244113693014e-05	0.0
0.0	0.0
0.0	0.0
0.0	0.0
0.0	0.0
-3.252040770007625e-08	0.0
0.0	0.82
-6.417353142751381e-05	0.82
-0.005449414253234863	0.0
0.0	0.0
-6.321255909824686e-07	0.0
-0.0027670760173350573	0.0
0.0	0.0
0.0	0.0
0.0	0.0
0.0	0.0
-0.022595738992094994	0.0
-0.0011428979923948646	0.0
0.0	0.0
0.0	0.0
0.0	0.0
0.0	1.0
-6.118372652963444e-07	1.0
0.0	1.0
0.0	1.0
0.0	0.094
-2.1215905690041836e-06	0.0
0.0	0.0
0.0	0.0
0.0	0.0
-3.7715997791565314e-07	0.0
0.0	0.0
-0.00016146080452017486	0.0
-0.0016549252904951572	0.0
0.0	0.0
0.0	0.0
0.0	0.0
0.0	0.0
0.0	0.0
0.0	1.0
-7.890303095337003e-07	0.0
0.0	0.0
0.0	1.0
0.0	0.0
-8.189235067845857e-09	0.022
-3.2998272217810154e-05	0.022
0.0	0.0
-0.0021945445332676172	0.026829268292682926
0.0	1.0
-0.028737597167491913	0.0
0.0	1.0
-1.1378863185029786e-08	1.0
-0.0025475581642240286	0.0
-5.264360152068548e-05	0.0
-8.415605989853248e-09	1.0
-0.00030017082463018596	0.0
-4.2212602857638615e-10	0.0
0.0	1.0
-2.4434968509012833e-05	0.0
0.0	0.0
0.0	0.0
-0.0003627385012805462	0.0
-2.2528518456965685e-05	1.0
-0.0002640600432641804	0.0
0.0	0.0
-0.0008218231960199773	0.0
-5.84967153827165e-07	1.0
0.0	0.0
0.0	0.0
0.0	0.0
0.0	0.0
-0.0010313463862985373	0.0
-0.0008575195679441094	0.0
0.0	0.0
0.0	0.0
-0.0028006581123918295	1.0
-0.0021984160412102938	0.0
0.0	1.0
-3.53785180777777e-05	0.0
0.0	1.0
-0.00013376418792176992	1.0
-0.012584437616169453	0.02158273381294964
0.0	0.0
-0.0001564289559610188	1.0
-3.910141003871104e-06	1.0
-0.0004141400568187237	1.0
-4.0331210584554356e-06	0.0
0.0	1.0
0.0	1.0
-3.0318869903567247e-07	1.0
0.0	1.0
0.0	0.0
0.0	0.0
0.0	0.0
-0.004481322597712278	0.0
0.0	0.0
0.0	0.003
0.0	0.0
0.0	0.0
0.0	0.003
-7.361297349461893e-09	0.0
0.0	0.0
0.0	0.0
-0.0032249027863144875	0.0
-1.6741762143279715e-10	0.0
0.0	0.0
0.0	0.0
0.0	0.0
-5.550604587251715e-17	0.0
0.0	0.0
-1.491835455169621e-08	1.0
-1.3539895917347167e-05	0.0
-1.060672275343677e-06	0.0
0.0	0.0
-0.00012500396405812353	1.0
0.0	1.0
0.0	1.0
0.0	1.0
0.0	1.0
0.0	0.0
-2.345004077142221e-06	0.0
-0.0006120541365817189	0.0
0.0	0.0
-7.845026295250079e-10	0.0
0.0	0.0
0.0	0.0
0.0	0.0
-0.000233426209888421	0.0
0.0	0.0
0.0	0.0
-0.00021917547564953566	0.0
0.0	0.0
-0.0004161667893640697	0.0
0.0	1.0
-0.00023304825299419463	0.0
0.0	1.0
0.0	1.0
0.0	0.0
0.0	0.0
-0.0006139366887509823	0.0
-0.0019800113514065742	0.0
0.0	0.0
-0.00704287551343441	0.0
-1.6877374946488999e-06	0.0
0.0	0.0
0.0	0.0
-0.000650245463475585	0.0
-7.407722296193242e-05	1.0
0.0	1.0
-0.00015357285155914724	0.0
-0.0029114147182554007	0.0
-0.0009324582060799003	1.0
0.0	0.0
0.0	0.0
0.0	0.0
-0.0003075639542657882	0.0
-0.00036435778019949794	0.0
-4.254574496257834e-16	0.0
0.0	1.0
0.0	1.0
0.0	0.0
-5.940770719803368e-08	0.0
0.0	0.0
-2.2916394755156944e-06	0.0
0.0	0.0
0.0	0.0
0.0	0.0
0.0	0.0
-9.31255126488395e-05	0.0
0.0	0.0
0.0	0.0
-6.15453245700337e-05	0.0
-0.005383751355111599	0.0
0.0	0.0
-0.0014607346383854747	0.0
0.0	0.0
0.0	0.0
-3.3563352189958096e-05	0.0
0.0	1.0
0.0	0.0
0.0	0.0
-1.9896531284757657e-06	0.0
0.0	1.0
0.0	0.0
0.0	0.0
0.0	0.0
-0.00574744027107954	0.0
-0.0006305035203695297	0.0
0.0	0.0
0.0	0.0
0.0	0.0
-1.4399570424927788e-08	0.0
-0.0005529304035007954	0.0
0.0	0.0
-9.908801985147875e-06	0.0
-3.2459771318826824e-05	0.0
-9.151140693575144e-05	0.0
-0.007136329542845488	0.0
0.0	0.0
0.0	0.0
0.0	0.0
0.0	0.0
0.0	1.0
0.0	1.0
-0.001482007559388876	1.0
0.0	0.0
0.0	1.0
0.0	0.0
-0.00012633339792955667	0.0
0.0	0.0
0.0	1.0
0.0	1.0
-2.50625504349955e-07	0.0
0.0	0.0
0.0	0.0
0.0	1.0
0.0	0.0
-0.00019139224605169147	0.0
-0.0001051640065270476	0.0
0.0	0.0
-0.0013324584579095244	0.0
0.0	0.0
0.0	0.0
-2.90092339128023e-05	0.0
0.0	0.0
-0.0005244776257313788	0.0
0.0	0.0
0.0	0.0
0.0	0.0
0.0	0.0
0.0	0.0
0.0	0.0
0.0	0.0
0.0	0.82
-0.0002581491135060787	0.0
-1.7990386140809278e-06	0.0
-0.0013367657084017992	0.0
0.0	0.0
-0.00044972533942200243	0.0
0.0	0.0
-3.594838038356585e-10	0.0
0.0	1.0
0.0	0.0
0.0	0.0
-0.0006331068580038846	0.18
-3.836964242509566e-05	1.0
0.0	0.0
0.0	1.0
0.0	0.18
0.0	0.18
0.0	0.0
-0.006472623907029629	0.0
-9.143560419033747e-06	0.0
0.0	1.0
-3.948658104491187e-06	1.0
0.0	1.0
0.0	1.0
0.0	1.0
0.0	1.0
0.0	1.0
-3.611998545238748e-05	0.0
0.0	0.0
0.0	0.082
-0.00010086208931170404	0.0
-1.480494546401978e-12	0.0
0.0	0.001
0.0	0.0
-6.52926655675401e-06	0.0
0.0	0.0
-0.00011304325744276866	0.0
0.0	0.0
0.0	0.0
-0.002372089773416519	0.0
0.0	0.0
0.0	1.0
0.0	0.0
0.0	0.082
-0.0026878458447754383	0.0
-0.00034108920954167843	0.0
0.0	0.0
-0.0039019479881972075	0.0
0.0	0.0
0.0	0.0
-6.510429102490889e-07	0.0
-8.191314555006102e-05	0.0
0.0	0.0
-0.00037540800985880196	0.0
-2.2393264771380927e-06	0.0
0.0	0.0
0.0	0.0
0.0	0.0
0.0	0.0
-1.6846447847829182e-11	0.0
-0.0020891851745545864	0.0
0.0	0.0
0.0	0.0
0.0	0.0
0.0	0.0
-8.971225179266185e-05	0.0
0.0	0.0
0.0	0.0
-7.093237996969037e-08	0.0
0.0	0.0
0.0	0.0
0.0	0.0
0.0	0.0
0.0	0.0
0.0	0.0
0.0	0.0
-2.9850093596905936e-07	1.0
0.0	1.0
0.0	0.0
0.0	0.0
-1.3079727523290785e-07	1.0
-3.3377394181854925e-09	0.0
-1.073444124699563e-07	1.0
-8.188643732864875e-06	0.0
0.0	1.0
0.0	0.0
-6.965521606616676e-06	1.0
0.0	1.0
-0.008967509493231773	0.0
-0.00020761079213116318	0.0
-3.6207040920999134e-07	0.0
0.0	0.0
-0.0007745134644210339	0.0
0.0	0.0
-1.4871092162138666e-06	0.0
0.0	0.0
0.0	0.0
-0.00011853958858409896	0.0
0.0	0.0
-0.002791310427710414	0.0
0.0	1.0
0.0	0.0
-9.725697054818738e-06	1.0
0.0	0.0
-4.0431529235718244e-09	0.0
0.0	0.0
0.0	0.0
0.0	0.0
0.0	0.82
-0.0023659635335206985	0.0
0.0	0.82
-0.00023099014651961625	0.0
0.0	0.0
0.0	0.0
0.0	0.0
-2.5370513867528643e-06	0.0
0.0	0.0
-3.880915028275922e-05	0.0
0.0	0.0
0.0	0.0
0.0	0.0
-1.4644660041085444e-05	0.0
0.0	0.0
0.0	0.0
0.0	0.0
0.0	0.0
0.0	0.0
0.0	0.0
0.0	0.0
0.0	0.0
-2.3569069185214175e-07	0.0
-3.181690090059419e-06	0.18
-1.510125180459454e-08	1.0
0.0	1.0
-6.342024505556765e-08	1.0
-0.000885752378962934	0.18
0.0	1.0
-0.007528803311288357	0.0
-0.0004469045961741358	0.0
0.0	0.0
-1.8104104810845456e-06	1.0
0.0	0.0
0.0	0.18
-7.576822099508718e-05	0.0
0.0	1.0
0.0	0.18
-7.712257570346992e-07	0.18
0.0	0.0
-4.219346649847466e-09	0.0
-1.344587496898697e-10	0.0
0.0	0.0
0.0	0.0
0.0	0.005
0.0	0.005
0.0	1.0
-0.027819843962788582	0.0
0.0	0.0
0.0	0.0
0.0	1.0
0.0	0.0
0.0	0.0
0.0	1.0
0.0	0.0
-3.075840140809305e-05	0.0
-0.002123502781614661	0.0
0.0	0.0
-3.880161469904664e-11	0.0
-0.0011886510765179992	1.0
0.0	0.0
-4.686698048317339e-06	0.0
-0.004876622464507818	0.0
-0.00014522804121952504	1.0
0.0	0.0
-0.002206147415563464	0.0
0.0	0.0
-0.0001706478069536388	1.0
-1.0785593076434452e-06	1.0
0.0	1.0
-5.3963713071425445e-06	1.0
0.0	1.0
-0.0033305154647678137	1.0
-0.00015174820146057755	1.0
-1.8011752445090679e-06	0.0
0.0	0.001
-2.445182112342792e-10	0.078
0.0	0.0
-0.0004120179801248014	0.0
0.0	0.0
-7.432552795449965e-09	0.0
-0.0008068347233347595	0.0
-0.0006480598822236061	1.0
0.0	1.0
0.0	1.0
0.0	0.0
0.0	0.0
-2.1359430775191868e-06	0.0
0.0	0.0
-3.7607094327540835e-07	0.0
-0.004470780957490206	0.0
0.0	0.0
0.0	0.0
0.0	0.0
-0.008978905156254768	0.0
0.0	0.0
-0.0018522164318710566	0.0
0.0	0.0
0.0	0.0
-0.025349905714392662	0.0
-0.000507176446262747	0.0
0.0	0.0
0.0	0.0
0.0	1.0
-0.0020394246093928814	0.0
-7.68756217439659e-05	1.0
0.0	1.0
-6.069056013302543e-08	0.0
-0.0010333486134186387	0.0
0.0	0.0
0.0	0.0
0.0	0.0
0.0	0.0
0.0	0.0
-1.0826710639122439e-09	0.0
-0.013391447253525257	0.0
0.0	0.0
-0.00010939692583633587	0.0
0.0	0.0
0.0	0.0
-1.7374883753973336e-08	0.0
0.0	0.0
-1.836018418543972e-05	0.0
-0.00023030457668937743	0.0
0.0	0.0
-3.6339943108032458e-06	0.0
-1.2011501837605465e-07	0.0
-2.0415769540704787e-05	0.0
-0.00276741199195385	0.0
0.0	1.0
0.0	0.0
-0.0003743380948435515	0.0
0.0	0.0
-0.00026924858684651554	1.0
-1.4787930012971628e-05	0.0
0.0	1.0
0.0	0.0
-0.00019191825413145125	0.0
-0.0027347607538104057	0.0
0.0	0.0
0.0	1.0
0.0	0.0
0.0	1.0
-0.00014429977454710752	1.0
0.0	0.0
0.0	0.0
-2.950712030269642e-08	1.0
-6.415406096493825e-05	0.0
-2.2619133233092725e-06	0.0
-3.445557376835495e-05	0.0
-0.01802554540336132	0.0
-0.0005183732719160616	0.0
0.0	0.0
0.0	0.0
0.0	0.0
0.0	0.0
-0.0013893494615331292	0.0
0.0	0.0
0.0	0.0
0.0	0.0
-1.273254383704625e-05	0.0
-0.0010833647102117538	0.0
-5.163155947229825e-06	0.0
-9.555704991726088e-07	0.0
0.0	0.0
0.0	0.0
0.0	0.0
0.0	0.0
0.0	0.0
0.0	0.0
0.0	0.0
-0.0007909697014838457	0.0
-0.003313500201329589	0.0
-0.006350643467158079	0.0
0.0	0.0
0.0	0.0
0.0	0.0
-0.010989178903400898	0.0
0.0	0.0
0.0	0.0
0.0	1.0
0.0	0.0
0.0	0.0
0.0	0.0
-0.0005795950419269502	0.0
0.0	0.0
-4.70598170068115e-05	0.0
0.0	0.0
0.0	0.0
0.0	0.0
0.0	0.0
-0.0023665016051381826	0.0
0.0	0.0
0.0	0.0
0.0	0.0
0.0	0.0
-0.021923460066318512	0.0
0.0	0.0
0.0	0.0
0.0	0.0
-4.1380374682375987e-08	0.0
0.0	0.0
-3.459633808233775e-05	0.0
0.0	0.0
0.0	0.0
0.0	0.0
0.0	0.0
-0.0028431552927941084	0.0
-4.195284744601402e-11	0.0
-0.0006366709130816162	0.0
-2.3912220967758913e-06	0.0
0.0	0.0
-3.5870278225047514e-05	1.0
-0.03121374547481537	0.0
0.0	1.0
0.0	0.0
0.0	0.0
0.0	0.0
-9.00916060503354e-12	0.0
0.0	0.0
0.0	0.0
-0.0010675538796931505	0.0
0.0	0.0
0.0	0.0
-9.56721724065801e-09	0.0
0.0	0.0
0.0	0.0
0.0	0.0
-5.3985510021448135e-05	0.0
0.0	0.0
0.0	0.0
0.0	0.0
0.0	0.0
-0.0025710996706038713	0.0
0.0	0.0
0.0	0.0
-0.0059929508715868	0.0
-2.4097795176203363e-05	0.0
-4.2911270270451496e-07	0.82
-1.172152224171441e-06	0.0
-0.005548433400690556	0.0
0.0	0.82
-0.0006751958280801773	0.01
0.0	0.01
0.0	0.0
0.0	0.0
0.0	0.01
-2.5683631221795622e-08	0.0
0.0	0.0
-2.5619334337534383e-05	0.0
0.0	1.0
0.0	0.0
0.0	0.0
-3.241098966100253e-06	0.0
-0.0016186557477340102	0.0
0.0	0.0
-0.0003247912391088903	0.0
-0.0010422515915706754	0.0
0.0	0.0
0.0	0.0
0.0	0.0
-9.139973371929955e-06	0.0
0.0	0.0
-1.2430606375346542e-06	0.0
-0.0013570688897743821	0.0
0.0	0.0
-0.00020053503976669163	0.001
-3.944910076825181e-06	1.0
-0.0001283194578718394	0.0
0.0	0.0
-6.3026350289874244e-06	0.0
0.0	0.0
-2.7748762931878446e-07	0.0
0.0	0.0
-1.8392798665445298e-05	0.0
0.0	0.0
-1.2763910035573645e-06	1.0
-0.0038282591849565506	1.0
0.0	0.038
-0.0005204366752877831	0.0
0.0	0.038
-6.725283310515806e-05	0.0
0.0	0.0
-9.615786211725208e-08	0.0
0.0	0.0
-1.4688546212671127e-10	0.0
0.0	0.18
0.0	1.0
-3.0988787784735905e-06	0.18
-7.821055469925398e-10	0.0
0.0	0.0
0.0	0.0
-0.0002151404187316075	0.0
-0.0007844895590096712	1.0
0.0	1.0
-0.004737424198538065	0.0
0.0	0.0
0.0	1.0
-0.0005877664661966264	1.0
0.0	0.0
-2.4660495867578902e-09	0.0
-0.0017049576854333282	0.0
-0.0001541664096293971	0.0
0.0	0.0
-6.004336228215834e-06	0.0
-0.00015117667498998344	1.0
0.0	1.0
0.0	0.0
-0.006441126577556133	0.0
-6.826814205851406e-05	1.0
0.0	0.18
0.0	1.0
-0.00017622507584746927	0.0
0.0	0.0
0.0	0.0
0.0	0.0
0.0	1.0
-0.0025628253351897	0.0
0.0	0.0
-0.0005130899953655899	0.0
-1.3812355064146686e-06	0.0
-0.0008323215297423303	0.0
-7.10341918619406e-09	0.0
0.0	0.0
-2.710295876617863e-11	0.0
0.0	0.0
0.0	0.0
-7.996284693945199e-05	0.0
-1.0311965503717602e-08	0.0
0.0	0.0
-1.4068363043406862e-06	0.0
-2.2795231870986754e-06	0.0
0.0	0.0
0.0	0.0
0.0	0.0
-0.0001319962611887604	0.0
