-0.0018378675449639559	0.0
0.0	0.0
-3.5654893508763053e-06	0.0
-4.49145445600152e-05	0.0
0.0	0.0
0.0	0.0
0.0	0.0
0.0	0.0
0.0	0.0
0.0	0.0
0.0	0.0
-1.5318359203320142e-07	0.0
0.0	0.0
0.0	0.0
0.0	0.0
-5.674639851349639e-07	0.0
-0.007276143878698349	0.0
-0.002909446833655238	0.0
-2.379217656223176e-10	0.0
0.0	0.0
0.0	0.0
0.0	0.0
0.0	0.0
-1.1175916370120831e-07	0.0
0.0	0.0
0.0	0.0
0.0	1.0
0.0	1.0
0.0	0.0
-1.1823374990171942e-07	0.0
-2.709805812628474e-06	0.0
-3.711285171448253e-05	0.0
0.0	1.0
-0.0005788563867099583	1.0
-2.6933605568046914e-07	1.0
-0.023223454132676125	0.0
0.0	0.0
0.0	1.0
-1.62609157996485e-05	0.0
-0.034059565514326096	0.0
-2.0091757424456347e-10	1.0
0.0	0.0
0.0	0.0
-0.002314049983397126	0.0
-5.9945679822703823e-05	0.0
-0.002031282987445593	0.0
-2.169893154047031e-09	0.0
-0.006491268053650856	0.0
0.0	0.0
0.0	0.0
0.0	0.0
0.0	0.0
-0.0016460438491776586	0.0
-0.0024311626330018044	0.0
0.0	0.0
-0.00033052792423404753	0.0
-0.0015347787411883473	0.015
0.0	0.0
0.0	0.015
-1.5523158936048276e-06	0.0
0.0	0.0
-1.0357570356944734e-10	0.047
-2.6298806915292516e-05	0.0
0.0	0.0
0.0	0.0
0.0	0.0
0.0	0.021
0.0	0.0
0.0	0.0
0.0	0.0
-2.74066593419775e-07	0.0
0.0	0.0
0.0	0.0
0.0	0.0
0.0	0.0
0.0	0.0
-0.007699149195104837	0.0
0.0	0.0
0.0	0.0
0.0	0.0
-0.001444504945538938	0.0
-0.003180879633873701	0.0
0.0	1.0
-7.104224760551281e-12	0.0
0.0	0.0
-0.0005143380258232355	0.0
-3.643741729320027e-05	0.0
-8.734078619454522e-06	0.0
0.0	1.0
-9.28551617107587e-06	1.0
-1.2082660759915598e-05	1.0
0.0	0.0
0.0	0.0
-2.7744536269108666e-12	0.0
0.0	1.0
-2.572121848842812e-09	0.0
0.0	0.0
-0.0004718306881841272	1.0
0.0	1.0
0.0	1.0
0.0	0.0
-5.882054028916173e-05	0.0
0.0	0.0
-9.430797945242375e-05	0.0
-0.00021975474373903126	0.0
0.0	0.0
0.0	0.0
0.0	0.0
-5.8115085266763344e-05	0.0
0.0	1.0
-0.0008927686722017825	0.0
0.0	0.0
-0.0012233193265274167	1.0
-0.0007086548721417785	0.0
-0.0009477825369685888	1.0
-0.0022276779636740685	0.0
0.0	1.0
0.0	0.0
0.0	1.0
-9.999474423239008e-05	0.0
-0.002177623799070716	0.0
-5.133551805869274e-09	0.0
0.0	0.0
-0.00022861386241856962	0.0
-0.0012133127311244607	1.0
-1.892344698717352e-07	0.0
0.0	0.0
0.0	0.004
0.0	0.0
0.0	0.0
0.0	1.0
0.0	0.0
0.0	0.0
-0.0009301273385062814	1.0
-6.266071068239398e-06	0.0
0.0	0.0
-0.001773257739841938	0.0
-0.00019173184409737587	0.0
0.0	0.0
-0.04003385081887245	0.0
-1.3664074685948435e-05	0.0
0.0	0.0
0.0	0.0
0.0	0.0
0.0	0.0
0.0	0.0
-1.1532432647731738e-10	0.0
0.0	0.0
0.0	0.0
0.0	0.0
-0.010371829383075237	0.0
0.0	0.0
0.0	0.0
-1.0553700136028965e-08	0.0
0.0	0.0
0.0	0.0
0.0	0.0
-0.0063809058628976345	0.0
-0.00019466597586870193	0.0
-1.4069223652768414e-05	0.0
-0.00017605925677344203	0.0
-2.175507205492977e-07	0.0
0.0	0.0
0.0	0.0
-5.842091468366561e-07	0.0
0.0	0.0
0.0	0.0
0.0	0.0
0.0	0.0
-0.0020933113992214203	0.0
-9.593593475187845e-09	0.0
0.0	0.0
-0.0015372636262327433	0.0
0.0	0.0
-4.9336387746734545e-05	0.0
0.0	0.0
-0.004100905265659094	0.0
0.0	0.0
0.0	1.0
0.0	0.0
0.0	0.0
-7.055571040837094e-05	0.0
-2.1203728550744927e-08	0.0
0.0	0.0
0.0	0.0
0.0	1.0
0.0	1.0
-5.44456554507633e-07	0.0
0.0	0.0
0.0	0.0
-1.7473817933932878e-05	0.0
0.0	0.0
0.0	0.0
-1.2481827218158127e-16	0.0
-6.528283120132983e-05	0.0
0.0	0.0
-2.9219783755252138e-05	0.0
0.0	0.0
-2.724535761444713e-07	0.0
0.0	0.0
-0.0001558179355924949	0.0
0.0	0.161
0.0	0.161
-0.0005854431074112654	0.161
0.0	0.0
0.0	1.0
0.0	0.161
0.0	0.0
0.0	0.021
0.0	1.0
-4.23483616032172e-05	0.22340425531914893
0.0	0.22340425531914893
0.0	0.0
-4.138579242862761e-05	0.0
0.0	1.0
0.0	1.0
0.0	1.0
0.0	0.0
-6.8231502154958434e-06	0.0
0.0	1.0
0.0	1.0
-1.1480364264571108e-05	0.0
0.0	0.0
0.0	0.0
-2.9954941305199156e-11	0.0
0.0	0.0
-8.04290039013722e-08	0.0
-8.326556417159736e-05	0.0
0.0	1.0
0.0	0.0
0.0	1.0
-0.000456768786534667	1.0
-0.00011117442045360804	0.0
0.0	0.0
0.0	0.0
-1.7303362298548564e-08	0.0
-0.00012550698011182249	0.004
0.0	1.0
-0.010164381004869938	0.0
0.0	1.0
0.0	1.0
0.0	0.0
-0.008227667771279812	0.0
0.0	0.0
0.0	0.0
0.0	0.0
-2.2492346526958862e-11	0.0
0.0	0.0
0.0	0.0
0.0	0.0
-1.575642454554327e-05	0.0
0.0	0.0
-0.008139755576848984	0.0
0.0	0.0
0.0	0.0
-2.813835089909844e-05	0.0
0.0	0.0
-0.000543542264495045	0.0
-0.0019490558188408613	0.0
0.0	0.0
0.0	0.0
0.0	0.0
0.0	0.0
-5.767744255535945e-07	0.0
0.0	0.0
-0.0003114820283371955	0.0
0.0	1.0
-8.27004811299048e-08	1.0
-0.0012696529738605022	1.0
0.0	0.035
-0.001990528078749776	0.0
0.0	0.0
-0.004174367059022188	0.0
-2.379034746979869e-08	0.0
0.0	0.0
-1.06047752979066e-06	0.0
0.0	0.0
0.0	0.0
0.0	1.0
0.0	0.0
0.0	0.0
-0.00013353955000638962	1.0
-1.155184605750037e-07	1.0
-3.027379534614738e-06	0.0
-8.480368478558376e-07	0.0
0.0	0.0
0.0	0.0
-0.00047464302042499185	0.0
0.0	0.0
0.0	0.001
-7.151840691221878e-05	0.001
-0.01584809459745884	0.0
-0.007795895449817181	0.0
-9.964490163838491e-05	1.0
-0.0006001759902574122	1.0
0.0	1.0
0.0	1.0
-0.0002381074009463191	1.0
0.0	0.0
0.0	0.0
-3.3133096621895675e-07	0.0
-5.154241762284073e-07	0.0
0.0	0.0
-1.4375672208188917e-08	0.0
0.0	0.0
-2.150232603526092e-06	0.0
0.0	0.002
0.0	0.0
0.0	0.002
0.0	0.001002004008016032
0.0	0.002002002002002002
0.0	0.002002002002002002
0.0	0.001002004008016032
-0.0007231789641082287	0.002
0.0	0.0023837902264600714
-0.0015460771974176168	0.0
0.0	0.0
0.0	0.0
0.0	0.002
0.0	0.002
-0.001931417384184897	1.0
-3.2137894123707156e-08	0.0
0.0	0.0
0.0	0.0
-1.44592138262567e-09	0.0
0.0	0.0
0.0	0.0
-0.005636833608150482	0.0
0.0	0.0
0.0	0.0
-0.0006279818480834365	0.0
-0.00018661543435882777	0.0
-1.928233658491209e-15	0.0
0.0	0.0
-3.908047574441298e-08	0.0
-4.931306466460228e-05	0.0
0.0	0.0
0.0	0.0
-0.016656098887324333	0.0
-0.00022301054559648037	0.0
0.0	0.0
-4.173513843852561e-06	0.0
-0.0037842700257897377	0.0
0.0	0.0
-0.0005132114165462554	0.0
-3.769420072785579e-05	0.0
0.0	0.0
0.0	0.0
0.0	0.0
-3.677192353279679e-06	0.0
-6.133441729616607e-06	1.0
-0.000445432320702821	0.0
0.0	1.0
0.0	0.003
0.0	0.0
-3.464229436644928e-08	0.0
-4.4915725538885454e-07	0.0
0.0	0.0
-0.008867383934557438	0.007
0.0	0.0
-5.876256068404473e-07	0.0
0.0	0.0
0.0	0.0
-3.675452262541512e-07	0.0
0.0	0.0
0.0	1.0
0.0	0.0
0.0	0.0
0.0	0.0
0.0	0.0
0.0	0.0
0.0	0.0
0.0	0.0
-2.7170834073331207e-05	0.0
-0.00104861194267869	0.0
0.0	0.0
-0.0021209330298006535	0.0
0.0	0.0
-7.66965877119219e-06	0.0
-0.0005655147251673043	0.0
0.0	0.002
0.0	1.0
0.0	0.0
0.0	0.0
0.0	0.0
-0.0038455587346106768	0.0
-2.2886159058543853e-05	1.0
-9.367048733111005e-06	0.0
-0.0014674616977572441	0.0
0.0	0.0
-1.1650462816703566e-08	0.0
0.0	1.0
0.0	1.0
0.0	1.0
0.0	0.0
0.0	0.0
-2.0854078684351407e-05	0.0
-1.2680850886681583e-05	0.0
-1.265302489628084e-05	0.0
0.0	1.0
-1.293056470785814e-07	0.0
-0.00021985096100252122	1.0
-0.005534173455089331	0.0
0.0	0.0
0.0	0.0
0.0	0.0
0.0	0.0
-0.001954356674104929	0.0
-0.0003509800008032471	0.0
0.0	0.0
0.0	0.0
-0.00014026544522494078	1.0
0.0	0.0
-0.0015016347169876099	1.0
0.0	0.0
-0.00011559831182239577	0.0
0.0	1.0
0.0	0.0
0.0	1.0
0.0	0.013
0.0	1.0
0.0	1.0
0.0	1.0
0.0	0.013
0.0	1.0
-0.01695934124290943	0.0
-3.053291038668249e-06	0.0
-2.410282149867271e-06	0.0
-2.406296744084102e-06	0.0
0.0	0.0
0.0	0.0
-0.0031784807797521353	0.0
0.0	0.0
0.0	0.0
-6.448211964382722e-10	0.0
0.0	0.0
0.0	0.0
-7.10034801159054e-05	0.0
0.0	0.0
0.0	0.0
-0.00012804861762560904	0.0
-4.122740847378736e-06	0.0
0.0	0.0
0.0	0.0
0.0	0.0
-0.0016980957007035613	0.0
0.0	0.0
-5.971229256829247e-06	0.0
0.0	0.0
0.0	0.0
-0.00014257292787078768	0.0
0.0	0.0
-9.95821101241745e-05	0.0
0.0	0.0
-2.4936669433373027e-05	0.0
-0.00027427723398432136	0.0
-0.00012153396528447047	0.0
0.0	0.0
-1.1767150454033981e-07	1.0
0.0	0.0
-1.5005193745309953e-05	0.0
0.0	0.0
0.0	0.0
-3.289863798272563e-06	1.0
0.0	0.0
-0.0001571450411574915	0.0
0.0	0.0
0.0	0.0
0.0	0.0
0.0	0.232016210739615
-0.005914481822401285	0.016861219195849545
0.0	0.0
0.0	1.0
0.0	0.0
-6.201714142228809e-10	1.0
0.0	1.0
0.0	0.0
0.0	0.0
0.0	0.0
0.0	0.0
0.0	0.0
0.0	0.0
-0.0014775473391637206	0.0
0.0	0.0
-1.9873995451316325e-15	1.0
0.0	0.0
-1.4324113180919085e-05	0.0
0.0	0.0
0.0	0.0
0.0	0.0
-9.084944031201303e-05	0.0
0.0	1.0
0.0	0.0
0.0	0.0
0.0	0.0
0.0	1.0
0.0	0.0
-9.932060493156314e-05	1.0
0.0	1.0
-0.0023275702260434628	1.0
0.0	1.0
0.0	1.0
-0.00021859584376215935	0.0
-5.114780833537225e-06	1.0
0.0	1.0
-1.2800431932191714e-06	0.0
-0.001985435374081135	0.0
-3.1412176326739427e-07	0.0
0.0	0.0
0.0	0.0
-0.004580601584166288	0.0
0.0	0.0
0.0	0.0
-2.485263728146947e-08	0.0
0.0	0.0
-1.241427582954202e-08	0.0
-4.812110091734212e-06	0.0
-1.151646483776858e-05	0.0
0.0	0.0
0.0	0.0
0.0	0.0
0.0	0.0
-0.00604189233854413	0.0
-0.0059457505121827126	0.0
-0.012289512902498245	0.0
-0.002938153687864542	0.0
-1.1969839306402719e-06	0.0
0.0	0.0
-0.0008115294040180743	0.0
-0.002529712626710534	0.0
-5.482232609210769e-06	0.0
-1.1222159628232475e-06	0.0
0.0	0.0
0.0	0.0
0.0	0.0
-0.00021235896565485746	1.0
0.0	0.0
0.0	0.0
-0.0016628369921818376	0.0
-4.504849130171351e-06	0.0
-0.001526990788988769	1.0
0.0	0.0
0.0	0.0
-1.4355004296362495e-08	0.0
-1.459815468507486e-08	1.0
-5.8865025494014844e-06	1.0
-0.00022120351786725223	1.0
0.0	0.0
-1.2699119622539e-07	0.0
-1.4673953046440147e-05	0.0
-0.0004005391092505306	0.0
0.0	0.0
0.0	1.0
0.0	0.0
0.0	0.0
0.0	0.0
0.0	0.0
0.0	0.0
0.0	1.0
-0.013121116906404495	0.0
0.0	0.0
0.0	1.0
0.0	0.0
0.0	0.0
-3.892407229866279e-12	0.0
0.0	0.0
-0.00025699680554680526	0.0
-8.128543737392013e-16	1.0
-0.0014893932966515422	0.0
0.0	0.0
0.0	0.0
0.0	0.0
0.0	0.0
-6.879218744870741e-06	0.0
0.0	0.0
-0.0001222037972183898	0.0
0.0	0.0
0.0	1.0
-1.7163547250120814e-09	1.0
0.0	1.0
0.0	1.0
0.0	1.0
0.0	1.0
0.0	1.0
-0.00792785920202732	0.0
-0.0034847063943743706	0.0
0.0	0.0
0.0	0.0
0.0	0.0
0.0	0.0
-0.004588075913488865	0.0
0.0	0.0
0.0	0.0
-0.0013703032163903117	0.0
0.0	0.0
0.0	0.0
0.0	0.0
0.0	0.0
-0.000276001519523561	0.0
-0.0008049620082601905	0.0
0.0	0.0
0.0	0.0
0.0	0.0
-0.00043708671000786126	0.0
0.0	0.0
-7.357911044891807e-07	0.0
0.0	0.0
-0.007577692624181509	0.0
0.0	0.0
0.0	0.0
-0.002723648678511381	0.0
-4.7203524445649236e-05	0.0
-0.0067358724772930145	0.0
-1.7599930288270116e-05	0.0
-0.00027061221771873534	0.0
-0.0005502960993908346	0.0
0.0	0.0
-6.443754614338104e-07	0.0
-4.18017577885621e-07	0.0
-8.777371112955734e-05	0.0
-0.00022760465799365193	0.0
-7.479688065359369e-05	0.0
-4.0030256887035875e-10	0.0
0.0	0.0
-1.736927151796408e-05	0.0
0.0	0.0
0.0	0.0
0.0	0.0
0.0	0.0
0.0	0.0
-2.68623698502779e-05	0.0
0.0	0.0
0.0	1.0
0.0	0.0
0.0	0.0
0.0	0.0
0.0	0.0
0.0	0.0
-0.004709282424300909	0.0
0.0	1.0
-3.6429377292535037e-09	0.0
0.0	1.0
-0.0024549593217670918	0.0
-0.0008467205334454775	0.15527950310559005
-0.00021444253798108548	0.0
0.0	1.0
0.0	1.0
-0.00012373688514344394	1.0
-0.001172910095192492	0.0
0.0	0.0
-0.008262458257377148	0.0
0.0	0.0
0.0	1.0
0.0	0.0
-3.3696170298469497e-09	0.0
-0.00010669788753148168	0.0
-6.617476705494951e-11	0.0
0.0	0.0
-4.6111335905152373e-07	0.0
-8.08732234961829e-15	0.0
-0.00014614839165005833	0.0
0.0	0.0
0.0	0.0
0.0	1.0
-0.001977710286155343	0.0
-0.018754540011286736	0.0
-0.0020649556536227465	0.0
-1.16636001621373e-05	0.0
0.0	0.0
-1.9673512596796172e-08	0.0
0.0	0.0
-2.6485280982257997e-11	0.0
0.0	0.0
-0.0029165134765207767	0.0
-0.007057369686663151	0.0
-2.04342959477799e-05	0.0
0.0	0.0
-0.008592376485466957	0.0
0.0	0.0
-0.002272280165925622	0.0
-0.0013756625121459365	0.0
0.0	1.0
-0.007861779071390629	0.028
-0.000194033287698403	0.0
0.0	0.0
0.0	0.0
-6.670072139058902e-08	0.0
-0.0004626477893907577	0.0
0.0	0.0
0.0	0.0
0.0	0.0
0.0	0.0
0.0	0.0
0.0	0.0
0.0	0.0
-0.003999708220362663	0.0
0.0	0.0
-2.163771206653564e-08	1.0
-3.938889676646795e-07	0.0
-5.517223689821549e-05	1.0
0.0	1.0
0.0	1.0
0.0	1.0
0.0	1.0
-6.728680091327988e-06	1.0
0.0	1.0
0.0	0.0
-0.0031289688777178526	0.0
-2.224818308604881e-05	1.0
0.0	0.0
-9.957355359802023e-05	0.0
0.0	0.0
0.0	0.0
-0.003624430624768138	0.0
-0.025217942893505096	0.0
-0.0010072927689179778	1.0
0.0	1.0
-3.328288130433066e-06	1.0
-4.290288014175553e-13	0.0
0.0	0.0
0.0	0.0
-5.050486695523659e-10	1.0
-5.683116978616454e-05	0.0
-0.0008135039824992418	0.031
0.0	1.0
-1.530311948272356e-07	1.0
0.0	0.0
0.0	1.0
0.0	1.0
-0.00037308459286578	0.008
0.0	1.0
0.0	1.0
-0.004056510049849749	1.0
0.0	0.0
-0.00018241735233459622	0.0
0.0	0.0
-9.781463177205296e-07	1.0
-4.744718506977108e-11	0.0
-0.0005620683659799397	0.0
-0.0009477865532971919	0.0
-0.00024104618933051825	0.0
0.0	0.0
0.0	0.0
-0.0024900948628783226	0.0
0.0	0.0
-0.004378679674118757	0.0
0.0	1.0
0.0	0.0
0.0	0.0
0.0	0.0
0.0	0.0
0.0	0.0
-9.368858627567533e-06	0.0
0.0	0.0
-6.302409929048736e-06	0.0
0.0	0.0
0.0	0.0
0.0	0.0
0.0	0.0
0.0	0.0
0.0	0.0
0.0	0.0
0.0	0.0
-0.0038845043163746595	0.0
-4.503984018811025e-05	0.0
-3.579060830816161e-06	0.0
-1.8014312445302494e-05	0.0
0.0	1.0
-6.826413300586864e-05	0.0
-0.00010047334944829345	0.0
0.0	0.0
-0.0032540627289563417	0.0
-5.174682883080095e-06	0.0
0.0	1.0
-8.522408461431041e-05	0.0
0.0	0.0
-3.2390122584047276e-08	0.0
-0.0010990669252350926	0.0
0.0	0.0
0.0	0.0
-0.00875692255795002	0.0
-0.006307600066065788	0.0
0.0	0.0
-1.468946720706299e-06	0.0
0.0	0.0
0.0	0.0
0.0	0.0
0.0	0.0
0.0	0.0
-2.4675957320141606e-05	0.0
0.0	0.0
0.0	0.0
0.0	0.0
-5.0027993900303436e-12	0.0
0.0	0.0
0.0	1.0
0.0	0.0
0.0	0.0
0.0	1.0
0.0	1.0
0.0	0.0
0.0	1.0
-0.05839874595403671	0.0
-0.0049596987664699554	0.0
0.0	0.0
-0.0012734128395095468	0.0
0.0	0.0
0.0	1.0
-3.342045238241553e-05	0.0
0.0	0.0
-6.191383477016643e-07	0.001
0.0	1.0
0.0	1.0
-9.32575057959184e-05	0.001
-0.01319029089063406	0.0
-2.0879397197859362e-05	0.0
-0.0022155181504786015	0.001
-0.010800228454172611	0.001
0.0	0.001
