0.0	0.0
0.0	0.0
0.0	0.0
-5.422962345846827e-08	0.0
-0.0018141443142667413	0.0
0.0	0.0
-0.001564598293043673	0.0
0.0	0.0
-3.1101700415092637e-07	0.0
-3.829230990959331e-06	1.0
0.0	0.0
-1.7832886278768e-09	0.0
0.0	0.0
-0.0001978394138859585	0.0
-0.0009621140197850764	0.0
0.0	0.0
0.0	0.0
-4.686976917689378e-10	0.0
-5.110820711706765e-05	1.0
-0.0027433468494564295	0.0
0.0	0.0
-0.0024662346113473177	0.0
-5.274712748359889e-06	0.0
0.0	0.0
0.0	0.0
0.0	0.0
0.0	0.0
-7.4872195909847505e-06	1.0
-8.505353616783395e-05	0.0
0.0	0.0
0.0	0.0
0.0	1.0
0.0	1.0
0.0	1.0
0.0	1.0
-0.0006083439802750945	0.0
0.0	0.0
0.0	0.0
-5.742389930674108e-06	1.0
0.0	1.0
-9.34440777200507e-06	1.0
-9.504684385319706e-06	1.0
-0.05097827687859535	0.0
0.0	0.0
-1.0145322448806837e-06	0.0
0.0	0.0
-0.00297724106349051	0.0
0.0	0.0
-2.8632149429164144e-10	0.0
0.0	0.0
-0.0005692013073712587	0.0
0.0	0.0
-8.606899370988685e-08	0.038
-2.5142653612419963e-06	0.0
0.0	0.0
-6.142961501609534e-05	0.0
-1.0294799722032622e-05	0.0
0.0	1.0
0.0	0.0
0.0	0.0
0.0	0.0
0.0	0.0
0.0	0.0
-0.007883407175540924	0.0
0.0	0.0
-2.9198825359344482e-05	0.0
-0.007244582287967205	0.0
0.0	0.0
-0.008448563516139984	0.0
0.0	0.0
0.0	0.0
-9.171459169010632e-06	0.0
0.0	0.0
0.0	0.0
-1.5038610399642494e-05	0.0
-0.002345343818888068	0.0
-0.00040070441900752485	0.0
-0.00012812956993002445	0.0
0.0	0.0
-0.007178178988397121	0.0
0.0	0.0
-1.3150183759624885e-20	0.0
0.0	0.0
0.0	0.0
0.0	0.0
0.0	0.0
0.0	0.0
0.0	0.0
0.0	0.0
-1.9415407223277725e-05	0.0
-8.380574581678957e-05	0.0
-0.0031121440697461367	0.0
-0.000504709139931947	0.0
0.0	0.0
0.0	0.0
-1.1185287576154224e-06	0.0
-0.001400306704454124	0.0
0.0	0.0
0.0	0.0
0.0	1.0
-0.0019342537270858884	0.169
0.0	0.0
-0.000247670104727149	0.169
0.0	0.0
0.0	1.0
-9.683308599051088e-05	1.0
0.0	0.0
-0.0007740547880530357	0.0
-0.00022456370061263442	0.0
0.0	0.0
0.0	0.0
-0.00042999954894185066	0.0
-1.1767670002882369e-06	0.0
0.0	0.0
-0.00026718355366028845	0.0
-3.0473185688606463e-05	0.0
-0.00028368065250106156	0.0
0.0	0.0
-4.0182146676670527e-07	0.0
-3.551688223524252e-06	0.0
0.0	0.0
-0.022332074120640755	0.0
0.0	0.0
-0.000507428718265146	0.0
-0.0038804947398602962	0.0
0.0	0.0010193679918450561
-0.0022712803911417723	0.0010193679918450561
0.0	0.01901901901901902
-1.6442972200839123e-13	1.0
-0.009057523682713509	0.0
0.0	0.001
-0.0174240842461586	0.0
0.0	0.0
0.0	0.0
0.0	1.0
-0.0003136175510007888	1.0
-1.452147699865236e-07	0.03
0.0	1.0
-1.5644664230762828e-08	1.0
0.0	0.0
-4.321951564634219e-06	0.0
-0.0002532551297917962	0.03
-1.0232825843559112e-05	0.0
0.0	1.0
-2.812859989376193e-08	0.0
-0.00025970477145165205	0.0
-0.0001857787574408576	0.0
-0.00022923096548765898	0.0
-2.027597656706348e-05	0.0
-0.00014682230539619923	0.0
-0.0016952758887782693	0.0
0.0	0.0
-2.991589476142309e-10	0.0
-0.0016135526821017265	0.0
0.0	0.0
-0.006882475223392248	0.0
-1.8398087320292689e-07	0.00501002004008016
0.0	0.0020100502512562816
0.0	0.00501002004008016
0.0	0.0020100502512562816
0.0	0.00501002004008016
0.0	0.0020100502512562816
-7.22608035630401e-07	0.0020100502512562816
0.0	0.0
0.0	0.00501002004008016
0.0	0.0020100502512562816
0.0	0.0
-0.0002771982690319419	0.0020100502512562816
-0.00036566233029589057	0.0020100502512562816
-2.9754258434877556e-07	0.005
-0.0018982255132868886	0.005
-0.0001328808139078319	0.005
0.0	0.0
-0.0020071587059646845	0.0
0.0	0.0
0.0	0.0
0.0	0.0
0.0	0.0
0.0	0.0
0.0	1.0
-0.0007932467851787806	0.0
0.0	0.0
-0.00040963696665130556	0.0
0.0	0.0
0.0	0.0
-3.533757730878051e-09	0.0
0.0	0.0
0.0	0.0
-0.010558540001511574	0.0
-2.3529743486960797e-08	0.0
0.0	0.0
0.0	0.0
-3.483626278466545e-05	0.0
-0.0012074223486706614	0.0
0.0	0.0
-2.2615016803673171e-10	0.0
-0.00010098240454681218	0.007
0.0	0.007
-3.1715259758702263e-12	0.007
0.0	0.0
-0.0005881934193894267	0.0
-0.00048141699517145753	0.0
0.0	0.0
0.0	0.0
0.0	0.0
-3.326209480292164e-06	0.0
-0.000762060983106494	0.0
0.0	0.0
-2.612836851767497e-06	0.0
-5.328446306407386e-08	0.0
0.0	0.0
0.0	0.0
0.0	0.0
-5.547928958549164e-05	0.0
0.0	0.0
0.0	0.0
0.0	0.0
0.0	0.0
0.0	0.0
-3.3853334024946946e-10	1.0
-0.0062190270982682705	0.065
0.0	0.065
-0.0032607505563646555	1.0
-1.711462391540408e-05	0.0
-0.003486452391371131	0.0
0.0	0.065
0.0	0.0
-0.00416160561144352	0.065
-1.628870904823998e-07	0.065
-0.00027274302556179464	0.0
0.0	0.065
0.0	0.0
0.0	0.0
-0.006581982597708702	0.0
0.0	0.0
-2.57331748798606e-06	0.0
-1.4503028978651855e-05	0.0
-0.00010305944306310266	0.0
0.0	0.0
0.0	0.0
0.0	0.0
-0.0014349021948873997	0.0
-0.00026630310458131135	0.0
0.0	0.0
0.0	0.0
-1.0671566061382087e-11	0.0
0.0	0.0
0.0	0.0
-1.1138725142245676e-07	0.0
-0.0033508928027004004	0.0
-0.001033123815432191	0.0
-2.18483717229212e-10	0.0
-0.00031113301520235837	0.0
0.0	0.0
-0.0009965412318706512	0.0
-3.1854258850216866e-05	0.0
0.0	0.0
0.0	0.0
-0.0009110936662182212	0.0
-0.0005509748007170856	0.0
0.0	0.0
-4.914544115308672e-05	0.0
0.0	0.0
-0.0018972981488332152	0.0
-0.0001944267569342628	0.0
0.0	0.0
0.0	0.0
-0.0053696176037192345	0.0
0.0	0.0
0.0	0.0
-0.00018090057710651308	0.0
0.0	0.0
0.0	0.0
-3.574925585780875e-06	0.0
0.0	0.0
-0.0001358733425149694	0.0
-5.2166888053761795e-05	0.0
0.0	0.0
0.0	0.0
-5.7168279454344884e-05	0.0
-0.006549412850290537	0.0
-9.138620953308418e-05	0.0
0.0	0.0
0.0	0.0
0.0	0.0
0.0	0.0
0.0	0.0
0.0	0.0
-4.471863590538305e-08	0.0
0.0	0.0
0.0	0.035
-3.143853973597288e-06	0.0
-0.0002554084931034595	0.0
0.0	0.0
-0.0006269471487030387	0.0
-0.0013477887259796262	0.0
-3.19115279125981e-05	1.0
0.0	0.0
-0.00029470049776136875	0.0
0.0	0.0
0.0	0.0
0.0	0.0
-0.0009879120625555515	0.0
0.0	0.0
-2.7378434879210545e-06	0.0
0.0	0.0
-3.2679319701856e-05	0.0
0.0	0.0
0.0	0.0
-0.002773192012682557	0.0
0.0	0.0
0.0	0.0
-2.1083831143187126e-06	0.0
0.0	1.0
-5.223744770077587e-10	0.0
-2.7806042908196105e-06	0.0
-9.786513999188173e-08	0.0
0.0	0.0
-5.320455329638207e-06	0.0
0.0	0.0
-0.00022217381047084928	0.0
0.0	0.0
0.0	0.0
-0.001058488036505878	0.0
0.0	0.0
-0.00043388386256992817	1.0
-0.008725043386220932	0.0
0.0	1.0
-7.416297620466139e-08	0.0
0.0	0.0
-0.006196878384798765	0.0
0.0	1.0
-0.0008404932450503111	0.0
-0.006256364285945892	0.0
-0.0006974803982302547	1.0
-0.0006281147943809628	0.0
-0.006316943559795618	0.0
-4.047803668072447e-05	0.0
0.0	0.0
-0.001099754823371768	0.0
-0.0023273532278835773	0.0
0.0	0.0
-9.567559573042672e-06	0.0
0.0	0.0
-8.319818880409002e-05	0.0
-0.13746222853660583	0.0
0.0	0.0
0.0	0.0
-0.008469819091260433	0.0
-3.598138453853039e-10	0.0
-0.0013560719089582562	0.0
0.0	0.0
0.0	0.0
0.0	0.0
-2.4102084807964275e-06	0.0
0.0	1.0
0.0	1.0
0.0	0.0
0.0	0.0
0.0	0.0
-6.060150553821586e-06	0.0
-0.00019808037905022502	0.0
0.0	0.0
-7.961284609336872e-06	0.0
0.0	0.0
0.0	1.0
0.0	1.0
-0.02192051336169243	0.0
0.0	1.0
0.0	0.0
-3.4829402011382626e-06	0.0
0.0	0.0
0.0	1.0
0.0	0.0
0.0	0.0
0.0	0.0
-0.00014704394561704248	0.0
-1.0853901244445296e-07	0.0
0.0	0.0
-0.0024367435835301876	0.0
0.0	0.0
0.0	0.0
-1.3914231203671079e-05	0.0
-3.7916586279607145e-06	0.0
0.0	0.0
0.0	0.0
0.0	0.0
0.0	0.0
0.0	0.0
0.0	0.0
-8.014477498363703e-05	0.0
0.0	0.0
0.0	1.0
0.0	1.0
0.0	0.0
0.0	0.0
-8.571178211624897e-10	0.0
-0.005907705519348383	0.0
0.0	0.0
-0.00010186206054640934	1.0
0.0	0.0
0.0	1.0
-1.7102015590353403e-06	1.0
0.0	1.0
0.0	0.334
0.0	1.0
0.0	1.0
-6.438720845380885e-08	0.0
-7.107606165845937e-07	0.0
0.0	1.0
0.0	1.0
-0.002740563126280904	1.0
-0.0014486900763586164	1.0
-3.2759548957983498e-06	0.0
-5.99022030201013e-07	0.0
-6.2251759302967e-11	0.0
0.0	0.0
0.0	0.0
-5.253404196992051e-06	0.0
0.0	0.0
0.0	1.0
0.0	0.0
0.0	0.0
0.0	0.0
0.0	1.0
0.0	0.0
-0.00028810370713472366	1.0
0.0	0.0
0.0	0.0
0.0	0.0
0.0	0.0
0.0	0.0
-0.00011115273082396016	0.0
0.0	0.0
0.0	0.0
-2.5219178496627137e-05	0.0
0.0	0.0
0.0	0.0
-6.9068173615960404e-06	0.0
-1.2199867505113815e-10	0.0
0.0	0.0
0.0	0.0
0.0	0.0
-3.063565827687853e-06	0.0
-0.0002380424994044006	0.0
0.0	0.0
-0.0031113906297832727	0.0
0.0	0.0
-8.884961971489247e-06	0.0
0.0	0.001
-0.0019373296527191997	0.0
-2.013456469285302e-05	0.0
-0.0007591840112581849	0.0
0.0	1.0
-0.0005733008147217333	0.0
0.0	0.0
-0.0009925586637109518	0.0
0.0	1.0
-5.91353491472546e-05	1.0
0.0	0.0
0.0	0.0
-0.0008655233541503549	0.0
-2.9035168154223356e-06	0.0
-4.0635508846698087e-10	0.0
-0.0044320132583379745	0.0
-0.004523415584117174	0.0
-0.001023909542709589	1.0
0.0	0.0
-0.01429516077041626	0.0
0.0	0.0
0.0	0.0
0.0	0.0
0.0	0.0
0.0	0.0
0.0	0.0
-0.0012531639076769352	0.0
-0.00011542171705514193	0.0
-0.00027107811183668673	0.0
0.0	0.0
0.0	0.0
0.0	0.169
0.0	0.169
-0.0014373032609000802	0.0
-1.1813246203473682e-07	0.169
-0.01015360839664936	0.0
0.0	0.169
0.0	0.0
0.0	0.0
0.0	0.0
0.0	0.0
0.0	1.0
0.0	1.0
-0.003009740961715579	0.0
0.0	0.0
-8.965433153207414e-06	0.0
0.0	0.0
-0.005370778497308493	0.0
-0.013147197663784027	0.0
0.0	0.0
0.0	0.0
-1.5469257050426677e-05	0.0
0.0	0.0
0.0	0.0
-8.135122334351763e-05	0.0
0.0	0.0
-6.271679353631043e-07	0.0
-4.2833693441934884e-05	0.0
0.0	0.0
-0.004204287193715572	0.0
-0.0005130938370712101	1.0
0.0	1.0
0.0	0.0
-1.8871400243369862e-05	1.0
-2.85472342511639e-05	0.0
-3.5886052501155064e-05	0.0
0.0	0.0
0.0	0.0
-0.0002780104987323284	0.0
0.0	0.0
-0.017565039917826653	0.0
-5.5702021199977025e-05	0.0
0.0	0.0
0.0	0.065
-1.3946929833252852e-08	0.0
0.0	0.0
0.0	0.065
0.0	0.065
0.0	0.0
0.0	0.0
0.0	0.0
0.0	0.0
0.0	0.0
-0.014682117849588394	0.0
0.0	0.0
0.0	0.0
-0.00013453714200295508	0.0
0.0	1.0
0.0	0.0
-0.00010199732787441462	0.0
0.0	0.0
0.0	0.0
-2.7509443611961615e-08	0.0
0.0	0.0
0.0	0.0
0.0	0.0
0.0	0.0
0.0	0.0
-0.0012429520720615983	0.0
-4.056409579789033e-06	0.0
0.0	0.0
-0.00018363178241997957	0.0
0.0	0.0
0.0	0.0
0.0	0.0
-0.0029347871895879507	0.0
-0.001555119059048593	0.0
0.0	0.0
0.0	0.0
0.0	0.0
-4.5965762751620787e-07	0.0
-1.7422587916371413e-05	0.0
-0.0006429062341339886	0.0
-0.009103894233703613	0.0
-0.0013555419864133	1.0
0.0	1.0
0.0	0.0
0.0	1.0
-0.00032872590236365795	1.0
0.0	0.0
-0.00014918760280124843	0.0
-0.008072902448475361	0.0
0.0	0.0
0.0	1.0
0.0	0.0
-0.0003226951521355659	0.0
0.0	0.0
0.0	1.0
0.0	0.0
0.0	0.0
0.0	0.0
-0.0014132328797131777	0.0
0.0	1.0
0.0	0.0
0.0	0.0
-0.004133380018174648	0.0
0.0	0.0
0.0	0.0
-7.758023912174394e-07	0.0
0.0	0.0
-1.0454211860633222e-06	0.0
0.0	0.0
-0.0006462698802351952	1.0
0.0	0.0
-1.6561232769163325e-05	0.0
0.0	0.0
-1.589085959173564e-12	0.0
0.0	0.0
0.0	0.0
-0.0014319292968139052	0.0
0.0	0.0
0.0	0.0
-0.00029973522759974003	0.0
0.0	0.0
0.0	0.0
0.0	0.0
0.0	0.0
0.0	0.0
0.0	0.0
0.0	0.0
0.0	0.0
-1.5859666746109724e-05	0.0
0.0	0.0
0.0	0.0
-0.001699283136986196	0.0
-6.347889575408772e-05	0.0
0.0	0.0
-0.007562443148344755	0.0
0.0	0.0
0.0	0.0
0.0	0.0
0.0	0.0
-0.014982419088482857	0.0
0.0	0.0
0.0	0.0
-0.00042652655974961817	0.0
-0.0038729633670300245	0.0
0.0	0.0
0.0	0.0
0.0	0.0
-2.2138779058877844e-06	0.0
-0.00012410545605234802	0.0
0.0	0.0
0.0	0.0
0.0	0.0
0.0	0.0
0.0	0.0
0.0	0.0
0.0	0.0
0.0	0.0
0.0	0.0
-6.657091944362037e-08	0.0
-2.486289645275974e-07	0.0
-1.8414712030789815e-05	0.0
0.0	0.0
0.0	0.0
-0.00042936153477057815	0.0
-0.00520075811073184	0.022093023255813953
-0.0007246083696372807	0.14
0.0	0.15367727771679474
0.0	0.0
0.0	0.0
-4.5604112153263543e-10	0.001
0.0	0.0
0.0	0.0
-1.2373165247936413e-07	0.0
0.0	0.0
-0.0006230490398593247	0.009
-9.408553580669832e-08	0.009
-0.0015640516066923738	0.009
0.0	0.008
0.0	0.0
0.0	0.008
-1.142318950542176e-08	0.0
0.0	0.0
0.0	0.0
0.0	0.0
-0.005492526106536388	0.0
0.0	0.0
0.0	0.0
-0.0012072917306795716	0.0
0.0	0.0
0.0	0.0
0.0	0.0
0.0	0.0
0.0	0.0
-1.6891474388103234e-06	0.0
-2.6481773218733906e-08	0.0
-0.0001394510909449309	0.0
0.0	1.0
-0.00048751122085377574	1.0
-0.003873810637742281	0.0
-9.863219020189717e-06	0.0
0.0	0.0
-1.1381370086382958e-06	1.0
0.0	1.0
-0.00028219399973750114	1.0
0.0	1.0
-0.0006141679477877915	0.0
0.0	1.0
0.0	0.0
-1.4291640582086984e-06	1.0
0.0	0.0
0.0	0.0
-8.690282993484288e-05	0.0
0.0	0.0
0.0	0.0
-2.5621844542911276e-05	1.0
0.0	0.0
0.0	0.0
0.0	0.0
-0.0017333239084109664	0.0
0.0	0.0
0.0	0.0
0.0	0.0
-0.00011000559607055038	0.001
0.0	0.0
-0.00010608668526401743	0.0
0.0	0.0
0.0	0.0
-0.006355423014611006	0.0
0.0	0.0
-6.219453644007444e-05	0.0
0.0	0.0
-0.0017595967510715127	0.0
0.0	0.0
-4.49072604169487e-06	0.0
0.0	0.0
0.0	0.0
-1.328184316662373e-05	0.0
0.0	0.0
-5.0649977267891444e-11	0.0
0.0	0.0
0.0	0.0
-4.038514452986419e-05	1.0
0.0	0.0
0.0	0.0
0.0	0.0
-6.162142653920455e-06	0.0
0.0	0.0
0.0	0.0
0.0	0.0
-0.029021427035331726	0.0
0.0	1.0
0.0	1.0
0.0	1.0
-0.0010030425619333982	1.0
0.0	0.0
0.0	0.0
0.0	0.0
-2.939771002274938e-05	0.0
0.0	0.0
0.0	0.0
-0.004783922340720892	0.0
-0.015952395275235176	0.0
-0.0001081587397493422	0.0
0.0	0.0
0.0	0.0
0.0	0.0
0.0	0.0
-0.0009499193984083831	0.0
-7.305202416318934e-06	1.0
0.0	1.0
0.0	0.0
-0.0006350993644446135	0.0
0.0	1.0
0.0	1.0
-5.95049565177419e-10	0.0
0.0	0.0
0.0	0.0
0.0	0.0
0.0	0.0
0.0	1.0
-0.00017583728185854852	1.0
0.0	1.0
-0.00020552203932311386	0.0
-1.5833194311198895e-07	1.0
0.0	0.0
0.0	1.0
0.0	1.0
0.0	0.0
0.0	1.0
-0.000183025244041346	0.0
0.0	0.0
0.0	0.0
-1.2218300753374933e-06	0.0
-3.4757845241983887e-06	1.0
-2.286717659671922e-08	1.0
0.0	0.0
-1.7963502614293247e-06	0.0
0.0	0.0
0.0	0.006
0.0	0.0
0.0	0.0
0.0	0.0
0.0	0.0
0.0	0.0
-2.0647867415846122e-08	0.0
0.0	0.0
0.0	0.0
-0.0006438722484745085	0.0
0.0	0.0
-6.548474630108103e-05	0.0
0.0	0.0
0.0	1.0
-0.0002820389927364886	0.0
-0.0003806017921306193	0.0
0.0	0.0
-3.2470305200149596e-07	1.0
0.0	0.0
-0.0028615251649171114	0.0
0.0	0.0
-0.0027008242905139923	0.0
-4.4740503653883934e-05	0.0
0.0	0.0
0.0	0.0
0.0	1.0
-0.004855024628341198	0.0
0.0	0.0
0.0	1.0
-0.0007430869736708701	0.0
0.0	0.0
-0.0006906558410264552	0.0
-5.0571088650031015e-06	0.0
-0.0011346011888235807	0.0
-0.00327192316763103	0.0
-1.025521123665385e-05	0.0
-0.0008825765689834952	0.0
0.0	0.0
0.0	0.0
-0.0005294976872391999	0.0
0.0	0.0
0.0	0.0
-0.0004403904022183269	0.0
0.0	0.0
-8.62438027979806e-05	1.0
-0.006914773024618626	0.0
0.0	1.0
0.0	0.0
-0.0177089162170887	0.0
-0.0004996148636564612	0.0
0.0	0.0
-0.0035608061589300632	0.0
0.0	0.0
0.0	0.0
-0.00019529993005562574	0.0
0.0	0.0
-0.0054782601073384285	0.0
0.0	0.0
0.0	0.0
-5.820291789859766e-06	0.0
0.0	0.0
0.0	0.0
0.0	0.0
-0.0010332666570320725	0.0
0.0	0.0
-0.0007433007122017443	0.0
-4.655092561733909e-05	0.0
0.0	0.0
-8.291725066555955e-07	0.0
0.0	0.0
-7.58702523029342e-09	0.0
-8.567408804083243e-05	0.0
-0.0030780727975070477	0.0
