0.0	0.0
0.0	0.0
-0.0002810215810313821	0.0
0.0	0.0
-3.6760958721515635e-08	0.0
0.0	0.0
0.0	0.0
-0.0010456385789439082	0.0
0.0	0.0
0.0	0.0
0.0	0.0
-0.0006763412966392934	0.0
0.0	0.0
0.0	0.0
0.0	0.0
0.0	0.0
0.0	0.0
-9.320944809587672e-05	0.0
-0.03827561065554619	0.0
0.0	0.0
-2.9316087751807274e-11	0.0
-1.3459126421366818e-05	0.0
0.0	0.0
0.0	0.0
-0.00012046314805047587	0.001
0.0	0.0
0.0	0.0
0.0	0.0
0.0	0.0
-0.0005158289568498731	0.0
-0.004153810907155275	0.0
0.0	0.0
0.0	0.0
0.0	0.0
0.0	0.0
-3.7194706692389445e-07	1.0
-5.391610557126114e-06	1.0
-1.2881041584478226e-05	1.0
0.0	1.0
0.0	1.0
-0.0009082264732569456	1.0
0.0	0.0
0.0	0.0
0.0	0.0
0.0	0.0
-1.5449993952643126e-05	0.0
0.0	0.0
0.0	0.0
0.0	0.0
0.0	0.0
0.0	0.0
-0.00034008006332442164	0.0
-1.1572530467137939e-15	0.0
0.0	0.0
-0.008077984675765038	0.0
-0.00033808100852184	1.0
0.0	1.0
0.0	0.0
0.0	0.0
-0.0002513983636163175	0.0
0.0	1.0
-3.9586783628919875e-08	0.0
0.0	0.0
-1.5688954135839595e-07	1.0
-8.145269703163649e-07	1.0
0.0	1.0
0.0	0.0
0.0	0.001
0.0	0.0
-0.0001929837162606418	0.0
0.0	0.0
0.0	0.0
0.0	0.0
0.0	0.001
0.0	0.0
0.0	1.0
0.0	1.0
0.0	1.0
-5.7434717746218666e-05	0.0
0.0	0.0
0.0	0.0
0.0	1.0
0.0	1.0
0.0	0.0
0.0	0.0
0.0	0.0
-1.5150528270169161e-05	0.0
-2.7962528126312947e-11	0.0
0.0	0.0
-0.0003114730934612453	0.0
0.0	0.0
0.0	0.124
0.0	1.0
-5.45224884263007e-06	0.0
0.0	1.0
0.0	0.0
0.0	0.0
-0.00237090652808547	1.0
0.0	0.0
0.0	1.0
0.0	0.0
0.0	0.0
-0.000980861485004425	0.0
0.0	0.0
0.0	1.0
0.0	0.0
0.0	0.0
0.0	1.0
0.0	0.313
-0.02910294197499752	0.0
0.0	1.0
-0.00015455739048775285	0.0
-0.00036837797961197793	0.0
-0.0013002647319808602	0.0
-1.5538453226326965e-06	0.0
0.0	0.002
-0.0002940940612461418	0.0
-2.9145908797545417e-08	1.0
0.0	0.0
0.0	0.0
0.0	0.0
0.0	0.0
-0.006148586515337229	0.0
0.0	0.0
0.0	0.0
0.0	0.0
-0.001813557930290699	0.0
-0.018402718007564545	0.0
0.0	0.0
0.0	0.0
-0.004341457970440388	0.0
0.0	0.0
0.0	1.0
0.0	1.0
-3.092454790021293e-05	1.0
0.0	1.0
0.0	0.0
0.0	0.0
0.0	1.0
-0.0001844907528720796	0.0
-0.00012361038534436375	0.0
0.0	0.0
0.0	0.0
-0.0033131747040897608	0.0
0.0	0.0
-0.0001302391610806808	0.0
0.0	0.0
0.0	0.0
0.0	0.0
0.0	0.0
-0.0005323230870999396	0.0
0.0	0.0
-0.0003392584912944585	0.0
0.0	0.0
-3.575398750399472e-06	0.0
0.0	0.0
-2.4346289137611166e-05	1.0
-0.0005874055786989629	1.0
0.0	0.0
-0.005722707603126764	0.0
0.0	0.0
-0.0016073862789198756	0.0
-1.2964252960045997e-07	0.0
-5.839916866534622e-06	0.0
0.0	0.0
-0.0019094673916697502	0.0
0.0	0.0
0.0	0.0
-0.07108429074287415	0.0
0.0	0.0
-9.321022176322913e-09	0.0
-0.004259373992681503	1.0
-3.8241907418523624e-07	0.0
0.0	0.0
-5.5179330047394615e-06	0.0
0.0	0.0
0.0	0.0
0.0	0.0
0.0	0.019
0.0	1.0
0.0	0.0
0.0	1.0
0.0	1.0
0.0	0.0
0.0	0.0
-4.4471669402579295e-11	0.0
0.0	0.0
-0.00033024855656549335	0.0
0.0	0.0
0.0	1.0
0.0	0.0
0.0	1.0
0.0	0.0
0.0	0.0
-5.96391469542823e-09	0.0
0.0	0.0
-2.3736913590255426e-06	0.0
0.0	0.0
0.0	0.0
0.0	0.0
0.0	0.0
-1.917179588417639e-06	0.0
-0.00157980527728796	0.0
0.0	0.0
-0.01270038541406393	0.0
-0.0029522983822971582	0.0
-1.6443122419218525e-08	0.0
0.0	0.0
-0.0005520345875993371	0.0
0.0	0.0
-0.0011292491108179092	0.0
0.0	0.0
0.0	0.0
0.0	0.0
0.0	0.0
0.0	0.0
0.0	0.0
0.0	0.0
0.0	0.0
0.0	0.0
0.0	0.0
0.0	0.0
0.0	0.0
0.0	0.0
-0.0009145538788288832	0.0
-5.8386205637361854e-05	0.0
0.0	0.0
0.0	0.0
0.0	0.0
0.0	0.0
-1.2326690068675816e-07	0.0
-2.4055007985523957e-10	0.0
-1.4878064575896133e-06	0.0
0.0	0.0
0.0	0.0
0.0	0.0
0.0	0.0
0.0	0.0
0.0	0.0
-0.0006357048405334353	0.0
-0.01476974319666624	0.0
-0.00010431000555399805	0.0
0.0	0.0
0.0	0.0
0.0	0.0
0.0	0.0
-0.0006115337018854916	0.0
-0.0018350211903452873	1.0
-0.000671920832246542	0.0
0.0	0.0
0.0	1.0
0.0	1.0
0.0	0.003
0.0	0.0
0.0	0.0
-0.0010368091752752662	0.003
0.0	0.0
-5.718487227568403e-05	0.003
-0.0026444830000400543	0.003
0.0	0.0
-0.001306300750002265	0.003
0.0	0.003
0.0	0.0
-0.00040016521234065294	0.0
-5.5558066378580406e-05	0.482
0.0	0.0
0.0	0.0
-6.367376045091078e-05	0.0
-0.005490431562066078	0.0
0.0	0.0
0.0	0.0
0.0	0.0
-4.008137693745084e-06	0.033
0.0	0.0
0.0	0.0
0.0	0.033
0.0	0.033
0.0	0.0
0.0	0.0
0.0	0.0
0.0	0.033
0.0	0.0
0.0	0.0
0.0	0.0
0.0	0.0
-0.0025782641023397446	0.0
-0.00010461340571055189	0.0
0.0	0.0
-1.7512171552880318e-06	1.0
0.0	1.0
-0.0013211780460551381	0.0
0.0	1.0
0.0	1.0
-8.81121595739387e-05	1.0
-0.00143581279553473	0.0
-5.865417307404641e-08	0.0
-1.2533425852723212e-08	0.0
0.0	0.0
-0.00016388729272875935	0.0
-8.969759379695574e-10	0.0
0.0	0.0
0.0	0.0
-4.342011743574403e-05	0.0
0.0	0.0
0.0	0.0
0.0	0.0
-8.650206382299075e-07	0.0
0.0	0.0
0.0	0.0
-0.0003706061979755759	0.0
-0.008900896646082401	0.0
-4.1884770325850695e-05	0.0
-0.0003140013141091913	0.0
0.0	0.0
0.0	0.0
-1.124896812143561e-06	0.0
0.0	0.0
-0.0017005070112645626	0.0
-0.0016238545067608356	0.0
0.0	0.0
-8.601580339018255e-05	0.0
-0.0002903212734963745	0.0
0.0	0.0
0.0	0.0
0.0	0.0
-0.002441250253468752	0.0
0.0	0.0
0.0	0.0
-0.0008927907911129296	1.0
-0.023294078186154366	0.0
-0.0008708949317224324	1.0
-0.019574644044041634	0.0
0.0	1.0
0.0	1.0
0.0	0.0
0.0	0.0
0.0	1.0
-8.100812556222081e-05	1.0
0.0	0.0
0.0	0.0
0.0	0.0
0.0	0.0
0.0	0.0
-3.928261321561877e-06	0.0
0.0	0.0
0.0	0.0
0.0	0.0
0.0	0.0
0.0	0.0
-0.0003354223445057869	0.0
0.0	0.0
-0.0007493250304833055	0.0
-0.00016354559920728207	0.0
-6.633197813243896e-08	0.0
0.0	0.0
0.0	0.0
0.0	0.0
-1.9255759980296716e-05	0.0
0.0	0.0
0.0	0.0
0.0	0.482
-0.0016208244487643242	0.0
-5.583886377280578e-05	0.0
-0.0007919471245259047	0.0
-0.010071818716824055	0.0
-0.0011649939697235823	0.0
-3.0403011219704013e-09	0.0
0.0	0.0
0.0	0.0
0.0	0.0
0.0	0.0
-3.902810476574814e-06	0.0
-0.00018702087982092053	0.0
-0.007353250402957201	0.0
-0.0026801417116075754	0.035
0.0	0.0
0.0	0.035
0.0	0.035
0.0	0.0
-2.595914338598959e-05	0.035
0.0	0.0
-2.2254123543952176e-10	0.0
0.0	0.0
0.0	0.0
0.0	0.0
-9.410140773979947e-05	0.0
-1.2375075129966717e-05	0.0
-1.2456063814170193e-05	0.0
-1.772772634467401e-06	0.01
-0.010836313478648663	0.01
0.0	0.01
0.0	0.01
0.0	0.0
0.0	0.0
-0.0062132542952895164	0.0
0.0	0.0
0.0	0.0
0.0	0.008
-0.000617837649770081	0.0
-1.6647372831357643e-05	1.0
0.0	0.0
0.0	0.0
0.0	0.0
-5.649941847707396e-09	0.0
0.0	0.0
-6.2682411225978285e-06	0.0
0.0	0.205
-0.0008432161994278431	0.0
-9.558650162944105e-06	0.0025157232704402514
-2.1598707462544553e-05	0.20541082164328658
0.0	0.0025157232704402514
0.0	0.0
0.0	0.002
-0.0004556510830298066	0.002
-0.004768136888742447	0.0
-0.00046687829308211803	0.0
0.0	0.0
-0.00027186571969650686	0.0
0.0	0.0
0.0	0.0
-0.023243077099323273	0.0
0.0	0.0
0.0	0.0
-0.0032317955046892166	0.0
0.0	1.0
0.0	1.0
0.0	0.0
0.0	1.0
-0.00013724523887503892	0.0
0.0	1.0
-0.0001538359938422218	0.0
0.0	1.0
-0.0007381957839243114	1.0
0.0	0.0
0.0	0.0
0.0	0.0
-1.2694795215040244e-09	0.0
0.0	0.0
0.0	0.0
0.0	1.0
-0.0010856790468096733	0.0
0.0	1.0
0.0	1.0
0.0	0.0
0.0	1.0
0.0	0.0
0.0	1.0
0.0	0.0
0.0	0.0
-7.224425644380972e-07	1.0
0.0	1.0
0.0	1.0
-9.084968866091003e-08	0.0
0.0	0.0
-5.4754302254877985e-05	0.0
0.0	0.0
0.0	1.0
0.0	1.0
0.0	0.0
0.0	0.0
-0.008031641133129597	0.0
0.0	0.0
-3.458173887338489e-05	0.0
0.0	0.0
-0.0007943029631860554	0.0
0.0	0.0
-1.1007136535567952e-08	0.0
0.0	0.0
-1.2232014512392198e-07	0.0
0.0	0.0
0.0	0.0
-1.263611693502753e-06	0.0
0.0	0.0
0.0	0.0
-9.35465723159723e-05	0.0
-0.0005876626237295568	0.0
0.0	0.0
0.0	0.008
0.0	0.008
0.0	0.008
-0.004519360139966011	0.0
-0.0004186611622571945	0.0
0.0	0.0
-6.14389282418415e-05	0.0
0.0	0.0
0.0	1.0
-0.0031743133440613747	0.0
-1.8503702736705208e-10	0.0
0.0	1.0
0.0	0.0
0.0	0.0
-0.005154924932867289	0.0
0.0	0.0
0.0	0.0
-0.004557337611913681	0.0
-0.003609343199059367	0.0
-7.468649710062891e-05	0.0
0.0	1.0
0.0	0.0
0.0	0.0
-2.472928599672741e-07	0.0
0.0	0.0
-0.02046906389296055	0.0
-0.0007119257352314889	0.0
0.0	0.0
0.0	0.003
0.0	0.003
0.0	0.0
0.0	0.003
-0.00023068564769346267	1.0
0.0	0.0
0.0	0.0
0.0	0.0
-8.339263877132908e-05	0.003
0.0	0.0
0.0	0.0
-0.003755970159545541	0.0
0.0	0.0
0.0	0.0
-0.0013628012966364622	0.0
-3.766557554740757e-08	0.0
-1.5585630008807527e-11	0.0
-5.373124736252066e-07	0.0
-1.0556301504038856e-06	0.0
0.0	0.0
0.0	0.0
-6.353689241223037e-05	1.0
-0.0005131984944455326	0.0
0.0	0.0
0.0	0.0
0.0	0.0
-0.00011206037743249908	0.0
-3.446035918841517e-07	0.0
-0.002476264024153352	0.0
0.0	0.0
0.0	0.0
-3.9939717311199274e-08	1.0
0.0	0.0
0.0	1.0
0.0	0.0
-1.3862541337061884e-08	0.0
-2.7588530418509727e-12	0.0
-0.001458300044760108	0.0
0.0	0.0
0.0	0.0
0.0	0.0
0.0	0.0
0.0	0.0
0.0	0.0
0.0	0.0
0.0	0.0
0.0	0.0
0.0	0.0
-0.02652803808450699	0.0
0.0	0.0
0.0	0.0
0.0	0.0
-0.00035570267937146127	0.0
0.0	0.0
-0.00010490120621398091	0.0
-9.93053731690452e-07	0.0
0.0	0.0
0.0	0.0
-0.001487292698584497	0.0
0.0	0.0
0.0	0.0
0.0	0.008
0.0	1.0
-8.432221511611715e-05	0.0
-0.013363027945160866	0.0
-2.5976192773669027e-05	0.0
-0.0016435014549642801	0.0
0.0	0.008
0.0	0.0
0.0	1.0
-2.576504808116109e-11	1.0
-4.374657146399841e-05	1.0
-0.00017411980661563575	0.021042084168336674
0.0	0.0020429009193054137
0.0	1.0
0.0	0.0
0.0	1.0
0.0	0.0
0.0	1.0
-0.0002051240298897028	0.0
0.0	0.0
0.0	0.0
-0.007649325765669346	0.0
-0.0017909150337800384	0.0
0.0	0.0
0.0	0.0
-0.0008277102606371045	1.0
-0.006990527268499136	0.0
0.0	0.0
-0.00022288165928330272	1.0
0.0	1.0
-0.00023098337987903506	0.0
0.0	0.0
-0.0029951729811728	0.0
0.0	0.0
-0.0010539769427850842	0.0
-8.899156091501936e-05	0.0
0.0	0.0
0.0	0.0
-9.187763794216153e-07	0.0
-0.0031284443102777004	0.0
0.0	0.0
0.0	1.0
0.0	0.0
-2.461104884332599e-07	0.0
0.0	1.0
0.0	0.0
0.0	0.313
0.0	0.313
0.0	0.0
0.0	1.0
0.0	1.0
-2.125497121596709e-05	1.0
-0.000529781449586153	1.0
0.0	0.0
0.0	0.0
-0.002769696293398738	0.0
0.0	0.0
-1.382642608405149e-06	1.0
-0.000605311943218112	0.001
0.0	1.0
-0.000644636747892946	0.001
-1.5876538554948638e-06	0.0
0.0	1.0
0.0	1.0
0.0	1.0
-5.922742639086209e-05	0.0
0.0	1.0
-0.00023502855037804693	0.0
-0.0016668401658535004	0.001
-4.777089639661225e-15	0.0
0.0	0.0
-0.004978981334716082	0.0
0.0	0.0
0.0	0.0
-1.0167470918531762e-06	0.0
0.0	0.0
0.0	0.0
0.0	0.0
0.0	0.0
0.0	0.0
0.0	0.0
0.0	0.001
-1.0499773495098452e-08	0.001
-2.2740358929240756e-08	0.0
0.0	0.0
0.0	0.0
0.0	0.001001001001001001
0.0	0.001001001001001001
-0.000214991596294567	0.001001001001001001
0.0	0.001001001001001001
0.0	0.0
-7.193220517365262e-05	0.0
0.0	0.0
0.0	0.0
-0.03471330553293228	0.0
-4.277540938346647e-05	0.0
-0.0016316453693434596	1.0
0.0	0.0
-0.0005932776839472353	0.0
0.0	0.0
0.0	1.0
0.0	1.0
-0.006010999903082848	0.0
0.0	0.0
-5.65493429860453e-10	0.0
-0.0016601611860096455	0.0
-2.610955614039401e-13	0.0
0.0	0.0
0.0	0.034
0.0	0.0
0.0	0.0
0.0	0.0
-2.2034493667888455e-05	0.0
-3.227081037948665e-07	0.0
-9.545627221996256e-08	0.0
0.0	1.0
0.0	0.0
-3.659984213300049e-05	0.0
-6.678925274172798e-05	0.0
0.0	1.0
0.0	0.0
0.0	0.0
-0.006891611032187939	0.0
0.0	0.0
0.0	0.0
0.0	0.0
0.0	0.0
-3.675910988931719e-07	0.0
0.0	0.0
-0.005756682716310024	0.0
0.0	0.0
0.0	0.0
0.0	1.0
-0.00033921876456588507	0.0
-6.313209865993485e-08	0.0
-1.2851804065405759e-08	0.0
0.0	1.0
0.0	1.0
0.0	0.0
0.0	0.0
0.0	0.0
-0.0017067098524421453	0.0
0.0	0.0
0.0	0.0
0.0	0.0
-6.791727287236426e-07	0.0
0.0	0.0
-0.0038330312818288803	0.0
0.0	0.0
-3.4034481359412894e-05	0.08
0.0	0.08
-0.0005105723976157606	0.0
0.0	0.08
0.0	0.08
0.0	1.0
0.0	0.0
0.0	0.0
-5.621748186968034e-06	0.0
0.0	0.0
0.0	0.0
0.0	0.0
-0.014629335142672062	0.0
-1.6294160465335494e-09	0.0
0.0	0.0
0.0	0.0
-0.00013832043623551726	0.0
0.0	0.0
-0.00014124014705885202	0.0
0.0	0.0
0.0	0.0
0.0	0.0
0.0	0.0
0.0	0.0
0.0	0.0
-7.961630466013503e-09	1.0
-3.6860520191694945e-10	1.0
0.0	1.0
0.0	1.0
0.0	1.0
-0.00032386215752922	0.0
0.0	1.0
0.0	1.0
-0.0018200057093054056	0.0
0.0	0.0
-0.0012971609830856323	0.0
0.0	0.0
0.0	0.001
0.0	0.001
-2.6365415806139936e-07	0.0
0.0	0.001
0.0	0.0
0.0	0.0
0.0	0.0
0.0	0.0
0.0	0.0
-0.004145946819335222	0.0
-0.0001510945294285193	0.0
-3.842377249707596e-10	0.0
-2.4915360086197325e-07	0.0
0.0	0.0
-0.00031262304401025176	0.0
0.0	0.0
-1.6377075553464238e-06	0.0
0.0	1.0
0.0	0.0
0.0	0.0
-2.2201764295459725e-05	0.0
-0.0006200834759511054	0.0
-2.542257061577402e-05	0.0
0.0	0.004
0.0	0.0
-0.005792041774839163	0.0
0.0	0.006557377049180328
-5.5177505231540636e-08	0.0
-0.0005668065277859569	1.0
0.0	0.005
0.0	0.0
0.0	0.0
-1.2944295235683967e-07	1.0
-6.275804935285123e-06	0.003
-0.0007619525422342122	0.0
0.0	0.0
-0.0004806852084584534	1.0
0.0	0.0
0.0	0.0
-0.0011834843317046762	0.0
0.0	0.0
-0.0012538552982732654	0.0
0.0	0.0
-0.009532125666737556	0.0
-0.0061055924743413925	0.0
0.0	0.0
0.0	0.0
0.0	0.0
0.0	0.0
0.0	0.0
0.0	0.0
0.0	0.001
-3.631949558810521e-12	0.0
-1.8466409983375343e-06	0.0
0.0	0.0
0.0	0.10526315789473684
-0.0009305945131927729	0.026
0.0	0.0
0.0	0.0
-4.170092779531842e-06	0.02620967741935484
0.0	0.02620967741935484
-6.384325388353318e-07	0.0
-7.941159907431938e-08	0.008247422680412371
0.0	0.004
-0.018532466143369675	0.0
-0.0003978000022470951	0.0
0.0	0.0
0.0	0.0
-2.4223638320108876e-05	0.0
-0.00093061727238819	0.0
0.0	0.002
-0.0007317394483834505	0.03507014028056112
-1.466763865920484e-08	0.035
0.0	0.035
-5.45034572496661e-06	0.0
0.0	0.0
0.0	0.0
0.0	0.0
0.0	0.0
0.0	0.0
-0.001589708961546421	0.0
-5.060644070908893e-06	0.0
0.0	0.0
0.0	0.0
-0.005821680650115013	0.0
-7.475527752376365e-08	0.0
-0.0008715757867321372	0.0
0.0	0.0
0.0	0.0
0.0	0.0
0.0	0.0
