0.0	0.0
-0.0006650947034358978	0.0
-0.0003067039651796222	0.0
-8.083600846475747e-07	0.0
-0.06616508215665817	0.0
-2.7368367572222496e-09	0.0
0.0	1.0
0.0	0.0
0.0	0.0
-3.738765008165501e-05	0.0
0.0	1.0
0.0	0.0
0.0	0.0
0.0	0.0
-0.017396487295627594	0.0
-0.0006207963451743126	0.0
0.0	1.0
0.0	1.0
0.0	0.0
-0.03885779529809952	0.0
0.0	1.0
-6.343043060041964e-05	0.0
-2.265393277411931e-06	0.0
-0.0004134694754611701	0.0
0.0	0.0
-0.0028189141303300858	0.0
0.0	0.0
0.0	0.0
0.0	0.0
-0.005719151347875595	0.0
-0.0007533617899753153	0.0
-5.475797661347315e-05	0.0
0.0	0.0
0.0	0.0
0.0	0.005
-6.927463255124167e-05	0.014
0.0	1.0
-0.0004149929736740887	1.0
-1.5663313206459861e-06	1.0
0.0	1.0
-0.012690267525613308	0.0
-0.007376052904874086	0.0
-0.014909873716533184	0.0
-0.0012823232682421803	0.0
0.0	0.0
-9.370323184043627e-09	1.0
0.0	1.0
-0.0009197935578413308	0.0
-5.816047632833943e-05	0.0
-0.002095337025821209	0.0
-1.9752606021938846e-06	0.0
0.0	0.0
0.0	0.0
-8.854622279841351e-08	1.0
-3.7757754398626275e-06	0.0
0.0	0.0
-0.001309242332354188	0.0
0.0	0.0
-0.012273392640054226	0.0
-0.0022400289308279753	0.0
0.0	0.0
0.0	0.0
-0.02899906598031521	0.0
-0.01959371194243431	0.0
-0.0034649274311959743	0.0
0.0	1.0
-0.002656682161614299	0.0
-2.752817307438704e-09	0.0
-0.0022661855909973383	0.0
-0.0043080393224954605	0.0
-5.632738066196907e-06	0.0
0.0	0.0
0.0	0.0
0.0	1.0
0.0	0.0
0.0	0.0
-0.014902870170772076	0.0
-6.84918268234469e-05	1.0
0.0	0.0
-2.036624209722504e-06	0.0
-2.7071482122664747e-07	0.0
-0.004039481282234192	0.0
-2.795651710130187e-07	0.0
0.0	0.0
-0.00032402321812696755	0.0
0.0	0.0
-0.00014989158080425113	0.0
-0.0011297845048829913	0.0
0.0	0.0
0.0	0.0
0.0	0.0
-2.5982329177054453e-08	0.0
-0.003630544524639845	1.0
-0.00021433073561638594	1.0
0.0	1.0
0.0	1.0
-6.53222002711118e-07	1.0
0.0	1.0
-0.011107043363153934	0.0
-0.00044059637002646923	1.0
0.0	1.0
0.0	1.0
0.0	1.0
-0.00011258925223955885	1.0
0.0	1.0
0.0	1.0
-0.0007251445786096156	0.0
0.0	1.0
0.0	1.0
0.0	1.0
0.0	1.0
0.0	1.0
0.0	1.0
-6.956394571489e-08	1.0
-6.250913884287002e-07	0.0
-0.020518727600574493	0.0
-2.6792002644215884e-11	0.0
0.0	1.0
0.0	1.0
0.0	0.0
-0.0004948537680320442	0.0
-0.00012463812890928239	0.0
0.0	0.0
0.0	0.0
0.0	0.0
-0.0020546724554151297	0.0
-0.0015452515799552202	0.0
-1.7623710846237373e-06	0.0
0.0	0.0
0.0	0.0
-1.3159549838714923e-11	1.0
0.0	0.0
-7.911973807495087e-05	0.0
-3.6995855268173727e-09	0.0
-1.4946190276532434e-06	0.0
-0.0004749475046992302	0.0
0.0	0.0
-0.004711004439741373	0.0
0.0	0.0
0.0	0.0
-1.194203969653168e-13	0.0
0.0	0.0
-0.0015965120401233435	0.0
0.0	0.0
0.0	0.0
-8.212524335249327e-06	0.0
0.0	0.0
-2.7274456027015503e-09	0.0
0.0	0.0
0.0	0.0
0.0	0.0
0.0	0.0
0.0	0.0
0.0	1.0
0.0	0.0
0.0	0.0
-9.14259154494168e-11	0.0
0.0	0.0
0.0	0.0
0.0	1.0
0.0	1.0
0.0	1.0
0.0	1.0
-0.0035377179738134146	0.0
-0.009119686670601368	0.0
0.0	0.0
0.0	0.0
-0.0002713837893679738	0.0
0.0	0.0
0.0	0.0
0.0	0.0
0.0	0.0
0.0	0.0
0.0	0.0
0.0	0.0
-9.522002073936164e-05	0.0
0.0	0.0
-0.0002161379234166816	0.0
-6.269264758884674e-06	0.0
0.0	0.0
0.0	0.0
-4.312526471039746e-06	0.0
-5.975258773105452e-06	0.0
0.0	0.0
0.0	1.0
0.0	1.0
-8.629669537185691e-06	1.0
0.0	1.0
0.0	1.0
0.0	1.0
0.0	1.0
-4.926468136545736e-06	1.0
0.0	1.0
0.0	0.0
-1.893377543638053e-07	1.0
0.0	0.0
0.0	1.0
0.0	0.0
0.0	0.0
0.0	0.0
0.0	0.128
-0.0002501766139175743	0.128
-1.4319750718527757e-08	0.0
-2.9447615901290192e-08	0.0
0.0	0.0
0.0	0.128
-1.3320274774741847e-05	0.0
0.0	0.128
-0.0011120591079816222	0.0
0.0	0.0
0.0	0.057
0.0	1.0
-0.07125315070152283	0.0
-0.0005504002328962088	0.0
0.0	0.0
0.0	0.0
0.0	0.0
-0.0003431423392612487	0.0
0.0	0.0
0.0	0.3515625
-0.0001620709226699546	0.045
-0.0019191730534657836	0.045
0.0	0.0
0.0	0.0
0.0	0.045
-0.00018248651758767664	0.0
0.0	1.0
-5.3242536523612216e-05	0.0
-0.0008939348044805229	1.0
0.0	1.0
0.0	1.0
0.0	1.0
0.0	0.0
-0.015791313722729683	0.0
0.0	0.045
-0.006401230581104755	0.0
0.0	1.0
0.0	0.0
0.0	1.0
0.0	0.0
-1.3720913557335734e-05	0.0
0.0	0.0
0.0	0.0
0.0	0.0
0.0	0.0
0.0	0.0
0.0	0.0
-0.009852413088083267	0.0
0.0	0.202
0.0	0.202
0.0	0.0
-1.1736797089767492e-09	0.202
0.0	0.0
-0.000210174621315673	0.0
0.0	0.0
0.0	0.001
0.0	0.0
-0.015797123312950134	0.0
0.0	1.0
0.0	0.0
0.0	0.001
-6.010851052451471e-07	0.0
-1.4488679880741984e-05	0.0
0.0	0.0
0.0	0.0
-9.565319487592205e-07	0.0
0.0	0.0
0.0	0.0
0.0	0.0
-0.0005671526305377483	0.0
-0.0035900052171200514	0.0
0.0	0.0
0.0	0.0
-3.554027352947742e-05	0.0
0.0	0.0
0.0	0.0
0.0	0.0
0.0	0.0
0.0	0.0
-0.002891905838623643	0.0
0.0	0.0
-0.0001119860535254702	0.0
-3.904430559487082e-05	0.0
0.0	0.0
-2.8690934414044023e-05	0.0
-0.0018648166442289948	0.0
0.0	0.0
-3.128406751784496e-05	0.0
0.0	0.0
0.0	0.0
0.0	0.0
-0.0006786310696043074	0.0
-1.9134893669559006e-09	0.0
-6.34154275758192e-05	0.0
-0.003060903400182724	0.0
0.0	0.0
0.0	0.0
0.0	0.0
-0.025911428034305573	0.0
0.0	0.0
-1.7919765014084987e-05	0.0
0.0	0.0
0.0	0.0
0.0	0.0
-7.448992619174533e-06	0.0
0.0	1.0
0.0	1.0
0.0	0.0
-0.010538739152252674	0.0
0.0	0.0
0.0	1.0
-0.00013230704644229263	0.0
0.0	0.0
0.0	0.0
-2.936426102273515e-11	1.0
-3.35144140990451e-05	1.0
0.0	1.0
0.0	0.0
0.0	0.0
0.0	1.0
-1.0684744665923063e-05	1.0
0.0	1.0
0.0	1.0
0.0	1.0
-0.017140932381153107	0.0
0.0	0.0
0.0	0.0
0.0	0.0
0.0	0.0
0.0	1.0
-0.0006127943051978946	0.10526315789473684
0.0	1.0
0.0	1.0
0.0	0.0
-0.0034923567436635494	1.0
0.0	1.0
-0.001360640861093998	0.0
0.0	1.0
-1.2316345419094432e-06	0.0
-2.5107556211878546e-05	0.0
0.0	0.0
-0.0001256609830306843	0.0
-1.817286261029949e-06	0.0
0.0	0.0
0.0	1.0
-6.956118170364789e-08	0.0
0.0	1.0
-0.006532495375722647	0.0
0.0	0.0
0.0	0.0
-3.2937400646915194e-06	0.0
-3.877934773299785e-07	0.0
0.0	0.0
-0.0004050128336530179	0.0
-0.0007905187085270882	0.0
0.0	0.0
-0.0012696379562839866	0.0
0.0	1.0
0.0	0.0
-0.0026920491363853216	0.001
0.0	1.0
-0.002686780644580722	0.001
0.0	0.0
0.0	0.0
-0.0006973149720579386	0.001
0.0	0.001
0.0	0.0
0.0	0.0
0.0	0.001
0.0	0.0
-3.4735985536826774e-05	0.0
-3.8251928344834596e-05	0.0
-1.5430119049142377e-07	0.0
0.0	0.0
0.0	0.0
-0.0007950399303808808	1.0
0.0	0.0
-1.2498059049903532e-06	0.0
0.0	0.0
0.0	0.0
-0.0018973638070747256	0.0
0.0	0.0
-5.544425718539969e-08	0.0
0.0	0.0
-0.00020644674077630043	0.0
-7.390056998701766e-05	0.0
-3.813420690335079e-08	1.0
0.0	0.0
0.0	0.0
-8.206955681089312e-05	0.0
-8.29401960800169e-06	0.0
0.0	0.0
-0.00037757775862701237	0.0
0.0	0.0
0.0	0.0
-1.2934167443745537e-06	0.0
0.0	0.0
0.0	0.0
-1.9183011318091303e-05	0.0
0.0	0.0
0.0	0.0
0.0	0.0
-7.363512122537941e-05	0.0
0.0	0.0
-3.160878623020835e-05	1.0
0.0	1.0
0.0	0.0
0.0	0.0
0.0	0.0
0.0	0.0
0.0	0.0
0.0	0.0
-0.0062021235935389996	0.0
-0.00016935744497459382	0.0
0.0	0.0
-7.650747647858225e-06	0.0
0.0	0.0
0.0	0.0
0.0	1.0
0.0	0.0
0.0	1.0
0.0	0.0
-1.3857664148131388e-11	1.0
-0.020158346742391586	0.0
-0.010414672084152699	0.0
0.0	0.0
0.0	0.247
0.0	0.247
0.0	0.0
0.0	1.0
0.0	0.0
0.0	0.0
0.0	0.0
0.0	0.0
-0.007748603355139494	0.0
0.0	0.0
0.0	1.0
0.0	0.0
-1.3827657312504016e-06	1.0
0.0	0.0
-0.008125140331685543	0.0
0.0	0.0
0.0	0.0
0.0	0.0
-1.8453833035891876e-05	0.0
-0.003418263979256153	0.0
-0.00018833373906090856	0.0
-6.513525931950426e-06	0.0
-0.005381202790886164	0.0
0.0	0.0
-9.529426847620925e-07	0.0
0.0	0.0
0.0	0.0
0.0	0.0
0.0	0.0
0.0	0.0
0.0	0.0
-0.004154479131102562	0.0
0.0	0.0
-4.8816677008289844e-05	0.0
-0.003297467716038227	0.0
0.0	0.022
0.0	0.0
-0.0006368004251271486	0.0
-2.0557794755404757e-07	0.0
-0.0014574169181287289	0.0
-1.323681772191776e-06	0.0
0.0	0.0
-0.0006810404593124986	0.0
0.0	0.0
0.0	0.0
0.0	1.0
0.0	1.0
0.0	1.0
0.0	1.0
0.0	0.0
-0.00023701094323769212	1.0
-0.0005181325832381845	1.0
-2.391742054896895e-05	0.0
0.0	0.0
-0.00010673393990145996	1.0
-0.0002786455152090639	1.0
0.0	0.0
-0.0010300392750650644	0.0
-8.23880199618543e-08	0.0
0.0	0.0
0.0	0.0
0.0	1.0
-0.00020322554337326437	0.0
0.0	0.0
0.0	0.0
0.0	0.0
0.0	0.0
0.0	0.0
-3.5507989881722324e-09	0.0
0.0	0.0
0.0	0.0
0.0	0.0
-0.00286189210601151	0.0
0.0	1.0
-0.00041015964234247804	1.0
-0.0003962763585150242	0.0
-8.32227087244064e-08	0.0
-2.2399151930585504e-05	0.0
0.0	1.0
-2.7413513237206644e-08	1.0
0.0	0.0
-0.00028564638341777027	0.0
0.0	0.0
-1.8562412151368335e-05	1.0
0.0	0.0
0.0	1.0
0.0	1.0
0.0	0.0
0.0	0.0
-3.7196059565758333e-09	0.0
0.0	1.0
-1.6143362202569733e-09	1.0
0.0	0.0
0.0	0.0
-1.1186022675246932e-05	0.0
-6.358512605331157e-10	0.0
0.0	1.0
-2.2442303816205822e-05	0.0
0.0	0.0
0.0	0.0
0.0	0.0
0.0	0.0
-0.01740356720983982	0.0
-0.001961211208254099	0.016
0.0	0.0
0.0	0.016
0.0	0.016
-0.002610037801787257	0.0
-0.0024124174378812313	0.0
-0.006419224664568901	0.0
-0.004748585633933544	0.0
0.0	0.0
0.0	0.0
-2.4851158741512336e-05	1.0
0.0	0.0
0.0	0.0
-8.777122275205329e-06	0.0
-0.0008317107567563653	0.0
0.0	0.0
0.0	0.0
0.0	0.0
0.0	0.0
-0.000509255041833967	0.0
-0.0003592712455429137	0.0
-0.006858102977275848	0.057
-0.00037752906791865826	0.0
0.0	0.0
-0.0022543517407029867	0.0
0.0	0.0
-0.027256740257143974	0.0
0.0	0.0
-8.749701009946875e-06	0.0
0.0	0.0
0.0	0.0
-0.0028170112054795027	0.0
0.0	0.0
0.0	0.0
-3.240398598336469e-07	1.0
-0.005084357224404812	0.0
0.0	1.0
0.0	1.0
-0.0006880849250592291	0.0
-0.0007272997754625976	0.0
0.0	0.0
0.0	0.0
0.0	0.0
-0.002599685452878475	0.0
0.0	0.0
-1.2077674682586803e-07	0.0
-0.00017989713524002582	0.0
0.0	0.0
0.0	0.0
0.0	0.0
0.0	0.0
-0.000451470201369375	0.0
-3.0554059776477516e-05	0.0
0.0	0.0
0.0	0.0
-1.2931775650315558e-08	0.0
0.0	0.0
-1.153342932269652e-08	0.0
0.0	0.0
0.0	0.0
-0.0009993818821385503	0.0
0.0	0.0
-0.0009767665760591626	0.0
-0.00022145976254250854	1.0
0.0	0.0
0.0	0.0
0.0	0.0
0.0	0.0
-4.907395123154856e-06	0.0
-6.190551175677683e-06	0.0
0.0	0.0
-0.007869436405599117	0.0
0.0	0.0
-0.0012116783764213324	0.0
0.0	0.0
-1.4411086039778365e-11	0.0
0.0	0.0
0.0	0.0
0.0	0.0
0.0	0.0
0.0	0.0
-0.011079209856688976	0.0
0.0	0.0
-0.002002913039177656	0.0
-0.00010272461076965556	0.0
-0.0059596518985927105	0.0
-0.0005035675712861121	1.0
-0.00026632921071723104	1.0
-2.077926546917297e-05	0.0
0.0	1.0
0.0	0.0
0.0	0.0
0.0	0.0
0.0	0.0
0.0	1.0
0.0	0.0
0.0	0.0
0.0	0.0
-2.267141462652944e-05	0.0
0.0	0.0
-5.643679534123036e-12	1.0
-1.1236206631792811e-07	1.0
0.0	0.0
-3.910568580067775e-08	0.0
0.0	0.0
-4.750288162824745e-09	0.0
-0.0021948327776044607	0.0
0.0	0.0
-0.0014599256683140993	0.0
-0.0010186524596065283	0.0
0.0	0.0
0.0	0.0
0.0	0.0
-1.0595043022476602e-05	0.0
0.0	0.0
-2.894740282499697e-05	0.0
0.0	0.0
0.0	0.0
-5.490875992109068e-05	0.0
0.0	0.0
-0.0006287122960202396	0.0
-1.2436560609785374e-05	0.0
-0.00010771413508336991	0.0
0.0	0.0
0.0	0.0
-6.683006358798593e-05	0.0
0.0	0.0
0.0	0.0
-3.0453898943960667e-05	0.0
0.0	0.0
0.0	0.0
0.0	0.0
-0.00024485652102157474	0.0
-1.0777047698695696e-08	0.0
0.0	0.0
0.0	0.0
-0.009653812274336815	0.0
0.0	0.0
0.0	0.0
-0.016178807243704796	0.0
0.0	0.0
-0.00014470040332525969	0.0
0.0	0.0
0.0	0.0
0.0	0.0
-0.002925506327301264	0.0
0.0	0.0
0.0	0.0
0.0	0.0
-7.159050574578885e-10	0.0
-0.007384724915027618	0.0
-0.004025849048048258	0.0
0.0	0.0
0.0	0.0
-4.200804704090899e-10	0.0
0.0	0.0
0.0	0.0
-0.00023431442969013005	0.0
-0.0075516547076404095	0.0
0.0	0.0
0.0	0.0
0.0	0.0
0.0	0.0
0.0	0.0
-0.003255232237279415	0.0
0.0	0.0
0.0	0.0
0.0	0.0
0.0	0.0
0.0	0.0
0.0	0.0
-9.39598339755321e-06	0.0
0.0	0.0
0.0	0.0
0.0	0.0
0.0	0.0
0.0	0.0
0.0	0.0
0.0	0.0
0.0	0.0
-0.03428683057427406	0.0
0.0	0.0
0.0	0.0
-0.0009240312501788139	0.0
0.0	0.128
0.0	0.0
-0.0027148660738021135	0.0
-0.00010966680565616116	0.128
-6.831591576883511e-07	0.0
-1.589201588103606e-06	1.0
0.0	0.0
0.0	0.0
0.0	0.0
-0.06258668750524521	0.0
-0.004100870341062546	0.0
-2.449138037263765e-06	0.008
0.0	1.0
-3.3863318094518036e-05	0.008
0.0	1.0
0.0	1.0
-0.003721006913110614	1.0
0.0	0.0
-6.73514005029574e-05	1.0
0.0	0.0
-0.0020893013570457697	0.0
-4.905157402390614e-05	0.0
0.0	0.0
0.0	0.0
0.0	0.0
0.0	0.0
-1.1369030517016654e-06	0.0
-7.364779594354331e-05	0.0
-0.0006491328240372241	0.0
-0.002605344168841839	0.0
-9.862677785577034e-08	0.0
-7.501507011051234e-13	0.0
0.0	1.0
0.0	1.0
-0.0017190439393743873	1.0
0.0	1.0
0.0	1.0
0.0	1.0
-6.951963587198406e-05	0.0
0.0	0.0
-6.796013167331694e-06	0.0
0.0	0.0
0.0	0.0
-8.675549179315567e-05	0.0
0.0	0.057
0.0	1.0
0.0	1.0
0.0	0.26193001060445387
-0.0002380402002017945	0.26193001060445387
-0.0009431098587810993	0.07569721115537849
-0.0001443248038413003	0.26193001060445387
-0.013917618431150913	0.0
0.0	0.0
-7.296769695130934e-07	0.0
0.0	0.247
0.0	0.247
-1.4478406455964432e-06	0.0
0.0	0.0
0.0	0.0
-1.9508792320266366e-05	0.0
-2.6801757485372946e-05	0.0
-0.004109807312488556	0.0
0.0	0.0
0.0	0.0
0.0	0.0
0.0	0.0
-7.908398202971512e-08	0.0
0.0	0.0
0.0	0.0
0.0	0.0
0.0	0.0
-0.0035653177183121443	0.0
0.0	0.0
0.0	0.0
-1.816778194552171e-06	0.0
0.0	0.0
-0.00018244895909447223	0.0
0.0	1.0
-0.024804284796118736	0.0
-3.0929342756280676e-05	1.0
0.0	1.0
-0.00037623217212967575	1.0
-0.0005046946462243795	0.0
0.0	0.0
0.0	0.0
0.0	0.202
0.0	0.0
0.0	0.0
0.0	0.0
-0.00021018744155298918	0.0
-1.981449531740509e-05	0.0
-2.0035324268974364e-05	0.0
-1.7175110770040192e-05	0.0
-6.9309579776855035e-12	0.0
-0.0031045423820614815	0.0
0.0	0.0
0.0	0.0
-0.0011384576791897416	0.0
0.0	0.0
0.0	0.0
-6.732068140991032e-05	0.0
0.0	0.0
