0.0	0.0
0.0	0.0
0.0	0.0
-2.4389748887188034e-06	1.0
0.0	1.0
-3.2451051083626226e-05	0.0
0.0	0.0
0.0	0.0
-3.050957047889824e-06	0.0
-2.2402024114853702e-05	0.0
0.0	0.0
0.0	0.0
0.0	0.0
0.0	0.0
0.0	0.0
0.0	0.0
0.0	0.0
-7.794539413907842e-08	1.0
0.0	1.0
-9.79180731519591e-06	0.0
0.0	1.0
-4.238727342453785e-07	1.0
-1.4204000535755767e-06	1.0
0.0	0.0
0.0	1.0
0.0	1.0
-4.3590735003817827e-05	0.0
0.0	1.0
0.0	0.0
0.0	0.0
0.0	0.0
-4.004464244644623e-06	1.0
0.0	0.0
-0.00023793301079422235	0.0
-0.003972625359892845	0.0
0.0	0.0
-0.0011804965324699879	0.0
-5.417412467068061e-05	0.0
0.0	0.0
-2.1111709713750315e-08	0.0
0.0	0.0
-0.004065674263983965	0.0
-0.0003248508437536657	0.0
0.0	0.0
0.0	1.0
0.0	1.0
0.0	1.0
0.0	1.0
-0.0008008486474864185	1.0
0.0	1.0
0.0	1.0
0.0	1.0
0.0	1.0
-0.00016350367513950914	0.0
0.0	1.0
0.0	0.0
0.0	0.0
0.0	0.0
0.0	0.0
0.0	0.0
0.0	0.0
0.0	0.0
-0.0005386109696701169	0.0
-6.179164483910426e-05	0.0
-1.9692501496137993e-07	0.0
-0.0023209552746266127	0.0
0.0	0.0
0.0	0.0
0.0	0.0
0.0	0.0
0.0	0.0
0.0	0.001
0.0	0.001
0.0	0.001
-4.17328265029937e-05	0.0
-1.3406444168140297e-06	0.001
-8.261146717813972e-07	0.001
0.0	0.001
0.0	0.001
-9.925216030992612e-13	0.0
0.0	0.001
-6.691461021546274e-05	0.0
-3.885869404030018e-08	0.001
0.0	0.001
0.0	0.0
0.0	0.0
-0.007866752333939075	0.001
0.0	0.0
-0.0026241065934300423	0.004
0.0	0.004
-6.889718520142196e-07	0.0
0.0	0.004
0.0	0.0
0.0	0.004
-0.006862562149763107	0.004
0.0	0.004
0.0	0.0
0.0	0.0
0.0	0.003
-1.719224883345305e-06	0.003
-2.8011788799631177e-06	0.0
-8.291818289762887e-07	0.0
-0.07366055995225906	0.0
0.0	0.0030120481927710845
-0.00017786934040486813	0.003
0.0	0.0
0.0	0.003
0.0	0.0
-0.00016968602722045034	0.0
0.0	0.0
0.0	0.0
0.0	0.008
-0.0004521402297541499	0.008
0.0	0.0
0.0	0.008
0.0	0.0
0.0	0.0
-0.004543960560113192	0.0
-0.00018756835197564214	0.0
0.0	0.0
-2.6991214596705504e-08	0.0
-0.00035100633976981044	0.0
-4.979647627578743e-08	0.0
-3.6903122236253694e-05	0.0
-0.00020334855071268976	0.0
-3.608901579355006e-06	0.0
0.0	0.0
-2.1593568599875823e-10	0.0
-8.708414434011047e-09	0.0
0.0	0.0
0.0	0.0
0.0	0.0
0.0	0.0
0.0	0.0
0.0	0.0
0.0	0.0
-0.00863658171147108	0.0
0.0	0.0
0.0	0.0
-1.159820417484525e-08	0.0
0.0	0.0
0.0	0.0
0.0	1.0
0.0	0.0
-0.0008006858988665044	0.0
0.0	0.0
-3.184762363162008e-06	0.0
0.0	0.0
0.0	1.0
0.0	1.0
-1.2157526043665712e-06	0.0
0.0	0.0
-0.0006542124319821596	0.0
0.0	0.0
-1.8050872085950687e-06	0.0
-0.0008133109076879919	1.0
0.0	0.0
0.0	0.0
0.0	1.0
0.0	0.0
-0.00025915633887052536	0.0
-0.00026152044301852584	0.0
0.0	0.0
-2.812374077620916e-05	0.0
0.0	1.0
0.0	1.0
-0.0008013593615032732	0.0
-0.00027292585582472384	0.0
-0.05734655261039734	0.0
-1.8232114598504268e-05	0.0
0.0	0.0
-0.004165266640484333	0.0
0.0	0.0
0.0	0.0
0.0	0.0
0.0	0.0
0.0	0.0
0.0	0.0
0.0	0.0
0.0	0.0
0.0	0.0
0.0	0.0
-0.0006487896898761392	0.0
0.0	0.0
0.0	0.0
-2.403522891825105e-08	0.0
-0.0002553864323999733	0.0
-6.909661351528484e-06	0.0
0.0	0.0
-0.0005585614708252251	0.0
0.0	0.0
-0.0050056930631399155	0.0
0.0	0.0
-9.015082083618786e-12	0.0
-2.585747324701515e-06	0.0
-0.0007709449855610728	0.0
-0.00016132810560520738	0.0
0.0	0.0
-0.001614588312804699	0.0
0.0	0.0
-0.0002768525737337768	0.0
-8.002914546523243e-05	0.0
0.0	0.0
0.0	1.0
-0.0004988138098269701	0.0
-8.415804018113704e-07	0.0
0.0	1.0
-9.443458566238405e-07	0.0
0.0	0.0
0.0	0.0
-7.674186619510692e-09	0.0
-3.7175679608481005e-05	0.0
-0.002209087135270238	0.0
0.0	0.0
-1.7371261264997884e-06	0.0
0.0	0.0
0.0	0.0
0.0	0.0
0.0	0.0
0.0	0.0
0.0	0.0
0.0	0.0
0.0	0.0
-3.647485209512524e-05	1.0
0.0	0.0
-1.5627773564119707e-06	1.0
-5.222847539698705e-05	0.0
-1.679623323980195e-06	0.0
0.0	0.0
0.0	0.0
-5.079136258245853e-07	0.002
-5.868435945521888e-12	0.0
-0.004517121706157923	0.0
0.0	1.0
0.0	0.0
-1.6477294195738068e-07	0.0
-6.100817628862387e-09	0.0
0.0	0.0
-2.8015199049491457e-09	0.0
-1.4202426257270417e-07	0.0
0.0	0.0
0.0	0.0
0.0	0.0
-0.001782095991075039	0.0
0.0	1.0
-0.009373127482831478	0.0
-0.0004800017341040075	1.0
0.0	1.0
0.0	1.0
0.0	0.0
-1.7622694940655492e-05	0.0
0.0	0.0
-8.498487886754447e-07	0.0
0.0	0.0
-1.8524490315030562e-06	0.0
0.0	0.0
-5.8594181950866187e-08	0.0
-1.6076631137451614e-09	0.0
-0.0018956385320052505	0.0
0.0	0.0
0.0	0.0
-2.709514956222847e-05	0.001
0.0	1.0
0.0	0.0
-0.00010837341687874869	0.0
0.0	0.001
-0.00014838467177469283	1.0
0.0	0.001
-0.006091664079576731	0.0
0.0	1.0
0.0	0.0
0.0	1.0
0.0	0.0
-9.946291356754955e-06	1.0
0.0	1.0
0.0	1.0
-3.726728027686477e-05	0.0
0.0	0.0
0.0	0.0
0.0	1.0
0.0	1.0
0.0	1.0
0.0	0.0
0.0	1.0
0.0	0.0
0.0	0.0
0.0	0.0
-6.338104299175029e-07	0.388
-2.370188440181664e-06	0.388
0.0	0.388
-0.004018640611320734	0.0
0.0	0.388
0.0	0.388
0.0	0.388
-1.2200993104727331e-08	0.388
-2.9784402499899443e-07	0.388
0.0	0.0
0.0	0.0
0.0	0.388
0.0	0.0
-1.6087633412098512e-05	0.0
0.0	0.388
0.0	1.0
0.0	1.0
0.0	1.0
-2.680252464415389e-06	0.0
0.0	1.0
0.0	0.0
0.0	0.0
0.0	1.0
0.0	1.0
-0.0018823412247002125	0.0
0.0	0.0
0.0	0.0
0.0	0.0
0.0	1.0
0.0	1.0
0.0	1.0
-0.015553656965494156	0.0
-1.099810731375328e-08	0.0
-1.8130795753634743e-09	0.0
0.0	0.0
-0.0133969746530056	0.0
-9.481325832894072e-06	1.0
-6.820372800575569e-05	0.0
0.0	0.0
0.0	0.0
0.0	1.0
0.0	1.0
-0.0004834994615521282	0.0
-9.047686762642115e-05	0.0
0.0	0.0
0.0	0.0
0.0	0.0
0.0	1.0
0.0	0.0
-0.0030960319563746452	0.0
0.0	0.0
-0.03585408627986908	0.0
-0.00044102853280492127	0.0
0.0	0.0
0.0	0.0
0.0	0.0
0.0	0.0
-0.00038785478682257235	0.0
-0.0006215823232196271	0.0
0.0	0.0
-0.0019026155350729823	1.0
0.0	0.0
-5.77579194214195e-05	0.0
0.0	0.0
-0.0018036914989352226	0.0
0.0	0.0
0.0	0.0
0.0	0.0
0.0	0.0
0.0	0.0
0.0	0.0
0.0	0.055
-6.886884511914104e-05	0.0
0.0	0.055
0.0	0.0
0.0	0.0
-0.004508139565587044	0.0
0.0	0.0
-0.0031062131747603416	0.0
-0.014024648815393448	0.0
-2.4392995783273363e-06	0.055
-3.261317760916427e-05	0.055
0.0	0.055
0.0	0.0
-0.0013099252246320248	0.0
-4.021379027108196e-06	0.0
-5.138700726092793e-05	0.0
0.0	0.0
-0.011559895239770412	0.0
0.0	0.0
-0.0014462640974670649	0.0
0.0	0.0
-0.00011108984472230077	0.0
0.0	0.0
0.0	0.0
-0.000424950965680182	0.0
-0.002985985018312931	0.0
-1.3064838640275411e-05	0.0
0.0	0.0
-0.0003333953791297972	0.0
-5.2358522850681766e-08	0.0
-2.7948311981162988e-05	0.0
0.0	0.0
-1.889188716575063e-08	1.0
0.0	1.0
0.0	0.0
-0.011063691228628159	0.0
0.0	0.0
0.0	0.0
-0.005446027498692274	0.0
0.0	0.001
-1.8667067706701346e-05	0.007
-0.00015543827612418681	0.0
-1.2948848052474204e-05	0.007
0.0	0.007
-3.301818287582137e-05	0.007
-1.2114404626117903e-06	0.0
-0.004270826932042837	0.0
-0.0001483146770624444	0.0
0.0	1.0
0.0	0.0
-0.001838927622884512	0.001
-2.3276877982425503e-05	0.0
-2.1675728930858895e-05	0.0
0.0	1.0
-0.011860503815114498	0.0
0.0	0.0
0.0	0.0
0.0	0.0
0.0	0.0
-0.002531878650188446	0.0
0.0	0.0
-0.010725324042141438	0.0
0.0	0.0
-0.00023385303211398423	0.0
0.0	0.0
0.0	0.0
-0.00036106567131355405	0.001
0.0	0.001
0.0	0.0
0.0	0.001
-4.878492472926155e-05	0.001
-2.9571315280918498e-06	0.0
0.0	0.0
0.0	0.0
0.0	1.0
-0.007859648205339909	0.0
-0.0022318405099213123	0.0
-0.00046308786841109395	1.0
-0.0008794576860964298	0.0
0.0	0.0
-1.405329044246173e-06	0.025
0.0	0.0
-0.009963744319975376	0.0
0.0	0.0
0.0	0.0
0.0	0.0
-5.640163447395707e-09	0.0
0.0	0.0
0.0	0.0
-0.004969927482306957	0.0
0.0	0.0
-0.00040772647480480373	0.0
-1.2122108273615595e-05	0.0
0.0	0.0
-1.3132512322044931e-07	1.0
0.0	0.0
0.0	0.003
-0.0004777554131578654	0.0
-0.0001624933211132884	0.003
0.0	0.003
0.0	1.0
0.0	0.0
-0.002081054262816906	0.003
0.0	0.0
0.0	0.003
0.0	0.003
-2.563601553262629e-09	0.0
-0.0034737789537757635	0.0
0.0	0.14285714285714285
-5.577491606345575e-07	0.0
0.0	0.0
-3.79416742362082e-05	0.0
-5.926028734393185e-07	0.0
-1.0145834039576584e-06	0.0
-0.00033117757993750274	0.0
0.0	0.0
-0.0011238264851272106	0.0
0.0	0.0
-1.042677558871219e-05	0.0
0.0	0.0
0.0	0.0
0.0	0.0
0.0	0.0
0.0	0.0
0.0	0.0
0.0	0.0
0.0	0.0
0.0	0.0
-1.5865403838688508e-05	0.0
-0.0014416531194001436	0.0
0.0	0.0
0.0	0.0
0.0	0.0
0.0	0.0
0.0	0.0
0.0	0.0
0.0	0.0
-2.4076163754216395e-05	0.0
-0.00010478006151970476	0.0
0.0	0.0
-1.4678994908479126e-08	0.0
0.0	0.0
0.0	1.0
-9.931046406563837e-06	0.0
0.0	1.0
0.0	1.0
0.0	1.0
-8.293811220028147e-07	1.0
-1.8733695469563827e-05	1.0
0.0	1.0
-0.0005563919548876584	1.0
-0.01318371668457985	0.0
-1.2695922535499449e-08	1.0
0.0	1.0
-0.0011255564168095589	0.0
0.0	0.0
0.0	0.0
-0.007956068031489849	0.0
0.0	0.0
-0.0004892837023362517	0.0
0.0	0.0
-0.0004937890917062759	1.0
0.0	0.0
0.0	0.014
0.0	0.0
-0.00023314307327382267	1.0
-5.330349722498795e-06	0.0
0.0	0.014
0.0	0.0
-0.002885399153456092	0.0
-1.508936833261032e-07	0.014
0.0	0.014
0.0	0.0
-0.0018312096362933517	0.0
0.0	0.0
-0.01799313724040985	0.0
0.0	0.0
-0.000538611551746726	0.0
0.0	0.0
0.0	0.0
-3.195896454144531e-07	0.0
0.0	0.0
-0.0028737445827573538	0.0
-0.0001970957382582128	0.0
0.0	0.0
0.0	0.0
-0.00020617373229470104	0.0
0.0	0.0
0.0	1.0
0.0	1.0
0.0	1.0
0.0	0.0
0.0	0.0
0.0	0.0
0.0	0.0
0.0	0.0
0.0	0.0
-0.0008150958456099033	0.0
0.0	0.0
-0.00013572434545494616	0.0
-3.138498868793249e-05	0.0
0.0	0.0
-4.375338539830409e-05	0.016
0.0	0.0
-0.003173064673319459	0.016
-0.00024002938880585134	0.0
-1.931107181007974e-05	0.0
-0.027145229279994965	0.0
-4.433827882621699e-08	0.0
0.0	0.0
-4.578362222673604e-06	0.0
0.0	0.0
0.0	0.0
-2.6230456569464877e-05	0.0
0.0	0.0
-0.00010510953143239021	0.0
0.0	0.0
0.0	1.0
-6.092028548287942e-10	0.0
0.0	0.0
0.0	0.0
0.0	1.0
-0.0003966764488723129	0.0
0.0	0.0
-5.438911898636434e-07	0.0
0.0	0.0
-0.013820537365972996	0.0
0.0	0.0
0.0	0.0
0.0	0.0
-0.0049895476549863815	0.0
0.0	0.0
0.0	0.0
0.0	0.0
0.0	0.0
0.0	0.0
0.0	0.0
-0.001544216531328857	0.0
0.0	0.0
-3.9567927160533145e-05	0.0
0.0	0.0
-1.1424868944232003e-06	0.038
-0.006252281367778778	0.0
-2.901035077229608e-05	0.038
-0.0004343281325418502	0.0
0.0	0.0
-2.316382415301632e-05	0.0
-8.663413808562836e-08	0.038
0.0	0.038
-0.006210449617356062	0.038
0.0	0.0
0.0	1.0
-0.0007011059788055718	0.0
0.0	0.0
0.0	0.0
0.0	0.0
0.0	0.0
-8.21325507605053e-11	0.0
0.0	0.0
0.0	0.0
-1.4618556178902509e-06	0.0
0.0	0.0
0.0	0.0
-2.802568269544281e-05	0.0
0.0	0.0
0.0	0.0
-0.0015738456277176738	0.0
0.0	0.0
0.0	0.0
0.0	0.0
-0.00020914424385409802	0.0
-1.304879315711105e-08	0.0
0.0	0.0
0.0	0.0
-0.00029566840385086834	0.0
0.0	0.007
0.0	0.007
0.0	0.0
0.0	0.0
-0.006661891471594572	0.0
0.0	0.0
0.0	0.003
0.0	0.0
0.0	0.0
-0.0007600122480653226	1.0
-4.437939793433543e-09	0.003
-0.0061490098014473915	0.0
-0.005963877774775028	0.003
-1.0373495342719252e-06	1.0
-5.617209535557777e-05	0.0
0.0	0.0
0.0	0.0
0.0	0.0
0.0	0.0
0.0	0.0
0.0	0.0
0.0	0.0
0.0	0.0
-2.571130153228296e-06	0.0
0.0	0.0
0.0	0.0
0.0	0.0
0.0	1.0
0.0	0.0
-3.0817254810244776e-06	0.0
0.0	1.0
0.0	1.0
-0.002973317401483655	1.0
-4.379819438327104e-05	0.0
-3.582889985409565e-05	1.0
-2.1468014892889187e-05	1.0
0.0	0.0
-3.3840940432128264e-06	0.0
0.0	0.0
0.0	0.0
0.0	0.0
-0.0012100310996174812	1.0
0.0	0.0
-0.002141105243936181	0.0
0.0	0.0
-0.002683680271729827	0.0
-0.001096628257073462	0.016
0.0	0.016
0.0	1.0
0.0	0.0
0.0	0.0
-1.2474100918868913e-10	0.0
-4.586705472320318e-05	1.0
-0.0013336415868252516	1.0
0.0	0.0
-6.633158773183823e-05	0.0
-8.981336918623128e-07	1.0
-0.00023013130703475326	0.0
-0.000494350038934499	0.0
-9.689530998002738e-06	1.0
-0.005153616890311241	0.0
-3.6076966125619947e-07	0.0
-1.1020433177133526e-10	0.0
0.0	0.0
0.0	0.0
0.0	0.0
0.0	0.0
0.0	0.0
-0.0004060849896632135	0.0
-9.224881125646789e-08	0.0
-5.652669088362927e-08	0.0
-0.00025718280812725425	0.0
0.0	0.0
0.0	1.0
0.0	0.0
0.0	0.0
0.0	0.0
0.0	0.0
-4.4154578660027255e-08	0.0
0.0	0.0
-2.938866164314824e-12	0.0
-3.2188199838856235e-05	0.0
0.0	1.0
-0.0021320160012692213	1.0
0.0	0.0
-0.007038983982056379	0.0
-0.0012212725123390555	0.001394700139470014
0.0	0.0
0.0	0.0
0.0	0.0
-1.301608335779747e-05	0.0
-0.0014763767831027508	0.0
0.0	0.0
-0.014747912995517254	0.0
0.0	0.0
0.0	0.0
0.0	0.0
-2.7037455607725747e-10	0.0
0.0	0.0
-3.0307299311971292e-05	0.0
-1.1466046998975798e-05	0.0
0.0	0.0
-0.0073388745076954365	0.0
0.0	0.0
-4.224853910272941e-06	0.001
0.0	0.0
0.0	0.0
-0.0012384814908728004	0.0
-1.1266645287832944e-06	0.0
-1.1420659575378522e-05	0.001
-3.525188731146045e-06	0.0
-0.00016803013568278402	1.0
0.0	1.0
0.0	0.0
0.0	1.0
0.0	0.0
0.0	0.0
0.0	1.0
0.0	1.0
-0.0032070837914943695	0.0
-0.08778277784585953	0.0
-1.9044487999053672e-05	0.0
0.0	1.0
0.0	1.0
0.0	0.0
-8.506094717475321e-10	0.0
0.0	0.0
0.0	0.0
0.0	1.0
0.0	0.0
0.0	0.0
0.0	0.0
0.0	0.0
0.0	0.0
0.0	0.0
0.0	0.0
0.0	0.0
0.0	0.0
0.0	0.0
0.0	0.0
0.0	1.0
0.0	1.0
0.0	0.0
0.0	0.0
0.0	0.0
-2.440399839542806e-06	1.0
0.0	0.0
0.0	0.0
0.0	0.0
-0.008546875789761543	0.0
0.0	0.0
-6.037706043571234e-06	0.0
0.0	0.0
-0.00013828391092829406	1.0
-0.0008748663822188973	0.0
-0.0013542125234380364	0.0
0.0	0.0
-0.007669802289456129	0.0
-0.011790739372372627	0.0
0.0	0.0
0.0	0.0
-0.002245114417746663	0.0
0.0	0.0
0.0	0.0
-4.197760972601827e-06	0.0
0.0	0.0
0.0	0.021
-0.0004212879575788975	0.021
0.0	1.0
0.0	0.0
0.0	0.0
0.0	0.0
-0.00010630388715071604	0.0
-3.051834210054949e-05	0.0
-0.002113570226356387	0.0
0.0	0.0
-0.0003728127630893141	0.0
0.0	0.0
-2.1800283800388343e-09	0.0
0.0	0.0
-0.0001411292323609814	0.0
-8.39580679894425e-05	0.0
-1.7889307855512016e-05	0.0
-0.0015982371987774968	0.0
0.0	0.0
0.0	1.0
-6.287933047133265e-06	1.0
0.0	0.0
-0.0019371554953977466	0.0
-0.0005393743049353361	0.0
0.0	0.0
0.0	0.0
0.0	0.0
-1.253894321706639e-08	0.0
-0.0054817828349769115	0.0
-2.524085357435979e-05	0.0
0.0	0.0
0.0	0.0
-0.00011343623918946832	0.0
0.0	0.0
-0.0019626764114946127	0.0
0.0	0.0
-1.1911045021406608e-06	1.0
0.0	0.001
0.0	1.0
-3.930175080313347e-05	0.0
0.0	0.0
0.0	0.0
-3.5039654903812334e-05	0.0
0.0	0.031
-9.833032521555651e-08	0.0
-0.000583701825235039	0.0
-0.008069697767496109	0.0
0.0	0.0
0.0	1.0
0.0	1.0
0.0	1.0
-0.008297291584312916	0.055
-0.0006674087489955127	0.055
-6.973255949560553e-05	0.0
0.0	0.0
0.0	0.0
0.0	0.0
0.0	0.0
0.0	0.0
0.0	0.0
-0.00024525707704015076	0.0
-0.0391799621284008	0.0
-0.0003325259604025632	0.0
-0.0192114170640707	0.0
-0.0011347979307174683	0.0
-3.61165403139907e-11	0.0
-0.00032354542054235935	0.0
-0.0013293917290866375	0.0
0.0	0.0
-0.006836787331849337	0.0
0.0	0.0
0.0	0.0
-4.23737037635874e-05	0.0
0.0	0.0
-7.436798910021025e-08	0.0
-0.006154400296509266	0.0
-1.6626689102849923e-05	0.0
0.0	0.0
-0.0031082879286259413	0.0
0.0	0.0
0.0	0.0
0.0	0.0
-0.00112847366835922	0.0
0.0	0.0
-2.2238506062421948e-05	0.0
