-0.004461526405066252	0.0
0.0	0.0
0.0	0.0
-4.428678561027577e-14	0.0
0.0	0.0
0.0	0.0
0.0	0.0
-0.00011373420420568436	0.0
-0.0026403642259538174	0.0
0.0	0.0
0.0	0.0
0.0	0.0
0.0	0.0
0.0	0.0
0.0	0.0
0.0	0.0
0.0	0.0
-0.01125954557210207	0.0
-3.236482370994054e-05	0.0
-0.0021680709905922413	0.0
-9.36859656519573e-09	0.0
-0.005957812070846558	0.0
-0.0022531726863235235	0.0
0.0	0.0
0.0	0.0
-0.0009209858835674822	0.0
-6.541752100019949e-07	0.0
-8.729112596483901e-05	0.0
0.0	0.0
0.0	0.0
0.0	0.0
-2.7214350772908347e-09	0.0
0.0	0.0
0.0	0.003
-5.105134732730221e-06	0.0
0.0	0.0
-0.0003772801428567618	0.003
0.0	0.0
-4.50146690755826e-11	0.0
0.0	0.0
-7.0581700128968805e-06	0.0
0.0	0.056
0.0	0.056
-0.00042980824946425855	0.0
-0.0005244632484391332	0.0
0.0	0.0
0.0	0.056
0.0	0.0
0.0	0.056
-0.008485163561999798	0.0
-3.8491576560772955e-05	1.0
0.0	0.0
0.0	0.0
0.0	0.056
-1.1671641431121316e-09	0.056
0.0	0.0
-0.00029424054082483053	0.0
0.0	0.0
0.0	0.0
-0.00012630164565052837	0.0
-6.110062678033046e-09	0.0
-1.262746263819281e-05	0.0
-0.00017142685828730464	0.0
0.0	0.0
-0.004652100615203381	0.0
0.0	0.0
0.0	1.0
-0.00046296505024656653	0.0
0.0	0.0
0.0	0.0
-1.1548163456609473e-05	0.0
0.0	0.0
-0.037538573145866394	0.0
0.0	0.0
-0.0039388216100633144	0.0
-0.0003472978714853525	0.0
0.0	0.0
0.0	0.0
0.0	0.0
0.0	0.0
-1.6587999198236503e-05	0.0
0.0	0.0
0.0	0.0
-2.605908297172643e-15	0.0
0.0	0.0
0.0	0.0
0.0	0.0
-0.0006497381255030632	0.0
0.0	0.0
-0.0002274280705023557	1.0
-7.71436134527903e-07	1.0
-0.0008971363422460854	0.0
0.0	0.0
-0.0048048910684883595	0.0
0.0	0.0
0.0	0.0
-1.4398511666513514e-05	0.0
-9.304736522608437e-06	0.0
0.0	0.0
0.0	0.0
0.0	1.0
-0.0004025581292808056	0.0
0.0	0.0
0.0	0.0
0.0	0.0
0.0	0.0
0.0	0.0
0.0	0.0
-0.0002482683048583567	0.0
0.0	0.0
0.0	0.0
-3.74221162928734e-05	0.0
-0.002376287942752242	0.0
0.0	0.0
-0.0007837084704078734	0.0
-0.00014764022489544004	0.0
0.0	0.0
-1.7125998397204967e-07	0.0
-0.026831239461898804	0.0
0.0	0.0
0.0	0.0
0.0	0.0
0.0	0.0
-0.0005420353263616562	0.0
0.0	0.0
0.0	0.0
0.0	0.0
-0.0002862135006580502	1.0
-0.00041604498983360827	0.0
-0.00409707659855485	0.0
-0.001026246347464621	0.0
0.0	0.0
0.0	0.0
0.0	0.0
0.0	1.0
0.0	0.0
0.0	0.0
-0.0006957591976970434	0.0
-0.0006705709383822978	0.0
0.0	0.0
0.0	0.0
0.0	0.0
0.0	1.0
0.0	0.0
0.0	0.0
-7.369332161033526e-05	0.0
0.0	0.0
0.0	0.0
0.0	0.0
0.0	0.0
-0.0007689636549912393	0.0
0.0	0.0
-1.2781599707523128e-06	1.0
-8.942812564782798e-05	0.0
0.0	0.0
-0.0025681531988084316	0.0
-0.034373585134744644	0.0
-0.0009178107720799744	0.0
-2.458431644836081e-14	0.0
-1.0281972208758816e-05	0.0
-1.5439527487615123e-06	0.0
0.0	0.0
0.0	0.0
0.0	0.0
0.0	0.0
0.0	0.0
-0.0017952618654817343	0.0
0.0	0.0
0.0	0.0
0.0	0.0
-0.010523383505642414	0.0
-0.0011277319863438606	1.0
0.0	1.0
0.0	1.0
-2.378377212153282e-05	0.0
0.0	0.0
0.0	0.0
-2.9259139111559307e-08	0.0
0.0	0.0
0.0	0.0
0.0	0.0
0.0	0.0
0.0	0.0
0.0	0.0
-9.125116662289656e-09	0.0
0.0	0.0
-0.01772570051252842	0.0
0.0	0.0
-0.006522779818624258	0.0
0.0	0.0
0.0	0.0
-0.0012916586128994823	0.0
0.0	0.0
0.0	0.0
0.0	1.0
0.0	0.0
-0.0001724882167764008	0.0
-0.003596778027713299	0.0
0.0	0.0
0.0	0.0
-0.0005243425839580595	0.0
-1.8533231838091524e-08	0.0
-2.3114702685234079e-07	0.0
0.0	0.0
0.0	0.0
0.0	0.0
0.0	0.012
0.0	0.0
-0.07788332551717758	0.0
0.0	0.012
0.0	0.0
0.0	0.0
0.0	0.0
-3.597522299969569e-05	0.0
0.0	0.0
-1.006704678729875e-06	0.0
-0.00039573677349835634	0.0
0.0	0.0
-0.009142034687101841	0.0
0.0	0.0
0.0	0.0
0.0	0.0
-0.0012412454234436154	0.0
0.0	0.0
0.0	0.0
0.0	0.0
-0.0011649328516796231	0.0
0.0	1.0
0.0	1.0
-0.00020259009033907205	1.0
0.0	1.0
0.0	1.0
-2.8133084924775176e-05	1.0
0.0	0.0
-1.75058394233929e-05	0.003
0.0	0.0
0.0	0.0
0.0	0.0
0.0	0.002
0.0	0.0
-0.00011884076957358047	0.0
0.0	0.0
-0.0015959491720423102	0.0
-2.1613301426359754e-10	0.001
0.0	0.0
-1.399910871668908e-07	0.0
0.0	0.0
0.0	0.0
-0.0005114623345434666	0.0
0.0	0.0
0.0	0.0
0.0	0.0
0.0	0.0
0.0	0.0
0.0	0.0
0.0	1.0
0.0	1.0
0.0	0.0
0.0	0.0
-0.0010398190934211016	0.0
0.0	0.0
0.0	0.0
-0.0010838820599019527	0.0
-6.733107147738338e-05	0.0
-5.656823898192442e-09	0.0
-0.0006029913784004748	0.0
0.0	0.003
0.0	0.0
-0.0019120833603665233	0.0
0.0	0.0
0.0	0.0
0.0	0.0
-0.0036760929506272078	0.0
-0.020142722874879837	0.0
-2.7118821890326217e-05	1.0
-3.323801536225801e-07	1.0
0.0	0.0
-1.906386751215905e-05	1.0
0.0	1.0
0.0	0.0
0.0	0.0
-0.0069779385812580585	0.0
0.0	0.0
0.0	0.0
-2.836439579306099e-13	0.0
0.0	0.0
0.0	0.0
0.0	0.0
0.0	0.0
0.0	0.0
0.0	0.0
-0.0004893881268799305	0.0
-0.0012331773759797215	0.0
0.0	0.0
-8.294422150356695e-05	0.0
-0.0009175187442451715	0.0
-0.0001027161197271198	0.0
-0.0001668670156504959	0.0
-0.0003113116545137018	0.0
0.0	0.0
-0.0012076898710802197	0.0
0.0	1.0
0.0	0.0
0.0	0.0
0.0	0.0
-0.00016058965411502868	0.0
-0.00011852049647131935	1.0
-0.0025031142868101597	0.0
-0.0295603908598423	0.0
-3.3052685921575176e-07	0.0
0.0	1.0
-6.661202434088409e-08	1.0
-0.0018985236529260874	0.0
-7.441195066348882e-06	1.0
0.0	1.0
0.0	0.0
-0.0004455698071978986	0.0
-5.12690068177335e-09	1.0
0.0	1.0
0.0	0.0
-0.0003027900238521397	1.0
0.0	1.0
0.0	0.0
0.0	0.0
0.0	0.0
0.0	1.0
0.0	1.0
0.0	1.0
0.0	1.0
-0.0005950616323389113	0.0
0.0	1.0
0.0	0.0
-0.00014494273636955768	0.0
0.0	1.0
0.0	0.0
0.0	0.0
-0.004553552716970444	0.0
-0.0003390108759049326	0.0
0.0	0.0
-0.004038188606500626	0.0
0.0	1.0
0.0	1.0
0.0	0.0
0.0	0.0
-3.143294179608347e-06	0.0
0.0	0.0
0.0	0.0
0.0	0.0
-0.0004630850162357092	0.0
0.0	0.0
-0.006142818368971348	0.0
-0.005557944066822529	0.0
0.0	0.0
-0.00014610319340135902	0.099
-0.004206139128655195	0.0
0.0	1.0
0.0	0.099
-0.000819082953967154	0.0
-1.557756604597671e-06	0.0
0.0	0.0
0.0	0.0
-0.0003950205573346466	0.0
0.0	0.0
-0.003764582332223654	0.0
0.0	0.0
-5.327085455064662e-05	0.0
0.0	0.0
0.0	0.0
0.0	0.0
0.0	0.0
0.0	0.0
-0.007340996526181698	0.0
0.0	0.0
-1.6319266771258611e-10	0.0
0.0	0.0
0.0	0.0
0.0	0.0
0.0	0.0
0.0	0.0
0.0	0.0
0.0	0.0
-2.3067288168476807e-07	0.0
-1.1298416211502627e-06	0.0
-0.0007483130320906639	0.0
0.0	0.0
0.0	0.0
-0.0001587183796800673	0.0
0.0	0.0
0.0	0.0
-0.001265098573639989	0.0
0.0	0.0
-5.676929504261352e-07	0.0
-0.00021579168969765306	0.0
0.0	1.0
-0.00012923532631248236	0.0
-3.705552184540828e-11	0.0
0.0	0.013
0.0	1.0
-0.0020957558881491423	0.013
-0.002597235841676593	0.0
-0.003149001393467188	0.013
-1.1219226507819258e-06	0.0
-3.3923188311746344e-05	0.0
0.0	0.0
0.0	0.0
0.0	0.0
0.0	0.0
0.0	0.0
0.0	0.0
-0.004456208553165197	0.0
0.0	0.0
-6.476424459833652e-05	0.0
0.0	0.0
0.0	0.0
0.0	0.0
0.0	0.0
-0.0005122601869516075	0.0
0.0	0.0
-1.3529012903745752e-05	0.0
0.0	0.0
0.0	0.0
-2.3160830892043904e-11	0.0
-0.00019764770695474	0.0
0.0	0.0
0.0	0.0
-0.001141968066804111	0.0
-6.47038032184355e-05	0.0
-0.0002708042156882584	0.0
0.0	0.0
-6.7867351738470916e-09	0.0
0.0	0.0
-0.008690745569765568	0.0
0.0	0.0
-0.0017862914828583598	0.0
0.0	1.0
-0.0010578265646472573	0.0
-7.8190365456976e-05	1.0
0.0	1.0
0.0	0.0
-6.107855006121099e-05	0.0
0.0	1.0
-0.00037459738086909056	1.0
-4.273555873623991e-07	0.0
0.0	0.0
-0.016696462407708168	0.0
-5.1586670934966605e-08	0.0
0.0	0.0
-0.00027037900872528553	0.0
0.0	0.0
-2.2144751710584387e-05	0.0
0.0	0.0
-7.856787078708294e-07	0.0
-1.638745925447438e-05	0.0
0.0	0.0
-1.0664135515980888e-05	0.0
0.0	0.0
0.0	0.0
0.0	0.0
-0.0015354817733168602	0.0
0.0	0.0
0.0	0.0
-5.855154540768126e-06	0.0
0.0	0.0
0.0	0.0
-3.3787153370212764e-05	0.0
-8.46008596511183e-09	0.0
-0.0010457128519192338	0.0
-0.00010518613999010995	0.0
-0.006503840908408165	0.0
0.0	0.0
-0.008430924266576767	0.0
-1.4240256405173568e-06	0.0
0.0	0.0
-0.00560867739841342	0.0
0.0	0.0
0.0	0.0
0.0	0.0
-0.0002549942582845688	0.0
0.0	0.0
0.0	0.0
-2.7472075089463033e-05	0.0
-6.618315092055127e-05	0.0
0.0	0.0
0.0	0.0
0.0	0.0
-0.0013704817974939942	0.0
0.0	1.0
0.0	0.0
-6.34492380413576e-06	0.0
0.0	0.0
0.0	0.0
-0.0022754513192921877	1.0
0.0	0.0
-0.0005054723587818444	1.0
0.0	0.0
0.0	0.0
-0.004839743487536907	0.0
-0.007680875714868307	0.0
-1.8843475668717247e-09	0.0
0.0	1.0
0.0	1.0
0.0	0.0
0.0	0.0
0.0	0.0
-9.1333276941441e-05	0.0
-0.00032367592211812735	0.0
-0.00011218326108064502	0.0
0.0	0.0
0.0	0.0
0.0	0.0
-0.00023450341541320086	0.0
0.0	0.0
0.0	0.0
0.0	0.0
-0.0006704744882881641	0.0
-3.635824759840034e-05	0.0
0.0	0.0
-3.892679887940176e-05	0.0
-0.021075984463095665	0.0
-0.0017061438411474228	0.0
0.0	0.0
0.0	0.0
-0.005008121021091938	0.0
-0.00490180216729641	0.0
0.0	0.0
0.0	0.0
0.0	0.0
-0.0011623830068856478	0.0
-0.00556899094954133	0.0
0.0	0.0
-1.9819839508272707e-05	0.0
0.0	0.0
-0.002435448579490185	0.0
0.0	0.0
0.0	0.0
0.0	0.0
0.0	0.0
-0.00030226854141801596	0.0
-1.654969310038723e-05	0.0
-0.00028841698076575994	0.0
0.0	0.0
0.0	0.0
0.0	0.0
-9.760239481693134e-05	0.0
-0.011023743078112602	0.0
0.0	0.0
0.0	0.0
-0.001327243633568287	0.0
-0.0007041172357276082	0.0
-0.0005192774697206914	0.0
0.0	0.0
-0.00015074294060468674	0.0
-2.813264018186601e-06	0.0
-0.001822996069677174	0.0
-0.007907385006546974	0.0
0.0	0.0
0.0	0.0
-0.0004938655183650553	0.0
0.0	0.0
0.0	1.0
0.0	0.005112474437627812
0.0	0.022110552763819097
0.0	0.005112474437627812
-0.001240010722540319	0.0
-0.00020016616326756775	0.0
0.0	0.0
0.0	1.0
-0.0021705112885683775	0.0
0.0	1.0
0.0	1.0
-2.126096296706237e-05	0.0
-1.1240732789019603e-08	0.0
-0.00376202748157084	0.0
-0.000282935390714556	0.0
-7.208982992779056e-07	0.1
-3.0565606721211225e-05	0.0
-7.792724500177428e-05	0.0
0.0	0.0
0.0	0.0
0.0	0.1
0.0	0.0
0.0	0.0
0.0	0.0
0.0	0.0
0.0	0.0
0.0	0.003
0.0	0.003
0.0	0.003
-3.025324986083433e-07	0.0
0.0	0.0
0.0	0.0
-0.0019056347664445639	1.0
0.0	1.0
0.0	0.0
-0.008850720711052418	0.0
-0.0013925776584073901	0.0
-2.968265653180424e-05	0.0
0.0	0.0
0.0	0.0
0.0	1.0
0.0	0.0
-4.146665717502836e-14	1.0
0.0	1.0
-0.016880257055163383	0.0
-0.000323266169289127	0.0
-0.017699401825666428	0.0
0.0	0.0
-0.0007582445396110415	0.02
0.0	0.02
-0.0002555096289142966	0.0
0.0	1.0
-0.0007416375447064638	1.0
0.0	1.0
0.0	0.0
0.0	1.0
-0.006611031014472246	0.0
0.0	0.0
-0.00037405919283628464	1.0
0.0	0.0
0.0	0.0
-4.752077131797705e-08	0.0
-3.4632761526154354e-05	1.0
-0.002043630462139845	0.1
0.0	0.0
0.0	0.1
0.0	0.0
-0.0001639909896766767	0.212
0.0	0.0
-0.0012245184043422341	0.0
-2.0011641026940197e-05	0.212
0.0	0.11261261261261261
0.0	0.0
0.0	0.0
0.0	0.0
-0.0023286049254238605	1.0
0.0	1.0
-6.549092358909547e-05	1.0
0.0	0.0
0.0	0.0
0.0	0.0
-0.005886171478778124	0.0
-0.00017391543951816857	0.008928571428571428
0.0	0.0
-0.003052995540201664	0.0
0.0	0.0
0.0	1.0
-7.747096969978884e-05	1.0
-0.00032277044374495745	0.0
-0.00022186314163263887	1.0
-0.0005030621541664004	0.0
0.0	1.0
-1.463585780347998e-10	1.0
-0.0001228658511536196	0.0
0.0	0.0
-6.915759342973615e-08	1.0
0.0	1.0
-0.004084940534085035	0.0
0.0	0.0
0.0	0.0
-2.9903792892582715e-05	0.0
-0.007850744761526585	0.0
0.0	1.0
-0.008223360404372215	0.0
-0.0008604614995419979	0.0
0.0	0.0
0.0	1.0
-0.00016133819008246064	0.0
0.0	0.0
-1.724660819490964e-06	1.0
-2.8713571964544826e-08	0.0
-0.0038632513023912907	1.0
-0.00018441786232870072	1.0
-7.876175004639663e-06	0.0
-0.00048167494242079556	1.0
-3.699400508150319e-10	1.0
0.0	0.0
0.0	0.0
0.0	0.017
0.0	0.017
0.0	0.0
-7.251150435649834e-08	0.017
0.0	1.0
-0.0012418178375810385	1.0
0.0	0.15178571428571427
-0.0005142343579791486	0.0
0.0	0.017
-0.000925539992749691	0.0
0.0	0.0
-4.635468258129549e-07	0.0
0.0	0.0
0.0	0.017
0.0	0.0
-0.001105769770219922	0.0
-1.6134489577712685e-10	0.0
0.0	1.0
0.0	0.0
-8.192936320483568e-07	0.0
-0.000531569414306432	1.0
0.0	0.888
-0.0027961491141468287	0.0
0.0	0.0
-0.0007094080792739987	0.0
0.0	1.0
-6.677558417322871e-08	1.0
-0.00012349484313745052	0.0
0.0	1.0
0.0	0.0
-0.010351919569075108	0.0
-0.0005544580053538084	0.0
0.0	0.0
0.0	0.0
0.0	0.0
-0.0001068357887561433	0.0
-5.463882644107798e-06	0.0
-0.00040319780237041414	0.0
0.0	0.0
0.0	1.0
0.0	1.0
-2.2956521661399165e-07	0.0
-6.311287847893254e-07	0.0
-1.6692457904809999e-07	1.0
0.0	1.0
-0.019401075318455696	0.0
-0.002161534735932946	0.0
0.0	0.0
-1.294922003580723e-05	0.0
0.0	0.0
-0.0002503015857655555	0.0
0.0	0.0
-0.0003620278730522841	0.0
-0.0004921266227029264	0.0
-0.0020722439512610435	0.0
-2.9492569410954905e-12	0.0
-0.000382342521334067	0.0
-0.0040441094897687435	0.0
0.0	0.0
0.0	0.0
-0.0002840024244505912	0.0
-5.910458753533021e-07	0.0
0.0	0.0
-2.4429478798992932e-05	0.0
0.0	0.0
0.0	0.0
0.0	0.0
0.0	0.0
0.0	0.0
-0.0005597129347734153	1.0
0.0	0.0
0.0	0.0
0.0	0.0
0.0	0.0
-0.003281249897554517	0.0
0.0	1.0
0.0	0.0
-1.3266173482406884e-05	1.0
-7.318027201108634e-05	1.0
0.0	0.0
0.0	0.0
0.0	0.0
0.0	0.0
0.0	0.0
-0.0015368532622233033	0.0
-3.566803934518248e-05	0.0
0.0	0.0
0.0	0.0
0.0	0.0
0.0	0.0
-0.0013305693864822388	0.0
0.0	0.0
-8.726825399207883e-06	0.0
0.0	0.0
-0.0001662785653024912	1.0
0.0	0.0
0.0	1.0
-1.4404308856796888e-09	0.0
-8.69983523443807e-06	0.0
-1.0854646461666562e-05	0.0
-0.0006131569389253855	0.05
-0.0003998931497335434	0.0
-8.139545002450177e-07	0.0
0.0	0.0
0.0	0.0
-0.00072196387918666	0.0
0.0	0.0
0.0	0.0
0.0	0.0
0.0	0.0
0.0	0.0
-0.007518046535551548	0.0
0.0	0.0
-0.002488143043592572	0.0
0.0	0.0
-5.02940156366094e-06	0.0
-1.314115525019588e-05	0.0
0.0	0.0
0.0	0.0
-0.001728887320496142	1.0
0.0	0.0
-1.84160001026612e-06	0.0
0.0	1.0
0.0	1.0
-2.2396385961076515e-12	0.0
0.0	0.0
0.0	0.0
-0.0006203340599313378	0.0
0.0	0.0
0.0	0.0
0.0	0.0
0.0	0.0
-6.622802288802632e-07	0.0
0.0	1.0
0.0	0.0
0.0	0.0
0.0	0.0
0.0	0.0
0.0	0.0
-0.00020314331050030887	0.0
0.0	0.0
0.0	0.0
0.0	0.0
0.0	0.0
-3.052135980396997e-06	0.0
0.0	1.0
0.0	0.0
0.0	1.0
0.0	0.0
-0.004353874363005161	0.0
-0.0002814698382280767	0.0
-6.130303518148139e-05	1.0
0.0	1.0
0.0	0.0
0.0	0.0
0.0	0.0
0.0	0.0
-0.004131667781621218	0.0
-1.4323545127759019e-10	0.0
-4.1699663166916423e-10	0.099
0.0	0.0
0.0	0.0
