0.0	0.0
0.0	0.0
0.0	0.0
0.0	0.0
0.0	0.0
-0.00012312027683947235	0.0
0.0	0.0
0.0	0.0
-9.014826787279162e-07	0.0
0.0	0.0
0.0	0.0
0.0	0.0
0.0	0.0
-7.643609933438711e-06	0.231
-1.5262477504052185e-08	0.0
0.0	1.0
0.0	0.0
-0.0035949198063462973	0.0
0.0	0.0
0.0	0.0
-0.001107365358620882	0.0
0.0	0.0
-3.032753556908574e-05	1.0
-0.00025662401458248496	0.0
-5.4848892432346474e-06	0.0
0.0	0.0
-7.215442678898398e-07	1.0
-0.0047416118904948235	0.0
0.0	1.0
-0.011010929942131042	0.0
-1.3049070268777996e-08	0.0
0.0	0.0
-1.6636415693938034e-06	0.0
-4.70762315671891e-05	0.0
-6.967123226786498e-06	0.0
-7.954962711664848e-06	0.0
-0.001199984923005104	0.0
-0.016672970727086067	0.0
0.0	1.0
-7.336543058045208e-05	1.0
-5.6100681433690625e-08	0.0
-1.8012684677159996e-08	0.0
0.0	0.0
0.0	0.0
-1.0578256492976834e-08	0.0
-0.0002802654926199466	0.0
-0.0033605825155973434	0.0
-0.000427857565227896	0.0
0.0	0.0
0.0	0.0
0.0	0.0
0.0	0.0
0.0	0.0
-2.541890467000485e-07	0.0
-1.046486097777688e-08	0.0
-4.411887402966386e-06	0.0
0.0	0.0
-0.0009074323461391032	0.0
-0.0031690422911196947	0.0
0.0	0.0
-0.0007123954710550606	0.0
0.0	0.0
-4.847100717597641e-05	0.0
-3.464479505055351e-06	0.0
-0.0008183291647583246	0.0
-0.00010570004087639973	0.0
-1.3958189128970844e-06	1.0
-0.001793832634575665	0.0
0.0	0.0
-3.0763786185161734e-08	1.0
0.0	1.0
0.0	0.0
-0.0011656659189611673	1.0
-0.00027672245050780475	0.0
0.0	1.0
-0.000551288656424731	0.0
0.0	1.0
-1.2527119963579025e-07	0.0
-0.0006598439067602158	0.0
0.0	1.0
-0.0006637941114604473	0.0
-0.0011631242232397199	1.0
0.0	0.0
0.0	0.0
0.0	1.0
0.0	1.0
0.0	0.0
0.0	1.0
0.0	0.0
0.0	1.0
-0.03385166451334953	0.0
-0.0025762368459254503	0.0
0.0	0.0
-3.7475321732927114e-05	0.0
-0.001466569141484797	0.0
-0.0006022929446771741	0.0
0.0	0.0
0.0	0.0
0.0	0.0
0.0	0.0
0.0	0.0
-4.883574013930803e-13	0.0
-8.184486796380952e-05	0.0
-3.896601097341801e-11	0.0
0.0	0.0
0.0	0.0
-1.9332317606313154e-05	0.0
0.0	0.0
-7.561580332549056e-06	0.0
0.0	0.0
0.0	0.003
0.0	0.0
-0.00024086596386041492	0.0
-0.010324454866349697	0.0
0.0	0.003
0.0	0.003
0.0	1.0
0.0	0.012987012987012988
0.0	0.0
0.0	0.0
0.0	0.0
0.0	1.0
0.0	0.0
0.0	0.0
0.0	0.0
0.0	0.0
-0.000832803372759372	0.0
-9.570628208166454e-06	0.0
-5.609827439911896e-06	0.0
0.0	0.0
-1.7544676893521682e-06	0.0
-2.4557119004953165e-08	0.0
0.0	0.0
0.0	0.0
0.0	0.0
-0.006591906305402517	0.0
0.0	0.0
0.0	0.0
-4.8730413254816085e-05	0.0
0.0	0.0
-5.162844536243938e-05	0.0
0.0	1.0
0.0	1.0
-0.0015663461526855826	0.011
0.0	0.0
-0.0014127516187727451	0.0
0.0	0.0
0.0	1.0
0.0	0.0
-0.0003404238377697766	0.0
0.0	0.0
0.0	0.0
-0.0015546705108135939	0.0
0.0	0.0
0.0	0.0
0.0	1.0
0.0	0.0
-6.291022600635188e-06	1.0
0.0	0.0
0.0	1.0
0.0	0.0
-1.1168428670771391e-07	0.0
-0.0006810232298448682	0.006
0.0	0.0
0.0	0.0
-0.00014559963892679662	0.0
0.0	0.0
-3.139919863315299e-05	0.0
0.0	0.0
0.0	0.0
0.0	0.0
0.0	0.0
-2.9601252005129197e-10	0.0
-0.0021638209000229836	0.0
-0.01509671937674284	0.0
-0.0011779691558331251	0.0
0.0	1.0
0.0	0.0
0.0	1.0
0.0	0.0
-0.04089893773198128	0.0
0.0	0.0
0.0	1.0
0.0	1.0
0.0	0.0
0.0	0.0
0.0	0.0
0.0	0.0
0.0	0.0
-0.001110384240746498	0.0
0.0	0.0
0.0	0.0
0.0	0.0
0.0	0.0
0.0	0.0
-0.003839278593659401	0.0
0.0	0.0
-4.3320926579326624e-07	0.0
0.0	0.0
0.0	0.0
-0.0006000090506859124	0.0
-6.039651907485677e-06	0.0
0.0	0.0
0.0	0.0
0.0	0.0
0.0	0.0
-0.0003745208668988198	1.0
-0.0004380316531751305	0.0
-0.00011983011063421145	0.0
0.0	0.0
0.0	0.0
-6.74110606269096e-06	0.0
0.0	0.0
0.0	0.0
0.0	0.0
0.0	0.0
0.0	0.0
0.0	0.177
-3.947389082270547e-09	0.0
0.0	0.0
-0.00022084848023951054	0.0
0.0	0.177
0.0	0.177
-0.00015387040912173688	0.0
0.0	0.0
0.0	0.0
0.0	0.0
-0.00025612511672079563	0.0
0.0	0.0
0.0	0.0
0.0	0.0
0.0	0.0
0.0	0.0
0.0	0.0
-2.0427735307748662e-06	0.0
0.0	0.0
-0.00047005631495267153	0.0
0.0	0.0
0.0	0.0
0.0	0.0
-9.518518345430493e-05	0.0
0.0	0.0
-0.010782929137349129	0.0
0.0	0.0
-0.054242320358753204	0.0
0.0	0.0
0.0	0.0
0.0	0.0
0.0	0.0
0.0	1.0
-0.0019198787631466985	0.0
0.0	1.0
0.0	0.0
-1.3711954238715407e-07	0.0
0.0	1.0
-0.0012905357871204615	0.0
0.0	0.0
-0.00022003987396601588	0.001
0.0	0.0
-0.0034501601476222277	0.0
-0.00019970457651652396	0.0
-3.258931826621847e-07	0.0
-0.005884891375899315	0.0
-0.00609981082379818	0.0
0.0	0.0
0.0	0.0
0.0	0.0
0.0	0.0
0.0	0.0
0.0	0.0
-8.23767732072156e-06	0.0
-3.3668507981587936e-09	0.0
0.0	0.0
0.0	0.0
0.0	0.0
-0.0010399590246379375	0.0
0.0	0.0
-1.216274995385902e-05	0.0
-8.11907448223792e-05	0.0
0.0	0.0
0.0	0.0
-0.000368534674635157	0.0
0.0	0.0
0.0	0.0
-0.0005286802188493311	1.0
0.0	0.0
0.0	0.0
0.0	0.0
-8.994164772957447e-07	0.0
-1.3579619007941801e-05	0.0
0.0	0.0
0.0	1.0
-0.0003481574240140617	1.0
0.0	1.0
-7.378953004177902e-09	1.0
0.0	0.0
0.0	1.0
0.0	0.0
-0.00018618789908941835	0.0
-0.00024055199173744768	0.0
0.0	0.0
-2.5584227831166196e-15	0.0
-0.010427558794617653	0.0
0.0	1.0
-9.115287684835494e-05	1.0
-1.0837720720857646e-09	0.0
0.0	0.0
0.0	0.0
0.0	1.0
-0.0004321644955780357	0.0
0.0	1.0
0.0	1.0
0.0	0.0
-9.541095641907305e-05	0.0
0.0	0.0
0.0	0.0
0.0	0.0
-6.742059355246965e-08	0.0
0.0	0.0
0.0	0.0
0.0	1.0
0.0	1.0
-4.0500476643501315e-06	0.0
-0.0016025328077375889	0.0
0.0	0.0
0.0	1.0
0.0	1.0
0.0	0.0
-4.430476110428572e-05	0.0
-0.006699106656014919	0.0
-0.0019689553882926702	0.0
0.0	0.0
-0.00030007740133441985	0.0
-6.555059371748939e-06	1.0
0.0	0.0
-1.887074496664809e-09	0.0
0.0	0.0
0.0	0.0
0.0	0.0
-0.00013457609748002142	0.0
-0.00028177976491861045	0.0
0.0	0.0
0.0	0.0
0.0	0.0
-1.5454157398231416e-10	0.0
0.0	0.0
-7.703922892687842e-05	0.0
-0.0001580860116519034	1.0
0.0	0.0
0.0	0.031
0.0	1.0
-0.004268592223525047	0.0
-0.00393987912684679	0.0
-2.5096001991187222e-05	0.0
-7.54282737034373e-05	0.0
0.0	1.0
0.0	0.0
0.0	0.0
0.0	1.0
0.0	0.0
0.0	0.0
0.0	0.0
-0.00017974898219108582	0.0
0.0	0.0
0.0	1.0
-0.00043898785952478647	0.0
0.0	1.0
-0.010398331098258495	0.0
0.0	1.0
-0.0018430333584547043	1.0
-1.6160543054866139e-06	1.0
-2.963711409620373e-08	0.0
-8.493752829963341e-05	0.0
-5.510686946763599e-07	0.0
0.0	1.0
0.0	0.0
0.0	1.0
0.0	1.0
0.0	1.0
-0.0017638026038184762	0.0
0.0	0.0
-0.00037955347215756774	0.0
-3.9186547837744e-06	1.0
0.0	0.0
-0.0004987056599929929	0.0
0.0	1.0
-3.8392117858165875e-06	1.0
0.0	1.0
0.0	0.0
0.0	0.0
-0.00014176244440022856	0.0
0.0	0.001
-0.00030617177253589034	1.0
0.0	0.0
0.0	1.0
0.0	0.0
0.0	0.0
-1.24360644004895e-09	0.0
0.0	0.0
0.0	0.0
0.0	0.0
0.0	0.0
0.0	0.0
0.0	1.0
0.0	0.001
0.0	0.001
0.0	0.001
-3.5417233590351316e-08	0.001
-1.5022250408947002e-05	1.0
0.0	1.0
-1.0686377294177873e-07	0.0
-0.017330288887023926	0.0
-0.001362648676149547	0.0
0.0	0.0
0.0	0.0
-0.034742336720228195	0.0
-0.007761980872601271	0.0
0.0	0.0
-0.0027450076304376125	0.0
0.0	0.0
0.0	0.0
0.0	0.0
-0.00319218123331666	0.0
-0.0001819898752728477	0.0
0.0	0.769
0.0	0.769
0.0	0.769
0.0	0.0
0.0	0.769
-0.000515851192176342	0.0
-2.6433763196109794e-06	0.0
0.0	0.769
0.0	0.769
-0.005119112320244312	0.0
0.0	1.0
0.0	1.0
0.0	0.0
0.0	0.0
0.0	0.0
-0.0012072852114215493	0.0
0.0	0.0
0.0	0.0
-0.0017896656645461917	0.0
-0.0032282399479299784	0.0
-0.0376419872045517	0.0
-4.133403397332813e-09	0.0
-3.160930930334871e-07	0.0
-2.9162887216216404e-08	0.0
0.0	0.0
-2.01149077838636e-07	0.0
0.0	0.0
0.0	0.0
0.0	0.0
0.0	0.0
-0.0008153924136422575	0.0
0.0	0.0
0.0	0.0
0.0	0.0
-0.00041763531044125557	0.0
-1.5900866734419594e-10	0.001
0.0	0.0
-9.568179666530341e-05	0.0
0.0	0.0
-0.0028851793613284826	0.0
-0.002011271193623543	0.0
0.0	0.0
-7.145774725358933e-05	0.0
0.0	0.0
-0.017832763493061066	0.0
0.0	0.0
0.0	1.0
-0.007899397052824497	0.0
-0.00685763917863369	0.0
-0.0015229049604386091	0.0
-0.008882701396942139	0.0
0.0	0.0
0.0	1.0
-3.1253694632847086e-15	0.0
-4.485983299673535e-05	0.0
-9.862272418104112e-05	0.0
-0.007441467139869928	0.0
-2.9170643678355646e-10	0.0
0.0	0.0
0.0	0.0
0.0	0.0
-1.439329253116739e-06	0.0
0.0	0.0
0.0	0.0
-1.8848092864232058e-08	0.0
-7.476448899979005e-07	0.0
-2.3232409148477018e-05	0.0
0.0	0.0
-0.0024968315847218037	0.0
-0.0005888836458325386	0.0
0.0	0.0
0.0	0.0
0.0	0.0
0.0	0.0
0.0	0.0
-0.00010403998749097809	0.0
0.0	0.0
0.0	0.0
0.0	0.0
0.0	0.0
0.0	0.0
-6.798678509056799e-09	0.0
0.0	0.0
0.0	0.0
0.0	0.0
-0.09209911525249481	0.0
-0.00043241321691311896	0.0
-0.0010364726185798645	0.0
-2.6219081519229803e-06	0.0
-6.128607492428273e-05	0.0
0.0	0.0
0.0	0.0
0.0	0.0
0.0	0.0
0.0	0.0
0.0	0.0
0.0	0.0
-6.462333840318024e-05	0.0
0.0	0.0
-1.6163025065907277e-05	0.0
-0.0020290028769522905	0.0
-9.482844689046033e-06	0.0
-0.000755719025619328	0.0
0.0	0.0
0.0	0.0
0.0	0.0
-2.798716195684392e-06	0.0
-1.8420953651343552e-08	0.0
0.0	0.0
0.0	0.0
0.0	0.0
-0.00059510552091524	0.0
-3.9481928143514367e-11	0.0
0.0	0.0
0.0	0.0
0.0	0.0
-3.146167557588342e-07	0.0
-0.0008073842036537826	0.0
0.0	0.0
-1.402415072959684e-08	0.0
0.0	0.0
0.0	0.0
-0.0014306515222415328	0.0
0.0	0.0
-2.037516787822824e-05	0.63
-0.0003201427753083408	0.0
-0.00021614959405269474	1.0
0.0	0.0
-0.003000307595357299	0.0
0.0	0.0
-0.0010502407094463706	0.0
-1.1950681255257223e-05	0.0
0.0	0.0
0.0	0.0
-0.001273464411497116	0.0
0.0	0.0
-0.003639361122623086	0.0
0.0	0.0
0.0	0.0
0.0	0.0
0.0	0.0
-3.8125705259517417e-07	0.0
-4.0384991734754294e-05	0.0
-1.9128980056848377e-05	0.0
-0.003361375769600272	0.0
0.0	1.0
-0.00018748269940260798	1.0
0.0	1.0
-9.65832480659401e-09	0.0
0.0	1.0
-3.531871925588348e-06	0.0
0.0	0.0
0.0	0.0
0.0	0.0
0.0	0.0
0.0	0.0
-5.377937668527011e-06	1.0
-0.0008833804749883711	1.0
0.0	0.0
0.0	0.0
0.0	1.0
-0.0028860755264759064	0.0
0.0	1.0
-0.00036898782127536833	0.0
0.0	0.0
0.0	0.0
-0.021841714158654213	0.0
-1.0761047492679901e-15	0.0
-2.058543557836856e-09	0.0
-2.2177432867920288e-07	1.0
0.0	0.0
0.0	0.0
0.0	0.0
-7.851025293348357e-05	0.0
0.0	0.0
0.0	0.0
0.0	0.0
0.0	0.177
0.0	0.0
-2.029402821790427e-05	0.0
-0.009652841836214066	0.0
0.0	0.0
-0.0002606839407235384	0.177
0.0	0.0
0.0	0.177
-1.6222443388613783e-09	0.0
-0.002537323860451579	0.0
0.0	0.0
-5.8693913160823286e-05	0.0
0.0	0.0
0.0	0.0
0.0	0.0
-0.00028903837664984167	0.0
0.0	0.0
0.0	0.0
0.0	0.0
-0.0002516458334866911	0.0
0.0	0.0
0.0	0.0
-0.001449424889869988	0.0
0.0	0.0
0.0	0.0
-0.0003699405933730304	0.0
0.0	0.0
-0.0033771414309740067	0.0
0.0	0.0039011703511053317
-2.0452375792956445e-06	0.007
0.0	1.0
0.0	0.0
-0.0017206617631018162	0.0
-5.234804120846093e-06	1.0
0.0	0.0
0.0	0.0
0.0	0.0
-0.001099838875234127	0.0
-1.1089381587225944e-05	1.0
0.0	0.0
0.0	0.0
-0.0005056164809502661	1.0
0.0	1.0
0.0	0.0
0.0	1.0
-0.00262845610268414	1.0
-7.976629490258347e-08	1.0
0.0	1.0
0.0	0.0
0.0	0.0
0.0	0.0
-0.021021848544478416	0.0
-2.54538258559478e-06	0.0
-4.910706411465071e-05	0.0
-3.2361862395191565e-05	0.0
0.0	0.0
-5.2217878874216694e-06	0.0
0.0	0.0
0.0	0.0
-0.0002835371997207403	0.0
-0.001148737850598991	0.0
-0.003481898922473192	0.0
-0.0001686483738012612	0.0
0.0	0.0
0.0	0.0
-0.0012116075959056616	0.0
0.0	0.0
-0.006483457051217556	0.0
0.0	0.0
0.0	0.0
0.0	0.0
-3.9233113966474775e-06	1.0
0.0	1.0
-0.00026282796170562506	0.0
0.0	0.0
0.0	1.0
0.0	0.0
0.0	1.0
0.0	1.0
0.0	0.0
0.0	0.0
0.0	1.0
-0.0004208638274576515	1.0
-2.12348168133758e-05	0.0
0.0	0.0
-0.0025833004619926214	0.0
0.0	0.0
0.0	0.0
-0.000791737693361938	0.0
0.0	0.0
0.0	1.0
-5.352679181669373e-06	0.0
0.0	0.0
0.0	0.0
0.0	0.0
0.0	0.0
-0.0036914364900439978	0.0
0.0	0.0
0.0	0.0
0.0	0.0
0.0	0.0
0.0	1.0
0.0	0.0
0.0	0.0
0.0	0.0
0.0	0.0
0.0	0.0
-4.7317444114014506e-05	0.0
-0.0005268012755550444	0.0
-9.153159044217318e-05	0.0
-0.0004913524608127773	0.0
0.0	0.0
-0.008956418372690678	0.0
-1.016998339764541e-05	0.0
-1.4261458680664418e-09	0.0
0.0	0.0
0.0	0.0
-0.0003051324747502804	0.0
0.0	0.0
0.0	0.0
0.0	0.0
-0.00022250456095207483	0.0
0.0	0.0
0.0	0.0
-0.00019960140343755484	0.0
-0.0010935645550489426	0.0
0.0	0.0
-1.6588934158789925e-05	0.0
0.0	0.0
0.0	0.0
0.0	0.0
0.0	0.0
-0.0012112546246498823	0.0
-3.620436109486036e-05	0.0
-0.0038940864615142345	0.0
0.0	0.0
-0.0005866429419256747	0.0
0.0	0.0
-2.874038500522147e-06	0.054
0.0	0.0
-0.0003285893180873245	0.054
0.0	0.054
-0.0009996411390602589	0.0
0.0	0.0
-0.0030490572098642588	0.0
-5.914600478718057e-05	0.0
0.0	0.0
-5.205504203331657e-05	0.0
-1.65081764862407e-05	0.0
-3.6300523788668215e-05	1.0
-0.01834104396402836	0.0
-1.232980917365012e-08	0.0
-0.0008936690865084529	0.0
-0.00912058912217617	0.0
-0.008371389470994473	0.0
-0.017325790598988533	0.0
-5.9346180023567285e-06	1.0
-0.0004230816848576069	1.0
-9.49072709310883e-10	1.0
0.0	1.0
-0.0009989466052502394	1.0
-0.003930867649614811	0.0
0.0	0.0
0.0	0.0
0.0	1.0
0.0	0.0
0.0	1.0
0.0	1.0
0.0	1.0
-7.234956865431741e-05	0.0
0.0	0.0
-1.3313919225765858e-05	0.0
-1.3177468005665105e-09	0.0
0.0	1.0
0.0	1.0
-1.551167224533856e-05	1.0
0.0	1.0
-0.0009719078661873937	0.0
0.0	0.0
-5.279575062723529e-13	1.0
-0.013714654371142387	0.0
-6.546281383634778e-06	0.0
-5.0524427024356555e-06	0.0
0.0	0.0
0.0	0.0
-0.00013563888205680996	0.0
0.0	0.0
0.0	0.0
0.0	0.0
-0.0069349417462944984	0.0
-6.680235031808479e-08	1.0
0.0	0.0
0.0	0.0
-0.004588320851325989	0.0
0.0	0.0
-1.2670788009927492e-06	0.0
-0.00019834376871585846	0.0
-0.0010455356677994132	0.0
0.0	1.0
0.0	0.0
0.0	0.0
0.0	0.0
0.0	0.0
-0.003612477332353592	0.0
0.0	1.0
-1.8272372471983545e-05	1.0
0.0	1.0
-4.6950608521001413e-05	1.0
0.0	1.0
0.0	0.0
-0.0014938046224415302	0.159
0.0	0.0
0.0	0.0
-0.0001931962469825521	0.0
0.0	0.0
0.0	0.159
-0.008696859702467918	0.0
-8.814257057565555e-07	0.0
0.0	0.159
0.0	0.2067620286085826
-0.0014036443317309022	0.0
0.0	0.159
-0.00013258041872177273	0.0
0.0	0.0
-3.60250595576872e-07	0.159
0.0	0.159
0.0	0.159
0.0	0.0
0.0	0.0
-0.0003903791366610676	0.2067620286085826
0.0	0.159
-4.412131602293812e-05	0.0
0.0	0.0
0.0	0.0
0.0	0.0
0.0	0.159
0.0	0.159
-0.0010479246266186237	0.159
0.0	0.0
-3.8351226976374164e-05	0.0
0.0	0.0
-3.654903412098065e-05	0.0
0.0	0.0
-0.002352215116843581	0.0
0.0	0.0
-0.005987314973026514	0.0
-3.965743962908164e-05	0.0
-0.00032087243744172156	0.0
0.0	0.0
0.0	0.0
-0.005077819339931011	0.0
-0.0005558597040362656	0.0
0.0	0.0
-9.991964361688588e-06	0.0
0.0	0.0
-0.0002520641137380153	1.0
0.0	0.0
0.0	0.0
-0.0001178421953227371	0.0
-0.00374102802015841	0.0
0.0	0.0
0.0	0.0
-8.991299627850603e-15	0.0
-0.00010552254389040172	0.0
0.0	0.0
0.0	0.0
0.0	0.0
0.0	0.0
-1.5664617381005996e-09	1.0
-0.0019155414775013924	0.0
0.0	0.0
-2.4131864847731777e-05	0.0
0.0	0.0
0.0	0.0
-1.1785751041770709e-07	1.0
0.0	0.0
-5.133599188411608e-05	0.0
-2.5266653214117696e-09	1.0
-0.00016878418682608753	0.0
0.0	1.0
-8.786835678620264e-06	0.0
-4.467626126825053e-07	0.0
-5.594112735707313e-05	0.0
0.0	0.0
0.0	0.177
0.0	0.0
-1.8953173821500968e-06	0.0
0.0	0.0
0.0	0.0
0.0	0.0
0.0	0.0
0.0	0.0
0.0	0.0
