0.0	0.0
-0.00011981914576608688	0.0
0.0	0.0
0.0	0.0
0.0	0.0
-6.200063751293783e-08	0.0
0.0	0.0
0.0	0.0
-2.5888414256769465e-07	1.0
0.0	0.0
0.0	0.0
0.0	0.0
0.0	0.0
-5.5124470236478373e-05	0.0
0.0	0.057
0.0	0.0
-1.239682943972309e-12	0.0
-0.00022983021335676312	0.0
0.0	0.0
-0.0018878187984228134	0.057
-8.598378009594398e-09	0.0
-2.416825373074971e-05	0.0
0.0	1.0
0.0	1.0
0.0	0.0
0.0	0.0
-0.00039591555832885206	0.0
-0.0005520402919501066	0.0
-0.0009807087481021881	0.0
0.0	0.0
-0.0002072639763355255	1.0
0.0	0.0
0.0	0.0
-0.0003481677267700434	1.0
0.0	0.0
0.0	0.256
0.0	0.256
-0.0006919290754012764	0.0
0.0	0.256
-2.2732903744326904e-05	1.0
0.0	0.0
0.0	0.256
0.0	0.256
0.0	1.0
0.0	1.0
0.0	0.0
-2.477494298602778e-08	1.0
0.0	0.0
0.0	1.0
-3.769468293057798e-08	0.0
0.0	0.0
0.0	0.0
0.0	1.0
0.0	0.0
-0.0006481459131464362	0.0
0.0	0.0
0.0	0.0
0.0	0.294
-0.008711517788469791	0.0
0.0	1.0
0.0	1.0
0.0	1.0
-5.9230624849249125e-09	0.0
0.0	0.0
-0.01232514251023531	0.0
-4.678332516050432e-06	0.0
-0.0005269369576126337	0.0
0.0	0.0
-0.004691245034337044	0.0
-2.398030038430754e-11	0.0
-0.0007299130083993077	0.0
-1.92409261217108e-05	0.0
-0.0007050735293887556	0.0
-0.009809598326683044	0.0
0.0	0.0
0.0	0.0
0.0	0.0
-1.3417047739494592e-05	0.0
0.0	0.0
0.0	0.0
0.0	0.0
0.0	0.0
0.0	0.0
0.0	0.0
0.0	0.0
0.0	0.0
-0.0006168140098452568	0.0
0.0	0.009
-0.0009061403688974679	0.0
-0.00033150261151604354	0.0
0.0	0.009
0.0	0.0
-0.002497200621291995	0.009
-6.114158281889104e-07	0.0
0.0	0.0
-3.561167147836386e-07	0.0
-4.021238055429421e-06	0.0
-2.0468018192332238e-05	0.0
0.0	0.0
0.0	0.0
0.0	0.0
0.0	0.0
-3.8767490195823484e-07	0.0
0.0	0.0
-0.0005898867966607213	0.0
0.0	0.001
-4.011929559055716e-05	1.0
-0.0010576287750154734	0.001
0.0	0.0
-0.00020799599587917328	0.001
-1.6233961730449664e-07	0.0
-3.911323437932879e-05	0.0
0.0	0.00411522633744856
0.0	0.0
-6.115407450124621e-05	0.001
-5.168091661289509e-07	0.0
0.0	0.001
0.0	0.0
-1.6024756405386142e-05	1.0
-1.0912007155639003e-06	0.0
-0.00011646260827546939	0.003
-3.582653334888164e-06	0.0
0.0	0.0
-2.8430178645066917e-05	0.0
0.0	0.0
-0.0003944438067264855	0.0
0.0	0.0
-0.012222911231219769	0.0
0.0	0.0
-6.154266429803101e-06	0.0
0.0	0.0
-0.0018042727606371045	0.0
-1.557815099140214e-09	0.0
0.0	0.0
0.0	0.0
-0.011424236930906773	0.0
0.0	0.0
-0.0006143305799923837	0.0
0.0	0.0
0.0	0.0
-1.2195901945233345e-05	0.0
0.0	0.0
0.0	0.0
-0.0004700167046394199	0.0
0.0	0.0
0.0	0.0
0.0	0.0
-1.7515067156637087e-05	0.0
0.0	0.0
-9.177374522550963e-06	0.0
0.0	0.0
0.0	0.0
0.0	0.0
-1.1742153219529428e-05	0.0
-0.0004419213510118425	0.0
0.0	0.0
0.0	0.0
-0.003384027164429426	0.0
0.0	0.0
-1.4183347957441583e-05	0.0
0.0	0.0
0.0	0.0
0.0	1.0
-0.003069104626774788	0.0
-0.00021037555416114628	0.0
0.0	0.0
0.0	0.0
-1.3741457394189638e-07	0.0
0.0	0.0
0.0	0.0
0.0	0.0
0.0	0.0
-6.593117163333773e-10	0.0
0.0	0.0
-0.0038830949924886227	0.0
0.0	0.0
-0.00019954524759668857	0.0
-0.0007183395209722221	0.0
0.0	0.0
0.0	0.0
-0.00023493016487918794	0.0
-3.8100697565823793e-06	0.0
-0.0027921709697693586	1.0
-0.0008168503409251571	0.0
-0.004512629471719265	0.0
0.0	0.0
-0.0001057145418599248	0.015463917525773196
-2.641551873239223e-06	1.0
-1.0674363953508403e-12	1.0
-1.0033085828808908e-07	0.0
0.0	0.0
-1.5535687225565198e-07	1.0
0.0	1.0
0.0	1.0
-0.0001549241569591686	0.03
0.0	0.0
0.0	0.0
-0.00012660773063544184	0.0
0.0	0.03177966101694915
0.0	0.0577319587628866
0.0	0.0
-9.325438878949373e-15	0.0
-8.319193148054183e-05	0.0
0.0	1.0
-0.002566433046013117	0.0
0.0	0.0
0.0	0.0
-2.0648980125770322e-07	1.0
-0.00044705852633342147	1.0
0.0	0.0
-0.000414700189139694	1.0
0.0	0.0
0.0	1.0
0.0	0.0
-0.0017530256882309914	0.0
0.0	1.0
-0.00016081356443464756	1.0
0.0	0.0
0.0	0.0
0.0	0.0
0.0	0.0
0.0	0.0
-0.000939622987061739	0.0
-7.889608241384849e-05	0.0
-3.4095400280875765e-08	0.0
0.0	0.002
-0.0023062347900122404	0.0
0.0	0.0
0.0	1.0
0.0	0.0
0.0	0.0
-2.2163885660120286e-07	1.0
0.0	0.0
-1.423522462573601e-06	1.0
0.0	0.0
0.0	0.0
-0.00010924460366368294	0.0
0.0	1.0
-0.0021128528751432896	0.0
-5.980180958431447e-06	1.0
0.0	1.0
0.0	1.0
0.0	1.0
0.0	0.0
-6.7299894546124506e-09	0.0
0.0	0.0
0.0	0.0
0.0	1.0
0.0	0.0
0.0	1.0
-5.940138159132857e-09	1.0
-0.00012949298252351582	1.0
-5.5437613610820335e-08	0.0
0.0	1.0
0.0	1.0
0.0	1.0
-0.0002916382218245417	1.0
0.0	1.0
-0.0005564283928833902	0.0
-9.138577297562733e-05	0.0
0.0	0.0
-2.6075285859405994e-06	0.0
-1.0011432095780037e-05	0.0
-0.003489271504804492	0.042
0.0	0.0
0.0	0.0
0.0	0.0
0.0	0.0
-8.985734893940389e-05	0.001
0.0	0.001
0.0	0.0
0.0	0.0
0.0	0.0
-2.0771311337597353e-09	0.0
0.0	1.0
0.0	1.0
0.0	1.0
-0.00029214523965492845	0.0
-0.0005134037928655744	0.0
-7.106955912661306e-09	0.0
-6.204563396750018e-05	0.0
0.0	0.0
-4.055028693983331e-05	1.0
-0.0004898790502920747	0.0
-1.8005431456913357e-06	0.0
0.0	0.0
-0.0026252486277371645	0.0
0.0	0.0
0.0	0.0
0.0	0.0
0.0	0.0
-0.00014835988986305892	0.0
0.0	0.0
-0.002009304938837886	0.0
-0.0002552721125539392	0.0
0.0	0.0
0.0	0.0
-0.0028412893880158663	0.0
-0.001428583636879921	0.0
-2.75976381090004e-05	0.0
0.0	0.0
0.0	1.0
0.0	0.0
-2.437078094885692e-09	1.0
0.0	0.0
-1.7961301637114957e-05	1.0
0.0	0.603
0.0	0.0
-1.8141300961449502e-11	0.0
-1.5996767615433782e-05	0.0
-9.293694625185124e-15	0.0
0.0	0.0
-0.0002861684770323336	0.0
-1.4911410289641935e-05	0.0
0.0	0.0
0.0	0.0
-0.00020758513710461557	0.0
-1.3762224866653572e-12	0.0
0.0	0.0
-0.0009141586488112807	0.0
0.0	0.0
-2.529165067244321e-05	0.0
-0.00040813739178702235	0.0
0.0	0.0
0.0	0.0
-8.698838871445957e-10	0.0
0.0	0.0
0.0	0.0
0.0	0.0
-1.3679317234505106e-08	0.0
-4.89017963900551e-07	0.0
-1.147135753853945e-05	0.0
0.0	0.0
0.0	1.0
-1.774651650521264e-06	0.144
-3.271351829425839e-07	0.0
0.0	1.0
0.0	1.0
0.0	0.0
0.0	0.0
-2.840145132965155e-11	1.0
0.0	0.0
-0.0001376560830976814	1.0
0.0	0.0
-0.0009937193244695663	0.0
0.0	0.0
0.0	0.0
-8.678783342475072e-05	0.0
0.0	0.0
0.0	0.603
0.0	0.603
-1.5486810298170894e-05	1.0
0.0	1.0
-0.00013788115757051855	1.0
-3.078924783039838e-05	0.0
0.0	0.0
-9.365534765493067e-07	0.0
0.0	0.0
0.0	0.0
-0.007708434015512466	0.0
-0.0006651462172158062	0.0
0.0	0.0
-7.050667688579537e-11	0.0
-1.8401868828732404e-06	0.0
0.0	0.0
-5.821466086963767e-10	1.0
0.0	1.0
0.0	0.0
-0.0012232185108587146	0.0
-6.218766884558136e-06	0.0
0.0	0.0
-0.00015714122855570167	0.0
0.0	1.0
-0.002172029111534357	0.0
0.0	0.0
0.0	0.0
-0.00027489301282912493	0.0
-0.00031196101917885244	0.103
0.0	0.0
-0.0002510389022063464	0.103
-1.0665792615327518e-05	0.0
0.0	1.0
-9.38370536829325e-09	0.0
0.0	0.0
-0.0009910062653943896	0.0
0.0	0.0
0.0	0.0
0.0	0.0
0.0	0.0
0.0	0.0
0.0	0.003
0.0	0.0
0.0	0.0
-0.011789385229349136	0.0
0.0	0.0
0.0	0.0
0.0	0.0
0.0	0.0
-1.087517560449669e-07	0.0
0.0	0.0
0.0	0.0
-0.0003678069915622473	0.0
0.0	0.0
0.0	0.0
0.0	0.0
0.0	0.0
-0.001430845120921731	0.0
0.0	1.0
0.0	0.0
-0.016917133703827858	0.0
0.0	0.0
-2.2991862351773307e-05	0.0
-0.0004996030475012958	0.0
-0.005592120345681906	0.0
0.0	1.0
0.0	1.0
0.0	0.0
-0.005207305308431387	0.0
-0.0009958341252058744	0.0
-0.009840247221291065	0.0
0.0	0.0
-0.0017263111658394337	0.0
-0.006258663721382618	0.0
0.0	0.0
-0.0008111324277706444	0.0
0.0	0.0
0.0	0.0
-1.1373023767191626e-07	0.0
-5.7635625125840306e-05	0.0
-0.002712041372433305	0.0
0.0	0.0
-1.5137470654735807e-05	0.0
0.0	0.0
0.0	1.0
0.0	1.0
-8.971490024123341e-05	0.0
-1.7799452507460956e-06	1.0
0.0	1.0
-4.506874907994618e-12	0.0
0.0	1.0
-0.009627646766602993	0.0
0.0	0.0
0.0	1.0
-0.0023584167938679457	1.0
0.0	1.0
-0.0007262234576046467	0.0
-3.231658774893731e-05	0.0
-0.00017581955762580037	0.0
0.0	0.0
0.0	0.0
0.0	0.0
0.0	0.0
-0.002596931764855981	0.0
0.0	0.0
0.0	0.0
-3.0432598663310273e-09	0.0
0.0	0.0
-1.7900478042065515e-06	0.0
-1.8415260427673275e-09	0.0
0.0	0.0
0.0	0.0
-9.903646059683524e-06	0.0
0.0	0.0
-0.005486983340233564	0.0
-7.601422112202272e-06	0.0
0.0	0.0078125
-0.001103235175833106	0.005037783375314861
-0.00021550338715314865	1.0
0.0	1.0
-0.0029121406842023134	0.0
0.0	0.003
0.0	0.0
0.0	0.0
-0.013356159441173077	0.0
0.0	1.0
-0.009426573291420937	0.001
-0.00011617778363870457	0.001
0.0	0.0016611295681063123
0.0	0.0
0.0	0.0
-0.00036573302350007	0.001
0.0	0.001
0.0	1.0
-0.00024468504125252366	1.0
-0.0028651084285229445	0.0
0.0	1.0
0.0	0.0
-0.0020028892904520035	0.001
-1.3372879091252694e-14	0.0
0.0	0.0
0.0	0.0
0.0	1.0
-3.959788955398835e-05	0.0
0.0	0.0
-0.00012224976671859622	1.0
0.0	0.0
0.0	1.0
-0.0014234184054657817	0.0
-0.0013492524158209562	0.0
-3.975858635385521e-05	0.0
0.0	0.0
-5.090010745334439e-05	0.0
0.0	1.0
0.0	0.0
-3.737177394214086e-05	0.0
0.0	0.0
0.0	0.0
-7.019757958914852e-06	0.0
-0.0028204170521348715	0.0
0.0	0.0
0.0	0.0
0.0	0.0
-0.013235163874924183	0.0
0.0	0.0
-1.4772547274333192e-06	0.0
0.0	0.0
-5.606620470643975e-05	0.0
0.0	0.0
0.0	0.001
0.0	0.0
-2.1588650866988246e-08	0.0
-9.25955145891777e-11	0.0
-0.00022999275824986398	1.0
0.0	0.0
0.0	0.0
-5.359634069890262e-09	1.0
0.0	0.0
0.0	1.0
0.0	1.0
0.0	0.0
-0.0005821799277327955	1.0
-2.0611391846614424e-06	0.0
0.0	0.0
0.0	0.001
0.0	0.0
-9.600265184417367e-05	0.001
0.0	0.0
0.0	0.0
0.0	0.001
-2.9863428396836866e-10	0.0
-0.0007258500554598868	0.0
-0.0008630059892311692	0.001
0.0	0.0
0.0	0.0
-0.0037634186446666718	0.0
0.0	0.0
-2.95233003271278e-05	0.0
-0.0006054406403563917	0.0
0.0	0.103
0.0	0.0
0.0	0.0
-3.731723336386494e-05	0.0
0.0	0.103
0.0	0.0
0.0	0.0
0.0	0.0
-3.2389669968324597e-07	0.103
0.0	0.12891113892365458
-7.626263686688617e-05	0.0
0.0	0.0
-8.407158975064222e-13	0.0
0.0	0.0
0.0	0.0
-0.0014070150209590793	0.0
-1.0026696145359892e-05	0.006
-9.161558409687132e-05	0.0
-0.002196681220084429	0.006
0.0	0.006
-5.684079837919853e-07	0.006
0.0	0.0
-0.04515484720468521	0.0
-0.00044221774442121387	0.0
0.0	0.0
0.0	0.0
0.0	1.0
0.0	1.0
0.0	0.0
0.0	1.0
0.0	0.0
-1.7809929531154012e-08	0.0
0.0	0.0
0.0	0.0
0.0	0.0
0.0	0.0
0.0	0.0
0.0	0.009
0.0	1.0
0.0	1.0
0.0	0.0
0.0	0.0
0.0	0.009
0.0	0.0
0.0	0.0
-8.346112008439377e-05	0.0
0.0	0.0
0.0	0.0
0.0	0.0
0.0	1.0
-6.044509973435197e-06	0.0
-0.004387847613543272	0.0
0.0	0.0
-0.006099430378526449	0.0
0.0	0.0
-0.00150614557787776	1.0
0.0	1.0
0.0	1.0
0.0	1.0
0.0	1.0
-0.0004113307222723961	0.0
-0.0006747865700162947	1.0
-0.0010686321184039116	0.0
-1.7785639627732053e-08	0.0
-1.3529211084772896e-09	0.0
-9.173990110866725e-05	0.0
0.0	1.0
0.0	0.002
0.0	0.0
-0.0021829791367053986	0.0
0.0	1.0
-0.0003109892422799021	0.002
-3.6247747630113736e-05	1.0
0.0	1.0
0.0	1.0
-4.357226862339303e-05	1.0
-0.00022767028713133186	1.0
0.0	0.0
-3.868739895551698e-06	0.0
-0.0036384377162903547	0.0
0.0	0.0
0.0	0.0
-0.00022650451865047216	0.0
0.0	0.0
0.0	0.0
0.0	1.0
0.0	0.602
0.0	1.0
-0.0021958216093480587	0.0
0.0	0.0
0.0	1.0
0.0	1.0
-2.0719637632282684e-06	0.0
0.0	1.0
0.0	1.0
0.0	1.0
0.0	0.0
0.0	0.0
-0.0003171528223901987	1.0
-1.3793223843094893e-05	1.0
0.0	1.0
-1.7962557439729632e-13	0.0
0.0	1.0
-0.00027701022918336093	1.0
0.0	1.0
-0.014025586657226086	0.0
0.0	0.0
0.0	1.0
-0.004470802843570709	0.0
-4.161513425060548e-05	0.0
0.0	1.0
-6.903095872701215e-10	0.0
0.0	0.0
0.0	1.0
-0.00014621674199588597	1.0
-0.0004732533998321742	1.0
-0.002128087216988206	0.0
0.0	1.0
0.0	0.0
-0.0032683403696864843	0.0
0.0	0.0
-9.43558698054403e-05	1.0
0.0	0.0
0.0	0.0
0.0	1.0
0.0	0.0
0.0	0.0
-0.00016845966456457973	0.0
0.0	0.0
0.0	0.0
-0.0009667380945757031	0.0
0.0	0.0
-3.339595650686533e-06	0.0
-0.006936121731996536	0.0
-0.004783611744642258	0.0
-0.0008484475547447801	0.0
0.0	0.0
0.0	0.0
0.0	0.0
0.0	0.0
-4.1767136281123385e-05	0.0
0.0	0.0
-6.605693670280743e-06	1.0
0.0	0.0
0.0	1.0
0.0	0.0
-3.182290674885735e-05	0.0
0.0	0.0
-0.0052222199738025665	0.0
0.0	0.0
0.0	0.0
0.0	0.0
0.0	0.0
0.0	0.0
-0.0013551785377785563	0.0
0.0	0.0
0.0	0.0
-0.00011327055108267814	0.0
0.0	0.0
-3.577411689548171e-06	0.0
-1.5974008420016617e-05	0.0
-0.0012684061657637358	0.0
-0.00015671820438001305	0.0
-0.0027529809158295393	0.0
0.0	0.0
-0.00011654312402242795	0.0
0.0	0.0
-0.0007775702397339046	0.0
0.0	0.0
0.0	0.0
0.0	0.0
-0.00022257151431404054	0.0
-1.7153473891085014e-05	0.0
0.0	0.0
-0.0007057783077470958	0.0
-0.004970550537109375	0.0
-4.925743368744406e-09	0.0
0.0	0.0
-0.0008702320628799498	0.0
0.0	0.0
-8.590681943587697e-09	1.0
-9.648248123994563e-06	0.0
-8.965406595962122e-05	0.0
-9.69502652878873e-05	0.0
0.0	0.0
-4.1553095798008144e-05	0.0
0.0	0.009
-0.07910333573818207	0.0
0.0	1.0
0.0	0.0
-2.8485871439443144e-09	0.0
0.0	0.0
-4.024383451906033e-05	0.0
0.0	0.294
-0.0007427046657539904	0.0
0.0	0.294
0.0	0.0
0.0	0.0
-7.302233928641044e-09	0.0
0.0	0.0
-0.0010413025738671422	0.0
0.0	0.0
-8.049416777566876e-08	0.294
-0.0015524527989327908	0.0
-0.00020193149975966662	0.0
0.0	0.0
0.0	0.0
0.0	0.0
-1.3542435226554517e-05	0.001
-0.0007341064047068357	0.0
-2.7496136922877668e-08	0.001
0.0	0.0
0.0	0.0
-0.00905983429402113	0.0
0.0	0.0
0.0	0.0
0.0	0.0
-0.0027039488777518272	0.0
0.0	0.0
0.0	0.0
-0.0003150975098833442	1.0
0.0	1.0
0.0	0.0
-1.4077627952246985e-07	1.0
-2.2884572103976097e-07	1.0
0.0	0.0
-0.0007687017205171287	1.0
0.0	1.0
-0.0007533998577855527	0.0
-1.5770734535180964e-05	0.0
0.0	1.0
0.0	0.0
0.0	0.0
-0.008815759792923927	0.0
-3.6693427318823524e-06	0.0
0.0	0.0
0.0	0.0
-0.0061137317679822445	0.0
0.0	0.0
0.0	0.0
0.0	0.0
0.0	0.0
0.0	0.0
-1.9465201006596544e-08	0.0
-3.6368048768053995e-06	0.013605442176870748
-3.0144594347802922e-05	0.013605442176870748
0.0	0.013605442176870748
0.0	0.004
-0.0002622388710733503	0.004
-0.06191558763384819	0.10526315789473684
-0.00012915776460431516	0.004
-1.1388580389848357e-07	0.0
0.0	0.0
0.0	0.0
0.0	0.0
0.0	0.0
0.0	0.0
-0.20896399021148682	0.0
0.0	0.0
0.0	0.0
-2.9826958780176938e-05	0.0
0.0	0.0
-0.004198236856609583	0.0
0.0	0.0
-4.5044969738228247e-05	0.0
-0.003510493552312255	0.0
-0.0013943876838311553	0.0
-0.006409384310245514	0.0
-0.00011453167098807171	1.0
0.0	1.0
-0.0007374259876087308	0.0
0.0	0.0
-0.000772428757045418	0.0
0.0	0.0
-0.00018992286641150713	0.0
