-0.0012832296779379249	0.0
-0.011861836537718773	0.0
-0.0001123018009820953	0.0
0.0	0.0
0.0	0.0
0.0	0.0
0.0	0.0
0.0	0.0
0.0	0.0
0.0	0.0
0.0	1.0
-1.0014622603193857e-05	1.0
0.0	0.0
0.0	0.0
-0.0006922647589817643	0.0
0.0	1.0
0.0	0.0
-1.7899154380884852e-09	1.0
0.0	0.0
0.0	0.0
0.0	0.0
-0.0013683822471648455	0.0
-0.0011145600583404303	0.0
-2.5253912099287845e-05	0.0
0.0	0.0
0.0	0.0
-3.4058930395985954e-06	1.0
-0.014395670033991337	0.0
0.0	0.0
-0.0008813769672997296	0.0
0.0	0.0
-3.6405458647692512e-09	0.0
-2.8263857529964298e-05	0.0
-2.0842801262688226e-08	0.0
-0.00015621574129909277	0.0
0.0	0.0
0.0	0.0
0.0	0.0
0.0	0.0
0.0	0.0
-0.003182674292474985	0.0
0.0	0.0
0.0	0.0
-2.403992311883485e-06	0.0
-0.0019172505708411336	0.0
-2.2064407403377118e-06	0.0
-0.00033494734088890254	0.0
0.0	0.0
0.0	0.0
0.0	0.0
-9.787695307750255e-05	0.0
0.0	0.0
0.0	0.0
0.0	0.0
-3.2613817893434316e-05	0.0
-0.0014121285639703274	0.0
-1.7698888541417546e-06	0.0
0.0	0.0
-0.011270347982645035	0.0
-1.747330134094227e-05	0.0
0.0	0.0
0.0	0.0
0.0	0.0
0.0	0.0
0.0	0.0
0.0	0.0
0.0	0.0
-0.00046504108468070626	0.0
-0.002327097812667489	0.0
0.0	0.0
0.0	0.0
0.0	0.0
-0.0016772778471931815	0.0
0.0	0.008
-0.00023307334049604833	0.037383177570093455
-0.00015574099961668253	0.0
0.0	0.0
0.0	0.0
0.0	0.0
0.0	1.0
0.0	0.0
-0.03030993975698948	0.0
0.0	0.0
0.0	0.0
-6.436865805881098e-05	0.0
-0.006200864445418119	0.0
-8.70703843247611e-06	0.0
0.0	0.0
-0.003086503129452467	0.0
0.0	0.0
0.0	0.0
-2.8164993636892177e-05	0.0
0.0	0.0
0.0	0.0
0.0	1.0
-0.0005599016440100968	0.0
-0.0288002397865057	0.0
-0.0003242716775275767	0.0
0.0	1.0
-0.002116425661370158	0.0
-0.000279870379017666	1.0
0.0	0.0
0.0	0.0
0.0	1.0
-0.0002682463964447379	1.0
0.0	1.0
0.0	0.0
0.0	1.0
0.0	0.0
0.0	0.0
0.0	0.0
-9.613331712898798e-06	0.0
-0.007730990182608366	0.0
-0.005058845970779657	0.0
0.0	0.0
0.0	0.0
-0.006704344414174557	0.0
0.0	0.0
0.0	0.0
0.0	0.001
0.0	0.0
0.0	0.0
0.0	0.0
-0.0024586613290011883	0.0
0.0	0.0
0.0	0.0
0.0	0.0
0.0	0.0
-1.005183185043279e-05	0.0
0.0	0.0
0.0	0.0
-0.0005108987097628415	0.0
-0.0008275609579868615	1.0
-0.0034243548288941383	0.0
0.0	0.0
-0.0023286358918994665	0.0
0.0	0.0
-3.1313991219136587e-18	0.0
0.0	0.0
0.0	0.0
-3.5611330417850695e-07	0.0
0.0	0.0
0.0	0.0
0.0	0.0
-2.429210388399383e-09	0.0
-0.002135390182957053	0.0
-8.141476115497426e-08	0.0
-2.488778818587889e-06	0.0
-0.00224479753524065	0.0
0.0	0.0
-6.048667637514882e-05	1.0
-1.6344943176704874e-08	1.0
-9.304003611987355e-08	0.0
0.0	0.0
-3.5172131447325228e-06	1.0
-0.020360082387924194	0.0
0.0	1.0
-3.085887101406115e-07	0.0
0.0	0.0
-0.00021261991059873253	0.0
0.0	0.0
0.0	0.0
0.0	0.0
0.0	0.0
0.0	0.0
-0.0004972522729076445	0.0
0.0	0.0
-0.0012214445741847157	0.0
-0.0016097526531666517	0.0
-0.0031169867143034935	0.0
-4.2825996615647455e-07	0.0
0.0	0.0
0.0	0.0
-0.00892513059079647	0.0
0.0	0.0
-0.021793078631162643	0.0
0.0	0.0
0.0	0.0
0.0	0.0
0.0	0.0
0.0	0.001
0.0	0.001
-2.24798341719179e-07	0.0
0.0	0.001
-4.430378794495482e-06	0.0
-2.481232286299928e-06	0.0
-6.856944878563809e-07	0.001
-0.0004821987822651863	0.001
0.0	0.0
0.0	1.0
0.0	1.0
0.0	0.0
-7.692578399363242e-14	0.001
0.0	0.0
0.0	0.0
0.0	0.0
0.0	0.0
-0.00022926772362552583	0.0
-6.589280232560668e-09	0.0
-0.005767724942415953	0.0
-3.089350570917304e-07	0.0
0.0	0.0
0.0	0.0
0.0	0.0
-8.09689809102565e-05	0.0
0.0	0.0
-0.026593279093503952	0.0
-1.7525811927043833e-05	0.0
0.0	0.0
0.0	0.0
0.0	0.0
0.0	1.0
0.0	1.0
-0.003085331292822957	1.0
0.0	0.0
-0.0010351106757298112	1.0
-0.0001344738993793726	0.0
0.0	0.0
0.0	1.0
0.0	0.0
-0.0009956309804692864	0.0
0.0	0.0
0.0	0.0
-7.380270290013868e-06	0.0
-0.013865921646356583	0.0
0.0	1.0
0.0	0.0
0.0	0.0
0.0	0.0
-1.4183400764977705e-07	0.0
-0.0010521496878936887	0.0
-0.0006450809305533767	1.0
-0.0015167560195550323	0.0
0.0	0.0
-7.906481025443668e-10	0.0
0.0	0.0
-6.490374016010492e-09	0.0
0.0	0.0
-5.113466249895282e-05	0.0
-0.0012424875749275088	0.0
-0.008524647913873196	0.0
0.0	0.0
-2.8056413725607854e-07	0.0
0.0	0.0
-2.716949554226744e-09	0.0
0.0	0.0
-0.0020794731099158525	0.0
-2.425467812705584e-11	0.0
0.0	0.0
0.0	0.0
-2.5499450641286447e-12	0.0
-0.0013118002098053694	0.0
0.0	0.0
-0.006564336828887463	0.0
0.0	0.0
0.0	0.0
0.0	0.0
0.0	0.0
-0.007678146008402109	0.0
-0.001789912930689752	0.0
0.0	0.0
0.0	1.0
-0.0040860651060938835	1.0
0.0	0.0
-1.8160002582590096e-05	0.0
0.0	0.0
0.0	1.0
-0.000260393280768767	0.0
0.0	0.0
0.0	1.0
-8.892738151189405e-06	0.0
0.0	1.0
0.0	0.0
0.0	0.0
0.0	0.0
0.0	1.0
0.0	1.0
0.0	0.0
0.0	0.0
0.0	0.0
0.0	0.0
0.0	0.0
0.0	0.0
0.0	0.0
-4.688341505243443e-05	0.0
0.0	0.0
-0.004326445050537586	0.0
0.0	0.0
0.0	0.0
0.0	0.0
-0.00038717532879672945	0.0
-3.7188920032349415e-06	0.0
0.0	0.485
0.0	0.485
0.0	0.0
0.0	0.0
-8.990742571768351e-06	1.0
-0.00010026178642874584	1.0
0.0	0.0
0.0	0.0
0.0	1.0
-0.0006378745893016458	0.0
0.0	0.0
0.0	0.0
-0.0034940310288220644	0.0
0.0	0.0
0.0	0.0
0.0	0.0
0.0	0.0
0.0	0.0
0.0	0.0
0.0	0.0
0.0	0.0
-0.0008139903075061738	0.0
0.0	0.0
0.0	0.0
0.0	0.0
0.0	0.0
-0.0022095306776463985	0.0
-3.273715992690995e-05	0.0
0.0	0.0
-1.549634447428616e-07	0.0
-0.0018658839398995042	0.0
0.0	0.0
-1.4772374015592504e-05	0.0
0.0	0.0
0.0	0.0
-3.899090117442938e-08	0.0
0.0	0.0
0.0	0.0
0.0	0.0
-1.590478677826468e-05	0.0
0.0	0.0
-1.2848983162172534e-11	0.0
-0.001562195480801165	0.0
-1.2978693675336217e-08	1.0
0.0	0.0
0.0	0.0
-9.986175427911803e-06	0.0
0.0	0.0
-3.193924846822682e-10	0.0
0.0	0.0
-0.0011532765347510576	0.0
-0.0002002515539061278	0.0
0.0	1.0
0.0	1.0
0.0	0.0
0.0	1.0
-0.00016739363491069525	0.0
-0.008782058954238892	0.0
0.0	0.0
-6.66341435362483e-08	1.0
-0.007560583762824535	0.0
-5.653110406456108e-07	1.0
-1.710229469154001e-07	0.0
-4.259128218109254e-06	0.0
0.0	0.0
-2.798053877484108e-08	0.0
0.0	1.0
-5.254177449387498e-05	0.0
0.0	0.0
0.0	0.0
-0.0027377859223634005	0.0
0.0	0.0
0.0	0.0
0.0	0.0
-0.00023335590958595276	0.0
-0.004066055174916983	0.0
-0.0005146373878233135	0.0
0.0	0.0
-0.01481110043823719	0.0
0.0	0.0
0.0	0.0
0.0	1.0
-0.0002482629497535527	0.0
-4.2801048039109446e-07	0.0
-9.808483127926593e-07	0.0
0.0	0.011
-0.0002455088833812624	0.0
0.0	0.0
-0.003412693040445447	0.0
0.0	0.0
0.0	0.0
0.0	0.0
0.0	0.068
0.0	0.0
-5.887366150147955e-10	1.0
-0.006083295680582523	0.0
-0.052159037441015244	0.0
0.0	0.0
0.0	0.0
0.0	0.0
0.0	0.0
0.0	0.0
-8.443699357485457e-07	0.0
0.0	0.0
-0.0023219434078782797	0.0
0.0	0.0
-0.00016804462939035147	0.0
0.0	0.456
0.0	0.0
0.0	0.0
-0.0010458844481036067	0.0
0.0	0.456
-0.0032631701324135065	0.0
0.0	0.456
-0.0019013547571375966	0.0
0.0	0.0
0.0	0.456
-0.002951535163447261	0.456
0.0	0.0
0.0	0.0
0.0	0.0
0.0	0.0
0.0	0.0
0.0	0.0
0.0	0.0
0.0	0.0
-0.00020808781846426427	0.0
0.0	0.0
-0.0028590639121830463	0.0
0.0	0.0
0.0	0.0
0.0	0.0
0.0	0.0
-9.937041613738984e-05	0.0
-4.716597459264449e-07	0.0
0.0	0.0
0.0	0.0
0.0	0.0
-0.0035631745122373104	0.0
0.0	0.0
-1.1557819590279905e-07	1.0
0.0	0.0
0.0	0.0
0.0	0.0
0.0	0.0
0.0	0.0
0.0	0.0
0.0	0.0
-0.0003264077240601182	0.0
-3.092530231896262e-09	0.006
-1.5452919688616713e-15	1.0
0.0	1.0
-0.0025648288428783417	0.0
0.0	0.0
-0.0015193832805380225	0.0
-1.3630493640448549e-06	0.0
0.0	0.0
0.0	0.0
-0.013551905751228333	0.0
0.0	0.0
0.0	0.0
-0.0016749416245147586	0.0
-0.007264542393386364	0.0
-0.002930903574451804	0.0
0.0	0.0
-0.005430098157376051	0.0
0.0	0.0
0.0	0.0
-0.0009744559647515416	0.0
0.0	0.0
0.0	0.0
0.0	0.0
0.0	0.0
0.0	0.0
0.0	0.0
0.0	0.0
0.0	0.0
0.0	0.0
-5.773098018835299e-05	0.0
-0.004749761428683996	0.0
-1.1411813829909079e-05	0.0
0.0	0.0
0.0	0.0
0.0	0.0
0.0	0.0
-3.3289066777797416e-05	0.0
0.0	0.0
0.0	0.0
-2.0984454749850556e-05	0.0
0.0	0.0
0.0	0.0
-0.004701790399849415	0.0
0.0	1.0
0.0	0.0
0.0	0.0
-0.0009544965578243136	0.0
0.0	0.0
0.0	0.0
0.0	0.0
0.0	0.0
-0.00013936706818640232	1.0
0.0	1.0
-5.041152391360715e-12	0.456
0.0	1.0
0.0	1.0
-2.9578286557807587e-06	0.0
-0.00015725436969660223	0.0
0.0	1.0
0.0	1.0
0.0	1.0
0.0	1.0
0.0	1.0
0.0	0.0
-0.0010601836256682873	1.0
-0.00036442745476961136	1.0
-2.7232541469857097e-05	1.0
-0.00030799894011579454	0.0
0.0	1.0
0.0	0.0
0.0	1.0
0.0	1.0
0.0	1.0
0.0	0.146
-0.0020702758338302374	1.0
-0.00021083172759972513	0.0
-3.859296953123703e-07	0.0
-2.8609549190150574e-05	0.053
-6.21168965153629e-06	0.0
0.0	0.0
0.0	0.0
0.0	0.0
-0.00023577465617563576	0.0
-2.5816220272645296e-07	0.0
-9.105901699513197e-05	0.0
0.0	0.0
-1.4248014394979691e-06	0.0
0.0	0.0
0.0	0.0
-0.0001988304138649255	0.001
-1.0857158372346021e-07	0.0
0.0	0.0
-9.231143485521898e-05	0.0
0.0	0.0
-0.005085015669465065	0.0
0.0	0.0
0.0	0.0
0.0	0.0
0.0	0.0
0.0	0.0
0.0	0.0
0.0	0.0
-6.78259404196524e-09	0.0
0.0	0.0
0.0	0.0
-6.065729394322261e-05	0.0
-8.993844780036397e-09	0.0
-0.00185465719550848	0.0
-3.659892180984947e-11	0.0
-0.0007348904036916792	0.0
0.0	0.0
0.0	0.0
0.0	0.0
0.0	0.0
-9.911074448609725e-05	0.0
-2.6734177538401127e-08	0.0
-0.001417310442775488	0.0
0.0	0.0
-0.0008522612624801695	0.0
0.0	0.0
-6.074882819007144e-10	0.0
-0.00030858846730552614	0.001
-0.0012127801310271025	0.002002002002002002
0.0	0.002002002002002002
0.0	1.0
0.0	0.002002002002002002
-0.004894523415714502	0.0
-4.039547363277052e-08	0.0
-0.0002163656463380903	0.0
0.0	1.0
-0.0020506454166024923	0.0
-0.004856387618929148	0.0
-0.05916538089513779	0.0
-4.914170131087303e-05	0.0
-9.583422979630996e-06	0.0
-0.0008427013526670635	0.0
-3.5552971677788037e-09	0.0
0.0	0.068
0.0	0.068
-3.124905560980551e-06	0.068
0.0	0.0
-0.0067786709405481815	0.0
0.0	0.068
-0.0008052155608311296	0.0
0.0	0.0
-8.082641215878539e-06	0.0
-6.233232170416159e-07	0.0
0.0	0.0
-0.0012860688148066401	0.0
-1.7343292711302638e-05	0.0
-0.0005725428927689791	0.0
0.0	0.0
-6.812362585151277e-08	0.0
0.0	0.0
0.0	0.0
-0.0016212924383580685	0.0
0.0	0.0
0.0	0.0
0.0	0.0
0.0	0.0
0.0	0.0
-0.0017172747757285833	0.0
0.0	0.0
0.0	0.0
0.0	0.0
-2.2521418941323645e-05	0.0
0.0	0.0
-0.001995171420276165	0.0
0.0	0.0
0.0	0.0
0.0	0.0
0.0	0.0
0.0	1.0
0.0	0.0
0.0	0.0
-2.7354428311809897e-05	0.0
0.0	1.0
-1.7956503484128916e-07	0.0
0.0	0.0
-0.004894846584647894	0.0
0.0	0.0
0.0	0.0
-0.0016037225723266602	0.001
-0.000515097170136869	0.0
0.0	0.0
0.0	0.0
0.0	0.0
-0.0021168759558349848	0.0
-7.592322072014213e-05	0.0
-1.0912671314144973e-05	0.0
0.0	0.0
0.0	0.0
-1.6674073776812293e-05	0.006578947368421052
-4.0258510125568137e-05	0.0
0.0	0.0
0.0	1.0
0.0	0.0
-8.762342986301519e-06	0.0
0.0	0.0
-1.5218288851315265e-08	0.0
-2.581573887994182e-08	0.0
0.0	1.0
0.0	0.0
-1.6234295685535471e-07	1.0
0.0	1.0
0.0	0.006
-0.00020634876273106784	0.0
-9.578676696264665e-08	0.0
0.0	0.006
0.0	1.0
-1.963571918395246e-07	0.0
0.0	0.006
0.0	0.0
0.0	0.006
0.0	0.006
-5.852261165273376e-05	1.0
-0.00028143005329184234	0.0
-0.0039042977150529623	0.0
-0.00015968375373631716	0.006
-4.6680002014909405e-06	0.0
0.0	0.006
-0.001998380059376359	1.0
-1.3841523468727246e-05	0.146
0.0	0.0
0.0	0.0
-0.00013857755402568728	0.0
0.0	0.0
0.0	0.0
0.0	0.0
-2.414508912806923e-07	0.0
0.0	0.0
0.0	0.0
0.0	0.0
-1.5467485354747623e-06	0.0
0.0	0.0
-0.015452547930181026	0.0
0.0	0.0
-2.0731324184453115e-05	0.0
-0.000620901002548635	0.0
0.0	0.0
-4.542244198546541e-07	0.0
0.0	0.689
0.0	0.0
-0.00041105897980742157	0.689
-0.0052233124151825905	0.0
-2.236219404094797e-10	0.0
-0.0014887300785630941	0.689
-1.222333079198279e-08	1.0
0.0	0.0
0.0	0.0
-8.769488886173349e-07	1.0
-3.254441617173143e-05	1.0
0.0	1.0
-0.0002322071377420798	1.0
0.0	1.0
0.0	1.0
0.0	0.0
0.0	0.0
0.0	0.0
-0.001679080305621028	0.0
0.0	0.0
0.0	1.0
0.0	1.0
0.0	1.0
0.0	1.0
0.0	1.0
0.0	0.0
0.0	1.0
-4.877978426520713e-06	0.0
-0.0005637588910758495	0.0
0.0	1.0
-1.346046758499142e-07	1.0
-2.0642994059016928e-05	0.0
-0.008624037727713585	0.0
-3.3917996915988624e-05	0.0
-0.0005064720753580332	0.0
-1.3660321940278664e-07	0.0
-2.3493406843044795e-05	0.0
-6.928883522050455e-05	0.0
-9.486191174801206e-07	0.0
-3.625239287430304e-06	0.0
0.0	0.0
-9.0057983470615e-06	0.0
-0.000345104665029794	0.0
-1.2382111890474334e-05	0.0
-0.000261207896983251	0.0
0.0	0.0
0.0	0.0
0.0	0.0
0.0	0.0
0.0	0.0
0.0	0.0
0.0	0.0
0.0	0.0
-6.188577390275896e-05	0.0
0.0	0.0
-0.001812644419260323	0.0
0.0	0.0
0.0	0.0
0.0	0.0
-4.848315029448713e-07	0.0
0.0	0.0
-3.1938445317791775e-05	0.0
0.0	0.0
0.0	0.0
0.0	0.0
0.0	0.0
0.0	0.0
-0.006319049745798111	0.0
-0.0009283708641305566	0.0
0.0	0.0
0.0	0.0
-3.203719407818273e-12	0.0
0.0	0.0
0.0	0.0
0.0	0.0
-4.5696901906921994e-07	0.0
-0.0002998251002281904	0.0
0.0	0.0
0.0	0.0
0.0	0.0
0.0	0.0
-0.0011920190881937742	0.0
0.0	0.0
0.0	0.0
0.0	0.0
0.0	1.0
0.0	0.0
0.0	0.0
0.0	0.0
0.0	0.0
0.0	1.0
-0.0009087335201911628	0.0
0.0	0.0
0.0	1.0
-0.001008864608593285	0.0
-1.7270785912515407e-09	1.0
0.0	0.0
-0.04129836708307266	0.0
0.0	0.0
0.0	0.0
0.0	0.0
0.0	1.0
0.0	0.0
0.0	0.0
-1.7641667682255502e-06	0.0
0.0	0.0
-0.00552685372531414	0.0
0.0	0.0
0.0	0.0
0.0	0.0
-1.8627986264618812e-07	0.0
0.0	0.0
-0.001278358860872686	0.0
-0.005060332361608744	0.0
0.0	0.0
0.0	0.0
-3.2745510907261632e-06	0.0
0.0	0.0
0.0	0.043
0.0	0.048
0.0	0.0
0.0	0.0
0.0	0.005
0.0	1.0
-1.534212970000226e-05	0.0
0.0	1.0
-0.0003507171350065619	1.0
-4.6384423058043467e-07	0.0
0.0	0.0
0.0	0.0
-8.952090865932405e-06	0.0
0.0	1.0
0.0	1.0
0.0	0.0
-0.00019198724476154894	0.0
0.0	0.0
0.0	0.0
-8.019534342151857e-11	1.0
0.0	0.0
0.0	0.0
0.0	0.0
-3.498626028886065e-05	0.0
0.0	0.0
0.0	0.0
0.0	0.0
-0.001991993049159646	0.0
-0.01582849957048893	0.0
0.0	0.0
0.0	1.0
-0.001035297755151987	0.0
0.0	0.0
0.0	0.0
-0.0017245395574718714	0.0
0.0	0.0
-0.0002712941204663366	0.0
-0.005204121116548777	0.0
0.0	0.0
0.0	0.0
0.0	0.0
0.0	0.0
0.0	0.0
-3.557814238774881e-07	0.0
0.0	1.0
0.0	0.146
0.0	0.0
0.0	0.0
0.0	0.0
0.0	0.0
-0.00015504611656069756	1.0
-0.003158214967697859	0.0
0.0	1.0
0.0	0.0
0.0	0.0
0.0	0.0
0.0	0.0
0.0	0.0
