-0.00023780706396792084	0.0
-0.003316067159175873	0.0
0.0	0.0
0.0	0.0
-0.004748936276882887	0.0
0.0	0.0
-0.0006416011019609869	0.0
0.0	0.0
0.0	0.0
0.0	1.0
0.0	0.0
0.0	0.0
-0.00012189797416795045	0.0
-7.780727173667401e-07	0.0
-1.198414367742373e-09	0.0
0.0	0.0
0.0	1.0
-0.004813207779079676	0.0
-1.6100673572161384e-10	0.0
0.0	0.0
-0.0006594029255211353	0.0
0.0	0.0
0.0	0.0
-3.6216268872735213e-10	0.0
0.0	0.0
0.0	1.0
-7.383875345112756e-05	1.0
0.0	0.0
-0.0008623535977676511	0.0
0.0	0.0
-3.92068104702048e-05	1.0
0.0	0.0
-8.303715048896265e-09	0.0
-0.0012839437695220113	0.0
-0.005636943504214287	0.0
0.0	0.0
-0.0061197481118142605	0.0
0.0	0.0
0.0	0.0
0.0	0.0
0.0	0.0
0.0	0.0
0.0	0.0
-0.0019357898272573948	0.0
-0.002676453208550811	0.0
0.0	0.0
0.0	0.0
-1.720462661225497e-09	0.0
0.0	0.0
0.0	0.0
-0.01088454108685255	0.0
0.0	0.0
0.0	1.0
0.0	0.0
0.0	0.006
0.0	0.0
-3.3457779409218347e-06	0.0
0.0	1.0
-8.255364747355998e-08	0.0
-0.00450520683079958	0.0
-0.015758156776428223	0.0
0.0	0.0
0.0	0.0
0.0	0.0
0.0	0.0
0.0	0.0
0.0	0.0
-0.00038036348996683955	0.0
0.0	0.0
0.0	1.0
-0.00012096273712813854	0.0
-1.5132197006550996e-07	0.001
0.0	1.0
-0.0001799284655135125	1.0
0.0	0.001
-2.7852894990409993e-10	0.0
0.0	0.0
0.0	0.0
0.0	0.007
0.0	0.0
0.0	0.0
0.0	0.0
0.0	0.0
0.0	0.0
0.0	0.0
0.0	0.0
0.0	0.0
0.0	0.0
0.0	0.0
0.0	0.0
-0.00268407235853374	0.0
-2.3565797846458736e-07	0.0
0.0	1.0
-2.2885610633238684e-06	0.0
0.0	0.0
0.0	0.0
-0.0014405440306290984	0.0
0.0	1.0
-2.372139306316967e-06	0.0
0.0	1.0
0.0	0.0
0.0	0.34
0.0	0.34
0.0	0.0
0.0	1.0
0.0	0.0
-2.7334970398307235e-10	1.0
-0.0007232168572954834	0.0
0.0	0.34
0.0	0.0
-0.0026044028345495462	0.0
-0.002865196904167533	0.0
-1.2131516086810734e-05	0.0
-0.0008143490413203835	0.0
0.0	0.0
-0.01416874397546053	0.0
0.0	0.0
0.0	0.0
-1.1270148175297626e-15	0.0
-1.695302125881426e-05	0.0
0.0	0.0
0.0	0.0
-5.2300685638329014e-05	0.0
0.0	0.0
-2.5094129796343623e-06	0.0
0.0	0.0
-0.003732424695044756	0.0
0.0	0.0
-1.1291398038792977e-08	0.0
-0.00018397490202914923	0.0
0.0	0.0
0.0	0.0
0.0	0.0
0.0	0.0
0.0	0.0
-0.0003298082447145134	0.0
-7.359137089224532e-05	0.0
0.0	0.0
-0.0003476932179182768	0.0
0.0	0.0
0.0	0.0
0.0	0.0
0.0	0.0
0.0	0.0
0.0	0.0
0.0	0.0
0.0	1.0
0.0	0.0
-2.4764765793605648e-09	1.0
-1.1285174878139514e-05	0.0
-8.142217211570824e-08	0.0
0.0	0.0
-0.006021949462592602	0.0
0.0	1.0
0.0	0.0
-1.3086822718832991e-06	0.0
0.0	0.0
-3.4415400307352684e-08	1.0
0.0	0.0
-3.732172046966298e-07	1.0
-0.0006701647653244436	0.0
-1.8355583961238153e-05	0.0
-5.082712206672113e-08	1.0
0.0	0.0
0.0	0.0
-0.0006104923668317497	0.0
0.0	0.0
0.0	0.0
-0.011642491444945335	0.0
-0.00028634967748075724	0.0
0.0	0.0
-0.0006878590793348849	1.0
0.0	1.0
0.0	1.0
0.0	0.0
-0.00041435062303207815	0.0
0.0	1.0
0.0	0.0
-0.008654285222291946	0.0
0.0	0.0
-0.008332360535860062	0.0
-6.24646054347977e-05	0.0
0.0	1.0
0.0	0.0
0.0	0.0
-0.0002910612674895674	0.0
0.0	0.0
0.0	0.0
0.0	1.0
0.0	0.0
0.0	0.044
0.0	0.044
0.0	1.0
0.0	1.0
-0.003116806736215949	0.0
-1.988508302019909e-05	0.044
0.0	0.0
0.0	0.0
0.0	0.0
-0.00047879002522677183	0.044
0.0	0.0
-1.0650648363252913e-08	0.0
0.0	0.0
-0.00013830946409143507	0.0
0.0	0.0
-0.00029488757718354464	0.0
0.0	0.0
0.0	0.0
-0.004504199139773846	0.0
0.0	0.0
0.0	0.0
-0.0009676000336185098	0.0
0.0	0.0
0.0	0.0
-0.0031619304791092873	0.0
0.0	0.0
0.0	0.325
-3.359232323418837e-07	1.0
0.0	0.325
-0.0019438921008259058	0.0
0.0	0.0
0.0	0.0
0.0	0.0
0.0	0.0
-4.111997259315103e-05	0.0
0.0	0.0
0.0	0.0
0.0	1.0
0.0	0.0
0.0	0.0
-2.1636305973515846e-06	0.0
0.0	1.0
0.0	0.0
0.0	1.0
0.0	0.0
0.0	0.0
-0.003510827664285898	0.0
0.0	0.0
0.0	0.0
0.0	0.0
0.0	1.0
0.0	1.0
0.0	0.01
-2.474863504176028e-05	0.0
0.0	0.0
0.0	0.0
0.0	0.0
-5.667665391229093e-05	0.0
0.0	0.0
-3.3548820965734194e-07	0.0
-1.3118704345060905e-08	0.0
-2.6889773607763345e-07	0.0
0.0	0.0
-0.000564840214792639	0.0
-0.00010561545059317723	0.0
0.0	0.0
-1.2660136690101353e-06	0.0
-0.030608784407377243	0.0
0.0	0.0
0.0	0.0
0.0	0.0
-0.0031936666928231716	0.0
0.0	0.0
0.0	0.0
0.0	0.266
0.0	0.266
-1.0793681894938345e-06	0.266
-0.004809208679944277	0.0
0.0	0.0
0.0	0.266
0.0	0.0
0.0	0.0
-0.0010134287877008319	0.0
-3.7215149859548546e-06	0.0
-5.664101536240196e-06	0.0
-0.00020560492703225464	0.0
0.0	0.0
0.0	0.0
-2.9924640330136754e-05	0.0
-5.446566137834452e-05	0.004
0.0	0.0
-0.00012990667892154306	0.0
-0.0007329857326112688	0.0
0.0	0.0
0.0	0.0
-0.0025364337489008904	0.0
-0.006944716442376375	0.0
-0.0001420409098500386	0.0
0.0	0.0
0.0	0.66
-3.422535144181893e-07	0.66
-3.8668778870487586e-05	0.0
0.0	0.0
0.0	0.66
0.0	0.66
0.0	0.66
0.0	0.0
0.0	0.0
-8.995273674372584e-06	0.0
-1.7913933447744057e-08	0.0
-0.008190407417714596	0.0
-6.880278669996187e-05	1.0
0.0	1.0
-2.1915707293374e-06	0.0
0.0	0.66
0.0	0.0
0.0	0.0
0.0	0.0
-4.0504278331354726e-07	0.66
0.0	0.0
0.0	0.66
0.0	0.66
0.0	0.66
-5.812780159430986e-07	0.0
-5.581020801059822e-08	0.0
0.0	0.0
0.0	0.0
0.0	0.0
-0.0004903344088234007	0.0
-0.0014380603097379208	0.0
0.0	0.043
-0.00015005641034804285	0.043
0.0	0.0
0.0	0.0
0.0	0.0
-0.0013203619746491313	0.0
-0.0003401158610358834	0.0
0.0	1.0
0.0	1.0
0.0	0.0
-0.0008883918635547161	1.0
0.0	1.0
-3.26091412716778e-06	1.0
0.0	1.0
0.0	0.0
0.0	0.0
-5.2823554558267816e-11	0.0
0.0	0.0
0.0	0.0
-0.00012994598364457488	0.0
-0.0001633550418773666	0.0
0.0	0.0
0.0	0.0
0.0	0.0
0.0	0.0
0.0	0.0
-0.0020468884613364935	1.0
0.0	0.0
-0.008541767485439777	0.0
0.0	0.0
-0.00022928086400497705	0.0
0.0	0.0
-2.357613311687601e-06	0.0
-0.00030596161377616227	0.0
0.0	1.0
-0.007025322411209345	0.0
-5.701875238628418e-07	0.0
0.0	1.0
-1.570516019455681e-07	0.0
-6.680224942101631e-07	0.0
0.0	0.0
0.0	0.0
-8.592446829425171e-05	0.0
-0.00012186585809104145	0.0
0.0	1.0
-0.00016842136392369866	0.0
0.0	0.0
0.0	0.0
-0.009768045507371426	0.0
0.0	0.0
-0.0010159322991967201	1.0
0.0	1.0
0.0	0.0
0.0	0.0
-0.0033031164202839136	0.0
0.0	0.0
-0.0003026904014404863	0.0
0.0	0.0
0.0	0.0
0.0	0.0
-1.0163544175156858e-06	0.0
0.0	0.0
0.0	0.0
0.0	0.0
0.0	0.0
-5.4778400482291545e-08	0.0
-6.398046823473107e-17	0.0
-0.0002678799501154572	0.0
0.0	0.0
0.0	0.008
-0.014146043919026852	0.008
-0.006236732006072998	0.0
-0.00018639644258655608	0.0
0.0	0.0
0.0	1.0
0.0	1.0
-0.0005423463298939168	0.0
-0.0012467856286093593	0.0
-4.626392183126882e-06	0.0
0.0	0.0
-0.0060725645162165165	0.0
-0.009609653614461422	0.0
-4.912809799861861e-06	0.0
-7.141578680602834e-05	0.0
-1.136203354690224e-05	0.0
-1.8948754586745054e-05	0.0
-8.22988022264326e-06	0.0
0.0	0.0
-0.0004642364801838994	0.0
-0.004397965501993895	0.0
-3.268945874879137e-05	0.0
0.0	0.0
0.0	0.0
0.0	0.0
0.0	1.0
-1.093194654799845e-07	0.0
-6.778643637517234e-07	0.0
0.0	0.0
0.0	1.0
0.0	0.0
-6.194914590196277e-07	1.0
0.0	0.0
0.0	0.0
-3.644010575953871e-05	0.0
-0.0011936784721910954	0.0
0.0	0.0
0.0	0.0
0.0	0.0
-0.0002950493944808841	0.092
0.0	0.0
-7.137686770875007e-05	0.0
0.0	0.0
-8.122593158077507e-07	0.0
-0.0008044590358622372	0.0
-0.026945367455482483	0.0
0.0	0.015
0.0	0.0
0.0	1.0
0.0	0.0
-2.3883185349404812e-05	0.0
0.0	0.015
0.0	0.0
0.0	0.0
-0.012896949425339699	0.0
-6.970975664444268e-05	0.0
0.0	0.0
-0.0003426767070777714	0.0
-0.023563340306282043	0.0
0.0	0.0
0.0	0.0
0.0	0.0
-0.0024734779726713896	0.0
-4.001956313004484e-06	0.0
-0.0011586740147322416	0.0
0.0	0.0
0.0	0.0
0.0	0.0
0.0	0.0
0.0	0.0
0.0	0.0
0.0	0.0
0.0	0.0
0.0	0.0
0.0	0.0
0.0	0.0
0.0	0.0
-5.7853135615459905e-09	0.0
0.0	0.0
0.0	0.0
-0.004071912262588739	0.0
0.0	0.0
0.0	0.0
-0.001292126951739192	0.0
0.0	0.0
0.0	0.0
-0.0017137789400294423	0.0
0.0	0.027
0.0	0.0
-0.0044065918773412704	0.0
-9.573688369846067e-11	0.027
-0.00030772146419622004	0.0
0.0	0.027
-2.1188506504898896e-09	0.0
0.0	0.0
-0.00014284135249909014	1.0
0.0	0.0
0.0	0.0
-0.0030475319363176823	0.0
0.0	0.6783144912641316
-0.0008717589662410319	0.6783144912641316
0.0	0.6783144912641316
-6.237963680177927e-05	0.07941176470588235
-4.064392487634905e-05	0.027
0.0	0.0
0.0	0.0
0.0	0.0
-0.006604268215596676	0.0
0.0	0.0
0.0	0.0
-1.06079478534582e-09	0.0
-0.004704189952462912	0.0
-4.034031007904559e-06	0.0
-4.223106753187267e-09	0.0
0.0	0.0
0.0	0.0
0.0	0.0
-0.0017007674323394895	0.0
0.0	0.0
-0.0019530551508069038	0.0
0.0	0.0
0.0	0.0
0.0	0.0
0.0	0.0
0.0	0.0
-0.002066600602120161	0.0
0.0	0.0
-0.0019187652505934238	0.0
-0.0005138040287420154	0.0
-3.2862859370652586e-05	0.0
-8.632232493255287e-06	0.0
0.0	0.0
-0.004221459850668907	0.0
-0.0020295397844165564	0.0
-1.8231862242146235e-08	0.0
0.0	0.0
-0.00798607338219881	0.0
-0.0032804864458739758	0.0
0.0	0.0
-0.0006983783678151667	0.0
0.0	0.0
-1.9875953327641582e-08	0.0
0.0	0.0
-0.0007734412793070078	0.0
-0.0006067170761525631	0.0
0.0	0.0
0.0	0.0
0.0	0.0
0.0	0.0
0.0	0.0
0.0	0.0
0.0	0.0
-4.977625849278411e-06	0.0
0.0	0.0
0.0	0.0
-0.0005109981284476817	0.0
0.0	0.0
-0.0006489584338851273	0.0
-0.001832308480516076	0.0
0.0	0.0
0.0	0.0
0.0	0.0
-2.6196874387096614e-05	0.0
0.0	0.0
-0.024053817614912987	0.0
-0.0012060445733368397	0.0
0.0	0.0
0.0	1.0
-0.00031622068490833044	0.001
-4.8902277782758574e-09	0.0015151515151515152
0.0	1.0
0.0	0.0
0.0	1.0
-7.956095214467496e-05	0.0
0.0	0.0
-7.620199085067725e-07	0.0
-0.0004592678742483258	1.0
-2.15323507291032e-05	0.0
0.0	0.0
-0.009168149903416634	0.0
-5.334955858415924e-05	1.0
0.0	0.0
-0.0001528999418951571	0.0
0.0	0.0
-0.00029982233536429703	0.0
-0.00010662349086487666	0.0
0.0	0.0
0.0	0.0
-0.0003019285504706204	0.0
-0.00025597692001610994	0.0
-1.0581325113889761e-05	0.0
-0.00013953143206890672	0.0
-2.4626982311065637e-12	0.0
-8.087367314146832e-05	0.0
0.0	0.063
0.0	0.063
0.0	0.0
-0.010430599562823772	0.0
-1.4663839031925363e-09	0.109
0.0	0.0
0.0	0.0
0.0	0.0
0.0	0.0
-0.027744628489017487	0.0
0.0	0.0
0.0	0.001
0.0	0.0
0.0	0.0
-2.6518179319090507e-10	0.0
-6.683939136564732e-05	0.0
0.0	0.0
-4.947962178869503e-11	0.0
0.0	0.0
0.0	0.0
0.0	0.0
0.0	0.0
0.0	0.0
0.0	0.005
-0.0029134750366210938	0.005
0.0	0.0
0.0	0.005
0.0	0.005
0.0	0.014705882352941176
0.0	1.0
0.0	0.005
-5.620194860966876e-05	0.0
-0.006515955086797476	0.0
-0.022087285295128822	0.0
0.0	0.0
-0.00016338733257725835	0.0
-7.408285114252067e-07	0.0
0.0	0.0
-0.001752420561388135	0.0
0.0	0.0
0.0	0.0
-1.5458654161193408e-05	0.0
0.0	0.0
-1.9716937458724715e-05	0.0
0.0	0.0
0.0	0.0
0.0	0.0
-0.00019289867486804724	0.0
-0.0035960155073553324	0.0
0.0	0.0
0.0	0.0
0.0	0.0
0.0	0.0
-0.005006018560379744	0.0
-3.444061391633113e-08	0.0
-0.010348786599934101	0.0
0.0	0.0
-1.1271237809751256e-07	0.0
-0.0011314927833154798	0.0
-0.007952571846544743	0.0
-0.014847228303551674	0.0
0.0	0.0
0.0	1.0
0.0	0.0
0.0	0.0
0.0	1.0
-0.0009941364405676723	0.0
0.0	0.0
0.0	1.0
0.0	1.0
0.0	1.0
0.0	0.0
0.0	0.0
0.0	0.0
-0.003488236339762807	0.0
0.0	0.0
0.0	0.0
-0.0005285135703161359	0.0
-0.013058735057711601	0.0
0.0	0.0
0.0	0.0
0.0	0.0
0.0	0.0
0.0	0.0
-0.0004956725751981139	0.0
0.0	0.0
-0.0031267553567886353	0.0
0.0	0.0
-4.4917675134925616e-10	0.0
0.0	0.0
0.0	0.0
0.0	0.0
0.0	0.0
-6.511282117571682e-05	0.0
-0.0052435798570513725	0.0
-0.0009113439591601491	0.0
0.0	0.0
-2.6573896320769563e-05	0.0
0.0	0.0
-0.0016217223601415753	0.0
0.0	0.0
0.0	1.0
0.0	0.0
0.0	0.0
0.0	0.0
-0.0006878524436615407	0.0
0.0	0.0
0.0	0.0037105751391465678
-4.155502756475471e-05	0.0
-2.601515689093503e-06	0.002
-3.634908580352203e-06	1.0
-2.019477705061945e-07	0.002
0.0	0.0
0.0	0.0
-0.027606472373008728	0.0
-6.864804163342342e-06	1.0
0.0	0.0
0.0	0.0
-0.0012634429149329662	1.0
-0.007939676754176617	0.0
0.0	0.0
-1.1950814950978383e-06	0.0
0.0	0.002
0.0	0.0
-5.3353229304775596e-05	0.0
-0.003998979926109314	0.0
-1.01378645922523e-05	0.0
-0.00021163713245186955	0.0
-0.0005305917584337294	0.0
0.0	0.0
0.0	0.0
0.0	0.0
-0.007012448273599148	0.0
-0.019733238965272903	0.0
-0.0017543716821819544	0.0
-1.607140120540862e-06	0.0
0.0	0.0
-5.241801318334183e-06	0.0
-6.970195954636438e-06	0.0
0.0	0.0
-3.411985277645968e-11	0.0
0.0	0.0
0.0	0.0
-3.439681393047067e-07	0.0
0.0	1.0
0.0	0.0
-0.00013839115854352713	0.015
-1.0314285646018106e-05	0.0
0.0	0.0
0.0	1.0
0.0	1.0
-0.00012315956701058894	1.0
0.0	1.0
-0.002345734043046832	0.0
0.0	0.0
0.0	0.0
-6.88917043589754e-06	0.0
-1.8947676760916465e-09	0.0
-3.2185528198169777e-06	0.0
-0.0021213735453784466	0.0
-0.00046865217154845595	0.0
0.0	0.001
0.0	0.001
-0.004180574789643288	0.001
-1.0227059874523547e-06	0.0
-4.3672283936757594e-05	0.0
-0.0002875180507544428	0.0
0.0	0.0
-0.0003695282794069499	0.0
-0.0005797240301035345	0.0
0.0	1.0
-0.013930952176451683	0.0
0.0	1.0
-7.572662525490159e-06	0.001
-2.326530420759809e-06	1.0
-9.507703362032771e-05	0.0
0.0	1.0
0.0	0.0
-1.0316706256646713e-12	0.001001001001001001
0.0	0.001001001001001001
-0.0003683425020426512	0.0
-0.0004329941875766963	0.0029411764705882353
-0.0006937786820344627	0.001
-0.0055342852137982845	0.001
0.0	0.0
0.0	0.0
0.0	0.0
-6.017037958372384e-05	0.0
-0.00027720004436559975	0.0
-6.637898564143541e-10	0.0
-1.1839611033792607e-06	0.0
-7.673073014302645e-06	0.0
0.0	1.0
0.0	1.0
-2.158926145057194e-05	0.0
-3.6197741337673506e-07	0.0
0.0	1.0
0.0	1.0
-1.1688592167047318e-05	0.0
-1.3978465176478494e-05	0.0
0.0	0.0
-2.615144239825895e-06	0.027
-2.0024172044941224e-05	0.0
-8.078187420323957e-06	0.027
0.0	0.027
0.0	0.0
-1.8726475900621153e-05	0.0
-1.5480722140637226e-05	0.0
0.0	0.0
0.0	0.0
-0.008467509411275387	0.0
-0.0021858636755496264	0.0
-5.109814537718194e-06	1.0
-0.0013312413357198238	0.0
-0.00021831713092979044	1.0
0.0	1.0
-2.0160165092875104e-07	1.0
0.0	1.0
0.0	0.0
0.0	0.0
0.0	0.0
-2.1302450477378443e-05	0.001
-3.469820057944162e-06	0.0
-1.2433113170118304e-06	0.0
0.0	0.0
-3.8958642534225874e-08	0.0
0.0	0.0
-5.407329098372493e-11	0.0
-4.0545014599047136e-06	0.0
-9.825138924668408e-09	0.0
-9.707352546683978e-06	0.0
0.0	0.0
0.0	0.0
0.0	0.0
0.0	0.0
0.0	0.0
-0.0015319358790293336	0.0
0.0	0.0
-1.1301420272502583e-05	0.66
0.0	0.0
0.0	0.66
-3.017133531102445e-05	0.0
-0.010643246583640575	0.0
-0.0001870280539151281	0.0
0.0	0.0
-0.0005817666533403099	0.0
0.0	0.0
0.0	1.0
-5.207130016060546e-07	0.0
0.0	1.0
-0.000520493253134191	1.0
0.0	0.0
-1.0065184796737014e-10	0.0
-1.4807686966378242e-05	0.0
0.0	0.0
0.0	0.0
0.0	0.0
0.0	0.0
-0.00233085616491735	0.0
0.0	0.0
0.0	0.0
0.0	0.0
-8.518612958141603e-06	0.0
0.0	0.0
-0.03229546919465065	0.0
-1.5929919072732446e-06	0.0
0.0	0.0
0.0	0.0
-1.632007842999883e-05	0.0
0.0	0.0
0.0	0.0
0.0	0.0
0.0	0.0
0.0	0.0
0.0	0.0
0.0	0.0
0.0	0.0
0.0	0.0
-0.002029380528256297	0.0
-0.007676177658140659	0.0
0.0	0.0
-5.354075938157621e-08	0.0
0.0	0.0
-0.0026863878592848778	0.0
0.0	0.0
0.0	0.0
-0.00047705796896480024	0.0
-0.0010295459069311619	0.0
0.0	0.0
-0.008351054973900318	0.0
0.0	0.0
0.0	0.0
0.0	0.0
0.0	0.0
0.0	0.0
0.0	0.0
-0.002073075622320175	0.0
0.0	0.0
0.0	0.0
0.0	0.0
0.0	0.0
0.0	0.0
-2.59711502303972e-10	0.0
-6.338155071716756e-05	0.0
0.0	0.0
0.0	0.0
0.0	0.0
0.0	0.0
0.0	0.0
-3.5211614886065945e-05	0.0
-2.9452763783410774e-07	0.0
0.0	0.0
-3.5134497011313215e-05	0.0
0.0	0.0
-2.075694101222325e-05	0.0
-0.0027866046875715256	0.0
-2.299172138009453e-06	0.0
0.0	0.0
0.0	0.0
0.0	0.0
0.0	0.0
-2.7310888981446624e-06	0.0
-1.6737946140210624e-08	0.0
-0.002099820878356695	0.006
0.0	0.006
-0.0010491145076230168	0.0
0.0	0.0
-0.0003982621419709176	0.0
-4.195304015297552e-08	0.0
-0.00518787233158946	0.0
0.0	0.0
-0.008493163622915745	0.0
-5.762366345152259e-05	0.0
-0.0009768337476998568	0.0
0.0	0.0
-8.134298212780777e-08	0.0
-0.0016247609164565802	0.0
-6.917248538229614e-05	0.0
0.0	1.0
0.0	0.0
0.0	0.0
0.0	0.0
-0.001830273075029254	0.0
0.0	0.0
0.0	0.044
0.0	0.0
-0.0009201141074299812	0.0
0.0	1.0
0.0	0.0
0.0	0.0
-4.565502877085237e-06	0.0
0.0	0.0
0.0	0.0
-0.01937386766076088	0.0
0.0	0.0
0.0	0.0
0.0	0.0015151515151515152
-0.002906644716858864	0.0
-8.126279863063246e-05	1.0
0.0	0.0
0.0	0.05263157894736842
-7.138903583836509e-06	0.0
-0.00016914287698455155	0.0
0.0	1.0
-9.336184234598477e-07	1.0
0.0	0.0
0.0	0.0
0.0	0.0
0.0	0.0
0.0	0.0
0.0	0.0
