0.0	0.0
0.0	0.0
-9.626493920222856e-06	0.0
0.0	1.0
0.0	0.0
-5.9442940255394205e-05	1.0
0.0	1.0
0.0	0.0
0.0	0.0
0.0	0.0
0.0	0.0
0.0	1.0
0.0	0.0
0.0	1.0
0.0	0.0
0.0	0.0
0.0	0.0
0.0	0.0
0.0	0.0
0.0	0.0
0.0	0.0
-0.0003263792023062706	0.0
-7.11772809154354e-05	0.0
-0.00910369772464037	0.0
-0.004598702769726515	0.0
-0.0003604833618737757	0.0
-4.772691131194051e-09	0.0
-9.982842129829805e-06	0.0
0.0	0.0
0.0	0.0
-0.007733696606010199	0.0
-0.001280503231100738	0.0
0.0	0.0
0.0	0.0
-0.0007697530090808868	0.0
-0.0006275764899328351	0.0
0.0	0.0
0.0	0.001
0.0	0.001
-2.3407115804729983e-05	0.0
0.0	0.0
0.0	0.0
-1.4880021659280374e-09	0.0
0.0	0.0
-0.00012832958600483835	0.0
0.0	0.0
-7.994512998266146e-06	0.0
0.0	0.0
0.0	0.0
-1.114870400442669e-07	0.0
0.0	0.0
-1.7601440305270444e-08	0.0
-2.29552536978872e-08	0.0
0.0	0.0
0.0	0.0
-0.004962167702615261	0.0
0.0	0.0
0.0	0.0
-4.9909485824173316e-05	0.0
-0.0004790567618329078	0.0
-0.0013547866838052869	0.0
-5.4320175024713535e-08	0.0
0.0	0.0
0.0	0.0
0.0	0.0
-0.007134112995117903	0.0
0.0	0.0
-0.00020456295169424266	0.0
0.0	0.0
-2.686137486307416e-05	0.0
0.0	0.0
0.0	0.0
-0.003578153671696782	0.0
0.0	0.0
-0.00039587795617990196	0.0
-0.005595937836915255	0.0
-5.0554714107420295e-05	0.0
0.0	0.0
0.0	0.0
0.0	0.0
-6.831306382082403e-05	0.0
-0.022020086646080017	0.0
0.0	0.0
0.0	1.0
0.0	0.0
0.0	0.0
0.0	0.0
-7.589163487864425e-06	1.0
-0.0005470896721817553	1.0
-1.8175216609961353e-05	1.0
0.0	1.0
-0.0007193867932073772	0.0
-1.549936285982767e-07	0.0
-0.00045781556400470436	0.0
0.0	0.0
0.0	0.0
-6.502773612737656e-05	0.0
0.0	1.0
0.0	0.0
-2.9057559004286304e-05	0.0
-6.736177171617896e-10	0.0
0.0	0.0
0.0	0.0
-0.013285389170050621	0.0
-5.0866124183812644e-06	0.0
0.0	0.0
0.0	0.0
0.0	0.0
-1.61696064537864e-07	0.0
0.0	0.0
0.0	0.0
0.0	0.0
-1.3714539193188102e-07	0.0
0.0	0.0
-0.0011334725422784686	0.0
0.0	0.0
-0.0032696048729121685	0.0
-1.2229571666466654e-07	0.0
0.0	0.0
-0.0003368067555129528	0.0
0.0	0.0
0.0	0.0
0.0	0.0
-0.0016083817463368177	0.0
-2.2299263946479186e-05	0.0
0.0	0.0
-0.005239803809672594	0.0
0.0	0.0
0.0	0.0
0.0	1.0
-6.868154741823673e-06	0.0
0.0	0.0
-1.6750245777075179e-06	0.0
-0.0024506051559001207	0.0
0.0	0.0
0.0	0.0
-0.0004896752652712166	0.0
-0.0015575572615489364	0.0
0.0	0.0
-1.868405519189764e-08	0.0
-3.450407120908494e-06	0.0
0.0	0.0
-3.682616522837634e-08	1.0
-8.276333574031014e-06	0.098
-1.3917046089773066e-05	1.0
0.0	0.0
0.0	1.0
-0.00047005200758576393	0.098
0.0	0.098
0.0	0.098
0.0	0.0
-2.3243601390277036e-05	0.098
-0.000716084789019078	0.024
0.0	0.024
-0.002703864825889468	0.0
-2.1337053112802096e-05	0.024
0.0	0.024
-1.3150054201105377e-06	1.0
-2.3503329430241138e-05	1.0
-3.8725676176909474e-07	0.0
-2.401230603243931e-10	0.0
-0.00020961457630619407	0.0
0.0	1.0
-0.0028079673647880554	0.0
0.0	0.0
0.0	0.0
0.0	0.0
-1.623744749768008e-10	0.0
0.0	0.0
-0.0007744994945824146	1.0
0.0	0.0
-0.02815244346857071	0.0
-6.076837166801852e-07	0.0
-0.0005306804087013006	0.0
-2.5182895114994608e-05	0.0
0.0	1.0
0.0	1.0
-0.0004231416678521782	0.0
-7.47366066207178e-05	0.0
0.0	1.0
-0.0007964576943777502	1.0
0.0	0.0
0.0	1.0
0.0	0.003
0.0	1.0
0.0	0.0
0.0	0.0
0.0	0.003
-0.0014017256908118725	0.0
-0.0005312535795383155	0.0
0.0	1.0
0.0	1.0
0.0	0.0
-6.486271740868688e-05	0.0
0.0	1.0
0.0	0.0
0.0	0.002
0.0	0.0
0.0	0.0
0.0	0.0
-0.003447344060987234	0.002
0.0	0.0
0.0	0.002
-8.910578023251978e-16	0.0
-0.0007177350344136357	0.0
-0.0009350223117507994	0.0
0.0	0.002
-0.006147237028926611	0.0
0.0	0.0
0.0	0.0
0.0	0.0
0.0	0.21
-0.00016067260003183037	1.0
0.0	0.21
0.0	0.21
0.0	1.0
0.0	0.0
0.0	1.0
-0.0015384458238258958	0.0
0.0	0.0
-6.835143887516659e-14	1.0
0.0	0.0
-2.9857717436243547e-06	0.0
0.0	1.0
-0.00012449345376808196	0.0
-0.0003397931868676096	0.0
-0.0003058306756429374	1.0
-0.00039054860826581717	1.0
0.0	0.0
0.0	1.0
0.0	0.0
0.0	0.0
-5.8620298659661785e-06	0.0
0.0	0.0
0.0	0.0
0.0	1.0
0.0	0.0
0.0	1.0
0.0	0.0
0.0	1.0
0.0	1.0
-2.280991566294688e-06	1.0
0.0	0.0
0.0	0.0
0.0	0.0
0.0	0.0
0.0	0.0
0.0	0.0
0.0	0.0
0.0	0.0
-0.00222952663898468	0.0
-0.0003971887053921819	0.0
-0.0018988235387951136	0.0
0.0	0.086
-5.909217634325614e-06	0.0
0.0	1.0
0.0	1.0
0.0	1.0
0.0	0.08921161825726141
0.0	1.0
-4.272152636985993e-06	0.0
-0.0001407009403919801	0.0
0.0	1.0
0.0	0.0
0.0	0.0
0.0	0.0
-2.333320253455895e-06	0.0
0.0	0.0
0.0	0.0
0.0	0.0
-0.006360054016113281	0.0
0.0	0.0
0.0	0.0
0.0	0.0
0.0	0.0
-1.4859668908684398e-06	0.0
0.0	0.0
-9.102839248953387e-05	0.0
0.0	1.0
0.0	0.0
-0.00028664208366535604	0.0
-0.00015528952644672245	0.0
0.0	0.0
-0.004903918597847223	0.0
-2.0501776816672646e-05	0.0
0.0	0.0
0.0	0.0
0.0	0.0
0.0	0.0
0.0	0.0
-4.9295394433102047e-08	0.0
-0.008097164332866669	0.0
0.0	0.0
0.0	1.0
0.0	0.0
0.0	0.0
-0.0004775281122419983	0.0
0.0	0.0
-0.002788590034469962	0.0
-0.00014207443746272475	0.0
-3.4803177006992314e-10	0.012
0.0	0.0
0.0	0.0
0.0	0.0
-0.00025734491646289825	0.0
0.0	0.0
0.0	0.0
0.0	0.0
0.0	0.007
-3.9543585444334894e-05	0.007
0.0	0.0
0.0	0.014
-0.00011998379341093823	0.004028197381671702
-0.0008020425448194146	0.0
0.0	0.004028197381671702
-0.00012072984827682376	0.004028197381671702
0.0	0.0
-3.911562998837326e-06	0.004
0.0	0.0
0.0	0.004
0.0	0.0
-0.002826822455972433	0.0
0.0	0.0
-0.00226337811909616	0.0
-0.0013252479257062078	0.0
0.0	0.001
0.0	0.0
-0.00010052775905933231	0.0
0.0	0.0
-5.006876335755805e-07	0.0
0.0	0.0
-1.8474607713869773e-05	0.0
0.0	0.0
0.0	0.0
0.0	1.0
0.0	0.0
0.0	0.0
0.0	0.0
0.0	0.0
-0.000941503094509244	0.0
0.0	0.0
-0.008062058128416538	0.0
0.0	0.0
0.0	0.0
0.0	0.0
0.0	0.0
-0.00021080992883071303	0.0
0.0	0.0
-0.012105343863368034	0.0
-0.000398661766666919	0.0
0.0	0.0
-0.0003709612647071481	0.0
0.0	0.0
0.0	0.0
-1.2986419051230769e-06	0.0
-0.00025177665520459414	0.001
-0.008753587491810322	0.0
0.0	0.0
-0.002236648928374052	0.0
-5.791631618734527e-10	0.0
0.0	0.0
0.0	0.0
0.0	0.0
-0.004903639666736126	0.0
0.0	1.0
0.0	0.0
0.0	0.0
0.0	1.0
0.0	0.0
-0.00332795106805861	0.0
0.0	1.0
0.0	0.0
0.0	0.0
0.0	0.0
-0.003329874947667122	0.0
0.0	0.0
-9.238042548531666e-05	0.0
0.0	0.0
-0.00024844746803864837	0.0
0.0	1.0
-0.005374210886657238	0.0
-0.0036422901321202517	0.0
0.0	0.0
0.0	0.0
0.0	1.0
0.0	1.0
-0.0012180678313598037	0.0
-7.061126962071285e-05	0.0
0.0	0.0
0.0	0.0
0.0	0.0
0.0	0.0
0.0	0.0
0.0	0.0
0.0	0.0
0.0	1.0
0.0	0.0
-0.0015883797314018011	0.0
0.0	0.0
0.0	1.0
-0.0016264638397842646	0.0
0.0	0.0
-0.0010473820148035884	0.0
0.0	1.0
0.0	1.0
-0.0001403153146384284	1.0
-5.756437985837692e-06	0.0
0.0	0.0
-0.0008793596643954515	0.0
0.0	0.011
-1.3847673230316104e-08	0.0
0.0	0.0
0.0	0.0
0.0	0.0
-1.0271309491827196e-07	0.0
0.0	0.0
-0.0002803152019623667	0.0
-0.00214661518111825	0.0
-0.0014161730650812387	0.0
-0.003327789017930627	0.0
0.0	0.0
-1.4840126823401079e-05	0.0
0.0	0.0
-3.479883525869809e-05	0.0
0.0	0.0
-1.3863022104487754e-05	0.0
-0.0009072310058400035	0.0
-0.0015786690637469292	0.0
-4.8589736252324656e-05	0.0
0.0	0.0
0.0	0.21
-1.5158288135808107e-07	1.0
-0.002577075269073248	0.0
-0.0006668478017672896	0.0
-9.355358997709118e-06	0.005
-0.03658427298069	0.0
0.0	1.0
-5.8697893109638244e-05	0.0
0.0	1.0
-0.00837914738804102	0.0
0.0	0.0
0.0	0.0
-0.003866775194182992	0.0
-2.131447160991229e-07	0.0
0.0	0.0
0.0	0.0
0.0	0.0
0.0	0.0
0.0	0.0
0.0	0.0
0.0	0.0
0.0	0.0
-1.0096041478391271e-06	1.0
-0.000608998176176101	1.0
0.0	1.0
0.0	1.0
0.0	0.0
-0.0023772690910845995	0.0
0.0	1.0
0.0	0.0
-0.00037114552105776966	0.0
0.0	1.0
-0.0003174177836626768	0.0
-1.9996008404632448e-07	0.0
0.0	1.0
0.0	1.0
0.0	1.0
-8.191712932981154e-12	1.0
0.0	0.0
-3.0491329461312944e-09	1.0
0.0	0.0
0.0	0.0
-0.0019778357818722725	1.0
-0.001537303440272808	1.0
0.0	0.0
0.0	0.0
0.0	1.0
0.0	0.0
-3.283881824245327e-06	0.0
0.0	0.0
0.0	0.0
0.0	1.0
0.0	0.0
0.0	0.0
0.0	0.0
-0.0010884478688240051	0.0
-0.005210148636251688	0.0
-0.0006738905212841928	0.0
-1.0292367136344183e-07	0.0
0.0	0.0
0.0	0.0
0.0	0.0
-2.9987861125846393e-05	0.0
0.0	0.0
0.0	0.0
-0.0005609606159850955	0.0
0.0	0.0
0.0	0.0
0.0	1.0
-9.037623840413289e-07	0.0
0.0	0.0
0.0	0.0
0.0	0.0
-0.0005923592252656817	0.0
-0.0020506158471107483	0.0
-4.37418475485174e-06	0.0
-0.00028414925327524543	0.0
-0.00011157332482980564	0.0
0.0	0.0
0.0	0.0
0.0	1.0
-2.7019789285986917e-06	1.0
-2.08415076485835e-05	1.0
-3.3361095574946376e-07	0.0
0.0	0.0
0.0	0.0
-1.3589046981589675e-14	0.0
0.0	1.0
0.0	0.0
0.0	0.0
0.0	0.0
0.0	0.0
0.0	0.0
0.0	0.0
0.0	0.0
-0.0003644515236373991	0.0
-0.00610495125874877	0.0
-0.009925075806677341	0.0
-0.005391460843384266	0.0
0.0	0.0
0.0	0.0
0.0	0.0
0.0	0.0
0.0	0.0
0.0	0.0
0.0	0.0
-5.023187623010017e-05	0.0
-0.008080297149717808	0.0
0.0	0.0
0.0	0.0
-4.172246690359316e-07	0.0
0.0	0.0
-0.00012301295646466315	0.0
-0.0005268016248010099	0.0
0.0	0.0
0.0	0.0
0.0	0.0
0.0	0.0
-1.1430376616772264e-05	0.0
0.0	0.0
0.0	0.0
-0.004050679504871368	0.0
-0.004227684810757637	0.0
0.0	0.0
-2.5715341962495586e-06	1.0
0.0	0.0
0.0	0.0
0.0	0.0
-0.0019242637790739536	0.0
0.0	0.001
0.0	0.0
-0.0004582995316013694	0.0
-1.7564670997671783e-06	0.0
-0.004047865513712168	0.0
-0.006908087991178036	0.0
-0.00024042220320552588	0.0
0.0	0.012
0.0	0.012
0.0	0.0
-0.00013056637544650584	0.0
0.0	0.0
-0.002489273902028799	0.0
0.0	0.0
-0.003492271061986685	0.0
-7.547584085498826e-12	0.0
-7.037429895717651e-06	0.0
-7.011250272626057e-05	0.0
0.0	0.0
0.0	0.0
-1.1632568202912807e-05	0.0
-3.0516435611701878e-21	0.0
0.0	0.0
-0.00268876482732594	0.0
0.0	0.0
-0.007006790954619646	0.0
0.0	0.0
-0.012561904266476631	0.0
0.0	0.0
-4.686250321128682e-08	0.0
0.0	1.0
-4.71718558401335e-05	0.0
0.0	0.0
0.0	0.0
-0.002146451734006405	0.0
-6.900382686580997e-06	0.0
-0.0004774562839884311	0.0
0.0	0.0
0.0	0.0
-0.0008772447472438216	0.0
-0.00020189037604723126	0.0
0.0	0.0
0.0	0.0
-0.0010428257519379258	0.0
-0.00039485213346779346	0.026
0.0	0.0
-2.5100856504423064e-08	0.0
0.0	1.0
0.0	0.0
-1.7045526874426287e-06	0.0
0.0	0.0
0.0	0.0
0.0	0.0
-0.00015336574870161712	0.0
0.0	1.0
0.0	1.0
-0.0077562215737998486	0.0
0.0	0.0
-2.270034420853717e-12	0.0
0.0	0.0
0.0	1.0
-4.859898291090237e-13	0.0
-1.093845526156656e-06	0.0
0.0	1.0
0.0	0.0
0.0	0.0
-2.2324862584355287e-05	1.0
0.0	1.0
0.0	0.0
0.0	0.0
0.0	0.0
0.0	0.0
-5.63403664000095e-11	0.0
0.0	1.0
-0.00028938803006894886	1.0
0.0	0.0
-0.001213114126585424	0.0
-0.007800239138305187	0.0
0.0	0.0
0.0	0.0
0.0	0.0
-1.2724153675147676e-10	0.0
-1.8362029550189618e-06	0.004
0.0	0.004
0.0	0.0
-0.0006644974346272647	0.0
-0.00011468503362266347	0.004
0.0	1.0
0.0	0.004
0.0	0.0
0.0	0.028
-0.003941097296774387	0.028
0.0	0.0
0.0	1.0
-4.753255211653595e-08	1.0
-1.3864668961527382e-11	0.004
0.0	0.0
0.0	0.0
0.0	0.0
-3.725737542481511e-06	0.004
0.0	0.004
-9.212726013174688e-07	0.0
-5.496244348535129e-09	0.0
0.0	1.0
0.0	1.0
-2.1251732960081426e-06	0.004
-7.888108484621625e-06	0.004
0.0	0.0
-2.6671847081161104e-05	0.0
0.0	0.0
0.0	0.0
-0.0009666343685239553	0.004
0.0	0.0
0.0	0.0
0.0	0.0
0.0	0.0
0.0	0.0
0.0	0.0
0.0	0.0
-0.0015630365815013647	0.0
-0.00034706154838204384	0.0
0.0	1.0
0.0	0.0
0.0	0.0
-0.00691080279648304	0.0
-2.2495953089674003e-05	0.0
0.0	0.0
0.0	0.0
-2.6677471396396868e-05	0.0
-0.0018812409834936261	0.0
-0.0021632888820022345	0.0
0.0	0.0
0.0	0.0
0.0	0.0
-2.563664622812212e-07	0.0
-0.005557392258197069	0.0
0.0	0.0
0.0	0.003
-2.071253391022765e-09	0.003
0.0	0.003
-0.00020843993115704507	0.003
-4.26547703682445e-05	0.0
0.0	0.003
0.0	1.0
-7.427224772982299e-07	0.0
-0.0006529211532324553	0.0
-0.0008389207068830729	0.0
0.0	0.0
-0.010356181301176548	0.0
-0.012110425159335136	0.0
-4.713153884949861e-06	0.0
0.0	0.0
-2.459560528222937e-05	0.0
-6.808857142459601e-05	1.0
-0.0006093070260249078	0.0
-0.0011658346047624946	0.0
0.0	0.0
-5.56926393890933e-10	0.0
-1.2432131768491672e-07	0.0
0.0	0.0
-0.003253300441429019	0.0
-3.66101558029186e-05	0.0
0.0	0.0
-0.009014805778861046	0.0
0.0	0.0
0.0	0.0
0.0	0.0
0.0	0.0
-0.0011087675811722875	0.0
0.0	0.0
0.0	0.0
0.0	1.0
-0.0007887780666351318	1.0
-0.0006660947692580521	1.0
-6.709113904435071e-07	0.0
0.0	1.0
-0.0035694497637450695	0.0
-2.396390641479229e-07	1.0
-3.0092384747243406e-12	0.0
0.0	0.0
0.0	0.0
0.0	0.0
0.0	0.0
0.0	0.0
-9.003278537197262e-14	0.0
0.0	0.0
-0.0048933788202703	0.0
0.0	0.0
0.0	0.0
-0.005649526137858629	0.0
0.0	0.0
-0.00016703392611816525	0.0
-1.3594308256870136e-05	0.0
0.0	0.0
0.0	0.0
0.0	0.0
-1.3411158761300612e-05	0.0
-0.002672814764082432	0.0
0.0	0.0
-1.4777177966607269e-05	0.0
-1.6838635929161683e-05	0.0
-0.00047806790098547935	0.0
-0.00018003412696998566	0.0
0.0	0.0
-0.0019738569390028715	0.0
0.0	0.0
0.0	0.0
0.0	0.0
0.0	0.0
-0.02286171168088913	0.0
0.0	0.0
-1.0492763067304622e-06	0.0
-2.7191404683435394e-07	0.0
-1.3119397235250574e-10	0.0
-0.007428757846355438	0.0
-0.001191675546579063	0.0
0.0	0.0
-0.0005487012094818056	0.0
-0.0005591480294242501	0.0
0.0	0.0
0.0	0.0
0.0	1.0
0.0	0.0
0.0	1.0
0.0	0.0
-4.207140227663331e-05	1.0
-3.5809072869597e-05	0.0
0.0	0.0
-2.567967612776556e-06	1.0
0.0	0.0
-0.00011028646258637309	0.0
-9.06574904036006e-09	0.0
0.0	0.0
0.0	0.0
0.0	0.0
0.0	0.0
0.0	0.0
-1.961211091838777e-05	0.0
0.0	0.0
0.0	0.0
-0.002600729698315263	0.0
-0.00012642126239370555	0.0
0.0	0.0
-2.2846382771724016e-11	0.0
0.0	0.0
-0.0001943770912475884	0.0
-0.0005404179682955146	0.0
0.0	0.0
0.0	0.0
-8.292532243103778e-07	0.0
-0.0005692301201634109	0.0
0.0	0.0
-0.00012476816482376307	0.0
0.0	0.0
0.0	1.0
0.0	1.0
0.0	0.0
0.0	0.0
0.0	0.0
0.0	0.0
-1.148566184383526e-06	0.0
0.0	0.0
-0.0026480986271053553	0.0
0.0	0.034
0.0	0.034
0.0	0.0
-1.6783336832304485e-05	0.034
0.0	0.0
-0.0019137716153636575	0.0
0.0	0.0
-0.012507340870797634	0.0
0.0	0.0
0.0	0.005
0.0	0.005
0.0	0.005
-2.353943500565947e-06	0.005
0.0	0.0
0.0	0.005
0.0	0.005
-8.637555737323055e-08	0.0
-0.0013401544420048594	0.0
-0.005192636512219906	0.0
-0.0008965157903730869	0.0
0.0	0.0
-0.001143697532825172	0.0
0.0	0.0
-0.008622589521110058	0.0
0.0	0.0
0.0	1.0
0.0	1.0
0.0	1.0
-1.4573806765838526e-05	0.0
0.0	0.0
0.0	1.0
0.0	1.0
0.0	0.0
-0.0003973802668042481	0.0
-1.4253118933993392e-05	0.0
0.0	0.0
0.0	0.0
0.0	0.0
