0.0	0.0
0.0	0.0
0.0	0.0
-3.5634919186122715e-05	0.0
0.0	0.0
0.0	0.0
0.0	0.0
0.0	0.0
-0.0014720384497195482	0.0
-6.524792752315989e-06	0.0
-5.246232603894896e-07	0.0
-0.0001228370238095522	0.0
0.0	0.0
-0.017677830532193184	0.0
0.0	0.0
0.0	0.0
-1.827714299906802e-06	0.0
0.0	1.0
0.0	0.0
0.0	0.0
-0.0006859264685772359	0.0
-0.00018030514183919877	1.0
-2.45575824919797e-06	1.0
0.0	0.10569105691056911
0.0	0.0
0.0	0.0
-0.00032320254831574857	0.0
0.0	0.0
-0.0019551338627934456	0.0
-2.7410767415858572e-06	1.0
-0.0007503431406803429	0.0
0.0	0.0
-0.00012378199608065188	0.0
0.0	0.0
-3.308809027657844e-05	0.0
-2.1255589217616944e-06	1.0
0.0	0.0
0.0	0.0
-8.299800356326159e-06	0.0
0.0	0.0
-8.509811596013606e-05	0.0
0.0	0.0
0.0	0.0
-0.0017415689071640372	0.0
-4.670558155339677e-06	0.0
-1.1906286800922317e-07	0.0
0.0	0.0
-1.3412321095529478e-05	1.0
0.0	0.0
0.0	0.0
-3.244719493089576e-10	1.0
0.0	1.0
0.0	1.0
-1.6327185221598484e-05	0.0
-0.000665084517095238	0.0
-8.396764883400465e-08	1.0
-0.0005319290794432163	0.0
-2.383543005635147e-06	1.0
-0.00029699839069508016	0.0
0.0	0.0
0.0	0.0
0.0	0.0
0.0	0.0
0.0	0.0
-0.0019454295979812741	0.0
-0.0003858251147903502	0.0
0.0	1.0
0.0	0.0
0.0	0.0
-5.486237114382675e-06	0.0
-0.0031583476811647415	0.0
0.0	0.0
-6.73987731944492e-12	1.0
0.0	1.0
-5.643891132223189e-09	0.0
0.0	1.0
-0.0034437417052686214	0.0
-1.588428517607099e-07	1.0
0.0	0.0
0.0	0.0
0.0	0.0
-0.01581690087914467	0.0
0.0	0.0
-0.0009599184850230813	0.06
0.0	0.0
-1.0975359145959374e-06	0.0
-1.8619412003317848e-05	0.0
0.0	0.0
0.0	0.0
0.0	0.0
0.0	0.0
0.0	0.0
0.0	0.0
0.0	0.0
-0.004544814582914114	0.0
-0.0014410167932510376	0.0
0.0	0.0
-0.0031138837803155184	0.0
0.0	0.0
-0.004591184202581644	0.0
-5.48757611795736e-07	0.0
-0.004631381947547197	0.0
0.0	0.0
0.0	0.0
0.0	0.0
-8.116328535834327e-05	0.0
-6.11558643868193e-05	0.0
0.0	0.0
-2.9746437576250173e-05	0.0
0.0	0.0
0.0	0.0
-0.00012355500075500458	0.0
0.0	1.0
0.0	1.0
-5.458663872559555e-05	1.0
-0.00040040293242782354	0.0
0.0	1.0
-2.6469867862033425e-06	1.0
-3.32200106640812e-05	0.0
0.0	0.0
0.0	0.0
-4.672297109209467e-06	1.0
-1.3121635674906429e-05	1.0
0.0	1.0
-0.0048858788795769215	0.0
0.0	0.0
0.0	1.0
-0.0010808801744133234	0.0
0.0	0.0
0.0	0.0
0.0	0.0
0.0	0.0
0.0	1.0
0.0	1.0
0.0	1.0
-1.708949980638863e-06	1.0
0.0	1.0
0.0	0.0
-2.7756093913922086e-05	0.0
-0.00037066551158204675	0.0
0.0	0.0
0.0	0.0
-0.0002614008844830096	0.0
0.0	0.0
-3.294654149499365e-08	0.0
0.0	0.0
-0.0001744597830111161	0.0
-1.008739673125092e-06	0.0
-0.006681420374661684	0.0
0.0	0.0
-1.6122336319313035e-06	0.0
0.0	0.0
0.0	0.0
0.0	0.0
0.0	0.0
-0.0007195710204541683	0.0
0.0	0.0
-1.2606261634573457e-06	0.0
0.0	0.0
0.0	0.0
-0.011057219468057156	0.0
0.0	0.0
0.0	0.0
0.0	0.0
-0.0029330456163734198	0.0
-1.343074806925415e-08	0.0
-8.61795197124593e-05	0.0
0.0	0.0
0.0	0.0
0.0	0.0
0.0	1.0
0.0	0.0
0.0	0.0
0.0	1.0
0.0	0.0
0.0	0.0
-0.00027387833688408136	0.0
0.0	1.0
0.0	0.0
-6.311056495178491e-05	0.01
0.0	1.0
0.0	0.0
-0.0006160545744933188	0.0
-0.00019474273722153157	0.01
0.0	0.01
0.0	0.0
0.0	1.0
-1.735456778284572e-10	0.0
0.0	0.0
0.0	0.0
-0.004212615080177784	0.0
0.0	0.0
0.0	0.0
0.0	0.0
-0.00020772719290107489	0.0
0.0	0.0
0.0	0.0
0.0	0.0
0.0	1.0
-2.738104967647814e-06	0.0
0.0	1.0
0.0	1.0
-3.2006068067857996e-05	0.0
0.0	0.0
0.0	0.004
0.0	0.004
-7.847071969990793e-07	0.0
-1.7667434804025106e-06	0.0
-0.0012558922171592712	0.0
0.0	0.0
-0.00026254134718328714	0.0
-0.0001390262332279235	0.0
0.0	0.0
-0.0054629528895020485	0.0
-4.99475788728887e-07	0.0
0.0	0.0
0.0	0.0
0.0	1.0
-4.012683348264545e-06	0.0
0.0	0.0
-1.0603515875118319e-05	0.0
0.0	0.0
0.0	0.0
0.0	0.0
0.0	1.0
0.0	0.0
0.0	0.0
0.0	0.0
-0.0005577924312092364	0.0
-0.009689164347946644	0.0
-0.001495372736826539	0.0
-0.0004795657587237656	0.0
-4.985684753933128e-09	0.0
-5.5736498325131834e-05	0.0
-0.00024529590154998004	0.0
-0.0038954229094088078	0.0
-2.4686874894541688e-05	0.0
-0.003892241045832634	0.0
0.0	0.0
0.0	0.0
0.0	0.0
-0.000973535468801856	0.0
0.0	0.0
0.0	0.0
-0.0018418837571516633	0.0
-0.00031399892759509385	0.0
0.0	0.0
0.0	0.0
-5.666003488613569e-08	0.0
0.0	0.0
-3.2358417456634925e-07	0.0
-5.5919006314297803e-08	0.0
0.0	0.0
0.0	0.0
0.0	0.0
0.0	0.0
0.0	0.0
0.0	0.0
-0.002099151024594903	0.0
-3.616490357671864e-05	0.0
0.0	0.0
0.0	0.0
0.0	0.0
0.0	0.0
-3.209801434422843e-06	0.0
0.0	0.0
-0.0027530118823051453	0.0
0.0	0.0
0.0	0.0
0.0	1.0
-4.695427924161777e-05	0.0
0.0	0.0
0.0	1.0
-7.84430631028954e-06	1.0
0.0	0.0
0.0	0.0
0.0	1.0
-0.0001092952661565505	0.0
-6.0263606428634375e-05	1.0
0.0	0.059
0.0	1.0
0.0	1.0
-2.995753201062712e-09	0.059
-0.006729820743203163	0.0
0.0	0.0
0.0	1.0
-0.03416846692562103	0.0
0.0	0.0
-0.0001263207959709689	0.0
0.0	1.0
0.0	0.0
0.0	1.0
0.0	1.0
0.0	0.0
-4.060416358697694e-08	1.0
0.0	1.0
-0.000223443319555372	0.0
-6.047359835115174e-11	1.0
-6.061964813852683e-05	1.0
0.0	1.0
0.0	1.0
0.0	0.0
0.0	0.0
-4.873371835856233e-06	0.0
-6.924876652192324e-05	0.0
0.0	0.0
0.0	0.0
0.0	0.0
0.0	0.0
-0.0007180051761679351	0.002
-7.043160439934582e-05	0.0
0.0	0.002
0.0	0.002
-0.0005010039312765002	0.0
-5.133937065693317e-06	0.0
-2.570953256508801e-05	0.0
0.0	0.0
0.0	0.0
0.0	0.0
0.0	0.0
-3.1275142475806206e-08	0.0
-2.073049108730629e-05	1.0
0.0	0.0
0.0	0.0
-8.928701618060586e-07	0.0
0.0	0.0
-0.0005191828240640461	0.0
-4.183776436406106e-09	0.0
0.0	0.036
-0.006522603798657656	0.0
0.0	0.0
-1.0843728404097419e-07	0.0
0.0	0.0
0.0	0.036
-1.024958798390152e-10	0.036
0.0	0.0
-3.832360107480781e-06	0.0
0.0	0.0
0.0	0.0
0.0	0.0
0.0	0.0
0.0	0.0
0.0	0.0
-0.006199195981025696	0.0
0.0	0.036
0.0	1.0
-0.0013717166148126125	0.0
-0.00022429043019656092	0.036
0.0	0.0
0.0	0.036
0.0	0.036
-0.00039725302485749125	0.0
0.0	1.0
0.0	0.0
0.0	0.0
0.0	0.0
-3.051927421893197e-08	0.0
0.0	0.0
0.0	0.0
-1.1253711136305355e-06	0.0
-2.7249649065197445e-05	0.0
-0.0009933200199157	0.147
0.0	0.147
-0.0002726090024225414	0.0
0.0	0.0
-2.6274516784496882e-08	0.147
-0.0006476078415289521	0.0
0.0	0.0
0.0	0.0
-0.0036108552012592554	0.0
0.0	0.0
-0.00036570028169080615	0.0
-4.758979775942862e-05	0.0
-0.0033542425371706486	0.0
0.0	0.0
0.0	0.0
0.0	0.0
0.0	0.0
0.0	0.0
-6.434226088458672e-05	0.0
-3.451656812103465e-05	0.0
0.0	0.0
-3.859457137878053e-05	0.0
-8.980361599242315e-05	0.0
0.0	0.0
0.0	0.0
0.0	1.0
-4.198426140078482e-08	0.0
0.0	0.0
0.0	0.0
0.0	0.0
0.0	1.0
0.0	1.0
-0.0030801049433648586	0.0
0.0	0.0
0.0	1.0
0.0	0.0
-6.776236016747816e-09	1.0
-0.0005426234565675259	0.0
-6.73071781420731e-07	0.0
0.0	0.0
0.0	0.0
0.0	0.0
-7.948926213430241e-05	0.0
0.0	1.0
0.0	1.0
-3.2252235541818663e-05	0.0
0.0	0.0
-0.0008971942006610334	0.0
-1.4110544270806713e-06	1.0
0.0	1.0
-4.561169584388347e-12	1.0
0.0	1.0
0.0	1.0
0.0	0.0
-0.00019264276488684118	0.0
-0.001174317323602736	0.0
-1.6752746887505054e-06	0.0
0.0	0.0
0.0	0.0
-5.279470497043803e-05	0.0
0.0	0.0
0.0	0.0
0.0	0.0
0.0	0.0
0.0	0.0
-0.0002560326538514346	0.0
0.0	0.0
-0.004458609968423843	0.0
0.0	0.0
0.0	0.0
-1.2806240443086203e-11	0.0
-0.009090065956115723	0.0
0.0	0.0
-1.6270708738663764e-11	0.0
0.0	0.0
0.0	0.0
0.0	0.0
0.0	0.0
0.0	0.0
-3.322045643017191e-07	0.0
0.0	0.0
-2.2873464899930696e-08	0.0
0.0	0.0
-1.6853035049280152e-05	0.0
0.0	0.0
-0.00032118719536811113	0.0
-0.00022506726963911206	0.0
0.0	0.0
-1.8851482309401035e-05	0.0
0.0	0.0
-0.00015770518803037703	0.0
-2.7961465093540028e-05	0.0
-0.0018005899619311094	0.0
0.0	0.0
0.0	0.0
-5.000433702662122e-07	0.0
0.0	0.0
-0.005423075053840876	0.0
0.0	0.0
0.0	0.0
0.0	0.0
0.0	0.0
-0.015278884209692478	0.0
0.0	0.0
-2.415483777440386e-06	0.0
0.0	0.0
0.0	0.0
0.0	0.0
0.0	0.0
0.0	0.0
-1.150033085650648e-06	0.0
0.0	0.0
-1.4865856323709181e-09	0.0
-0.008227378129959106	0.0
0.0	0.0
0.0	0.0
-2.4201708345716888e-11	0.0
-0.0013826837530359626	0.0
0.0	0.0
0.0	0.0
0.0	0.0
-8.143865670717787e-08	0.0
0.0	0.011
0.0	0.0
0.0	1.0
0.0	0.011
0.0	1.0
0.0	0.0
0.0	0.0
0.0	0.0
0.0	0.011
0.0	0.011
0.0	0.011
0.0	0.0
-6.230542567209341e-06	0.0
0.0	0.0
0.0	0.0
0.0	0.0
0.0	0.0
0.0	0.0
0.0	0.0
0.0	0.0
0.0	0.0
-1.182691633516697e-07	0.0
-0.0009822853608056903	0.0
-5.926100499209497e-08	0.0
0.0	0.0
-0.0019768751226365566	0.0
-0.0018935094121843576	0.0
0.0	0.0
0.0	0.0
0.0	0.0
-0.0005620024167001247	0.0
-0.008982505649328232	0.0
-0.00027923696325160563	0.0
0.0	0.0
-0.0007770622032694519	0.0
0.0	0.0
-0.00013323601160664111	0.0
-0.005553928669542074	0.0
-0.0008454401395283639	0.0
0.0	0.0
0.0	0.0
-0.005227823741734028	0.0
-6.172575376695022e-05	1.0
0.0	1.0
-3.818853201664751e-06	0.0
0.0	1.0
0.0	0.0
0.0	0.0
0.0	0.0
0.0	1.0
-0.0029843279626220465	0.0
-0.0003103356866631657	0.0
0.0	0.0
-0.003032849170267582	0.0
0.0	0.0
0.0	0.0
-0.011094342917203903	0.0
0.0	0.0
0.0	0.0
-5.844075801064719e-08	0.0
0.0	0.0
0.0	0.0
-6.62658067085431e-07	0.0
-0.009480436332523823	0.0
0.0	0.0
0.0	0.0
-0.0013351400848478079	0.0
0.0	0.0
-0.0016929426928982139	0.0
0.0	0.0
0.0	0.0
0.0	0.0
-0.011972076259553432	0.0
-0.0005258216988295317	0.0
-2.411319061090822e-11	0.0
-0.0006180364289321005	0.0
-6.343889253912494e-07	0.0
-0.00039423126145265996	0.0
0.0	0.0
0.0	0.0
0.0	0.0
0.0	1.0
0.0	1.0
-0.00025713484501466155	1.0
0.0	1.0
0.0	1.0
-4.643224971179194e-10	1.0
0.0	0.0
-5.721016123061418e-07	0.0
0.0	0.0
0.0	0.0
0.0	0.0
0.0	0.0
-0.0016324588796123862	0.0
0.0	0.0
0.0	0.0
0.0	0.0
0.0	0.0
-0.0005980310961604118	0.0
-0.0004697001713793725	0.0
0.0	0.0
-0.047883231192827225	0.0
0.0	0.0
0.0	0.0
0.0	1.0
-0.0010871024569496512	0.0
-1.6067459000623785e-05	1.0
-0.00013415100693237036	0.0
0.0	0.0
0.0	0.0
-0.005056680645793676	0.0
0.0	1.0
0.0	0.0
0.0	0.0
0.0	0.0
0.0	0.0
0.0	1.0
0.0	0.0
0.0	1.0
0.0	0.0
0.0	0.0
0.0	0.0
-0.0008459283271804452	0.0
0.0	0.0
-0.00012074767437297851	0.0
0.0	0.0
-0.0007519816281273961	0.0
-0.0005484649445861578	0.0
-8.921980310105937e-08	0.0
0.0	0.0
-2.7151047561346786e-06	0.0
-0.001165346591733396	0.0
0.0	0.0
-5.365797733247746e-06	0.0
0.0	0.0
0.0	0.0
-0.00986821111291647	0.0
-0.0003047090722247958	0.0
-0.0007467212271876633	0.0
0.0	0.0
-7.654388234357157e-09	0.0
0.0	0.0
-0.0064204963855445385	0.0
0.0	0.0
0.0	0.0
-1.3349071181778527e-08	0.0
-3.444102549110539e-05	0.0
0.0	0.0
0.0	1.0
-7.457551691913977e-05	0.0
-0.0007310721557587385	0.0
-0.006261989939957857	0.0
-0.0016798687865957618	0.0
0.0	0.0
0.0	1.0
-2.660159736933565e-07	1.0
-1.8682123481994495e-05	1.0
0.0	0.0
-2.435507351350452e-11	1.0
-2.474606480973307e-05	1.0
0.0	0.0
-3.1989118021158447e-09	1.0
0.0	0.0
0.0	1.0
0.0	1.0
0.0	1.0
0.0	0.0
0.0	0.0
-3.48638380387456e-08	0.0
-0.008130772039294243	0.0
-0.005647111218422651	0.0
0.0	0.0
-1.0399910024716519e-05	0.0
-2.90425372639902e-09	0.0
0.0	1.0
0.0	0.0
0.0	0.0
-6.291771114774747e-06	0.0
0.0	0.0
0.0	0.0
0.0	1.0
-0.0009029945358633995	0.0
-0.0010405242210254073	0.0
-8.624407200841233e-05	0.0
0.0	0.0
-0.0019332864321768284	0.0
0.0	1.0
-0.0005790400318801403	0.0
-0.002325750421732664	1.0
-0.002707770327106118	0.0
0.0	0.0
0.0	1.0
0.0	0.0
0.0	1.0
0.0	0.0
0.0	0.0
-0.0006260451045818627	0.0
0.0	0.0
0.0	0.0
-0.005230833776295185	0.0
0.0	0.0
0.0	0.0
0.0	0.0
-0.0013830862008035183	0.0
0.0	0.0
0.0	0.0
-0.0023714182898402214	0.0
0.0	0.0
0.0	0.0
-0.01076268870383501	0.0
0.0	1.0
-1.0309724530088715e-05	0.0
0.0	1.0
-0.00029637853731401265	0.0
-3.128890702086551e-09	0.0
0.0	0.0
0.0	1.0
0.0	1.0
-0.00017703061166685075	0.0
-0.004033855628222227	0.0
0.0	0.0
0.0	1.0
0.0	1.0
0.0	1.0
0.0	1.0
-0.000781642331276089	0.0
0.0	1.0
-1.839940111381111e-08	0.0
-0.0002935715310741216	0.0
-1.717576196824666e-05	0.0
-0.0013369828229770064	0.0
-2.9699613151024096e-06	0.0
-0.0014657314168289304	0.0
-0.0075868843123316765	0.005
-3.2838660679601617e-09	0.005
-1.096753635465575e-06	0.0
-0.003320388961583376	0.0
0.0	0.0
0.0	0.0
0.0	0.0
-0.0001401411573169753	0.0
0.0	0.0
0.0	0.0
0.0	0.0
0.0	0.0
0.0	0.0
0.0	0.0
0.0	0.0
0.0	0.0
-0.0003104988136328757	0.01
-0.0007003165083006024	0.01
-0.0005077021196484566	1.0
0.0	0.0
-0.0005618309369310737	0.0
-1.0338230922377067e-12	0.0
-0.0007265079184435308	0.0
0.0	0.0
-2.1057333299268066e-07	0.0
-0.0022607676219195127	1.0
0.0	0.0
-0.0064233033917844296	0.0
-5.274765862850472e-05	0.0
0.0	0.0
-0.00315081886947155	0.0
0.0	0.0
0.0	0.0
-0.0006305075949057937	0.0
0.0	0.0
0.0	0.0
-9.32788971113041e-05	1.0
-1.8757617681330885e-06	0.0
0.0	0.0
-0.00020667185890488327	0.0
0.0	0.0
0.0	0.0
0.0	0.0
0.0	0.0
-0.00012331172183621675	0.0
-0.002709457417950034	1.0
-0.00027970518567599356	1.0
0.0	0.0
0.0	0.0
-0.002548735588788986	0.0
-0.003958810120820999	0.0
0.0	0.0
0.0	0.0
-0.0014057827647775412	0.0
-0.00011981596617260948	1.0
0.0	1.0
0.0	0.0
0.0	0.0
0.0	0.0
0.0	0.0
-0.00011190020450158045	0.0
0.0	0.0
-1.0918974925611113e-11	0.0
0.0	1.0
0.0	0.0
0.0	0.0
0.0	0.0
0.0	0.0
0.0	0.0
-0.006468378007411957	0.0
-1.9428007362876087e-05	0.0
-0.0011638798750936985	0.0
-2.6534740754868835e-05	0.0
-0.004238416440784931	0.0
0.0	0.0
0.0	0.0
0.0	1.0
0.0	0.0
-0.0009534245473332703	0.0
0.0	0.0
-0.0009853402152657509	0.0
0.0	0.0
-0.00016397512808907777	0.0
-0.00021414048387669027	0.0
-0.004004769492894411	0.0
-2.3450024144722192e-08	0.0
-0.0016704737208783627	0.0
0.0	0.0
-0.004423774778842926	0.0
0.0	0.0
-1.1874393749167211e-05	0.0
0.0	0.0
0.0	0.0
-0.0019474655855447054	0.0
-1.2148294104008528e-07	0.0
0.0	1.0
0.0	0.0
-1.857981624198146e-05	0.0
-5.169413270778023e-05	0.0
-0.0023252901155501604	0.0
-0.012297301553189754	0.0
0.0	1.0
0.0	0.0
0.0	0.0
-0.0011464724084362388	0.0
-0.0038411093410104513	0.0
-0.09861939400434494	0.0
0.0	1.0
0.0	0.0
0.0	1.0
-1.2193061138532357e-06	0.0
0.0	1.0
0.0	0.0
-0.00022907453239895403	1.0
0.0	0.0
0.0	0.0
0.0	1.0
-5.6424379835107175e-08	0.0
-5.209945811657235e-05	0.001
-5.1997354603372514e-05	1.0
0.0	1.0
-0.000585713074542582	0.001
-3.0925889404898044e-07	1.0
0.0	0.0
0.0	1.0
-5.958004476269707e-05	0.0
0.0	0.0
-0.0016809557564556599	1.0
0.0	1.0
0.0	1.0
-0.0002809484431054443	1.0
-0.0008097387617453933	1.0
0.0	0.0
-7.699206723554841e-12	1.0
-7.911584361863788e-06	1.0
0.0	0.0
-3.232933352137479e-07	0.002
-0.0022677211090922356	0.002
0.0	0.0
0.0	0.0
-3.033234741937202e-13	0.0
0.0	0.0
0.0	0.0
0.0	0.0
-5.090552424036332e-10	0.0
0.0	0.0
-0.003062371863052249	0.0
0.0	0.0
-6.262008582780254e-07	0.0
0.0	0.0
