-0.00010597295477055013	0.0
0.0	0.0
-0.003224255982786417	0.0
0.0	0.0
0.0	1.0
0.0	0.0
0.0	0.0
0.0	0.0
0.0	0.0
-4.265464667696506e-06	0.0
0.0	0.0
0.0	0.0
-0.005390624515712261	0.0
0.0	0.0
0.0	0.0
-0.005883947014808655	0.0
-0.00029179290868341923	0.0
0.0	0.0
0.0	0.0
-0.0030954114627093077	0.0
0.0	0.0
0.0	0.0
0.0	0.0
-0.0005624361801892519	0.0
0.0	0.0
-0.004114929120987654	0.0
0.0	0.0
0.0	0.0
0.0	0.0
-0.002515624975785613	0.0
-3.7230921634545666e-07	0.0
0.0	0.0
-0.014397929422557354	0.0
0.0	0.0
-3.850180405606807e-07	0.0
0.0	0.0
0.0	0.0
-1.661507849348709e-05	0.0
-0.0007043440127745271	0.0
-6.2553399402531795e-06	0.0
-0.0005129288765601814	0.0
-0.0013467756798490882	0.0
0.0	1.0
-0.0002501589769963175	1.0
0.0	0.0
-0.00010997342178598046	0.0
0.0	0.0
0.0	0.0
-0.0015092706307768822	0.0
-0.00024708916316740215	1.0
-0.000681248027831316	0.584
0.0	0.0
0.0	0.584
0.0	0.0
-1.0059147115271116e-07	0.0
0.0	1.0
0.0	1.0
0.0	0.0
0.0	0.0
-0.001160284853540361	0.0
0.0	0.0
0.0	0.0
0.0	0.0
-0.003636157140135765	0.0
0.0	0.0
0.0	0.0
0.0	0.0
-1.1539913025160331e-08	0.0
0.0	0.0
-0.00035563920391723514	0.0
-1.1631025920166849e-08	1.0
-0.005180693231523037	0.0
-6.33701347396709e-05	0.0
0.0	0.0
0.0	0.0
-0.00013735053653363138	0.0
-2.5455380026073726e-09	0.0
-1.7149217601541977e-09	0.0
0.0	0.0
-0.000995587557554245	0.0
-1.997578920054366e-06	0.0
0.0	0.0
0.0	1.0
-0.0002253310667583719	0.0
0.0	0.0
0.0	0.0
0.0	1.0
-1.9925535525544547e-05	0.0
-1.69924387591891e-05	1.0
-0.00040226010605692863	0.0
0.0	1.0
0.0	1.0
0.0	0.0
0.0	0.0
-0.014903723262250423	0.0
0.0	0.0
0.0	0.0
0.0	0.0
0.0	0.0
0.0	0.001
-0.0018908047350123525	0.0
-0.0024477439001202583	0.0
-0.0036140698939561844	0.0
0.0	0.001
-1.8066215190515322e-09	0.0
0.0	0.0
-7.997901775524952e-06	0.001
0.0	0.0
0.0	0.0
-2.0499400787965527e-13	0.0
0.0	0.0
-0.0005010046297684312	0.0
0.0	0.0
0.0	0.0
-9.40068275667727e-06	0.0
-0.00038847976247780025	0.0
-3.9557516373633916e-08	0.0
-1.2556250794659718e-07	0.0
-0.03899141401052475	0.0
0.0	0.022
0.0	0.0
0.0	0.0
0.0	0.022
-0.0012438161065801978	0.022
0.0	0.0
0.0	0.0
-1.2499957620093483e-06	0.0
-3.8453908501878686e-08	0.0
0.0	0.0
0.0	0.0
0.0	0.0
0.0	0.0
-0.0020519113168120384	0.0
-0.0007965895347297192	1.0
-0.0009585818042978644	0.0
0.0	0.0
-0.0003769480681512505	0.017
-2.7735458729694074e-07	0.0
-0.002289420925080776	0.0
-0.00018720253137871623	0.0
-0.012112181633710861	0.0
0.0	0.0
0.0	0.0
-0.00028192493482492864	0.0
0.0	0.0
0.0	0.0
0.0	0.0
0.0	0.0
0.0	0.0
-1.6701350302739115e-09	0.0
0.0	0.0
0.0	0.001
-6.864348688395694e-05	0.0
0.0	0.0
0.0	0.0
-0.011888262815773487	0.0
-0.003808485809713602	0.0
-0.005427628289908171	0.001
-0.00012736156350001693	1.0
0.0	0.001
-0.00011949722829740494	0.0
0.0	0.0
-1.6621409050892309e-15	0.0
-1.0305778630481655e-07	0.0
-0.00036826537689194083	0.0
-1.7313948774244636e-05	0.0
-0.0015412122011184692	0.0
-3.4201100788777694e-05	0.0
-0.000284126668702811	0.0
0.0	0.0
-0.0007131098536774516	0.0
0.0	0.0
-0.0010841720504686236	0.0
-0.002382617676630616	0.0
0.0	0.0
0.0	0.0
0.0	0.0
0.0	0.0
0.0	0.0
-2.910686635004822e-05	1.0
0.0	1.0
-0.01763788051903248	0.0
-3.206959445378743e-05	0.0
0.0	0.0
0.0	0.0
-1.3979249615658773e-06	0.0
-7.423055308208859e-07	0.0
0.0	1.0
-3.20171761813981e-06	0.0
0.0	1.0
0.0	0.0
0.0	1.0
0.0	1.0
0.0	0.0
0.0	0.0
0.0	0.0
0.0	1.0
0.0	0.001
0.0	0.0
0.0	0.0
-4.912733686524007e-08	0.0
-2.3267598692200409e-07	0.0
0.0	0.0
-0.00016151794989127666	0.002
0.0	0.0
0.0	0.0
-0.0010289147030562162	0.002
-2.255096553938074e-09	0.0
0.0	0.0
0.0	0.002002002002002002
0.0	0.0
-0.0012390899937599897	0.002
0.0	0.0
-7.920920808146548e-09	0.0
-2.4851618540822074e-09	0.0
-8.338317456946243e-06	0.0
0.0	0.0
0.0	0.0
-0.011337232775986195	0.016
0.0	0.0
0.0	0.0
-0.0008686748333275318	0.0
-4.482295025809435e-06	0.0010162601626016261
0.0	0.016016016016016016
-2.6476454877411015e-06	0.0010162601626016261
-0.0016594721237197518	0.002403846153846154
0.0	0.001
0.0	0.0
0.0	0.0
0.0	1.0
0.0	0.0
0.0	1.0
0.0	0.0
-0.02129633165895939	0.0
0.0	1.0
-0.0001849666441557929	1.0
0.0	0.0
0.0	0.0
0.0	0.0
-0.00046402515727095306	0.0
0.0	0.0
0.0	0.0
0.0	0.026
0.0	0.026
-0.0005238362937234342	0.0
-0.0002010935131693259	0.0
0.0	0.026
0.0	0.026
-0.00030494105885736644	0.026
-1.5898671335889958e-05	0.0
0.0	0.0
0.0	0.0
-0.0011189316865056753	0.076
-0.00015755706408526748	0.076
0.0	0.0
-3.437746636336669e-05	0.0
0.0	1.0
-0.0007088407292030752	0.30278884462151395
0.0	0.0
-5.273655915516429e-06	0.0
0.0	0.0
0.0	0.0
0.0	0.0
-0.004026607144623995	0.0
-0.00023490499006584287	0.076
0.0	0.076
-3.101647234871052e-05	0.076
0.0	0.0
-1.5040263861010317e-05	0.0
-7.946023288241122e-07	0.0
0.0	0.0
0.0	0.0
-0.001093015307560563	0.0
0.0	0.0
-0.00011575549433473498	0.0
0.0	0.0
0.0	0.0
0.0	0.0
-0.000244710041442886	0.0
0.0	0.0
0.0	0.0
0.0	1.0
0.0	0.0
0.0	0.0
-0.006649150513112545	0.0
0.0	0.0
-0.0010740268044173717	0.0
-0.002416438888758421	0.0
-0.0006536648725159466	0.0
0.0	0.0
-0.0002096991811413318	0.0
0.0	1.0
-0.08254840970039368	0.0
-2.4508856313332217e-06	0.0
0.0	1.0
0.0	1.0
-0.0013741450384259224	0.0
0.0	1.0
0.0	0.0
0.0	0.0
-0.0012572485720738769	0.0
0.0	0.0
-1.943019378813915e-05	1.0
-5.169006180949509e-05	0.0
0.0	0.0
0.0	0.0
-0.00304403412155807	0.0
0.0	0.0
-0.00014868950529489666	0.0
0.0	0.0
0.0	0.0
0.0	0.0
0.0	0.0
0.0	0.006
-0.0024929612409323454	0.0
0.0	0.0
0.0	1.0
0.0	0.0
0.0	0.0
-0.00017932085029315203	0.0
-0.001070357975549996	0.0
0.0	0.0
-8.971905481303111e-05	0.0
-0.003126399824395776	0.0
-2.171871074096998e-06	0.0
-0.0007892176508903503	0.0
-0.031019432470202446	0.0
0.0	0.0
0.0	0.0
-3.015157221120113e-11	1.0
0.0	0.0
-0.006546704564243555	0.0
-1.52938514474954e-06	1.0
0.0	0.0
0.0	0.0
0.0	0.0
-1.563577853858078e-07	0.0
0.0	0.0
0.0	0.0
0.0	0.0
-0.0007282699807547033	0.0
0.0	0.0
0.0	0.0
-0.00015524619084317237	0.0
-0.0019111912697553635	0.0
0.0	0.0
0.0	0.0
-0.00015035542310215533	0.0
-0.00010133811883861199	1.0
0.0	0.0
-0.010297481901943684	0.0
0.0	0.0
-0.001110452925786376	0.0
0.0	0.0
0.0	0.0
-6.697349896889193e-10	0.0
-0.002127105835825205	0.0
-3.8968323679000605e-06	0.0
-1.1336760508129373e-05	0.0
-0.0001969175791600719	0.0
0.0	0.0
0.0	0.0
0.0	0.0
0.0	0.0
0.0	0.0
0.0	0.0
0.0	0.0
0.0	0.0
0.0	0.0
-0.0004692796792369336	0.0
0.0	0.0
0.0	0.0
-0.0025333596859127283	0.0
-0.008847343735396862	0.0
-0.008760284632444382	0.0
-5.914082521485398e-07	0.0
-2.981758173703497e-09	0.0
0.0	1.0
-0.0013803532347083092	0.0
0.0	0.0
-1.1146073575218907e-07	0.0
0.0	0.0
-3.0696014619024936e-06	0.0
0.0	0.0
0.0	0.0
-2.188651342294179e-05	0.0
0.0	1.0
-7.688681944273412e-05	0.0
0.0	0.0
0.0	0.0
0.0	0.0
-0.0011698673479259014	0.0
-2.1277674022712745e-06	1.0
-0.00041459326166659594	0.0
0.0	0.0
0.0	0.0
-0.0007083385135047138	0.0
0.0	0.0
-9.70584463494406e-12	0.0
0.0	0.0
0.0	0.0
-0.000114179085358046	0.0
0.0	0.0
-3.5447610571281984e-05	0.0
0.0	0.0
0.0	0.0
0.0	0.0
0.0	0.0
0.0	0.0
0.0	0.0
-6.41019141767174e-07	0.0
0.0	0.0
0.0	0.0
-0.0009673022432252765	0.0
-0.0012873138766735792	1.0
-0.007216637954115868	0.0
-1.0576873599177361e-08	0.0
0.0	0.0
0.0	0.0
-7.268945773830637e-05	0.0
0.0	0.0
0.0	0.0
-0.0028290129266679287	0.0
0.0	0.0
0.0	1.0
0.0	1.0
-4.531240392680047e-06	0.0
0.0	0.0
-1.467968468205072e-05	0.0
-6.064674744266085e-05	1.0
0.0	1.0
0.0	1.0
-0.00037926112418062985	0.0
0.0	0.0
-9.166591189568862e-05	0.0
0.0	0.0
-0.002057633362710476	0.0
-0.003141766879707575	0.0
-0.00180586869828403	0.006
0.0	0.0
0.0	0.0
0.0	0.006
0.0	0.0
-0.00010584507981548086	0.006
0.0	0.006
-1.7343481886200607e-06	0.0
-6.865097930131014e-07	0.0
-1.2154715602064048e-11	0.0
0.0	0.006
0.0	0.006
0.0	1.0
-5.131933721713722e-05	0.0
0.0	0.0
-0.009239955805242062	0.0
0.0	1.0
-0.00014271953841671348	0.0
0.0	1.0
-0.007754335645586252	0.0
0.0	0.0
0.0	0.0
-9.532282274449244e-05	0.0
0.0	0.0
-0.00034184721880592406	0.0
0.0	0.0
0.0	0.0
-0.0003529634268488735	0.0
0.0	0.0
-0.000408050836995244	0.0
-5.916641021030955e-05	1.0
0.0	1.0
-7.835510587028693e-06	0.0
-0.0009263879619538784	1.0
-1.152999473674754e-09	1.0
-3.805737591733305e-08	0.0
-8.230062121583614e-06	0.3151515151515151
0.0	0.0
0.0	0.0
-4.6152631938412014e-08	0.0
0.0	0.052
0.0	0.052
-3.9540846046293154e-06	0.0
0.0	0.0
0.0	0.0
-0.011781251057982445	0.0
0.0	0.0
0.0	0.0
0.0	0.0
-1.517881098589413e-10	1.0
-1.054826770996442e-05	1.0
0.0	0.0
0.0	1.0
-0.00041081817471422255	1.0
0.0	1.0
0.0	0.584
0.0	0.584
-0.0005775595200248063	0.584
0.0	0.0
0.0	0.0
-0.0010215541115030646	0.0
-0.0015133111737668514	0.0
0.0	0.0
-0.08702429383993149	0.0
0.0	0.0
-9.60143395900559e-08	0.0
0.0	0.0
-0.00024906202452257276	0.0
0.0	0.0
0.0	0.0
-3.8938447687542066e-05	0.0
-0.0010743141174316406	0.0
0.0	0.0
0.0	0.0
-0.00024528728681616485	0.0
0.0	0.0
0.0	0.0
-0.00018728087889030576	1.0
0.0	0.0
0.0	1.0
-0.0012920510489493608	1.0
0.0	0.0
0.0	0.0
0.0	0.0
0.0	0.0
0.0	0.0
0.0	0.0
0.0	0.0
-9.888730346574448e-06	0.0
-1.0789879070216557e-06	0.0
-0.034208547323942184	0.0
0.0	0.0
0.0	0.0
-1.595417779753916e-05	0.0
-0.00013627453881781548	0.0
0.0	0.0
-0.004368595778942108	0.0
-0.001064226613380015	0.0
-0.00012018836423521861	1.0
-1.5180376400358853e-10	1.0
-2.68793172608639e-07	0.749
-2.494298030342179e-07	1.0
0.0	0.0
-4.442175622898503e-07	0.584
0.0	0.0
-0.0007275498355738819	0.0
-0.001580695854499936	0.0
0.0	1.0
0.0	0.0
-1.7578493043401977e-06	0.0
0.0	1.0
-0.0012973756529390812	0.0
-0.00024454237427562475	0.0
0.0	0.165
0.0	0.0
0.0	0.165
-7.513850869145244e-05	0.165
-2.187166865041945e-05	0.165
-0.000533715938217938	0.165
0.0	0.0
0.0	0.165
-0.0005223405314609408	0.0
-0.007460257038474083	0.165
0.0	0.0
0.0	0.0
0.0	0.0
-0.0002636377466842532	0.0
0.0	0.0
-4.385128249850823e-06	0.0
0.0	0.0
-0.0006156894960440695	1.0
0.0	1.0
-0.005341728683561087	0.0
0.0	0.0
-2.8132440377248713e-08	0.0
0.0	0.0
0.0	0.0
-0.00038301467429846525	0.0
-7.930818355816882e-06	1.0
-0.0008967853500507772	0.0
0.0	0.0
0.0	0.0
0.0	0.0
0.0	0.0
0.0	0.0
0.0	0.0
-2.5687773089200228e-11	1.0
0.0	0.0
0.0	0.0
-0.009044335223734379	0.0
0.0	0.0
0.0	1.0
0.0	1.0
0.0	0.0
0.0	1.0
-0.00030114251421764493	1.0
-1.170949448514591e-09	1.0
-0.08762820065021515	0.0
-3.4094168768206146e-06	0.0
0.0	1.0
0.0	0.0
0.0	1.0
0.0	0.0
-2.8309454137342982e-05	1.0
0.0	0.0
-0.000696275383234024	1.0
-6.902501354488777e-06	1.0
0.0	1.0
-0.001842709258198738	0.0
0.0	1.0
-1.2817955620254406e-14	0.0
-0.00015339101082645357	0.0
0.0	0.0
-1.3058615877525881e-05	0.0
-0.00219324161298573	0.0
-3.501880428302684e-06	0.0
-0.005720135290175676	0.0
-4.680640874887843e-10	0.0
0.0	0.0
0.0	1.0
-9.88313422567444e-06	0.0
-1.4374475540535059e-05	0.0
0.0	0.0
0.0	0.0
-1.5693063687649556e-05	0.0
0.0	0.0
-0.00014763124636374414	0.0
0.0	0.0
0.0	0.0
0.0	0.0
0.0	0.0
-3.5025976785618695e-08	0.0
0.0	0.0
0.0	0.0
-0.0038510398007929325	0.0
-4.1075841181736905e-06	0.0
0.0	0.0
-0.0015437223482877016	0.0
-0.0008530420600436628	0.0
0.0	0.0
-0.0008623173926025629	0.0
0.0	0.0
-5.265961135592079e-06	0.0
0.0	0.0
-8.221808093367144e-05	0.0
0.0	0.0
0.0	0.0
-2.498733430114793e-16	0.0
0.0	0.0
0.0	0.0
-6.759131920830441e-09	0.0
0.0	0.0
-2.0005710865689252e-08	0.0
0.0	0.0
0.0	0.0
0.0	0.0
0.0	0.0
-0.0002030175382969901	0.0
0.0	0.0
0.0	0.0
-6.151981324364897e-06	0.0
-0.0030321239028126	0.0
-0.002189395483583212	0.0
0.0	0.0
0.0	0.0
0.0	0.0
0.0	0.0
0.0	0.0
0.0	0.0
0.0	1.0
-0.0002986906620208174	1.0
-6.941498577361926e-05	0.0
0.0	1.0
-7.022243516985327e-05	0.0
-2.3502625481341965e-06	1.0
-2.4108149432322534e-07	0.0
-9.473834506934509e-05	0.0
-0.00019419992167968303	0.0
0.0	0.0
0.0	0.0
-0.006105724256485701	0.0
-4.3219888539169915e-06	0.0
-0.00012280682858545333	0.0
-0.0002135340473614633	0.0
0.0	0.0
0.0	0.0
0.0	0.0
0.0	1.0
0.0	0.0
-5.485430665430613e-05	1.0
-0.0020076746586710215	0.0
0.0	0.0
-0.0032561139669269323	1.0
-2.047698671958642e-06	1.0
0.0	1.0
-5.0530772568890825e-05	1.0
-0.0010936049511656165	1.0
0.0	0.0
-0.00017068281886167824	0.0
0.0	0.0
0.0	1.0
0.0	1.0
0.0	0.0
-1.072251407663316e-07	0.0
0.0	0.043
-0.0011180841829627752	0.0
-0.00031359560671262443	0.043
0.0	0.043
0.0	0.0
0.0	1.0
0.0	1.0
0.0	0.0
-7.50451217754744e-05	0.0
0.0	0.0
-1.228357149329895e-07	0.0
-0.0007785364869050682	0.0
-3.2261687010759488e-06	0.0
0.0	1.0
-1.2937694293668756e-07	0.0
-0.0001048602134687826	1.0
0.0	0.0
0.0	0.0
0.0	0.0
0.0	0.0
0.0	0.0
-0.04195501282811165	0.0
0.0	0.0
-0.0006381501443684101	0.0
0.0	0.0
0.0	0.0
0.0	0.0
0.0	0.0
0.0	1.0
0.0	1.0
0.0	0.0
0.0	0.0
0.0	0.0
0.0	0.0
0.0	0.0
-0.00038566472358070314	0.0
0.0	0.0
0.0	0.0
0.0	0.0
-0.0035336818546056747	0.0
0.0	0.0
-0.002236755331978202	0.0
0.0	0.0
0.0	0.0
0.0	0.0
-0.0027341507375240326	0.0
0.0	0.0
0.0	0.0
-0.015578758902847767	0.0
-4.311379725452369e-11	0.0
0.0	0.0
-0.004192065913230181	0.0
0.0	0.0
0.0	0.0
-9.47736480156891e-05	0.0
-6.209958769431978e-07	0.0
-1.7363945516990498e-05	0.0
0.0	0.0
-0.0014184721512719989	0.0
0.0	0.0
0.0	0.0
0.0	0.0
0.0	0.0
-0.011506062000989914	0.0
-0.005890066735446453	0.0
-0.003371923929080367	1.0
0.0	0.0
-7.332278619287536e-05	0.0
0.0	0.0
-0.0010130375158041716	0.0
0.0	0.0
-0.00010766119521576911	0.0
0.0	0.0
-0.00039913953514769673	0.0
-0.0002613455581013113	0.0
0.0	0.0
-7.671575986023527e-06	0.0
0.0	0.056
0.0	0.056
0.0	0.0
0.0	0.0
0.0	0.0
0.0	0.0
0.0	0.0
-0.00018514051043894142	0.0
0.0	0.0
-0.00206679105758667	0.0
-2.203359272812122e-08	0.0
-0.0033981953747570515	0.0
0.0	0.0
-1.7117537254307535e-07	0.0
0.0	0.0
0.0	0.0
-0.0010732864029705524	0.0
-0.003819029778242111	0.0
-0.0008599779685027897	0.0
0.0	0.0
-6.722209633380771e-08	0.0
0.0	1.0
-1.2854252418037504e-06	1.0
0.0	1.0
-0.00019077162141911685	1.0
-0.002032911404967308	1.0
0.0	0.001
-1.1018400073226076e-05	0.001
0.0	0.0
0.0	0.0
0.0	0.0
0.0	1.0
-3.641596803187945e-17	0.165
-8.139847341226414e-05	0.0
-0.0014553249347954988	1.0
0.0	0.0
-0.00032071818714030087	1.0
-1.9200518952544599e-10	0.0
0.0	1.0
0.0	0.0
0.0	0.0
-0.00022845604689791799	0.0
0.0	0.0
0.0	0.0
-0.0002093752264045179	0.0
-2.793071689666249e-05	0.0
-0.0009101424366235733	0.0
0.0	0.0
-0.0022251144982874393	0.0
-9.294760872080587e-08	0.0
0.0	0.0
-2.9025529784121318e-06	0.0
0.0	0.0
0.0	0.0
0.0	0.0
-3.802603168878704e-05	0.0
0.0	0.0
0.0	0.0
0.0	0.0
-0.0008550510974600911	0.0
-0.001842330559156835	0.0
-5.319822662386287e-07	0.0
0.0	0.0
0.0	0.0
0.0	0.0
0.0	0.0
0.0	0.0
0.0	0.0
0.0	0.0
0.0	0.0
-1.0874612854649968e-07	0.0
0.0	0.0
0.0	0.0
-5.11978505528532e-05	0.0
-4.429586142329356e-10	0.0
-2.692327689146623e-05	0.0
0.0	0.0
0.0	0.0
0.0	0.0
0.0	1.0
0.0	0.0
0.0	0.0
0.0	0.0
0.0	0.0
