0.0	1.0
0.0	1.0
0.0	0.2668463611859838
0.0	1.0
-0.03568330034613609	0.0
0.0	1.0
0.0	1.0
0.0	1.0
-0.01627560891211033	0.0
-3.973999264417216e-05	1.0
0.0	1.0
0.0	1.0
0.0	0.03333333333333333
0.0	0.031746031746031744
-6.528539375771913e-10	1.0
-8.034977197479698e-12	0.0
0.0	1.0
0.0	0.0
-4.337275072430202e-08	1.0
0.0	1.0
0.0	1.0
0.0	1.0
-3.2110507163451985e-05	1.0
0.0	1.0
-9.593893628334627e-05	1.0
0.0	0.0
0.0	1.0
0.0	1.0
0.0	1.0
0.0	1.0
0.0	1.0
0.0	1.0
0.0	1.0
-5.536838943953626e-05	1.0
-0.00884573720395565	0.008403361344537815
0.0	1.0
0.0	1.0
0.0	1.0
0.0	1.0
0.0	1.0
0.0	0.7445520581113801
0.0	1.0
0.0	1.0
0.0	1.0
-2.0981119064344966e-07	1.0
0.0	1.0
0.0	1.0
0.0	1.0
-2.133672751369886e-06	1.0
0.0	1.0
0.0	1.0
0.0	1.0
-0.0006418124539777637	1.0
0.0	1.0
-1.5668423714032542e-07	1.0
0.0	1.0
0.0	1.0
0.0	0.125
-0.0009640628122724593	1.0
-0.0013101899530738592	1.0
0.0	0.03333333333333333
-0.0110013447701931	0.0
-0.03500473499298096	0.0
0.0	1.0
0.0	1.0
0.0	1.0
0.0	1.0
-5.636984042212134e-06	1.0
-2.494111322448589e-05	1.0
-0.000279511499684304	1.0
0.0	0.0
0.0	1.0
0.0	1.0
0.0	1.0
-1.3292313383317378e-07	1.0
0.0	1.0
-0.001667025382630527	0.0
-2.188927282986697e-06	1.0
0.0	1.0
0.0	0.0
0.0	0.0
0.0	1.0
0.0	1.0
0.0	1.0
-7.711193757131696e-05	1.0
-1.9124900063616224e-06	1.0
-9.370756015414372e-05	1.0
0.0	1.0
-0.00017772313731256872	1.0
-3.297768853371963e-05	1.0
-0.0007474119774997234	1.0
-0.0001312484237132594	1.0
0.0	1.0
-7.3809346758935135e-06	1.0
0.0	1.0
0.0	1.0
0.0	1.0
0.0	0.18085106382978725
-1.7044698097379296e-06	1.0
0.0	1.0
-0.00016699028492439538	1.0
0.0	1.0
-4.148667812842177e-06	1.0
0.0	1.0
-0.0024000161793082952	0.0
0.0	1.0
0.0	1.0
-9.34744207370386e-07	1.0
0.0	1.0
0.0	1.0
0.0	1.0
0.0	1.0
-0.003377236658707261	0.0
-0.013350354507565498	0.0
0.0	1.0
-6.640814564917719e-09	1.0
-0.04104136675596237	0.0
0.0	1.0
0.0	0.0
0.0	1.0
-1.1065588978453889e-06	1.0
0.0	1.0
0.0	1.0
-0.008822545409202576	1.0
0.0	0.1037037037037037
-0.000566403497941792	1.0
0.0	1.0
-3.987256080861812e-10	1.0
0.0	1.0
0.0	1.0
0.0	1.0
-4.4675682147499174e-05	1.0
0.0	0.09558823529411764
0.0	1.0
-1.8288701539859176e-05	1.0
-8.590688594267704e-06	1.0
0.0	0.0
-0.002937629818916321	1.0
0.0	1.0
0.0	0.2
0.0	1.0
-4.818295984421184e-09	1.0
0.0	0.0
0.0	1.0
0.0	1.0
0.0	1.0
-0.0017606538021937013	0.0
0.0	1.0
0.0	1.0
0.0	1.0
-0.0057652611285448074	0.0
0.0	1.0
-0.0007510350551456213	1.0
0.0	1.0
0.0	1.0
-0.0005244259955361485	1.0
-4.3574905816967657e-07	1.0
-1.695393984846305e-05	1.0
-0.00021317567734513432	0.06666666666666667
-3.352740532136522e-05	1.0
0.0	1.0
0.0	0.0
0.0	1.0
0.0	0.0
0.0	1.0
0.0	1.0
0.0	1.0
0.0	1.0
0.0	0.25
0.0	1.0
-0.0002620990853756666	1.0
0.0	1.0
-1.4449748050537892e-05	0.0
0.0	1.0
0.0	1.0
0.0	1.0
-1.471876043268594e-08	1.0
-0.00026129194884561	1.0
-0.0005034788628108799	1.0
0.0	1.0
-7.728887430857867e-05	0.0
-0.00011431567691033706	0.2
0.0	0.0
-0.0010619646636769176	0.0
-1.4634337307511264e-13	1.0
-1.3372279845935697e-11	1.0
0.0	1.0
0.0	1.0
0.0	1.0
-1.1425518664509582e-07	0.0
0.0	1.0
0.0	1.0
-0.0001204567015520297	1.0
-8.961017556430306e-06	0.10975609756097561
0.0	1.0
0.0	1.0
0.0	1.0
-9.258444151782896e-06	0.09939759036144578
-6.270659014262492e-08	1.0
0.0	0.0
-0.025363916531205177	0.0
0.0	1.0
-1.3933789233533389e-08	1.0
0.0	0.0
-0.0003830899077001959	1.0
0.0	1.0
-6.672385666206537e-08	0.0625
-0.004938048310577869	0.0
-3.107561497017741e-05	0.35051546391752575
-8.169457942130975e-06	0.022222222222222223
0.0	1.0
0.0	1.0
0.0	1.0
-3.791878407355398e-05	1.0
0.0	0.0
0.0	1.0
-6.7354617385717575e-06	1.0
-3.724286443684832e-07	1.0
0.0	1.0
0.0	1.0
0.0	1.0
-7.800234016031027e-05	1.0
0.0	1.0
0.0	1.0
0.0	1.0
0.0	1.0
-4.636689936887706e-06	1.0
0.0	1.0
0.0	1.0
-0.00046940651373006403	1.0
-0.07782706618309021	0.0
0.0	1.0
0.0	1.0
0.0	1.0
0.0	1.0
-0.000816192536149174	1.0
0.0	0.0
0.0	1.0
0.0	1.0
0.0	1.0
0.0	1.0
0.0	1.0
-1.0335129196903381e-08	1.0
-0.013660116121172905	0.4329896907216495
-0.00018495442054700106	1.0
-3.761799234780483e-05	1.0
0.0	1.0
0.0	0.0
0.0	1.0
-0.002228442346677184	1.0
0.0	1.0
0.0	1.0
0.0	1.0
-1.4395868674910162e-06	1.0
0.0	1.0
0.0	1.0
-0.00012142911145929247	0.0
-0.0023412974551320076	1.0
-0.00016473668802063912	1.0
0.0	1.0
0.0	1.0
0.0	1.0
-0.0010253660148009658	1.0
0.0	1.0
-0.0006868048221804202	1.0
0.0	1.0
-0.00030254022567532957	1.0
0.0	1.0
-2.770016926945118e-08	1.0
-9.244730790669564e-06	1.0
-0.00020494862110354006	1.0
0.0	0.0
-5.402641818363918e-07	0.0
0.0	1.0
-1.6850921156219556e-06	0.0
0.0	0.0
0.0	1.0
0.0	1.0
-1.979963371923077e-06	1.0
0.0	1.0
-0.00019135359616484493	0.0
0.0	1.0
-0.01084274984896183	0.0
0.0	0.0
0.0	1.0
-0.0011270048562437296	1.0
0.0	1.0
0.0	1.0
-1.283344317926094e-06	0.0
0.0	0.0
-5.765804417023901e-06	1.0
0.0	1.0
-7.791934876877349e-06	1.0
0.0	1.0
-1.2878257621196099e-05	1.0
-0.0005723253707401454	0.0
0.0	1.0
0.0	0.0
0.0	1.0
-0.0001942258095368743	1.0
0.0	1.0
-4.2947023757733405e-05	1.0
-3.1968090752343414e-06	1.0
0.0	1.0
-0.0013895542360842228	1.0
0.0	1.0
-4.0957740566227585e-05	1.0
0.0	1.0
0.0	1.0
0.0	1.0
0.0	1.0
0.0	1.0
0.0	1.0
-0.0002325293025933206	1.0
0.0	1.0
0.0	1.0
-4.833466300624423e-05	0.5769230769230769
-1.1444850315456279e-05	1.0
-4.827182419830933e-05	0.0
0.0	1.0
-6.017787200107705e-06	1.0
0.0	1.0
-2.4228418169514043e-06	1.0
0.0	1.0
0.0	1.0
-9.263568244932685e-06	1.0
-4.774840078880516e-09	1.0
0.0	1.0
0.0	0.0
0.0	1.0
0.0	1.0
0.0	0.06666666666666667
0.0	1.0
-0.008769216947257519	0.0784313725490196
0.0	1.0
-5.489945397130214e-05	1.0
0.0	1.0
0.0	1.0
-1.6618959364222974e-07	1.0
0.0	1.0
0.0	1.0
0.0	1.0
0.0	1.0
0.0	1.0
0.0	1.0
0.0	1.0
0.0	1.0
-2.621183341489086e-07	1.0
0.0	1.0
0.0	1.0
0.0	1.0
0.0	1.0
0.0	0.024390243902439025
0.0	1.0
0.0	1.0
-0.06560570746660233	0.0
0.0	0.0
0.0	1.0
0.0	0.0
0.0	1.0
-0.0003394353261683136	0.0
0.0	1.0
0.0	1.0
0.0	1.0
0.0	0.2606837606837607
0.0	1.0
0.0	1.0
-6.852891587527665e-09	1.0
0.0	1.0
0.0	1.0
0.0	1.0
0.0	1.0
0.0	1.0
0.0	1.0
0.0	1.0
-0.00019230827456340194	0.0072992700729927005
0.0	1.0
0.0	1.0
0.0	1.0
-6.443574966397136e-05	1.0
-3.0268981987546795e-08	1.0
0.0	1.0
0.0	1.0
-0.00013888452667742968	0.0
-0.00040550006087869406	0.0
0.0	1.0
0.0	1.0
0.0	1.0
0.0	1.0
-0.00013492711877916008	1.0
0.0	0.0
0.0	1.0
0.0	1.0
-0.0006478494615294039	1.0
0.0	1.0
0.0	1.0
0.0	1.0
-2.554844286350999e-05	1.0
0.0	1.0
-1.7063492805391434e-06	1.0
0.0	1.0
0.0	1.0
0.0	1.0
0.0	0.06666666666666667
0.0	1.0
0.0	1.0
-0.009943831712007523	0.4329896907216495
0.0	1.0
-0.0005440078093670309	1.0
0.0	1.0
-0.0014037463115528226	0.0
0.0	1.0
0.0	1.0
0.0	1.0
-6.127700569180661e-09	1.0
0.0	1.0
-1.138513425757992e-06	1.0
-2.029173806761264e-08	1.0
0.0	0.0
0.0	1.0
-4.961556987836957e-05	1.0
-0.005044600926339626	0.0
0.0	1.0
0.0	1.0
0.0	1.0
-0.00017119052063208073	1.0
-1.9975935572347225e-08	1.0
0.0	1.0
-7.966680093396405e-10	1.0
0.0	1.0
0.0	1.0
0.0	1.0
0.0	1.0
-1.2125588000344578e-05	1.0
0.0	1.0
0.0	1.0
-1.8486300177755766e-05	1.0
0.0	1.0
-7.680286406852588e-10	1.0
0.0	1.0
0.0	1.0
0.0	0.0
-1.0460955309099518e-05	1.0
-0.03744662553071976	0.0
0.0	1.0
0.0	1.0
-4.236235690768808e-05	1.0
-2.9507550607377198e-06	0.06666666666666667
0.0	1.0
0.0	1.0
0.0	1.0
0.0	0.0
0.0	1.0
-0.00033704633824527264	1.0
0.0	1.0
0.0	1.0
0.0	0.0
0.0	1.0
0.0	1.0
-0.007737296633422375	0.14285714285714285
0.0	1.0
0.0	1.0
0.0	0.1871345029239766
0.0	1.0
0.0	1.0
-0.0003083537449128926	1.0
-6.186507562233601e-06	1.0
0.0	0.0
0.0	1.0
0.0	1.0
-0.0006617237231694162	1.0
0.0	1.0
0.0	1.0
-0.0027120409067720175	1.0
0.0	1.0
0.0	1.0
0.0	0.6835443037974683
0.0	1.0
0.0	1.0
-0.0060553341172635555	0.0
0.0	1.0
0.0	1.0
0.0	1.0
-0.000275200029136613	1.0
-7.409517274936661e-05	1.0
0.0	1.0
0.0	0.0
0.0	1.0
-0.00011666766658890992	1.0
-0.00048633344704285264	1.0
-0.0005341111682355404	1.0
-0.0005381155642680824	1.0
-1.5876514225965366e-05	0.2
0.0	1.0
-0.0026093635242432356	0.0
0.0	0.4666666666666667
-0.000267373223323375	0.0
0.0	1.0
-0.0034646433778107166	0.011111111111111112
0.0	0.0
-6.501228199340403e-05	1.0
0.0	1.0
