-0.002574808429926634	0.0
0.0	1.0
-1.8334712876821868e-05	0.0
0.0	1.0
0.0	1.0
-0.002456007758155465	1.0
0.0	1.0
0.0	1.0
0.0	1.0
-0.007625914178788662	0.0
0.0	1.0
0.0	1.0
0.0	1.0
0.0	1.0
0.0	1.0
0.0	1.0
-3.495380269669113e-07	1.0
0.0	1.0
-3.139502666726912e-07	1.0
0.0	1.0
-1.63874549485854e-08	0.0
0.0	1.0
-0.00024473376106470823	0.0
0.0	0.0
-4.3687432480510324e-05	1.0
0.0	1.0
0.0	1.0
0.0	1.0
-0.0009657859336584806	1.0
0.0	1.0
-1.5171580116657424e-06	1.0
-6.358231985359453e-06	1.0
-0.00013204988499637693	1.0
0.0	1.0
0.0	1.0
0.0	1.0
0.0	1.0
0.0	1.0
0.0	1.0
0.0	0.0
-0.04473111033439636	0.0
0.0	1.0
-0.0002415994240436703	1.0
0.0	1.0
-0.00047078527859412134	1.0
-6.359452076054595e-09	0.17391304347826086
-0.0044682701118290424	1.0
0.0	1.0
0.0	1.0
-5.695027084584581e-06	1.0
0.0	1.0
0.0	1.0
-1.6516531786692212e-06	1.0
-1.6175404198293108e-06	1.0
0.0	1.0
0.0	1.0
0.0	1.0
0.0	1.0
0.0	1.0
-1.393322577314393e-07	1.0
0.0	1.0
0.0	0.12
0.0	1.0
-0.0005998510750941932	1.0
0.0	1.0
-1.0173366717936005e-05	0.0
0.0	1.0
-0.003488934598863125	0.0
0.0	1.0
0.0	1.0
0.0	1.0
0.0	0.045454545454545456
0.0	1.0
-0.0005628564395010471	1.0
0.0	1.0
-1.583458470122423e-05	1.0
-7.276308224390959e-06	1.0
-2.6273664843756706e-05	1.0
0.0	1.0
-5.4831056331750005e-05	1.0
0.0	0.0
-0.018934592604637146	0.047619047619047616
0.0	1.0
0.0	0.22727272727272727
-1.4595891116186976e-05	1.0
-0.0003675620537251234	1.0
-4.896657628705725e-06	1.0
-0.0003702433896251023	1.0
0.0	0.0
0.0	1.0
-3.144882430206053e-05	1.0
0.0	1.0
0.0	1.0
-0.000279198051430285	1.0
-0.00045409321319311857	1.0
0.0	1.0
-0.016776831820607185	0.0
0.0	1.0
0.0	1.0
0.0	0.0
-7.114266190910712e-05	1.0
-0.0009951286483556032	1.0
0.0	1.0
-2.374347897113327e-12	1.0
-5.154505288373912e-06	1.0
-0.0013557721395045519	1.0
0.0	1.0
-2.851998397090938e-05	1.0
0.0	1.0
-3.2041658215575808e-09	0.0
-5.278665753394307e-07	0.0
0.0	1.0
-0.0007338765426538885	1.0
0.0	1.0
-0.00031409389339387417	1.0
0.0	1.0
-1.2808609994863218e-07	1.0
0.0	1.0
0.0	1.0
0.0	1.0
-0.001777138328179717	1.0
-7.994680828460332e-08	1.0
0.0	1.0
0.0	1.0
0.0	1.0
-3.8392066926462576e-05	0.0
-0.005639776587486267	0.09090909090909091
0.0	1.0
0.0	1.0
-1.211155904456973e-05	1.0
0.0	1.0
0.0	1.0
-0.00034502550261095166	1.0
0.0	0.0
0.0	1.0
0.0	1.0
-0.013428974896669388	0.32
0.0	1.0
0.0	0.0
-3.0192614985935506e-07	1.0
-5.116167471896915e-07	1.0
-0.0542425811290741	0.0
-1.0210716254732688e-06	1.0
0.0	1.0
0.0	1.0
-0.0006676013581454754	0.0
0.0	1.0
-0.002198582049459219	0.0
-5.4658532462781295e-05	1.0
0.0	1.0
0.0	1.0
0.0	1.0
0.0	1.0
-2.623453610794968e-06	1.0
0.0	0.0
-1.2295863598410506e-05	1.0
0.0	1.0
0.0	1.0
-2.3029140720609576e-05	1.0
0.0	1.0
-4.176092716079438e-08	1.0
-0.0008096974343061447	1.0
0.0	1.0
0.0	0.020833333333333332
-4.4046610976622436e-12	1.0
0.0	1.0
0.0	1.0
0.0	1.0
0.0	1.0
-7.940646362669668e-09	0.0
-0.0029375427402555943	0.4791666666666667
0.0	0.0
-0.00025737713440321386	1.0
0.0	1.0
0.0	0.0
0.0	1.0
-9.209426207235083e-05	1.0
0.0	1.0
0.0	1.0
0.0	1.0
0.0	1.0
-2.2598798750550486e-05	1.0
-3.990807613263314e-07	0.0
0.0	1.0
0.0	1.0
0.0	1.0
-1.756460576984864e-08	1.0
0.0	1.0
0.0	1.0
-2.962156941066496e-05	0.5838323353293413
0.0	1.0
0.0	1.0
0.0	1.0
-3.1846127512835665e-07	1.0
0.0	1.0
0.0	1.0
0.0	1.0
0.0	1.0
-0.0002670779649633914	1.0
-0.00039808283327147365	1.0
-0.0005567871849052608	1.0
0.0	1.0
-0.0005081975250504911	1.0
-0.0007323272875510156	1.0
-0.003110363148152828	0.0
0.0	1.0
0.0	1.0
0.0	1.0
0.0	0.0
0.0	0.1
0.0	1.0
0.0	1.0
0.0	1.0
-9.032443631440401e-05	1.0
0.0	1.0
0.0	1.0
-3.815892171132873e-07	1.0
0.0	1.0
-0.0007804469205439091	1.0
0.0	1.0
-0.003851673798635602	0.0
-0.0010667055612429976	1.0
0.0	1.0
0.0	1.0
-0.0007535704062320292	1.0
0.0	1.0
-2.4539633159292862e-05	0.0
-5.0729140639305115e-05	1.0
0.0	1.0
0.0	1.0
0.0	1.0
-8.774731395533308e-05	1.0
0.0	0.0
-4.1770811809449526e-10	1.0
0.0	1.0
0.0	1.0
0.0	1.0
0.0	1.0
-9.369624604005367e-05	1.0
0.0	1.0
0.0	1.0
0.0	1.0
0.0	1.0
-1.353081535704348e-09	1.0
0.0	1.0
0.0	1.0
0.0	1.0
0.0	1.0
0.0	1.0
-6.087739166105166e-06	1.0
0.0	0.0
0.0	1.0
0.0	1.0
0.0	1.0
0.0	0.9210526315789473
-0.001354426029138267	1.0
0.0	1.0
-0.0006319743697531521	0.0
0.0	1.0
0.0	0.23529411764705882
0.0	1.0
0.0	1.0
0.0	1.0
-2.823738931567732e-08	1.0
-5.018353112973273e-05	1.0
0.0	0.0
-0.00024705572286620736	1.0
-3.671876766020432e-05	1.0
0.0	1.0
0.0	1.0
0.0	1.0
-3.0993076507002115e-05	1.0
-0.0006564253126271069	0.0
0.0	1.0
-0.0008971166680566967	0.0
0.0	1.0
-0.008923823945224285	0.018867924528301886
-0.0014608376659452915	1.0
0.0	1.0
-0.002761063165962696	0.0
0.0	0.0975609756097561
-1.89591772836728e-10	1.0
0.0	1.0
-1.3846726005795063e-06	1.0
-1.9329034330439754e-05	1.0
0.0	1.0
0.0	1.0
-3.945472926147886e-08	1.0
0.0	0.0
0.0	1.0
0.0	0.9471153846153846
0.0	0.5377358490566038
-0.0008169940556399524	1.0
0.0	1.0
0.0	1.0
-4.658975427673795e-10	1.0
0.0	1.0
0.0	1.0
0.0	1.0
-7.113838851324772e-09	1.0
-0.02011832408607006	0.0
0.0	0.0
0.0	1.0
-0.013686543330550194	0.08333333333333333
0.0	1.0
-0.00021439440024551004	1.0
0.0	1.0
-0.0025410919915884733	1.0
0.0	1.0
0.0	1.0
0.0	1.0
0.0	0.2
0.0	1.0
0.0	1.0
-2.894262070185505e-05	1.0
-0.0011621640296652913	1.0
-0.0006235905457288027	1.0
0.0	1.0
0.0	1.0
-9.009045243146829e-07	1.0
0.0	1.0
-5.922181495199297e-11	1.0
0.0	1.0
0.0	1.0
-0.000477403897093609	1.0
0.0	1.0
-0.000532133795786649	1.0
0.0	1.0
0.0	1.0
0.0	1.0
0.0	0.875
0.0	1.0
-6.883605010443716e-07	1.0
0.0	0.0
0.0	1.0
0.0	1.0
0.0	0.0
0.0	1.0
0.0	1.0
0.0	0.5853658536585366
0.0	0.9433198380566802
-0.00036310296854935586	1.0
0.0	1.0
-0.00032859109342098236	1.0
0.0	1.0
-1.8673851798212127e-08	0.0
0.0	1.0
0.0	1.0
0.0	1.0
0.0	1.0
0.0	1.0
-0.001870767679065466	1.0
0.0	1.0
0.0	1.0
0.0	0.0
-0.0004609979805536568	0.75
-0.0007134797633625567	0.3561643835616438
0.0	1.0
0.0	1.0
-3.535326322889887e-05	1.0
0.0	1.0
0.0	1.0
0.0	1.0
0.0	1.0
0.0	1.0
0.0	1.0
-0.0010868639219552279	1.0
0.0	1.0
-5.490901821758598e-05	0.125
-4.1927896177185175e-07	1.0
0.0	0.0
-0.0006908505456522107	1.0
0.0	1.0
0.0	1.0
0.0	0.968609865470852
0.0	1.0
-1.5475769714612397e-06	1.0
0.0	1.0
-2.8439569632610073e-07	0.0
0.0	1.0
-8.210646046791226e-05	1.0
0.0	1.0
-0.022063879296183586	1.0
-0.001147524337284267	1.0
0.0	1.0
0.0	1.0
0.0	1.0
-0.0005467614391818643	0.9210526315789473
-0.0019802688620984554	0.0
0.0	1.0
-0.0018654805608093739	0.0
-1.1098249785845837e-07	0.0
0.0	0.0
-9.341791883343831e-05	1.0
-0.0001891147840069607	1.0
0.0	1.0
-0.038331154733896255	0.02857142857142857
0.0	1.0
0.0	1.0
0.0	1.0
0.0	1.0
0.0	0.0
0.0	1.0
-3.930745173796879e-10	1.0
-0.006815329659730196	0.0
-9.210591088049114e-05	1.0
0.0	1.0
-0.0002954481460619718	1.0
0.0	0.09302325581395349
0.0	1.0
0.0	1.0
0.0	0.0
0.0	1.0
0.0	0.0
0.0	1.0
0.0	0.0
0.0	1.0
0.0	1.0
0.0	1.0
0.0	1.0
0.0	0.0
-2.041964398813434e-05	1.0
0.0	1.0
0.0	1.0
0.0	0.0
-0.003593761706724763	0.0
-2.425752541057591e-07	1.0
-2.146472752428963e-06	1.0
0.0	1.0
-3.7831588997505605e-05	0.0
0.0	1.0
0.0	1.0
0.0	1.0
0.0	1.0
0.0	1.0
0.0	1.0
-5.686398480975186e-07	1.0
0.0	1.0
0.0	1.0
0.0	1.0
0.0	1.0
0.0	1.0
0.0	1.0
0.0	1.0
0.0	1.0
0.0	1.0
-0.005105735268443823	0.045454545454545456
-8.035252540139481e-05	1.0
-0.012705884873867035	0.0
-2.0335617989530874e-07	0.0
0.0	1.0
-0.0011798781342804432	0.0
0.0	1.0
-8.704354854671692e-07	1.0
-0.005516898352652788	0.0
-0.0030160928145051003	0.3826086956521739
0.0	1.0
-0.00014986952010076493	1.0
-0.0010255363304167986	1.0
0.0	1.0
0.0	1.0
-0.0008154563838616014	1.0
0.0	1.0
0.0	0.0
0.0	0.0
-2.151050892962303e-08	1.0
0.0	1.0
-0.00010511491564102471	1.0
-1.1502799679874443e-05	1.0
-0.0005465953727252781	1.0
-1.6430623528407295e-10	1.0
0.0	1.0
0.0	1.0
0.0	0.0
0.0	1.0
-1.0156219104828779e-05	1.0
-0.00015061837621033192	1.0
0.0	1.0
0.0	1.0
-1.9163697288604453e-05	0.0
0.0	1.0
0.0	1.0
0.0	1.0
-0.008474023081362247	0.0
-0.016649877652525902	0.0
0.0	1.0
-2.38419602283102e-06	1.0
-6.4215591919492e-06	1.0
0.0	1.0
0.0	1.0
0.0	1.0
0.0	1.0
-2.4989742541947635e-06	1.0
-2.646960456331726e-05	1.0
-0.00016211517504416406	1.0
-0.0032307736109942198	0.0
0.0	1.0
-0.0037252677138894796	0.39172749391727496
0.0	1.0
-0.00012496864655986428	0.0
0.0	1.0
0.0	0.0975609756097561
0.0	1.0
0.0	1.0
-0.0005714982398785651	1.0
-0.0002495523658581078	1.0
-6.0029208270862e-08	0.0
0.0	1.0
0.0	0.0
-0.021461931988596916	0.0
0.0	1.0
0.0	1.0
0.0	0.0
-0.03511318936944008	0.12
-0.000291788368485868	1.0
0.0	0.26153846153846155
0.0	1.0
0.0	1.0
-0.00014782953076064587	1.0
0.0	1.0
-0.008277307264506817	0.0
-0.00020433409372344613	0.0
-0.00014270030078478158	1.0
0.0	0.0
