0.0	1.0
0.0	1.0
0.0	1.0
0.0	1.0
0.0	1.0
0.0	0.3333333333333333
0.0	1.0
0.0	1.0
0.0	1.0
0.0	0.47297297297297297
0.0	1.0
0.0	1.0
0.0	1.0
0.0	1.0
-1.8842691133613698e-05	1.0
0.0	1.0
0.0	1.0
0.0	1.0
0.0	1.0
-4.717603951576166e-05	1.0
0.0	1.0
-0.002326625632122159	0.5961538461538461
0.0	0.8434504792332268
0.0	1.0
-3.120012928570226e-12	1.0
-3.676451160572469e-05	1.0
0.0	1.0
0.0	1.0
0.0	1.0
-3.360046321176924e-05	1.0
0.0	1.0
0.0	1.0
-2.848854929737854e-09	1.0
0.0	0.0
0.0	1.0
-0.00012377234816085547	0.0
0.0	1.0
0.0	1.0
0.0	1.0
-0.0012324347626417875	0.0
-0.0031199902296066284	1.0
0.0	0.0
0.0	1.0
-4.788178742387572e-10	1.0
0.0	1.0
0.0	1.0
0.0	1.0
0.0	1.0
-0.00020322343334555626	1.0
0.0	1.0
-7.817955338396132e-05	1.0
0.0	1.0
0.0	1.0
-9.451301593799144e-05	1.0
0.0	1.0
0.0	1.0
-4.5719509216723964e-05	1.0
0.0	1.0
-0.0001580857642693445	1.0
0.0	1.0
0.0	1.0
-2.2074343632993987e-06	1.0
-4.435894468586554e-13	1.0
0.0	1.0
0.0	1.0
-0.00047509040450677276	1.0
-2.337079141323528e-11	1.0
-5.084736585558858e-06	1.0
0.0	0.0
0.0	1.0
0.0	1.0
-3.847247285193589e-07	1.0
0.0	1.0
-0.005441934335976839	1.0
0.0	0.0
0.0	1.0
0.0	1.0
0.0	1.0
-0.0002306422684341669	1.0
0.0	1.0
0.0	0.6020942408376964
0.0	1.0
-6.121345563769864e-07	1.0
-3.720159838849213e-06	0.0
-0.00010027661483036354	1.0
-1.4874678527121432e-05	1.0
0.0	1.0
-0.015135454945266247	0.0
0.0	0.0
0.0	0.0
0.0	1.0
-6.512592517537996e-05	0.0
0.0	1.0
-0.03312843292951584	0.0
0.0	1.0
0.0	1.0
-1.1534610848684679e-06	1.0
0.0	1.0
0.0	1.0
0.0	1.0
0.0	1.0
0.0	1.0
0.0	1.0
0.0	1.0
0.0	1.0
-4.188793172943406e-05	1.0
-1.554952611115823e-09	1.0
-1.9731119849097922e-08	1.0
-7.100468479848132e-08	1.0
-7.825711918485467e-07	1.0
-0.00028744584415107965	1.0
-0.0016810459783300757	1.0
0.0	1.0
0.0	1.0
-1.8142791304853745e-05	1.0
0.0	1.0
0.0	1.0
0.0	1.0
0.0	1.0
-0.006005057133734226	1.0
-5.17662301913191e-10	1.0
0.0	1.0
0.0	1.0
0.0	1.0
0.0	1.0
0.0	1.0
0.0	1.0
0.0	1.0
-0.0006161719211377203	1.0
-0.0017863325774669647	1.0
0.0	1.0
-3.098633214904112e-06	1.0
0.0	1.0
0.0	1.0
0.0	1.0
-0.0005986226024106145	1.0
0.0	1.0
0.0	0.0
0.0	1.0
0.0	1.0
-3.8188417761375604e-07	0.1111111111111111
-8.34340517030796e-06	0.08108108108108109
-0.00012214932939969003	1.0
-2.216621624029358e-06	1.0
-0.00879869144409895	0.0
-1.986183439939282e-09	0.0
-0.0008876229985617101	1.0
-0.00016763895109761506	1.0
-1.4989160135314705e-08	0.08991825613079019
-0.004721625708043575	1.0
0.0	1.0
-0.00013663417485076934	1.0
0.0	1.0
-0.04251375421881676	0.0
-0.028935719281435013	0.0
0.0	1.0
0.0	1.0
0.0	1.0
0.0	1.0
0.0	1.0
0.0	1.0
0.0	0.0
0.0	1.0
0.0	1.0
0.0	1.0
0.0	1.0
0.0	1.0
0.0	1.0
0.0	1.0
-0.00040695606730878353	1.0
-2.46495096689614e-06	1.0
0.0	1.0
0.0	1.0
-5.077895821159473e-06	1.0
0.0	1.0
0.0	1.0
-0.00019974159658886492	1.0
0.0	0.0
0.0	1.0
0.0	1.0
-2.2757355111480138e-08	1.0
-8.992761396653393e-11	1.0
0.0	0.39473684210526316
0.0	0.0
-5.3626052249455824e-05	1.0
-0.0008157143020071089	1.0
-1.5094113223312888e-05	1.0
-0.0007025846280157566	1.0
0.0	1.0
-1.5660421922802925e-05	1.0
-5.811632945551537e-05	1.0
0.0	1.0
-0.0008843323448672891	1.0
0.0	0.0
0.0	1.0
0.0	1.0
0.0	1.0
0.0	1.0
-0.0001993442274397239	1.0
0.0	1.0
0.0	1.0
-1.4000826922710985e-05	1.0
0.0	1.0
-0.00035735644632950425	0.03761755485893417
0.0	1.0
0.0	1.0
0.0	1.0
0.0	1.0
0.0	0.0
0.0	1.0
0.0	1.0
-1.1704115649990854e-06	0.42857142857142855
-7.313860805879813e-06	1.0
-3.4400054573779926e-05	1.0
0.0	1.0
0.0	1.0
-1.8335930462853867e-06	1.0
-2.8959850624232786e-06	1.0
0.0	1.0
-1.0655194415676306e-07	1.0
0.0	1.0
0.0	1.0
0.0	1.0
0.0	0.7954545454545454
0.0	1.0
0.0	1.0
0.0	1.0
-1.873519067885354e-05	1.0
-0.00018815248040482402	1.0
0.0	1.0
0.0	1.0
-8.87329806573689e-05	1.0
-0.0001346041972283274	1.0
0.0	1.0
0.0	1.0
0.0	1.0
0.0	1.0
0.0	0.0
0.0	0.4883720930232558
-0.0001262422592844814	0.0
-6.931873485882534e-06	1.0
0.0	1.0
0.0	1.0
0.0	1.0
0.0	0.0
0.0	1.0
0.0	0.2631578947368421
-1.611528750800062e-05	1.0
-4.800845999852754e-06	1.0
0.0	1.0
0.0	1.0
-8.715783224033657e-06	1.0
-7.294382112221776e-13	0.0
-1.3393764675129205e-06	1.0
-7.726947660557926e-05	1.0
0.0	1.0
0.0	1.0
-1.756722849677317e-05	1.0
0.0	1.0
0.0	1.0
0.0	1.0
-0.014776155352592468	0.0
0.0	1.0
-0.032826222479343414	0.0
0.0	1.0
0.0	0.15384615384615385
0.0	1.0
0.0	1.0
0.0	1.0
0.0	1.0
-0.00013500649947673082	1.0
-0.00018171317060478032	0.05813953488372093
-0.00039608919178135693	1.0
0.0	1.0
-3.192276665231475e-07	0.315625
0.0	0.0
-0.00025690143229439855	1.0
0.0	1.0
0.0	1.0
-0.0005235528806224465	0.03333333333333333
-0.00019888851966243237	1.0
-0.02328464947640896	0.0
-5.769955535583904e-08	1.0
0.0	0.0
0.0	1.0
0.0	1.0
0.0	1.0
0.0	1.0
-0.00012801444972865283	1.0
-2.76022547041066e-08	1.0
-0.0001827725354814902	1.0
0.0	1.0
-8.678605809109285e-05	1.0
0.0	1.0
0.0	1.0
0.0	1.0
0.0	1.0
-3.122616544715129e-05	1.0
0.0	1.0
-2.2944103506006286e-08	1.0
0.0	1.0
0.0	1.0
0.0	1.0
-1.8927788687506109e-06	1.0
-3.6551529164485785e-11	1.0
0.0	1.0
0.0	0.7619047619047619
-7.2465199991711415e-06	1.0
0.0	0.0
0.0	1.0
0.0	1.0
-0.0006870325305499136	1.0
0.0	1.0
-7.950719691507402e-07	1.0
0.0	1.0
0.0	0.0
0.0	1.0
-0.0008173820096999407	0.1552346570397112
-7.155221828725189e-05	1.0
0.0	0.0
0.0	1.0
0.0	1.0
0.0	1.0
-0.0002971261856146157	1.0
-3.787103963759364e-09	0.18407960199004975
0.0	1.0
0.0	1.0
0.0	0.0
-4.538626399153145e-06	0.0
-0.002002218971028924	1.0
0.0	1.0
-0.004589307587593794	0.0
0.0	1.0
0.0	1.0
0.0	1.0
0.0	1.0
0.0	1.0
0.0	1.0
0.0	1.0
0.0	0.0
0.0	1.0
0.0	0.0
-0.0017969342879951	0.3898305084745763
-0.00010987779387505725	1.0
-0.00964125245809555	0.0
0.0	1.0
0.0	1.0
-0.0004076047334820032	1.0
0.0	1.0
-1.1997395858998061e-06	1.0
0.0	0.0
-0.00011001656821463257	1.0
-3.771041789946139e-08	0.0
0.0	0.0
0.0	0.0
0.0	1.0
0.0	1.0
0.0	1.0
0.0	0.0
0.0	0.0
0.0	1.0
-0.0006014643586240709	1.0
0.0	1.0
-5.315222097124206e-06	1.0
-0.001351344515569508	1.0
0.0	1.0
-3.8575763028347865e-08	1.0
0.0	1.0
0.0	1.0
0.0	1.0
-4.639410278173273e-08	1.0
-1.9555298422346823e-05	1.0
0.0	1.0
0.0	1.0
0.0	0.0
-9.838493042479968e-07	1.0
0.0	1.0
0.0	1.0
0.0	1.0
0.0	1.0
0.0	0.0
0.0	1.0
0.0	0.0
-0.0003120757173746824	0.40540540540540543
-2.2915019144420512e-05	1.0
-2.310872332600411e-05	0.0
0.0	1.0
-0.00015057118434924632	1.0
-0.00034659713855944574	0.0
0.0	1.0
0.0	0.9847619047619047
0.0	1.0
0.0	1.0
0.0	1.0
-4.6664426918141544e-05	0.06976744186046512
0.0	1.0
0.0	0.0
0.0	1.0
0.0	1.0
0.0	0.0
0.0	1.0
-5.7828528952086344e-05	1.0
0.0	0.0
0.0	0.03773584905660377
-9.346488916150975e-09	1.0
-0.0009525945642963052	0.0
-0.00016835451242513955	1.0
0.0	0.0
-6.998279289405218e-09	1.0
-0.0020037542562931776	1.0
-3.9998934653340257e-07	0.0
0.0	0.0
-0.0002366976987104863	0.0
0.0	0.0
-0.00115316198207438	1.0
0.0	1.0
0.0	1.0
-0.0014882596442475915	0.0
-5.251167749520391e-07	1.0
-7.4447912083996926e-06	1.0
-4.978430297342129e-05	1.0
-8.881904068402946e-05	1.0
-0.00013804603077005595	1.0
0.0	1.0
0.0	1.0
0.0	1.0
0.0	1.0
0.0	1.0
0.0	1.0
-2.645895733621728e-07	1.0
0.0	1.0
0.0	0.013824884792626729
0.0	1.0
0.0	1.0
-0.002571888267993927	1.0
0.0	0.2579185520361991
0.0	1.0
-2.0601289918431576e-07	0.0
0.0	1.0
0.0	1.0
0.0	1.0
0.0	1.0
0.0	1.0
0.0	1.0
-6.632650638493942e-06	0.0
-6.874887770180749e-09	1.0
-0.001485084998421371	0.2894736842105263
0.0	1.0
0.0	1.0
0.0	1.0
0.0	1.0
0.0	0.0
0.0	1.0
0.0	1.0
0.0	1.0
0.0	0.45454545454545453
0.0	1.0
0.0	1.0
-0.0074944994412362576	0.0
-0.0004074235912412405	0.0
0.0	1.0
0.0	0.023809523809523808
-2.3144802696606348e-07	0.0
-5.828963480780658e-07	1.0
0.0	1.0
0.0	1.0
-2.1398864902266723e-08	1.0
-5.1805830458828694e-11	1.0
-0.015857188031077385	0.0
0.0	1.0
0.0	1.0
0.0	0.022727272727272728
0.0	0.0
0.0	1.0
-0.0006485712947323918	1.0
-0.0024525586050003767	0.0
0.0	1.0
-5.022826371714473e-06	1.0
0.0	0.0
-3.019621601652034e-07	1.0
0.0	1.0
0.0	1.0
-9.680314189131067e-11	1.0
0.0	1.0
-0.0008401706581935287	1.0
0.0	0.0
0.0	1.0
0.0	0.0
0.0	0.0
0.0	1.0
0.0	0.0
0.0	1.0
0.0	1.0
-0.0001951411977643147	1.0
0.0	1.0
-0.0017491678008809686	0.0
0.0	1.0
-2.8126440156484023e-05	1.0
-1.0269445738231298e-06	1.0
0.0	0.0
-1.156382154476887e-06	1.0
0.0	1.0
0.0	1.0
-7.169126625683475e-09	1.0
0.0	0.0
0.0	1.0
-0.0006317631923593581	1.0
0.0	1.0
-0.01120379101485014	0.0
0.0	1.0
-8.796710972092114e-06	0.0
-0.0002811517915688455	1.0
-0.00024838020908646286	1.0
-0.0005116747342981398	1.0
-2.0499349773217546e-07	1.0
-0.0011047783773392439	0.16898148148148148
-0.0006799130933359265	1.0
0.0	1.0
-0.018120259046554565	0.02040816326530612
0.0	1.0
0.0	0.10638297872340426
0.0	1.0
0.0	1.0
0.0	1.0
-0.005083183292299509	0.0
0.0	1.0
0.0	1.0
-4.3341071886970894e-07	1.0
0.0	1.0
0.0	1.0
-0.0013310788199305534	0.0
0.0	1.0
