0.0	0.0
0.0	1.0
0.0	1.0
0.0	1.0
0.0	1.0
0.0	0.019230769230769232
-3.674464954528389e-09	1.0
0.0	1.0
0.0	1.0
0.0	1.0
0.0	1.0
0.0	1.0
-1.1318109045532765e-06	1.0
-1.3562266758526675e-06	1.0
0.0	1.0
-0.055903613567352295	0.0
0.0	1.0
0.0	1.0
-5.234355050093287e-12	1.0
0.0	1.0
0.0	1.0
0.0	1.0
0.0	1.0
-0.000240868263063021	1.0
0.0	1.0
-1.1921904842893127e-05	1.0
0.0	1.0
-8.58173516462557e-05	1.0
0.0	1.0
0.0	1.0
-1.7750305403296807e-07	1.0
0.0	0.0
0.0	1.0
-0.0003716246865224093	1.0
-3.3847481972770765e-05	1.0
0.0	1.0
0.0	0.6666666666666666
0.0	1.0
0.0	1.0
0.0	0.9423076923076923
0.0	1.0
0.0	1.0
0.0	1.0
0.0	1.0
0.0	1.0
0.0	1.0
0.0	0.0
0.0	1.0
0.0	1.0
0.0	0.00847457627118644
0.0	1.0
0.0	0.0
0.0	1.0
0.0	1.0
-0.001490141381509602	0.0
0.0	1.0
0.0	1.0
0.0	1.0
0.0	1.0
0.0	1.0
0.0	1.0
-5.367966071645469e-10	1.0
0.0	1.0
0.0	1.0
0.0	1.0
-3.409067358006723e-05	1.0
0.0	1.0
-2.5600308331541477e-11	1.0
0.0	1.0
0.0	0.0
-0.0009237120975740254	0.019230769230769232
0.0	1.0
-3.3245134545722976e-05	1.0
0.0	1.0
0.0	1.0
0.0	1.0
-9.313087502960116e-06	1.0
-0.00036594975972548127	1.0
0.0	1.0
0.0	1.0
-5.516071541933343e-05	1.0
-0.00018967634241562337	1.0
-0.00830741599202156	0.0
-2.035986653936561e-06	0.0
-0.001356785069219768	1.0
-1.206924906682616e-07	1.0
-1.3536193364416249e-05	0.0
-0.03839053586125374	0.0
0.0	1.0
0.0	1.0
0.0	1.0
0.0	1.0
0.0	1.0
-0.00016189423331525177	1.0
0.0	1.0
0.0	1.0
-0.008178050629794598	0.0
0.0	1.0
0.0	1.0
-0.0018382550915703177	1.0
-0.006464640609920025	0.0
-2.017329592263195e-08	0.0
-1.6392065163017833e-06	1.0
0.0	0.0
0.0	1.0
-1.6197761354419526e-08	1.0
-0.0002834415063261986	1.0
-0.0012546905782073736	1.0
-5.3542725808597424e-12	1.0
-3.833476876025088e-05	1.0
0.0	1.0
0.0	1.0
0.0	0.0
0.0	0.3285024154589372
0.0	1.0
-1.0905509952863213e-05	1.0
0.0	0.017543859649122806
0.0	1.0
0.0	0.288135593220339
0.0	1.0
0.0	0.01694915254237288
0.0	1.0
0.0	0.421875
0.0	1.0
0.0	1.0
0.0	0.0
0.0	1.0
0.0	1.0
-1.8708107745624147e-05	1.0
0.0	1.0
-0.00043479236774146557	1.0
-0.00017943806597031653	1.0
-1.4518167517962866e-05	0.5227272727272727
-1.044722359837269e-12	1.0
0.0	1.0
-3.4792712540365756e-05	1.0
0.0	1.0
-0.007376057095825672	1.0
0.0	1.0
0.0	1.0
-1.3268221243922795e-10	1.0
0.0	1.0
-0.0003686797572299838	0.0
-5.196383881411748e-06	1.0
0.0	0.875
0.0	0.0
-3.267892623171065e-08	1.0
0.0	1.0
-0.013314951211214066	0.0
-1.3294907148519997e-06	1.0
-4.444652222446166e-05	1.0
0.0	1.0
0.0	1.0
0.0	1.0
0.0	1.0
0.0	0.0
0.0	1.0
0.0	1.0
0.0	1.0
-3.1485669182984566e-07	1.0
-7.458090256484695e-10	1.0
-2.691240008623197e-10	1.0
-0.0004184732970315963	1.0
-1.952445018105209e-05	1.0
0.0	1.0
0.0	1.0
0.0	1.0
-0.0007558998768217862	1.0
0.0	1.0
0.0	0.0
0.0	1.0
0.0	1.0
0.0	1.0
0.0	1.0
0.0	1.0
0.0	1.0
0.0	1.0
0.0	1.0
0.0	1.0
-8.532555511919782e-06	1.0
-3.3394182537449524e-05	1.0
0.0	1.0
0.0	1.0
0.0	1.0
-0.021370595321059227	0.0
-4.685405201598769e-06	1.0
-2.752170189523895e-07	1.0
0.0	0.0
-8.793693996267393e-05	0.0
-0.0008927569142542779	1.0
0.0	1.0
-0.0002552459482103586	1.0
-0.00024777601356618106	1.0
0.0	1.0
-3.033076154679293e-06	1.0
-0.0004089284047950059	0.0
-4.521725259110099e-06	1.0
0.0	1.0
0.0	1.0
0.0	1.0
0.0	0.0
-0.0002590751100797206	1.0
-1.767467983881943e-05	1.0
-0.00013981497613713145	1.0
0.0	1.0
0.0	1.0
0.0	1.0
0.0	1.0
0.0	0.0
0.0	1.0
0.0	1.0
-0.002815765328705311	0.0
0.0	1.0
-0.001869465340860188	1.0
0.0	1.0
0.0	1.0
0.0	1.0
-0.00024777950602583587	1.0
0.0	1.0
0.0	0.2
-5.930774477747036e-06	0.030303030303030304
-0.0008312946883961558	0.0
0.0	1.0
0.0	1.0
0.0	1.0
0.0	1.0
-7.938712087707245e-08	1.0
-0.001963287126272917	1.0
0.0	1.0
-2.4366458092117682e-05	1.0
0.0	1.0
0.0	1.0
0.0	1.0
-4.0748862062400804e-08	1.0
-4.586140800455496e-09	1.0
0.0	0.0
0.0	1.0
-0.0015495913103222847	0.0
0.0	1.0
-0.0002077616663882509	1.0
-1.841139010139159e-06	1.0
-7.093406972913385e-10	1.0
0.0	1.0
-1.0264377124258317e-05	1.0
0.0	0.09178743961352658
0.0	1.0
-7.780837040627375e-05	1.0
0.0	1.0
-5.779913772130385e-05	1.0
0.0	1.0
0.0	1.0
0.0	1.0
-0.00016019561735447496	1.0
0.0	1.0
0.0	1.0
0.0	0.0
0.0	1.0
0.0	1.0
0.0	1.0
0.0	1.0
0.0	1.0
0.0	1.0
-0.0004292647063266486	1.0
0.0	1.0
0.0	0.0
0.0	1.0
0.0	1.0
-1.8459891180100385e-06	1.0
-8.7591075725868e-08	1.0
-0.000277222745353356	1.0
0.0	1.0
0.0	1.0
-2.2059326511225663e-05	1.0
-0.01990276388823986	0.0
0.0	1.0
0.0	1.0
0.0	1.0
0.0	1.0
0.0	0.09090909090909091
0.0	1.0
-6.3964794208004605e-06	1.0
-4.2311844481446315e-06	0.6397058823529411
0.0	1.0
0.0	1.0
0.0	1.0
0.0	1.0
0.0	1.0
0.0	1.0
-4.114033913538151e-07	1.0
0.0	1.0
-3.5010183637496084e-05	1.0
0.0	0.0
0.0	0.0
0.0	1.0
0.0	1.0
0.0	1.0
0.0	1.0
-7.107279998308513e-06	1.0
0.0	1.0
-5.694373157894006e-06	1.0
-0.0025800669100135565	0.0
0.0	1.0
0.0	1.0
-1.3112988199281972e-05	1.0
-4.6415106425001795e-08	1.0
0.0	1.0
-0.00011681441537803039	1.0
0.0	1.0
0.0	1.0
-1.143660313118744e-07	1.0
-8.636863640276715e-06	1.0
-0.0010420320322737098	0.05
-0.0003533525741659105	0.0
-6.353245407808572e-05	1.0
0.0	1.0
-0.0006045206100679934	0.0
0.0	1.0
0.0	0.037383177570093455
0.0	1.0
-0.0010043397778645158	1.0
0.0	0.4640151515151515
0.0	1.0
0.0	0.0
-0.0005918930401094258	1.0
0.0	1.0
0.0	1.0
-8.261878958748525e-10	0.20454545454545456
0.0	1.0
0.0	1.0
0.0	1.0
0.0	1.0
-0.00014484066923614591	1.0
0.0	1.0
0.0	1.0
-1.2056577816110803e-06	1.0
-7.480587555619422e-06	1.0
0.0	1.0
-1.1977357644354925e-05	1.0
0.0	1.0
0.0	1.0
0.0	0.16666666666666666
0.0	1.0
-0.0009308783919550478	1.0
0.0	0.0
0.0	1.0
0.0	1.0
0.0	0.4898989898989899
0.0	1.0
0.0	1.0
-4.857577451389261e-09	0.0
0.0	0.0
0.0	1.0
0.0	1.0
-1.441100630472647e-05	1.0
-1.8665201423573308e-05	1.0
0.0	1.0
0.0	1.0
-2.4636005036882125e-05	1.0
0.0	1.0
0.0	1.0
0.0	1.0
0.0	0.0
0.0	1.0
0.0	1.0
-1.0916541975936056e-10	1.0
0.0	1.0
0.0	1.0
-0.002963220700621605	1.0
-0.0011097160167992115	1.0
-7.173657650128007e-05	1.0
0.0	1.0
0.0	0.0
-0.001515131094492972	1.0
0.0	1.0
-0.004114348441362381	1.0
0.0	1.0
0.0	1.0
0.0	1.0
-0.00020883181423414499	1.0
-3.7490398341333275e-08	1.0
0.0	1.0
-1.0066079084936064e-05	0.03468208092485549
0.0	1.0
-5.135530334321459e-10	1.0
0.0	1.0
-0.005186907015740871	0.0
-0.0002986151084769517	0.0
-0.0021172170527279377	1.0
0.0	1.0
-1.056368773788563e-06	0.782608695652174
0.0	1.0
-0.0023675996344536543	1.0
-6.070839049243659e-07	1.0
-6.793809006921947e-05	1.0
0.0	1.0
0.0	1.0
-0.00019511146820150316	1.0
0.0	1.0
-1.2799775504390709e-05	0.0
0.0	1.0
0.0	1.0
0.0	1.0
-0.0001235177624039352	1.0
0.0	0.0
0.0	1.0
-6.443294114433229e-05	0.0
0.0	1.0
0.0	1.0
0.0	1.0
0.0	1.0
0.0	1.0
0.0	1.0
-0.0015077503630891442	1.0
-0.00018385374278295785	1.0
0.0	0.03550295857988166
0.0	0.9583333333333334
-0.0007613783818669617	0.0
-4.276255349822122e-09	1.0
0.0	1.0
-0.0005081925191916525	1.0
0.0	1.0
0.0	1.0
-0.029932109639048576	0.17543859649122806
0.0	1.0
0.0	1.0
0.0	1.0
0.0	1.0
-0.0016834222478792071	1.0
0.0	1.0
-0.09381373226642609	0.0
-4.3000589755592955e-09	0.0
0.0	1.0
-1.2012842489639297e-06	1.0
0.0	1.0
-0.00012216129107400775	0.4888888888888889
0.0	1.0
-0.0035208070185035467	0.0
-7.603229619235208e-07	1.0
0.0	1.0
-0.0006347726448439062	1.0
-0.0001058180641848594	1.0
-8.470669854432344e-08	1.0
0.0	1.0
0.0	1.0
-3.961905026272916e-09	1.0
-3.9293518057093024e-05	1.0
0.0	1.0
0.0	1.0
-0.0008148956694640219	0.0
-3.8448551009651055e-08	0.0
0.0	1.0
-1.5230757526296657e-05	1.0
0.0	1.0
0.0	1.0
-5.785745815956034e-05	1.0
0.0	1.0
-0.016288718208670616	0.0
-3.1805285516384174e-07	1.0
-0.0006192803266458213	1.0
0.0	1.0
0.0	1.0
-9.177258471027017e-05	0.05
0.0	1.0
0.0	0.0
0.0	1.0
0.0	1.0
0.0	0.0
-7.658516551600769e-05	1.0
0.0	1.0
-5.2995546866441146e-05	1.0
