-0.0001731820811983198	1.0
-0.0025553801096975803	0.12363636363636364
0.0	0.0
-0.00022624708071816713	1.0
0.0	0.8987341772151899
0.0	1.0
-8.95061093615368e-05	0.0
-2.4529051643185085e-06	1.0
-0.0006958901067264378	1.0
0.0	1.0
-0.00022025765792932361	1.0
-8.807087579043582e-05	1.0
0.0	1.0
0.0	1.0
0.0	1.0
0.0	0.6013667425968109
-5.451009656098904e-06	1.0
0.0	1.0
-0.0005082898424006999	1.0
-0.02288367971777916	0.0
0.0	1.0
0.0	1.0
0.0	1.0
-6.477976910446159e-08	1.0
0.0	1.0
0.0	0.0
0.0	1.0
-2.305894675203035e-08	1.0
0.0	1.0
-0.0011138622649013996	1.0
0.0	1.0
0.0	0.05263157894736842
0.0	1.0
0.0	1.0
-0.00015774430357851088	0.0
-0.002008490962907672	0.0
0.0	1.0
-2.2235426513361745e-05	1.0
0.0	1.0
0.0	1.0
0.0	1.0
0.0	1.0
0.0	1.0
0.0	1.0
-1.3965742255095392e-05	1.0
0.0	1.0
0.0	0.7055555555555556
0.0	1.0
-0.00011483444541227072	0.16535433070866143
0.0	1.0
0.0	0.0
-1.877439558484184e-06	0.0
0.0	1.0
0.0	1.0
0.0	0.33653846153846156
0.0	1.0
-0.00022527288820128888	0.0
-0.004793672822415829	0.045454545454545456
0.0	1.0
0.0	1.0
0.0	1.0
0.0	1.0
0.0	1.0
0.0	1.0
0.0	1.0
0.0	1.0
0.0	1.0
-1.0339832989814113e-08	1.0
0.0	1.0
0.0	1.0
0.0	1.0
-0.0002271440316690132	1.0
-3.629745697253384e-05	1.0
0.0	0.0
-0.001345431781373918	0.0
0.0	1.0
-1.897292236208159e-06	1.0
-0.001085071125999093	1.0
0.0	1.0
-0.00043011028901673853	1.0
0.0	1.0
0.0	1.0
0.0	0.0
0.0	1.0
-0.0010514584137126803	0.0
-1.2302304952527265e-08	1.0
0.0	1.0
-0.001467868103645742	0.0
-5.1232522224609056e-08	1.0
0.0	1.0
-0.0014736454468220472	1.0
-0.008323302492499352	0.0
0.0	1.0
0.0	1.0
0.0	1.0
0.0	1.0
-0.0013068089028820395	1.0
-3.710622695507482e-05	1.0
0.0	1.0
0.0	1.0
0.0	1.0
0.0	1.0
0.0	1.0
0.0	1.0
0.0	1.0
0.0	1.0
-3.935972436863722e-09	1.0
0.0	1.0
-9.983098436805449e-08	1.0
-6.306858267635107e-06	1.0
0.0	1.0
0.0	1.0
0.0	1.0
0.0	1.0
0.0	1.0
0.0	0.0673076923076923
0.0	0.05
-2.789867539831903e-05	1.0
0.0	1.0
-0.015665197744965553	0.0
0.0	1.0
-8.48886088533618e-07	1.0
0.0	1.0
0.0	1.0
0.0	1.0
-2.479093564033974e-05	1.0
0.0	1.0
-3.844769889838062e-05	1.0
-0.0013393088011071086	0.0
0.0	1.0
-5.639743676510989e-07	1.0
-0.00034504663199186325	1.0
-0.0001242807920789346	1.0
-0.0008541446877643466	1.0
0.0	1.0
-0.00047166086733341217	1.0
0.0	1.0
0.0	1.0
0.0	1.0
-0.0011414450127631426	1.0
-0.00023069769667927176	0.4
0.0	1.0
0.0	0.0
0.0	0.0
-0.0028655086643993855	0.0
0.0	1.0
0.0	0.0
0.0	0.0
0.0	1.0
-2.970571040350478e-05	1.0
0.0	1.0
-0.00023071040050126612	0.3888888888888889
0.0	1.0
-2.330354618607089e-05	1.0
0.0	1.0
0.0	1.0
-0.0003087420773226768	1.0
-0.00012812012573704123	0.0
0.0	1.0
0.0	1.0
0.0	1.0
0.0	1.0
0.0	1.0
0.0	1.0
-1.6579733141952602e-08	1.0
-2.460555151628796e-06	1.0
0.0	1.0
0.0	1.0
0.0	0.0
-0.0015791025944054127	0.0
0.0	0.0
0.0	0.6
0.0	1.0
-5.6747516907762474e-08	1.0
-0.0011771493591368198	1.0
-3.832835773209808e-06	1.0
0.0	1.0
-0.00027018439141102135	1.0
-0.00015643920050933957	1.0
-0.006984013132750988	0.0
0.0	0.0
0.0	1.0
0.0	1.0
0.0	1.0
0.0	1.0
-0.04404114931821823	0.0
0.0	1.0
0.0	1.0
0.0	1.0
-0.019121795892715454	0.0
0.0	1.0
0.0	1.0
0.0	1.0
-0.0010064970701932907	1.0
0.0	0.0
0.0	1.0
0.0	1.0
0.0	1.0
-1.5548237115581287e-06	1.0
0.0	1.0
0.0	1.0
-1.1908344532685078e-07	1.0
-4.93867901241174e-06	1.0
0.0	1.0
-0.00018996385915670544	1.0
-0.0009736763313412666	1.0
0.0	1.0
0.0	1.0
0.0	1.0
0.0	1.0
-1.805609281291254e-05	0.5
0.0	1.0
0.0	1.0
0.0	1.0
0.0	0.0
0.0	1.0
-0.00017710981774143875	1.0
-0.0015037751290947199	0.0
0.0	1.0
-0.009752475656569004	0.0
0.0	0.0
-0.00032431824365630746	1.0
0.0	1.0
-0.0004925114917568862	1.0
-0.0004588490992318839	1.0
-6.463447789428756e-05	1.0
0.0	0.0
0.0	1.0
0.0	1.0
0.0	1.0
-6.808217585785314e-05	1.0
0.0	1.0
-4.859348479158143e-08	1.0
0.0	1.0
0.0	1.0
0.0	1.0
0.0	1.0
-2.868265255528968e-06	1.0
0.0	1.0
0.0	1.0
-4.1288106444881123e-07	1.0
0.0	1.0
0.0	0.4580152671755725
0.0	1.0
0.0	1.0
0.0	0.6764705882352942
0.0	1.0
-0.050107479095458984	0.0
0.0	1.0
0.0	1.0
0.0	1.0
0.0	1.0
0.0	0.0
-3.413354761505616e-06	1.0
0.0	0.0
-1.4233015690479078e-06	0.4380952380952381
-6.904193287482485e-05	0.0
0.0	1.0
0.0	1.0
-2.295349023698212e-12	0.14285714285714285
0.0	1.0
0.0	0.0
-0.0002609873772598803	1.0
-0.014626703225076199	0.1
0.0	1.0
0.0	0.0
0.0	0.0
-0.0021041950676590204	0.0
-5.7712357374839485e-05	1.0
0.0	1.0
-0.003928355406969786	1.0
-6.791433548869463e-08	0.09090909090909091
0.0	0.16071428571428573
0.0	1.0
-2.518996211620106e-07	1.0
0.0	0.0
0.0	1.0
0.0	1.0
0.0	1.0
-0.0006542429910041392	1.0
-1.061279135683435e-06	0.8775193798449612
0.0	1.0
-0.003122104099020362	1.0
-4.715461534122252e-17	0.0
0.0	1.0
-0.000595670600887388	1.0
-4.8169858928304166e-06	1.0
0.0	1.0
0.0	1.0
0.0	0.0
0.0	1.0
0.0	1.0
-0.00023980511468835175	0.0
-3.1417591799254296e-06	1.0
0.0	1.0
0.0	1.0
-0.00023253921244759113	0.5
-6.343391578411683e-05	1.0
0.0	1.0
0.0	0.85
-1.287226132262731e-05	1.0
-9.195547562334053e-14	1.0
-0.00020001352822873741	0.0
0.0	1.0
0.0	1.0
-0.00011273884592810646	1.0
-8.079464350885246e-07	1.0
-3.1026414944790304e-05	1.0
-0.0003762192209251225	1.0
0.0	1.0
0.0	1.0
0.0	1.0
0.0	1.0
-1.2655394129978959e-05	1.0
0.0	1.0
0.0	1.0
-0.0004200768598821014	1.0
0.0	1.0
-7.691359314776491e-06	1.0
0.0	1.0
-3.939388371065888e-09	0.0
0.0	1.0
0.0	0.6952380952380952
0.0	1.0
-0.06218595802783966	0.0
0.0	1.0
-3.9180999010568485e-05	1.0
0.0	1.0
-4.297613486414775e-05	0.05555555555555555
0.0	1.0
-9.733453771332279e-05	1.0
-7.003583050391171e-06	1.0
0.0	1.0
0.0	0.0
0.0	1.0
0.0	1.0
0.0	0.0
-9.006675960598898e-10	1.0
0.0	1.0
-0.002125188009813428	1.0
-0.00031397497514262795	1.0
0.0	1.0
0.0	1.0
-4.813336545339553e-06	1.0
0.0	0.10606060606060606
0.0	1.0
-3.6689580156235024e-06	1.0
0.0	1.0
0.0	1.0
0.0	1.0
0.0	1.0
0.0	0.47863247863247865
0.0	0.5215686274509804
-0.024227047339081764	0.10526315789473684
0.0	1.0
0.0	1.0
-0.00041635113302618265	1.0
-8.259707442448416e-07	0.11764705882352941
-0.0003015392576344311	1.0
0.0	1.0
0.0	1.0
0.0	1.0
0.0	0.0
0.0	1.0
-4.441441433300497e-06	1.0
0.0	1.0
-1.5087067367858253e-05	1.0
-3.1478441542276414e-06	1.0
0.0	0.2702702702702703
-1.0070908501802478e-05	1.0
0.0	0.05263157894736842
0.0	1.0
0.0	1.0
-1.1209291272962218e-09	1.0
0.0	1.0
0.0	0.0
0.0	1.0
0.0	1.0
0.0	1.0
-9.084442353923805e-06	1.0
0.0	1.0
-0.00019368210632819682	1.0
0.0	1.0
0.0	1.0
0.0	0.0
0.0	0.0
0.0	1.0
0.0	0.0
0.0	1.0
0.0	1.0
-1.4527995517710224e-06	0.0
0.0	1.0
-1.844628422986716e-05	1.0
0.0	1.0
0.0	1.0
0.0	1.0
0.0	1.0
-8.486840386012773e-08	1.0
-0.002620456740260124	0.0
0.0	1.0
0.0	1.0
-9.1650909084251e-09	1.0
-6.383841537171975e-05	1.0
0.0	0.0
0.0	1.0
0.0	1.0
-5.6664862313482445e-06	0.018518518518518517
0.0	1.0
0.0	1.0
-0.0019022400956600904	1.0
-0.006801220588386059	0.0
-3.3181049019503916e-08	1.0
0.0	1.0
0.0	1.0
0.0	1.0
0.0	1.0
0.0	1.0
0.0	1.0
-1.9599936251779582e-07	1.0
-4.542735041468404e-06	1.0
0.0	1.0
-5.569562290475005e-06	1.0
-1.923348378340961e-07	0.0
0.0	1.0
0.0	0.0
-1.98194516087824e-06	1.0
0.0	1.0
0.0	1.0
0.0	0.0
-1.1542453393076357e-07	1.0
0.0	1.0
0.0	1.0
0.0	0.045454545454545456
-1.1813954328698806e-11	1.0
0.0	1.0
0.0	1.0
0.0	0.0
-1.3671505030288245e-06	1.0
-1.8406282151772757e-06	1.0
0.0	0.0
-0.00043125724187120795	1.0
0.0	0.03571428571428571
0.0	1.0
-0.007903424091637135	0.2396694214876033
0.0	1.0
-0.00028794791433028877	1.0
0.0	1.0
-0.025868183001875877	0.0
-0.0001811452239053324	1.0
0.0	1.0
-0.0007782269385643303	1.0
0.0	1.0
-9.792947821551934e-06	1.0
0.0	1.0
0.0	1.0
-7.081788498908281e-05	1.0
0.0	1.0
0.0	1.0
0.0	1.0
0.0	1.0
-2.9784354236422894e-12	1.0
-0.0006620626663789153	1.0
0.0	1.0
0.0	1.0
0.0	1.0
-0.008209753781557083	0.01694915254237288
0.0	1.0
0.0	1.0
0.0	0.0
0.0	1.0
0.0	1.0
-0.00017689046217128634	1.0
0.0	0.0
0.0	1.0
0.0	0.39080459770114945
0.0	1.0
0.0	1.0
0.0	1.0
0.0	1.0
-4.408484983287053e-06	1.0
0.0	1.0
-0.0011340464698150754	1.0
-0.0003395403327886015	0.0
0.0	1.0
0.0	1.0
0.0	1.0
-5.40465880476404e-05	1.0
-8.117021721432138e-09	1.0
0.0	0.0
0.0	1.0
0.0	1.0
0.0	1.0
0.0	0.0
-0.0006433540256693959	1.0
