0.0	1.0
-0.000950569286942482	0.0
-0.0020712914410978556	1.0
0.0	1.0
0.0	1.0
-6.009447679389268e-05	1.0
0.0	1.0
0.0	1.0
-0.0012935888953506947	0.0
-0.0004067265836056322	0.0
-2.376359043410048e-05	1.0
0.0	1.0
0.0	1.0
0.0	1.0
-7.375545101240277e-05	1.0
0.0	1.0
-6.661440420430154e-05	1.0
0.0	1.0
0.0	1.0
-6.486284109996632e-05	1.0
-3.4763077565003186e-05	1.0
0.0	1.0
0.0	0.0
0.0	1.0
-0.0001121636523748748	1.0
-2.4830355869198684e-06	1.0
-0.00021819226094521582	1.0
-0.004585299175232649	1.0
0.0	1.0
0.0	1.0
-3.6246610157775194e-09	1.0
0.0	0.0
0.0	1.0
0.0	1.0
-0.0003908699727617204	1.0
0.0	1.0
-0.033777862787246704	0.0
0.0	1.0
0.0	1.0
0.0	1.0
0.0	0.0
-9.383431461174041e-05	1.0
0.0	1.0
-1.4592800653190352e-05	0.0
0.0	1.0
0.0	1.0
-1.457644066249486e-05	1.0
-6.801877394657652e-10	1.0
-4.803637693839846e-06	1.0
0.0	1.0
-3.33182979375124e-05	1.0
0.0	1.0
-0.00015757649089209735	0.0
0.0	1.0
0.0	1.0
-2.2023950805305503e-06	1.0
0.0	0.0
-0.0008451153407804668	1.0
0.0	1.0
0.0	1.0
0.0	1.0
-1.4414114275496104e-06	1.0
0.0	1.0
0.0	1.0
0.0	0.41228070175438597
0.0	0.0
-0.007773537654429674	0.0
-8.489072934025899e-05	1.0
-0.010380871593952179	0.75
0.0	1.0
0.0	1.0
-0.00021149599342606962	0.0
-0.02143057994544506	0.0
0.0	0.11242603550295859
0.0	1.0
0.0	1.0
0.0	0.0
0.0	1.0
0.0	1.0
-9.454721094925844e-08	0.0
-0.0008605026523582637	0.0
0.0	1.0
-5.400519512477331e-06	0.0
0.0	1.0
-8.780280946751873e-10	1.0
-3.875316565427056e-07	1.0
-1.781013914126106e-08	1.0
-0.0004846293886657804	0.02127659574468085
0.0	0.0
0.0	1.0
0.0	0.0
0.0	0.0
0.0	1.0
0.0	1.0
0.0	1.0
-0.0015687108971178532	1.0
0.0	0.0
0.0	1.0
-0.0004502616648096591	1.0
0.0	0.1
0.0	1.0
0.0	1.0
-0.000376010371837765	1.0
-7.128919241949916e-05	0.0
-3.3701098800520413e-06	1.0
-0.026518896222114563	0.0
-4.6496393224515487e-07	0.0
0.0	1.0
-1.155999143520603e-05	0.061452513966480445
0.0	1.0
-1.1741401628739823e-08	1.0
-1.966052849411426e-07	1.0
-0.009613189846277237	0.0
-8.078390237642452e-06	1.0
0.0	1.0
0.0	1.0
0.0	1.0
0.0	1.0
-1.5281158994184807e-05	0.0
0.0	1.0
-0.0005350553547032177	1.0
-1.291959506488638e-05	1.0
-7.734134851489216e-05	0.0
0.0	0.48842592592592593
0.0	1.0
-0.0013337426353245974	1.0
0.0	1.0
-0.00032966697472147644	1.0
0.0	1.0
0.0	1.0
-8.7230063172683e-08	1.0
0.0	1.0
0.0	1.0
0.0	0.0
0.0	1.0
-1.4948744819776039e-07	1.0
-9.049154203744081e-10	1.0
0.0	1.0
0.0	1.0
-0.0015346164582297206	0.0
0.0	1.0
0.0	1.0
-3.0309192311506195e-07	1.0
0.0	0.0
-0.00011702012125169858	1.0
-8.284630894195288e-05	0.0
-0.008849368430674076	0.0
0.0	1.0
-4.241003261995502e-05	0.0
-1.1169021263413015e-06	1.0
-8.93754986464046e-06	1.0
-1.3438867085824313e-07	1.0
0.0	1.0
0.0	1.0
-0.0010482573416084051	1.0
0.0	1.0
0.0	0.0
0.0	1.0
0.0	1.0
0.0	1.0
0.0	1.0
0.0	1.0
0.0	1.0
0.0	1.0
-3.7858981158933602e-06	1.0
0.0	1.0
0.0	1.0
-0.00015740343951620162	1.0
-0.00038054175092838705	1.0
0.0	1.0
-0.003952772822231054	1.0
-0.0012716816272586584	1.0
0.0	1.0
0.0	1.0
0.0	1.0
-9.526174293839063e-10	1.0
-3.2992208076620955e-08	0.0
0.0	0.0
-0.0002100578712997958	0.125
0.0	1.0
0.0	1.0
0.0	1.0
-0.0003912638348992914	1.0
0.0	0.34234234234234234
0.0	1.0
0.0	1.0
-8.379850623896345e-05	1.0
-2.8874801500933245e-05	1.0
0.0	1.0
0.0	1.0
0.0	0.0
0.0	1.0
0.0	1.0
-1.0434887371957302e-06	1.0
-1.770946589374489e-08	1.0
0.0	1.0
0.0	1.0
0.0	1.0
0.0	1.0
-1.22448691399768e-05	1.0
0.0	1.0
-1.078372857676868e-08	1.0
-0.014164038002490997	0.0
0.0	1.0
0.0	0.04827586206896552
0.0	1.0
0.0	1.0
-0.0022690920159220695	0.4864864864864865
0.0	1.0
-0.009202676825225353	0.022222222222222223
0.0	1.0
-0.003656730055809021	0.3829787234042553
-0.002934185555204749	1.0
0.0	1.0
0.0	1.0
-0.00010721824946813285	1.0
0.0	1.0
-2.2860689568915404e-05	1.0
-0.00037748448085039854	1.0
0.0	0.0
0.0	0.0
0.0	1.0
-0.0036296474281698465	0.0
-0.00010602353722788393	1.0
-3.7060908653074875e-05	1.0
0.0	1.0
0.0	1.0
-0.00015910294314380735	0.012269938650306749
0.0	0.0
0.0	1.0
-4.8421679821331054e-05	0.0
-0.03147296980023384	0.06521739130434782
0.0	0.11764705882352941
0.0	1.0
-0.000605721608735621	1.0
0.0	1.0
0.0	1.0
0.0	1.0
-8.053264366481017e-08	1.0
0.0	1.0
0.0	1.0
-0.0012052423553541303	1.0
0.0	0.6451612903225806
0.0	0.0425531914893617
-7.745720154161972e-08	0.0
0.0	1.0
-0.00010365087655372918	0.0
0.0	1.0
0.0	1.0
0.0	1.0
-1.0061737221178646e-08	1.0
0.0	0.0
0.0	1.0
0.0	1.0
-0.0004827034135814756	1.0
-0.00018547088257037103	1.0
0.0	1.0
-0.0005703315255232155	0.0
-0.006236507091671228	0.0
0.0	1.0
0.0	1.0
0.0	1.0
-0.03059949167072773	0.0
0.0	1.0
-0.00041704432806000113	1.0
0.0	1.0
-0.007985045202076435	0.0
-5.656739085679874e-05	1.0
0.0	1.0
0.0	0.0
-0.00029887602431699634	1.0
0.0	1.0
-4.4884304606362946e-12	1.0
-0.00019398739095777273	1.0
0.0	1.0
0.0	1.0
0.0	1.0
0.0	1.0
0.0	1.0
0.0	1.0
0.0	0.15
0.0	1.0
0.0	0.0
0.0	1.0
0.0	1.0
0.0	0.0
0.0	1.0
-5.551480057874869e-07	1.0
-2.2524798737322271e-07	0.0
0.0	1.0
-0.004955131560564041	0.0
-0.00010375829879194498	1.0
0.0	1.0
-1.3282523468660656e-05	1.0
-0.019022662192583084	0.0
0.0	1.0
-3.506722023871589e-09	1.0
0.0	1.0
-0.0009600304183550179	1.0
-7.206681384948205e-17	0.02127659574468085
0.0	1.0
0.0	1.0
-1.4658488680652226e-06	1.0
-7.043681748974961e-10	1.0
0.0	1.0
0.0	1.0
-0.00941777229309082	0.20408163265306123
-8.731714729037776e-07	1.0
0.0	0.0
-6.367563037201762e-05	1.0
-1.3921489028234646e-07	0.0
0.0	1.0
-3.8142932226037374e-06	1.0
-6.467502657869773e-07	1.0
0.0	0.6428571428571429
-0.00014500437828246504	1.0
-9.023904681271233e-07	1.0
0.0	0.8760330578512396
-0.0009847006294876337	1.0
0.0	1.0
-1.4737197489012033e-06	1.0
0.0	1.0
0.0	1.0
0.0	1.0
-0.00650691008195281	1.0
0.0	1.0
0.0	1.0
0.0	1.0
-0.0015253352466970682	1.0
0.0	1.0
0.0	1.0
-0.0007665558950975537	1.0
0.0	0.0
0.0	1.0
-7.804338425509982e-11	1.0
0.0	1.0
-8.915837679523975e-05	1.0
0.0	1.0
-0.07420117408037186	0.2
0.0	1.0
-4.193419590592384e-05	1.0
0.0	1.0
-0.0019505335949361324	1.0
-6.069585722912052e-09	1.0
0.0	1.0
0.0	1.0
0.0	1.0
0.0	1.0
-1.704276837699581e-05	1.0
-1.5707291822764091e-06	1.0
0.0	1.0
0.0	1.0
0.0	1.0
0.0	0.0
-1.0120805304936198e-09	1.0
0.0	1.0
-2.6966040511666733e-09	1.0
0.0	1.0
0.0	1.0
0.0	0.0
0.0	1.0
0.0	1.0
0.0	0.9545454545454546
0.0	1.0
-0.00034922774648293853	0.0
-1.1112623496956076e-06	1.0
0.0	1.0
0.0	0.19298245614035087
-4.518719549650996e-07	1.0
0.0	1.0
0.0	1.0
0.0	1.0
0.0	1.0
-0.09617292881011963	0.0
-2.7889973353012465e-06	1.0
-0.00043788415496237576	1.0
-3.5043867683270946e-05	1.0
0.0	0.09722222222222222
0.0	1.0
0.0	1.0
0.0	1.0
0.0	1.0
-8.376201731152833e-05	1.0
0.0	1.0
0.0	1.0
0.0	1.0
-6.087404472054914e-06	1.0
-0.0014869499718770385	0.0
-0.0008116740500554442	1.0
0.0	1.0
-6.125131069012468e-09	1.0
-7.601640845678048e-06	1.0
0.0	1.0
-0.00014385282702278346	0.25
0.0	0.0
-0.014919073320925236	0.0
-0.0004422957426868379	1.0
-0.00016697154205758125	1.0
0.0	1.0
-0.00010011927224695683	1.0
0.0	1.0
0.0	1.0
-3.1769298303174764e-09	1.0
-0.06949736177921295	0.0
-0.003802977968007326	0.0
0.0	1.0
-3.358090543770231e-05	0.5
0.0	1.0
0.0	1.0
0.0	1.0
0.0	1.0
0.0	0.5903614457831325
-0.00014777472824789584	0.029411764705882353
-1.0346989256504457e-06	0.5769230769230769
-0.0009783570421859622	1.0
0.0	1.0
-5.803694875794463e-07	1.0
-0.001244724728167057	0.0
-0.0019365685293450952	1.0
-0.00011686652578646317	1.0
0.0	1.0
-4.266080111392512e-07	0.0
0.0	1.0
-1.5616980817867443e-05	1.0
0.0	1.0
-0.00939956121146679	0.0
-8.66508571562008e-08	1.0
0.0	0.0
0.0	1.0
0.0	1.0
0.0	1.0
0.0	0.03571428571428571
-1.5036661693557107e-08	0.0
-0.00013761769514530897	1.0
-1.1371366781531833e-07	1.0
-2.5521867428324185e-05	1.0
-0.0016242589335888624	0.0
0.0	1.0
0.0	0.43902439024390244
-0.0005686350050382316	1.0
0.0	1.0
-3.2385767099185614e-06	1.0
-2.8476549118749972e-08	1.0
0.0	0.0684931506849315
0.0	1.0
-4.557470674626529e-06	1.0
0.0	1.0
0.0	0.0
0.0	1.0
0.0	1.0
0.0	1.0
-9.372479689773172e-05	1.0
0.0	0.0
0.0	1.0
-6.078413571231067e-05	1.0
-4.253185124980519e-06	1.0
0.0	1.0
-5.261003854784008e-10	0.0
0.0	1.0
0.0	1.0
0.0	1.0
-3.573993581085233e-07	1.0
0.0	1.0
-0.06244736909866333	0.0
0.0	1.0
-0.0116247134283185	0.0
-0.015004904009401798	0.0
0.0	1.0
-0.00022889577667228878	0.2727272727272727
0.0	1.0
0.0	1.0
-8.86689595063217e-05	1.0
-2.2206846495009813e-07	1.0
0.0	1.0
0.0	1.0
0.0	1.0
0.0	1.0
-0.00011232130782445893	0.0
0.0	0.3561643835616438
-0.00043126041418872774	1.0
0.0	0.0
-0.0002511331986170262	1.0
0.0	1.0
-0.007385705132037401	0.0
0.0	1.0
-0.00044281937880441546	0.7620967741935484
0.0	1.0
0.0	1.0
0.0	1.0
-3.1610363748768577e-07	0.0
-0.0002881161344703287	1.0
-0.000699550611898303	0.0
0.0	1.0
0.0	0.9098360655737705
-2.7744629278458888e-06	1.0
-0.007001934107393026	0.019417475728155338
-0.0024639794137328863	1.0
0.0	0.0
-0.0002978641423396766	1.0
0.0	1.0
0.0	0.36363636363636365
0.0	1.0
0.0	1.0
-0.0005735535523854196	1.0
-0.0016208109445869923	1.0
-0.00010334067337680608	1.0
-7.58605165174231e-05	1.0
-9.244174179912079e-06	0.0
0.0	0.0
-3.281797589238522e-08	1.0
0.0	1.0
-0.0007162483525462449	1.0
0.0	1.0
0.0	1.0
0.0	0.0975609756097561
0.0	1.0
-3.9860256947577e-05	1.0
-6.543839390360517e-07	1.0
0.0	1.0
0.0	1.0
0.0	0.0
0.0	0.5714285714285714
-0.044728443026542664	0.4642857142857143
0.0	1.0
0.0	1.0
0.0	1.0
0.0	0.0
0.0	1.0
0.0	1.0
0.0	1.0
0.0	1.0
0.0	0.0
0.0	1.0
0.0	1.0
-1.294647660188275e-07	1.0
0.0	0.0
0.0	1.0
0.0	0.2571428571428571
0.0	1.0
-3.6270790587877855e-05	0.0
-7.151577663400133e-10	0.0
-1.2808122562546487e-08	0.0
0.0	0.0
-5.3194351494312286e-05	1.0
0.0	1.0
0.0	1.0
0.0	0.0
0.0	1.0
-3.412835667404579e-06	1.0
