-1.5273713870556094e-05	1.0
0.0	1.0
0.0	1.0
-3.049858698922492e-10	0.0
0.0	0.024390243902439025
0.0	1.0
-0.00027176199364475906	1.0
-6.70358275556282e-08	0.0
-0.002995008137077093	1.0
0.0	1.0
-6.713141920045018e-05	1.0
0.0	1.0
0.0	1.0
-4.8915120714809746e-05	1.0
0.0	1.0
0.0	1.0
0.0	1.0
-0.0001134976337198168	1.0
0.0	0.0
-0.000551131903193891	1.0
0.0	1.0
0.0	1.0
-6.901162123540416e-05	1.0
-0.002847197698429227	1.0
0.0	1.0
0.0	1.0
0.0	1.0
-4.671540409617592e-06	1.0
-7.073557935655117e-05	0.0
0.0	0.0
-8.21809662738815e-05	1.0
0.0	1.0
0.0	0.0
0.0	0.35294117647058826
0.0	1.0
0.0	1.0
0.0	0.9411764705882353
0.0	1.0
0.0	1.0
-7.723638555034995e-05	1.0
0.0	1.0
0.0	1.0
-6.271748276276412e-08	1.0
0.0	1.0
-0.009776373393833637	0.0
-3.2658033433108358e-06	1.0
0.0	1.0
0.0	1.0
-4.901098624165989e-12	1.0
0.0	1.0
-0.01597742550075054	0.0
0.0	0.0
-8.134127919834366e-12	0.08259587020648967
0.0	1.0
0.0	0.5
0.0	1.0
-0.002469097962602973	0.0449438202247191
0.0	1.0
0.0	1.0
0.0	1.0
0.0	0.0
0.0	1.0
0.0	1.0
-9.191602856617465e-08	1.0
0.0	0.0
-2.8553449535340114e-11	1.0
0.0	1.0
0.0	1.0
0.0	1.0
0.0	1.0
-0.02847154438495636	0.0
0.0	0.0
0.0	1.0
-0.0008545800810679793	1.0
0.0	0.0
-0.002153035020455718	1.0
0.0	1.0
0.0	1.0
-6.515796968642462e-08	0.0
0.0	1.0
0.0	1.0
0.0	0.06666666666666667
-4.8781224904814735e-05	1.0
0.0	1.0
0.0	1.0
0.0	1.0
-0.0003871592052746564	1.0
0.0	1.0
0.0	1.0
0.0	1.0
0.0	1.0
0.0	0.0
-0.00010251807543681934	1.0
-2.5243267373298295e-05	1.0
-0.03528348356485367	0.0
0.0	1.0
-0.0005854081246070564	1.0
-6.347532325889915e-05	0.34065934065934067
0.0	1.0
-3.653719431895297e-06	1.0
-4.0281553083332255e-05	1.0
0.0	1.0
0.0	1.0
-1.342763516731793e-05	1.0
0.0	1.0
0.0	1.0
0.0	0.0
0.0	1.0
-0.0005260626203380525	0.0
-1.0220378499070648e-05	1.0
-2.4364269393117866e-06	1.0
0.0	1.0
0.0	1.0
0.0	1.0
0.0	0.7476780185758514
-0.002660222817212343	1.0
-7.064821693347767e-05	1.0
0.0	1.0
0.0	0.0
0.0	1.0
-0.0009204538073390722	1.0
-0.0006865332834422588	1.0
-0.0008705268846824765	0.0
-8.865707968652714e-06	1.0
0.0	1.0
-0.01802508719265461	0.0
0.0	1.0
-0.027179934084415436	0.0
0.0	1.0
0.0	1.0
-1.1040628855596424e-08	1.0
0.0	1.0
-0.0003180583589710295	1.0
0.0	1.0
0.0	1.0
0.0	1.0
0.0	1.0
-1.543122561997734e-05	1.0
0.0	1.0
-3.1165117708731316e-10	1.0
0.0	1.0
-1.4699749044666532e-05	1.0
0.0	1.0
-0.0001261900906683877	1.0
0.0	1.0
0.0	1.0
-9.424859503948113e-11	1.0
0.0	1.0
0.0	0.0
-1.9637082758483526e-12	1.0
0.0	1.0
0.0	1.0
0.0	1.0
-0.0008209350053220987	1.0
0.0	0.0
-0.0007586630526930094	1.0
-2.306119739614587e-09	1.0
0.0	1.0
0.0	1.0
0.0	1.0
0.0	1.0
0.0	1.0
0.0	1.0
-0.0022910619154572487	1.0
-0.013298201374709606	0.0
-0.0006374235381372273	1.0
0.0	0.39054726368159204
-0.0001968640135601163	1.0
0.0	1.0
-0.0003241341619286686	1.0
0.0	1.0
0.0	1.0
0.0	1.0
-0.00014694333367515355	0.0
-5.399602400757431e-07	1.0
0.0	1.0
0.0	1.0
-4.181692474958254e-06	1.0
0.0	0.0
0.0	1.0
0.0	1.0
-3.2657630981702823e-06	1.0
0.0	1.0
0.0	1.0
0.0	0.0
0.0	0.0
0.0	1.0
0.0	1.0
0.0	0.0
0.0	1.0
-2.2333565539156552e-06	1.0
-9.221627260558307e-05	1.0
0.0	1.0
-1.4164598724164534e-05	1.0
0.0	1.0
-3.909040344751702e-07	1.0
0.0	1.0
-1.635811713640578e-06	0.0
0.0	1.0
-0.000157412767293863	1.0
0.0	1.0
-8.366924220126748e-08	1.0
0.0	1.0
-1.809068749025755e-06	0.993963782696177
0.0	1.0
-9.878766554782814e-11	0.0
-0.0002751944412011653	1.0
-0.0031291134655475616	1.0
0.0	0.0
0.0	1.0
0.0	1.0
-0.0003419136337470263	1.0
-4.993372613171232e-07	1.0
0.0	1.0
-1.9335911360940372e-07	1.0
0.0	1.0
0.0	1.0
-0.004510817583650351	0.08333333333333333
-2.282591594848782e-06	1.0
-2.088369001285173e-06	1.0
0.0	1.0
-7.070943865983281e-06	1.0
-3.0670133099874874e-09	1.0
-4.101851237142684e-12	1.0
0.0	0.0
0.0	0.0
-5.675347892974969e-06	1.0
0.0	0.0
0.0	0.0
0.0	1.0
-0.0008846488199196756	1.0
-9.829961555851696e-08	0.0
0.0	1.0
0.0	1.0
-0.0001659666158957407	0.8333333333333334
0.0	1.0
0.0	1.0
0.0	1.0
-4.821342372451909e-06	1.0
-4.6135995944496244e-05	1.0
0.0	1.0
-3.1122181098908186e-05	1.0
0.0	1.0
0.0	1.0
0.0	1.0
-0.0001190926122944802	1.0
0.0	1.0
0.0	1.0
-0.0005071688792668283	1.0
-7.334297436045745e-08	0.0
-0.0003179849882144481	0.0
0.0	0.0
0.0	1.0
0.0	1.0
0.0	1.0
0.0	1.0
0.0	0.0
0.0	1.0
-8.866083589964546e-06	1.0
0.0	1.0
0.0	1.0
0.0	1.0
0.0	1.0
0.0	1.0
0.0	1.0
0.0	1.0
-0.0016612939070910215	1.0
-0.0001950130535988137	0.014705882352941176
0.0	1.0
-4.624775726824737e-07	1.0
0.0	0.0
0.0	1.0
-3.3910779166035354e-05	1.0
0.0	1.0
0.0	1.0
0.0	1.0
-0.0019409684464335442	1.0
0.0	1.0
0.0	1.0
0.0	1.0
0.0	1.0
-9.61790874498547e-07	1.0
0.0	1.0
0.0	1.0
-0.0012160406913608313	0.25
0.0	1.0
0.0	1.0
0.0	0.0
-1.7227351815050918e-13	0.3229571984435798
0.0	1.0
0.0	0.0
0.0	1.0
0.0	1.0
0.0	1.0
0.0	1.0
0.0	0.0
0.0	1.0
0.0	0.08888888888888889
0.0	1.0
-0.003068579128012061	0.0
0.0	0.0
0.0	1.0
0.0	1.0
0.0	1.0
0.0	1.0
0.0	1.0
0.0	0.0
-0.00043600969365797937	0.15789473684210525
0.0	1.0
-2.2061009019580524e-08	1.0
-2.6508607788855443e-06	1.0
-0.00048262879136018455	0.0
0.0	1.0
0.0	1.0
0.0	1.0
0.0	0.0
-0.00020907571888528764	1.0
-0.011751898564398289	0.0
0.0	1.0
-5.150203037374013e-07	0.0
0.0	1.0
-0.012564823031425476	0.0
-3.5300004697091936e-07	1.0
-3.130057280031906e-07	0.0
-0.0002732356369961053	0.0
-0.0003006775223184377	1.0
0.0	1.0
-0.00017905041750054806	1.0
-2.7909497930522775e-06	1.0
0.0	1.0
-0.0001089311990654096	1.0
0.0	1.0
0.0	1.0
0.0	1.0
-0.0007036423776298761	0.0
0.0	1.0
0.0	1.0
0.0	1.0
0.0	1.0
0.0	1.0
0.0	1.0
0.0	1.0
0.0	1.0
-4.6341948944927935e-08	0.0
-0.0001307944767177105	0.0
0.0	1.0
-1.518578152115424e-08	0.06896551724137931
-2.9207040432022158e-12	1.0
0.0	0.0
0.0	1.0
0.0	1.0
0.0	0.0
-0.00021062951418571174	1.0
-0.0006305624847300351	1.0
0.0	0.14285714285714285
0.0	1.0
-3.9875849324744195e-05	1.0
0.0	1.0
0.0	1.0
0.0	1.0
-1.0631532859406434e-05	1.0
0.0	1.0
-0.013817785307765007	0.0
0.0	1.0
0.0	1.0
0.0	1.0
0.0	1.0
0.0	1.0
0.0	1.0
-0.06701666861772537	0.0
0.0	1.0
0.0	1.0
0.0	1.0
0.0	0.0
-0.0007097362540662289	1.0
0.0	1.0
0.0	1.0
0.0	1.0
-7.370288949459791e-05	1.0
0.0	1.0
0.0	1.0
0.0	1.0
-3.3166379580507055e-05	1.0
0.0	1.0
0.0	1.0
-0.0001178890815936029	0.07692307692307693
0.0	1.0
-4.0225411794381216e-05	1.0
0.0	1.0
0.0	1.0
0.0	1.0
0.0	0.14285714285714285
0.0	1.0
0.0	1.0
-0.00035789888352155685	1.0
0.0	1.0
-0.0012456425465643406	0.22916666666666666
0.0	1.0
-8.576274558436126e-05	1.0
0.0	1.0
0.0	1.0
-1.2997094927413855e-05	1.0
-1.956018058990594e-05	0.0
-4.890878335572779e-05	1.0
0.0	1.0
0.0	1.0
0.0	1.0
-0.0008739284239709377	1.0
0.0	1.0
0.0	1.0
0.0	0.0
0.0	1.0
-0.0002949876943603158	1.0
-5.800565645586175e-07	1.0
0.0	1.0
-2.7938316105036165e-09	1.0
-1.1773402547987644e-05	0.1188118811881188
0.0	1.0
0.0	1.0
0.0	1.0
-0.0023469715379178524	1.0
0.0	1.0
-3.149460070517307e-08	1.0
0.0	1.0
0.0	0.0
0.0	0.029411764705882353
0.0	1.0
-0.005967830773442984	0.0
0.0	0.005235602094240838
0.0	1.0
0.0	1.0
-7.421668215101818e-06	0.0
-0.000813053164165467	1.0
0.0	1.0
0.0	1.0
0.0	1.0
-1.8535249779461083e-08	1.0
-0.009053955785930157	0.0
0.0	1.0
0.0	1.0
-0.0024352939799427986	1.0
-8.402328967349604e-05	1.0
0.0	1.0
-8.275403524748981e-05	1.0
-0.00727788545191288	1.0
0.0	0.4166666666666667
-0.0004283239250071347	1.0
0.0	1.0
0.0	1.0
-0.03233342245221138	0.0
0.0	1.0
0.0	1.0
0.0	1.0
0.0	1.0
-0.0003667986602522433	1.0
-5.955386478795723e-16	0.0
-0.012839161790907383	1.0
0.0	1.0
0.0	1.0
0.0	1.0
-0.00017769543046597391	1.0
0.0	1.0
-2.0935490852025396e-07	1.0
-1.5394080321584624e-07	1.0
0.0	0.0
0.0	1.0
0.0	1.0
0.0	1.0
0.0	0.8621399176954733
-9.65839353739284e-06	1.0
-0.0005627364153042436	1.0
-0.02792130783200264	0.0
0.0	1.0
-5.229501880421594e-07	1.0
0.0	0.0
-5.944928577195085e-11	0.0
-1.0184391612710897e-05	0.0
0.0	1.0
0.0	0.0
-0.0005145611357875168	1.0
0.0	1.0
