0.0	1.0
0.0	1.0
0.0	1.0
-0.044623710215091705	0.0
0.0	1.0
-3.653993189800531e-05	1.0
0.0	1.0
0.0	1.0
0.0	1.0
0.0	1.0
-1.409146989317378e-06	1.0
-0.00019420629541855305	1.0
-7.819083407412108e-07	1.0
0.0	1.0
-0.00036827739677391946	0.12359550561797752
0.0	1.0
-6.3333504840557e-06	0.0
-8.394907490583137e-05	1.0
0.0	0.0
0.0	1.0
0.0	1.0
0.0	1.0
0.0	1.0
0.0	1.0
0.0	1.0
0.0	1.0
-1.1235426427447237e-05	1.0
0.0	1.0
0.0	1.0
0.0	0.0
0.0	1.0
0.0	0.45454545454545453
-2.6003888251580065e-06	1.0
0.0	1.0
0.0	0.2
-0.00012106874055461958	0.0
0.0	1.0
0.0	1.0
0.0	1.0
-0.0013939870987087488	1.0
0.0	1.0
-0.0020706281065940857	1.0
-0.0010086080292239785	1.0
0.0	1.0
-4.1023449739441276e-05	1.0
0.0	1.0
0.0	1.0
-3.1466013297176687e-06	1.0
0.0	1.0
-2.672339016740466e-09	1.0
0.0	1.0
-0.011694757267832756	0.3389830508474576
-0.002570312237367034	1.0
0.0	1.0
0.0	0.26262626262626265
0.0	1.0
0.0	1.0
0.0	1.0
-0.00026586023159325123	0.0
-2.70507580779622e-08	1.0
-1.644888947271994e-10	1.0
-5.652609491590965e-10	1.0
0.0	1.0
0.0	1.0
-0.0016563980607315898	1.0
-1.7384631061612968e-23	1.0
0.0	1.0
-0.0005849383887834847	0.0
-1.1884295417985413e-05	0.0
0.0	1.0
0.0	1.0
-2.6738009182736278e-05	1.0
-0.00023121386766433716	1.0
0.0	1.0
-1.875422839248131e-07	1.0
0.0	0.09090909090909091
0.0	1.0
0.0	1.0
-2.0675950509030372e-05	1.0
-1.2405711231622263e-06	1.0
0.0	0.0
0.0	1.0
-0.014428538270294666	0.051470588235294115
-5.318321072422805e-08	1.0
0.0	1.0
0.0	1.0
-6.955329467928095e-07	1.0
-0.00011127186007797718	1.0
-4.9236354243475944e-05	1.0
0.0	1.0
0.0	1.0
-0.0005829757428728044	1.0
0.0	1.0
-7.246559107443318e-05	1.0
-5.725966548197903e-05	1.0
-1.4807416404138962e-09	0.0
-0.0012583391508087516	1.0
0.0	1.0
0.0	1.0
-4.317526958175222e-08	1.0
0.0	0.0
-0.00026999556575901806	1.0
-1.3311230304680066e-06	1.0
0.0	1.0
-0.0019076814642176032	1.0
0.0	1.0
0.0	0.0
-0.00010218059469480067	1.0
-0.0009589462424628437	0.012195121951219513
0.0	1.0
0.0	1.0
-0.009777422994375229	0.0
-0.0033412131015211344	1.0
0.0	1.0
-0.00036891369381919503	1.0
0.0	1.0
0.0	1.0
0.0	1.0
0.0	1.0
-4.462915239855647e-05	1.0
-8.134468771459069e-06	1.0
0.0	1.0
-5.75995072722435e-05	1.0
-0.0008097555255517364	1.0
0.0	1.0
-2.1612770069623366e-05	1.0
0.0	1.0
0.0	1.0
0.0	0.7090163934426229
-2.7783032763295523e-08	1.0
-4.265623854138312e-09	0.0
-0.0001928094425238669	1.0
-4.0412898028030497e-10	1.0
-0.0005997229600325227	0.6701902748414377
-0.011143814772367477	0.0
0.0	0.0
0.0	0.0
0.0	1.0
0.0	1.0
0.0	1.0
0.0	1.0
-1.77723886736203e-05	1.0
-0.0004890889977104962	1.0
0.0	1.0
0.0	1.0
0.0	1.0
0.0	1.0
-0.001864369958639145	1.0
0.0	1.0
0.0	1.0
0.0	1.0
0.0	1.0
0.0	0.0
0.0	0.4716981132075472
-1.2357582512834142e-08	1.0
-2.6961081402987475e-06	1.0
0.0	0.0
0.0	1.0
0.0	0.0
-1.5212362924899026e-08	0.0
-4.243588136887411e-06	0.0
-7.059084600768983e-05	0.0
0.0	1.0
0.0	1.0
0.0	0.02
0.0	1.0
0.0	0.0
0.0	1.0
-0.0007871021516621113	0.47619047619047616
0.0	1.0
-0.00026267138309776783	0.0
0.0	0.0
0.0	0.0
0.0	1.0
0.0	1.0
0.0	1.0
-9.287690772907808e-06	1.0
-0.00029788530082441866	0.4782608695652174
0.0	1.0
0.0	1.0
0.0	1.0
0.0	1.0
-3.814042793237604e-05	1.0
-0.0016490299021825194	1.0
0.0	1.0
-0.002258616965264082	0.0
0.0	1.0
0.0	1.0
0.0	1.0
0.0	1.0
0.0	1.0
0.0	0.0
0.0	1.0
-1.4108326240602764e-07	0.0
0.0	0.3835616438356164
0.0	1.0
0.0	1.0
0.0	1.0
0.0	0.058823529411764705
0.0	1.0
-2.956799391995446e-07	1.0
0.0	0.0
0.0	0.3181818181818182
0.0	0.0
0.0	0.0
0.0	1.0
-0.039795950055122375	0.0
0.0	1.0
0.0	0.8343949044585988
-0.005675194319337606	1.0
0.0	1.0
-1.6262933058897033e-05	1.0
0.0	1.0
0.0	1.0
0.0	1.0
-0.025545228272676468	0.0
0.0	0.0
0.0	1.0
-6.493708237798046e-09	0.0
0.0	0.0
0.0	1.0
0.0	1.0
-7.47482554288581e-05	1.0
0.0	1.0
0.0	0.6153846153846154
-1.9441475274106779e-07	1.0
-0.001181820291094482	0.0
0.0	1.0
0.0	0.3148148148148148
-8.886891919246409e-06	1.0
0.0	0.0
0.0	1.0
-3.2329364330507815e-05	1.0
0.0	1.0
-5.433499694618149e-08	0.5064935064935064
-0.003050850937142968	0.0
-0.004405078012496233	1.0
0.0	1.0
0.0	1.0
0.0	1.0
0.0	1.0
0.0	1.0
0.0	1.0
-0.0027688443660736084	0.0
0.0	0.0
0.0	1.0
0.0	1.0
0.0	1.0
0.0	1.0
0.0	0.0
-0.005569815635681152	0.0
-0.000267123308731243	1.0
-1.973705288094152e-08	0.6259946949602122
0.0	1.0
-0.001082673785276711	1.0
-1.2754718288487954e-11	0.014705882352941176
0.0	1.0
0.0	1.0
0.0	1.0
0.0	1.0
0.0	1.0
0.0	1.0
-0.0008403935935348272	1.0
0.0	1.0
0.0	1.0
0.0	1.0
0.0	1.0
0.0	1.0
-2.4674413907632697e-06	1.0
0.0	1.0
-0.00010572778410278261	1.0
-3.445062191076431e-08	1.0
0.0	1.0
-0.0015554018318653107	1.0
-1.0177125808752407e-10	1.0
-0.0001357862347504124	1.0
0.0	1.0
-0.0025333240628242493	1.0
-1.0897307220147923e-05	1.0
0.0	0.0
0.0	1.0
0.0	1.0
0.0	1.0
0.0	0.0
0.0	1.0
0.0	1.0
0.0	1.0
0.0	1.0
-2.0562824012970715e-11	1.0
-9.52128175413236e-07	0.0
-4.499999340623617e-05	1.0
0.0	1.0
0.0	0.18181818181818182
0.0	1.0
-0.0008955413359217346	1.0
0.0	1.0
0.0	1.0
0.0	1.0
0.0	1.0
-7.299149729078636e-07	0.0
0.0	1.0
0.0	1.0
0.0	1.0
0.0	0.0
0.0	1.0
0.0	0.5
-0.00013058169861324131	0.0
0.0	1.0
-0.001457567443139851	0.0
0.0	0.0
-0.0009093531989492476	1.0
0.0	1.0
-4.8252957640215755e-05	1.0
-8.029899523087636e-10	1.0
-0.001141253625974059	1.0
-2.6758138119475916e-05	1.0
0.0	1.0
0.0	0.5666666666666667
-7.064501005515922e-06	1.0
0.0	1.0
0.0	1.0
0.0	1.0
0.0	0.0
0.0	1.0
-2.407198564924329e-07	1.0
-0.0005906240548938513	1.0
-1.7806651158025488e-05	1.0
-0.0025933817960321903	1.0
0.0	1.0
0.0	1.0
0.0	1.0
-0.0009788756724447012	0.0
0.0	1.0
0.0	1.0
0.0	0.0
0.0	1.0
0.0	1.0
-3.297462569662457e-08	1.0
0.0	0.0
0.0	1.0
0.0	1.0
-0.0012051919475197792	0.0
0.0	0.5264550264550265
0.0	1.0
0.0	1.0
-1.8828487213795597e-08	0.0
0.0	1.0
0.0	1.0
0.0	1.0
-0.000611025549005717	1.0
-1.9193132175132632e-05	1.0
0.0	1.0
0.0	1.0
0.0	1.0
0.0	1.0
-9.280190838012459e-09	1.0
-0.0018861208809539676	1.0
0.0	1.0
0.0	1.0
-0.0003384814190212637	1.0
-3.201799700036645e-05	1.0
0.0	0.0
0.0	1.0
0.0	1.0
0.0	1.0
-0.002058129059150815	0.0
0.0	0.0
0.0	1.0
0.0	1.0
0.0	0.34951456310679613
0.0	1.0
-0.0001158792365458794	1.0
-5.729898930439958e-06	0.4152542372881356
0.0	1.0
-0.0011451455065980554	1.0
-0.000689273641910404	1.0
0.0	1.0
0.0	1.0
-5.7210745580960065e-06	1.0
-3.623791417339817e-05	1.0
0.0	0.16666666666666666
-4.961893864674494e-07	1.0
0.0	1.0
0.0	0.0
0.0	1.0
-2.9886933816669625e-08	1.0
0.0	0.0
-0.0005378845380619168	1.0
0.0	1.0
-4.378607991384342e-05	0.21518987341772153
0.0	1.0
0.0	1.0
-1.0810376807057764e-06	0.0
0.0	1.0
0.0	0.0
0.0	1.0
0.0	1.0
0.0	1.0
-5.359720667286183e-09	0.0
0.0	0.0
0.0	0.5549132947976878
-0.0005305500235408545	0.5
0.0	1.0
0.0	0.6234817813765182
-0.0025677531957626343	0.0
0.0	1.0
-1.458964220546477e-07	0.0
-1.504990450484911e-05	1.0
0.0	1.0
0.0	1.0
0.0	0.0
0.0	1.0
0.0	1.0
0.0	0.125
-3.301582546555437e-05	1.0
-3.315669738768179e-09	1.0
-3.0959967922683518e-09	1.0
-3.1636864150641486e-05	1.0
-1.790028022696788e-06	1.0
0.0	1.0
-0.0012487901840358973	0.13768115942028986
0.0	0.0
-2.747282382056099e-13	1.0
0.0	1.0
0.0	1.0
0.0	0.25
-4.495792836678447e-06	1.0
0.0	1.0
-2.0482359104789793e-05	1.0
-4.639876351575367e-06	1.0
0.0	1.0
0.0	1.0
0.0	0.01834862385321101
0.0	0.0
-0.006350441370159388	0.0
0.0	1.0
0.0	1.0
-0.007441438268870115	0.0
0.0	1.0
0.0	1.0
0.0	1.0
-1.734830334498838e-06	1.0
0.0	1.0
0.0	1.0
0.0	1.0
0.0	1.0
0.0	1.0
0.0	0.16666666666666666
-0.014391878619790077	0.0
0.0	1.0
0.0	0.0
-2.8521975764306262e-05	0.0
-0.00012602093920577317	1.0
0.0	1.0
-2.3780803530826233e-05	0.0
0.0	1.0
-6.055673651417237e-08	1.0
-0.00019614472694229335	0.2631578947368421
-0.0007127525750547647	1.0
0.0	0.125
-0.001856023445725441	0.0
0.0	0.0
0.0	1.0
0.0	0.0
-0.00030274453456513584	1.0
0.0	1.0
-0.0017441280651837587	1.0
0.0	1.0
0.0	1.0
-9.786042210180312e-05	1.0
-3.720950417118729e-06	1.0
0.0	1.0
0.0	1.0
-0.0006368986796587706	0.5026178010471204
-0.0009252535528503358	1.0
0.0	1.0
0.0	1.0
0.0	1.0
0.0	1.0
0.0	1.0
0.0	0.0
-0.0017023665132001042	1.0
-0.0023854183964431286	0.416
0.0	1.0
0.0	1.0
0.0	1.0
0.0	0.1782178217821782
-0.0002925572625827044	1.0
0.0	1.0
-1.4441974371948163e-06	1.0
-0.00019942842482123524	1.0
-0.0004232094797771424	1.0
-2.2813367195340106e-06	1.0
0.0	1.0
0.0	1.0
0.0	1.0
0.0	1.0
0.0	1.0
0.0	1.0
0.0	1.0
0.0	1.0
-1.3940351095698134e-08	1.0
-0.00013087644765619189	1.0
0.0	1.0
0.0	1.0
0.0	1.0
0.0	1.0
0.0	1.0
0.0	0.0
0.0	1.0
0.0	1.0
-1.8054228348773904e-05	0.0
0.0	1.0
0.0	0.0
0.0	1.0
0.0	1.0
0.0	1.0
-8.097006229945691e-07	1.0
-3.586889357580503e-13	1.0
0.0	0.0
-0.0023688706569373608	0.0
0.0	1.0
0.0	1.0
0.0	0.0
0.0	1.0
0.0	1.0
