0.0	1.0
-0.0007753316895104945	0.01652892561983471
0.0	0.43608124253285546
-0.0005155420512892306	0.0
0.0	1.0
0.0	1.0
0.0	1.0
-1.5833392374986488e-09	1.0
0.0	1.0
0.0	1.0
0.0	1.0
0.0	1.0
0.0	1.0
0.0	1.0
-3.3989880354745594e-11	1.0
-0.0005774780875071883	1.0
0.0	1.0
0.0	1.0
0.0	0.6561604584527221
-5.2924584451830015e-05	1.0
-0.0004365456406958401	1.0
0.0	0.412
0.0	1.0
-0.0016741338185966015	1.0
-3.7682620912526943e-10	1.0
-0.008394278585910797	0.5238095238095238
0.0	1.0
0.0	1.0
-9.546052024234086e-05	1.0
0.0	0.0
0.0	1.0
0.0	1.0
0.0	0.05172413793103448
0.0	1.0
0.0	1.0
0.0	1.0
-5.677635272149928e-05	1.0
-0.00019711238564923406	1.0
-3.75650370187941e-06	1.0
-2.06472377612954e-05	0.0
-1.0128213823179522e-09	1.0
0.0	0.0
0.0	1.0
-0.002015921752899885	1.0
-0.0007197157246991992	1.0
0.0	1.0
0.0	1.0
-0.004412971902638674	0.0
-1.9159659814249608e-07	1.0
0.0	1.0
0.0	0.0
0.0	1.0
0.0	1.0
-0.0008224959601648152	1.0
0.0	1.0
0.0	0.0
-7.974628715601284e-06	1.0
0.0	1.0
-2.8012887014483567e-06	1.0
-0.000675729475915432	1.0
0.0	1.0
0.0	1.0
-0.00026554279611445963	1.0
-0.0050506689585745335	0.24858757062146894
0.0	0.0
0.0	1.0
0.0	1.0
0.0	1.0
0.0	1.0
0.0	1.0
0.0	1.0
0.0	0.634375
0.0	1.0
-0.00047609175089746714	1.0
-2.5116563847404905e-05	1.0
0.0	1.0
-4.195226665615337e-06	1.0
0.0	1.0
0.0	1.0
0.0	1.0
0.0	1.0
0.0	0.3333333333333333
-1.438682506460509e-09	1.0
0.0	1.0
-2.0807759938179515e-05	1.0
0.0	0.49508196721311476
0.0	1.0
0.0	1.0
0.0	1.0
-6.090901394362191e-11	1.0
0.0	0.0
-0.0009065985213965178	0.16129032258064516
0.0	1.0
0.0	1.0
0.0	1.0
0.0	1.0
-7.146824998471857e-08	1.0
-9.412565304955933e-06	1.0
-3.141587876598351e-05	0.21450151057401812
-0.0004864965449087322	1.0
-0.0006272243917919695	0.0
-1.0330832083127461e-05	1.0
0.0	1.0
0.0	1.0
-1.4214948862445453e-07	1.0
0.0	0.0
0.0	1.0
-0.0001003814468276687	1.0
-1.0917458894255105e-05	1.0
0.0	1.0
-1.3325263353181072e-05	1.0
0.0	1.0
0.0	1.0
-2.026999027293641e-06	1.0
-3.227188062737696e-05	1.0
0.0	1.0
-8.247185905929655e-05	1.0
0.0	1.0
-3.402534275664948e-05	0.06097560975609756
0.0	1.0
0.0	1.0
-0.0002756523317657411	0.07142857142857142
0.0	0.34615384615384615
0.0	1.0
0.0	1.0
-0.00038656487595289946	1.0
-1.8687511555981473e-06	1.0
-1.4372739315149374e-05	1.0
0.0	1.0
0.0	1.0
0.0	1.0
0.0	1.0
0.0	0.0
-3.5410413750519565e-12	1.0
0.0	1.0
-0.02372073568403721	0.0
-7.75137814343907e-05	0.0
0.0	1.0
0.0	1.0
0.0	1.0
0.0	1.0
-2.146101360267494e-05	1.0
-1.4821080362992234e-08	1.0
0.0	0.0
0.0	1.0
0.0	1.0
0.0	1.0
0.0	1.0
-0.0004862563800998032	0.0
0.0	0.125
0.0	0.16666666666666666
0.0	1.0
-0.0021248681005090475	1.0
-2.7882667836820474e-06	1.0
0.0	1.0
0.0	1.0
-1.2013710204428207e-07	1.0
0.0	1.0
-0.00037676538340747356	1.0
-8.366614956401008e-09	1.0
-6.339813262457028e-05	0.5645161290322581
0.0	1.0
0.0	1.0
-6.027982635714579e-06	0.0
-0.00022872420959174633	1.0
0.0	1.0
0.0	1.0
0.0	1.0
0.0	1.0
0.0	1.0
0.0	1.0
0.0	0.045454545454545456
-0.0003355813096277416	1.0
0.0	1.0
-0.00013203125854488462	1.0
0.0	1.0
-0.001334979897364974	0.0
0.0	0.041666666666666664
0.0	0.0
-0.0017609101487323642	0.0
0.0	1.0
0.0	1.0
0.0	0.0
0.0	1.0
-0.000680512108374387	1.0
0.0	0.0
0.0	1.0
0.0	1.0
0.0	1.0
0.0	1.0
-6.121271667325345e-07	1.0
0.0	1.0
0.0	1.0
-7.662387361051515e-05	1.0
0.0	1.0
0.0	0.0
-9.282037353841588e-06	1.0
-0.0015746642602607608	1.0
0.0	1.0
-0.0010416799923405051	1.0
-4.369904490886256e-05	1.0
-4.0868606276944774e-08	1.0
0.0	0.25874125874125875
-0.00010692016076063737	1.0
0.0	1.0
-0.0018666632240638137	0.9316987740805605
0.0	1.0
-0.0004462140495888889	1.0
0.0	1.0
-0.0023792313877493143	1.0
0.0	1.0
-0.00015161281044129282	1.0
0.0	1.0
0.0	1.0
0.0	1.0
0.0	0.0
-6.79827371641295e-06	1.0
-4.2774761823238805e-05	0.16666666666666666
0.0	1.0
-0.0007758798310533166	0.0
0.0	0.3918918918918919
0.0	1.0
-3.311114085136069e-07	0.0
0.0	1.0
-2.003114559556707e-06	1.0
0.0	1.0
-1.9257554413343314e-06	1.0
0.0	1.0
0.0	1.0
0.0	1.0
0.0	1.0
-0.0003000596188940108	1.0
-4.954457040184934e-07	1.0
0.0	1.0
0.0	1.0
0.0	0.2222222222222222
-0.0014901813119649887	1.0
0.0	0.038461538461538464
0.0	1.0
0.0	1.0
-1.8144000932807103e-06	1.0
-0.0015337697695940733	1.0
0.0	1.0
0.0	0.08695652173913043
0.0	1.0
0.0	1.0
0.0	1.0
0.0	1.0
-0.013903929851949215	0.0
0.0	0.0
-0.00024659125483594835	1.0
-1.699812512967469e-09	1.0
0.0	1.0
0.0	1.0
0.0	1.0
0.0	1.0
0.0	0.023809523809523808
0.0	1.0
-0.0024452130310237408	0.4
-0.001234835130162537	1.0
0.0	1.0
0.0	0.0
0.0	1.0
0.0	1.0
-1.5812563260575988e-16	1.0
0.0	1.0
-1.397141402570412e-09	1.0
0.0	1.0
0.0	0.2627450980392157
0.0	1.0
0.0	0.6111111111111112
-0.0020347062963992357	1.0
-1.0488348607395892e-06	0.0
0.0	1.0
-0.0029927389696240425	1.0
0.0	1.0
0.0	1.0
0.0	1.0
-0.023082831874489784	0.0
0.0	1.0
0.0	1.0
0.0	1.0
0.0	1.0
0.0	1.0
0.0	1.0
0.0	1.0
0.0	0.05555555555555555
0.0	1.0
-1.474686087021837e-05	0.0
0.0	1.0
-0.00015281156811397523	0.109375
0.0	1.0
-7.895701128290966e-05	1.0
0.0	1.0
0.0	1.0
-0.03003753535449505	0.0
0.0	1.0
-9.828966722125188e-05	1.0
-2.2283402900669103e-10	1.0
0.0	1.0
-0.005093846004456282	1.0
0.0	0.0
0.0	1.0
-0.004100566264241934	0.0
0.0	1.0
0.0	1.0
0.0	1.0
0.0	1.0
0.0	1.0
0.0	1.0
0.0	1.0
0.0	1.0
0.0	1.0
-0.00021143096091691405	0.0
-0.0009313060436397791	0.0
-0.0005170810036361217	0.027777777777777776
-0.007319749798625708	1.0
-0.000398361764382571	1.0
-2.5791115021434052e-08	1.0
0.0	1.0
0.0	1.0
0.0	1.0
0.0	1.0
0.0	1.0
0.0	1.0
-5.423405013971205e-07	1.0
0.0	1.0
0.0	1.0
0.0	1.0
0.0	1.0
-0.0010564790572971106	1.0
0.0	1.0
-6.462427700171247e-05	1.0
0.0	1.0
-6.57941636745818e-05	0.0
0.0	1.0
-4.1889925341820344e-06	1.0
-0.002642416162416339	1.0
-5.619167495751753e-07	1.0
0.0	0.0
0.0	0.0
0.0	0.0
0.0	1.0
0.0	0.17532467532467533
-0.0007266398752108216	1.0
-0.0004925509565509856	0.0
0.0	0.0
0.0	1.0
0.0	1.0
-0.0001236766402143985	1.0
-4.331958189141005e-05	1.0
0.0	1.0
0.0	1.0
0.0	1.0
0.0	0.0
0.0	1.0
0.0	1.0
0.0	1.0
0.0	0.0
0.0	1.0
0.0	1.0
0.0	1.0
0.0	1.0
0.0	0.09278350515463918
0.0	1.0
0.0	1.0
0.0	1.0
0.0	1.0
0.0	0.0
-2.977587967856188e-11	1.0
0.0	1.0
-5.454247730546369e-12	1.0
-0.00020982627756893635	1.0
0.0	0.0
0.0	1.0
0.0	1.0
0.0	1.0
0.0	1.0
0.0	1.0
0.0	0.0
-3.763476343010552e-05	1.0
0.0	1.0
0.0	0.0
-0.00016686084563843906	1.0
-0.0006115371943451464	1.0
-4.889132654284367e-08	1.0
0.0	0.0
0.0	1.0
0.0	0.0
-0.0003373584186192602	1.0
0.0	1.0
0.0	1.0
-3.206201309221418e-13	1.0
0.0	0.0
0.0	1.0
-2.1164019425867764e-09	1.0
0.0	1.0
-7.876030494458064e-09	1.0
0.0	1.0
-5.182152017368935e-05	1.0
0.0	1.0
0.0	1.0
-0.0007103888201527297	1.0
-1.2486393643484917e-06	1.0
-0.04750865697860718	0.0
0.0	1.0
-0.00043391811777837574	1.0
0.0	1.0
0.0	0.4759825327510917
0.0	0.2
-6.329036144996081e-13	0.0
-0.00025264688883908093	1.0
0.0	1.0
0.0	1.0
0.0	1.0
-0.000849575677420944	1.0
0.0	1.0
0.0	1.0
0.0	1.0
0.0	1.0
0.0	1.0
-0.0009217776823788881	1.0
-0.00014839426148682833	1.0
0.0	1.0
0.0	1.0
0.0	1.0
-3.922607660911126e-08	1.0
-0.010329543612897396	0.0
0.0	1.0
0.0	0.043478260869565216
0.0	1.0
-6.827897891525936e-07	1.0
0.0	1.0
0.0	1.0
-4.3201333028264344e-05	1.0
-0.001736189005896449	1.0
0.0	1.0
-6.909668445587158e-05	1.0
0.0	1.0
0.0	1.0
0.0	1.0
-0.001783425803296268	1.0
-3.1729922511658515e-07	1.0
0.0	1.0
0.0	0.0
-7.824672138667665e-06	1.0
-1.5174057807598729e-05	1.0
-2.0349270926089957e-06	1.0
-0.0001865921076387167	1.0
0.0	1.0
0.0	0.19166666666666668
0.0	1.0
0.0	1.0
-0.0027401759289205074	0.0
0.0	1.0
-1.6108973530104542e-11	1.0
0.0	1.0
0.0	1.0
0.0	1.0
-1.8083916586419946e-09	0.05263157894736842
-0.000613237963989377	1.0
-7.102696690708399e-05	1.0
-1.5918604390208202e-07	1.0
-2.4809358365018852e-05	1.0
0.0	1.0
0.0	1.0
-0.000183997763087973	1.0
0.0	1.0
0.0	1.0
0.0	1.0
0.0	1.0
-9.490497905062512e-05	1.0
0.0	1.0
0.0	1.0
-0.0006391829811036587	1.0
0.0	1.0
0.0	0.0
-0.00030317986966110766	1.0
-0.06034750118851662	0.0
-0.0024463350418955088	0.008
