0.0	0.0
0.0	0.0036319612590799033
0.0	1.0
0.0	1.0
-4.785109695149004e-07	1.0
-6.886947678808042e-10	1.0
0.0	0.10526315789473684
0.0	1.0
0.0	0.0
0.0	0.524390243902439
0.0	1.0
-0.0013989671133458614	1.0
0.0	1.0
-8.155550403898815e-07	1.0
0.0	1.0
0.0	1.0
0.0	1.0
0.0	1.0
0.0	1.0
0.0	1.0
0.0	1.0
0.0	1.0
0.0	1.0
0.0	1.0
0.0	1.0
-0.0005999136483296752	0.08333333333333333
0.0	0.14634146341463414
-0.002609680173918605	1.0
0.0	1.0
0.0	1.0
0.0	1.0
0.0	1.0
0.0	1.0
0.0	1.0
0.0	0.0
0.0	1.0
0.0	1.0
-8.633646189082356e-07	0.0
-0.001291257212869823	0.0
0.0	1.0
0.0	1.0
0.0	1.0
0.0	1.0
-6.166844832478091e-05	1.0
-0.0009984256466850638	1.0
-0.0009852664079517126	0.0
-9.161835237136984e-07	1.0
0.0	1.0
0.0	1.0
0.0	1.0
-9.283248073188588e-05	1.0
-0.006463023833930492	0.012195121951219513
0.0	0.0
-4.0865124901756644e-05	1.0
-0.0003979174653068185	0.0
-9.765051800059155e-05	0.0
0.0	1.0
-0.016199061647057533	0.0
0.0	1.0
0.0	0.7073170731707317
0.0	0.06289308176100629
0.0	0.0
0.0	0.3228346456692913
0.0	1.0
-0.0008455058559775352	1.0
-1.510359624035118e-07	1.0
0.0	1.0
0.0	1.0
0.0	1.0
0.0	1.0
0.0	1.0
0.0	1.0
-0.0008425285923294723	1.0
-0.0022523978259414434	1.0
0.0	1.0
0.0	1.0
0.0	0.028037383177570093
0.0	1.0
0.0	0.0
0.0	1.0
0.0	1.0
-6.948741061718611e-12	1.0
0.0	1.0
0.0	1.0
0.0	1.0
0.0	1.0
-0.03431418538093567	0.0
-0.0002924885193351656	1.0
0.0	1.0
0.0	1.0
0.0	1.0
0.0	1.0
0.0	1.0
0.0	1.0
0.0	1.0
0.0	1.0
0.0	1.0
-1.1902139931407874e-06	1.0
-6.440990546252578e-05	1.0
0.0	0.14285714285714285
-3.554663635441102e-05	1.0
0.0	1.0
0.0	1.0
0.0	1.0
0.0	1.0
0.0	1.0
-0.00025572223239578307	1.0
0.0	1.0
0.0	1.0
-5.306058028509142e-07	1.0
-0.00021493986423593014	1.0
0.0	1.0
0.0	1.0
0.0	0.10344827586206896
0.0	1.0
0.0	1.0
0.0	1.0
0.0	1.0
-2.1157227012014168e-11	1.0
-9.100753231905401e-05	1.0
-1.7155187492789992e-07	1.0
-3.6252979043638334e-05	1.0
0.0	1.0
0.0	1.0
0.0	0.020833333333333332
0.0	1.0
0.0	1.0
-9.065465178537124e-07	1.0
-0.00021441292483359575	0.0
-6.4033124544948805e-06	0.08695652173913043
0.0	1.0
0.0	1.0
0.0	1.0
0.0	1.0
-0.011213751509785652	0.0
-4.586311365406548e-12	1.0
0.0	1.0
-1.3065192261407788e-09	1.0
-0.0007164589478634298	1.0
-6.807160389143974e-06	0.0
-9.078570292331278e-05	0.0
0.0	1.0
-4.7198287234095915e-07	1.0
0.0	1.0
0.0	1.0
0.0	1.0
0.0	1.0
0.0	1.0
-3.3916592201421736e-06	1.0
0.0	1.0
0.0	0.0
0.0	1.0
0.0	1.0
-4.714565307040175e-07	1.0
0.0	0.0
0.0	0.0
-0.00011577477562241256	1.0
0.0	1.0
0.0	1.0
-4.3433769860712346e-06	1.0
-5.058285296399845e-06	1.0
0.0	0.0
-0.003931255545467138	0.625
0.0	1.0
-2.2959015950618777e-06	1.0
0.0	1.0
0.0	1.0
-6.70915687805973e-05	1.0
0.0	1.0
0.0	0.0
0.0	0.0
-5.74019031773787e-06	1.0
0.0	0.018867924528301886
0.0	1.0
0.0	1.0
-0.014054898172616959	0.0975609756097561
0.0	1.0
0.0	1.0
0.0	1.0
0.0	1.0
-0.009414026513695717	0.0
0.0	1.0
-0.001013171742670238	1.0
-0.00018065376207232475	1.0
-0.00041887990664690733	1.0
0.0	1.0
0.0	0.0
-3.205257215199708e-08	1.0
0.0	1.0
0.0	1.0
-0.0002577003324404359	1.0
0.0	0.0
0.0	1.0
-6.093146657804027e-05	1.0
0.0	1.0
0.0	1.0
0.0	0.0
0.0	1.0
0.0	1.0
0.0	1.0
-5.616790303974994e-07	0.007194244604316547
-6.37557968730107e-05	1.0
0.0	1.0
0.0	1.0
-1.9687193741901865e-07	0.9519230769230769
-3.6096589610679075e-05	1.0
-0.013516198843717575	0.09375
0.0	1.0
0.0	1.0
0.0	1.0
0.0	1.0
0.0	1.0
0.0	0.08860759493670886
-9.030285582412034e-06	0.0
-8.4954961494077e-05	1.0
0.0	0.20155038759689922
0.0	1.0
0.0	1.0
0.0	1.0
-0.0002310824056621641	1.0
0.0	1.0
0.0	1.0
0.0	1.0
0.0	1.0
-7.54069842514582e-05	0.38461538461538464
-3.452287122840403e-09	0.0
0.0	0.0
0.0	1.0
0.0	1.0
0.0	1.0
-1.4749444744666107e-05	1.0
0.0	1.0
0.0	1.0
-0.01434375625103712	0.0
-2.6596992483973736e-06	0.0
0.0	1.0
-5.765800233348273e-05	1.0
0.0	1.0
0.0	1.0
-7.636752343387343e-06	1.0
0.0	1.0
0.0	1.0
0.0	1.0
0.0	1.0
0.0	1.0
0.0	1.0
0.0	1.0
0.0	0.0
0.0	1.0
0.0	1.0
0.0	0.0
-0.0004741604207083583	1.0
0.0	1.0
-0.00018434703815728426	1.0
0.0	0.9519230769230769
0.0	1.0
0.0	1.0
0.0	1.0
0.0	0.0
0.0	1.0
0.0	1.0
0.0	1.0
0.0	0.14285714285714285
-2.8099355404265225e-05	0.0
0.0	1.0
0.0	1.0
-0.00011344029189785942	1.0
0.0	1.0
0.0	1.0
0.0	0.0
-9.706561110434109e-10	1.0
0.0	1.0
-0.0004133267211727798	1.0
0.0	0.0
-8.270471880678087e-05	1.0
0.0	1.0
-5.375525233830558e-06	1.0
0.0	1.0
0.0	1.0
0.0	1.0
-0.0011258642189204693	0.0
0.0	1.0
0.0	1.0
0.0	1.0
0.0	1.0
-3.000313053558301e-10	0.92
-1.9744875316973776e-06	1.0
0.0	1.0
-2.6342287057638687e-22	1.0
0.0	1.0
0.0	1.0
-0.0005557842087000608	1.0
-1.2194779628771357e-05	1.0
0.0	1.0
0.0	1.0
0.0	1.0
-0.0015781825641170144	0.075
0.0	0.0
0.0	1.0
-1.407884269610804e-06	1.0
0.0	1.0
-8.887927106115967e-05	0.0
0.0	1.0
-0.001045334036462009	1.0
0.0	1.0
0.0	1.0
-0.009749142453074455	0.0
0.0	1.0
-0.0007826280198059976	1.0
0.0	1.0
0.0	1.0
-4.47353049821686e-05	0.05
0.0	1.0
0.0	0.6351351351351351
0.0	1.0
0.0	0.3220338983050847
0.0	1.0
0.0	1.0
0.0	1.0
0.0	0.0
0.0	1.0
-3.7646850614692084e-06	1.0
-5.585407780017704e-05	1.0
0.0	1.0
-1.0955401918977259e-08	1.0
-8.274439293465274e-12	1.0
0.0	1.0
-0.005309687927365303	0.0
0.0	1.0
-0.0007118068751879036	1.0
0.0	1.0
-0.000118209449283313	1.0
-5.20986098706544e-08	1.0
-0.0012979465536773205	1.0
0.0	0.0
-0.0004372340044938028	0.0
-2.2094982909948158e-07	0.0
-9.254897304344922e-05	1.0
0.0	1.0
-2.6191302822553553e-05	1.0
-3.0869249756197703e-13	1.0
-0.0017282468033954501	0.03125
-0.0018913035746663809	0.08695652173913043
0.0	1.0
-0.00022344512399286032	1.0
0.0	1.0
0.0	1.0
-0.0003415746323298663	1.0
0.0	0.0
-1.4705622561450582e-05	1.0
-0.0002034056669799611	1.0
-9.645263077118216e-08	1.0
-0.0006944253691472113	1.0
0.0	1.0
0.0	0.0
0.0	0.007194244604316547
0.0	1.0
0.0	1.0
0.0	1.0
-3.0565082852263004e-05	1.0
0.0	1.0
-0.003198795486241579	0.0
-0.09965644031763077	0.0
-0.00013150212180335075	1.0
-1.4779560331135144e-07	1.0
0.0	1.0
0.0	1.0
0.0	1.0
-3.6477004034918514e-17	1.0
0.0	1.0
0.0	1.0
-0.0011024525156244636	1.0
0.0	1.0
0.0	1.0
-0.0005396957858465612	1.0
-2.1386100343079306e-05	1.0
-3.901818601548257e-08	0.0
0.0	1.0
0.0	1.0
0.0	1.0
0.0	1.0
0.0	0.6530612244897959
0.0	1.0
-1.0230923180643003e-05	1.0
0.0	0.0
0.0	1.0
0.0	1.0
0.0	1.0
0.0	1.0
-3.604884674188874e-13	1.0
-0.000576782796997577	1.0
-5.463602974487003e-07	1.0
0.0	1.0
0.0	1.0
0.0	0.7063492063492064
-0.00047545740380883217	1.0
0.0	1.0
0.0	1.0
-0.0005495126242749393	1.0
-3.3709118724800646e-05	1.0
0.0	0.7781456953642384
0.0	1.0
-1.3831535397912376e-05	1.0
-0.0005392380408011377	0.0
-1.7377631593262777e-05	1.0
0.0	1.0
0.0	1.0
-1.563846308272332e-05	0.0
0.0	1.0
0.0	1.0
0.0	1.0
-0.0001438100152881816	1.0
-2.4367105555533897e-10	1.0
-0.0004290466313250363	1.0
0.0	1.0
-0.00040570172131992877	1.0
0.0	1.0
0.0	1.0
0.0	1.0
0.0	0.8563218390804598
0.0	1.0
0.0	1.0
-0.09386570006608963	0.0
0.0	1.0
-1.3963043556941557e-06	1.0
0.0	1.0
0.0	1.0
-1.1481838555482682e-06	1.0
-0.0004466896643862128	0.25
-0.0030123821925371885	0.034482758620689655
0.0	1.0
0.0	1.0
0.0	1.0
-6.723460046487162e-06	1.0
0.0	1.0
-8.761278877500445e-05	1.0
-0.00010641884728102013	1.0
-0.00014407027629204094	1.0
0.0	1.0
-0.030855005607008934	0.0
-0.0010561035014688969	1.0
0.0	1.0
-2.309405681444332e-05	1.0
-2.4722362468310166e-07	0.2631578947368421
0.0	1.0
-0.0011811290169134736	1.0
0.0	1.0
0.0	1.0
0.0	0.0
-0.00011277178418822587	1.0
-7.313641958717199e-07	1.0
-0.006215263623744249	0.0
0.0	1.0
0.0	1.0
-3.244932304369286e-05	1.0
0.0	1.0
-2.1671512229204382e-07	1.0
-1.4973500583437271e-05	1.0
0.0	1.0
-1.75360037246719e-06	1.0
-1.962983331438295e-09	1.0
0.0	1.0
0.0	1.0
0.0	1.0
0.0	1.0
-0.018862467259168625	0.0
-0.005277460906654596	0.030303030303030304
-0.0003064933989662677	1.0
0.0	0.0
0.0	1.0
-0.0015966155333444476	1.0
-7.152765419959906e-07	1.0
-0.00032080718665383756	1.0
0.0	1.0
-0.003173885866999626	1.0
0.0	1.0
0.0	1.0
0.0	1.0
0.0	1.0
-0.0007516116020269692	1.0
0.0	1.0
0.0	1.0
-0.0013007295783609152	1.0
-6.279264198383316e-06	1.0
0.0	0.05405405405405406
0.0	1.0
-0.021472880616784096	0.0
-4.745384857632318e-13	1.0
-2.405337909294758e-06	1.0
0.0	0.0
0.0	1.0
0.0	1.0
0.0	1.0
0.0	1.0
0.0	1.0
-0.010287286713719368	0.028985507246376812
-4.408179776760335e-08	1.0
0.0	1.0
0.0	0.0
-9.216933563038765e-07	1.0
-2.9587868993985467e-05	1.0
0.0	1.0
-0.0012707317946478724	1.0
0.0	1.0
-8.2230988482479e-05	0.0
-3.764063512790017e-05	1.0
-7.04605163674587e-19	1.0
-0.0019645756110548973	1.0
0.0	1.0
-0.005270874593406916	0.0
-0.0009239566279575229	1.0
-0.0007953608874231577	1.0
0.0	1.0
0.0	1.0
0.0	0.0
-1.1449525345597067e-06	0.0
0.0	1.0
0.0	1.0
0.0	1.0
-0.0005439329543150961	1.0
0.0	1.0
-0.00016560951189603657	1.0
0.0	1.0
0.0	1.0
