-0.0025049049872905016	1.0
0.0	1.0
0.0	1.0
0.0	1.0
-8.389464253508172e-13	1.0
0.0	1.0
0.0	1.0
0.0	1.0
0.0	0.3448275862068966
-1.8578734852781054e-06	1.0
0.0	1.0
0.0	0.14473684210526316
0.0	1.0
-0.00024286152620334178	1.0
0.0	1.0
0.0	1.0
0.0	1.0
-4.1929615690605715e-07	1.0
0.0	0.0
-0.0003264671831857413	1.0
-3.039463649656682e-07	1.0
0.0	1.0
0.0	1.0
0.0	1.0
-3.091679801059399e-08	1.0
0.0	1.0
0.0	1.0
0.0	1.0
0.0	1.0
0.0	1.0
-0.00012764045095536858	1.0
-0.027260856702923775	0.0
0.0	1.0
-0.0076297251507639885	0.08333333333333333
0.0	1.0
0.0	1.0
-8.703173648427764e-07	1.0
0.0	1.0
-1.7524278518976644e-05	1.0
0.0	1.0
0.0	1.0
-0.0020682422909885645	1.0
0.0	0.0
-0.006200713105499744	0.0
0.0	0.2
-0.00959142204374075	0.022727272727272728
0.0	1.0
-1.2247712220414542e-05	1.0
-5.665153821610147e-06	1.0
0.0	1.0
-0.00019929211703129113	1.0
-0.005734497681260109	0.9615384615384616
0.0	1.0
0.0	0.0
-6.149601631477708e-06	1.0
-0.0006299648666754365	1.0
0.0	0.0
-2.797370143525768e-05	1.0
0.0	1.0
0.0	0.0
0.0	1.0
0.0	0.0
0.0	1.0
0.0	0.0
0.0	1.0
0.0	1.0
0.0	0.7676056338028169
-6.219842180144042e-05	0.0
0.0	1.0
0.0	1.0
-0.008369840681552887	0.0
0.0	0.8193548387096774
0.0	0.16666666666666666
-1.2633229573566496e-07	1.0
-3.2074316550279036e-05	0.0
0.0	1.0
0.0	1.0
0.0	1.0
0.0	1.0
-0.0008466738509014249	1.0
0.0	1.0
0.0	1.0
0.0	1.0
-4.798594545718515e-06	1.0
0.0	1.0
0.0	1.0
-6.515396762551973e-06	1.0
-0.0011932799825444818	1.0
0.0	1.0
0.0	1.0
0.0	1.0
0.0	0.0
0.0	0.05357142857142857
0.0	1.0
0.0	1.0
-0.0017258657608181238	1.0
-5.3751505468824234e-09	1.0
0.0	0.0
-0.00025125028332695365	1.0
0.0	1.0
0.0	1.0
0.0	1.0
-7.929475600576552e-07	0.038461538461538464
-5.38103558938019e-05	1.0
0.0	1.0
0.0	1.0
0.0	0.0
-0.00011343912046868354	1.0
-9.246797816331309e-08	1.0
0.0	1.0
0.0	1.0
0.0	1.0
-5.170030999579467e-05	1.0
-1.6652757395263507e-08	1.0
0.0	1.0
0.0	1.0
0.0	0.0
0.0	1.0
-0.0017052828334271908	1.0
-8.695007380765674e-09	1.0
-0.0015956476563587785	1.0
-5.409572258940898e-05	1.0
0.0	1.0
-0.00020886144193354994	0.0
-0.0010499082272872329	0.0
-1.8601789633976296e-05	1.0
0.0	0.027777777777777776
-0.031854238361120224	0.13043478260869565
-3.056206423934782e-06	1.0
0.0	1.0
-0.001132090575993061	1.0
0.0	0.0
0.0	1.0
0.0	1.0
-3.0773603612033185e-06	1.0
0.0	1.0
-0.00022620850359089673	1.0
0.0	0.0
-0.011586898937821388	0.0
0.0	1.0
-4.131766928594516e-08	1.0
-0.002383546670898795	0.0
0.0	0.0
0.0	1.0
0.0	1.0
0.0	1.0
-7.1269096224568784e-06	1.0
-0.00025023272610269487	1.0
0.0	1.0
0.0	1.0
-0.015500728040933609	0.08571428571428572
-1.3354963812162168e-05	1.0
-0.012830963358283043	1.0
0.0	0.0
-1.4280130411492564e-09	1.0
-5.735440140597348e-07	1.0
0.0	1.0
0.0	1.0
0.0	0.417910447761194
0.0	1.0
0.0	1.0
0.0	0.05263157894736842
0.0	1.0
0.0	1.0
0.0	1.0
0.0	1.0
0.0	0.0
-0.0030808260198682547	0.03773584905660377
-5.5479080884879295e-08	1.0
0.0	1.0
0.0	1.0
0.0	1.0
0.0	1.0
-7.047049166430952e-08	1.0
-0.0005362457013688982	1.0
0.0	1.0
0.0	1.0
0.0	1.0
0.0	1.0
-0.004453541245311499	1.0
-0.003229512833058834	0.05714285714285714
0.0	1.0
0.0	1.0
0.0	1.0
-0.0005855724448338151	0.0
0.0	1.0
0.0	1.0
0.0	0.0
0.0	1.0
-4.418146204443474e-08	0.02
0.0	0.1111111111111111
0.0	1.0
0.0	1.0
0.0	0.0
0.0	1.0
-0.0038159445393830538	0.0
-0.011811000294983387	0.22317596566523606
-0.0001015672751236707	1.0
-1.6485436162838596e-06	1.0
0.0	1.0
-0.001110752928070724	1.0
0.0	1.0
0.0	1.0
0.0	1.0
0.0	1.0
0.0	1.0
-3.1993777156458236e-06	1.0
0.0	0.0
0.0	1.0
-0.006132329814136028	0.0
0.0	0.0
0.0	1.0
-5.881274319108343e-06	1.0
-0.04729120805859566	0.0
0.0	1.0
0.0	0.0223463687150838
-0.0018093545222654939	1.0
-7.982673411177643e-10	1.0
-0.0014700214378535748	1.0
0.0	1.0
0.0	1.0
0.0	1.0
0.0	1.0
-0.0008683548658154905	0.0
0.0	1.0
0.0	1.0
0.0	1.0
-8.687485626712732e-12	0.0
-0.0008451248286291957	0.0
0.0	1.0
0.0	1.0
0.0	1.0
0.0	1.0
-2.920027952768578e-07	1.0
-2.1167058150695084e-07	1.0
-0.0005266578518785536	1.0
-0.00029471635934896767	1.0
-1.3043750186625402e-06	0.37681159420289856
0.0	1.0
0.0	1.0
-2.8115237000747584e-06	1.0
0.0	1.0
0.0	0.0
0.0	1.0
-1.1049649042971232e-11	1.0
-1.142105787721448e-07	1.0
-1.7478057543485193e-06	1.0
-3.3298536436632276e-05	1.0
0.0	1.0
-4.0365280562504324e-10	1.0
0.0	0.015151515151515152
0.0	1.0
0.0	0.0
-3.196595343979425e-07	1.0
0.0	1.0
0.0	1.0
-0.00021146003564354032	1.0
0.0	0.0
-0.00033473840449005365	1.0
0.0	1.0
0.0	1.0
-4.973870818503201e-05	0.0
-1.6876536392373964e-05	0.0
0.0	1.0
0.0	1.0
0.0	1.0
0.0	0.0
-2.2017127776052803e-05	0.3611111111111111
-3.60207304765936e-05	1.0
0.0	0.0
-0.000126886778161861	0.038461538461538464
0.0	1.0
-0.002420368604362011	1.0
0.0	1.0
-0.0019852931145578623	1.0
-0.0009580857586115599	1.0
0.0	1.0
0.0	1.0
0.0	1.0
-6.080650564399548e-06	1.0
-0.00010839494643732905	1.0
0.0	1.0
0.0	1.0
-9.443973249290138e-05	1.0
0.0	1.0
0.0	0.0
0.0	0.0
-7.675730012124404e-05	1.0
0.0	0.10476190476190476
0.0	1.0
0.0	1.0
0.0	1.0
-5.875592978554778e-05	1.0
-1.9864051864715293e-05	1.0
0.0	1.0
-0.0002407800202490762	1.0
-0.00043775400263257325	0.0
0.0	1.0
0.0	1.0
-2.4214521090470953e-06	1.0
0.0	1.0
0.0	1.0
0.0	1.0
-8.623066241852939e-05	1.0
0.0	1.0
-0.027778737246990204	0.0759493670886076
0.0	0.07317073170731707
-0.0001793537085177377	1.0
-0.05498257651925087	1.0
0.0	1.0
0.0	1.0
0.0	1.0
0.0	1.0
0.0	0.2625
0.0	1.0
0.0	1.0
0.0	1.0
0.0	1.0
0.0	1.0
0.0	1.0
-6.122435891597888e-11	1.0
0.0	1.0
0.0	1.0
0.0	0.0
-0.0003397045948076993	1.0
0.0	1.0
-1.532103738099977e-06	1.0
0.0	1.0
0.0	1.0
0.0	1.0
0.0	1.0
0.0	1.0
-0.0005571208312176168	1.0
-1.262587738892762e-05	1.0
0.0	1.0
0.0	1.0
0.0	1.0
0.0	1.0
-0.0007043022778816521	1.0
0.0	1.0
0.0	1.0
0.0	1.0
0.0	1.0
0.0	1.0
-3.74437149730511e-06	1.0
0.0	1.0
0.0	0.8444444444444444
-0.0001539134536869824	1.0
0.0	1.0
0.0	1.0
-0.010471307672560215	0.04878048780487805
0.0	0.6666666666666666
-9.678411743152537e-07	1.0
0.0	1.0
0.0	0.1487603305785124
0.0	1.0
0.0	1.0
0.0	1.0
-2.3280593453023357e-08	1.0
-1.036165213008644e-05	1.0
-7.024155479484762e-08	0.06206896551724138
0.0	1.0
-0.0001361695321975276	1.0
0.0	1.0
0.0	0.0
-3.0933708785596536e-06	1.0
0.0	1.0
0.0	1.0
-0.0002510922495275736	1.0
-0.0036484627053141594	1.0
0.0	1.0
-3.211471266695298e-05	1.0
0.0	1.0
0.0	1.0
0.0	1.0
0.0	1.0
0.0	1.0
0.0	1.0
0.0	1.0
0.0	1.0
0.0	1.0
0.0	0.0
0.0	1.0
-4.801387945008173e-07	1.0
0.0	1.0
-2.470385652486584e-06	0.0
-4.426065416951452e-12	1.0
0.0	1.0
0.0	1.0
-0.0003965944633819163	1.0
0.0	1.0
0.0	1.0
-0.011049785651266575	0.0
0.0	1.0
-0.0010231730993837118	0.09722222222222222
0.0	1.0
0.0	1.0
0.0	1.0
-3.7179922856012126e-06	1.0
0.0	0.1346153846153846
0.0	1.0
0.0	1.0
-0.0006879389984533191	1.0
0.0	1.0
0.0	1.0
0.0	1.0
0.0	0.0
0.0	1.0
0.0	1.0
0.0	1.0
0.0	1.0
0.0	1.0
0.0	1.0
0.0	1.0
-5.8834213056968565e-09	0.0
0.0	1.0
-0.0010206105653196573	1.0
0.0	0.0
-0.00046177959302440286	0.0
0.0	0.0
0.0	1.0
0.0	1.0
0.0	1.0
-1.4655905943072867e-05	1.0
-4.310807071306044e-06	1.0
0.0	0.8974358974358975
0.0	1.0
0.0	1.0
0.0	0.0
0.0	1.0
-4.401420937938383e-06	1.0
-2.7492897061165422e-06	0.0
-3.997049498138949e-05	1.0
-0.00014488481974694878	1.0
0.0	1.0
0.0	1.0
-8.100459886195566e-11	0.0
0.0	1.0
0.0	1.0
-0.0002841943933162838	1.0
0.0	0.0
-3.9119491702876985e-05	1.0
0.0	1.0
0.0	1.0
0.0	0.0
0.0	1.0
0.0	1.0
-1.5326759239542298e-05	1.0
0.0	1.0
-0.001004702178761363	0.0
-0.0005194124532863498	1.0
-2.0920346287311986e-05	1.0
0.0	1.0
0.0	1.0
0.0	1.0
0.0	1.0
-0.00019789599173236638	1.0
0.0	1.0
-0.0009837615070864558	1.0
0.0	1.0
0.0	1.0
-5.16330219397787e-05	1.0
0.0	1.0
0.0	1.0
0.0	0.0
0.0	1.0
0.0	1.0
0.0	0.1111111111111111
-6.840872629254591e-06	1.0
-7.520379585912451e-05	1.0
-2.3265176423592493e-05	1.0
0.0	1.0
0.0	1.0
0.0	1.0
0.0	1.0
0.0	1.0
0.0	1.0
-0.0005262187914922833	1.0
0.0	0.0
0.0	1.0
0.0	1.0
0.0	1.0
-8.085123681667028e-09	1.0
0.0	1.0
0.0	1.0
0.0	1.0
-0.018531469628214836	0.0
-7.684695447096601e-06	1.0
0.0	1.0
-0.037945445626974106	0.0
-0.0016414766432717443	1.0
0.0	0.0
-0.0012465057661756873	1.0
0.0	1.0
0.0	1.0
0.0	1.0
0.0	1.0
-1.8555316273705103e-05	1.0
