0.0	1.0
0.0	1.0
0.0	0.0
-1.5522795493438934e-08	1.0
-8.182225741393268e-08	0.08333333333333333
0.0	1.0
0.0	1.0
0.0	1.0
0.0	1.0
0.0	1.0
-0.000909777358174324	1.0
-1.0357329927046521e-07	1.0
-1.9692381101776846e-05	1.0
-1.5766059568989021e-09	1.0
0.0	1.0
0.0	1.0
0.0	1.0
-6.65872192939787e-08	1.0
-2.3477780359826284e-06	1.0
0.0	1.0
0.0	1.0
-0.00012405951565597206	0.3333333333333333
0.0	1.0
-0.003916688729077578	1.0
0.0	0.16666666666666666
-2.351634975639172e-05	1.0
0.0	1.0
-0.00017067020235117525	1.0
0.0	0.0
0.0	1.0
0.0	1.0
0.0	1.0
0.0	1.0
0.0	0.0
0.0	1.0
0.0	1.0
-8.493628911310225e-08	1.0
-5.50736476725433e-05	1.0
-6.412199937688712e-11	1.0
-2.365682538751912e-09	1.0
0.0	1.0
-0.00012965859787072986	1.0
0.0	0.17647058823529413
0.0	1.0
0.0	1.0
0.0	0.0
-0.011782653629779816	0.0
0.0	1.0
-0.000552841171156615	1.0
0.0	1.0
0.0	1.0
0.0	1.0
0.0	0.0
0.0	0.0
-9.359054092783481e-05	1.0
0.0	1.0
0.0	1.0
-1.9811625406873645e-06	1.0
-1.191529985788975e-08	1.0
0.0	1.0
0.0	1.0
0.0	1.0
0.0	0.144
0.0	1.0
0.0	1.0
0.0	1.0
0.0	1.0
0.0	1.0
0.0	1.0
-1.3781009329250082e-06	1.0
0.0	1.0
0.0	1.0
0.0	0.06060606060606061
0.0	0.0
0.0	0.0
0.0	0.0
0.0	1.0
0.0	1.0
0.0	1.0
0.0	1.0
-0.000514429819304496	1.0
0.0	1.0
0.0	1.0
0.0	0.0
-8.946952902988414e-07	1.0
0.0	0.3230769230769231
-4.84718730149325e-05	1.0
-2.171724290607772e-15	1.0
-4.717926276498474e-05	1.0
0.0	0.047619047619047616
-0.00010002730414271355	1.0
-1.2664815585594624e-05	1.0
-4.3741307308664545e-05	1.0
0.0	1.0
-0.00848293025046587	0.42857142857142855
0.0	1.0
-0.0007446707459166646	1.0
0.0	1.0
0.0	1.0
0.0	1.0
0.0	1.0
-2.388406073805527e-06	1.0
0.0	1.0
0.0	0.0
0.0	0.0
0.0	1.0
0.0	1.0
-0.0019457385642454028	1.0
-0.0007597807561978698	0.1527777777777778
0.0	1.0
-0.0004533023457042873	1.0
0.0	0.0
-6.384205335052684e-05	1.0
-0.005870536435395479	0.012345679012345678
0.0	1.0
-6.76416966598481e-05	0.0
0.0	1.0
-0.01753164269030094	0.0
-7.3207547757192515e-06	1.0
0.0	1.0
0.0	1.0
0.0	1.0
0.0	1.0
0.0	0.0
0.0	1.0
0.0	1.0
0.0	1.0
0.0	1.0
-4.695436484070115e-09	1.0
0.0	1.0
0.0	1.0
0.0	1.0
-0.18285790085792542	0.0
0.0	1.0
0.0	1.0
0.0	1.0
0.0	1.0
0.0	1.0
-0.003078428329899907	1.0
0.0	1.0
0.0	0.0
0.0	1.0
0.0	1.0
-1.270120492335991e-06	1.0
0.0	0.0
-0.00038321144529618323	0.4444444444444444
0.0	1.0
-0.0007624075515195727	1.0
0.0	1.0
-0.00015198523760773242	1.0
0.0	0.0
-9.263747779186815e-05	1.0
-0.0005456385551951826	1.0
0.0	0.0
-0.00012921054440084845	1.0
-0.0034799561835825443	0.0
-7.476461116873168e-11	1.0
0.0	0.1724137931034483
0.0	1.0
0.0	1.0
0.0	1.0
-0.00013820332242175937	1.0
0.0	1.0
-0.00042326372931711376	1.0
-0.00010868205572478473	0.0
-7.603215834706134e-09	1.0
0.0	1.0
0.0	1.0
0.0	0.0
0.0	0.0
-1.8078211724059656e-05	1.0
0.0	1.0
-4.102434468222782e-05	0.3684210526315789
-3.283629848738201e-05	1.0
0.0	1.0
0.0	1.0
0.0	1.0
0.0	1.0
0.0	1.0
0.0	1.0
-7.603895255670068e-07	1.0
-3.3100957352871774e-06	0.0
0.0	1.0
-0.0018096371786668897	0.5
0.0	1.0
0.0	0.0
-1.5013753795756202e-08	1.0
0.0	1.0
-2.5204380683235827e-12	0.07894736842105263
0.0	0.01834862385321101
-3.5433899029158056e-05	1.0
0.0	1.0
-5.3546820709016174e-05	1.0
-0.0003619630297180265	1.0
0.0	0.0
0.0	1.0
-3.5660528396874724e-07	1.0
-6.328998214399917e-09	1.0
0.0	0.0
0.0	1.0
0.0	1.0
0.0	1.0
-3.173625827912474e-06	0.14285714285714285
0.0	1.0
0.0	1.0
0.0	1.0
0.0	1.0
0.0	1.0
-3.2257536076940596e-05	0.0
0.0	1.0
0.0	0.17613636363636365
-7.471249318768969e-06	1.0
0.0	0.0
0.0	1.0
-5.7866577662935015e-06	1.0
0.0	1.0
0.0	1.0
0.0	1.0
0.0	1.0
0.0	1.0
0.0	1.0
0.0	1.0
-0.000149149214848876	0.0
0.0	1.0
0.0	1.0
-0.00010796241258503869	1.0
-0.021089021116495132	0.0
0.0	0.0
0.0	1.0
-0.013554751873016357	0.0
0.0	1.0
0.0	1.0
-0.006470538210123777	0.0
0.0	1.0
-1.8800090401782654e-05	1.0
0.0	0.0
-0.004198520909994841	0.42902208201892744
0.0	1.0
-2.7505919206305407e-05	1.0
-0.00032387234386987984	1.0
0.0	1.0
0.0	1.0
0.0	1.0
-0.04610617831349373	0.0
-7.774422381909285e-13	1.0
0.0	1.0
0.0	1.0
0.0	1.0
0.0	1.0
-0.0001439255429431796	1.0
-9.95655354927294e-05	1.0
-0.008708585053682327	0.0
0.0	1.0
-0.0003161635249853134	1.0
-0.0006402083672583103	1.0
-1.553817355670617e-06	1.0
0.0	1.0
0.0	1.0
0.0	1.0
0.0	1.0
0.0	1.0
0.0	1.0
-0.0005907771992497146	1.0
0.0	1.0
-0.00115009187720716	0.0
0.0	1.0
0.0	1.0
-0.0010026298696175218	1.0
-9.424976451555267e-05	1.0
0.0	1.0
-0.002604158828034997	1.0
-1.2129537026339676e-05	1.0
0.0	1.0
0.0	1.0
-0.012602396309375763	1.0
-5.7909299357561395e-05	1.0
-1.1008952242264058e-05	1.0
-7.661631745703446e-12	0.0
0.0	1.0
-2.868530100386124e-05	1.0
0.0	1.0
0.0	1.0
-0.00029732234543189406	1.0
0.0	1.0
0.0	0.0
0.0	1.0
0.0	1.0
0.0	1.0
0.0	1.0
-0.0021007326431572437	0.0
0.0	0.0
0.0	1.0
0.0	1.0
0.0	1.0
-2.1598759758489905e-07	1.0
0.0	1.0
0.0	1.0
0.0	1.0
-3.055600572565709e-08	1.0
0.0	1.0
0.0	1.0
-0.010705879889428616	1.0
0.0	0.0
0.0	1.0
0.0	1.0
-0.006419730372726917	0.015625
-0.00019188245641998947	0.7692307692307693
0.0	1.0
-0.00017705724167171866	0.14285714285714285
0.0	1.0
0.0	1.0
-6.221247895155102e-05	1.0
0.0	1.0
-3.685005825601519e-15	1.0
0.0	1.0
-0.0007924640667624772	0.0
0.0	0.14285714285714285
-0.00920274667441845	0.0
0.0	1.0
0.0	1.0
-3.4263655834365636e-05	1.0
-0.0001350775855826214	1.0
0.0	1.0
0.0	1.0
0.0	1.0
0.0	1.0
0.0	1.0
-0.0002081674028886482	1.0
0.0	1.0
-0.025800121948122978	0.0
-7.283202194230398e-06	1.0
-9.768748299165964e-08	0.02857142857142857
0.0	1.0
-0.005604599602520466	0.0
0.0	1.0
-0.00011685946810757741	1.0
0.0	0.023255813953488372
0.0	1.0
0.0	0.0
-0.000398760981624946	1.0
-0.0003159656189382076	1.0
0.0	0.017857142857142856
-6.792270141886547e-06	1.0
0.0	1.0
0.0	0.0
-0.011719289235770702	0.0
0.0	1.0
-4.0737995732342824e-07	1.0
0.0	1.0
0.0	1.0
-0.0002539846464060247	0.0
0.0	1.0
-3.719476948660372e-09	0.5053475935828877
-0.00014117323735263199	1.0
0.0	0.0
-1.8260825527249835e-05	0.9473684210526315
0.0	1.0
0.0	1.0
0.0	1.0
0.0	1.0
-9.482359928369988e-07	1.0
0.0	1.0
-0.0008927702438086271	1.0
0.0	1.0
-1.566023001942085e-06	1.0
-0.0005608535138890147	1.0
0.0	1.0
-0.0004763396573252976	1.0
0.0	1.0
0.0	0.0
-8.142643226349833e-10	1.0
0.0	0.0
-3.6041888051840942e-06	1.0
0.0	1.0
-8.911997895211243e-08	1.0
0.0	1.0
-6.985009903814898e-09	1.0
0.0	1.0
0.0	1.0
0.0	0.0
0.0	1.0
0.0	1.0
0.0	1.0
0.0	1.0
-2.8427079357129514e-08	0.9473684210526315
-0.008319568820297718	0.0
0.0	1.0
0.0	1.0
0.0	1.0
0.0	0.17613636363636365
-7.86466716817813e-06	1.0
0.0	1.0
0.0	1.0
0.0	1.0
-4.316977708640479e-07	1.0
-2.6811338926790995e-08	1.0
0.0	1.0
0.0	1.0
-1.0864482646866236e-05	0.0
0.0	1.0
0.0	1.0
-0.00027279657660983503	1.0
0.0	1.0
-3.592162443055713e-07	0.20833333333333334
0.0	1.0
0.0	1.0
0.0	1.0
-1.6175961718545295e-05	1.0
0.0	1.0
0.0	1.0
0.0	1.0
-9.357256658404367e-07	0.0625
-0.0002274903526995331	1.0
0.0	1.0
-9.963991409733808e-09	0.0
0.0	0.0
-2.395872797933407e-07	1.0
-3.656337185020675e-06	1.0
-0.00016168219735845923	1.0
0.0	1.0
0.0	1.0
0.0	0.0
0.0	1.0
0.0	1.0
0.0	1.0
0.0	1.0
-0.00017889696755446494	1.0
-4.3860794995964625e-09	1.0
-0.0030175726860761642	0.0
0.0	1.0
-4.774205990543123e-06	0.0
0.0	1.0
0.0	1.0
0.0	1.0
-1.1584322834323757e-08	1.0
0.0	1.0
0.0	1.0
-1.8899430870078504e-05	1.0
-1.756051119627955e-06	0.0
0.0	1.0
0.0	1.0
-6.9472223529487565e-09	1.0
0.0	1.0
0.0	1.0
-5.5328175818658565e-08	1.0
-7.000225014053285e-05	1.0
-2.410151864751242e-06	1.0
-1.2716076298602275e-06	1.0
0.0	0.25301204819277107
0.0	0.0
-5.816179537987409e-09	1.0
0.0	0.24468085106382978
-0.003816943848505616	0.0
0.0	1.0
-0.0010831526014953852	0.30434782608695654
0.0	1.0
0.0	1.0
0.0	1.0
0.0	1.0
0.0	0.037037037037037035
-0.010954072698950768	0.0
0.0	0.0
0.0	1.0
0.0	0.046875
-3.9660362745053135e-06	1.0
-1.109860295400722e-05	1.0
-1.4388807358045597e-05	1.0
-0.005495644640177488	0.0
0.0	1.0
0.0	0.07692307692307693
0.0	1.0
0.0	0.0
0.0	1.0
0.0	1.0
-0.0008182149031199515	1.0
-0.03197281062602997	0.07142857142857142
0.0	1.0
0.0	1.0
0.0	0.0
0.0	1.0
-0.0004125134728383273	1.0
-1.554137452330906e-05	1.0
-9.178341315418947e-06	1.0
0.0	0.0
-0.02254411391913891	0.0
0.0	0.0
-0.0005841859383508563	1.0
-7.426675892929779e-06	0.0
0.0	1.0
0.0	1.0
-3.3536332921357825e-05	1.0
0.0	1.0
-1.0946743067563602e-08	1.0
0.0	1.0
-0.000270561664365232	1.0
-0.00689468951895833	0.0
-2.0350014892756008e-05	1.0
0.0	1.0
0.0	1.0
0.0	1.0
-2.370203765167389e-05	0.022900763358778626
0.0	1.0
-0.002458232454955578	0.10101010101010101
0.0	1.0
0.0	1.0
0.0	0.0
-0.0016390992095693946	1.0
-0.03212575241923332	0.0
-1.18439425023098e-06	0.0
0.0	1.0
-5.763457011198625e-06	1.0
-0.0003255315241403878	1.0
0.0	1.0
-2.3884100301074795e-05	1.0
-4.4066317059332505e-05	1.0
0.0	1.0
-1.3824806913403237e-13	1.0
-2.609210181248045e-09	1.0
0.0	1.0
0.0	1.0
0.0	1.0
0.0	1.0
0.0	0.0
0.0	1.0
-0.000670576118864119	1.0
0.0	0.0
-2.253486428571705e-07	0.0
