-0.0042650653049349785	0.0010298661174047373
0.0	1.0
0.0	0.6538461538461539
0.0	1.0
-0.00012030908692395315	1.0
-1.1921107216039672e-05	1.0
-2.809969191730488e-05	1.0
0.0	1.0
0.0	1.0
-0.00011129451740998775	1.0
0.0	0.0
0.0	0.3238095238095238
0.0	1.0
-0.0009402642026543617	1.0
-1.0985619155690074e-05	0.0
0.0	1.0
0.0	1.0
0.0	1.0
0.0	1.0
0.0	1.0
0.0	1.0
0.0	0.0
0.0	1.0
0.0	1.0
0.0	1.0
0.0	1.0
0.0	1.0
0.0	1.0
0.0	1.0
0.0	1.0
0.0	1.0
0.0	1.0
0.0	1.0
0.0	1.0
0.0	0.0
-9.268743269785773e-06	1.0
-3.6661408557847608e-06	1.0
0.0	0.0
0.0	1.0
0.0	1.0
0.0	1.0
-0.0017448998987674713	1.0
0.0	0.0
0.0	1.0
-2.4258523012576916e-07	1.0
-6.297125878518273e-07	0.09090909090909091
0.0	1.0
0.0	1.0
0.0	0.0
-0.004512719344347715	0.5
-4.999952125217533e-06	1.0
0.0	1.0
0.0	0.22337662337662337
-1.3995723691095918e-07	0.26993865030674846
0.0	0.0
0.0	1.0
0.0	1.0
0.0	1.0
0.0	1.0
-6.626469257753342e-05	1.0
-8.848271681927145e-05	1.0
0.0	1.0
-4.6804700104985386e-05	0.0
-4.24994359491393e-05	1.0
0.0	0.0
0.0	1.0
0.0	1.0
-0.0014877169160172343	0.0
-6.13128731813406e-12	1.0
0.0	1.0
0.0	1.0
-0.0032389326952397823	0.0
0.0	1.0
-0.00040737699600867927	1.0
0.0	1.0
0.0	1.0
0.0	1.0
0.0	1.0
0.0	1.0
0.0	1.0
0.0	1.0
0.0	1.0
-0.005121042486280203	1.0
0.0	1.0
0.0	1.0
0.0	1.0
-1.0598725566524081e-05	1.0
0.0	1.0
-6.788118867007142e-07	1.0
0.0	0.0
0.0	1.0
-1.9900917322956957e-05	0.4
-4.6806900577678334e-09	1.0
-1.1759987501136493e-05	1.0
-0.00011803470988525078	1.0
-3.381593893792001e-09	1.0
0.0	1.0
0.0	1.0
-0.0001496786717325449	1.0
0.0	1.0
0.0	1.0
0.0	1.0
0.0	1.0
-4.891968274023384e-05	1.0
-0.00038661417784169316	1.0
0.0	1.0
0.0	1.0
0.0	1.0
0.0	1.0
0.0	1.0
-0.0001270846405532211	1.0
-0.0004293723322916776	1.0
0.0	0.20634920634920634
-4.129313765588449e-06	1.0
0.0	1.0
-0.06744222342967987	0.1111111111111111
0.0	1.0
0.0	1.0
0.0	1.0
0.0	1.0
-4.5146869524614885e-05	1.0
-2.93236102066885e-09	0.24242424242424243
0.0	1.0
-7.020534394541755e-05	1.0
0.0	1.0
0.0	0.24242424242424243
-0.0005624127225019038	1.0
-0.001004218589514494	1.0
-0.0005824731779284775	1.0
0.0	1.0
-0.00032239293796010315	1.0
-0.0029488317668437958	0.03076923076923077
0.0	1.0
-0.0002030415489571169	1.0
0.0	1.0
0.0	1.0
-0.00014321916387416422	1.0
0.0	0.6590909090909091
0.0	1.0
0.0	1.0
0.0	1.0
0.0	1.0
0.0	1.0
-2.584032927188673e-06	1.0
0.0	1.0
0.0	1.0
0.0	0.0625
0.0	1.0
-2.966440297313966e-05	1.0
0.0	1.0
-0.004076401703059673	1.0
-2.5966190150938928e-05	1.0
-6.22922379989177e-05	1.0
0.0	0.6206896551724138
-0.0013587676221504807	1.0
0.0	1.0
0.0	1.0
-1.825887579798291e-06	1.0
0.0	0.0
-3.227697575880484e-08	1.0
-0.009158155880868435	0.0
0.0	0.0
-0.005738794803619385	0.0
0.0	0.0
-0.00018564585479907691	1.0
-0.0001697066763881594	1.0
-2.516921540518524e-06	1.0
-0.0008594220271334052	1.0
0.0	1.0
0.0	1.0
0.0	1.0
0.0	1.0
-8.101915839608953e-12	1.0
-0.0002746738027781248	1.0
-8.823109055811074e-06	1.0
-0.010064025409519672	0.0
0.0	0.0
0.0	0.07692307692307693
0.0	1.0
0.0	1.0
0.0	1.0
0.0	0.05228758169934641
0.0	1.0
-2.0815257073536486e-07	1.0
0.0	1.0
-1.8354944586462807e-07	1.0
-0.00021003856090828776	0.0
-0.010617915540933609	0.034482758620689655
0.0	1.0
-0.0001783949846867472	0.06
0.0	1.0
0.0	1.0
-0.0075635770335793495	0.0
0.0	1.0
0.0	1.0
0.0	1.0
0.0	1.0
-9.537359346722951e-07	1.0
0.0	1.0
0.0	1.0
0.0	0.06896551724137931
-0.0007026899256743491	1.0
0.0	1.0
0.0	1.0
0.0	1.0
-0.008031957782804966	0.0
0.0	1.0
-0.0002873494813684374	1.0
0.0	1.0
0.0	1.0
0.0	1.0
-0.0002584038011264056	1.0
-0.03400604426860809	0.08108108108108109
0.0	0.0
-0.0003711929311975837	1.0
0.0	0.0
0.0	1.0
-8.670522788634116e-07	1.0
0.0	1.0
0.0	1.0
0.0	0.0
0.0	1.0
-0.00024191603006329387	1.0
0.0	1.0
0.0	0.0
-0.00766086857765913	0.0
-6.25984903308563e-05	1.0
0.0	1.0
0.0	1.0
0.0	1.0
0.0	1.0
0.0	1.0
-1.6447415873699356e-08	0.0
0.0	1.0
-1.3337791315848335e-08	1.0
-0.0017840709770098329	0.29411764705882354
-0.00021717594063375145	1.0
-0.0012042303569614887	0.0
-0.03855300322175026	0.0
0.0	1.0
-0.0005326309474185109	1.0
0.0	1.0
-1.821520709199831e-05	1.0
-5.163557580090128e-05	1.0
0.0	1.0
-0.0006609524716623127	1.0
-5.137245663588974e-12	1.0
-7.946715285811479e-09	1.0
-0.0013643386773765087	0.03333333333333333
0.0	1.0
0.0	1.0
-1.879856972664129e-05	1.0
0.0	1.0
-0.0001063434683601372	1.0
0.0	1.0
0.0	1.0
0.0	1.0
-1.113539038755107e-08	1.0
-0.0002595920814201236	1.0
-1.6779395783329609e-16	1.0
0.0	0.0
0.0	1.0
0.0	1.0
0.0	1.0
0.0	1.0
0.0	1.0
-0.000743948679883033	1.0
0.0	1.0
-2.0540010154945776e-06	1.0
0.0	1.0
0.0	1.0
-0.00046444000327028334	1.0
-0.00042786088306456804	1.0
0.0	1.0
-9.51532044268788e-08	1.0
0.0	1.0
0.0	1.0
0.0	1.0
0.0	1.0
0.0	0.0
0.0	1.0
0.0	1.0
0.0	0.0
0.0	1.0
0.0	1.0
0.0	1.0
0.0	1.0
0.0	1.0
-4.651908966479823e-05	1.0
0.0	1.0
-0.001735669793561101	1.0
0.0	1.0
0.0	1.0
-5.8566383813740686e-05	1.0
0.0	1.0
-0.00011703572818078101	1.0
0.0	1.0
0.0	1.0
-8.768719453655649e-06	1.0
0.0	1.0
0.0	1.0
-1.1798611154745231e-07	1.0
0.0	0.6314102564102564
0.0	1.0
0.0	0.0
-0.00020977642270736396	1.0
0.0	1.0
-4.69047918159049e-05	1.0
-7.803866174072027e-05	1.0
-0.004393788520246744	0.08333333333333333
-6.909207058924949e-06	1.0
0.0	0.0
-0.0002270495315315202	1.0
0.0	1.0
-7.102768222466693e-07	1.0
0.0	1.0
-2.0786275854334235e-05	1.0
-3.533028575475328e-05	1.0
-0.0005207622889429331	1.0
-0.0006125004729256034	1.0
-0.0003376569948159158	1.0
0.0	1.0
0.0	1.0
0.0	1.0
0.0	1.0
-0.00011983227159362286	1.0
-1.4229927728592884e-05	1.0
-0.00039056994137354195	1.0
-8.227919040537657e-11	1.0
0.0	1.0
0.0	1.0
0.0	1.0
0.0	1.0
-2.1538730798909e-09	1.0
-5.9467655688649756e-08	1.0
0.0	1.0
-0.00013308516645338386	1.0
-0.007910653948783875	0.0
0.0	1.0
0.0	1.0
0.0	0.0
-2.6120599159185076e-06	1.0
0.0	0.0
-0.0003653744061011821	0.0
-3.786936213145964e-05	1.0
-8.96830787411318e-09	1.0
0.0	1.0
0.0	1.0
0.0	1.0
-0.001138374675065279	0.20512820512820512
0.0	1.0
0.0	1.0
0.0	1.0
0.0	1.0
0.0	1.0
-0.00042095346725545824	1.0
0.0	1.0
0.0	0.0
-9.827433132159058e-06	1.0
-0.0017122369026765227	0.0
0.0	1.0
0.0	1.0
0.0	1.0
0.0	1.0
0.0	1.0
0.0	1.0
0.0	1.0
0.0	1.0
-0.00029459435609169304	1.0
0.0	0.864367816091954
0.0	1.0
0.0	1.0
0.0	1.0
0.0	1.0
0.0	1.0
0.0	1.0
-0.0009998180903494358	1.0
0.0	1.0
0.0	1.0
-6.118621968198568e-05	1.0
-1.1968041668808382e-08	1.0
0.0	1.0
0.0	1.0
0.0	1.0
0.0	1.0
0.0	1.0
0.0	1.0
-2.8521531021397095e-06	1.0
0.0	1.0
0.0	0.0
-0.000212442857446149	1.0
0.0	1.0
-9.522704203845933e-06	1.0
0.0	0.0
0.0	1.0
-1.510424141315525e-07	0.06944444444444445
-0.0037297732196748257	1.0
-1.7624169856844674e-07	1.0
0.0	1.0
0.0	1.0
0.0	1.0
-0.00011090828775195405	1.0
-2.0892157408525236e-06	0.4867021276595745
0.0	1.0
0.0	1.0
-2.7439469695977187e-14	1.0
0.0	1.0
-0.00015392382920254022	1.0
-0.0031858435831964016	0.0
0.0	1.0
0.0	0.0
0.0	1.0
0.0	1.0
0.0	1.0
0.0	0.0
-0.0005466328002512455	1.0
0.0	1.0
0.0	1.0
-1.1529614611129058e-13	1.0
0.0	1.0
-5.484708253788995e-06	1.0
0.0	1.0
-0.0010836324654519558	1.0
0.0	1.0
0.0	1.0
0.0	1.0
0.0	1.0
-0.0003047565696761012	0.03333333333333333
0.0	1.0
0.0	1.0
-5.089143950004482e-12	0.2073170731707317
0.0	1.0
0.0	1.0
0.0	1.0
-6.282646063482389e-05	1.0
-0.00023967580636963248	1.0
0.0	1.0
-0.0003877735580317676	1.0
-0.0014109521871432662	1.0
0.0	1.0
0.0	1.0
-1.1597512949990119e-09	1.0
0.0	1.0
0.0	1.0
0.0	1.0
0.0	1.0
0.0	1.0
-2.072449933621101e-05	1.0
0.0	0.0
-0.0004921756917610765	1.0
0.0	1.0
-6.423516651921091e-07	1.0
-8.30952194519341e-05	1.0
0.0	1.0
-7.14280804459122e-06	1.0
0.0	1.0
-1.1782410602734217e-09	1.0
0.0	0.1111111111111111
0.0	1.0
-4.0075833567243535e-06	1.0
-7.2380177407183055e-09	1.0
0.0	0.3
0.0	1.0
0.0	1.0
0.0	1.0
0.0	1.0
0.0	1.0
0.0	0.17803030303030304
0.0	1.0
0.0	1.0
0.0	1.0
0.0	1.0
0.0	1.0
0.0	1.0
-2.2685294425173197e-06	1.0
-6.811665116401855e-06	1.0
-0.01721729151904583	0.0
0.0	1.0
0.0	0.0
0.0	1.0
-1.6521187262696913e-06	1.0
-6.724211465414243e-12	0.19138755980861244
-0.0004092600429430604	0.023255813953488372
-0.0003366659511812031	1.0
-0.0026178632397204638	0.2222222222222222
-0.1227664053440094	0.0
-0.001314628403633833	1.0
0.0	0.0
0.0	0.3063063063063063
0.0	1.0
0.0	1.0
0.0	1.0
0.0	1.0
0.0	1.0
0.0	1.0
-9.774145937058165e-09	1.0
0.0	1.0
0.0	1.0
-2.10578821047136e-09	0.0
0.0	1.0
0.0	1.0
-0.0007925651734694839	0.0
0.0	1.0
0.0	1.0
0.0	1.0
-7.791516691213474e-05	0.0
-2.883867189495959e-08	1.0
0.0	1.0
0.0	1.0
0.0	0.0
0.0	1.0
-1.0917113968389458e-06	1.0
-1.7490288882981986e-05	1.0
0.0	1.0
