-0.00048133337986655533	0.0
0.0	1.0
0.0	1.0
0.0	0.0
0.0	1.0
0.0	1.0
0.0	1.0
0.0	0.0
0.0	1.0
0.0	1.0
0.0	0.0784313725490196
0.0	1.0
0.0	0.0
-1.462711861677235e-05	1.0
0.0	1.0
-0.1298506259918213	0.0
-4.143361820752034e-06	0.0
0.0	1.0
-2.5297315005445853e-05	1.0
0.0	1.0
-1.2471054105844814e-05	1.0
0.0	1.0
0.0	1.0
-1.865737431216985e-05	1.0
-6.723029218846932e-05	1.0
0.0	1.0
0.0	0.0
-0.01232436764985323	0.038461538461538464
-3.307437101973676e-10	1.0
-0.002303775865584612	1.0
0.0	1.0
-1.694976344879251e-05	1.0
0.0	1.0
0.0	1.0
-2.186471590448491e-07	1.0
0.0	0.026200873362445413
-0.00041311877430416644	0.0
0.0	1.0
-1.2038940440106671e-05	1.0
-0.000135566369863227	0.625
-0.000145500322105363	1.0
0.0	1.0
0.0	1.0
0.0	1.0
-0.00011512642231537029	1.0
-2.5695139811432455e-06	1.0
0.0	1.0
-5.593932655756362e-05	1.0
0.0	1.0
-2.258333324789419e-06	1.0
-0.018820397555828094	0.0
0.0	1.0
0.0	0.869281045751634
0.0	0.008583690987124463
0.0	1.0
0.0	0.0
-1.5490456917177653e-07	1.0
0.0	1.0
-0.031623534858226776	0.0
-0.0002019947860389948	0.0
0.0	1.0
0.0	1.0
0.0	1.0
0.0	1.0
0.0	1.0
0.0	0.0
0.0	0.0
0.0	1.0
-3.415892024349887e-06	1.0
0.0	0.0
0.0	1.0
0.0	1.0
-5.557816606938104e-08	1.0
-2.104125451296568e-05	1.0
-3.0525127385772066e-06	1.0
0.0	1.0
-0.00012424789019860327	1.0
0.0	0.0
0.0	1.0
0.0	1.0
-0.005742446519434452	0.0
0.0	0.0
0.0	1.0
0.0	1.0
0.0	1.0
0.0	0.08333333333333333
-5.236104698269628e-06	1.0
0.0	1.0
-4.601607724907808e-05	1.0
0.0	1.0
0.0	1.0
0.0	1.0
0.0	1.0
0.0	1.0
0.0	1.0
0.0	1.0
0.0	1.0
0.0	1.0
0.0	1.0
0.0	1.0
0.0	1.0
0.0	1.0
0.0	1.0
0.0	1.0
-0.0009803822031244636	1.0
0.0	1.0
-3.5401889419972576e-08	1.0
-4.886805982096121e-06	1.0
0.0	0.0
0.0	0.0
0.0	1.0
0.0	1.0
0.0	1.0
0.0	1.0
-1.4748992305246844e-10	1.0
0.0	1.0
0.0	1.0
0.0	1.0
-2.3487635189667344e-05	1.0
0.0	1.0
0.0	1.0
-2.4163147827493958e-05	1.0
-0.0036520352587103844	1.0
0.0	1.0
0.0	1.0
0.0	1.0
0.0	1.0
0.0	1.0
0.0	0.0
0.0	1.0
0.0	1.0
-0.004926973953843117	0.6666666666666666
0.0	1.0
-0.0009743696427904069	1.0
0.0	1.0
0.0	0.0
0.0	1.0
0.0	1.0
-1.2725104170385748e-06	1.0
0.0	1.0
-0.0005776825128123164	1.0
0.0	1.0
0.0	0.0
-0.001793494215235114	1.0
0.0	1.0
0.0	0.0
0.0	1.0
0.0	1.0
0.0	1.0
0.0	1.0
-1.552978574181907e-05	1.0
0.0	0.0
0.0	1.0
0.0	1.0
0.0	1.0
-1.5368453176733965e-08	1.0
-5.206314823702485e-10	1.0
0.0	1.0
0.0	1.0
0.0	1.0
-3.7682437437069893e-07	1.0
-7.780749729136005e-05	1.0
-0.001995666418224573	0.015873015873015872
0.0	1.0
0.0	1.0
0.0	1.0
0.0	1.0
-5.241643884801306e-05	0.0
0.0	1.0
0.0	1.0
0.0	1.0
-4.54489781986922e-05	1.0
0.0	0.0
0.0	1.0
-0.008880077861249447	0.0
0.0	1.0
0.0	1.0
0.0	1.0
0.0	1.0
0.0	1.0
0.0	1.0
0.0	0.0
-0.0001031928914017044	1.0
0.0	1.0
0.0	0.46987951807228917
0.0	0.23728813559322035
0.0	1.0
0.0	1.0
0.0	1.0
0.0	1.0
-1.8716849581323913e-07	1.0
-8.177007111953571e-05	1.0
-1.8803582861437462e-05	1.0
0.0	1.0
0.0	1.0
-0.00017043559637386352	1.0
-0.0003540064790286124	1.0
0.0	1.0
-1.7459698938182555e-05	1.0
0.0	1.0
0.0	1.0
0.0	0.0
0.0	0.0
0.0	1.0
0.0	1.0
-0.001227341708727181	1.0
0.0	1.0
0.0	0.0
-0.002127096988260746	0.0
0.0	1.0
-7.415739673888311e-05	1.0
0.0	1.0
0.0	1.0
0.0	1.0
-3.914469289156841e-06	1.0
0.0	1.0
-0.020009184256196022	0.0
0.0	1.0
-0.0022158166393637657	1.0
0.0	1.0
-6.72535679768771e-05	0.2545454545454545
-0.0006609666743315756	1.0
0.0	1.0
0.0	1.0
0.0	1.0
0.0	1.0
0.0	1.0
0.0	1.0
-0.0007395374705083668	1.0
0.0	1.0
0.0	0.0
0.0	0.0
0.0	1.0
0.0	1.0
-3.1819949072087184e-05	0.0
0.0	1.0
0.0	1.0
0.0	1.0
-3.8250351508395397e-07	1.0
-1.606958042652505e-14	1.0
-0.03371730446815491	0.0
-9.598449105396867e-05	1.0
0.0	1.0
0.0	1.0
0.0	1.0
0.0	1.0
-0.0001917270419653505	1.0
0.0	1.0
-3.836167525150813e-05	1.0
0.0	1.0
-2.2483676730189472e-05	1.0
0.0	1.0
-0.0003873380774166435	1.0
0.0	1.0
0.0	1.0
-0.04435166344046593	0.0
0.0	0.7692307692307693
0.0	1.0
0.0	1.0
0.0	1.0
0.0	1.0
0.0	1.0
-0.00046381758875213563	1.0
0.0	0.0
0.0	1.0
0.0	1.0
-3.6690242268377915e-05	1.0
0.0	1.0
0.0	1.0
0.0	1.0
0.0	1.0
0.0	1.0
-0.0007265578606165946	1.0
0.0	0.0
-1.6193829651456326e-05	1.0
-7.31812760932371e-05	1.0
-0.00016925111413002014	1.0
0.0	0.0
0.0	1.0
0.0	1.0
0.0	1.0
0.0	1.0
-0.0027221234049648046	0.0
0.0	1.0
-0.0006780464900657535	1.0
0.0	1.0
0.0	1.0
-0.0001646697346586734	1.0
0.0	0.0
-0.000763844174798578	1.0
0.0	1.0
0.0	1.0
-0.054638903588056564	0.0
-1.8940665540867485e-05	1.0
0.0	1.0
-0.00047624914441257715	0.0
-2.4612364768472617e-07	1.0
-2.8556548841152107e-06	1.0
-5.56626109755598e-05	0.0
-0.022664863616228104	0.0
0.0	1.0
0.0	1.0
-0.0003782611747737974	1.0
-0.00036932752118445933	1.0
0.0	1.0
0.0	1.0
0.0	0.38095238095238093
0.0	1.0
-1.3173349563966319e-11	0.0
0.0	1.0
-0.000873576442245394	0.0
0.0	1.0
-0.00040897034341469407	1.0
0.0	1.0
0.0	1.0
0.0	1.0
-0.0016305458266288042	1.0
0.0	1.0
-0.0007840983453206718	1.0
0.0	1.0
0.0	1.0
-7.731565347057767e-06	1.0
-2.7293560833641095e-07	0.0
-0.001027532503940165	1.0
0.0	1.0
0.0	1.0
-0.013528550043702126	0.0
0.0	1.0
0.0	1.0
-2.871427386708092e-05	1.0
0.0	0.05357142857142857
-0.004953313153237104	0.0
0.0	0.0410958904109589
0.0	1.0
-0.0016573003958910704	1.0
0.0	1.0
-3.169107912981417e-06	1.0
0.0	1.0
-4.077324047102593e-05	1.0
-1.8815413568518125e-05	1.0
0.0	1.0
-0.031418055295944214	0.0
0.0	1.0
0.0	1.0
-1.7483625924796797e-05	1.0
0.0	1.0
0.0	1.0
0.0	0.0
0.0	1.0
0.0	1.0
0.0	1.0
0.0	0.0
0.0	1.0
0.0	0.0
-0.0009210256393998861	1.0
0.0	1.0
0.0	1.0
-1.4018822184880264e-05	0.022727272727272728
0.0	1.0
0.0	1.0
0.0	1.0
0.0	1.0
0.0	1.0
0.0	1.0
0.0	1.0
0.0	1.0
0.0	1.0
0.0	1.0
0.0	1.0
0.0	1.0
0.0	1.0
0.0	1.0
-0.00011699943570420146	1.0
-0.0014293030835688114	0.0
-1.0255976512496545e-08	1.0
0.0	1.0
-0.0003579194890335202	1.0
0.0	1.0
0.0	1.0
-5.962662044112221e-07	0.2894736842105263
0.0	0.0
0.0	1.0
0.0	1.0
0.0	1.0
-6.108253387537843e-07	1.0
0.0	0.0
-8.381472405005752e-09	1.0
0.0	1.0
0.0	1.0
-0.0003709476732183248	0.08333333333333333
-2.499799833799443e-08	1.0
0.0	1.0
-1.0651876047873543e-09	1.0
-0.000148683728184551	1.0
0.0	1.0
-0.00015257892664521933	1.0
0.0	1.0
0.0	1.0
0.0	1.0
0.0	1.0
-2.9843627999071032e-05	1.0
-0.001237100688740611	1.0
-0.0003424788301344961	1.0
-0.002191937295719981	0.2857142857142857
0.0	1.0
0.0	1.0
-0.012569042854011059	0.53125
-4.87896704726154e-06	1.0
-1.7531352568767034e-05	1.0
0.0	1.0
-2.2994077880866826e-05	1.0
0.0	1.0
-0.00018449765047989786	1.0
0.0	1.0
0.0	1.0
0.0	1.0
0.0	1.0
0.0	1.0
0.0	1.0
0.0	1.0
0.0	1.0
0.0	1.0
0.0	1.0
0.0	1.0
0.0	1.0
0.0	1.0
0.0	1.0
0.0	1.0
0.0	1.0
-0.0021572099067270756	0.0
0.0	1.0
-0.0007262202561832964	1.0
-2.6903529942501336e-05	1.0
0.0	0.4230769230769231
0.0	1.0
0.0	0.0
0.0	1.0
0.0	1.0
-6.126122116256738e-06	1.0
0.0	1.0
0.0	1.0
-2.1884530724491924e-05	1.0
0.0	1.0
0.0	1.0
0.0	1.0
0.0	1.0
-0.0001300895237363875	1.0
0.0	1.0
-8.726181022211676e-08	1.0
0.0	1.0
-3.3307173907815013e-07	1.0
-0.0003277082578279078	0.0
0.0	1.0
0.0	1.0
0.0	1.0
0.0	1.0
-8.111896022455767e-05	1.0
0.0	0.0
0.0	1.0
0.0	0.14615384615384616
-6.450429634874411e-10	1.0
-5.624634650303051e-05	1.0
0.0	1.0
-6.193583249114454e-05	1.0
0.0	1.0
0.0	0.5119047619047619
-3.029560247114205e-08	1.0
0.0	1.0
-1.785992571967654e-05	1.0
0.0	1.0
0.0	1.0
-0.0007150577148422599	1.0
0.0	1.0
0.0	1.0
-1.2961959505730647e-08	1.0
-0.00016869630781002343	1.0
-3.3803225960582495e-05	1.0
0.0	1.0
-5.306024490892014e-07	1.0
0.0	0.0
-3.3527150662848726e-05	1.0
-0.00012030852667521685	1.0
0.0	1.0
0.0	1.0
0.0	1.0
0.0	1.0
0.0	1.0
0.0	1.0
-0.001767461304552853	1.0
0.0	0.0
-1.8902907017448456e-10	1.0
-9.666476603539809e-13	1.0
0.0	1.0
-0.014008531346917152	0.0
0.0	1.0
-0.0014939658576622605	1.0
0.0	0.0
0.0	1.0
0.0	0.302158273381295
-0.00033792993053793907	1.0
0.0	1.0
0.0	1.0
-0.00019383622566238046	0.0
-0.0008631150703877211	0.0
0.0	1.0
0.0	1.0
