0.0	1.0
0.0	1.0
0.0	1.0
0.0	1.0
0.0	1.0
-0.0026320810429751873	1.0
-1.22209769415349e-06	1.0
-3.217518315068446e-05	0.5531914893617021
-1.9309265297806633e-08	1.0
-3.633423659721302e-07	1.0
0.0	1.0
-0.00029181098216213286	1.0
-6.279488297877833e-05	1.0
0.0	1.0
-8.678953236085363e-06	1.0
0.0	1.0
0.0	1.0
-0.00023635831894353032	1.0
-6.655569677604944e-07	1.0
0.0	1.0
-3.2754617222963134e-06	1.0
0.0	0.0
0.0	1.0
0.0	1.0
-0.0011239465093240142	1.0
0.0	1.0
0.0	0.0
0.0	1.0
-9.631529707121445e-08	1.0
0.0	1.0
-4.5901810130644094e-10	1.0
0.0	0.0158311345646438
-1.617568955225579e-06	1.0
0.0	0.635036496350365
0.0	1.0
0.0	1.0
-4.7140907554421574e-05	1.0
0.0	1.0
0.0	1.0
-2.1339703380363062e-05	1.0
-8.873204023984727e-06	0.0
0.0	1.0
0.0	1.0
0.0	0.005050505050505051
0.0	1.0
0.0	1.0
0.0	1.0
0.0	1.0
0.0	1.0
-0.00017407034465577453	1.0
0.0	1.0
0.0	1.0
0.0	1.0
0.0	1.0
0.0	1.0
-4.116396041808912e-07	1.0
0.0	1.0
0.0	1.0
0.0	0.0
0.0	1.0
-0.0026214083191007376	0.0
0.0	1.0
-0.00010958087659673765	1.0
0.0	0.0
-1.1618870303209405e-05	1.0
-0.0002897335507441312	1.0
0.0	1.0
-5.615278496406972e-06	0.0
0.0	1.0
0.0	1.0
-2.3790478476115595e-09	1.0
0.0	1.0
0.0	1.0
0.0	1.0
-6.725510320393369e-05	1.0
0.0	1.0
0.0	1.0
-0.006627753842622042	0.043478260869565216
-5.2127160308387066e-18	0.0
-0.00137385877314955	1.0
0.0	0.046511627906976744
-0.01753660850226879	0.1724137931034483
-0.002893956145271659	0.0
-0.0013707347679883242	1.0
-0.00013517227489501238	1.0
0.0	1.0
0.0	0.045454545454545456
-0.0004794468404725194	1.0
0.0	1.0
0.0	1.0
0.0	1.0
0.0	1.0
0.0	1.0
0.0	1.0
0.0	1.0
0.0	1.0
0.0	0.0
0.0	1.0
-1.43703243749016e-10	1.0
0.0	1.0
0.0	1.0
0.0	1.0
0.0	1.0
0.0	0.0
0.0	1.0
-1.0341828783566598e-05	1.0
-5.581934914289377e-11	1.0
0.0	1.0
0.0	1.0
0.0	1.0
0.0	1.0
-0.0007600234821438789	1.0
0.0	1.0
0.0	0.0
-3.2619976164660613e-10	1.0
-0.00015680983779020607	1.0
0.0	1.0
0.0	0.0
-0.00054504768922925	1.0
-0.0020180060528218746	1.0
0.0	1.0
-0.0007832233677618206	1.0
-0.014936643652617931	0.0
0.0	1.0
-0.019183825701475143	0.0
-3.906160372935119e-07	1.0
0.0	1.0
-7.187074970715912e-07	1.0
-7.072043905348435e-12	1.0
0.0	1.0
0.0	0.2537313432835821
0.0	1.0
0.0	1.0
0.0	1.0
-0.035202328115701675	0.0
0.0	1.0
0.0	1.0
-0.0008088991744443774	0.0
0.0	1.0
0.0	0.0
0.0	1.0
-0.0007481133216060698	1.0
0.0	0.10227272727272728
0.0	1.0
-3.39659231940459e-06	1.0
0.0	1.0
0.0	1.0
0.0	1.0
-2.142370476576616e-06	0.0
0.0	1.0
-0.0018188966205343604	1.0
-8.564985023440386e-07	1.0
0.0	1.0
-1.6515195966348983e-07	1.0
0.0	0.04878048780487805
0.0	1.0
-1.423333564724849e-12	1.0
0.0	1.0
0.0	0.0
0.0	1.0
0.0	0.0
-0.0012653972953557968	1.0
0.0	1.0
-0.004202774725854397	0.0
-0.00036589722731150687	1.0
0.0	0.5743243243243243
-0.01039064209908247	0.0
-5.7417419156990945e-05	1.0
-4.085254477104172e-05	1.0
0.0	1.0
0.0	1.0
0.0	1.0
0.0	0.0
0.0	1.0
0.0	1.0
-2.5698691388242878e-05	1.0
-0.000914939446374774	1.0
-0.001796972588635981	1.0
0.0	1.0
0.0	1.0
0.0	1.0
-0.007140785921365023	1.0
0.0	1.0
0.0	1.0
0.0	1.0
0.0	1.0
0.0	1.0
0.0	1.0
-0.00011275019642198458	0.7987220447284346
-0.019322499632835388	0.0
-7.06356004798181e-08	1.0
0.0	1.0
-2.249934638598461e-08	0.024390243902439025
0.0	1.0
0.0	1.0
0.0	1.0
0.0	1.0
0.0	0.023809523809523808
0.0	0.12962962962962962
-0.00018596835434436798	1.0
0.0	1.0
0.0	1.0
0.0	1.0
0.0	0.0
-8.252442057710141e-06	1.0
-2.529418907215586e-06	1.0
-0.00021656886383425444	1.0
0.0	1.0
0.0	1.0
-9.147716627921909e-05	1.0
-0.0028799811843782663	0.1328125
0.0	1.0
0.0	1.0
0.0	1.0
-2.4553012281103292e-06	0.029411764705882353
0.0	0.5
-1.2226710168761201e-05	0.0
0.0	1.0
-0.00011226616334170103	1.0
0.0	0.0
0.0	1.0
0.0	1.0
-0.011208509095013142	0.0
0.0	1.0
0.0	1.0
0.0	1.0
0.0	1.0
0.0	1.0
0.0	0.2765957446808511
0.0	1.0
-0.0013370243832468987	1.0
0.0	1.0
0.0	1.0
0.0	1.0
0.0	1.0
-0.0004055012250319123	1.0
-0.10345267504453659	0.0
-0.0011386204278096557	0.0
0.0	1.0
0.0	1.0
-1.656676772654464e-06	0.6470588235294118
-0.0011582538718357682	0.483695652173913
0.0	1.0
-0.00026046912535093725	1.0
-0.00018827970779966563	1.0
0.0	0.1743119266055046
-0.00025620649103075266	0.9039665970772442
0.0	1.0
0.0	1.0
0.0	1.0
0.0	1.0
-0.0016066461103037	1.0
0.0	1.0
-3.1399075006710575e-10	1.0
0.0	1.0
0.0	1.0
0.0	1.0
0.0	0.4631578947368421
0.0	1.0
0.0	1.0
0.0	1.0
0.0	1.0
-1.699389429177245e-07	1.0
-4.0302995330421254e-05	1.0
0.0	0.0
0.0	1.0
0.0	1.0
0.0	1.0
-0.018250923603773117	0.25663716814159293
-3.778498847140099e-09	0.0
0.0	0.13114754098360656
0.0	0.3402061855670103
0.0	1.0
0.0	0.0
0.0	1.0
0.0	1.0
0.0	0.0
-3.593519494343199e-18	1.0
-0.0012554691638797522	1.0
0.0	1.0
0.0	1.0
0.0	0.0
0.0	1.0
-1.266918934561545e-05	1.0
0.0	1.0
0.0	1.0
-0.0032592308707535267	1.0
0.0	1.0
-0.0001766622153809294	1.0
0.0	0.0
0.0	1.0
0.0	1.0
-3.323526107124053e-05	0.0
0.0	1.0
0.0	1.0
0.0	1.0
0.0	1.0
-0.0005394091131165624	0.13186813186813187
0.0	1.0
0.0	1.0
0.0	1.0
0.0	1.0
0.0	1.0
0.0	1.0
0.0	1.0
0.0	1.0
0.0	1.0
0.0	1.0
0.0	1.0
-1.0580101843515877e-05	1.0
-2.389498331467621e-05	1.0
0.0	1.0
-0.00035780054167844355	1.0
0.0	1.0
-5.802766827400774e-05	0.5714285714285714
-0.009751847013831139	0.0
0.0	1.0
0.0	1.0
0.0	1.0
-0.00010439424659125507	1.0
-3.0193235943443142e-05	1.0
-0.0001890629209810868	1.0
0.0	1.0
-9.603521175449714e-05	1.0
0.0	0.06818181818181818
-0.0006303903646767139	1.0
0.0	1.0
-0.017082927748560905	0.0
0.0	1.0
0.0	1.0
-2.0540805053315125e-05	1.0
0.0	1.0
-2.1218165002778733e-08	1.0
0.0	1.0
0.0	1.0
0.0	1.0
0.0	1.0
0.0	1.0
-2.924094300027491e-10	1.0
0.0	1.0
0.0	1.0
0.0	1.0
0.0	1.0
0.0	0.0
0.0	1.0
0.0	1.0
0.0	0.6851851851851852
0.0	1.0
0.0	1.0
0.0	1.0
0.0	0.0
0.0	1.0
-6.8732525728077766e-18	1.0
-0.00013559947547037154	1.0
0.0	1.0
-4.536055797643712e-08	1.0
-1.0083535926241893e-06	0.3333333333333333
-0.0009557877783663571	1.0
0.0	1.0
-0.002535988576710224	0.0
0.0	1.0
0.0	1.0
0.0	1.0
-6.9993197939766105e-06	1.0
-4.8890004109125584e-05	1.0
-0.0006585023947991431	1.0
0.0	1.0
0.0	0.0
0.0	1.0
-0.006425939965993166	1.0
-7.372524351012544e-07	1.0
0.0	1.0
0.0	1.0
-3.84020313504152e-05	0.012987012987012988
-6.241774599402561e-07	1.0
0.0	0.0
0.0	1.0
-1.9827790310955606e-05	1.0
-0.0023110839538276196	1.0
-6.949935050215572e-05	1.0
-6.241445953492075e-05	1.0
0.0	1.0
0.0	1.0
0.0	1.0
-2.9554539651144296e-05	1.0
0.0	1.0
-7.769572403049096e-05	1.0
-0.0003005887847393751	1.0
0.0	0.011494252873563218
-0.0003582434728741646	1.0
-0.000164580371347256	1.0
-2.9575217922683805e-05	1.0
0.0	1.0
-0.0007466115639545023	1.0
0.0	1.0
0.0	1.0
-5.832865781485452e-07	1.0
-0.0004432196728885174	1.0
-0.05607461929321289	0.14285714285714285
0.0	0.533678756476684
0.0	1.0
0.0	1.0
0.0	1.0
-7.53151107346639e-05	1.0
0.0	1.0
0.0	1.0
-0.022300001233816147	0.0
0.0	0.0
0.0	1.0
-0.035783689469099045	0.0
0.0	0.8078947368421052
-1.829571192502044e-05	0.0
0.0	1.0
-0.0006356366793625057	1.0
0.0	1.0
0.0	1.0
0.0	1.0
0.0	0.0
0.0	1.0
0.0	1.0
0.0	1.0
0.0	1.0
0.0	1.0
-0.007690149825066328	0.0
-0.00020730240794364363	1.0
-4.525670374277979e-05	1.0
0.0	1.0
0.0	0.125
0.0	0.0
0.0	1.0
-1.869865991466213e-05	1.0
0.0	1.0
0.0	0.0
0.0	1.0
-6.47639244562015e-05	1.0
0.0	1.0
0.0	1.0
0.0	0.14285714285714285
-0.0006421550642699003	1.0
-3.782724525080994e-05	0.0
-9.174358274322003e-05	1.0
0.0	1.0
0.0	1.0
0.0	1.0
0.0	1.0
0.0	1.0
-2.1564619601122104e-07	1.0
-1.1521285614435328e-06	1.0
0.0	1.0
0.0	1.0
-2.006756858463632e-06	1.0
-9.378433787787799e-06	1.0
0.0	1.0
-0.00045707248500548303	1.0
-3.127869352415047e-10	1.0
0.0	1.0
0.0	1.0
-0.005464315414428711	0.0
0.0	1.0
0.0	1.0
0.0	1.0
0.0	1.0
0.0	1.0
0.0	1.0
-0.002725526224821806	0.0
-1.1788158644776559e-06	1.0
0.0	0.3
0.0	0.0
0.0	1.0
0.0	1.0
-0.0004388615197967738	1.0
0.0	1.0
0.0	1.0
0.0	1.0
0.0	1.0
-0.026618968695402145	0.0
0.0	1.0
-0.0002051870833383873	1.0
0.0	1.0
-9.635331662138924e-05	0.0
0.0	0.5
0.0	1.0
0.0	1.0
-6.236157190642189e-08	1.0
-5.3712106762304757e-08	0.0
0.0	0.0
-0.0008965323795564473	1.0
-2.4934720954661316e-08	0.0
0.0	1.0
-0.00018520132289268076	0.0
0.0	1.0
0.0	1.0
0.0	1.0
0.0	1.0
0.0	0.0
0.0	1.0
0.0	1.0
0.0	0.0
-0.0001715959224384278	1.0
0.0	1.0
-0.000878449878655374	1.0
0.0	1.0
0.0	1.0
0.0	1.0
0.0	1.0
0.0	1.0
-0.00037488460657186806	1.0
-0.002750369952991605	1.0
0.0	1.0
0.0	1.0
0.0	1.0
0.0	1.0
