0.0	1.0
-0.00019180183880962431	1.0
-6.6987408899876755e-06	0.0
0.0	1.0
-1.2351049008429982e-05	1.0
-9.41759117267793e-06	1.0
0.0	0.0
-0.0011996317189186811	1.0
0.0	1.0
0.0	1.0
-0.00043080191244371235	1.0
-4.209365215501748e-06	1.0
0.0	1.0
-0.00011534873192431405	1.0
-0.0008326469105668366	1.0
0.0	1.0
0.0	1.0
-0.008678277023136616	0.0
-0.0014626020565629005	0.08333333333333333
0.0	1.0
-1.2373126611828211e-13	1.0
-5.7267960073659196e-05	1.0
-9.077083086594939e-05	1.0
0.0	1.0
0.0	1.0
-8.234834467657492e-07	1.0
0.0	1.0
0.0	1.0
0.0	0.0
-0.0006026707706041634	1.0
0.0	1.0
0.0	1.0
-1.6403546088809194e-16	1.0
0.0	1.0
-4.5488982323149685e-06	1.0
0.0	1.0
0.0	1.0
0.0	1.0
0.0	1.0
-0.0002660382306203246	1.0
0.0	1.0
0.0	1.0
-9.324427452384043e-09	1.0
0.0	1.0
-6.539343303302303e-05	1.0
0.0	1.0
-0.00010336635023122653	1.0
0.0	0.10294117647058823
-3.191823998349719e-05	1.0
-0.025538280606269836	0.1111111111111111
0.0	1.0
0.0	0.806060606060606
0.0	1.0
-3.279008353729296e-08	1.0
-0.0004484628152567893	1.0
-0.0001977778010768816	0.8002195389681669
0.0	0.0
0.0	0.0
-2.881719592551235e-05	0.3014354066985646
0.0	1.0
-0.001013156259432435	1.0
-1.0991041108354693e-06	1.0
-2.637596708154888e-06	1.0
0.0	1.0
0.0	1.0
0.0	1.0
0.0	1.0
0.0	1.0
0.0	1.0
0.0	1.0
0.0	0.0
-2.6903071557171643e-05	1.0
-6.900411244714633e-05	1.0
0.0	1.0
0.0	1.0
0.0	1.0
0.0	1.0
0.0	1.0
0.0	1.0
-0.0006473044049926102	1.0
0.0	0.24183006535947713
0.0	1.0
0.0	0.0
0.0	1.0
0.0	1.0
0.0	1.0
0.0	1.0
-0.00016827252693474293	1.0
-0.01756526716053486	0.0
0.0	1.0
0.0	1.0
-1.312187407620513e-07	0.010638297872340425
-0.00012064177280990407	1.0
0.0	1.0
-2.5195955458912067e-05	1.0
0.0	1.0
0.0	1.0
0.0	0.2712765957446808
-0.0002142576704500243	1.0
0.0	1.0
0.0	0.0
0.0	1.0
0.0	0.16279069767441862
-0.0003755580401048064	1.0
-1.743711237622847e-07	1.0
0.0	1.0
0.0	1.0
0.0	1.0
-0.00010520347132114694	1.0
-1.523957138260812e-07	0.0
0.0	0.0
0.0	1.0
-0.0005746844108216465	0.0
-0.0017331024864688516	1.0
-1.1467010067184313e-13	1.0
0.0	1.0
-3.3811168123065727e-06	0.044444444444444446
0.0	1.0
-1.5409428897328326e-06	1.0
-1.604366843821481e-07	1.0
-3.069927333854139e-05	0.016129032258064516
-0.00013950216816738248	1.0
0.0	1.0
-1.2514744412328582e-05	1.0
-0.0004093947063665837	1.0
0.0	1.0
0.0	1.0
0.0	1.0
0.0	1.0
0.0	0.6961538461538461
0.0	1.0
0.0	0.9841269841269841
0.0	1.0
-0.00012442887236829847	1.0
-1.134356625698274e-05	1.0
-8.496105692756828e-06	1.0
0.0	0.2222222222222222
0.0	1.0
0.0	1.0
0.0	0.05
0.0	1.0
0.0	1.0
0.0	1.0
0.0	1.0
-0.0001481951039750129	1.0
-1.5261011867551133e-06	1.0
0.0	0.0
-1.89294387382688e-05	1.0
0.0	0.02926829268292683
0.0	0.0
0.0	1.0
0.0	1.0
0.0	1.0
-8.451876055914909e-06	0.0
0.0	1.0
-2.33439750445541e-05	1.0
0.0	1.0
0.0	1.0
0.0	1.0
-0.028342170640826225	0.0
0.0	1.0
0.0	1.0
0.0	1.0
0.0	1.0
0.0	1.0
0.0	1.0
0.0	0.0
-4.303698005969636e-05	1.0
0.0	1.0
0.0	1.0
0.0	0.0
0.0	1.0
0.0	1.0
-3.4875110611898297e-12	1.0
0.0	1.0
-9.783548193809111e-08	0.0
0.0	1.0
0.0	1.0
-0.0003613717562984675	1.0
0.0	1.0
0.0	1.0
0.0	1.0
0.0	1.0
0.0	1.0
0.0	1.0
0.0	1.0
0.0	0.7142857142857143
0.0	1.0
0.0	1.0
0.0	1.0
0.0	0.045454545454545456
0.0	1.0
0.0	1.0
0.0	1.0
0.0	1.0
-0.0003035711997654289	1.0
0.0	0.0
-5.6320983432556204e-09	0.0
0.0	1.0
0.0	1.0
0.0	0.25
0.0	0.0
0.0	0.6363636363636364
0.0	0.0
0.0	1.0
0.0	1.0
0.0	0.08333333333333333
-3.9257065509445965e-06	1.0
0.0	0.13333333333333333
-0.0010240208357572556	1.0
0.0	1.0
-1.970425364561379e-05	1.0
0.0	0.0
-0.0004032469296362251	1.0
0.0	0.05172413793103448
-6.209071590213e-10	1.0
0.0	1.0
-1.3888278971307955e-08	1.0
0.0	1.0
-1.4870560782753728e-08	1.0
-0.00020227856293786317	1.0
-7.569356239400804e-05	0.0
0.0	1.0
0.0	1.0
0.0	1.0
-0.0012138477759435773	0.0
0.0	1.0
0.0	0.0
0.0	1.0
-0.001444487483240664	1.0
-0.01668061874806881	0.0
-1.0224566722172312e-05	1.0
-0.004494864959269762	1.0
0.0	1.0
-7.56919405375811e-07	1.0
-0.000719871954061091	1.0
-0.012337563559412956	0.0
0.0	1.0
0.0	1.0
-2.225080379503197e-06	0.0
-2.1885468868276803e-06	0.043478260869565216
0.0	0.0
-7.952162149257869e-14	0.75
0.0	1.0
0.0	1.0
0.0	1.0
0.0	1.0
0.0	1.0
0.0	1.0
0.0	1.0
-2.4629371182527393e-05	1.0
0.0	1.0
0.0	1.0
0.0	0.16666666666666666
0.0	1.0
0.0	1.0
0.0	1.0
0.0	1.0
0.0	1.0
0.0	0.2
0.0	1.0
0.0	1.0
0.0	1.0
0.0	1.0
0.0	1.0
0.0	1.0
0.0	1.0
-1.5454065760422964e-06	1.0
-0.001491799601353705	1.0
0.0	1.0
0.0	1.0
-3.0202701964299195e-05	1.0
-1.7254468687166735e-11	1.0
-0.0008832939784042537	1.0
0.0	1.0
-0.00011698074376909062	1.0
-1.124395384977106e-05	1.0
0.0	1.0
-7.896001989138313e-06	1.0
-4.349880455833954e-08	1.0
-5.769559720647521e-05	1.0
-0.00043440269655548036	0.0
-2.3087658007625578e-07	1.0
-2.212589139682919e-11	1.0
-2.7059460900279164e-13	1.0
0.0	1.0
0.0	1.0
0.0	1.0
-1.5169150657801111e-10	1.0
0.0	1.0
-0.0023736541625112295	1.0
0.0	1.0
0.0	1.0
-5.317473128485517e-09	1.0
-7.840632032518613e-10	1.0
0.0	0.0
0.0	1.0
0.0	1.0
0.0	1.0
0.0	1.0
0.0	1.0
-1.4278060689321137e-07	0.4292929292929293
0.0	1.0
0.0	1.0
-2.128256174411237e-16	1.0
0.0	1.0
-0.013861656188964844	0.0
0.0	1.0
0.0	1.0
0.0	0.07692307692307693
-0.00013659174146596342	0.0
0.0	1.0
-1.4615909094572999e-05	1.0
-0.00020390684949234128	0.0
0.0	1.0
0.0	0.11173184357541899
-0.0002248715318273753	0.1724137931034483
0.0	1.0
-0.005337010137736797	0.0
-1.3387673789111432e-05	1.0
0.0	0.0
0.0	1.0
-4.527556029643165e-06	0.0
-4.46395279141143e-06	1.0
0.0	1.0
-0.00014085091243032366	1.0
-7.450125849572942e-08	1.0
0.0	1.0
-7.241185085149482e-05	1.0
0.0	1.0
0.0	1.0
-0.0005531826755031943	1.0
-5.432913563474528e-10	1.0
0.0	1.0
0.0	1.0
0.0	1.0
-8.285755370707193e-08	1.0
0.0	1.0
0.0	0.7892156862745098
-0.0008862055256031454	1.0
0.0	1.0
-0.0005150833749212325	1.0
0.0	1.0
0.0	1.0
-6.324765854515135e-05	1.0
-5.189482976675208e-08	1.0
-0.02950802631676197	0.0
-0.00010418636520626023	0.0
-0.0007905694656074047	1.0
-0.003085293108597398	0.2839506172839506
-5.941219072269632e-08	1.0
-9.214612509822473e-05	0.8706467661691543
-0.09539356827735901	0.0
0.0	1.0
-3.935016756884124e-09	1.0
-0.006012878380715847	0.3333333333333333
-1.2520833479356952e-05	0.8405172413793104
0.0	1.0
-0.00046401115832850337	0.0
-0.04897434636950493	0.0
0.0	1.0
-0.0029875696636736393	0.0
-2.2015250578988343e-05	0.0
-1.2699822491413215e-06	1.0
0.0	1.0
0.0	1.0
0.0	1.0
0.0	1.0
0.0	1.0
0.0	1.0
0.0	0.0
0.0	1.0
-5.078822505311109e-05	1.0
0.0	1.0
-0.0050701540894806385	0.0
-1.2661275583525367e-08	1.0
0.0	1.0
-0.004455812741070986	1.0
0.0	1.0
-0.00011256668949499726	1.0
0.0	1.0
0.0	1.0
-1.3617813543476132e-08	1.0
-9.498866711510345e-05	1.0
0.0	0.352112676056338
0.0	1.0
0.0	1.0
0.0	1.0
0.0	1.0
0.0	1.0
-1.5425265473822947e-06	1.0
-1.1280553735559806e-06	1.0
-1.2190539564471692e-05	1.0
0.0	1.0
0.0	1.0
-5.9773392422357574e-05	1.0
-4.3801377614727244e-05	1.0
-1.4443314455547807e-07	1.0
0.0	1.0
-3.649094651336782e-05	1.0
0.0	1.0
-6.996982392593054e-06	1.0
-0.00010891143028857186	1.0
0.0	1.0
-1.6273375536002277e-07	1.0
-0.00680678291246295	1.0
0.0	1.0
0.0	1.0
-6.675055316936131e-16	1.0
0.0	1.0
-0.0006343912682496011	1.0
-0.0013921526260674	1.0
0.0	1.0
0.0	1.0
0.0	1.0
-0.0001680633140495047	1.0
-0.0012212378205731511	0.0
-0.0001681404246482998	0.11734693877551021
-0.0010767962085083127	1.0
-0.0006026093033142388	1.0
0.0	1.0
-0.002526616444811225	1.0
0.0	0.0
-0.022830134257674217	0.0
0.0	1.0
0.0	1.0
0.0	1.0
0.0	1.0
0.0	1.0
0.0	1.0
0.0	1.0
0.0	1.0
0.0	1.0
0.0	0.5555555555555556
0.0	1.0
-0.00032500343513675034	1.0
-0.0002599916479084641	0.3333333333333333
-0.00016109261196106672	1.0
0.0	1.0
-4.5285822125151753e-05	1.0
0.0	1.0
-2.2682914277538657e-05	1.0
0.0	1.0
-1.5832025610507117e-06	1.0
-3.8406742532970384e-05	1.0
0.0	1.0
0.0	1.0
-0.0020689317025244236	0.0
0.0	1.0
-0.00048743063234724104	0.0
-0.00020471874449867755	1.0
0.0	1.0
0.0	0.95625
0.0	0.0
0.0	1.0
-2.152381966880057e-05	1.0
-9.336195216747001e-05	1.0
0.0	0.0
0.0	1.0
0.0	1.0
0.0	1.0
0.0	0.0
0.0	0.0
0.0	1.0
0.0	1.0
0.0	1.0
-0.00010222825949313119	1.0
0.0	0.2631578947368421
-1.2408111160766566e-06	1.0
-3.8865485407768574e-07	1.0
-0.00016538897762075067	1.0
-8.47119590616785e-05	1.0
-0.00020876266353297979	0.0410958904109589
0.0	0.0
0.0	1.0
0.0	1.0
0.0	1.0
0.0	0.9787234042553191
0.0	1.0
-1.581496711366981e-08	1.0
0.0	1.0
0.0	1.0
0.0	0.6587301587301587
-0.00041295401751995087	1.0
0.0	0.0
0.0	1.0
0.0	1.0
-2.7058951325258096e-13	1.0
-1.711438244456076e-07	1.0
0.0	1.0
0.0	1.0
-0.000699464522767812	1.0
-4.2049094872709247e-07	1.0
0.0	1.0
0.0	1.0
0.0	1.0
0.0	1.0
-0.0006755135837011039	1.0
0.0	1.0
0.0	1.0
0.0	1.0
0.0	1.0
0.0	1.0
-0.00041387861710973084	1.0
0.0	1.0
0.0	1.0
-0.0002914107753895223	1.0
