0.0	0.0
-0.0006198762566782534	0.9738562091503268
0.0	1.0
0.0	1.0
-2.2257118023616407e-12	1.0
0.0	1.0
0.0	1.0
-0.00010659723193384707	0.0
0.0	1.0
0.0	1.0
0.0	1.0
-1.034394881571643e-05	1.0
-0.0006109311943873763	1.0
-3.8047112411732087e-06	1.0
0.0	1.0
-0.0003130097175016999	0.0
-4.20776041210047e-06	1.0
-2.7780686650658026e-05	1.0
-6.529872916871682e-05	1.0
0.0	1.0
-0.00014977129467297345	1.0
0.0	1.0
0.0	1.0
0.0	1.0
-0.00129219819791615	0.15384615384615385
-0.00027837936067953706	1.0
-0.0462307333946228	0.0
0.0	1.0
0.0	1.0
0.0	1.0
0.0	1.0
-2.8159118301118724e-05	1.0
-1.2506783605203964e-05	1.0
0.0	0.0
0.0	1.0
0.0	1.0
0.0	0.0
0.0	1.0
0.0	1.0
-0.0005735645536333323	1.0
0.0	1.0
-5.4294183732261914e-11	1.0
0.0	1.0
-3.6949636523786467e-06	1.0
-3.511928525767871e-07	1.0
0.0	1.0
-0.0003629639104474336	1.0
0.0	0.0
-0.008333886042237282	0.0
0.0	0.0
-0.006518939509987831	0.02631578947368421
0.0	1.0
-1.0296477739757393e-05	1.0
0.0	1.0
0.0	1.0
0.0	1.0
0.0	1.0
0.0	1.0
-9.353095083497465e-05	1.0
-0.0013626778963953257	1.0
0.0	1.0
0.0	1.0
-0.0001311317755607888	1.0
0.0	1.0
-1.031830720421567e-06	0.0
-0.0018010209314525127	1.0
0.0	1.0
0.0	1.0
0.0	1.0
0.0	0.3055555555555556
-0.0016514367889612913	0.0
-0.0010913971345871687	1.0
0.0	1.0
0.0	1.0
0.0	1.0
0.0	1.0
0.0	1.0
-1.368386801914312e-05	0.0
0.0	1.0
-4.207248639431782e-05	1.0
-4.950234711031953e-07	1.0
-0.008192967623472214	0.0
0.0	1.0
0.0	1.0
-0.014144237153232098	0.0
0.0	1.0
-9.63474633408623e-10	1.0
-6.119740282883868e-05	0.0
0.0	1.0
-0.0025326998438686132	0.0
-2.2180412997840904e-05	1.0
-8.301693554813028e-09	1.0
0.0	1.0
-1.8537207324698102e-06	1.0
-0.013949458487331867	0.0
-8.996263733962451e-10	1.0
0.0	1.0
-0.0007182187982834876	1.0
-3.427261981414631e-05	1.0
-0.004488835111260414	1.0
0.0	1.0
0.0	1.0
-0.00010378694423707202	1.0
-0.001679863897152245	1.0
0.0	1.0
0.0	1.0
0.0	1.0
0.0	1.0
-0.003939744085073471	0.0
0.0	1.0
-0.0003516118449624628	1.0
-5.488183774104982e-08	0.025
-0.0013333563692867756	1.0
0.0	1.0
0.0	0.0
0.0	1.0
-0.019889255985617638	0.0
0.0	0.0
0.0	1.0
0.0	0.0
0.0	1.0
-0.0005422875401563942	0.0
-0.002666899235919118	0.0
-0.0017256125574931502	1.0
0.0	0.0
-1.4579741218767595e-06	1.0
0.0	1.0
0.0	1.0
-0.0006486733909696341	1.0
0.0	1.0
0.0	1.0
0.0	1.0
0.0	1.0
0.0	1.0
-0.008117951452732086	0.0
0.0	1.0
0.0	1.0
0.0	0.0
0.0	1.0
0.0	1.0
0.0	1.0
0.0	1.0
-4.294289738027146e-06	0.0
0.0	0.006622516556291391
0.0	1.0
-0.0008179773576557636	1.0
-8.57288105180487e-05	1.0
-0.0033632933627814054	0.0
0.0	0.0
0.0	1.0
0.0	1.0
0.0	1.0
-4.5694676373386756e-05	1.0
-0.0002259198372485116	1.0
0.0	1.0
0.0	0.0
0.0	1.0
0.0	1.0
0.0	1.0
-7.623756914654223e-08	0.0
-0.00017608782218303531	1.0
-0.004297849256545305	0.0
-1.7554213627590798e-05	0.024844720496894408
0.0	1.0
0.0	1.0
0.0	1.0
0.0	1.0
-0.0006686358246952295	1.0
0.0	1.0
0.0	1.0
0.0	0.0
0.0	1.0
-2.3710996174486354e-05	1.0
0.0	1.0
0.0	0.0
0.0	0.0
0.0	1.0
0.0	1.0
-3.926411591237411e-05	1.0
0.0	1.0
-2.1598485488993902e-07	1.0
-2.8021933758282103e-05	0.0
-2.1952178940409794e-05	1.0
0.0	1.0
0.0	1.0
0.0	1.0
0.0	1.0
0.0	1.0
0.0	1.0
0.0	1.0
-4.61090394310304e-06	1.0
0.0	1.0
0.0	0.0
0.0	0.29545454545454547
0.0	0.16
0.0	1.0
0.0	0.9230769230769231
0.0	1.0
0.0	1.0
-0.0010027858661487699	1.0
0.0	1.0
0.0	1.0
-1.0512742676382913e-07	1.0
-0.00018588596140034497	1.0
0.0	1.0
0.0	1.0
-9.183224756270647e-05	1.0
0.0	1.0
0.0	1.0
-0.000393619789974764	1.0
0.0	1.0
0.0	1.0
0.0	1.0
-8.442041732337202e-09	1.0
0.0	1.0
-3.3836190596048255e-06	1.0
0.0	1.0
0.0	1.0
0.0	1.0
-5.2849631174467504e-05	1.0
0.0	1.0
0.0	1.0
-3.08874450638541e-06	1.0
-1.2587494935267785e-10	1.0
-0.012477115727961063	1.0
0.0	1.0
0.0	1.0
0.0	1.0
0.0	1.0
-9.004337698570453e-06	1.0
0.0	0.0
0.0	0.0873015873015873
0.0	1.0
-9.3398783064913e-05	1.0
-0.0017717976588755846	1.0
-3.5601209674496204e-05	1.0
-4.4957942009205e-06	1.0
-0.014362628571689129	0.0
-0.00045730697456747293	1.0
0.0	1.0
-0.0001740328734740615	1.0
0.0	1.0
-0.002777479588985443	0.0
-3.368278385096346e-07	1.0
-3.5980940538138384e-07	1.0
0.0	0.0
-0.002627721056342125	0.0
0.0	1.0
0.0	1.0
0.0	1.0
-0.00025380754959769547	0.6470588235294118
-0.0005875517963431776	1.0
0.0	0.0
-0.00018621124036144465	1.0
0.0	1.0
0.0	1.0
-3.3476815588073805e-05	1.0
0.0	1.0
-0.039725370705127716	0.0
0.0	1.0
0.0	1.0
0.0	0.5833333333333334
0.0	1.0
0.0	0.0
-0.0005744100781157613	0.0
0.0	1.0
0.0	1.0
0.0	1.0
-1.6673482594598e-09	1.0
0.0	1.0
-0.0003729784511961043	1.0
-0.00048745181993581355	1.0
-0.00024154259881470352	1.0
-9.895399125525728e-05	1.0
0.0	0.0
0.0	0.18811881188118812
0.0	1.0
-1.2944935406267177e-05	1.0
-8.9515648141969e-05	1.0
0.0	1.0
0.0	1.0
0.0	1.0
-0.010131754912436008	0.0
0.0	1.0
0.0	1.0
0.0	1.0
-0.0006871277000755072	1.0
0.0	1.0
0.0	1.0
0.0	1.0
-0.0004210764018353075	0.0
-3.5060014624832547e-07	0.0
0.0	1.0
0.0	1.0
0.0	1.0
0.0	1.0
0.0	1.0
0.0	1.0
0.0	1.0
-0.00023655543918721378	1.0
0.0	1.0
0.0	1.0
0.0	1.0
-7.580502369819442e-06	1.0
-0.035732701420784	0.0
-0.0001949614379554987	1.0
0.0	1.0
-1.6590456652920693e-07	1.0
0.0	1.0
0.0	1.0
0.0	1.0
0.0	1.0
0.0	1.0
-0.00018031804938800633	0.0
-4.634723882190883e-05	1.0
-0.00030093060922808945	1.0
0.0	1.0
0.0	1.0
-0.000349094916600734	1.0
0.0	1.0
0.0	1.0
0.0	1.0
0.0	1.0
-3.4291865631530527e-06	1.0
-0.0017920669633895159	1.0
0.0	0.7142857142857143
0.0	1.0
0.0	1.0
0.0	1.0
0.0	1.0
-4.361153571608156e-08	1.0
0.0	1.0
0.0	1.0
-4.863579050606859e-08	1.0
0.0	1.0
-0.0015895874239504337	1.0
-2.603910252219066e-05	0.02631578947368421
-5.444219727812616e-12	0.0
0.0	1.0
0.0	1.0
0.0	1.0
0.0	1.0
0.0	1.0
0.0	1.0
0.0	1.0
-1.6420478914369596e-06	1.0
-0.0012124682543799281	1.0
-1.1505902648423216e-06	1.0
0.0	1.0
0.0	1.0
0.0	1.0
-0.0002895807265304029	1.0
-3.064949127828953e-10	1.0
0.0	1.0
-1.619001182007196e-07	1.0
0.0	1.0
0.0	1.0
-1.2371076536510373e-06	1.0
-0.00022569402062799782	1.0
0.0	1.0
0.0	1.0
-2.3660693386773346e-06	0.0
-2.7113919442989243e-10	1.0
-4.2451731019355066e-10	1.0
0.0	1.0
-0.00017909478629007936	1.0
0.0	1.0
0.0	1.0
0.0	1.0
0.0	1.0
-0.0008937876555137336	1.0
0.0	1.0
0.0	1.0
-3.003367964993231e-06	1.0
0.0	0.0
0.0	1.0
0.0	0.0
0.0	0.0
0.0	0.2730496453900709
0.0	1.0
0.0	1.0
0.0	1.0
0.0	1.0
-7.153541758952997e-08	1.0
0.0	1.0
-0.0002495868247933686	1.0
-1.1243477047173656e-06	0.0
0.0	1.0
0.0	1.0
-9.655516623752192e-05	1.0
-0.0005013230838812888	0.02158273381294964
-5.484534995048307e-05	1.0
-2.664596877366421e-06	1.0
0.0	1.0
0.0	1.0
0.0	1.0
-0.0004729337524622679	1.0
-0.0004449100233614445	0.0
0.0	1.0
0.0	1.0
0.0	0.0
0.0	1.0
0.0	1.0
0.0	1.0
0.0	1.0
0.0	1.0
0.0	1.0
-0.0010968787828460336	0.0
0.0	1.0
-2.308702960363007e-06	1.0
0.0	1.0
0.0	1.0
-0.002061992883682251	0.0
0.0	1.0
-2.832332484103972e-07	1.0
0.0	1.0
-6.753645720891654e-05	1.0
0.0	1.0
0.0	1.0
-0.0003006692277267575	1.0
0.0	1.0
0.0	1.0
-7.964365067891777e-05	1.0
-0.0015249049756675959	1.0
0.0	1.0
0.0	1.0
0.0	1.0
0.0	1.0
0.0	0.1943127962085308
-0.0008123582229018211	1.0
-4.5684313970673074e-11	1.0
0.0	0.6923076923076923
0.0	1.0
0.0	1.0
0.0	1.0
-0.025661146268248558	0.0
0.0	1.0
0.0	1.0
0.0	0.0
0.0	1.0
0.0	1.0
0.0	1.0
-5.674923522747122e-05	1.0
-0.00025699101388454437	1.0
0.0	1.0
0.0	1.0
-0.0001814664137782529	0.16666666666666666
0.0	1.0
0.0	0.0
0.0	1.0
0.0	0.0
0.0	0.0
0.0	1.0
0.0	1.0
-1.062731458389976e-09	1.0
0.0	1.0
-0.003392023965716362	0.0
-0.13386553525924683	0.0
-0.002103035803884268	1.0
-0.0003795755037572235	0.0
0.0	0.0
0.0	1.0
0.0	1.0
-6.461871926433105e-09	1.0
-9.819461411098018e-05	1.0
0.0	1.0
0.0	1.0
0.0	1.0
-0.00013704503362532705	1.0
