0.0	0.047619047619047616
-0.02828168496489525	0.0
-2.115866891472251e-06	0.043478260869565216
-3.8234629755606875e-06	1.0
0.0	1.0
0.0	1.0
0.0	1.0
-1.4442325664276723e-05	1.0
0.0	1.0
-5.194309778744355e-05	0.02857142857142857
0.0	1.0
0.0	1.0
0.0	1.0
0.0	1.0
0.0	0.010309278350515464
0.0	1.0
-2.6306664949515834e-05	1.0
0.0	1.0
-4.753528173750965e-06	1.0
0.0	1.0
-2.1262653717712965e-06	1.0
0.0	1.0
-1.8608718619361753e-06	1.0
0.0	0.08571428571428572
-0.0002617337158881128	1.0
-1.5342495316872373e-05	1.0
-1.786915754253826e-11	0.0
-6.31285786312219e-07	1.0
0.0	0.0
0.0	0.0
0.0	1.0
0.0	1.0
0.0	1.0
-0.00023615709505975246	1.0
0.0	1.0
-0.004934506490826607	0.9659090909090909
0.0	1.0
0.0	1.0
0.0	1.0
-3.150192071643687e-07	1.0
0.0	1.0
0.0	1.0
0.0	1.0
0.0	1.0
0.0	1.0
-3.3244898077100515e-05	0.0
0.0	0.0
0.0	1.0
0.0	1.0
0.0	1.0
-1.1612966233087718e-07	1.0
-7.210125477286056e-05	0.0
0.0	1.0
-2.4809915544210526e-07	1.0
-2.9427546905935742e-05	1.0
-0.012484099715948105	0.0
-7.036250622149964e-07	1.0
0.0	1.0
0.0	0.0
0.0	0.0
0.0	1.0
0.0	1.0
-0.0042356099002063274	1.0
-1.2928171599924099e-06	0.6666666666666666
0.0	1.0
0.0	1.0
-8.102129504550248e-05	1.0
-2.2991621051460243e-07	1.0
-0.00016190942551475018	0.5
-2.5556473701726645e-05	1.0
-0.0007027155952528119	0.0
-5.9068011069030035e-06	1.0
0.0	1.0
0.0	1.0
-0.00044477370101958513	1.0
-0.00032340275356546044	1.0
0.0	1.0
-8.89410512172617e-05	1.0
0.0	1.0
0.0	1.0
0.0	1.0
0.0	1.0
-5.6695025705266744e-05	0.0
0.0	1.0
0.0	1.0
-1.4855979202366143e-07	1.0
-5.3089070206624456e-06	0.0
0.0	0.0
-0.0018992063123732805	1.0
0.0	1.0
0.0	1.0
-6.921087333466858e-05	1.0
-0.006029708776623011	0.0
0.0	1.0
0.0	0.0
-9.049450078180143e-10	0.0
0.0	1.0
0.0	1.0
0.0	1.0
0.0	1.0
-1.47670986549997e-08	1.0
0.0	1.0
0.0	1.0
0.0	1.0
-0.00015699079085607082	0.3234323432343234
-8.968546738596928e-11	1.0
0.0	0.0
0.0	1.0
0.0	1.0
-0.00011280232865829021	1.0
0.0	0.0
-0.0002479395770933479	1.0
0.0	1.0
0.0	0.03225806451612903
0.0	1.0
0.0	1.0
-1.7506303265690804e-05	1.0
0.0	1.0
0.0	1.0
-0.00016259198309853673	1.0
0.0	1.0
0.0	1.0
-0.0030782478861510754	0.3333333333333333
-1.2012101535674446e-07	1.0
0.0	1.0
0.0	1.0
0.0	0.0
0.0	1.0
-0.00025941678904928267	0.0
-3.2236159313470125e-05	1.0
0.0	1.0
0.0	1.0
-0.0004290403740014881	1.0
0.0	1.0
0.0	0.0
-0.002598913386464119	0.0
-6.990027401343468e-08	1.0
0.0	1.0
0.0	1.0
-3.303292760392651e-05	0.0
0.0	1.0
-3.720415264751864e-08	1.0
0.0	1.0
-7.532021228939811e-09	1.0
-0.00018123959307558835	1.0
0.0	1.0
0.0	1.0
0.0	1.0
0.0	1.0
-0.005510072223842144	0.0
-6.1111804825486615e-06	0.0625
0.0	0.0
-8.926481314119883e-06	1.0
-0.013127093203365803	0.041666666666666664
-0.005102309864014387	0.038461538461538464
0.0	1.0
0.0	0.0
-3.1310256076722e-07	1.0
0.0	1.0
0.0	1.0
0.0	1.0
0.0	1.0
-9.162910146187642e-07	1.0
-6.434897659346461e-05	1.0
0.0	0.0
0.0	1.0
0.0	0.0
-0.005068024154752493	1.0
0.0	1.0
0.0	1.0
-7.545438165834639e-06	1.0
-0.00012886864715255797	1.0
0.0	0.09302325581395349
-2.5144012738564925e-07	1.0
-0.0013509899144992232	1.0
0.0	1.0
0.0	1.0
-0.00015810754848644137	1.0
-0.010716422460973263	0.014285714285714285
0.0	0.0
0.0	1.0
-0.05618184804916382	0.0
0.0	1.0
0.0	1.0
-1.3337929885892663e-05	0.027777777777777776
-2.7844133001053706e-05	1.0
0.0	1.0
0.0	1.0
-5.897311439184705e-06	1.0
0.0	1.0
-6.506144563900307e-05	1.0
-4.09374843002297e-06	1.0
-9.026885550156294e-07	1.0
0.0	0.03225806451612903
-0.00017221177404280752	1.0
0.0	0.05405405405405406
0.0	1.0
-0.00024228834081441164	1.0
-9.123598829319235e-06	0.0
0.0	0.0
0.0	1.0
0.0	1.0
-7.680728799641656e-07	1.0
-0.0005847087013535202	1.0
-9.145772492047399e-05	1.0
0.0	1.0
0.0	1.0
-2.1361795006669126e-05	1.0
-2.947846951428801e-06	1.0
0.0	1.0
0.0	0.0
0.0	1.0
0.0	0.0
-0.00027031541685573757	1.0
0.0	1.0
0.0	1.0
-1.0339071195630822e-05	1.0
0.0	1.0
0.0	1.0
0.0	1.0
-0.002292684745043516	1.0
-4.885250870501068e-09	1.0
-0.04811389371752739	0.23076923076923078
-3.888543176344683e-07	1.0
0.0	1.0
0.0	1.0
0.0	1.0
-0.00045384399709291756	0.0
0.0	1.0
-0.0003474782861303538	0.0
-0.0008125927997753024	1.0
-9.36868715939454e-09	1.0
0.0	1.0
0.0	1.0
0.0	1.0
0.0	1.0
0.0	1.0
0.0	1.0
0.0	1.0
-1.4947307136026211e-05	1.0
-0.02248198166489601	0.0
0.0	0.0
-0.0007880714256316423	0.3645833333333333
0.0	1.0
-0.0005700833280570805	0.0
0.0	1.0
-1.2640864042623434e-05	1.0
-0.0016300224233418703	0.0
-0.0016828904626891017	0.6666666666666666
0.0	1.0
0.0	1.0
-2.333488555450458e-05	1.0
0.0	0.06666666666666667
0.0	1.0
0.0	1.0
-2.3871671146480367e-05	0.4
0.0	1.0
-0.0007967856945469975	1.0
0.0	1.0
0.0	1.0
0.0	1.0
0.0	1.0
0.0	1.0
0.0	0.23076923076923078
0.0	1.0
0.0	1.0
-0.0020994446240365505	0.0
-0.0006758322124369442	1.0
0.0	0.7764227642276422
-0.0022336558904498816	0.0
0.0	1.0
0.0	1.0
0.0	1.0
-2.803474671964068e-06	0.07142857142857142
-1.9646881810331251e-07	1.0
-8.993974915938452e-05	0.058823529411764705
-6.857347756294985e-08	1.0
0.0	1.0
-5.6935941756819375e-06	0.0
0.0	1.0
0.0	1.0
0.0	1.0
-3.936303016871534e-08	1.0
-3.4482789487810805e-05	1.0
0.0	0.0
0.0	1.0
-4.8547321966907475e-06	0.1
0.0	0.0
0.0	1.0
0.0	1.0
-0.0006379816913977265	0.0
0.0	1.0
-0.0002719710173550993	0.0
-0.00035040423972532153	0.0
-9.213878549019228e-09	1.0
-1.3649822938610612e-10	0.0
0.0	1.0
-0.0006410242058336735	0.05555555555555555
-8.562239599996246e-06	0.4
0.0	1.0
-3.4123013392672874e-06	1.0
-0.006854764651507139	0.0
-1.1427808885855484e-06	1.0
-0.004916553385555744	0.0
-2.80987848100267e-07	0.04081632653061224
-0.00011817221093224362	1.0
0.0	1.0
0.0	0.0
0.0	1.0
-7.622295328246764e-08	1.0
0.0	1.0
0.0	1.0
0.0	1.0
0.0	1.0
0.0	1.0
-2.2826272470410913e-05	1.0
-0.0038421463686972857	1.0
-6.789756753278198e-06	1.0
0.0	1.0
0.0	1.0
0.0	1.0
-1.169045873439245e-07	1.0
-5.75732428842457e-06	0.015384615384615385
0.0	1.0
0.0	0.0
-8.758518106333213e-07	1.0
0.0	1.0
-0.00036701184581033885	1.0
0.0	1.0
0.0	1.0
-7.058608025545254e-05	1.0
-2.9369457479333505e-06	1.0
-2.1243964454242814e-07	1.0
0.0	1.0
0.0	1.0
0.0	0.0
0.0	1.0
0.0	1.0
0.0	1.0
0.0	1.0
0.0	1.0
0.0	0.0
0.0	1.0
0.0	1.0
0.0	0.29411764705882354
0.0	1.0
0.0	1.0
-0.0003763359854929149	1.0
-1.5848956991248997e-07	1.0
-0.0006331183249130845	0.05263157894736842
0.0	1.0
-0.0002083203144138679	1.0
0.0	1.0
-0.0007354625267907977	1.0
-2.65911262431473e-06	1.0
-0.00040533917490392923	1.0
-5.960638191027101e-06	0.0
0.0	1.0
0.0	1.0
0.0	1.0
0.0	1.0
0.0	1.0
-0.0036223612260073423	0.0
-5.366890400182456e-05	1.0
0.0	1.0
-1.4273422266342095e-06	1.0
0.0	0.0
0.0	0.0
0.0	1.0
-8.951044350169468e-09	1.0
0.0	1.0
0.0	1.0
-0.0010490023996680975	1.0
0.0	1.0
-0.0017228516517207026	1.0
0.0	1.0
-0.02724638395011425	0.0
-3.5984353417006787e-06	1.0
0.0	1.0
-0.001206031534820795	1.0
0.0	1.0
0.0	0.0
0.0	1.0
0.0	1.0
0.0	1.0
0.0	1.0
0.0	1.0
0.0	1.0
-0.0013515251921489835	0.0
0.0	1.0
-8.879917634541101e-11	1.0
0.0	1.0
0.0	1.0
0.0	1.0
0.0	0.0
-2.83548526880395e-08	1.0
0.0	1.0
0.0	1.0
-0.0018910315120592713	1.0
0.0	1.0
0.0	0.0
-0.0010982261737808585	0.6190476190476191
0.0	0.0
-1.53772380144801e-05	1.0
-0.0027812146581709385	0.0
-0.002902790904045105	0.0
0.0	1.0
0.0	0.25
-3.163923611282371e-05	1.0
-0.0002843195106834173	1.0
0.0	1.0
-0.00022670738690067083	1.0
0.0	1.0
0.0	1.0
0.0	0.0
0.0	1.0
0.0	1.0
0.0	1.0
0.0	1.0
0.0	1.0
0.0	0.0
-0.00012705434346571565	1.0
-1.859461071446536e-13	1.0
0.0	1.0
-2.4102206341858334e-10	1.0
-0.005456014070659876	0.14285714285714285
0.0	1.0
0.0	1.0
0.0	1.0
0.0	1.0
0.0	1.0
0.0	0.0
-1.8174610886489972e-05	0.0
0.0	1.0
-0.0005942780990153551	1.0
0.0	0.0
0.0	0.0
-0.00039380521047860384	1.0
0.0	1.0
0.0	1.0
-3.9005910366540775e-05	1.0
0.0	1.0
0.0	1.0
0.0	1.0
0.0	1.0
0.0	1.0
0.0	1.0
0.0	1.0
0.0	1.0
0.0	1.0
0.0	1.0
0.0	1.0
-7.621412528857618e-11	1.0
0.0	1.0
0.0	1.0
0.0	1.0
0.0	1.0
0.0	0.022099447513812154
-0.0009038614225573838	1.0
-7.651657506357878e-05	1.0
0.0	1.0
-0.008445187471807003	0.0
