0.0	1.0
0.0	0.0
-0.000525938521604985	1.0
0.0	0.0
0.0	0.07079646017699115
0.0	1.0
0.0	1.0
-9.795730147743598e-05	1.0
-6.679363906414437e-08	1.0
-0.00026640694704838097	1.0
-8.122228609863669e-05	1.0
0.0	1.0
-0.00038776491419412196	1.0
-0.004669392481446266	0.0
-0.00017658842261880636	1.0
-0.0007552894530817866	1.0
-7.278193515958264e-05	1.0
-1.1213714689890103e-13	1.0
0.0	1.0
0.0	0.0
0.0	1.0
-0.011626645922660828	0.0
0.0	0.0
0.0	0.008695652173913044
0.0	1.0
-3.9327372292063956e-07	1.0
-6.316484359558672e-06	1.0
-0.00033889085170812905	0.36875
0.0	1.0
0.0	1.0
0.0	1.0
-0.0008425454143434763	1.0
0.0	1.0
-6.2370918385568075e-06	0.0
-0.07343833893537521	0.0
0.0	1.0
-0.0002762646181508899	1.0
-4.137382347835228e-05	1.0
-2.9102278631398804e-07	1.0
0.0	1.0
-8.43170055304654e-05	0.0
0.0	1.0
0.0	1.0
-0.01655585691332817	0.17647058823529413
0.0	1.0
-0.0016462267376482487	0.08602150537634409
-0.0001220783597091213	1.0
0.0	1.0
0.0	1.0
0.0	1.0
0.0	1.0
-3.0024290026631206e-05	0.0
-0.00019334343960508704	1.0
0.0	1.0
-0.00014965167792979628	1.0
0.0	0.0
0.0	1.0
0.0	1.0
0.0	1.0
0.0	0.0
-0.0002664548810571432	1.0
-2.816985897879931e-06	1.0
0.0	1.0
0.0	1.0
0.0	1.0
0.0	1.0
-0.0002160582080250606	1.0
0.0	1.0
0.0	1.0
0.0	1.0
0.0	0.0
-0.003642384661361575	0.0
0.0	1.0
0.0	1.0
0.0	1.0
0.0	1.0
0.0	0.034782608695652174
0.0	1.0
0.0	1.0
-6.380466948030517e-05	1.0
0.0	1.0
-6.345578640321037e-08	1.0
0.0	1.0
-5.0449370974092744e-06	1.0
-0.0002832585305441171	1.0
-1.430609972885577e-05	1.0
0.0	1.0
-0.00356493191793561	1.0
0.0	1.0
0.0	1.0
0.0	1.0
-6.8846075009787455e-06	0.0
0.0	1.0
0.0	1.0
0.0	1.0
0.0	1.0
-4.471271677175537e-05	1.0
0.0	1.0
-0.00020966518786735833	1.0
0.0	1.0
-2.410597517155111e-06	1.0
-2.0937257261266495e-08	1.0
0.0	1.0
-0.0005619071889668703	1.0
-0.000973986170720309	1.0
0.0	0.05714285714285714
0.0	1.0
-9.35566276893951e-06	0.0
0.0	1.0
-0.00010800122981891036	0.0
0.0	1.0
-7.910019485279918e-05	1.0
-2.969060544297242e-14	1.0
-7.296090120956222e-11	1.0
-1.6678294514349545e-06	1.0
0.0	1.0
0.0	0.0
-5.529015834326856e-05	1.0
0.0	1.0
-2.6452953093676332e-17	1.0
0.0	0.0
0.0	1.0
-1.486719042986806e-06	1.0
0.0	1.0
0.0	1.0
-0.0006657469202764332	1.0
0.0	1.0
0.0	1.0
0.0	1.0
-0.00038722436875104904	1.0
-0.000149133411468938	1.0
-1.931316565007002e-11	0.0
0.0	0.0
-2.3043248802423477e-05	1.0
-0.0020178942941129208	0.0
0.0	1.0
0.0	1.0
-1.7022820202328148e-06	1.0
0.0	1.0
-0.0002709902764763683	1.0
0.0	1.0
-0.0034287029411643744	0.3142857142857143
0.0	0.7423076923076923
0.0	1.0
0.0	1.0
0.0	1.0
-0.0009469381766393781	1.0
0.0	1.0
0.0	1.0
0.0	1.0
0.0	1.0
-1.2450407815833842e-08	1.0
0.0	1.0
-0.0001582980912644416	1.0
-4.694113158620894e-06	1.0
0.0	1.0
-2.1311383591182675e-07	1.0
0.0	1.0
-0.0018550772219896317	1.0
-0.00016326051263604313	1.0
0.0	1.0
0.0	1.0
0.0	1.0
-4.590615935740061e-05	1.0
0.0	1.0
-0.0012166077503934503	1.0
0.0	1.0
-2.4624466732348083e-06	0.0
0.0	0.026845637583892617
-2.489008147676941e-05	1.0
-1.2896317457489204e-05	1.0
0.0	1.0
0.0	1.0
0.0	1.0
-1.7371397916576825e-05	1.0
-7.997389911906794e-05	0.0273972602739726
0.0	1.0
0.0	1.0
0.0	1.0
-0.00040498562157154083	0.0
0.0	1.0
-3.7050638638902456e-05	1.0
-0.0011918619275093079	0.0
0.0	1.0
-2.8911199478898197e-05	1.0
-0.00010456178279127926	1.0
-0.00016809026419650763	1.0
-6.8245039983594324e-06	1.0
-6.130886322353035e-05	1.0
0.0	1.0
0.0	1.0
0.0	1.0
-0.0002522470895200968	1.0
0.0	1.0
-8.29827240522718e-06	1.0
-1.842741585278418e-05	0.29577464788732394
0.0	1.0
-6.203400904070122e-09	1.0
0.0	1.0
-0.0001196845987578854	1.0
-0.0001392201374983415	1.0
-5.34069143076632e-12	1.0
-0.00017376836331095546	1.0
-0.0006172340363264084	1.0
0.0	1.0
0.0	1.0
0.0	1.0
0.0	1.0
0.0	1.0
0.0	1.0
0.0	1.0
0.0	1.0
0.0	1.0
-0.00011280830949544907	1.0
0.0	1.0
0.0	1.0
0.0	1.0
0.0	1.0
0.0	0.0
0.0	1.0
0.0	0.0
0.0	1.0
0.0	1.0
-8.806442508557666e-08	1.0
-1.5486709799006348e-06	1.0
0.0	1.0
-4.714336682809517e-05	1.0
-0.006426244508475065	0.2608695652173913
0.0	0.0
0.0	1.0
-3.1977837352314964e-05	1.0
0.0	1.0
-2.947580374224046e-11	1.0
-6.383050338287788e-12	1.0
0.0	1.0
0.0	1.0
0.0	1.0
0.0	1.0
-4.9231844295727356e-11	1.0
-5.01958811582881e-06	1.0
-0.0027496691327542067	0.0
0.0	1.0
-0.00019093106675427407	1.0
0.0	1.0
0.0	1.0
0.0	1.0
0.0	1.0
0.0	1.0
-0.0004643035354092717	1.0
0.0	0.0
0.0	1.0
-2.2639069356955588e-06	1.0
0.0	1.0
-8.755677299632225e-06	1.0
0.0	1.0
-0.008145518600940704	0.0
0.0	1.0
-2.7399262307881145e-06	1.0
0.0	0.7847222222222222
0.0	1.0
0.0	0.3953488372093023
0.0	1.0
0.0	1.0
0.0	1.0
0.0	1.0
-0.0014436438214033842	1.0
-0.0039532920345664024	0.0
0.0	1.0
0.0	1.0
-1.3213624697527848e-05	0.0
-1.9599134247982875e-05	1.0
0.0	1.0
-7.493705567185316e-08	1.0
0.0	1.0
0.0	1.0
-0.0005559727433137596	1.0
-1.0975352893183299e-07	1.0
0.0	0.0
0.0	0.033783783783783786
0.0	1.0
-0.046658970415592194	0.08823529411764706
0.0	0.0
-1.3918797776568681e-05	1.0
0.0	1.0
-1.8250728317070752e-05	1.0
0.0	1.0
0.0	1.0
0.0	1.0
0.0	1.0
0.0	1.0
-0.0004736481641884893	1.0
0.0	1.0
0.0	1.0
-8.505720643370296e-07	1.0
0.0	1.0
0.0	1.0
0.0	1.0
-6.359465487548732e-07	1.0
0.0	1.0
-0.001155354897491634	1.0
0.0	1.0
-9.161898924503475e-05	1.0
0.0	1.0
-0.012151039205491543	0.12
0.0	1.0
-0.0013177506625652313	1.0
0.0	1.0
0.0	1.0
0.0	1.0
-0.00019355941913090646	0.0
0.0	1.0
0.0	1.0
-0.00016726070316508412	1.0
-0.0018524960614740849	1.0
-2.0377093346013453e-09	1.0
0.0	1.0
-0.0045884945429861546	0.0
-1.911884510263917e-06	1.0
0.0	1.0
0.0	1.0
0.0	1.0
0.0	1.0
-3.492146163353027e-07	1.0
-2.7428711746324552e-06	1.0
-0.0007142586400732398	0.0
0.0	1.0
-1.6866536611814809e-07	0.0
0.0	1.0
0.0	1.0
-2.0255674826330505e-05	0.7993630573248408
0.0	1.0
0.0	0.1504424778761062
-0.0001725856272969395	1.0
0.0	1.0
-0.00019956858886871487	1.0
0.0	1.0
-2.0790822929939168e-07	1.0
0.0	1.0
0.0	1.0
-0.0011023186380043626	1.0
0.0	1.0
-1.548899786207869e-09	0.0
0.0	0.0
0.0	0.7875
-0.009359766729176044	0.2857142857142857
0.0	1.0
0.0	1.0
0.0	1.0
0.0	1.0
0.0	1.0
-9.877313277684152e-05	0.0
0.0	1.0
-2.5006936994032003e-05	1.0
-9.317272088082973e-06	1.0
-0.000626552733592689	1.0
0.0	1.0
0.0	1.0
0.0	1.0
-0.001109296572394669	1.0
0.0	1.0
0.0	0.0
0.0	1.0
0.0	1.0
-6.0376792454519546e-09	1.0
0.0	1.0
0.0	1.0
0.0	1.0
0.0	0.0
0.0	0.0
-5.28698401467409e-05	1.0
-0.000383844570023939	1.0
0.0	1.0
-1.7944070350495167e-05	1.0
0.0	1.0
0.0	1.0
0.0	1.0
0.0	0.0
0.0	0.0
0.0	1.0
0.0	1.0
0.0	1.0
0.0	1.0
-3.982602720498107e-06	1.0
-8.946169691625983e-05	1.0
-2.611002855701372e-05	0.0
0.0	1.0
-3.802484570769593e-06	0.015873015873015872
-0.0005664941854774952	1.0
-5.760699650636525e-07	1.0
-0.0002305630623595789	1.0
-8.4065024566371e-05	1.0
0.0	1.0
0.0	0.0
-0.00012035141116939485	0.0
0.0	1.0
0.0	0.05343511450381679
-1.5187736153166043e-06	1.0
0.0	1.0
0.0	1.0
0.0	0.5
0.0	1.0
0.0	1.0
0.0	1.0
-1.0632112434905139e-06	0.4603174603174603
-0.00012069959484506398	1.0
-0.00011011191236320883	1.0
0.0	1.0
0.0	1.0
0.0	1.0
0.0	1.0
-3.0038674594834447e-05	1.0
0.0	1.0
-0.000357344513759017	0.0
0.0	0.08421052631578947
0.0	1.0
0.0	1.0
0.0	0.0
-2.702485180083869e-10	1.0
-2.661204007381457e-06	1.0
0.0	1.0
0.0	1.0
-0.0029936362989246845	0.0
-2.171078995161224e-05	1.0
-0.001145769376307726	1.0
0.0	1.0
0.0	1.0
0.0	1.0
0.0	1.0
-0.0004841390182264149	0.11607142857142858
0.0	1.0
0.0	1.0
-6.871857181067753e-07	1.0
0.0	0.0
0.0	1.0
-0.0003297352814115584	0.0
0.0	1.0
0.0	1.0
0.0	1.0
0.0	1.0
0.0	1.0
-0.00026811883435584605	0.0
-0.002634859411045909	0.0
-1.2896781299787108e-05	1.0
0.0	1.0
0.0	1.0
-1.2935447557538282e-07	1.0
0.0	1.0
0.0	1.0
-0.0023360701743513346	1.0
0.0	1.0
0.0	1.0
0.0	1.0
0.0	1.0
-0.00015489032375626266	0.19254658385093168
0.0	1.0
0.0	0.0
0.0	1.0
-0.0021909293718636036	0.0
0.0	1.0
-0.0016235611401498318	1.0
-0.00010089234274346381	1.0
-1.1838754289783537e-05	1.0
0.0	1.0
0.0	0.0
0.0	1.0
0.0	1.0
0.0	1.0
0.0	1.0
0.0	1.0
0.0	1.0
-0.0001744818437146023	0.5416666666666666
0.0	1.0
0.0	1.0
0.0	0.0
-3.893016400979832e-05	1.0
-0.001625584322027862	1.0
-4.4008143795792876e-09	1.0
-4.251168750357692e-09	1.0
0.0	0.0
-2.3218681235448457e-06	1.0
0.0	1.0
-0.0007746551418676972	1.0
0.0	1.0
0.0	0.0
-9.241620246847049e-10	1.0
0.0	1.0
-1.8163033018936403e-05	1.0
0.0	1.0
0.0	1.0
0.0	0.0
0.0	1.0
-0.00027093090466223657	1.0
0.0	1.0
0.0	1.0
-1.3544630519390921e-06	1.0
0.0	0.1111111111111111
-1.1714367246895563e-05	1.0
0.0	1.0
0.0	1.0
0.0	0.0
0.0	1.0
0.0	1.0
0.0	1.0
0.0	1.0
0.0	1.0
0.0	0.29838709677419356
0.0	1.0
0.0	1.0
0.0	1.0
-9.48386968957493e-06	1.0
