0.0	1.0
0.0	1.0
0.0	0.0
0.0	0.0
0.0	1.0
-0.0012217651819810271	0.0
0.0	1.0
0.0	1.0
-2.4392171837916976e-08	1.0
0.0	1.0
0.0	1.0
0.0	0.0
-0.0001007893297355622	0.0
-0.0021219123154878616	0.0
-9.997076995205134e-05	1.0
0.0	1.0
-6.45644045429365e-15	1.0
0.0	1.0
0.0	1.0
-4.603709385264665e-06	1.0
0.0	1.0
-0.011876486241817474	0.0
-0.005415847525000572	0.0
0.0	0.08695652173913043
0.0	1.0
-3.58944344043266e-05	1.0
0.0	1.0
-3.9064678276190534e-05	1.0
0.0	0.05622489959839357
-1.0051295795676651e-08	1.0
0.0	1.0
-4.7497574996668845e-05	1.0
-9.06475675771512e-12	1.0
0.0	1.0
-0.0005834985058754683	1.0
0.0	1.0
0.0	1.0
0.0	1.0
0.0	1.0
0.0	1.0
-0.0006126250373199582	1.0
-1.271789429324599e-08	1.0
-1.117188912758138e-05	1.0
0.0	0.07865168539325842
-6.319219236425311e-13	0.12
-1.2744724699587096e-05	1.0
-5.667211144810835e-11	1.0
-8.123284715111367e-06	1.0
0.0	1.0
0.0	1.0
0.0	0.0
0.0	1.0
-1.5971771745171282e-06	1.0
-2.678188693039374e-08	1.0
-0.0015137235168367624	0.014084507042253521
-0.0019066487438976765	0.7965260545905707
-0.00016706889437045902	1.0
-4.411301233631093e-06	1.0
-6.09952735430852e-07	1.0
0.0	1.0
-0.00021766964346170425	1.0
0.0	1.0
-0.005698679480701685	0.0
0.0	1.0
-0.0007717484259046614	1.0
0.0	1.0
0.0	1.0
-0.00549061456695199	0.0
0.0	1.0
-0.0002276810846524313	1.0
0.0	1.0
-6.91996001478401e-06	1.0
0.0	1.0
0.0	1.0
-2.2328975319396704e-05	0.0
0.0	1.0
0.0	0.0
-0.0003026722988579422	1.0
-4.8238081944873556e-05	0.0
0.0	1.0
0.0	1.0
0.0	1.0
0.0	1.0
-7.183059125281943e-08	1.0
0.0	1.0
0.0	1.0
-0.0007809936651028693	0.0
-1.7246633433387615e-05	1.0
0.0	1.0
-0.0003719244268722832	1.0
-4.3618896597763523e-05	1.0
0.0	1.0
0.0	1.0
0.0	0.0
-0.006587651092559099	0.1724137931034483
-0.00018295118934474885	1.0
0.0	1.0
-5.717291085005627e-10	1.0
0.0	0.05019305019305019
0.0	1.0
0.0	1.0
0.0	1.0
0.0	1.0
-1.8185380978863463e-09	1.0
0.0	1.0
-0.00632172916084528	0.0
-0.0009854703675955534	1.0
0.0	1.0
-0.00032642175210639834	1.0
-1.4050119837306896e-15	0.0625
0.0	1.0
0.0	1.0
-0.002596571110188961	0.07692307692307693
-0.00010770323569886386	1.0
0.0	1.0
0.0	1.0
-1.1502410135477703e-09	0.0
0.0	1.0
0.0	1.0
0.0	1.0
0.0	1.0
-0.0005790156428702176	1.0
0.0	1.0
0.0	1.0
0.0	1.0
-0.0003054477274417877	1.0
0.0	1.0
0.0	1.0
-0.00024411013873759657	1.0
0.0	1.0
0.0	0.0273972602739726
0.0	0.0
-0.004881558008491993	1.0
-0.019679080694913864	0.0
0.0	1.0
0.0	1.0
-7.522403757320717e-05	0.041666666666666664
0.0	1.0
-2.7173484340892173e-05	1.0
0.0	1.0
0.0	1.0
-0.0002614606055431068	1.0
0.0	0.2413793103448276
0.0	0.04
0.0	1.0
0.0	1.0
0.0	0.047619047619047616
0.0	0.0
0.0	0.0
0.0	1.0
0.0	1.0
-0.000213328588870354	1.0
0.0	1.0
0.0	1.0
0.0	0.10367892976588629
-0.0005678139859810472	0.0
0.0	1.0
0.0	1.0
0.0	1.0
0.0	1.0
0.0	1.0
0.0	1.0
-0.00021670598653145134	1.0
0.0	1.0
0.0	1.0
0.0	1.0
0.0	0.25862068965517243
0.0	1.0
0.0	1.0
0.0	1.0
0.0	1.0
0.0	1.0
0.0	1.0
0.0	1.0
0.0	1.0
-0.0001076936096069403	1.0
-0.00010755922994576395	1.0
0.0	1.0
-1.156879193331406e-06	1.0
0.0	1.0
0.0	1.0
0.0	1.0
0.0	1.0
0.0	1.0
0.0	1.0
-7.150945748435333e-06	1.0
-1.1251677989321252e-07	1.0
-2.4876119368855143e-06	1.0
0.0	0.47752808988764045
0.0	1.0
0.0	1.0
0.0	1.0
-0.0064611537382006645	0.0
0.0	1.0
-4.299512568195496e-08	1.0
-0.0006817037356086075	1.0
0.0	1.0
0.0	1.0
0.0	1.0
0.0	1.0
0.0	1.0
0.0	1.0
-0.02982969768345356	0.0
0.0	1.0
-0.043826356530189514	0.011494252873563218
0.0	0.0
-0.00011388494749553502	1.0
0.0	1.0
0.0	1.0
-1.3086561239106231e-06	1.0
0.0	1.0
0.0	0.6015625
-0.002285245805978775	0.0
0.0	1.0
0.0	1.0
-0.007047995924949646	0.0
-2.6760606488096528e-05	1.0
-2.7068836061516777e-06	1.0
-0.0013393689878284931	0.03333333333333333
-1.4134890307104797e-06	1.0
0.0	1.0
-0.0034470767714083195	0.0
-7.454560204678273e-07	0.0
-2.7538823132999823e-07	1.0
0.0	1.0
0.0	0.10294117647058823
0.0	1.0
0.0	1.0
0.0	1.0
0.0	1.0
0.0	1.0
-2.723785144098656e-07	1.0
-0.0001810390967875719	1.0
0.0	1.0
-0.00015823433932382613	0.0
0.0	1.0
0.0	1.0
0.0	1.0
0.0	1.0
0.0	1.0
0.0	1.0
0.0	1.0
0.0	0.0
-0.010628627613186836	0.017857142857142856
0.0	0.031476997578692496
-1.9798260098013998e-07	1.0
-0.0001610290928510949	1.0
-0.00013818664592690766	1.0
0.0	1.0
0.0	1.0
-1.4429146176553331e-05	1.0
0.0	1.0
0.0	1.0
-1.6027007632146706e-07	0.0
0.0	1.0
-3.0192328637212995e-08	0.0
-6.776188001822447e-07	1.0
0.0	0.0
-2.6869746427848895e-09	1.0
-5.871976554772118e-06	0.0
0.0	0.05511811023622047
-0.00030358045478351414	1.0
0.0	1.0
0.0	1.0
-1.0709687997545458e-10	0.05102040816326531
-2.2315575165521295e-07	1.0
-4.470352359930985e-05	1.0
-2.8389893486746587e-05	1.0
-0.00041235508979298174	0.0
-0.00013616237265523523	1.0
0.0	1.0
-0.002415196970105171	0.0
0.0	1.0
0.0	1.0
0.0	1.0
0.0	1.0
0.0	1.0
0.0	1.0
0.0	1.0
0.0	1.0
-3.275314384154626e-07	1.0
-0.02315065637230873	0.0
-3.755132274818607e-05	0.0
0.0	1.0
-5.312450412020553e-06	1.0
0.0	1.0
0.0	0.0
0.0	1.0
0.0	0.009345794392523364
-1.0263880856342666e-09	1.0
-5.340817210708337e-07	1.0
0.0	0.0
0.0	1.0
-0.00012790548498742282	0.0
-1.0213619134447072e-05	1.0
0.0	1.0
0.0	1.0
0.0	1.0
-7.476514696236336e-08	1.0
0.0	0.0
-1.0588665873001446e-06	1.0
-3.322984412079677e-05	1.0
-1.547289139125496e-05	1.0
-0.0022116422187536955	1.0
0.0	0.9090909090909091
0.0	1.0
-5.587307914519673e-17	1.0
-0.00043043572804890573	1.0
0.0	1.0
0.0	1.0
0.0	1.0
-7.249906502693193e-06	1.0
-1.3349610045870763e-12	1.0
-0.0019442359916865826	0.14285714285714285
0.0	1.0
-3.20848666888196e-05	1.0
-0.010245410725474358	0.25316455696202533
-5.284741291688988e-06	1.0
-0.002145931124687195	1.0
-0.0004299708525650203	0.0
-1.212700954056345e-05	1.0
0.0	1.0
-0.0008677357109263539	1.0
0.0	0.0
0.0	0.0
-2.1994153485138668e-06	1.0
-0.00475826021283865	1.0
-0.0019062894862145185	1.0
0.0	0.0
0.0	1.0
0.0	1.0
-8.664824413529004e-09	1.0
-5.6297340920996586e-12	1.0
-0.00018065351468976587	1.0
0.0	1.0
0.0	0.0
0.0	1.0
0.0	1.0
-0.0002548985357861966	1.0
-0.00020764053624588996	1.0
0.0	1.0
0.0	1.0
0.0	0.3472222222222222
0.0	1.0
0.0	1.0
0.0	1.0
0.0	1.0
-1.2176223208371084e-05	1.0
0.0	1.0
0.0	1.0
0.0	1.0
0.0	0.0
0.0	1.0
0.0	1.0
0.0	1.0
0.0	1.0
0.0	1.0
-0.001347702112980187	1.0
0.0	1.0
0.0	1.0
-6.640147603320656e-06	1.0
0.0	0.0
-1.1129040103696752e-05	1.0
-7.584882411038052e-08	1.0
0.0	1.0
0.0	1.0
-0.008034294471144676	0.0
-0.0009054004331119359	1.0
-4.9678583309287205e-06	1.0
-0.000270525662926957	0.0
0.0	1.0
-0.003753837663680315	0.26666666666666666
0.0	1.0
0.0	1.0
0.0	1.0
-0.00019327399786561728	1.0
-4.303082732803887e-06	1.0
-4.637767166831841e-12	0.0
0.0	1.0
-0.0036165101919323206	1.0
0.0	1.0
-6.282196409301832e-05	1.0
-1.5725956092893512e-09	0.0
0.0	1.0
0.0	1.0
0.0	1.0
0.0	1.0
0.0	1.0
0.0	1.0
0.0	1.0
0.0	1.0
0.0	0.5384615384615384
-0.00011368498962838203	1.0
0.0	1.0
0.0	1.0
0.0	1.0
0.0	0.8043478260869565
0.0	0.0
0.0	1.0
0.0	1.0
0.0	0.0
-9.315719307068093e-10	1.0
-2.1751662643509917e-05	1.0
0.0	0.0
-0.0001734969555400312	0.0
-0.03129894286394119	0.0
-4.496214387472719e-05	1.0
0.0	1.0
0.0	1.0
0.0	0.023529411764705882
-0.000991938402876258	1.0
0.0	1.0
-0.00011415992776164785	0.0
0.0	1.0
0.0	1.0
-0.0012446988839656115	1.0
-0.00010596444917609915	1.0
-9.891980153042823e-05	1.0
0.0	1.0
0.0	1.0
-1.3737454196416365e-07	1.0
0.0	1.0
-2.6017723531168713e-09	0.676923076923077
-5.933564898441546e-05	1.0
0.0	0.0
0.0	1.0
0.0	1.0
0.0	1.0
0.0	1.0
0.0	1.0
0.0	1.0
-0.007005349732935429	0.0
-4.278595224604942e-05	1.0
0.0	1.0
-8.088162140040822e-09	1.0
0.0	1.0
-0.00015836063539609313	1.0
-0.011047556065022945	0.0
0.0	1.0
0.0	1.0
-9.628289485141828e-12	0.0
0.0	1.0
-0.0005570955108851194	1.0
-3.076360371778719e-05	1.0
-5.18906375646111e-08	1.0
0.0	1.0
0.0	1.0
-0.0005433717160485685	0.46785714285714286
0.0	1.0
-5.6062948061708084e-08	1.0
0.0	1.0
0.0	1.0
0.0	1.0
0.0	0.0
0.0	1.0
0.0	1.0
0.0	0.0
-6.098273297538981e-05	0.0
-3.2394864319940098e-06	1.0
-0.0007492891745641828	1.0
-0.00024415363441221416	1.0
-3.05175660741952e-07	1.0
0.0	0.0
0.0	1.0
-1.1949453870840898e-08	1.0
0.0	1.0
0.0	1.0
0.0	1.0
-0.000682358630001545	1.0
