-0.00026555315707810223	1.0
0.0	0.0
-0.0005234282580204308	0.0
0.0	1.0
0.0	0.0
0.0	1.0
0.0	0.0
-2.2188090254005033e-10	1.0
-0.00011142518633278087	1.0
-1.0935360478470102e-05	1.0
-0.013963391073048115	0.2
-1.0772970426842221e-06	1.0
0.0	0.0
0.0	1.0
0.0	1.0
-0.0003529546956997365	1.0
-0.0001204539294121787	1.0
0.0	1.0
0.0	1.0
0.0	0.0
0.0	0.0
0.0	1.0
-2.8112415748182684e-05	1.0
0.0	1.0
0.0	1.0
-0.033919237554073334	0.3333333333333333
0.0	1.0
0.0	0.0
-4.552703547489045e-09	1.0
0.0	1.0
0.0	0.0
-4.9221469566873566e-08	0.1875
0.0	0.7222222222222222
0.0	1.0
0.0	0.0
0.0	1.0
-0.0025893808342516422	1.0
-0.0006345778820104897	1.0
-0.00016898592002689838	1.0
-2.059676444332581e-05	1.0
0.0	1.0
0.0	1.0
0.0	1.0
-1.6931595325786475e-07	1.0
0.0	1.0
0.0	0.0
0.0	1.0
-3.0773864523325756e-07	0.0
-2.601661253720522e-05	0.0
0.0	1.0
-4.7282261775609776e-21	1.0
-0.00017568816838320345	0.17142857142857143
0.0	1.0
-0.00024826324079185724	1.0
0.0	0.0
-0.00018382494454272091	1.0
0.0	1.0
-0.0005187395727261901	1.0
-9.569179155732854e-07	1.0
-0.00023085686552803963	1.0
-0.0001012602006085217	1.0
-8.404115942539647e-05	1.0
-0.027612537145614624	0.0
-4.788519447629369e-08	1.0
0.0	1.0
-5.519129990716465e-05	1.0
0.0	1.0
-0.008855894207954407	0.011627906976744186
-8.130316564347595e-05	1.0
-2.547565935984153e-09	0.047619047619047616
-0.00022642739349976182	1.0
0.0	1.0
0.0	1.0
-2.138031049980782e-06	1.0
0.0	1.0
0.0	1.0
-0.00014226145867723972	0.0
0.0	1.0
-1.5861720023576504e-15	1.0
0.0	1.0
0.0	1.0
0.0	1.0
0.0	0.0
-0.0015585868386551738	0.0
0.0	0.8253968253968254
0.0	1.0
0.0	1.0
-0.0002549430064391345	1.0
0.0	1.0
0.0	1.0
0.0	1.0
0.0	1.0
0.0	1.0
0.0	0.25
0.0	1.0
0.0	1.0
0.0	1.0
-3.902881573480954e-09	1.0
0.0	1.0
0.0	1.0
-0.0006237494526430964	1.0
-6.802411967044009e-10	1.0
0.0	1.0
0.0	1.0
0.0	1.0
-1.6060912457760423e-05	1.0
0.0	1.0
0.0	1.0
-4.338519283919595e-05	1.0
-6.209949060576037e-05	1.0
0.0	0.0
0.0	1.0
0.0	0.13953488372093023
-0.04261580482125282	0.0
0.0	1.0
0.0	1.0
0.0	1.0
0.0	1.0
-0.00030595212592743337	1.0
0.0	1.0
0.0	0.0
0.0	1.0
0.0	1.0
-7.09031373844482e-05	0.125
-0.00015493638056796044	0.04375
0.0	1.0
0.0	0.0
0.0	1.0
-0.00020547449821606278	1.0
0.0	1.0
-0.005373569205403328	1.0
0.0	0.0
-0.0002165677578886971	1.0
0.0	1.0
0.0	1.0
0.0	1.0
-1.3464457879308611e-05	1.0
0.0	1.0
0.0	1.0
0.0	0.0
0.0	1.0
0.0	0.0
-7.142867985976409e-08	1.0
0.0	1.0
0.0	1.0
0.0	1.0
0.0	1.0
0.0	1.0
0.0	0.0
-0.00012539193267002702	1.0
0.0	1.0
0.0	1.0
0.0	1.0
-0.001806684653274715	0.0
0.0	1.0
-2.6523588530835696e-05	1.0
-1.5131395230127964e-06	0.0
0.0	1.0
-2.2880595906826784e-07	1.0
0.0	1.0
0.0	1.0
0.0	1.0
-0.0012430466013029218	0.0
0.0	0.0
-0.0020699447486549616	1.0
0.0	1.0
-0.002787040313705802	1.0
0.0	0.0
0.0	1.0
-4.130008002256602e-10	0.0
0.0	1.0
0.0	1.0
-0.0014903080882504582	0.6615384615384615
0.0	1.0
0.0	1.0
0.0	1.0
0.0	1.0
-0.0012502759927883744	1.0
-1.6552202168895747e-06	1.0
-0.016070378944277763	0.0
-0.004755709785968065	0.0
0.0	1.0
0.0	1.0
0.0	1.0
0.0	1.0
-3.7330431723603397e-07	1.0
0.0	1.0
0.0	1.0
0.0	1.0
-0.0015340819954872131	1.0
0.0	1.0
0.0	1.0
0.0	0.0
0.0	1.0
0.0	1.0
0.0	1.0
0.0	1.0
-0.0005018638912588358	0.0
0.0	1.0
-0.007532529067248106	0.0
0.0	0.0
0.0	0.0
0.0	1.0
0.0	1.0
0.0	1.0
0.0	1.0
-1.2707065252470784e-05	1.0
0.0	1.0
-0.00019978490308858454	1.0
-7.895362068666145e-05	0.1956521739130435
-0.0004377994919195771	0.0
0.0	1.0
-4.351082679932006e-06	0.0
0.0	1.0
0.0	1.0
0.0	0.0
0.0	1.0
-2.9038623324595392e-05	1.0
0.0	1.0
0.0	1.0
-0.00012990395771339536	0.0
0.0	1.0
0.0	0.0
0.0	1.0
0.0	1.0
-9.747277363203466e-05	1.0
-0.0001800429163267836	1.0
0.0	1.0
-0.0006446107872761786	1.0
0.0	0.1111111111111111
0.0	1.0
0.0	0.0
0.0	0.0
0.0	1.0
0.0	1.0
0.0	1.0
0.0	1.0
0.0	1.0
0.0	1.0
0.0	1.0
0.0	1.0
0.0	1.0
0.0	1.0
0.0	1.0
0.0	1.0
0.0	1.0
-0.00020486049470491707	1.0
0.0	1.0
0.0	1.0
0.0	1.0
-0.000543393543921411	1.0
0.0	1.0
-0.0010773070389404893	1.0
-7.157983782235533e-05	0.7706766917293233
-0.00010733638919191435	1.0
0.0	0.06382978723404255
0.0	1.0
0.0	1.0
0.0	1.0
-0.0008500266703777015	1.0
0.0	0.19230769230769232
0.0	0.0
-0.0011528449831530452	1.0
0.0	1.0
-0.0004916444304399192	1.0
0.0	0.0
0.0	0.0
0.0	1.0
0.0	1.0
0.0	1.0
-2.1857278625248e-05	0.0
-2.1030803733457904e-20	1.0
-0.00034399807918816805	1.0
-8.321364430852185e-12	1.0
0.0	1.0
0.0	1.0
-2.613515515115239e-10	1.0
0.0	1.0
0.0	1.0
-0.00937238521873951	0.0
0.0	1.0
-1.702648114587646e-05	1.0
0.0	0.0
0.0	1.0
0.0	1.0
0.0	1.0
-0.010245452634990215	0.0
0.0	1.0
0.0	1.0
-0.029421407729387283	0.45
0.0	1.0
0.0	1.0
-4.152267152335298e-08	1.0
0.0	1.0
0.0	1.0
-2.091483293042984e-05	1.0
0.0	1.0
0.0	1.0
-0.00506971450522542	0.0
0.0	1.0
0.0	1.0
-3.4354372124845156e-10	1.0
-6.362674321280792e-05	1.0
0.0	1.0
-4.827553539143992e-07	1.0
-0.00043621286749839783	0.0
0.0	1.0
0.0	1.0
0.0	1.0
0.0	1.0
-0.000282824708847329	1.0
-2.288765472258092e-06	1.0
0.0	1.0
0.0	0.03333333333333333
-0.0007459926418960094	1.0
0.0	1.0
-9.010786561347572e-10	1.0
0.0	1.0
-5.910556488686325e-10	1.0
0.0	1.0
-2.853280627176588e-14	1.0
0.0	1.0
0.0	0.0
-3.609937630244531e-05	1.0
0.0	1.0
0.0	1.0
0.0	1.0
0.0	1.0
0.0	1.0
0.0	1.0
-8.268879173556343e-05	1.0
0.0	1.0
0.0	1.0
0.0	1.0
0.0	1.0
-0.0013335490366443992	1.0
0.0	1.0
0.0	1.0
0.0	1.0
-0.0004829854005947709	1.0
0.0	1.0
0.0	1.0
0.0	1.0
0.0	1.0
-0.0015133890556171536	1.0
-0.0006087101646699011	1.0
-3.162070788675919e-05	1.0
-1.357349560748844e-06	0.0
0.0	1.0
-0.0043882266618311405	0.0625
0.0	1.0
-0.00018108029325958341	1.0
0.0	1.0
-0.000398614356527105	1.0
-1.1480732808877292e-07	1.0
0.0	1.0
0.0	0.0
0.0	0.0
0.0	1.0
0.0	1.0
0.0	1.0
0.0	1.0
0.0	1.0
-0.00017974780348595232	1.0
-3.2828521057126636e-07	1.0
-4.369857924757525e-05	1.0
0.0	1.0
0.0	1.0
-1.8406985873298254e-06	1.0
0.0	0.0
0.0	1.0
0.0	1.0
0.0	1.0
0.0	1.0
0.0	1.0
0.0	1.0
-2.9517070288420655e-05	1.0
0.0	0.03125
-3.5859141007676953e-06	1.0
0.0	0.0
-2.204921838711016e-05	1.0
-7.216425728984177e-06	0.0457516339869281
-6.481481250375509e-05	0.0
0.0	1.0
-1.1410118531784974e-05	1.0
0.0	1.0
-1.2112342119507957e-05	0.0
0.0	1.0
-5.80306232222938e-06	0.0
-0.001596312504261732	1.0
0.0	1.0
-0.002344731707125902	1.0
-4.217229445657722e-07	1.0
0.0	1.0
-0.00017030478920787573	1.0
0.0	1.0
0.0	1.0
0.0	1.0
0.0	1.0
-0.002263570437207818	0.07983193277310924
-3.4924833016702905e-05	1.0
-9.543206397211179e-05	1.0
0.0	1.0
0.0	1.0
-1.1914009682241142e-14	1.0
0.0	1.0
0.0	1.0
-0.000352622038917616	1.0
0.0	1.0
0.0	1.0
0.0	1.0
0.0	1.0
-0.0006090904935263097	1.0
0.0	1.0
0.0	1.0
0.0	1.0
0.0	1.0
-0.00027737044729292393	1.0
0.0	1.0
0.0	0.0
0.0	1.0
0.0	1.0
0.0	1.0
0.0	0.0
-0.01822603866457939	0.0
0.0	1.0
-0.0001443784567527473	1.0
0.0	0.0
0.0	1.0
-3.430575268303926e-10	1.0
-0.0014553525252267718	1.0
0.0	0.18181818181818182
-8.792053449724335e-06	1.0
0.0	1.0
0.0	0.0
0.0	1.0
-5.678982051904313e-05	0.045454545454545456
0.0	1.0
-1.2251346561242826e-05	1.0
-0.003988944925367832	0.8021978021978022
0.0	1.0
0.0	1.0
-7.228620046290102e-12	1.0
0.0	0.0
0.0	1.0
-0.0003924620395991951	1.0
0.0	0.09154929577464789
-0.000638018362224102	1.0
0.0	1.0
-2.1406282030511647e-05	1.0
-0.0023559103719890118	1.0
0.0	0.0
0.0	1.0
-0.00033559068106114864	1.0
0.0	1.0
-3.6934039160385623e-10	0.0
0.0	1.0
0.0	1.0
-2.4582710466347635e-05	1.0
0.0	1.0
-0.00016383241745643318	0.0
-0.0001325169432675466	1.0
0.0	1.0
-0.011602750979363918	0.0
0.0	1.0
0.0	1.0
0.0	0.0
0.0	1.0
-0.00037771411007270217	1.0
0.0	1.0
0.0	1.0
0.0	1.0
0.0	1.0
0.0	1.0
-1.1448480108811054e-05	1.0
-0.0003307953884359449	1.0
0.0	1.0
0.0	1.0
-9.21687046684383e-07	1.0
-1.0838675097680443e-14	1.0
0.0	1.0
0.0	1.0
-8.700773990177879e-10	1.0
0.0	1.0
0.0	1.0
0.0	1.0
-2.3515192424383713e-06	1.0
0.0	1.0
-5.466948000255965e-15	1.0
0.0	1.0
0.0	1.0
0.0	0.0
-0.0022047890815883875	0.0
0.0	1.0
0.0	1.0
0.0	1.0
0.0	1.0
0.0	0.0
-2.3535939863705835e-10	1.0
-1.2311909713957903e-08	1.0
0.0	1.0
0.0	1.0
-2.9056802452277547e-15	0.02247191011235955
-0.00015839436673559248	1.0
0.0	1.0
0.0	1.0
0.0	1.0
0.0	1.0
0.0	1.0
0.0	1.0
0.0	1.0
-1.914019594551064e-05	1.0
-0.09919781237840652	0.0
0.0	0.13333333333333333
-1.54657975315331e-08	1.0
0.0	0.0
-1.0994394727958934e-07	1.0
-1.796721335267648e-05	1.0
-0.00036013839417137206	1.0
0.0	1.0
0.0	1.0
0.0	1.0
-8.128096112836047e-11	1.0
0.0	0.0
0.0	1.0
0.0	0.0
0.0	1.0
-0.0010598861845210195	0.0
0.0	1.0
0.0	0.14450867052023122
-2.131612442113351e-09	1.0
0.0	1.0
-7.598249339935137e-06	1.0
0.0	0.5245901639344263
0.0	1.0
0.0	0.13529411764705881
-5.666804699100414e-12	1.0
-0.000803460949100554	1.0
0.0	0.0
0.0	1.0
0.0	1.0
0.0	1.0
-0.007651257794350386	0.0
0.0	1.0
-0.00042229736573062837	1.0
-0.00020736829901579767	1.0
0.0	1.0
-0.008686225861310959	0.0
0.0	1.0
