-3.955157978907664e-07	1.0
0.0	1.0
0.0	1.0
-0.009965375065803528	0.0
-0.003270059823989868	0.0
-3.071275568800047e-05	0.6666666666666666
0.0	1.0
0.0	0.21505376344086022
-0.0012077675200998783	0.0
-1.2451754628273193e-05	1.0
-0.0014727364759892225	1.0
-0.0005299243493936956	0.03888888888888889
0.0	0.0
0.0	1.0
0.0	1.0
0.0	1.0
0.0	1.0
0.0	0.0
0.0	1.0
0.0	0.0
0.0	1.0
-4.412376256368589e-06	1.0
0.0	1.0
0.0	1.0
0.0	1.0
0.0	1.0
-0.0007942739757709205	1.0
-7.280409022314416e-07	1.0
0.0	1.0
0.0	1.0
0.0	1.0
0.0	1.0
-0.0013544346438720822	0.0
0.0	1.0
-3.065173711635366e-13	1.0
-3.903812739736168e-06	1.0
0.0	0.5789473684210527
-0.0011623513419181108	1.0
0.0	1.0
0.0	1.0
0.0	1.0
-1.355714402961894e-06	1.0
-2.352914663106276e-08	1.0
0.0	0.0
0.0	1.0
-0.0005467036971822381	0.0
-3.7416343730001245e-06	1.0
0.0	1.0
0.0	1.0
0.0	0.0
-8.884764611138962e-06	1.0
-0.00014602410374209285	0.47191011235955055
-0.0010207102168351412	1.0
-0.0003723574918694794	1.0
0.0	1.0
0.0	1.0
0.0	1.0
0.0	1.0
0.0	1.0
-7.0689115091227e-05	1.0
-3.849753284157487e-06	1.0
0.0	0.0
0.0	1.0
0.0	1.0
0.0	0.0
0.0	1.0
0.0	0.6903225806451613
0.0	1.0
-4.3959553863714973e-07	0.0
0.0	0.7684210526315789
0.0	1.0
-0.0021886969916522503	1.0
0.0	1.0
-1.8765742424875498e-05	1.0
0.0	1.0
0.0	1.0
0.0	1.0
-0.00024118840519804507	1.0
0.0	1.0
0.0	1.0
-3.05226058117114e-05	1.0
0.0	1.0
-4.3713151853808085e-07	1.0
0.0	1.0
-1.1942694717697705e-16	1.0
-1.8980066670337692e-05	1.0
-8.07973810879048e-06	1.0
0.0	0.014925373134328358
0.0	1.0
0.0	1.0
0.0	1.0
0.0	1.0
0.0	1.0
0.0	1.0
0.0	1.0
0.0	1.0
-0.00045464071445167065	1.0
-1.426485505362507e-05	1.0
0.0	1.0
-1.0548310456215404e-05	1.0
0.0	1.0
-3.368131001479924e-05	1.0
0.0	1.0
0.0	1.0
-2.2916925445315428e-05	1.0
-0.0016821271274238825	1.0
0.0	1.0
0.0	1.0
0.0	1.0
0.0	1.0
-6.948765474135143e-08	1.0
0.0	1.0
-0.0011531655909493566	1.0
0.0	1.0
0.0	1.0
0.0	1.0
0.0	1.0
-0.00022194639313966036	1.0
0.0	1.0
-0.0012018976267427206	1.0
0.0	0.1721311475409836
0.0	1.0
0.0	1.0
0.0	1.0
-0.0022054624278098345	1.0
0.0	1.0
-3.355255103087984e-05	1.0
0.0	1.0
0.0	1.0
-0.0016280744457617402	1.0
-1.4455797099799383e-05	1.0
-3.969717363361269e-05	1.0
-0.0010250997729599476	1.0
0.0	1.0
0.0	1.0
-3.4554341254988685e-07	0.16463414634146342
-0.0014036998618394136	0.0
-3.2635573299755313e-16	1.0
0.0	1.0
0.0	1.0
0.0	1.0
0.0	1.0
-1.915279972308781e-05	1.0
0.0	1.0
-1.1280280887149274e-05	1.0
-0.0004358413571026176	1.0
0.0	1.0
0.0	0.034482758620689655
0.0	1.0
0.0	1.0
0.0	0.813953488372093
0.0	1.0
0.0	1.0
0.0	1.0
0.0	1.0
0.0	1.0
-1.230301749366447e-09	1.0
-1.0780341952454364e-08	1.0
-1.0835495913852355e-06	1.0
-1.7295977150499908e-10	1.0
-9.615170638854753e-12	1.0
0.0	1.0
0.0	1.0
0.0	1.0
0.0	1.0
0.0	1.0
0.0	0.0
-0.0015367608284577727	0.0
0.0	1.0
-0.00065222242847085	1.0
0.0	1.0
0.0	1.0
0.0	1.0
0.0	1.0
-0.0088860634714365	0.0
0.0	0.0
0.0	0.0
-7.795140118105337e-05	0.0
-0.001625766628421843	1.0
-0.01029046531766653	0.0
-0.002584023866802454	0.0
-0.00018887162150349468	0.0
0.0	0.0
0.0	1.0
0.0	1.0
0.0	1.0
-0.0010236529633402824	1.0
0.0	1.0
-2.661579290297311e-10	1.0
-0.00023178719857241958	1.0
0.0	1.0
0.0	1.0
-0.006316010374575853	0.23076923076923078
0.0	1.0
0.0	1.0
0.0	1.0
-0.00017786204989533871	1.0
0.0	1.0
0.0	1.0
0.0	1.0
-9.488646355748642e-06	1.0
0.0	1.0
0.0	0.0
0.0	1.0
-0.0027144402265548706	0.0
-8.251136932813097e-06	1.0
0.0	1.0
0.0	1.0
-0.000637675344478339	1.0
0.0	1.0
0.0	1.0
0.0	1.0
-0.00030321403755806386	1.0
0.0	1.0
0.0	1.0
0.0	0.15517241379310345
-0.004987108055502176	0.6531531531531531
0.0	1.0
0.0	1.0
-2.464673229951586e-07	0.0
0.0	1.0
-0.00015680257638450712	1.0
-0.005410490091890097	1.0
-0.0006460216245613992	1.0
-0.00033137836726382375	1.0
0.0	1.0
0.0	1.0
0.0	1.0
0.0	1.0
0.0	0.0
0.0	0.0
0.0	1.0
-0.000160644092829898	1.0
0.0	1.0
0.0	1.0
0.0	1.0
-7.276633482433681e-07	0.03333333333333333
-0.0036532809026539326	0.0
0.0	1.0
-0.008838104084134102	1.0
0.0	0.0
-9.700533701106906e-05	1.0
0.0	0.09900990099009901
-1.8842603822122328e-05	1.0
0.0	1.0
0.0	1.0
0.0	1.0
0.0	1.0
0.0	1.0
0.0	1.0
0.0	1.0
0.0	1.0
-2.6015664843725972e-05	1.0
-0.0010417124722152948	1.0
0.0	1.0
0.0	1.0
0.0	0.0
-0.0009975190041586757	1.0
-2.4569097149651498e-05	1.0
-0.0033774739131331444	1.0
0.0	1.0
0.0	1.0
0.0	1.0
-0.0010587366996333003	1.0
0.0	0.6666666666666666
0.0	1.0
-1.4355254052134114e-07	1.0
-0.0018274406902492046	1.0
0.0	1.0
0.0	0.1774193548387097
-0.012902348302304745	0.0
-8.45737577037653e-06	1.0
0.0	1.0
-2.549017420749866e-12	1.0
0.0	1.0
0.0	1.0
0.0	1.0
-1.1526828529895283e-05	1.0
0.0	0.0
-0.002531943144276738	1.0
-7.065099907777039e-06	1.0
0.0	1.0
0.0	1.0
0.0	1.0
-5.6451186537742615e-05	0.06040268456375839
0.0	1.0
-1.839786101243135e-08	1.0
0.0	1.0
-0.0539020374417305	0.0
0.0	0.0
0.0	1.0
0.0	1.0
-0.01910482533276081	0.0
-1.596666976411143e-07	0.0
0.0	0.8216159496327388
0.0	1.0
-2.409023522886855e-07	1.0
-0.0018470033537596464	0.0
-4.0038805309450254e-05	1.0
0.0	1.0
-3.852396275760839e-06	0.6451612903225806
0.0	1.0
0.0	1.0
0.0	1.0
-6.936015324754408e-06	0.0
0.0	0.0
0.0	1.0
0.0	1.0
0.0	1.0
0.0	1.0
0.0	0.0
0.0	1.0
0.0	1.0
0.0	0.0
0.0	1.0
-4.3444695620564744e-05	1.0
0.0	1.0
0.0	1.0
0.0	1.0
0.0	0.0
-6.597316314582713e-06	1.0
-3.9817123820284905e-08	1.0
0.0	0.0
0.0	1.0
0.0	1.0
0.0	1.0
0.0	1.0
0.0	1.0
-2.8767246917915656e-10	1.0
-0.06241782754659653	0.0
0.0	1.0
0.0	1.0
0.0	1.0
-5.448422939480224e-07	1.0
0.0	1.0
-0.00010741502774180844	1.0
-0.0032105878926813602	0.014084507042253521
-6.620755448238924e-05	1.0
0.0	1.0
0.0	1.0
0.0	1.0
0.0	0.8663793103448276
0.0	1.0
-5.420477464213036e-05	0.0
-3.1998742997529916e-06	0.0
-0.0004699737182818353	0.0
-8.123848260765953e-07	0.0
-0.00010021223715739325	1.0
0.0	1.0
0.0	1.0
0.0	1.0
-4.62120937072541e-07	1.0
0.0	1.0
-0.007417494431138039	0.0
-1.6291445717797615e-05	1.0
0.0	1.0
0.0	1.0
0.0	1.0
-5.28897148299734e-10	1.0
0.0	1.0
-9.729026260174578e-07	1.0
-4.5092815526004415e-07	1.0
0.0	1.0
-0.00028369587380439043	1.0
0.0	1.0
0.0	1.0
0.0	0.22580645161290322
0.0	1.0
0.0	1.0
0.0	1.0
0.0	0.0
0.0	1.0
0.0	1.0
0.0	1.0
0.0	1.0
0.0	1.0
0.0	0.0
0.0	1.0
0.0	1.0
-1.885989331640303e-05	1.0
0.0	1.0
0.0	0.0
0.0	1.0
0.0	0.0
0.0	1.0
0.0	1.0
-5.914834673603764e-06	1.0
0.0	1.0
0.0	1.0
0.0	1.0
0.0	1.0
0.0	1.0
0.0	1.0
0.0	1.0
0.0	1.0
0.0	1.0
-4.4195057853357866e-05	1.0
0.0	0.05405405405405406
-5.150928927832865e-07	1.0
-0.002581013133749366	1.0
0.0	1.0
0.0	1.0
0.0	1.0
0.0	1.0
0.0	1.0
0.0	1.0
-6.604631198570132e-05	1.0
0.0	1.0
-0.007611668668687344	0.0
-1.637228524487e-05	1.0
0.0	1.0
0.0	1.0
-0.002293763915076852	1.0
-1.5524268746958114e-05	0.0
0.0	0.0
0.0	1.0
0.0	1.0
0.0	1.0
0.0	1.0
0.0	1.0
0.0	1.0
0.0	1.0
0.0	1.0
0.0	0.0
-7.773670222377405e-05	1.0
0.0	1.0
-1.4283961036198889e-06	0.4
0.0	1.0
-1.829946086218115e-05	1.0
-6.026067644882005e-09	1.0
0.0	1.0
0.0	1.0
0.0	1.0
0.0	1.0
-2.2580031782126753e-06	1.0
-8.518901267962065e-06	1.0
-0.0008157769916579127	1.0
-5.151081859366968e-05	1.0
-4.6396518882829696e-05	1.0
0.0	1.0
0.0	1.0
0.0	1.0
-5.773938028141856e-05	1.0
0.0	1.0
0.0	1.0
0.0	1.0
-0.000676566909532994	0.0
0.0	1.0
-0.0029477982316166162	1.0
0.0	1.0
0.0	1.0
0.0	0.0
0.0	1.0
0.0	1.0
0.0	1.0
-0.0004603092966135591	1.0
-4.5644577767234296e-05	1.0
0.0	1.0
-1.3603464132927456e-08	1.0
0.0	1.0
0.0	1.0
0.0	1.0
0.0	1.0
0.0	1.0
0.0	1.0
0.0	1.0
-1.411933044437319e-05	1.0
0.0	1.0
0.0	1.0
0.0	0.21428571428571427
-6.51720620226115e-05	1.0
-6.60724367662624e-07	1.0
0.0	0.2
-0.000331285351421684	1.0
0.0	0.0
-9.44202326991217e-07	1.0
0.0	1.0
0.0	0.0
0.0	1.0
-0.0006393064395524561	1.0
0.0	0.0
0.0	1.0
-0.09128540754318237	0.0
-8.484718705403793e-09	1.0
0.0	1.0
-4.3635759539029095e-07	1.0
0.0	1.0
0.0	1.0
0.0	1.0
0.0	1.0
0.0	1.0
0.0	1.0
0.0	0.0784313725490196
0.0	0.0
-2.0219678731336899e-07	0.7441860465116279
-0.0025827570352703333	1.0
0.0	0.34210526315789475
-0.00038517097709700465	1.0
0.0	1.0
0.0	1.0
-3.411386569496244e-05	1.0
-0.00012103035987820476	0.4166666666666667
0.0	1.0
0.0	1.0
0.0	1.0
0.0	1.0
0.0	1.0
0.0	1.0
0.0	0.0
0.0	1.0
0.0	1.0
-2.985090219453923e-08	1.0
0.0	1.0
-0.00010116716293850914	0.0
-0.00016803003381937742	1.0
-0.0003384780720807612	1.0
0.0	1.0
0.0	1.0
0.0	1.0
-3.434544396441197e-06	1.0
-2.5268383978982456e-05	0.005025125628140704
-0.0008246207144111395	1.0
-1.9683065843878467e-08	1.0
0.0	1.0
0.0	1.0
0.0	0.0
0.0	0.22130013831258644
