-4.766590767923962e-12	1.0
-0.0003513940901029855	0.0
0.0	1.0
0.0	1.0
0.0	1.0
0.0	1.0
0.0	0.0
-7.439253408847435e-07	1.0
0.0	1.0
0.0	1.0
-0.0019004701171070337	1.0
-4.8334139137296006e-05	1.0
-1.4734291564622026e-09	1.0
-4.242562567924324e-07	1.0
0.0	1.0
0.0	1.0
0.0	1.0
0.0	1.0
0.0	1.0
0.0	1.0
0.0	1.0
0.0	1.0
0.0	1.0
0.0	1.0
-0.0009519990999251604	1.0
-0.00019362359307706356	1.0
-0.0008215486304834485	1.0
0.0	1.0
-0.011787361465394497	0.5208333333333334
-1.1613304877755581e-06	1.0
0.0	1.0
-0.004324739798903465	0.0
-0.0030633718706667423	1.0
0.0	1.0
0.0	1.0
0.0	1.0
-6.166583261801861e-06	1.0
0.0	1.0
-3.42972380167339e-05	0.0
-3.236197699152399e-06	1.0
0.0	1.0
-1.0779922376968898e-05	0.0
0.0	1.0
0.0	1.0
-0.00014955435472074896	1.0
0.0	0.0
0.0	0.0
-0.00016816203424241394	1.0
0.0	1.0
0.0	0.0
0.0	0.0
0.0	1.0
0.0	1.0
0.0	1.0
-0.00016269905609078705	1.0
0.0	1.0
0.0	0.0
-0.00045848992886021733	1.0
-2.8164391551399603e-05	1.0
-1.8105622245911945e-07	1.0
0.0	1.0
0.0	1.0
0.0	1.0
0.0	1.0
0.0	1.0
0.0	1.0
0.0	1.0
-0.00011084205470979214	1.0
0.0	1.0
-1.144012315434928e-10	1.0
0.0	1.0
0.0	1.0
0.0	0.0
0.0	1.0
0.0	1.0
-0.003935696557164192	0.0
0.0	1.0
0.0	1.0
-2.0005130863864906e-05	1.0
-1.1600342304518563e-06	1.0
0.0	1.0
-4.8252408305415884e-05	1.0
-0.0031872480176389217	0.04
-9.025444001053984e-07	1.0
0.0	1.0
-0.0013058389304205775	1.0
0.0	1.0
0.0	1.0
0.0	1.0
0.0	1.0
0.0	1.0
0.0	1.0
0.0	1.0
0.0	1.0
-9.199321304720343e-09	1.0
0.0	1.0
-0.00028388723148964345	0.0
0.0	1.0
-6.915950507391244e-05	1.0
-0.0026173098012804985	0.2727272727272727
0.0	1.0
0.0	1.0
0.0	1.0
0.0	1.0
0.0	0.4444444444444444
-3.255996125517413e-05	1.0
-0.0003497472789604217	1.0
0.0	1.0
-0.013131742365658283	0.15
0.0	1.0
-6.077509169699624e-05	0.03125
0.0	1.0
-0.004292206838726997	1.0
0.0	1.0
-1.443173096049577e-05	1.0
-0.00018442071450408548	1.0
-1.2409651390044019e-05	1.0
-0.0016804550541564822	0.4
-6.981251488014095e-08	1.0
0.0	1.0
0.0	1.0
-0.0009909779764711857	1.0
0.0	1.0
0.0	0.0
0.0	1.0
-5.393777004897293e-12	1.0
-8.289790275739506e-05	0.125
0.0	1.0
0.0	1.0
0.0	0.0
-5.082765346742235e-05	1.0
0.0	1.0
0.0	1.0
0.0	1.0
-1.0651330484279242e-07	1.0
0.0	0.0
0.0	0.0
0.0	1.0
0.0	1.0
-0.0001548622822156176	1.0
-0.0010943252127617598	1.0
0.0	1.0
0.0	1.0
0.0	1.0
0.0	0.0
0.0	1.0
0.0	0.0
0.0	1.0
0.0	1.0
0.0	1.0
-0.001994313206523657	1.0
0.0	1.0
0.0	1.0
-0.00017553218640387058	0.0
0.0	1.0
-8.150319672495243e-07	1.0
0.0	1.0
0.0	1.0
0.0	1.0
0.0	1.0
-2.4034159196162364e-07	1.0
0.0	1.0
0.0	1.0
0.0	1.0
0.0	1.0
-2.0883837350993417e-05	0.0
0.0	1.0
0.0	1.0
0.0	1.0
0.0	1.0
0.0	1.0
0.0	1.0
0.0	1.0
0.0	1.0
0.0	1.0
-2.833955022651935e-06	1.0
-0.00018085322517435998	1.0
-8.849022560752928e-05	0.0
0.0	0.0
0.0	0.0
-0.0071543860249221325	0.5294117647058824
0.0	1.0
0.0	1.0
0.0	1.0
0.0	1.0
0.0	1.0
-0.0017562644788995385	0.5555555555555556
0.0	1.0
-2.139325943062431e-06	1.0
0.0	1.0
-0.03372965380549431	0.15555555555555556
0.0	1.0
0.0	1.0
-0.0007323314785026014	0.0
0.0	1.0
0.0	1.0
0.0	1.0
0.0	1.0
-1.1929865650017746e-05	1.0
0.0	1.0
0.0	0.0
0.0	1.0
0.0	1.0
0.0	0.0
0.0	0.0
0.0	1.0
0.0	1.0
0.0	1.0
-0.0001352322578895837	1.0
0.0	1.0
0.0	1.0
0.0	1.0
0.0	1.0
0.0	1.0
0.0	1.0
0.0	1.0
0.0	1.0
0.0	0.0
0.0	1.0
0.0	0.0
-0.0030191978439688683	0.0
0.0	1.0
0.0	1.0
-0.00010291024955222383	1.0
-6.160260909382487e-06	1.0
-1.1679311683110427e-05	1.0
0.0	0.0
0.0	1.0
0.0	0.3404255319148936
0.0	1.0
-0.0005194450495764613	0.0
-3.9455261457987945e-07	0.0
0.0	1.0
0.0	1.0
-2.674813686098787e-07	1.0
-3.562297834491801e-08	1.0
0.0	1.0
0.0	1.0
0.0	1.0
0.0	1.0
0.0	1.0
-9.465523908147588e-05	1.0
-2.1997787769123534e-07	1.0
0.0	1.0
0.0	0.0
-2.907540341823278e-08	1.0
0.0	1.0
0.0	1.0
-1.1720292604877613e-05	1.0
0.0	1.0
0.0	1.0
0.0	0.0
0.0	1.0
-3.072176332352683e-05	1.0
0.0	1.0
-6.888929874548921e-06	1.0
0.0	1.0
0.0	0.0
-6.04902597842738e-05	1.0
-1.1731543025916835e-07	1.0
0.0	1.0
-9.96926537482068e-05	1.0
-7.170181561377831e-06	0.02608695652173913
0.0	1.0
-6.287430733209476e-05	0.5555555555555556
0.0	1.0
0.0	0.0
0.0	1.0
0.0	0.16071428571428573
0.0	1.0
0.0	1.0
0.0	1.0
0.0	1.0
-2.3901779059087858e-05	1.0
0.0	1.0
0.0	1.0
0.0	1.0
-1.1912417363646455e-07	1.0
0.0	1.0
0.0	1.0
0.0	0.0
-1.2427792171365581e-05	0.22105263157894736
0.0	1.0
0.0	1.0
-3.035519694094546e-05	1.0
0.0	1.0
0.0	1.0
-0.0002020962565438822	1.0
-0.00010797843424370512	1.0
-1.9939121968098883e-12	1.0
-0.0014010485028848052	0.6451612903225806
0.0	1.0
0.0	1.0
0.0	1.0
0.0	0.0
-4.3395746615715325e-05	1.0
-6.63104901832412e-06	1.0
0.0	0.0
-2.0441463192272247e-12	1.0
0.0	0.35294117647058826
-0.01627328060567379	0.19886363636363635
0.0	1.0
-4.0636136873217765e-06	1.0
0.0	0.0
-1.0288520570611581e-05	1.0
-0.00047499759239144623	0.0
0.0	1.0
0.0	1.0
-2.340651121812698e-07	1.0
0.0	1.0
-0.0002369076246395707	1.0
0.0	0.14285714285714285
0.0	1.0
0.0	1.0
-5.487609655574488e-07	1.0
-1.1101425343440496e-06	1.0
0.0	1.0
0.0	0.1016949152542373
0.0	0.3275862068965517
0.0	1.0
0.0	1.0
0.0	1.0
-0.0014647843781858683	0.0
0.0	0.04918032786885246
0.0	1.0
-0.0031425682827830315	0.0
0.0	1.0
-7.703600203967653e-06	0.043859649122807015
0.0	1.0
0.0	1.0
0.0	0.017391304347826087
0.0	1.0
0.0	0.0
-9.554574353387579e-05	0.038461538461538464
0.0	1.0
-0.0007231428753584623	1.0
-0.0003876127302646637	1.0
0.0	1.0
0.0	1.0
0.0	1.0
-0.009757529944181442	0.05309734513274336
0.0	0.0
0.0	1.0
-0.0016886093653738499	1.0
-0.00013607682194560766	1.0
0.0	1.0
0.0	1.0
0.0	1.0
0.0	1.0
0.0	1.0
-2.78984553006012e-05	1.0
0.0	0.1896551724137931
0.0	1.0
-0.0008804642129689455	1.0
-2.424685817459249e-06	1.0
-8.197697728973274e-12	0.0
-8.440684905508533e-05	1.0
0.0	1.0
0.0	1.0
0.0	1.0
0.0	1.0
0.0	1.0
-0.0001368628436466679	1.0
0.0	1.0
-0.013986124657094479	1.0
0.0	1.0
0.0	0.864406779661017
-0.04173729568719864	0.5555555555555556
0.0	1.0
0.0	1.0
0.0	1.0
-0.00017504247080069035	1.0
-0.00030738822533749044	1.0
0.0	0.0
0.0	1.0
-0.00016388988296967	1.0
0.0	1.0
-3.2297262086977696e-11	1.0
0.0	0.0
0.0	1.0
0.0	1.0
-1.2648284197780413e-08	1.0
0.0	0.0
-4.6117992269500974e-07	1.0
-8.969562941274489e-07	1.0
-3.608832628287928e-07	1.0
0.0	1.0
0.0	1.0
0.0	1.0
0.0	1.0
-3.717056523688811e-11	1.0
-6.0200287407496944e-05	0.0
-6.218342729624737e-09	1.0
-1.0439068276468788e-08	1.0
0.0	1.0
0.0	1.0
-2.692343292753918e-10	0.0
0.0	1.0
0.0	1.0
-7.241344519570703e-06	1.0
-9.700267256107509e-10	1.0
0.0	0.0
0.0	0.3128491620111732
-9.64376467571526e-10	0.0
0.0	0.0
0.0	1.0
0.0	0.2149122807017544
0.0	0.92
0.0	1.0
0.0	1.0
0.0	0.0
0.0	1.0
-1.3116215313857538e-07	1.0
0.0	1.0
0.0	0.0
0.0	1.0
0.0	1.0
0.0	1.0
0.0	1.0
0.0	1.0
0.0	1.0
0.0	1.0
-1.3863668242922178e-12	1.0
0.0	1.0
0.0	0.0
-8.810729195829481e-05	0.017241379310344827
0.0	1.0
0.0	1.0
0.0	1.0
0.0	1.0
0.0	1.0
0.0	1.0
0.0	1.0
0.0	0.6944444444444444
0.0	1.0
-7.565323812741553e-06	0.0
-2.2530638650337248e-13	1.0
0.0	0.14285714285714285
0.0	1.0
0.0	0.0
0.0	1.0
-0.0061781504191458225	0.449438202247191
0.0	0.0
0.0	1.0
-0.0013525773538276553	1.0
-2.0309578758315183e-05	1.0
0.0	1.0
0.0	1.0
0.0	1.0
0.0	0.0
0.0	1.0
0.0	0.8235294117647058
0.0	0.15
0.0	1.0
-0.000948284228798002	0.0
0.0	1.0
0.0	1.0
0.0	1.0
0.0	1.0
0.0	1.0
0.0	0.07246376811594203
-1.1136845387227368e-05	1.0
-0.0002421940880594775	1.0
0.0	1.0
-8.236760186264291e-05	1.0
-1.1548985767717568e-08	1.0
-1.4882822142681107e-05	1.0
-3.5453123770068373e-10	1.0
0.0	1.0
0.0	0.0
0.0	1.0
-0.0013065667590126395	1.0
0.0	0.0
-1.8882339645642787e-05	0.5555555555555556
-0.00012436349061317742	0.13953488372093023
0.0	1.0
0.0	1.0
0.0	1.0
0.0	1.0
0.0	1.0
0.0	1.0
-1.1585786523937713e-05	0.0
0.0	1.0
0.0	1.0
-4.694940071203746e-05	1.0
0.0	0.0
-8.588317612634455e-09	1.0
0.0	1.0
0.0	0.0
-0.0022737043909728527	0.0
