0.0	0.0
-1.6714486150704033e-07	1.0
0.0	1.0
0.0	1.0
0.0	0.0
-3.122484122286551e-05	1.0
0.0	1.0
0.0	1.0
-5.11874247877131e-07	1.0
0.0	1.0
0.0	1.0
0.0	0.0
-0.00017284293426200747	0.0
-0.0002493374631740153	1.0
-0.00035584508441388607	1.0
-0.0011352618457749486	1.0
0.0	1.0
0.0	1.0
-3.739326348295435e-05	0.06557377049180328
0.0	1.0
-0.00047083443496376276	1.0
0.0	1.0
-7.757428102195263e-05	1.0
0.0	0.0
0.0	0.0
0.0	0.0
0.0	1.0
0.0	1.0
0.0	1.0
-3.3767707918741507e-06	1.0
-0.001507554086856544	1.0
0.0	1.0
-2.562742054124101e-07	1.0
0.0	1.0
0.0	1.0
0.0	1.0
0.0	1.0
0.0	1.0
0.0	1.0
0.0	0.0
0.0	1.0
-5.34386454091873e-05	0.0
0.0	1.0
0.0	1.0
0.0	1.0
-0.00017842579109128565	1.0
-0.0001893314183689654	1.0
0.0	0.0
0.0	0.0
-0.00011292673298157752	1.0
-0.0003996287996415049	1.0
-3.0005663575138897e-05	1.0
0.0	1.0
-1.1305696716590319e-06	1.0
-9.178443178825546e-06	1.0
0.0	1.0
0.0	0.0529595015576324
-1.015588324548844e-08	1.0
0.0	1.0
-6.064104582037544e-06	1.0
-7.150068995542824e-05	1.0
0.0	0.03488372093023256
-7.126881246222183e-05	1.0
0.0	1.0
0.0	1.0
-2.942129685834516e-05	1.0
0.0	1.0
0.0	0.4444444444444444
-0.0008296456071548164	0.11320754716981132
0.0	1.0
-0.00011779644410125911	1.0
0.0	1.0
-5.320835498423548e-06	1.0
0.0	0.5757575757575758
0.0	1.0
0.0	1.0
0.0	1.0
-1.6825767445993733e-08	1.0
-3.2000789360608906e-05	1.0
0.0	1.0
0.0	1.0
0.0	1.0
0.0	1.0
0.0	1.0
-5.398000666900771e-06	0.49295774647887325
-0.000408354913815856	0.0
0.0	1.0
0.0	1.0
0.0	1.0
0.0	0.0
0.0	0.6928104575163399
0.0	0.0
0.0	1.0
0.0	0.0
-2.8573505915119313e-05	1.0
0.0	1.0
-0.0008658990846015513	1.0
0.0	0.0
0.0	1.0
0.0	1.0
0.0	1.0
0.0	1.0
0.0	1.0
-4.712029038982622e-15	1.0
0.0	1.0
-0.00438187038525939	1.0
0.0	1.0
-0.0010253891814500093	1.0
0.0	1.0
-0.00919955875724554	0.1773049645390071
0.0	1.0
-0.0007589548476971686	1.0
0.0	1.0
0.0	1.0
-1.8335795104462704e-09	1.0
-0.035181205719709396	0.0
-1.7808084521675482e-05	1.0
-6.116304120951099e-07	1.0
-0.00050886016106233	0.0
0.0	1.0
0.0	1.0
0.0	1.0
-7.96202215269659e-08	1.0
-4.586210343404673e-05	1.0
-9.582884104020195e-07	1.0
0.0	1.0
0.0	1.0
0.0	1.0
0.0	1.0
-0.008812644518911839	0.0
0.0	1.0
0.0	0.0
0.0	1.0
0.0	1.0
-0.00014542783901561052	1.0
0.0	1.0
-0.03715629503130913	0.0
0.0	0.0
0.0	1.0
0.0	1.0
0.0	1.0
-0.0006987071828916669	0.0
-0.0006423116428777575	1.0
0.0	1.0
0.0	1.0
0.0	1.0
0.0	1.0
-3.756079181016503e-08	1.0
-1.6088539496195153e-06	0.0
-8.49305943120271e-05	0.0
-1.1390867257432546e-05	0.3431372549019608
-3.1354924431070685e-05	1.0
0.0	0.5714285714285714
0.0	1.0
-0.02741803601384163	0.0
0.0	1.0
0.0	0.3577981651376147
-8.434208211838268e-06	1.0
0.0	1.0
0.0	1.0
-1.1762517715396825e-05	1.0
0.0	1.0
-0.012232273817062378	0.0
0.0	1.0
0.0	1.0
0.0	1.0
-0.0006483264151029289	1.0
0.0	1.0
0.0	1.0
0.0	1.0
0.0	1.0
-0.0009153411374427378	0.02702702702702703
-0.0011226451024413109	1.0
0.0	1.0
-0.0006845060852356255	1.0
-5.2407418682509643e-11	1.0
0.0	1.0
0.0	1.0
0.0	1.0
0.0	1.0
-0.00021922988526057452	1.0
-9.50136893607123e-08	1.0
0.0	0.21739130434782608
-0.0018871864303946495	1.0
-0.001421817927621305	0.0
-6.273660255828872e-05	1.0
-4.173653849193215e-07	1.0
0.0	1.0
0.0	0.0
0.0	1.0
0.0	1.0
-0.0006410148344002664	1.0
-8.704969513928518e-05	1.0
-4.614281351678073e-06	1.0
0.0	1.0
-1.413045174558647e-05	1.0
0.0	1.0
-1.387286920362385e-05	1.0
-0.00471528759226203	0.08695652173913043
0.0	0.0
-0.0012148537207394838	1.0
0.0	1.0
0.0	1.0
0.0	1.0
0.0	1.0
0.0	1.0
-0.004236966837197542	1.0
0.0	0.0
-1.0476107490831055e-05	1.0
0.0	1.0
-6.485862513727625e-08	1.0
0.0	1.0
-0.0007780979503877461	1.0
0.0	1.0
-6.754089908883598e-12	0.0
0.0	1.0
0.0	1.0
-0.0003244816034566611	0.0
0.0	0.0
-6.426701304462767e-08	1.0
-0.0003056289569940418	0.0
0.0	1.0
0.0	1.0
-0.0003384819137863815	0.0
0.0	1.0
0.0	1.0
-1.4115859812591225e-05	1.0
-6.141836638562381e-05	1.0
0.0	1.0
-0.0013006692752242088	1.0
0.0	1.0
0.0	1.0
0.0	1.0
0.0	1.0
0.0	1.0
-6.909384683240205e-05	1.0
-1.1288621948324362e-07	1.0
-0.0010211567860096693	1.0
-7.408634701278061e-07	1.0
0.0	1.0
-5.0436153031796493e-08	1.0
-0.0003670569567475468	1.0
-0.0010617030784487724	1.0
0.0	0.0
0.0	1.0
0.0	1.0
0.0	0.018691588785046728
0.0	1.0
-0.00017095147632062435	1.0
0.0	1.0
-0.0007406685035675764	1.0
0.0	1.0
-0.0003684087423607707	1.0
0.0	1.0
0.0	0.0
-1.1692721272993367e-05	1.0
-0.0006903189932927489	1.0
-0.001997211016714573	0.6576576576576577
0.0	1.0
-2.5978641099758636e-14	0.0
0.0	1.0
0.0	1.0
0.0	1.0
-2.2302106117422227e-07	1.0
-4.2888819734798744e-05	0.0
0.0	0.0
0.0	1.0
0.0	1.0
0.0	0.0
0.0	1.0
0.0	1.0
0.0	1.0
0.0	1.0
0.0	1.0
0.0	1.0
0.0	1.0
0.0	0.0
-8.46122838993324e-06	1.0
-0.001451389747671783	0.5185185185185185
0.0	1.0
0.0	0.04819277108433735
-0.0002103139995597303	1.0
-6.619211845304562e-09	1.0
-3.4008412512775976e-06	1.0
0.0	0.03508771929824561
-7.000645564403385e-05	1.0
-0.00023069159942679107	1.0
0.0	1.0
0.0	1.0
-0.000506756769027561	1.0
0.0	1.0
0.0	1.0
-7.3025944402616005e-06	1.0
0.0	0.0
-9.407627658220008e-05	1.0
0.0	0.0
-9.119269816437736e-05	1.0
0.0	1.0
0.0	1.0
-0.0008736961171962321	1.0
-0.00042466414743103087	0.0
0.0	1.0
0.0	1.0
0.0	1.0
0.0	1.0
0.0	1.0
-0.002444324316456914	1.0
-2.0902163555547304e-08	1.0
0.0	0.013888888888888888
0.0	1.0
-6.369700145114621e-08	1.0
-2.5126391278718074e-07	1.0
0.0	0.8507462686567164
0.0	1.0
0.0	1.0
0.0	1.0
-1.498565234214766e-05	1.0
0.0	1.0
0.0	0.0
0.0	0.6
0.0	0.0
0.0	1.0
-5.28330657001419e-10	1.0
0.0	1.0
0.0	1.0
0.0	1.0
0.0	1.0
0.0	1.0
0.0	1.0
0.0	0.0
0.0	1.0
0.0	0.09090909090909091
0.0	1.0
0.0	0.0
-2.585721290415677e-07	1.0
-6.207620799614233e-07	1.0
-0.0008675085846334696	0.0
-9.809393668547273e-05	1.0
-8.947954484028742e-06	1.0
-8.264494681498036e-05	1.0
0.0	0.0
0.0	0.0
-7.856919381765692e-08	1.0
0.0	1.0
0.0	0.004424778761061947
0.0	1.0
0.0	1.0
-4.381264417929742e-08	1.0
0.0	0.0
-0.003922490403056145	0.0
-1.13968962978106e-05	1.0
0.0	1.0
0.0	1.0
0.0	1.0
0.0	0.6941176470588235
0.0	1.0
-0.0006602653884328902	1.0
0.0	1.0
-0.0008153817616403103	0.0
0.0	1.0
-0.000953632639721036	1.0
0.0	1.0
0.0	1.0
0.0	1.0
-1.268871346837841e-05	1.0
0.0	1.0
-0.0007199377287179232	1.0
0.0	1.0
-0.000654956791549921	1.0
0.0	1.0
-6.269777259149123e-06	1.0
-8.80858424352482e-05	0.0
-0.0030907702166587114	0.0
-0.00019924133084714413	1.0
0.0	1.0
0.0	0.30177514792899407
0.0	1.0
0.0	0.0
-0.0001704356400296092	1.0
0.0	1.0
0.0	1.0
0.0	1.0
0.0	1.0
0.0	1.0
-3.251844873375376e-07	1.0
0.0	0.0
0.0	0.0
0.0	1.0
0.0	1.0
0.0	1.0
0.0	1.0
0.0	1.0
-0.0034076774027198553	0.0
0.0	1.0
0.0	1.0
0.0	1.0
0.0	1.0
0.0	1.0
-5.915791007282678e-06	1.0
0.0	1.0
-0.003417602740228176	0.6666666666666666
0.0	1.0
-2.38333927882195e-06	1.0
-0.0020671780221164227	1.0
0.0	1.0
0.0	1.0
-0.0007009526016190648	1.0
0.0	1.0
0.0	0.12
0.0	1.0
0.0	1.0
0.0	1.0
-0.00033153805998153985	0.0
0.0	1.0
0.0	1.0
-0.00045259317266754806	1.0
0.0	1.0
-0.00031945487717166543	0.0
0.0	1.0
-6.110388426350255e-07	1.0
0.0	1.0
0.0	1.0
0.0	1.0
0.0	1.0
-0.00011303401697659865	0.0
0.0	1.0
0.0	1.0
-9.831390343606472e-05	1.0
-2.8413489872036735e-06	1.0
-0.02463293820619583	0.0
-0.022733137011528015	0.0
0.0	0.28865979381443296
-4.983829057891853e-06	1.0
-3.6261644709156826e-07	0.3422818791946309
0.0	0.0
-6.017109512868046e-07	1.0
-2.0410317347341334e-07	1.0
-0.00029990289476700127	1.0
0.0	1.0
-7.607241968798917e-06	1.0
0.0	1.0
0.0	1.0
0.0	1.0
-1.4595797438232694e-05	1.0
0.0	0.0
0.0	0.0
0.0	1.0
0.0	1.0
0.0	1.0
-3.5052501061727526e-06	1.0
0.0	1.0
-2.0027104596920253e-07	0.0
0.0	0.0
-1.8558955616754247e-06	1.0
0.0	1.0
-1.5572101119687431e-07	1.0
0.0	1.0
-1.5659999917261302e-05	1.0
0.0	1.0
-1.760497347902401e-08	1.0
-1.553865125458742e-08	0.0
-2.0118602339636027e-09	1.0
-0.011985940858721733	0.18181818181818182
0.0	0.0
0.0	1.0
0.0	0.18457943925233644
0.0	1.0
0.0	1.0
-0.0002200339367846027	0.09615384615384616
-7.646755875612143e-06	1.0
0.0	1.0
0.0	1.0
-0.005872339941561222	0.0
0.0	1.0
-9.151748599833809e-06	1.0
0.0	0.022727272727272728
0.0	1.0
0.0	1.0
0.0	1.0
-0.0004099236393813044	1.0
-0.00024505509645678103	1.0
-8.229359082179144e-05	1.0
-0.002552255056798458	1.0
0.0	1.0
0.0	1.0
-0.002926069311797619	0.0
-4.762887328979559e-06	1.0
-1.116537441703258e-05	1.0
0.0	1.0
0.0	1.0
-0.0005138319102115929	1.0
-6.9354624429252e-05	1.0
-3.434114114497788e-05	1.0
0.0	1.0
-2.429225787636824e-05	1.0
0.0	1.0
0.0	0.0
0.0	0.0
-0.005797551479190588	0.0
0.0	1.0
0.0	0.6086956521739131
-0.007748788688331842	0.0
0.0	1.0
0.0	1.0
-9.128553024595476e-09	1.0
0.0	1.0
-0.023306410759687424	0.0
0.0	1.0
0.0	1.0
0.0	1.0
-0.015650777146220207	0.19736842105263158
-3.9674623621976934e-06	1.0
-0.05759503319859505	0.0
0.0	1.0
-3.212426963727921e-05	1.0
0.0	1.0
-1.6522740509117284e-07	1.0
0.0	1.0
-2.197185949626146e-06	1.0
0.0	0.0
0.0	1.0
0.0	1.0
-0.0020337458699941635	1.0
0.0	1.0
0.0	0.037037037037037035
-1.0694731211735586e-10	1.0
-0.005974743515253067	1.0
-0.0132712721824646	0.0625
-0.007065179757773876	0.1
-0.0006526655633933842	1.0
0.0	1.0
-0.001919034868478775	0.0
-0.001992335543036461	1.0
0.0	0.14285714285714285
0.0	0.0
0.0	1.0
0.0	1.0
-3.1765443608833266e-09	1.0
0.0	0.0
0.0	1.0
0.0	0.0
