0.0	1.0
0.0	0.0
-1.7679010852589272e-05	1.0
-0.00035642352304421365	1.0
0.0	1.0
0.0	1.0
0.0	1.0
-0.002127357292920351	1.0
-9.90868138615042e-05	1.0
0.0	1.0
0.0	0.0
0.0	1.0
0.0	0.48507462686567165
0.0	1.0
0.0	1.0
0.0	1.0
0.0	1.0
0.0	1.0
0.0	1.0
0.0	1.0
0.0	0.0
-0.0003722758556250483	1.0
-0.00010831336840055883	1.0
-1.1953521834584535e-06	1.0
0.0	1.0
0.0	1.0
0.0	1.0
-2.5931376157473096e-08	0.0
0.0	1.0
-1.0553112339073759e-14	1.0
-6.857800940451853e-07	0.0
-2.809766499467514e-07	1.0
0.0	1.0
0.0	1.0
-2.2706915459025367e-08	1.0
-0.00027135148411616683	1.0
-5.457823082366531e-10	1.0
0.0	1.0
-0.022686168551445007	0.6767676767676768
-0.0032203427981585264	0.0
0.0	1.0
0.0	0.0
-4.193544737063348e-05	1.0
-0.00027624142239801586	1.0
0.0	1.0
0.0	1.0
0.0	1.0
0.0	1.0
0.0	1.0
0.0	1.0
0.0	0.6779661016949152
0.0	1.0
-1.7326979104836937e-06	1.0
0.0	1.0
-0.0002928228350356221	1.0
0.0	1.0
-3.3456711179269405e-08	0.0
-0.005972087848931551	0.0
-0.00046734357601962984	1.0
-0.000311790790874511	0.17543859649122806
-0.0026777952443808317	1.0
0.0	1.0
0.0	1.0
0.0	0.0
0.0	1.0
0.0	1.0
0.0	0.6363636363636364
-5.409887307905592e-05	0.0
0.0	1.0
0.0	1.0
0.0	1.0
0.0	1.0
-6.832446524640545e-05	0.0
0.0	1.0
0.0	1.0
-0.0009997612796723843	1.0
-1.5859121731409687e-06	1.0
0.0	1.0
0.0	1.0
0.0	1.0
0.0	1.0
0.0	1.0
0.0	1.0
0.0	1.0
-7.486333743145224e-06	0.0
0.0	0.0
-5.374467218643986e-05	1.0
-4.355038618086837e-05	1.0
-5.837234766659094e-07	1.0
0.0	0.0
0.0	1.0
0.0	1.0
0.0	0.0
0.0	1.0
0.0	1.0
0.0	1.0
0.0	1.0
0.0	1.0
-0.00027333636535331607	1.0
0.0	1.0
0.0	1.0
0.0	1.0
0.0	0.0
-3.8795282307546586e-05	1.0
0.0	1.0
0.0	1.0
-0.06021452322602272	0.0
-7.1990431393942345e-09	1.0
-0.0006684659165330231	1.0
-8.152044756570831e-05	1.0
0.0	1.0
0.0	1.0
0.0	1.0
0.0	1.0
-1.6962243165608015e-08	1.0
0.0	1.0
-8.423828301573622e-10	0.0
0.0	1.0
0.0	1.0
0.0	1.0
-1.788142981240526e-05	1.0
-0.0021817339584231377	0.0
0.0	1.0
0.0	1.0
0.0	1.0
0.0	1.0
-2.110704500069005e-08	1.0
0.0	1.0
0.0	1.0
0.0	0.5882352941176471
0.0	1.0
0.0	1.0
0.0	0.08108108108108109
0.0	1.0
0.0	1.0
0.0	1.0
0.0	0.0
0.0	0.8947368421052632
0.0	1.0
0.0	1.0
0.0	1.0
0.0	1.0
0.0	1.0
-1.3197783346186043e-06	1.0
-0.00011217620340175927	1.0
-3.3926600735867396e-05	1.0
-2.4658691017975798e-06	1.0
0.0	1.0
0.0	1.0
0.0	1.0
0.0	1.0
0.0	0.09090909090909091
0.0	1.0
0.0	1.0
0.0	0.0
0.0	1.0
0.0	1.0
-1.068646238167048e-08	1.0
-0.00030489196069538593	1.0
0.0	1.0
0.0	0.0
0.0	1.0
0.0	1.0
0.0	0.0
-0.0004082627419847995	1.0
0.0	1.0
0.0	1.0
0.0	1.0
0.0	1.0
0.0	1.0
0.0	1.0
-0.00025777550763450563	1.0
-2.5708912289701402e-05	1.0
0.0	1.0
0.0	1.0
0.0	1.0
0.0	1.0
0.0	1.0
0.0	1.0
-0.0001229169574799016	1.0
0.0	1.0
-2.446446387693868e-07	1.0
0.0	1.0
0.0	1.0
0.0	1.0
0.0	1.0
0.0	1.0
-0.00014112101052887738	1.0
0.0	1.0
0.0	1.0
-1.0051214083262039e-08	1.0
0.0	1.0
0.0	1.0
0.0	1.0
-3.4598659928806313e-14	0.06666666666666667
-1.6746548681112472e-07	1.0
0.0	1.0
0.0	1.0
-6.339665237220515e-09	1.0
-0.00013302874867804348	1.0
0.0	1.0
0.0	1.0
-0.00024338383809663355	1.0
-8.086497871317988e-08	0.6607142857142857
-3.943288473529094e-10	1.0
0.0	1.0
0.0	1.0
0.0	1.0
0.0	1.0
-0.00013779538858216256	1.0
-0.0001006732854875736	1.0
-3.931915125576779e-05	1.0
-2.894749013648834e-05	1.0
-0.01275544986128807	0.0
0.0	0.9210526315789473
-1.8369087584346744e-08	1.0
0.0	1.0
0.0	1.0
0.0	1.0
-9.077537470147945e-06	1.0
0.0	1.0
0.0	1.0
0.0	0.0
0.0	1.0
0.0	1.0
0.0	1.0
-0.00032624517916701734	0.0
0.0	1.0
0.0	1.0
-3.2775250957683966e-08	1.0
0.0	1.0
-0.0001809691748348996	0.43597560975609756
0.0	1.0
-6.517126394101069e-08	0.0
-0.001137568848207593	1.0
-0.1743888556957245	0.0
0.0	1.0
0.0	1.0
-1.4095771425082226e-11	1.0
0.0	1.0
-0.00013810281234327704	1.0
0.0	1.0
0.0	1.0
0.0	1.0
0.0	1.0
0.0	1.0
-0.023985937237739563	0.0
-0.00011226083006476983	1.0
0.0	0.0
0.0	1.0
0.0	1.0
0.0	1.0
-0.0006167632527649403	1.0
0.0	1.0
0.0	1.0
-2.2409516532206908e-05	1.0
-4.245093805366196e-05	1.0
0.0	1.0
0.0	1.0
0.0	1.0
0.0	1.0
-4.869541498919716e-07	1.0
-0.0002641557075548917	1.0
-0.0005499062826856971	0.0
0.0	1.0
0.0	1.0
0.0	0.0
0.0	1.0
-0.0013163801049813628	0.0
-0.0006557769374921918	1.0
0.0	1.0
-0.0012806368758901954	1.0
0.0	1.0
0.0	1.0
-2.9185449079704995e-07	1.0
-1.453704271625611e-06	1.0
0.0	1.0
0.0	0.0
0.0	1.0
-0.00011773515871027485	1.0
-0.00012451026123017073	1.0
0.0	1.0
0.0	1.0
0.0	1.0
0.0	1.0
0.0	0.0
0.0	0.0
0.0	1.0
0.0	1.0
-0.00037354425876401365	0.022222222222222223
0.0	1.0
-6.762011616956443e-05	1.0
-7.427179866681399e-07	1.0
0.0	1.0
0.0	1.0
0.0	1.0
-0.07880090177059174	0.0
0.0	1.0
0.0	1.0
0.0	1.0
-0.00040966307278722525	0.6545454545454545
-4.074583448421265e-10	1.0
0.0	1.0
0.0	1.0
0.0	1.0
-0.004072454292327166	0.0
-0.0001678064581938088	1.0
0.0	0.0
0.0	1.0
-0.010400957427918911	1.0
0.0	0.0
0.0	0.0
0.0	1.0
-3.786084334933548e-08	1.0
0.0	1.0
-0.0021606264635920525	1.0
-0.0007081732037477195	1.0
0.0	1.0
0.0	1.0
-0.0001276059338124469	1.0
0.0	1.0
0.0	1.0
0.0	1.0
-1.0011842277890537e-05	1.0
-9.033501555677503e-06	1.0
0.0	1.0
0.0	1.0
0.0	1.0
0.0	1.0
-1.0509378398637637e-06	0.5172413793103449
0.0	0.0
0.0	1.0
0.0	1.0
-0.00016862357733771205	1.0
-0.0006961515755392611	1.0
-0.0005016395007260144	1.0
0.0	0.0
-0.0002503091818653047	1.0
0.0	1.0
0.0	1.0
0.0	1.0
0.0	0.0
0.0	0.25
0.0	1.0
-9.754290658747777e-05	1.0
0.0	0.0
0.0	1.0
0.0	0.0
0.0	0.0
0.0	1.0
0.0	1.0
-0.009271628223359585	0.0
0.0	1.0
0.0	1.0
-0.007225084584206343	0.0
-0.0005407770513556898	1.0
-1.85837473054562e-06	1.0
-0.004546703305095434	0.3793103448275862
0.0	1.0
-1.3564347682404332e-05	1.0
0.0	1.0
0.0	1.0
0.0	1.0
0.0	1.0
0.0	1.0
0.0	1.0
0.0	1.0
0.0	1.0
-0.011640965938568115	0.0
-4.941817906001233e-07	1.0
0.0	1.0
0.0	1.0
0.0	1.0
0.0	1.0
0.0	1.0
0.0	0.0
0.0	1.0
0.0	1.0
0.0	1.0
0.0	1.0
0.0	0.0
0.0	1.0
-7.053742034912602e-09	1.0
0.0	1.0
0.0	1.0
0.0	1.0
-5.49844371562358e-05	0.0
0.0	1.0
0.0	1.0
0.0	1.0
0.0	0.0
0.0	1.0
-0.0007151579484343529	1.0
0.0	1.0
0.0	0.25
-0.00022108174744062126	1.0
0.0	0.0
0.0	0.0
0.0	1.0
-0.0008233370026573539	0.0
0.0	1.0
0.0	1.0
-1.1460284440545365e-05	1.0
0.0	1.0
0.0	0.3333333333333333
0.0	1.0
-1.1403245480323676e-05	0.0
0.0	1.0
0.0	1.0
-9.345237049274147e-05	0.19696969696969696
-2.0887920982204378e-05	1.0
-0.0007568122236989439	1.0
0.0	1.0
0.0	1.0
-4.283920497982763e-05	0.0
0.0	1.0
0.0	1.0
0.0	1.0
0.0	1.0
-5.551984827434353e-07	1.0
-3.063250915147364e-07	1.0
0.0	1.0
0.0	1.0
0.0	1.0
-0.011446739546954632	0.0
-0.00012524976045824587	1.0
-2.086246240651235e-06	1.0
0.0	0.0
0.0	1.0
0.0	1.0
-0.00043102880590595305	1.0
0.0	1.0
0.0	1.0
0.0	1.0
0.0	1.0
0.0	1.0
-0.001566056627780199	1.0
0.0	1.0
0.0	1.0
0.0	1.0
-0.00016297151159960777	1.0
0.0	1.0
-5.3281545842054356e-11	1.0
0.0	1.0
-2.5367227863171138e-05	1.0
0.0	1.0
-0.00014457690122071654	1.0
0.0	1.0
-5.010896074963966e-06	1.0
-4.7904417442623526e-05	1.0
-0.000833501573652029	0.05555555555555555
0.0	1.0
0.0	1.0
0.0	1.0
0.0	0.0
0.0	1.0
0.0	1.0
-0.05000239238142967	0.0
0.0	0.0
-0.000410432432545349	1.0
0.0	1.0
0.0	1.0
0.0	0.8411602209944752
-0.004098030272871256	1.0
0.0	0.0
0.0	1.0
0.0	1.0
0.0	0.0
-2.4138671506079845e-05	1.0
0.0	1.0
0.0	1.0
0.0	1.0
-7.663486485398607e-07	1.0
-0.0004958520294167101	1.0
0.0	1.0
0.0	1.0
0.0	1.0
0.0	0.0
-1.3506411960406695e-05	1.0
0.0	1.0
-5.907536126947832e-10	1.0
0.0	1.0
-1.0738100172602572e-05	1.0
-0.001792285474948585	0.44680851063829785
0.0	1.0
0.0	1.0
0.0	1.0
0.0	1.0
-2.3713807877356885e-06	1.0
0.0	1.0
0.0	1.0
0.0	1.0
0.0	0.0425531914893617
-0.004125282168388367	0.2857142857142857
-2.8442258553695865e-05	1.0
-0.00018734594050329179	1.0
-2.7586215765040834e-06	0.0
0.0	1.0
-0.0004870488482993096	1.0
0.0	1.0
0.0	1.0
0.0	1.0
-1.912155767058721e-06	1.0
-2.4976134938015093e-08	1.0
