0.0	1.0
-0.00021412949718069285	1.0
-2.05238120543072e-05	1.0
0.0	1.0
0.0	1.0
-1.8182397980126552e-05	1.0
0.0	0.0
0.0	1.0
0.0	1.0
0.0	1.0
-0.007962774485349655	0.0
0.0	0.0
0.0	0.4594594594594595
-0.016536997631192207	0.0
0.0	0.0
0.0	1.0
0.0	1.0
-0.010104889050126076	0.0
0.0	1.0
0.0	0.0
0.0	1.0
-1.9380221039089207e-10	1.0
-0.0016212464543059468	1.0
0.0	1.0
-8.292706183965493e-07	1.0
-0.0006164395599626005	1.0
0.0	1.0
0.0	1.0
-4.621895310918944e-09	1.0
0.0	1.0
-8.071729826042429e-05	1.0
-0.0025687702000141144	1.0
-1.3723870928572524e-08	1.0
0.0	1.0
-3.6304791137808934e-05	1.0
0.0	0.19827586206896552
-0.0035089098382741213	0.010309278350515464
0.0	0.2
0.0	1.0
-0.0002065686567220837	1.0
0.0	1.0
0.0	1.0
-0.00012154992145951837	1.0
0.0	0.0
0.0	1.0
0.0	1.0
0.0	1.0
0.0	1.0
0.0	1.0
-2.0932519362304447e-07	0.0
-1.4362638856013632e-09	1.0
0.0	1.0
-0.001029395847581327	0.0
0.0	0.8372093023255814
-1.2960167878120488e-12	0.0
0.0	1.0
-0.00322728487662971	0.21505376344086022
-1.3031175285505014e-06	1.0
-0.006600738503038883	0.0
0.0	0.0
0.0	0.0
0.0	0.0
0.0	1.0
0.0	1.0
0.0	0.0
-2.5978364424916744e-12	1.0
0.0	1.0
0.0	1.0
0.0	1.0
-9.332416084362194e-05	1.0
0.0	1.0
0.0	1.0
0.0	1.0
0.0	1.0
0.0	0.8517397881996974
0.0	1.0
0.0	1.0
0.0	1.0
0.0	1.0
-2.3913391942187445e-06	0.0
0.0	1.0
-3.544377985553737e-11	1.0
0.0	1.0
-0.00010809853847604245	1.0
0.0	1.0
0.0	1.0
0.0	1.0
-0.0009488949435763061	1.0
0.0	1.0
0.0	1.0
0.0	0.0
-0.0004120588710065931	1.0
0.0	1.0
0.0	1.0
0.0	1.0
0.0	0.0
-0.0005783176166005433	1.0
0.0	1.0
-6.4859623307711445e-06	1.0
0.0	0.0
0.0	1.0
0.0	1.0
-0.022753914818167686	0.5409836065573771
0.0	1.0
-0.00015339365927502513	1.0
0.0	1.0
-0.00047712819650769234	1.0
0.0	1.0
0.0	0.71875
0.0	1.0
0.0	1.0
-7.812246622052044e-06	1.0
0.0	1.0
0.0	1.0
-7.400720642181113e-05	1.0
-0.0007811343530192971	1.0
0.0	1.0
0.0	0.0
-2.97513761324808e-05	1.0
-0.0003726645081769675	1.0
-0.0012453757226467133	1.0
-3.95364577343571e-06	1.0
-0.00010129442671313882	0.0
-0.00037297248491086066	1.0
0.0	1.0
0.0	1.0
0.0	1.0
-1.0679078513931017e-05	1.0
0.0	1.0
-3.899351213476621e-06	1.0
0.0	1.0
0.0	1.0
0.0	1.0
0.0	1.0
0.0	1.0
0.0	1.0
0.0	0.0
-1.1424386014025761e-13	0.17391304347826086
0.0	0.06451612903225806
0.0	1.0
0.0	1.0
0.0	1.0
-6.722511898260564e-05	1.0
0.0	1.0
-0.00015228950360324234	0.0
0.0	1.0
0.0	1.0
-1.8354581188262387e-09	0.0
0.0	1.0
0.0	0.0
0.0	1.0
0.0	1.0
0.0	1.0
-1.765748493198771e-06	1.0
0.0	1.0
0.0	1.0
0.0	1.0
-8.924389840103686e-05	1.0
-3.780797487706877e-05	1.0
-1.1496651950437808e-06	1.0
0.0	0.0
0.0	0.0
-7.343616744037718e-05	1.0
0.0	1.0
-0.000441068725194782	1.0
0.0	1.0
0.0	0.0
0.0	1.0
0.0	1.0
0.0	0.07142857142857142
0.0	1.0
0.0	1.0
0.0	1.0
0.0	1.0
-5.326068276190199e-05	1.0
-2.47124803259835e-11	0.02702702702702703
0.0	1.0
0.0	1.0
0.0	1.0
0.0	0.0
-2.282786590512842e-05	1.0
0.0	1.0
0.0	1.0
0.0	1.0
0.0	1.0
0.0	0.0
0.0	1.0
-0.0012547130463644862	1.0
-0.004660123959183693	0.0
0.0	1.0
-0.00016293958469759673	1.0
0.0	1.0
0.0	1.0
0.0	1.0
0.0	1.0
0.0	0.0
0.0	0.0
0.0	1.0
0.0	1.0
0.0	1.0
0.0	0.0
-0.0003106421499978751	0.7931034482758621
0.0	1.0
0.0	1.0
0.0	1.0
0.0	1.0
-4.782274118042551e-05	1.0
0.0	1.0
-0.053336627781391144	0.08695652173913043
0.0	1.0
-9.804603905649856e-05	1.0
0.0	1.0
0.0	1.0
0.0	1.0
0.0	1.0
0.0	1.0
0.0	1.0
-4.1603113315469287e-11	1.0
0.0	1.0
0.0	1.0
-2.6644524041330442e-05	0.0
0.0	1.0
0.0	1.0
0.0	0.0
0.0	0.4177215189873418
0.0	1.0
0.0	0.0
-0.0004008202813565731	1.0
0.0	1.0
0.0	1.0
0.0	1.0
0.0	0.0
0.0	1.0
0.0	1.0
0.0	1.0
0.0	0.0
-0.006665656343102455	0.0
0.0	1.0
0.0	0.0
-0.005222103092819452	0.0
0.0	1.0
-0.00045834234333597124	1.0
0.0	0.0
-1.600940049684141e-05	1.0
-0.0004825125797651708	1.0
0.0	1.0
0.0	1.0
-0.00010322711750632152	1.0
-4.772407464770367e-06	0.0
0.0	1.0
0.0	1.0
0.0	1.0
-5.325645702214388e-07	1.0
-0.0007198172970674932	1.0
-0.00024308892898261547	0.0
0.0	1.0
0.0	1.0
0.0	1.0
0.0	0.1891891891891892
0.0	1.0
0.0	1.0
0.0	1.0
-0.0002612604293972254	1.0
0.0	1.0
0.0	1.0
-0.0019160124938935041	0.6336633663366337
0.0	1.0
-2.89640911432798e-06	1.0
0.0	0.0
0.0	1.0
0.0	1.0
0.0	1.0
-1.2694949536040667e-09	1.0
0.0	1.0
-0.00043106728116981685	1.0
0.0	1.0
0.0	1.0
0.0	1.0
-4.7002166070342355e-07	1.0
0.0	1.0
0.0	1.0
-5.977414616609167e-07	1.0
0.0	1.0
0.0	1.0
0.0	1.0
0.0	1.0
0.0	1.0
-6.430449957406381e-06	1.0
0.0	1.0
0.0	1.0
0.0	0.0
-0.0005783010274171829	1.0
0.0	1.0
0.0	1.0
0.0	1.0
-5.480598247231683e-06	1.0
-3.056042260141112e-05	1.0
0.0	1.0
0.0	1.0
0.0	1.0
0.0	1.0
-0.03573032468557358	0.0
0.0	1.0
-1.2608001043190598e-07	1.0
-0.00010547748388489708	0.0
-9.495166887063533e-05	1.0
0.0	1.0
-7.1194112933881115e-06	1.0
-0.0001362754701403901	1.0
0.0	1.0
0.0	1.0
-0.0016774412943050265	0.0821917808219178
0.0	1.0
-8.425098726311253e-13	1.0
0.0	1.0
0.0	1.0
0.0	1.0
0.0	1.0
0.0	0.1206896551724138
0.0	1.0
0.0	0.7699115044247787
0.0	1.0
-0.0007660383707843721	1.0
-0.0010162008693441749	0.0
-3.942541752621764e-06	1.0
-7.150121746235527e-06	1.0
0.0	0.0
0.0	1.0
0.0	1.0
-4.245458455898188e-07	0.0
0.0	1.0
0.0	1.0
0.0	1.0
0.0	1.0
0.0	1.0
-0.0002898531383834779	1.0
-6.776976806577295e-05	1.0
0.0	1.0
-8.380687177123036e-06	1.0
-2.0160704217175862e-09	1.0
0.0	1.0
-1.8707140725382487e-08	0.1087866108786611
-0.0014645509654656053	1.0
0.0	1.0
0.0	1.0
0.0	1.0
-0.0004261022841092199	1.0
-0.005309085827320814	0.0
-5.073911779618356e-06	0.05263157894736842
0.0	1.0
-1.8068116958147584e-07	1.0
-0.00036500784335657954	0.0
-4.443283216915006e-07	0.29411764705882354
0.0	1.0
0.0	1.0
-1.2822140888602007e-05	1.0
0.0	1.0
-6.979433237574995e-05	1.0
0.0	1.0
-1.2086975686997903e-07	1.0
0.0	1.0
0.0	0.0
-0.000824727991130203	1.0
0.0	1.0
-0.00011161372094647959	1.0
0.0	1.0
0.0	1.0
0.0	1.0
0.0	0.0
-0.001230416470207274	0.0
0.0	0.6831683168316832
0.0	1.0
-7.628370440215804e-06	1.0
0.0	1.0
-6.620999192818999e-05	0.1111111111111111
-0.00010495296737644821	1.0
0.0	1.0
-7.637049566255882e-05	1.0
-0.009682848118245602	0.0
0.0	1.0
-1.1193782256668783e-06	1.0
-2.7671090720104985e-05	1.0
0.0	1.0
0.0	1.0
0.0	1.0
0.0	1.0
0.0	1.0
-0.004794832784682512	0.0
0.0	1.0
0.0	1.0
0.0	0.32142857142857145
-7.412965175035424e-08	0.45
0.0	1.0
0.0	1.0
-0.0003153694560751319	1.0
0.0	1.0
-0.010720731690526009	0.0
0.0	1.0
-1.426825110684149e-05	1.0
-0.0022944489028304815	0.17857142857142858
-6.603185624953767e-07	1.0
0.0	1.0
0.0	1.0
-0.00035829117405228317	1.0
0.0	1.0
0.0	0.375
0.0	1.0
-1.183947915706085e-05	0.7307692307692307
0.0	0.0
0.0	0.0
-6.208354534464888e-06	0.4270833333333333
0.0	1.0
-0.00010802117321873084	1.0
0.0	1.0
0.0	1.0
-3.834485323750414e-05	1.0
0.0	1.0
0.0	1.0
0.0	1.0
0.0	1.0
0.0	1.0
0.0	1.0
-0.003351424587890506	1.0
0.0	1.0
0.0	1.0
0.0	1.0
-8.139365672832355e-05	1.0
0.0	1.0
0.0	1.0
0.0	1.0
0.0	1.0
-0.0007663008873350918	0.5945945945945946
0.0	1.0
0.0	1.0
0.0	1.0
0.0	1.0
0.0	0.11023622047244094
0.0	0.0
0.0	1.0
0.0	1.0
0.0	1.0
-0.04959704354405403	0.0
0.0	1.0
-7.492114377782855e-07	0.0
0.0	1.0
-0.0008530867635272443	0.0
0.0	0.0
-9.705729098641314e-06	1.0
0.0	1.0
-8.84098990354687e-05	1.0
0.0	1.0
0.0	1.0
0.0	1.0
0.0	1.0
-6.818472002290132e-12	0.0
-0.00037420305307023227	1.0
-0.002037232741713524	0.0
-8.452642759948503e-06	1.0
0.0	1.0
-6.18714329903014e-05	1.0
0.0	1.0
0.0	1.0
0.0	1.0
0.0	1.0
0.0	1.0
-1.5879802504059626e-06	0.4594594594594595
-0.000145993908517994	1.0
0.0	1.0
0.0	1.0
0.0	1.0
0.0	1.0
0.0	1.0
-2.5784835088416003e-05	1.0
-1.262683690583799e-05	1.0
-0.0012255095643922687	0.0
0.0	1.0
0.0	1.0
0.0	0.0
0.0	1.0
-0.0015121045289561152	0.0
-0.004625881556421518	0.0
0.0	0.0
-3.247787105919997e-08	1.0
-0.000272644916549325	1.0
0.0	1.0
-1.5327971780720873e-08	1.0
0.0	1.0
0.0	1.0
0.0	0.0
-2.2823421659268206e-06	0.631578947368421
0.0	1.0
0.0	1.0
0.0	1.0
0.0	1.0
0.0	0.0
0.0	0.04
0.0	1.0
-4.461373828235082e-05	0.05
-2.86648878500273e-06	1.0
0.0	1.0
0.0	1.0
0.0	1.0
0.0	1.0
-0.0011608245549723506	0.3235294117647059
0.0	1.0
0.0	0.0
0.0	0.0
-7.047121016512392e-06	1.0
0.0	1.0
0.0	1.0
0.0	1.0
-5.677488701394395e-08	1.0
0.0	1.0
-2.4063153887254884e-06	1.0
-0.017794176936149597	0.25316455696202533
0.0	1.0
-4.3160525819985196e-08	1.0
0.0	0.0
0.0	1.0
0.0	1.0
0.0	1.0
0.0	1.0
-1.696142862783745e-05	1.0
-2.7801313535746885e-06	1.0
-5.022502227802761e-05	1.0
-0.000329185655573383	1.0
0.0	1.0
0.0	1.0
-7.231020572362468e-05	1.0
-1.5008827176643535e-06	1.0
0.0	1.0
0.0	0.0
0.0	1.0
0.0	1.0
0.0	0.0
-3.386319076525979e-05	1.0
0.0	1.0
0.0	1.0
0.0	1.0
-3.321843078385456e-10	1.0
0.0	0.0
0.0	1.0
-3.544875681882331e-08	1.0
0.0	1.0
-1.7788950401609327e-07	1.0
0.0	1.0
0.0	1.0
0.0	0.05263157894736842
-0.001785081927664578	0.0
0.0	1.0
0.0	1.0
0.0	1.0
0.0	0.0
-7.078662019921467e-05	0.12222222222222222
-1.2114150194975082e-05	1.0
0.0	1.0
0.0	1.0
-3.4072228372039604e-10	0.0
0.0	1.0
-3.065791315748356e-05	1.0
-7.410728812828893e-07	1.0
-0.00011223160254303366	0.0
0.0	1.0
0.0	1.0
0.0	1.0
0.0	0.0
