-3.872382421832299e-06	1.0
0.0	1.0
-4.933167019771645e-06	1.0
0.0	1.0
-0.002726396545767784	0.0
0.0	1.0
0.0	1.0
-0.0003077471337746829	1.0
0.0	0.6756756756756757
0.0	1.0
-3.5560049127525417e-06	1.0
-0.000321815226925537	0.014285714285714285
-2.393700196989812e-05	1.0
-1.4876189169399368e-08	1.0
-0.00287040532566607	0.0
0.0	1.0
-1.537462480882823e-06	0.8021978021978022
0.0	0.7142857142857143
-0.00042203060002066195	1.0
-4.695836832979694e-05	1.0
-4.878429081145441e-06	1.0
-2.8695504639131286e-08	1.0
-2.090649832098279e-05	1.0
-7.299558433260245e-07	0.8823529411764706
0.0	1.0
0.0	1.0
0.0	1.0
-2.059098278550664e-07	1.0
0.0	1.0
0.0	0.0
0.0	1.0
-5.575680137387341e-16	0.0
0.0	1.0
-0.00039808955625630915	1.0
0.0	1.0
-8.462683035759255e-05	1.0
-7.527556590503082e-05	1.0
0.0	1.0
0.0	1.0
0.0	0.0
-4.002215852699992e-15	1.0
0.0	1.0
0.0	1.0
0.0	0.0
-0.0007903539226390421	1.0
-1.203819351758284e-06	1.0
-0.001885600620880723	1.0
0.0	1.0
-2.5077365535253193e-06	1.0
0.0	0.25252525252525254
0.0	0.0
0.0	0.3128205128205128
0.0	1.0
-0.0018492410890758038	1.0
0.0	0.02666666666666667
0.0	1.0
0.0	1.0
0.0	1.0
-3.713200158017571e-06	1.0
0.0	1.0
-5.076254561554687e-14	1.0
0.0	0.02040816326530612
0.0	0.0
0.0	1.0
-2.08398560630485e-08	1.0
0.0	0.0
0.0	1.0
-1.625576442165766e-05	1.0
-0.0017525563016533852	1.0
0.0	0.10909090909090909
0.0	1.0
-0.0019673635251820087	1.0
-4.931127477902919e-05	0.1179245283018868
0.0	1.0
0.0	1.0
-3.541979822330177e-05	1.0
0.0	0.018518518518518517
0.0	1.0
-2.4286458938149735e-05	1.0
-1.980640433885128e-07	0.0
-0.00099820492323488	1.0
-0.00043004227336496115	0.0
0.0	0.0
-0.0003622608201112598	1.0
-5.476422666106373e-05	1.0
-0.0026965918950736523	1.0
0.0	1.0
0.0	1.0
0.0	1.0
0.0	0.0
-2.195790148107335e-05	0.09090909090909091
0.0	1.0
0.0	1.0
-3.2748539990912207e-11	1.0
-0.0004267894837539643	1.0
0.0	0.0
0.0	1.0
-4.8352954763686284e-05	1.0
0.0	1.0
0.0	1.0
-0.0018277030903846025	1.0
-0.00017544682486914098	1.0
-0.0005630846717394888	1.0
-8.593246114685371e-09	1.0
-0.0034447810612618923	0.0
-0.00032023133826442063	0.6133828996282528
-7.561952202195243e-07	0.08333333333333333
0.0	1.0
0.0	1.0
0.0	1.0
-4.337832433520816e-05	1.0
0.0	1.0
0.0	0.25
0.0	0.0
0.0	1.0
0.0	0.0
0.0	1.0
0.0	1.0
0.0	1.0
-0.0005228937370702624	1.0
-7.25398479062278e-08	0.5714285714285714
0.0	1.0
0.0	1.0
0.0	1.0
0.0	1.0
0.0	1.0
-1.1478040562451497e-07	1.0
-0.00020147196482867002	1.0
0.0	1.0
0.0	1.0
-2.5361105144838803e-05	1.0
0.0	1.0
-1.35924338451332e-09	1.0
0.0	1.0
0.0	0.0
0.0	1.0
0.0	1.0
0.0	1.0
0.0	1.0
-1.0814971140860052e-08	1.0
0.0	1.0
0.0	1.0
0.0	1.0
0.0	0.0
0.0	1.0
0.0	1.0
-7.146471716623637e-07	1.0
-0.00012530449021141976	1.0
-0.0016397698782384396	1.0
-0.0074253263883292675	0.0
0.0	1.0
-1.9625723268745787e-09	1.0
-3.890018263064121e-08	1.0
0.0	1.0
0.0	1.0
0.0	1.0
0.0	1.0
0.0	0.14285714285714285
0.0	1.0
-7.042420475045219e-05	1.0
-2.071196604447323e-06	0.0
0.0	1.0
0.0	1.0
0.0	1.0
0.0	1.0
0.0	1.0
-0.00235176389105618	1.0
0.0	1.0
0.0	1.0
0.0	1.0
0.0	1.0
0.0	1.0
-0.00010157872748095542	1.0
-4.555833220365457e-05	1.0
-6.084140125039994e-08	1.0
-6.472718087024987e-05	1.0
0.0	1.0
0.0	1.0
0.0	1.0
-0.0012145014479756355	0.03571428571428571
0.0	1.0
-0.0019166930578649044	1.0
0.0	1.0
-0.0008515954832546413	1.0
-3.8931160378785634e-11	0.0
-0.008097737096250057	0.0
0.0	0.01282051282051282
0.0	1.0
0.0	1.0
-0.0007066598627716303	1.0
0.0	1.0
0.0	1.0
-1.4396146070794202e-06	1.0
-0.00013534647587221116	0.023809523809523808
-0.0001637693349039182	1.0
-0.0005112291546538472	1.0
0.0	1.0
0.0	1.0
0.0	1.0
0.0	0.08333333333333333
0.0	0.16831683168316833
0.0	1.0
0.0	0.12244897959183673
0.0	0.0
-6.616845960039086e-10	1.0
0.0	1.0
-2.215554195572622e-05	1.0
-3.670023313029347e-11	1.0
-0.013606434687972069	0.0
0.0	1.0
0.0	1.0
0.0	1.0
0.0	1.0
0.0	1.0
0.0	1.0
0.0	1.0
0.0	1.0
0.0	1.0
0.0	0.0
-0.0004381093312986195	1.0
-4.7207794295900385e-07	1.0
-8.292438906210009e-06	1.0
0.0	0.0
0.0	1.0
-0.0006922581815160811	1.0
0.0	0.0
0.0	1.0
-6.549216209350561e-07	1.0
-1.2582365371827109e-08	0.0
-1.0412297797302017e-06	1.0
0.0	1.0
-6.109604555604164e-08	1.0
0.0	1.0
0.0	1.0
0.0	1.0
0.0	1.0
-0.0004681246937252581	1.0
-7.534939504694194e-05	1.0
0.0	0.0
-0.00032121920958161354	0.07142857142857142
-0.00012786529259756207	1.0
0.0	1.0
0.0	1.0
-0.00015831427299417555	1.0
-3.480884697637521e-05	1.0
0.0	0.0
0.0	1.0
-6.201030919328332e-05	0.0
-0.0024555157870054245	1.0
-2.1647314497386105e-05	1.0
0.0	1.0
0.0	1.0
-0.035529229789972305	0.10256410256410256
-0.0004035749298054725	1.0
-0.002226422308012843	0.07407407407407407
-0.06802260130643845	0.0
0.0	0.0
0.0	1.0
0.0	0.55
0.0	1.0
-0.028987405821681023	0.1951219512195122
0.0	1.0
-0.020509805530309677	0.13513513513513514
-2.527997651213809e-07	1.0
0.0	1.0
0.0	1.0
-0.00013463367940858006	1.0
-2.4725066396058537e-05	1.0
-0.0029634374659508467	0.0
0.0	0.0
-0.017886001616716385	0.0
-0.011450450867414474	0.0
-1.8390663171885535e-05	1.0
0.0	1.0
-2.0543097889458295e-07	1.0
-7.912874934845604e-06	0.0
0.0	0.0
0.0	1.0
-0.0010233345674350858	1.0
0.0	1.0
0.0	1.0
0.0	0.2127659574468085
-0.0009046067716553807	1.0
-0.0003759076353162527	1.0
-6.161777127999812e-05	1.0
0.0	1.0
-9.568628229317255e-06	1.0
-2.6223775421385653e-05	1.0
0.0	1.0
0.0	1.0
-0.002277801977470517	1.0
0.0	1.0
0.0	1.0
0.0	1.0
0.0	1.0
0.0	1.0
0.0	1.0
0.0	1.0
0.0	1.0
0.0	1.0
-7.741708031971939e-06	1.0
-6.515315931210353e-08	1.0
0.0	1.0
0.0	1.0
-6.383112349794828e-07	0.125
0.0	1.0
0.0	1.0
-0.00047770809032954276	1.0
0.0	1.0
0.0	1.0
0.0	1.0
0.0	1.0
-8.599833734024287e-09	1.0
-8.257522858912125e-05	1.0
0.0	1.0
0.0	0.0
0.0	1.0
0.0	0.0
0.0	1.0
0.0	1.0
0.0	1.0
0.0	1.0
-3.318622839287855e-05	1.0
0.0	1.0
-8.892459391063312e-08	1.0
0.0	0.0
0.0	1.0
0.0	1.0
0.0	1.0
-0.0002164437755709514	0.06493506493506493
0.0	1.0
-1.075195996236289e-05	1.0
0.0	1.0
-0.00010844499774975702	1.0
0.0	1.0
-0.0008935273508541286	1.0
0.0	1.0
0.0	0.0
0.0	0.06818181818181818
0.0	1.0
0.0	0.09523809523809523
0.0	1.0
-3.828262833849294e-06	1.0
0.0	1.0
0.0	0.0
-3.681041926029138e-05	1.0
0.0	0.0
0.0	1.0
-0.00019663319108076394	0.0
0.0	1.0
-0.001563601428642869	1.0
0.0	1.0
-1.7540785847813822e-05	1.0
0.0	1.0
0.0	1.0
0.0	1.0
-5.5415443966921885e-06	1.0
-0.016376497223973274	0.0
0.0	0.0
-6.969968671910465e-05	1.0
-1.6562526070629247e-05	1.0
0.0	1.0
0.0	1.0
0.0	1.0
-4.30281261287746e-07	1.0
-6.05700378741858e-08	1.0
-0.0006056715501472354	1.0
-0.002193351974710822	1.0
-2.8110964649386005e-06	1.0
0.0	1.0
0.0	1.0
-3.9475185786841394e-08	0.0
-0.0022777088452130556	1.0
0.0	1.0
0.0	1.0
0.0	0.4117647058823529
0.0	1.0
0.0	1.0
-2.7509950086823665e-05	1.0
-0.00012562907068058848	1.0
0.0	1.0
0.0	1.0
0.0	1.0
0.0	1.0
0.0	1.0
0.0	1.0
0.0	1.0
0.0	0.5569620253164557
-0.0019712145440280437	0.5949367088607594
-0.0005023105768486857	1.0
0.0	1.0
0.0	1.0
0.0	1.0
0.0	1.0
0.0	0.038461538461538464
0.0	1.0
-3.839144483208656e-06	1.0
-4.2464559868449214e-08	1.0
0.0	1.0
0.0	1.0
0.0	1.0
-0.0002863713016267866	1.0
-8.350649295607582e-06	1.0
0.0	1.0
-0.001439206302165985	0.0
-1.041586994432464e-08	1.0
-0.00021529043442569673	1.0
-0.0007412247359752655	1.0
0.0	1.0
0.0	1.0
-0.0037007166538387537	0.05813953488372093
-3.282235638835118e-07	1.0
0.0	1.0
-5.761895590694621e-05	1.0
-0.00192114373203367	0.0
0.0	1.0
0.0	1.0
0.0	1.0
0.0	0.1951219512195122
0.0	0.27835051546391754
-1.8180807046519476e-06	1.0
-0.0028821604792028666	0.0
-5.962027353234589e-05	0.0
-6.73828471917659e-05	0.4090909090909091
-1.1207743446425139e-14	1.0
0.0	1.0
0.0	1.0
-0.0009218025952577591	1.0
0.0	1.0
0.0	1.0
0.0	1.0
0.0	0.17857142857142858
0.0	1.0
0.0	1.0
-5.0899976486107334e-05	1.0
-0.006479950156062841	0.0
-0.00513870595023036	0.0
0.0	1.0
0.0	1.0
0.0	1.0
0.0	1.0
0.0	1.0
0.0	1.0
-9.06180139281787e-05	1.0
0.0	1.0
0.0	1.0
-0.0008195224218070507	1.0
0.0	0.08673469387755102
0.0	1.0
0.0	1.0
0.0	1.0
0.0	1.0
-0.00018733026809059083	1.0
0.0	1.0
-0.0001256148680113256	1.0
-2.9366491877125256e-11	0.8571428571428571
0.0	1.0
-0.00035304107586853206	1.0
0.0	1.0
-1.9792592865996994e-05	0.0
0.0	1.0
0.0	0.13725490196078433
0.0	0.0
0.0	1.0
0.0	1.0
0.0	1.0
-0.0001764551125233993	0.17482517482517482
0.0	1.0
0.0	1.0
0.0	1.0
-0.00020672180107794702	1.0
0.0	1.0
-4.1709330433903347e-10	1.0
0.0	1.0
0.0	1.0
0.0	0.0
-0.00096611597109586	1.0
-6.573462087544613e-06	1.0
0.0	0.0
0.0	1.0
0.0	1.0
-6.0627418861258775e-05	1.0
0.0	1.0
0.0	1.0
-2.4475409645674517e-06	1.0
0.0	1.0
0.0	1.0
0.0	0.0641025641025641
-0.0008575142710469663	1.0
0.0	1.0
0.0	1.0
-2.4553859475417994e-05	0.0
0.0	1.0
0.0	1.0
0.0	1.0
-6.97129742821545e-10	1.0
0.0	1.0
-4.925688585899479e-07	0.0
0.0	1.0
0.0	1.0
-0.036033645272254944	0.0
