0.0	1.0
0.0	1.0
0.0	0.0
-2.2123980425448053e-09	1.0
0.0	1.0
-0.0001716571132419631	1.0
-0.0011416937923058867	1.0
-0.007954789325594902	0.0
0.0	1.0
-0.0008692589472047985	0.0
0.0	1.0
0.0	1.0
0.0	1.0
0.0	1.0
-1.965541951420846e-09	0.0
0.0	1.0
0.0	1.0
-1.652266291785054e-05	1.0
-2.7996527933282778e-05	1.0
0.0	1.0
0.0	1.0
-3.3760821915862493e-10	1.0
0.0	1.0
0.0	0.0
0.0	1.0
0.0	1.0
0.0	0.0
0.0	1.0
0.0	1.0
0.0	1.0
0.0	1.0
0.0	0.0
-0.00011684973287628964	1.0
0.0	0.48125
0.0	0.0
0.0	0.0
0.0	1.0
-3.7242820383198705e-08	0.0
0.0	1.0
0.0	1.0
-0.0022479661274701357	1.0
-3.345581717439927e-05	1.0
0.0	1.0
0.0	1.0
-8.636577695142478e-05	1.0
-0.00015701762458775192	1.0
0.0	1.0
-0.001625687233172357	1.0
0.0	1.0
0.0	1.0
-0.00046961542102508247	1.0
0.0	1.0
-3.712117557785888e-10	1.0
-0.0009609146509319544	1.0
0.0	1.0
-0.00010065496462630108	1.0
0.0	1.0
-0.0007125716074369848	1.0
-0.0017867847345769405	1.0
-3.6758849436546726e-11	0.2
0.0	1.0
0.0	0.0
0.0	1.0
-4.3109579564770684e-05	0.20689655172413793
0.0	0.0
-4.288242507755058e-06	1.0
-3.0537419381387876e-12	1.0
0.0	1.0
0.0	1.0
0.0	1.0
0.0	1.0
-4.348140336674078e-08	1.0
0.0	1.0
0.0	1.0
0.0	1.0
0.0	1.0
0.0	1.0
-7.481250941054896e-05	1.0
-0.00017987725732382387	0.0
-2.28654062084388e-05	0.0
0.0	1.0
0.0	1.0
0.0	0.5454545454545454
0.0	1.0
-0.00011861295206472278	1.0
0.0	1.0
0.0	1.0
0.0	1.0
0.0	1.0
0.0	1.0
0.0	1.0
0.0	1.0
0.0	1.0
-5.529084228328429e-05	1.0
0.0	0.0
0.0	1.0
0.0	1.0
-4.344801345723681e-05	1.0
0.0	1.0
0.0	1.0
-1.5218438420561142e-07	1.0
-0.0008798926137387753	1.0
0.0	1.0
-0.00040756340604275465	1.0
0.0	0.18181818181818182
0.0	1.0
0.0	1.0
0.0	0.0
0.0	1.0
0.0	1.0
0.0	1.0
-2.062090061372146e-06	1.0
-4.352930016437995e-09	1.0
-0.0002334832097403705	1.0
0.0	0.0
-0.0008791688014753163	1.0
0.0	0.0
-9.778374078450724e-06	1.0
0.0	1.0
0.0	1.0
0.0	1.0
0.0	1.0
-0.0014625897165387869	1.0
0.0	1.0
-9.06971217773389e-06	1.0
0.0	1.0
0.0	1.0
0.0	1.0
0.0	0.9523809523809523
0.0	1.0
0.0	1.0
-2.7462849702675207e-11	1.0
0.0	1.0
-0.0017970995977520943	0.15625
-3.4639950285964005e-07	1.0
-1.340765356871998e-05	1.0
0.0	1.0
0.0	0.0
0.0	1.0
0.0	1.0
0.0	1.0
0.0	1.0
-0.010851345956325531	0.3333333333333333
0.0	0.0
-1.361356822826565e-07	1.0
-0.0005778723279945552	0.48
-4.1505250010231975e-06	1.0
-1.2186672782021901e-09	0.30666666666666664
0.0	0.0
0.0	1.0
0.0	1.0
0.0	1.0
-0.0007978017092682421	1.0
-6.347135261819403e-09	1.0
-1.2206496649014298e-05	0.0
-0.00024620527983643115	0.20707070707070707
-0.001765669439919293	0.0
0.0	0.0
0.0	0.3684210526315789
-5.329398700126831e-09	1.0
-0.00026061703101731837	0.41304347826086957
0.0	1.0
0.0	1.0
-7.180639386206167e-06	1.0
0.0	1.0
0.0	1.0
-0.0002671913243830204	1.0
0.0	1.0
0.0	1.0
0.0	0.0
-2.8338538932993297e-20	1.0
-0.0014882778050377965	1.0
-0.00024229146947618574	1.0
-1.9232150805237325e-07	1.0
0.0	1.0
0.0	1.0
-8.721207450435031e-06	1.0
0.0	1.0
-0.0013413679553195834	0.0
0.0	1.0
0.0	1.0
-0.04592916741967201	0.0
0.0	1.0
0.0	1.0
0.0	1.0
0.0	0.0
0.0	1.0
0.0	1.0
0.0	1.0
-0.00048288275138475	1.0
-3.135039878543466e-05	0.0
0.0	1.0
-2.6241916202707216e-05	1.0
-0.0001184686116175726	1.0
-0.00015984913625288755	1.0
0.0	1.0
-3.936268255788633e-10	1.0
0.0	1.0
0.0	1.0
-3.60062381332682e-06	1.0
0.0	1.0
0.0	1.0
0.0	1.0
-0.0023867397103458643	1.0
0.0	1.0
-1.2837003460219876e-08	0.0
-0.00011108518083347008	1.0
-0.000745206605643034	1.0
-5.819347279611975e-05	0.13043478260869565
-1.3051099090333196e-09	0.0
0.0	1.0
0.0	0.0
-0.0005956375389359891	0.0
-0.00024346500867977738	1.0
0.0	1.0
-5.938600224908441e-05	1.0
0.0	1.0
-0.0004808870726265013	0.0
0.0	1.0
0.0	1.0
0.0	0.0
0.0	0.0
-1.0428389032313135e-06	1.0
-0.0004957778146490455	1.0
0.0	0.08333333333333333
0.0	1.0
-0.00014456607459578663	1.0
0.0	1.0
0.0	1.0
-1.703596126390039e-07	1.0
-0.0002801415103022009	1.0
0.0	1.0
0.0	1.0
0.0	1.0
0.0	1.0
0.0	1.0
-0.0005832315655425191	0.0
-5.013330861558529e-10	1.0
-1.8221670838869386e-09	1.0
0.0	1.0
0.0	1.0
-1.7185731849167496e-05	1.0
-0.0010238043032586575	1.0
-7.131936399673577e-06	1.0
0.0	1.0
0.0	1.0
0.0	1.0
-0.00024219442275352776	1.0
0.0	1.0
-3.4059198696922977e-06	1.0
0.0	0.0
-7.368142541963607e-05	1.0
0.0	1.0
-0.0008216096321120858	1.0
-1.7527979707665509e-06	1.0
0.0	1.0
0.0	1.0
-1.8885960173520289e-07	1.0
0.0	0.0
0.0	1.0
0.0	1.0
0.0	1.0
0.0	1.0
-1.1374067071301397e-05	0.0
-0.0001621720293769613	0.0
0.0	1.0
-0.0001408240495948121	1.0
-4.438227915670723e-05	1.0
0.0	1.0
-4.81869574286975e-06	1.0
-1.1907719255077609e-08	1.0
-6.392726936610416e-05	1.0
-4.840218181811906e-08	1.0
0.0	1.0
-0.00034832546953111887	1.0
0.0	1.0
0.0	1.0
0.0	0.13559322033898305
-4.1988863586084335e-07	0.0
0.0	1.0
0.0	0.0
0.0	1.0
0.0	1.0
-1.0053667210740969e-05	1.0
0.0	1.0
-4.510578133221088e-09	1.0
0.0	1.0
0.0	1.0
-2.139325943062431e-06	1.0
0.0	1.0
0.0	1.0
-3.840797035081778e-06	0.0
0.0	0.0
0.0	0.0
0.0	0.0
0.0	1.0
-3.135528004349908e-06	1.0
0.0	1.0
0.0	0.20786516853932585
0.0	1.0
0.0	1.0
0.0	1.0
-2.2171636260281957e-07	0.07547169811320754
-1.1481099448928944e-07	1.0
0.0	1.0
0.0	1.0
0.0	1.0
0.0	1.0
-0.024979082867503166	0.0
0.0	1.0
0.0	1.0
-0.0022701360285282135	1.0
0.0	1.0
0.0	1.0
-0.00012310242163948715	1.0
0.0	1.0
0.0	1.0
0.0	1.0
-0.004698611795902252	0.23684210526315788
-0.001148083945736289	1.0
-5.194789082452189e-06	1.0
-0.00013119270442984998	1.0
-0.0015587988309562206	0.0
0.0	1.0
-3.1059968486069067e-10	1.0
0.0	1.0
0.0	1.0
0.0	1.0
0.0	1.0
0.0	1.0
0.0	1.0
0.0	1.0
-0.0012865185271948576	1.0
0.0	1.0
-2.8593308343261015e-06	1.0
0.0	0.3611111111111111
-5.172993144952898e-09	1.0
-2.863127512853225e-09	1.0
-0.00021367943554650992	1.0
0.0	1.0
0.0	1.0
0.0	1.0
-0.014185171574354172	0.0
0.0	1.0
-3.19729297189042e-05	1.0
0.0	1.0
0.0	1.0
0.0	1.0
0.0	0.0
0.0	1.0
0.0	0.7333333333333333
0.0	1.0
0.0	1.0
-0.0011340859346091747	1.0
-1.7101717730838573e-06	1.0
-7.150773308239877e-05	0.0
0.0	1.0
0.0	0.0
-3.6978069601900643e-06	1.0
0.0	1.0
-0.0017068813322111964	0.0
-0.0004197343660052866	1.0
0.0	1.0
-3.0782575777266175e-07	1.0
-6.944550113985315e-05	1.0
-3.8761140075393996e-08	1.0
-0.0008579035056754947	0.21153846153846154
0.0	1.0
0.0	1.0
-0.003470686264336109	1.0
-3.4256477192684542e-06	1.0
0.0	1.0
-2.5866675059660338e-06	1.0
0.0	0.4358974358974359
0.0	1.0
0.0	1.0
0.0	1.0
-4.418567641550908e-06	1.0
0.0	1.0
0.0	1.0
0.0	1.0
0.0	1.0
-7.524280226789415e-05	1.0
0.0	1.0
0.0	1.0
0.0	1.0
-3.0512205739796627e-07	1.0
-4.477450420381501e-05	1.0
0.0	1.0
0.0	1.0
0.0	1.0
-1.3006965104978008e-07	0.0
0.0	1.0
0.0	1.0
0.0	1.0
0.0	0.7972027972027972
-2.925027331457386e-07	1.0
0.0	1.0
0.0	1.0
-0.013935612514615059	0.0
0.0	1.0
0.0	1.0
0.0	1.0
-0.010435887612402439	0.0
0.0	1.0
-0.0010303767630830407	1.0
0.0	1.0
0.0	1.0
0.0	1.0
-3.406655650906032e-06	1.0
-0.00020762659551110119	1.0
-2.406337671345682e-06	1.0
0.0	1.0
0.0	1.0
0.0	1.0
0.0	1.0
0.0	1.0
-1.8341964058699034e-10	1.0
-0.001593704568222165	1.0
-9.053231769939885e-05	0.0
0.0	1.0
-3.5930378317061695e-07	1.0
-6.291481258813292e-05	1.0
0.0	1.0
0.0	1.0
0.0	1.0
0.0	1.0
0.0	1.0
0.0	1.0
0.0	0.0
0.0	0.0
0.0	1.0
0.0	1.0
0.0	1.0
-0.001166730304248631	1.0
0.0	1.0
0.0	1.0
0.0	1.0
-7.624592797406127e-12	1.0
0.0	1.0
-5.861402769369306e-06	1.0
0.0	1.0
0.0	1.0
0.0	1.0
0.0	1.0
-1.3840985302326914e-10	1.0
-1.0603373290507534e-08	1.0
0.0	1.0
-0.0009254434844478965	1.0
-1.200029601022834e-06	1.0
0.0	0.7100591715976331
0.0	0.0
0.0	1.0
0.0	1.0
0.0	1.0
0.0	1.0
0.0	1.0
0.0	1.0
-0.0009844487067312002	0.5392491467576792
-0.0015521796885877848	1.0
-0.0027415479999035597	1.0
0.0	1.0
-0.00011168495984748006	1.0
-4.3012010619847274e-11	1.0
-1.5515177437919192e-05	1.0
-0.031771205365657806	0.0
0.0	1.0
-4.10346281398688e-08	0.35
0.0	0.0
0.0	1.0
0.0	1.0
-0.0007512667216360569	1.0
0.0	1.0
