-0.000596454250626266	1.0
0.0	0.0
0.0	1.0
0.0	1.0
0.0	1.0
-0.000767202174756676	1.0
0.0	1.0
-2.6051377721714175e-10	1.0
0.0	1.0
-0.0246600192040205	0.0
-4.937102403346216e-06	1.0
-9.757284862821586e-16	1.0
0.0	1.0
-0.00036529835779219866	0.0
-2.0764444343512878e-05	1.0
0.0	1.0
0.0	1.0
0.0	0.753731343283582
0.0	1.0
-0.00047042054939083755	1.0
-0.00011989811173407361	1.0
-3.3478230761829764e-05	0.0
0.0	1.0
0.0	1.0
0.0	1.0
-1.3924011454946594e-07	1.0
0.0	1.0
-0.0017305067740380764	1.0
-0.00375736434943974	0.0
0.0	1.0
-0.008303839713335037	0.0
0.0	0.0
0.0	1.0
0.0	1.0
0.0	1.0
-0.053448375314474106	0.0
-0.0012464484898373485	1.0
-0.00017574158846400678	1.0
0.0	1.0
0.0	1.0
0.0	1.0
0.0	1.0
0.0	1.0
-0.0001214419535244815	1.0
0.0	1.0
0.0	1.0
0.0	1.0
-1.563237492518965e-05	1.0
0.0	0.0
0.0	1.0
-0.035699281841516495	0.043478260869565216
-0.0005265638465061784	1.0
0.0	1.0
0.0	1.0
0.0	1.0
-1.7745684317560517e-06	1.0
0.0	1.0
0.0	0.0
-6.087654269570919e-10	0.6779661016949152
0.0	1.0
-0.00016891529958229512	0.5625
0.0	1.0
0.0	1.0
0.0	1.0
0.0	1.0
-0.0006373414071276784	1.0
0.0	1.0
-0.0005498899845406413	1.0
0.0	1.0
0.0	1.0
-4.864572929363931e-06	1.0
-0.017467467114329338	0.08695652173913043
0.0	1.0
0.0	0.0
0.0	1.0
-0.0004969605361111462	1.0
0.0	1.0
-4.323825123719871e-06	1.0
0.0	1.0
0.0	1.0
-1.1148141311423387e-05	1.0
-9.025991857924964e-06	1.0
0.0	1.0
0.0	1.0
0.0	1.0
0.0	1.0
0.0	1.0
0.0	1.0
-2.4712056845288544e-09	1.0
-2.441457036184147e-05	1.0
0.0	1.0
0.0	1.0
-3.845245373668149e-05	1.0
-9.92826244328171e-05	1.0
0.0	1.0
0.0	1.0
-2.528169318338769e-07	1.0
-0.0005650306702591479	1.0
-0.00031659609521739185	0.026706231454005934
0.0	1.0
-2.708802276174538e-05	0.0
-7.538800872453066e-08	1.0
0.0	1.0
0.0	1.0
0.0	1.0
0.0	1.0
-1.106018498830963e-05	1.0
-9.202034334521159e-08	1.0
-0.002118150470778346	1.0
-3.0157523269735975e-06	1.0
-0.044120658189058304	0.0
0.0	1.0
0.0	1.0
0.0	1.0
0.0	1.0
0.0	1.0
-0.0029153593350201845	1.0
-8.49490902510297e-07	1.0
-0.00021584748174063861	1.0
0.0	1.0
0.0	1.0
-0.0005882225814275444	1.0
0.0	1.0
0.0	1.0
-0.0024036152753978968	1.0
0.0	1.0
-0.0007464361260645092	1.0
-0.00015702350356150419	1.0
0.0	1.0
0.0	1.0
0.0	0.0
0.0	1.0
0.0	1.0
-0.000904991349671036	1.0
-0.0001607168815098703	1.0
0.0	0.0
0.0	1.0
0.0	1.0
0.0	1.0
-1.8026959196504322e-06	1.0
0.0	0.31932773109243695
-3.627985689647062e-10	1.0
0.0	1.0
0.0	1.0
0.0	1.0
-0.0005445150891318917	0.0
0.0	1.0
-0.0002350699360249564	0.8666666666666667
-7.527188427047804e-05	1.0
0.0	1.0
0.0	1.0
-0.0004473473527468741	0.0
0.0	1.0
-1.1395784760281913e-08	1.0
0.0	1.0
0.0	1.0
0.0	1.0
0.0	0.0
-1.8334705600864254e-05	0.0
0.0	1.0
0.0	1.0
-1.0168987429892695e-08	1.0
0.0	0.9166666666666666
-6.235455657588318e-05	1.0
0.0	1.0
0.0	1.0
0.0	1.0
0.0	1.0
0.0	0.22916666666666666
0.0	1.0
-0.015537832863628864	0.0
-8.297062777273823e-06	1.0
0.0	1.0
-1.0801358030221309e-06	1.0
-0.0010039842454716563	0.0
-2.030879295489285e-05	1.0
-4.0799175621941686e-05	1.0
-2.1259652024929743e-12	1.0
0.0	1.0
0.0	1.0
0.0	1.0
0.0	1.0
-2.08447161753611e-07	1.0
0.0	1.0
-0.00060972262872383	1.0
-0.0007271684589795768	0.0
0.0	1.0
0.0	1.0
-6.755687564918844e-08	1.0
-0.0003663602110464126	1.0
-5.883873382117599e-05	1.0
0.0	1.0
-4.514915417530574e-06	1.0
-0.0013571802992373705	1.0
-5.014327325625345e-05	1.0
0.0	1.0
0.0	1.0
0.0	1.0
-1.0723310057297354e-16	1.0
-6.878151907585561e-05	0.0
-3.7537625757977366e-05	1.0
0.0	0.0
-0.0005981995491310954	1.0
-4.7494122554780915e-06	1.0
0.0	1.0
0.0	0.0
0.0	0.0
0.0	0.13089005235602094
-0.00023158307885751128	1.0
0.0	1.0
0.0	1.0
-0.0037961783818900585	0.6
-0.0014844703255221248	1.0
-8.966454515757505e-06	1.0
0.0	1.0
0.0	1.0
-3.8056910511841124e-07	1.0
0.0	1.0
0.0	0.0
-0.03163016587495804	0.0
-9.444839577099629e-08	1.0
-0.0018288787687197328	1.0
-0.00013637992378789932	0.0
0.0	1.0
-0.00021724350517615676	1.0
0.0	1.0
-0.0019509783014655113	1.0
0.0	0.0
0.0	1.0
0.0	1.0
0.0	1.0
0.0	1.0
0.0	1.0
-1.8082848328049295e-05	1.0
0.0	1.0
0.0	1.0
0.0	1.0
0.0	1.0
0.0	1.0
-0.00014935591025277972	1.0
0.0	1.0
0.0	1.0
0.0	1.0
-5.058508122601779e-06	1.0
0.0	1.0
0.0	1.0
0.0	1.0
-0.0003505738277453929	1.0
-0.015915803611278534	0.0
0.0	1.0
0.0	1.0
0.0	1.0
-0.0012276677880436182	1.0
0.0	0.0
0.0	1.0
0.0	0.0
0.0	1.0
-1.872736277164222e-07	0.0
0.0	1.0
0.0	1.0
-0.00012616968888323754	1.0
0.0	1.0
0.0	1.0
0.0	1.0
-1.2782544445144595e-06	0.09302325581395349
0.0	1.0
-1.7183991076308303e-05	1.0
0.0	1.0
0.0	1.0
0.0	1.0
-0.0023173748049885035	0.0
0.0	1.0
0.0	1.0
0.0	1.0
-0.01641804724931717	0.0
-0.00012754861381836236	0.0
-2.4930923991917098e-09	1.0
0.0	1.0
0.0	1.0
0.0	1.0
-6.886533083161339e-05	1.0
-0.0010493426816537976	1.0
0.0	1.0
-1.6701329514035024e-05	1.0
0.0	1.0
-2.086585845972877e-05	0.0
0.0	0.125
-0.006537167821079493	0.0
0.0	1.0
0.0	1.0
0.0	1.0
-3.684979674289934e-05	1.0
0.0	1.0
-0.0005133887752890587	1.0
0.0	0.9230769230769231
0.0	1.0
0.0	0.0
0.0	1.0
-1.9407752915867604e-06	1.0
0.0	1.0
-0.001332140644080937	0.11627906976744186
0.0	1.0
0.0	1.0
0.0	1.0
0.0	1.0
0.0	1.0
0.0	1.0
0.0	1.0
-0.00012351405166555196	1.0
-1.5529467989328083e-10	1.0
0.0	1.0
0.0	1.0
-5.504931266386848e-08	1.0
0.0	0.0
-3.321687108837068e-05	1.0
-1.1609057537498302e-06	0.0625
-0.00011572706716833636	1.0
0.0	1.0
0.0	1.0
0.0	1.0
0.0	0.0
-0.0005548248300328851	1.0
0.0	1.0
-0.0008121488499455154	0.0
0.0	1.0
0.0	1.0
0.0	0.0
0.0	0.3824130879345603
-3.951409598812461e-05	1.0
0.0	1.0
0.0	0.0
0.0	0.16666666666666666
-1.926049163908372e-12	0.0
0.0	1.0
-1.8645643649506383e-05	1.0
0.0	1.0
0.0	1.0
0.0	1.0
-0.04187764599919319	0.0
-5.2496463467832655e-05	1.0
0.0	1.0
-0.06592315435409546	0.0
0.0	1.0
0.0	0.0
0.0	1.0
0.0	1.0
0.0	1.0
0.0	1.0
0.0	1.0
-3.954719218768332e-09	0.17088607594936708
0.0	1.0
0.0	1.0
0.0	1.0
0.0	0.0
-6.204171398849212e-09	1.0
0.0	1.0
-2.104562008753419e-05	1.0
0.0	1.0
0.0	1.0
0.0	1.0
-1.4751756680198014e-05	1.0
0.0	1.0
0.0	1.0
0.0	1.0
-8.668647205922753e-05	1.0
-0.0012609746772795916	0.0
-0.0004490761202760041	1.0
0.0	1.0
0.0	1.0
0.0	1.0
0.0	1.0
-0.00019872716802638024	1.0
0.0	1.0
0.0	1.0
0.0	1.0
0.0	1.0
-5.76240040572884e-07	0.0
0.0	0.0
0.0	1.0
0.0	1.0
0.0	0.7220172201722017
-3.4593717828101944e-06	1.0
0.0	1.0
-0.004051961470395327	0.0
0.0	1.0
-5.061917363491375e-06	1.0
-4.3330575863365084e-05	1.0
0.0	1.0
0.0	1.0
0.0	1.0
0.0	1.0
0.0	1.0
-0.00041379727190360427	1.0
-1.5848172552068718e-08	1.0
-1.6851906821102602e-06	1.0
-0.0023735598661005497	1.0
-0.0005206596688367426	1.0
0.0	1.0
-0.00036490560160018504	1.0
-6.785974733247713e-07	1.0
-0.000547268777154386	1.0
-1.676035310538282e-08	1.0
-5.349631464923732e-06	1.0
0.0	1.0
-6.939870227963552e-13	1.0
0.0	1.0
-1.210230351489372e-07	1.0
0.0	1.0
0.0	1.0
-9.488664298729077e-10	1.0
0.0	0.0
0.0	1.0
0.0	1.0
0.0	1.0
0.0	1.0
-5.8999106840929016e-05	1.0
0.0	1.0
-1.1377153896319214e-05	1.0
0.0	0.0
0.0	1.0
0.0	1.0
0.0	1.0
0.0	1.0
0.0	1.0
0.0	0.0
-0.0003462803433649242	1.0
0.0	1.0
0.0	0.0
0.0	1.0
0.0	1.0
0.0	1.0
-1.518265071354108e-05	0.0
0.0	1.0
-7.189065423691965e-14	1.0
-1.201376585019398e-11	1.0
-2.9304751958392217e-09	1.0
-6.478289287770167e-05	1.0
0.0	1.0
0.0	1.0
0.0	1.0
-4.6162866055965424e-05	1.0
0.0	1.0
0.0	1.0
-0.0038225746247917414	0.0
0.0	1.0
-0.0010488723637536168	0.0
-3.732236297793179e-09	1.0
0.0	1.0
0.0	1.0
-1.3044141269347165e-05	1.0
0.0	1.0
0.0	1.0
-7.393185889881249e-12	1.0
-0.0775795578956604	0.0
0.0	0.4846153846153846
0.0	0.0
0.0	1.0
0.0	1.0
0.0	1.0
0.0	1.0
0.0	0.6581956797966964
0.0	1.0
0.0	0.0
0.0	0.0
-0.001732486649416387	0.0
0.0	1.0
0.0	1.0
-0.002201296854764223	0.2222222222222222
-0.0005626321653835475	1.0
