0.0	1.0
-0.00659761019051075	0.0
0.0	1.0
0.0	1.0
-2.5797644909175688e-08	1.0
-0.0010587518336251378	0.0
-0.032430436462163925	0.0
0.0	0.6
0.0	1.0
0.0	1.0
-0.0012227966217324138	1.0
-0.0018252748996019363	0.0
0.0	1.0
0.0	1.0
0.0	1.0
0.0	1.0
-3.268611544626765e-05	1.0
0.0	1.0
-0.02597406879067421	0.0
0.0	0.7184300341296929
0.0	1.0
0.0	1.0
0.0	1.0
0.0	1.0
0.0	0.0
-0.00018470114446245134	1.0
-1.1366324548234275e-09	1.0
-9.23074476304464e-05	0.0
0.0	1.0
-4.2768124330905266e-07	1.0
-7.313324346114314e-08	1.0
0.0	1.0
-0.0007614017813466489	0.0
0.0	1.0
0.0	1.0
0.0	0.08333333333333333
0.0	1.0
-0.0011714843567460775	1.0
0.0	1.0
0.0	1.0
-1.7787202523322776e-05	1.0
0.0	1.0
-0.00040589438867755234	1.0
0.0	1.0
0.0	1.0
0.0	1.0
-3.136571467621252e-05	0.02
0.0	1.0
0.0	0.0
0.0	1.0
-0.000500243331771344	1.0
0.0	1.0
0.0	1.0
0.0	1.0
0.0	1.0
0.0	1.0
0.0	1.0
0.0	0.0
-1.4191296941135079e-05	1.0
0.0	1.0
-3.6482454834896316e-09	1.0
-8.44008318381384e-05	0.0
0.0	1.0
0.0	1.0
-8.722960046725348e-06	1.0
-1.135876118496526e-06	0.2
-5.262171180220321e-05	0.0
0.0	1.0
0.0	1.0
0.0	1.0
0.0	1.0
-0.0003049371880479157	1.0
0.0	1.0
-3.877721610479057e-05	1.0
0.0	1.0
0.0	1.0
-1.7226939874603886e-08	1.0
-9.268934081774205e-05	0.0
0.0	1.0
0.0	1.0
0.0	0.0
-0.02900010533630848	0.5454545454545454
0.0	0.04716981132075472
0.0	1.0
-0.0024283824022859335	0.0
-3.6246575518816826e-07	1.0
0.0	1.0
0.0	1.0
0.0	1.0
0.0	1.0
0.0	1.0
-6.171677569000167e-08	1.0
-0.014448991976678371	0.0
0.0	1.0
0.0	1.0
-0.0019242169801145792	1.0
-2.0310908439569175e-06	1.0
0.0	0.8201438848920863
0.0	1.0
0.0	1.0
0.0	0.0
0.0	1.0
0.0	1.0
-0.007895874790847301	0.0
-1.2931121728954054e-09	1.0
0.0	0.0
0.0	0.0
0.0	1.0
0.0	1.0
-1.3934584330854705e-06	1.0
-0.0013598392251878977	1.0
0.0	1.0
-2.3293825202053142e-11	1.0
-6.22989588805467e-08	1.0
-0.0012155806180089712	1.0
-0.0002758319315034896	0.0
0.0	1.0
-3.6509085475699976e-05	1.0
0.0	1.0
-0.0002159685973310843	1.0
0.0	1.0
0.0	0.07692307692307693
-6.9034622356412e-06	1.0
0.0	1.0
-4.50913212262094e-05	1.0
0.0	0.575
-1.5451691490843194e-16	1.0
-0.074775829911232	0.0
0.0	1.0
0.0	1.0
0.0	1.0
-5.7769310168875876e-11	1.0
-0.0007301379810087383	1.0
0.0	1.0
0.0	0.0
0.0	1.0
-5.479939204633411e-07	1.0
0.0	1.0
0.0	1.0
-0.012506936676800251	0.0
0.0	1.0
0.0	1.0
0.0	1.0
0.0	1.0
0.0	1.0
0.0	1.0
0.0	0.14
0.0	1.0
0.0	1.0
0.0	1.0
0.0	1.0
-0.00011110652849311009	0.5688073394495413
-4.002253626822494e-05	1.0
0.0	0.05555555555555555
0.0	1.0
0.0	1.0
-7.779610314173624e-06	1.0
0.0	1.0
0.0	1.0
0.0	1.0
-0.0006214875029399991	0.0
0.0	0.0
0.0	1.0
0.0	1.0
0.0	1.0
0.0	0.88
0.0	1.0
0.0	1.0
0.0	0.0
-0.0001566069695400074	1.0
0.0	0.0
-6.70235967845656e-05	0.0
0.0	1.0
0.0	0.59375
0.0	1.0
-9.492073149885982e-05	0.6
0.0	1.0
0.0	1.0
0.0	1.0
0.0	0.75
0.0	1.0
0.0	1.0
0.0	0.04
0.0	1.0
0.0	1.0
-0.0005709007964469492	1.0
-0.0003645260294433683	1.0
0.0	1.0
0.0	1.0
-6.379849537552218e-07	1.0
0.0	1.0
0.0	1.0
-1.7394354472344276e-06	1.0
0.0	0.0
0.0	1.0
-0.00015266583068296313	1.0
0.0	1.0
0.0	1.0
0.0	0.0
0.0	1.0
-0.00012373567733448	1.0
0.0	1.0
0.0	1.0
-0.00045794088509865105	1.0
0.0	1.0
-6.196713684403221e-07	1.0
0.0	1.0
0.0	1.0
0.0	1.0
0.0	1.0
-5.2775998682363934e-08	1.0
0.0	1.0
0.0	0.0425531914893617
-6.761538770660991e-06	0.0
-2.740979141435673e-07	1.0
0.0	1.0
-0.00017164114979095757	1.0
-3.240663772885455e-07	1.0
0.0	1.0
0.0	1.0
0.0	0.24056603773584906
-2.2073857053328538e-07	1.0
0.0	0.02040816326530612
0.0	1.0
0.0	1.0
-0.0062990873120725155	1.0
0.0	1.0
-0.00020791334100067616	1.0
0.0	0.0
0.0	1.0
0.0	1.0
0.0	1.0
-0.0002750221756286919	1.0
0.0	1.0
0.0	1.0
0.0	1.0
0.0	1.0
-4.817331387130253e-07	1.0
0.0	0.0
-0.0005349296843633056	1.0
0.0	1.0
-1.4909624042047653e-05	1.0
-0.0001145000642281957	1.0
-6.420560384867713e-05	1.0
0.0	0.11320754716981132
0.0	1.0
0.0	1.0
0.0	1.0
-1.2899299690616317e-06	1.0
-0.0015570989344269037	0.0
-3.562105987953146e-08	1.0
0.0	1.0
0.0	1.0
-0.0016337651759386063	1.0
-1.4699124221806414e-05	1.0
0.0	1.0
-0.0007205980364233255	1.0
0.0	0.0
0.0	1.0
0.0	1.0
-6.179490128488396e-07	0.08333333333333333
0.0	1.0
0.0	1.0
-2.3337852326221764e-05	1.0
0.0	1.0
0.0	0.038461538461538464
-0.0010617617517709732	1.0
0.0	1.0
-2.962286860253016e-09	1.0
-6.449511420214549e-05	1.0
0.0	1.0
-6.193638546392322e-05	1.0
0.0	1.0
-0.04029875621199608	0.01639344262295082
0.0	0.0
0.0	1.0
0.0	1.0
0.0	1.0
-0.0020667051430791616	0.3617021276595745
0.0	1.0
0.0	1.0
-0.1584547758102417	0.2222222222222222
0.0	1.0
-0.0002321002393728122	1.0
0.0	1.0
0.0	1.0
-3.3712103686411865e-06	1.0
0.0	0.0
0.0	1.0
0.0	1.0
-1.2059924301865976e-05	1.0
-0.0008628300274722278	1.0
-0.00012635464372579008	1.0
0.0	1.0
-0.0011250621173530817	1.0
-5.349567663848198e-11	1.0
-3.22971449584486e-09	1.0
-4.5158804473643954e-10	1.0
0.0	1.0
0.0	0.83810888252149
-9.587529659071947e-10	0.5422885572139303
0.0	1.0
0.0	1.0
0.0	1.0
-1.2952605175087228e-06	1.0
0.0	1.0
-0.00028417367138899863	1.0
0.0	1.0
-4.961018476024037e-06	1.0
0.0	1.0
0.0	1.0
-0.0024865043815225363	0.0
0.0	1.0
-0.02184063196182251	0.06521739130434782
0.0	1.0
0.0	1.0
-4.3791842472273856e-05	0.03676470588235294
0.0	1.0
0.0	1.0
-0.00013562006643041968	1.0
0.0	1.0
0.0	1.0
-2.0016075552575785e-07	0.7264150943396226
0.0	1.0
0.0	1.0
0.0	1.0
-0.0001487307163188234	1.0
-6.100959944888018e-05	1.0
0.0	1.0
0.0	1.0
0.0	1.0
0.0	1.0
0.0	1.0
0.0	1.0
0.0	1.0
0.0	1.0
0.0	1.0
0.0	1.0
0.0	1.0
0.0	1.0
-8.114632692013402e-06	1.0
-4.792519030161202e-05	1.0
0.0	1.0
-9.68079111771658e-05	1.0
0.0	1.0
0.0	1.0
0.0	1.0
0.0	0.9287878787878788
-5.0051585098742635e-09	1.0
-6.38125718932514e-10	1.0
0.0	1.0
0.0	1.0
0.0	1.0
0.0	1.0
0.0	1.0
-4.5996694097993895e-06	1.0
0.0	1.0
0.0	1.0
-4.349280061433092e-06	1.0
-0.0007198259700089693	1.0
0.0	0.05333333333333334
0.0	1.0
-0.00010473857400938869	1.0
0.0	1.0
0.0	1.0
-0.00020243701874278486	0.0
0.0	1.0
0.0	1.0
0.0	1.0
0.0	1.0
0.0	1.0
-5.49693197626766e-07	0.018691588785046728
-0.0001094955368898809	1.0
0.0	1.0
0.0	1.0
0.0	1.0
0.0	1.0
0.0	1.0
-0.000408539897762239	0.0
0.0	1.0
0.0	1.0
-1.994019838136296e-09	1.0
-0.0005316963070072234	0.0
-0.0013743189629167318	1.0
-5.500132829183713e-07	1.0
0.0	1.0
0.0	1.0
-3.3352676837239414e-05	1.0
-4.617354989022715e-06	1.0
-2.9557622838183306e-05	0.0
0.0	0.0
0.0	1.0
0.0	1.0
0.0	1.0
0.0	0.16216216216216217
-0.04519717022776604	0.0
-0.0022570344153791666	0.0
0.0	1.0
-9.142848284682259e-05	1.0
-0.002363616833463311	1.0
-0.00037763561704196036	1.0
0.0	1.0
-0.019450122490525246	0.0
0.0	1.0
0.0	1.0
-0.002117448253557086	1.0
-4.775710749527207e-06	0.22377622377622378
0.0	1.0
0.0	0.16260162601626016
0.0	1.0
-5.987237816640345e-09	1.0
-3.4009381422173135e-10	1.0
0.0	1.0
-3.0032842879279542e-09	1.0
-3.4136078284063842e-06	1.0
0.0	1.0
0.0	1.0
-2.0751393094542436e-05	1.0
-2.6946779598802095e-06	1.0
0.0	1.0
0.0	1.0
-0.0022768829949200153	0.0
-8.853575127432123e-05	1.0
0.0	1.0
-1.353095200329335e-07	0.0
-0.001651149825192988	1.0
-0.008247158490121365	0.09090909090909091
0.0	1.0
0.0	1.0
0.0	1.0
0.0	1.0
0.0	1.0
0.0	1.0
-4.292484845791478e-06	0.5823170731707317
-1.1914476090169046e-06	1.0
0.0	1.0
0.0	1.0
0.0	1.0
0.0	1.0
-8.510424959240481e-05	1.0
0.0	1.0
0.0	1.0
0.0	1.0
-0.0024059175048023462	1.0
0.0	1.0
0.0	1.0
0.0	1.0
0.0	1.0
-3.556404635673971e-06	1.0
-9.037608106154948e-05	1.0
0.0	1.0
0.0	1.0
0.0	1.0
0.0	0.0
0.0	1.0
0.0	0.0
0.0	1.0
0.0	1.0
0.0	1.0
-3.2972300687106326e-05	0.0
-0.0015025348402559757	0.0
0.0	1.0
-1.7173339074361138e-05	1.0
0.0	1.0
0.0	1.0
-0.00651935487985611	0.14285714285714285
-0.0012236419133841991	1.0
0.0	0.6052631578947368
0.0	1.0
0.0	0.0
0.0	1.0
-2.932470088978789e-08	1.0
-0.00019321069703437388	1.0
-5.238247922534356e-06	0.0
-4.241751128120086e-08	1.0
0.0	0.0
-0.005108842626214027	1.0
-0.00038675882387906313	0.0
0.0	1.0
-0.003040263196453452	1.0
-0.0055460031144320965	0.0
0.0	1.0
0.0	1.0
0.0	1.0
0.0	1.0
-6.868497166578891e-06	0.009433962264150943
