-0.00037650979356840253	1.0
-0.0013161089736968279	0.044585987261146494
-0.001426784903742373	1.0
0.0	0.0
0.0	1.0
0.0	1.0
0.0	1.0
-0.000283680361462757	0.0
0.0	0.0
-2.0237936041667126e-05	1.0
0.0	1.0
-5.778367994935252e-05	1.0
0.0	1.0
0.0	1.0
-0.00043529117829166353	1.0
0.0	1.0
0.0	1.0
0.0	1.0
0.0	1.0
-0.0005959589616395533	1.0
0.0	1.0
0.0	1.0
-0.0007465013768523932	1.0
0.0	1.0
0.0	1.0
-1.031931219586113e-06	1.0
0.0	1.0
0.0	1.0
0.0	1.0
0.0	1.0
-2.768334539382522e-08	1.0
0.0	0.0
0.0	1.0
0.0	1.0
0.0	1.0
0.0	1.0
0.0	1.0
-0.011649895459413528	0.0
0.0	0.0
0.0	1.0
0.0	1.0
0.0	1.0
0.0	1.0
0.0	1.0
-1.9819017325062305e-05	1.0
0.0	1.0
0.0	1.0
0.0	0.0
0.0	1.0
0.0	1.0
0.0	1.0
0.0	0.1891891891891892
-6.173740257509053e-05	1.0
-1.010277173918439e-05	0.0
0.0	1.0
0.0	1.0
0.0	0.09090909090909091
-2.6287550554116024e-06	0.0
0.0	1.0
0.0	1.0
-2.997142090066518e-08	1.0
0.0	1.0
0.0	1.0
0.0	1.0
0.0	1.0
-0.001370058860629797	1.0
-0.00015115691348910332	1.0
0.0	1.0
-0.00029625254683196545	1.0
-5.278839518285672e-11	1.0
0.0	0.0
-2.3075135402450542e-07	1.0
0.0	1.0
-0.0061377594247460365	0.0
-0.0013324859319254756	0.0
-1.4000636587574444e-12	0.04
0.0	1.0
0.0	1.0
0.0	1.0
-1.9173082677070852e-08	1.0
-0.00021974525589030236	1.0
0.0	1.0
0.0	1.0
0.0	1.0
-0.0010605580173432827	1.0
0.0	1.0
-0.0001684702147031203	1.0
-0.0014988587936386466	0.0
0.0	1.0
-0.00012302433606237173	0.0
0.0	1.0
0.0	0.0
-0.0018223540391772985	0.0
-0.00017603699234314263	1.0
-1.1649452236195401e-11	1.0
0.0	1.0
0.0	0.0
0.0	1.0
-1.4953843674447853e-06	0.06
0.0	1.0
-0.0007083249511197209	1.0
-0.016066303476691246	0.0
0.0	1.0
0.0	1.0
0.0	1.0
-1.4273010719989543e-06	0.0
-7.360077870544046e-05	0.0
-1.9264773072791286e-05	1.0
0.0	0.0
-3.3582238010386456e-13	1.0
0.0	1.0
-2.288191535626538e-05	1.0
-0.002027800539508462	0.0
0.0	1.0
0.0	0.0
0.0	1.0
0.0	1.0
0.0	1.0
0.0	0.0
0.0	1.0
-6.216632186806237e-08	1.0
0.0	1.0
0.0	1.0
0.0	1.0
0.0	1.0
0.0	1.0
-4.994724349671742e-06	0.0
0.0	1.0
0.0	0.0
0.0	1.0
-0.006484879646450281	0.0
-8.826640259940177e-05	0.7935285053929122
-4.770049599756021e-06	1.0
0.0	0.0
0.0	1.0
-0.06717079877853394	0.0
0.0	1.0
0.0	1.0
-3.6784981602977496e-06	1.0
0.0	1.0
0.0	0.0
0.0	1.0
0.0	0.0
0.0	1.0
-4.42811476375482e-09	1.0
-0.004997126758098602	0.061224489795918366
0.0	0.052083333333333336
0.0	1.0
0.0	1.0
0.0	0.0
0.0	0.8179487179487179
0.0	1.0
-4.0224831536761485e-06	0.0
0.0	1.0
0.0	0.0
0.0	0.0
0.0	0.0
0.0	1.0
0.0	1.0
-1.2037467968184501e-05	1.0
0.0	1.0
0.0	1.0
0.0	1.0
-9.399578630109318e-06	0.0
-3.621293842570594e-08	1.0
0.0	1.0
-8.379500650335103e-05	1.0
0.0	1.0
0.0	1.0
0.0	1.0
-4.9409550229029264e-06	1.0
-4.0139893904382606e-13	1.0
-7.145099516492337e-06	1.0
0.0	1.0
0.0	1.0
-1.8525493361565282e-09	1.0
-2.005166061280761e-05	0.0
-0.0002532278886064887	1.0
-2.3439302822225727e-05	1.0
0.0	1.0
0.0	1.0
0.0	1.0
-7.902091601863503e-05	1.0
-0.004356095567345619	0.0
0.0	1.0
0.0	1.0
-1.1647633080258402e-08	1.0
0.0	1.0
0.0	1.0
-0.006601695902645588	0.0
0.0	1.0
0.0	1.0
-0.010837281122803688	0.0
0.0	1.0
0.0	1.0
0.0	0.0
0.0	1.0
-6.082621985115111e-05	1.0
0.0	1.0
0.0	1.0
-2.2615743091591867e-06	1.0
0.0	0.0
-4.9239622795793636e-11	1.0
0.0	1.0
-2.8584491928995703e-07	0.0
0.0	1.0
-0.0001775945711415261	1.0
0.0	1.0
0.0	0.72
-5.646947101922706e-05	1.0
-0.0002493409556336701	1.0
0.0	1.0
-5.5857274361414966e-08	1.0
0.0	1.0
0.0	1.0
0.0	1.0
-0.0005926780868321657	1.0
-2.3348314948101745e-10	1.0
0.0	1.0
-0.0003658439381979406	1.0
0.0	1.0
-0.001648623263463378	0.0
-9.68382228165865e-05	1.0
0.0	1.0
0.0	1.0
0.0	1.0
0.0	1.0
-0.0008812770247459412	1.0
-0.0010690497001633048	0.0
0.0	1.0
0.0	0.0
0.0	0.3018867924528302
-5.127596108399791e-15	1.0
0.0	1.0
-0.0002665889624040574	0.0
0.0	1.0
-0.000388207146897912	0.0
-0.00011052352783735842	1.0
0.0	1.0
0.0	1.0
0.0	1.0
-0.002838241634890437	0.5882352941176471
0.0	1.0
0.0	1.0
0.0	1.0
-0.0013178986264392734	1.0
0.0	1.0
0.0	1.0
0.0	1.0
0.0	1.0
0.0	1.0
0.0	1.0
0.0	1.0
-0.00014929026656318456	1.0
-0.002291999524459243	0.0
0.0	1.0
0.0	1.0
-9.201709616490916e-08	1.0
0.0	1.0
0.0	0.0
0.0	1.0
0.0	1.0
-0.009533986449241638	0.0
-1.6647989468765445e-05	1.0
0.0	1.0
-0.0006722222315147519	0.0
0.0	1.0
-1.0013184692070354e-05	1.0
0.0	1.0
0.0	1.0
-1.9699525921623717e-07	1.0
0.0	1.0
0.0	1.0
-0.0005171705852262676	0.0
-7.43480346732106e-11	1.0
-2.123616553717511e-07	1.0
0.0	1.0
0.0	1.0
0.0	1.0
-1.4352210200740956e-05	0.0
0.0	1.0
0.0	1.0
-1.5652947695343755e-05	1.0
0.0	1.0
-0.010012403130531311	0.4583333333333333
-0.033987805247306824	0.0
0.0	1.0
0.0	1.0
0.0	1.0
0.0	1.0
-0.00022117880871519446	0.9846153846153847
0.0	0.0
0.0	1.0
-4.938661959386081e-07	1.0
-0.013096763752400875	0.0
0.0	1.0
0.0	0.0
0.0	1.0
-0.026809068396687508	0.0
-1.467091408358101e-07	1.0
0.0	0.004484304932735426
-2.8251732064887847e-09	1.0
0.0	1.0
-2.176445228739294e-14	1.0
0.0	1.0
0.0	1.0
0.0	1.0
0.0	1.0
0.0	0.0
-0.0016136758495122194	0.0
0.0	1.0
0.0	1.0
-1.5826970411580987e-05	1.0
0.0	1.0
0.0	1.0
0.0	1.0
0.0	1.0
-3.296281647635624e-05	1.0
0.0	1.0
-0.0032200005371123552	1.0
0.0	1.0
0.0	1.0
0.0	1.0
0.0	1.0
0.0	1.0
0.0	0.0
-4.0434193238070293e-07	1.0
0.0	1.0
0.0	1.0
-0.0006488494109362364	1.0
-3.1633637931349767e-09	1.0
-3.875301263178699e-05	1.0
0.0	1.0
0.0	1.0
0.0	1.0
0.0	1.0
0.0	1.0
-0.0006229424616321921	1.0
0.0	1.0
-0.00010153534094570205	1.0
0.0	1.0
0.0	1.0
0.0	1.0
-1.2036608154630812e-07	0.15
-1.4926554285921156e-05	1.0
0.0	1.0
0.0	1.0
-1.1275111955200146e-09	1.0
0.0	1.0
0.0	1.0
0.0	0.2
0.0	1.0
0.0	1.0
-1.0105617320732563e-07	1.0
0.0	1.0
0.0	1.0
0.0	1.0
0.0	1.0
-0.0005405144765973091	1.0
0.0	1.0
0.0	1.0
0.0	1.0
0.0	1.0
-1.0546452600124212e-09	1.0
0.0	1.0
0.0	1.0
0.0	1.0
0.0	0.0
0.0	1.0
-2.8277362673634343e-08	1.0
0.0	1.0
0.0	1.0
0.0	1.0
-2.657716322573833e-07	1.0
-2.5625347461755155e-06	1.0
0.0	1.0
-1.5247686633301782e-06	1.0
0.0	1.0
0.0	1.0
0.0	1.0
0.0	1.0
0.0	1.0
-9.004723324324004e-06	0.9859154929577465
0.0	1.0
-5.888279019927722e-07	1.0
0.0	1.0
0.0	1.0
0.0	0.0
0.0	1.0
0.0	1.0
0.0	1.0
-0.0007087250123731792	1.0
0.0	1.0
0.0	1.0
0.0	1.0
-0.0005103395669721067	1.0
0.0	1.0
-0.0004919826169498265	1.0
0.0	1.0
0.0	1.0
-0.0006672668969258666	1.0
-1.3932071851741057e-05	1.0
-0.0013306551845744252	0.0
0.0	1.0
0.0	1.0
-0.0018814894137904048	1.0
0.0	1.0
0.0	1.0
0.0	1.0
-1.0516982840158562e-09	1.0
-8.14780196378706e-06	1.0
-0.00012858705304097384	1.0
-2.1679995576562305e-09	1.0
-1.218778379552532e-06	1.0
0.0	1.0
-4.35122018416223e-07	1.0
0.0	0.0
-0.00012777077790815383	1.0
0.0	1.0
0.0	1.0
0.0	1.0
-0.0014389108400791883	1.0
0.0	1.0
0.0	0.0
-0.0003658113710116595	1.0
-1.7160308729557983e-08	0.0
-0.0004848173994105309	1.0
0.0	1.0
0.0	1.0
0.0	1.0
0.0	0.3125
0.0	1.0
0.0	0.0
-0.005200414452701807	0.0
-0.0005491989431902766	0.07446808510638298
0.0	1.0
0.0	1.0
0.0	1.0
0.0	1.0
-3.2757402550487313e-06	1.0
0.0	1.0
-5.013508705409286e-12	1.0
0.0	1.0
-0.00011828153219539672	0.0
-2.956344928861654e-07	1.0
0.0	1.0
0.0	1.0
0.0	1.0
-0.0008489317260682583	1.0
-6.492816506664667e-09	1.0
0.0	1.0
-0.004057908896356821	0.0
-7.99513522053985e-09	0.9637681159420289
-9.774285717867315e-05	1.0
-5.315007001627237e-06	1.0
0.0	1.0
0.0	1.0
-3.235805252188584e-06	0.0
0.0	1.0
0.0	1.0
-2.3831569706089795e-05	0.0
-2.445709651510697e-05	1.0
-4.1468271660960454e-07	1.0
-1.4496893072646344e-06	1.0
0.0	1.0
0.0	1.0
-0.037751704454422	0.0
0.0	1.0
-0.00040047543006949127	1.0
-2.4743847006902797e-06	1.0
0.0	1.0
-1.7696247311960178e-07	1.0
0.0	1.0
0.0	1.0
0.0	1.0
0.0	1.0
-0.00039884616853669286	1.0
0.0	1.0
-0.001684964750893414	0.0
0.0	1.0
-0.000517150794621557	1.0
0.0	1.0
0.0	1.0
0.0	1.0
-0.0008896813378669322	1.0
-8.824382007333043e-07	1.0
0.0	0.0
0.0	1.0
0.0	1.0
0.0	1.0
0.0	1.0
0.0	1.0
-5.0295486886398066e-08	1.0
0.0	1.0
-4.364195410744287e-05	1.0
-2.2625827114097774e-06	0.0
0.0	1.0
0.0	1.0
0.0	1.0
-0.0002077455137623474	1.0
-7.695232852711342e-06	1.0
-0.01505317073315382	0.0
-0.001719535794109106	1.0
-0.0027945702895522118	1.0
0.0	1.0
-5.706350059142551e-09	1.0
0.0	1.0
-1.7443798014937784e-06	1.0
0.0	0.0
-5.2617178170066836e-08	1.0
0.0	0.0
-0.0007256956887431443	1.0
0.0	1.0
0.0	0.07142857142857142
-0.015650859102606773	0.0196078431372549
-2.1922778614680283e-06	0.7045454545454546
0.0	1.0
-1.219578098243801e-05	1.0
0.0	1.0
0.0	1.0
0.0	1.0
0.0	1.0
0.0	1.0
0.0	1.0
0.0	1.0
0.0	1.0
0.0	1.0
0.0	1.0
0.0	0.14285714285714285
0.0	0.982532751091703
-7.1906497396412306e-06	1.0
-4.036378868477186e-06	0.0
0.0	1.0
0.0	1.0
0.0	0.0
-3.4273020332875603e-07	1.0
0.0	1.0
0.0	1.0
