0.0	0.0
0.0	1.0
0.0	1.0
0.0	0.0
0.0	1.0
0.0	1.0
0.0	1.0
0.0	0.0
0.0	1.0
0.0	1.0
0.0	1.0
-0.0006477987626567483	0.0
0.0	1.0
0.0	0.39425587467362927
0.0	1.0
0.0	1.0
0.0	0.0
0.0	0.0
0.0	0.1111111111111111
0.0	1.0
-0.00017632439266890287	1.0
0.0	0.0
0.0	0.0
-0.000992080895230174	1.0
-2.0350380225409026e-07	1.0
0.0	0.2894736842105263
-2.7314437829772942e-05	1.0
-5.010229564561541e-09	1.0
-1.5012171843409305e-06	1.0
-1.5659291818792553e-07	1.0
0.0	1.0
-0.0009877419797703624	1.0
0.0	1.0
0.0	1.0
0.0	1.0
-0.00016361249436158687	1.0
0.0	1.0
0.0	0.07692307692307693
0.0	1.0
0.0	1.0
0.0	1.0
-1.1616706615313888e-05	1.0
0.0	1.0
0.0	1.0
-0.0005630048108287156	1.0
-0.001310704043135047	1.0
-1.5017632904346101e-05	1.0
0.0	1.0
-0.00029319440363906324	1.0
0.0	1.0
0.0	1.0
-0.0008434287155978382	1.0
0.0	1.0
0.0	1.0
-0.000149476807564497	1.0
0.0	1.0
0.0	1.0
-0.0009129003155976534	1.0
-2.9791302949888632e-05	1.0
0.0	1.0
0.0	1.0
0.0	1.0
-2.0139055777690373e-05	0.0
0.0	1.0
-3.7546483326877933e-06	0.29411764705882354
0.0	1.0
0.0	1.0
0.0	1.0
0.0	1.0
0.0	1.0
0.0	1.0
0.0	1.0
-3.230589413760754e-07	1.0
-8.182010060409084e-05	1.0
-5.240287492824791e-08	1.0
0.0	1.0
0.0	1.0
0.0	1.0
0.0	1.0
0.0	1.0
-1.360846521190548e-15	1.0
-1.2579193329337324e-12	1.0
0.0	1.0
-6.9824536694795825e-06	1.0
0.0	1.0
0.0	1.0
-0.0007930640131235123	1.0
0.0	1.0
-3.0437107852776535e-05	1.0
0.0	1.0
-1.8735852790996432e-05	1.0
-0.0001283334568142891	1.0
-2.0766270480976345e-08	1.0
-8.745359037637401e-14	1.0
-2.7334152036928572e-05	0.2823529411764706
0.0	1.0
0.0	1.0
0.0	1.0
0.0	0.0
0.0	1.0
-0.00014809028652962297	1.0
-0.0014250995591282845	1.0
-0.00013066123938187957	1.0
0.0	1.0
-4.738705683848821e-06	0.19444444444444445
0.0	1.0
0.0	1.0
-0.004263881593942642	0.0
0.0	1.0
0.0	0.0
0.0	1.0
0.0	1.0
0.0	0.0
0.0	1.0
0.0	1.0
0.0	0.0
-6.959488018765114e-06	1.0
0.0	1.0
0.0	1.0
0.0	1.0
0.0	1.0
0.0	1.0
0.0	1.0
-5.418347104324539e-09	1.0
0.0	0.6
0.0	1.0
-1.938208151841536e-05	1.0
-0.0010702931322157383	1.0
0.0	1.0
0.0	0.0
0.0	1.0
0.0	1.0
0.0	1.0
-1.2601734624695382e-06	1.0
-0.0001750399824231863	1.0
-6.773170753149316e-05	1.0
0.0	1.0
-2.459623146933154e-06	1.0
0.0	1.0
0.0	1.0
0.0	1.0
0.0	1.0
-0.002379625802859664	1.0
0.0	1.0
0.0	1.0
0.0	1.0
0.0	0.0
-0.0010880109621211886	1.0
-2.562768486313871e-07	1.0
0.0	1.0
0.0	1.0
-3.9229882531799376e-05	1.0
0.0	1.0
0.0	1.0
-1.0503628800506704e-05	1.0
-0.019908642396330833	0.0
0.0	1.0
0.0	1.0
-0.039105843752622604	0.0
0.0	1.0
0.0	0.0
0.0	1.0
-0.0007720250287093222	1.0
0.0	1.0
0.0	1.0
-5.240361588221276e-06	1.0
0.0	1.0
0.0	1.0
0.0	1.0
-1.8501248177926755e-07	1.0
0.0	0.0
-4.860543413087726e-06	1.0
0.0	1.0
0.0	1.0
-2.03484214580385e-05	1.0
-6.4739060690044425e-06	1.0
0.0	1.0
0.0	1.0
-0.001070966711267829	0.4437869822485207
-0.00029925283160991967	1.0
-2.1992215692989703e-07	1.0
0.0	0.0
0.0	1.0
-9.068764484254643e-06	1.0
0.0	1.0
0.0	0.0
0.0	1.0
0.0	0.6
-0.00016693062207195908	1.0
0.0	1.0
0.0	1.0
0.0	1.0
0.0	1.0
0.0	1.0
-0.00013323270832188427	1.0
0.0	1.0
-0.0001741683081490919	1.0
0.0	1.0
-0.0009672172600403428	1.0
0.0	1.0
-6.967428635107353e-05	1.0
0.0	1.0
0.0	1.0
0.0	1.0
0.0	1.0
0.0	1.0
-0.0001423837529728189	1.0
-1.1550026101758704e-05	1.0
-0.000293043878627941	1.0
0.0	0.0
0.0	1.0
0.0	1.0
0.0	1.0
-7.976657070685178e-05	1.0
-0.006564754527062178	0.18292682926829268
-0.0050828717648983	0.0
0.0	0.10526315789473684
0.0	1.0
-1.8384151871941867e-06	1.0
0.0	1.0
-5.065129982106953e-10	1.0
0.0	1.0
-5.156804763828404e-05	1.0
-0.00011580651334952563	1.0
0.0	1.0
0.0	1.0
-0.0004089263384230435	1.0
0.0	1.0
0.0	1.0
0.0	0.0
-1.2894851352029946e-05	1.0
0.0	1.0
-6.552932518388843e-06	1.0
0.0	1.0
0.0	1.0
-0.002240358851850033	1.0
-2.3136422555580793e-07	0.16216216216216217
0.0	1.0
-0.00013830851821694523	1.0
-0.000639254751149565	0.6666666666666666
0.0	1.0
0.0	0.531615925058548
0.0	1.0
0.0	1.0
0.0	0.6068965517241379
0.0	1.0
0.0	1.0
-0.0020029409788548946	0.0
0.0	0.0
0.0	1.0
0.0	1.0
0.0	1.0
0.0	1.0
-0.00035444903187453747	1.0
-1.839122276692251e-08	0.0
-0.00019163037359248847	1.0
0.0	1.0
0.0	1.0
0.0	0.25268817204301075
0.0	1.0
0.0	0.9437984496124031
0.0	1.0
0.0	1.0
0.0	1.0
-3.625859972089529e-05	1.0
0.0	1.0
-0.0011419802904129028	1.0
0.0	1.0
-1.7160098650492728e-05	1.0
0.0	1.0
0.0	1.0
0.0	1.0
0.0	1.0
0.0	1.0
0.0	1.0
0.0	1.0
-1.564401827636175e-05	1.0
-5.383010375226149e-07	1.0
-8.35727632875205e-07	0.0
-2.155342129123031e-18	0.22641509433962265
0.0	0.16666666666666666
0.0	1.0
0.0	1.0
0.0	0.0
0.0	1.0
0.0	1.0
-0.0013408923987299204	1.0
0.0	1.0
0.0	1.0
0.0	1.0
-0.004321814980357885	0.17647058823529413
0.0	1.0
-0.0007676351233385503	1.0
0.0	1.0
0.0	1.0
0.0	1.0
0.0	0.6328125
-4.286267540010158e-06	1.0
0.0	1.0
-5.1319213525857776e-05	1.0
-1.9408116713748313e-06	1.0
0.0	1.0
0.0	1.0
0.0	0.0
0.0	1.0
-0.039815209805965424	0.2413793103448276
0.0	1.0
0.0	1.0
0.0	0.14814814814814814
0.0	1.0
-0.00033609603997319937	1.0
0.0	1.0
-0.01853199116885662	0.0
0.0	0.0
0.0	1.0
0.0	0.0
0.0	1.0
0.0	0.06542056074766354
0.0	1.0
-1.677859472692944e-05	1.0
-1.311698412109763e-07	1.0
0.0	1.0
0.0	0.03571428571428571
-0.00041722922469489276	1.0
0.0	1.0
0.0	1.0
-0.00024014798691496253	1.0
0.0	1.0
-0.0001330089580733329	1.0
-0.0026038209907710552	1.0
-0.0003882287419401109	1.0
0.0	1.0
0.0	1.0
-6.823784701737168e-07	1.0
0.0	1.0
0.0	1.0
0.0	0.15384615384615385
0.0	1.0
0.0	0.4371859296482412
0.0	1.0
0.0	1.0
-8.257826493718312e-07	1.0
0.0	1.0
0.0	1.0
-1.2710812598015764e-06	1.0
0.0	1.0
0.0	1.0
-5.221603487370885e-07	1.0
0.0	1.0
0.0	1.0
0.0	1.0
0.0	1.0
-0.0013259077677503228	1.0
0.0	1.0
0.0	1.0
0.0	1.0
0.0	1.0
0.0	1.0
0.0	1.0
0.0	1.0
0.0	1.0
0.0	1.0
-0.000395439681597054	1.0
-2.177354417653987e-06	1.0
-0.0020984348375350237	1.0
0.0	1.0
-0.008160377852618694	1.0
0.0	1.0
0.0	1.0
0.0	1.0
0.0	1.0
0.0	1.0
0.0	1.0
0.0	1.0
-3.3174151781167893e-07	1.0
-0.0011705876095220447	1.0
0.0	1.0
-6.928050879650982e-07	1.0
0.0	1.0
0.0	1.0
-0.00039322831435129046	1.0
-0.023251613602042198	0.0
-2.4901886108708027e-11	0.0
0.0	1.0
0.0	1.0
-0.00401822617277503	0.0
0.0	1.0
0.0	1.0
-2.7728319196285156e-08	1.0
-9.325047756192362e-08	1.0
0.0	1.0
-2.2795830435969056e-13	1.0
-7.273695700860117e-06	0.0
-1.2420104944510513e-08	1.0
-1.3893550199206572e-10	0.03333333333333333
0.0	0.048484848484848485
-8.096089909592763e-10	1.0
0.0	1.0
-0.00011157926201121882	0.0
0.0	1.0
0.0	0.0
0.0	1.0
0.0	1.0
0.0	1.0
0.0	1.0
-0.01229523029178381	0.0
0.0	1.0
-0.0016482139471918344	1.0
-0.0008043403504416347	1.0
0.0	0.0
-5.0441894217101435e-08	1.0
0.0	1.0
0.0	1.0
0.0	1.0
0.0	1.0
-0.00499437190592289	0.0
0.0	1.0
0.0	1.0
0.0	1.0
0.0	1.0
0.0	1.0
0.0	1.0
0.0	1.0
0.0	1.0
-0.00045858652447350323	1.0
0.0	1.0
0.0	1.0
-9.596858035365585e-06	1.0
-0.03497600555419922	0.0
-0.0006542613264173269	1.0
0.0	1.0
0.0	0.034482758620689655
0.0	1.0
0.0	1.0
0.0	0.0
-0.0030324249528348446	1.0
0.0	1.0
0.0	0.0
0.0	0.0625
0.0	0.04597701149425287
0.0	1.0
-6.676249540760182e-06	1.0
0.0	0.0
-8.511723769387414e-13	1.0
0.0	1.0
-5.653533463600979e-08	1.0
0.0	1.0
-0.0002693065325729549	0.15384615384615385
0.0	1.0
0.0	1.0
0.0	1.0
0.0	1.0
-6.391054193954915e-05	0.0
0.0	1.0
0.0	1.0
0.0	1.0
-0.00018636144523043185	1.0
0.0	1.0
-4.23700811325034e-07	1.0
0.0	1.0
0.0	1.0
0.0	1.0
-6.918902073493882e-08	1.0
-7.265366530617712e-09	1.0
-9.998587513493362e-10	1.0
0.0	1.0
0.0	1.0
0.0	1.0
0.0	0.0
0.0	1.0
0.0	1.0
0.0	1.0
-0.0035499881487339735	1.0
0.0	1.0
-0.003837490687146783	0.0
0.0	1.0
0.0	0.0
0.0	1.0
0.0	1.0
-0.00020881993987131864	1.0
0.0	1.0
0.0	1.0
0.0	1.0
0.0	1.0
-0.0015626827953383327	1.0
0.0	1.0
-0.0015889983624219894	0.0
0.0	1.0
0.0	0.03048780487804878
0.0	1.0
-5.142581358086318e-06	0.0
0.0	1.0
0.0	1.0
0.0	1.0
0.0	0.3935018050541516
0.0	0.034482758620689655
