0.0	1.0
-9.201262582791969e-05	1.0
0.0	1.0
0.0	0.0
0.0	1.0
0.0	1.0
-4.486697434913367e-05	1.0
0.0	1.0
0.0	1.0
0.0	1.0
0.0	0.0
0.0	0.2545454545454545
-0.021539807319641113	0.11764705882352941
-2.6326960611555705e-09	1.0
0.0	1.0
0.0	1.0
0.0	0.0
0.0	0.0
0.0	1.0
0.0	1.0
0.0	1.0
-0.00023520799004472792	1.0
-1.2233924810700625e-12	1.0
0.0	1.0
0.0	1.0
-0.0021585572976619005	1.0
-0.0003885195474140346	1.0
-2.396332820353564e-05	1.0
0.0	0.273972602739726
0.0	0.15151515151515152
0.0	1.0
-2.805465157962317e-07	1.0
0.0	1.0
-3.078437430303893e-06	0.2916666666666667
0.0	1.0
0.0	1.0
0.0	0.0
0.0	1.0
-0.01447401661425829	0.0
-1.8088361684931442e-05	1.0
0.0	1.0
-0.00012877778499387205	1.0
0.0	1.0
-0.0009852249640971422	1.0
-0.00012276096094865352	1.0
0.0	1.0
0.0	1.0
-0.00040651782182976604	1.0
0.0	1.0
0.0	1.0
-9.952469781637774e-07	0.0
0.0	1.0
0.0	0.0
0.0	1.0
0.0	1.0
0.0	1.0
-2.4058754206635058e-05	1.0
-0.0003055592824239284	1.0
0.0	1.0
0.0	1.0
0.0	1.0
-1.680417653915356e-07	1.0
-0.0003181549545843154	0.14760147601476015
0.0	1.0
-3.553998612915166e-05	1.0
0.0	1.0
-0.0004294333339203149	1.0
-0.001120731933042407	0.0
0.0	1.0
0.0	1.0
0.0	0.0
0.0	1.0
0.0	1.0
0.0	1.0
-0.00019034896104130894	1.0
0.0	1.0
0.0	1.0
-0.002670465735718608	0.10344827586206896
0.0	1.0
0.0	1.0
-0.00024287863925565034	1.0
0.0	1.0
0.0	1.0
0.0	1.0
0.0	1.0
-0.00016104149108286947	1.0
0.0	1.0
0.0	1.0
-1.6360972949769348e-05	0.0
-1.9864744899678044e-05	1.0
0.0	1.0
0.0	0.15306122448979592
0.0	1.0
-0.00018450549396220595	1.0
0.0	1.0
0.0	1.0
0.0	1.0
0.0	1.0
0.0	1.0
-0.0006538913585245609	1.0
0.0	1.0
0.0	0.0
0.0	1.0
-1.707921728666406e-05	1.0
0.0	1.0
-0.0004992132307961583	1.0
-0.0017679299926385283	1.0
-0.05083191767334938	0.06896551724137931
0.0	1.0
0.0	1.0
0.0	0.0
0.0	1.0
-2.8543215790932663e-08	1.0
-1.2500735640518803e-15	1.0
0.0	0.0
-2.0037930880789645e-05	1.0
-9.02872925507836e-05	1.0
-4.2450645310054824e-07	1.0
0.0	1.0
-2.1308011127985083e-05	1.0
-0.00012901180889457464	1.0
0.0	1.0
0.0	1.0
-0.015054816380143166	0.15151515151515152
0.0	1.0
0.0	1.0
0.0	1.0
0.0	1.0
-2.447739689159789e-06	1.0
-0.0002851176541298628	0.0
-0.0008053207420744002	0.0
-1.4006127457832918e-07	1.0
0.0	1.0
-2.1928130422566028e-08	0.07560137457044673
0.0	1.0
-0.0014016078785061836	1.0
0.0	1.0
0.0	1.0
0.0	1.0
0.0	1.0
-0.0023536623921245337	0.0
0.0	1.0
0.0	1.0
-0.0030654307920485735	0.0
0.0	0.0
0.0	0.0
-9.124799544224516e-05	0.0
0.0	1.0
0.0	0.29545454545454547
0.0	1.0
0.0	0.03571428571428571
-0.00013885989028494805	1.0
-0.0007077496265992522	1.0
-1.0891184274441912e-06	1.0
-4.555220201041266e-09	1.0
0.0	0.5659574468085107
0.0	1.0
0.0	1.0
-0.00106236117426306	1.0
0.0	1.0
0.0	1.0
0.0	1.0
-0.0028380511794239283	0.0
0.0	1.0
-1.9826263894517915e-11	1.0
0.0	1.0
0.0	1.0
-0.0016781225567683578	0.125
-2.8963943350390764e-06	1.0
0.0	1.0
-0.0036884187720716	0.037815126050420166
0.0	1.0
-0.0002614844706840813	1.0
0.0	0.09278350515463918
0.0	1.0
0.0	1.0
-0.002506436314433813	1.0
0.0	0.23423423423423423
0.0	1.0
-0.02921767346560955	0.0
-0.0003471135860309005	1.0
0.0	1.0
0.0	1.0
0.0	1.0
0.0	1.0
0.0	1.0
0.0	0.0
-1.3298393241711892e-05	0.0
0.0	1.0
-0.0005189937073737383	1.0
0.0	0.0
-0.00010095356265082955	1.0
-5.515539669431746e-06	1.0
-6.902025972976844e-08	1.0
0.0	1.0
-0.0005796502809971571	1.0
0.0	1.0
0.0	1.0
-0.0014520800905302167	0.19230769230769232
0.0	1.0
-0.0017254536505788565	1.0
0.0	1.0
-1.3897546523367055e-05	1.0
0.0	1.0
-4.475120363167662e-08	0.0
0.0	0.20689655172413793
0.0	1.0
0.0	0.0
0.0	0.0898876404494382
0.0	1.0
0.0	1.0
-4.034529155205746e-09	1.0
0.0	1.0
0.0	1.0
0.0	1.0
-0.00011771762365242466	1.0
0.0	0.0
0.0	1.0
-6.228043636369307e-10	1.0
0.0	1.0
-0.016693968325853348	0.0
0.0	1.0
-0.0001252436195500195	0.0
0.0	1.0
0.0	1.0
-2.2586278333736054e-11	0.0
0.0	1.0
-0.0002512551436666399	1.0
-0.09796098619699478	0.0
0.0	1.0
0.0	0.0
-0.00014189354260452092	1.0
0.0	1.0
-0.0012060883454978466	1.0
0.0	1.0
0.0	1.0
0.0	1.0
0.0	1.0
0.0	1.0
0.0	0.0
0.0	1.0
-3.9093941972545565e-10	1.0
-7.044886101212474e-15	1.0
0.0	1.0
0.0	1.0
-0.00015685475955251604	1.0
0.0	1.0
-0.00014878551883157343	1.0
0.0	0.0
-3.5205946915084496e-05	1.0
-0.0018260577926412225	0.0
0.0	0.30434782608695654
0.0	1.0
-2.096256821459974e-06	1.0
0.0	1.0
-0.000240789566305466	1.0
-0.00030637564486823976	1.0
-9.88693045655964e-07	1.0
-4.610017185768811e-06	1.0
0.0	1.0
-1.6102175948162767e-07	0.125
-4.1859217481121647e-11	1.0
0.0	1.0
0.0	1.0
-9.789183241082355e-05	0.0
0.0	1.0
0.0	1.0
-0.0020904524717479944	0.0
-0.0006023595342412591	1.0
0.0	0.0
-1.9334103853907436e-05	1.0
0.0	0.37628865979381443
0.0	1.0
-0.00041341656469739974	1.0
-0.000649884925223887	1.0
0.0	1.0
0.0	0.0
-0.00024233595468103886	1.0
-2.3445954866474494e-05	1.0
0.0	1.0
-5.17532680532895e-06	1.0
0.0	1.0
-2.7758027499658056e-05	1.0
0.0	1.0
0.0	1.0
0.0	1.0
0.0	1.0
-5.755807497287435e-10	1.0
0.0	1.0
0.0	1.0
0.0	1.0
0.0	1.0
0.0	0.0
0.0	1.0
0.0	0.0
0.0	1.0
-3.485019988147542e-05	1.0
-0.00013362886966206133	0.0
0.0	1.0
0.0	1.0
0.0	1.0
-0.004645263310521841	0.07692307692307693
0.0	0.0
0.0	1.0
-1.4341874248202657e-06	1.0
0.0	1.0
0.0	0.0
0.0	1.0
-1.0561763907901422e-08	1.0
-2.3648863134440035e-05	1.0
0.0	1.0
-4.282287235923832e-08	1.0
0.0	1.0
-0.0004886394599452615	1.0
0.0	1.0
-1.5655109431023106e-09	1.0
0.0	1.0
0.0	1.0
0.0	1.0
0.0	1.0
-0.0021713492460548878	0.11764705882352941
0.0	1.0
0.0	0.0
0.0	0.0
0.0	1.0
-3.885691967298044e-06	1.0
0.0	1.0
-4.503666559685371e-07	0.5876623376623377
0.0	1.0
-5.401124872150831e-05	1.0
0.0	0.2403846153846154
0.0	1.0
0.0	1.0
-0.003192440140992403	0.0
-2.4645754592711455e-07	1.0
-0.00021910226496402174	1.0
0.0	0.0
0.0	1.0
0.0	1.0
-8.587686897953972e-05	0.0
-0.0034478986635804176	1.0
0.0	1.0
0.0	0.0
-1.0904552283363955e-07	1.0
0.0	1.0
-0.000339089980116114	1.0
-3.606500431629911e-09	1.0
0.0	1.0
-0.00230907229706645	0.5
-0.000679163436871022	0.042105263157894736
-7.97818813680351e-07	1.0
-0.00016552962188143283	0.0
-2.2894777430337854e-05	1.0
0.0	1.0
-0.0006996058509685099	1.0
-9.774566569831222e-05	1.0
0.0	1.0
-0.0023186879698187113	1.0
0.0	1.0
0.0	1.0
-0.0007085537072271109	1.0
0.0	1.0
-3.438021303736605e-05	1.0
0.0	1.0
0.0	0.14285714285714285
-2.6987074761564145e-06	1.0
0.0	0.0
-3.1206973289954476e-06	1.0
0.0	1.0
0.0	1.0
-3.352717783400294e-07	1.0
-4.1486064219498076e-06	0.0
0.0	1.0
0.0	1.0
0.0	1.0
-5.477932631947624e-07	1.0
0.0	1.0
0.0	1.0
-0.010357598774135113	1.0
0.0	1.0
0.0	1.0
-1.745345252857078e-05	1.0
-0.0010740436846390367	1.0
0.0	1.0
-0.0006795220542699099	0.16319444444444445
-0.00016455761215183884	1.0
-8.985243105108509e-11	1.0
-0.002569881035014987	0.0
-8.79677008924773e-06	1.0
0.0	1.0
0.0	1.0
-0.005093757528811693	0.0
0.0	0.0
0.0	1.0
-0.00024843335268087685	1.0
-0.0003484028566163033	1.0
0.0	1.0
-3.372040009708144e-05	1.0
-0.01146308146417141	0.0
0.0	0.0
0.0	0.30303030303030304
0.0	1.0
-0.001450106967240572	1.0
-1.710485780792581e-10	1.0
-3.6556014038069407e-06	1.0
0.0	1.0
0.0	1.0
-0.0014476688811555505	0.1
0.0	1.0
-1.3372168723435607e-05	0.8571428571428571
0.0	0.25
0.0	1.0
0.0	1.0
0.0	0.9066666666666666
-0.0006397014949470758	1.0
0.0	0.3010752688172043
-0.0002860412059817463	1.0
0.0	0.0
-0.0008877405780367553	1.0
0.0	0.0
0.0	1.0
-5.412490281742066e-06	0.0
-0.0019016744336113334	0.09285714285714286
-4.207132224109955e-05	1.0
0.0	0.0
-8.619244762364531e-10	1.0
-1.7738560927682556e-05	1.0
0.0	1.0
0.0	1.0
0.0	1.0
0.0	1.0
0.0	1.0
-1.4517391718982253e-05	0.04878048780487805
0.0	1.0
0.0	1.0
-0.0002201852184953168	1.0
-0.00015640688070561737	1.0
0.0	1.0
-0.0012047445634379983	1.0
-2.726146522036288e-05	0.058823529411764705
0.0	0.0
-1.682778020040132e-06	1.0
0.0	1.0
0.0	1.0
-2.0299381503718905e-05	1.0
0.0	1.0
0.0	1.0
0.0	1.0
0.0	1.0
0.0	1.0
-0.01129880640655756	0.0
0.0	1.0
-3.5024559207758044e-12	1.0
0.0	1.0
0.0	1.0
0.0	1.0
-4.335214687234412e-10	1.0
0.0	1.0
0.0	1.0
-0.00048020752728916705	1.0
0.0	1.0
-6.199687777552754e-05	1.0
0.0	1.0
0.0	1.0
0.0	1.0
0.0	1.0
0.0	1.0
-2.3521579350926913e-05	1.0
0.0	1.0
0.0	1.0
0.0	1.0
0.0	1.0
-4.2447942405487993e-07	0.037037037037037035
0.0	1.0
-0.0002802694507408887	1.0
0.0	1.0
0.0	1.0
0.0	1.0
0.0	1.0
0.0	1.0
0.0	1.0
-0.060378238558769226	0.125
0.0	0.058823529411764705
0.0	1.0
0.0	0.3793103448275862
0.0	1.0
0.0	0.0
-1.0002123417507391e-05	1.0
0.0	1.0
