0.0	1.0
-0.0011766429524868727	0.0
-1.3984735005578841e-06	1.0
0.0	1.0
0.0	0.19851576994434136
-0.0005877138464711607	0.0
0.0	1.0
0.0	1.0
0.0	0.030303030303030304
0.0	0.0
-9.932177817972843e-07	1.0
-0.0003987890959251672	1.0
0.0	1.0
0.0	1.0
0.0	1.0
-1.2783273461991485e-07	1.0
0.0	0.0
-0.0006885809125378728	1.0
0.0	1.0
-9.279949881602079e-05	1.0
0.0	0.25443786982248523
-0.0005967974429950118	1.0
-0.00021481732255779207	1.0
0.0	1.0
-0.00014924640709068626	1.0
0.0	1.0
-0.00012250432337168604	1.0
0.0	0.0
-7.581596150885161e-07	1.0
0.0	1.0
-2.1838373868376948e-05	1.0
0.0	1.0
-0.00017647165805101395	1.0
0.0	1.0
0.0	0.044444444444444446
-2.930574186099655e-11	1.0
-3.1082741770660505e-05	1.0
-1.121580110144578e-13	1.0
-7.257070920758946e-13	1.0
0.0	0.12060301507537688
-5.489769591804361e-06	0.0
0.0	1.0
-0.009138672612607479	0.3442622950819672
-0.0011488524032756686	1.0
-6.613662117160857e-05	1.0
-1.8348997400607914e-05	1.0
0.0	0.0
-0.0017254702979698777	1.0
0.0	1.0
0.0	1.0
0.0	0.0
-4.869455369771458e-05	0.0
0.0	1.0
0.0	1.0
-9.538642764539418e-09	1.0
0.0	0.07194244604316546
0.0	1.0
0.0	1.0
-4.96174878961142e-09	0.0
-9.104795753955841e-05	1.0
0.0	0.0
-6.6740881266014185e-06	1.0
0.0	0.008928571428571428
0.0	1.0
-3.4416313354768135e-08	1.0
0.0	0.0
0.0	1.0
0.0	1.0
0.0	1.0
-3.6747769627254456e-07	1.0
-4.849612196267117e-07	1.0
0.0	1.0
0.0	1.0
0.0	0.0
0.0	1.0
-2.005014721362386e-06	1.0
-0.0003464847686700523	1.0
0.0	1.0
-0.001042590825818479	1.0
-0.005083399824798107	0.0
0.0	1.0
0.0	1.0
-6.167381798150018e-05	1.0
0.0	1.0
0.0	1.0
0.0	1.0
-2.667675471457187e-05	1.0
0.0	1.0
-0.010860929265618324	0.0
0.0	1.0
0.0	1.0
0.0	1.0
0.0	1.0
0.0	1.0
-0.030624255537986755	0.0
0.0	1.0
-1.910035734908888e-06	1.0
0.0	1.0
-0.0004283019225113094	1.0
0.0	1.0
0.0	1.0
-3.937110637508567e-09	1.0
0.0	1.0
0.0	0.0
-1.3051268865638121e-07	1.0
-0.00048779768985696137	1.0
-9.449205390410498e-05	0.0
0.0	1.0
-0.0014822568045929074	0.0
0.0	0.35
-7.263928273459896e-05	1.0
-0.0010261881398037076	0.36551724137931035
-3.853648991025693e-07	1.0
0.0	1.0
-0.0001714638783596456	1.0
0.0	1.0
0.0	1.0
0.0	1.0
0.0	1.0
0.0	0.0
0.0	1.0
0.0	0.11666666666666667
0.0	1.0
0.0	1.0
-0.0003189647977706045	1.0
0.0	1.0
0.0	1.0
-1.9981722289230675e-05	1.0
0.0	1.0
-7.832463921886301e-08	0.4024390243902439
0.0	1.0
0.0	1.0
0.0	1.0
-0.0003476224956102669	1.0
-0.002750864950940013	1.0
-0.0008614312973804772	1.0
-1.2153664359637606e-11	0.0
0.0	0.0
-0.0006081558531150222	0.5655172413793104
0.0	1.0
0.0	1.0
-0.03515193238854408	0.0
-1.8282064047525637e-05	1.0
0.0	1.0
-9.48294109548442e-06	1.0
-2.5771036234800704e-05	0.0
-0.0021756314672529697	0.0
-8.887772128218785e-05	1.0
-0.025486940518021584	0.0
0.0	1.0
0.0	1.0
0.0	1.0
0.0	0.011111111111111112
0.0	1.0
0.0	1.0
0.0	1.0
-0.0030479219276458025	1.0
0.0	1.0
-0.024524612352252007	0.0
0.0	1.0
0.0	0.0
0.0	1.0
0.0	1.0
0.0	1.0
0.0	1.0
-3.6021709092892706e-05	0.0
-1.3471195359215926e-07	1.0
0.0	1.0
-0.0008681613253429532	1.0
0.0	1.0
0.0	1.0
-0.0046930755488574505	0.4090909090909091
0.0	1.0
0.0	0.08333333333333333
0.0	1.0
-0.0021598597522825003	1.0
0.0	1.0
0.0	1.0
0.0	0.38461538461538464
-3.5737593861995265e-05	0.0
0.0	1.0
0.0	1.0
0.0	1.0
-0.000131390115711838	1.0
-0.0003003578167408705	0.0
-2.4908315481297905e-06	1.0
-2.5917849545134194e-14	1.0
0.0	1.0
-3.982918497058563e-05	1.0
0.0	1.0
-5.9366873756516725e-05	1.0
-0.0007007488748058677	1.0
0.0	1.0
0.0	1.0
-0.0002330312127014622	1.0
0.0	1.0
0.0	0.0
0.0	1.0
0.0	1.0
0.0	1.0
-8.017825166461989e-05	1.0
0.0	1.0
0.0	1.0
0.0	1.0
-3.2915156680246582e-06	1.0
-0.0007079957867972553	0.4090909090909091
0.0	0.0
0.0	1.0
0.0	1.0
0.0	0.0
0.0	1.0
-6.299812866927823e-06	1.0
0.0	1.0
0.0	1.0
0.0	1.0
0.0	1.0
0.0	1.0
0.0	1.0
-3.282110030262096e-14	1.0
-9.123094059759751e-05	1.0
-0.0005048505263403058	1.0
0.0	1.0
0.0	1.0
-0.00030557141872122884	1.0
0.0	1.0
0.0	1.0
-2.0667631872584025e-07	0.0
-3.043021024495829e-05	1.0
0.0	1.0
0.0	1.0
0.0	1.0
-3.8761245946261624e-07	1.0
0.0	0.0
0.0	1.0
0.0	1.0
0.0	1.0
0.0	0.0
0.0	1.0
-0.0004209220933262259	1.0
0.0	1.0
0.0	0.0
-3.797614738232369e-07	0.0
0.0	1.0
0.0	0.0
0.0	1.0
0.0	1.0
0.0	1.0
0.0	1.0
-0.0002946317254099995	1.0
-0.0013554811011999846	1.0
0.0	1.0
0.0	1.0
0.0	0.0
0.0	1.0
-4.5755059545626864e-05	1.0
-1.863039642557851e-07	1.0
-2.7049652999266982e-05	1.0
-0.0003315740905236453	1.0
0.0	1.0
-0.02605174295604229	0.0
0.0	1.0
0.0	1.0
0.0	1.0
-0.003690015524625778	0.0
0.0	0.0
-0.00039820620440877974	1.0
-0.0005582732846960425	0.10344827586206896
0.0	1.0
0.0	1.0
0.0	1.0
0.0	1.0
0.0	1.0
-2.989364838867914e-05	1.0
-0.003144353860989213	0.0
-9.690703154774383e-05	1.0
0.0	1.0
-0.01578221656382084	0.0
0.0	1.0
-0.00027325775590725243	0.0
-6.424243803593299e-09	1.0
0.0	1.0
0.0	1.0
-6.516506778631026e-10	1.0
-0.002445514779537916	0.2608695652173913
0.0	1.0
-2.06396703106293e-06	0.0
0.0	1.0
-0.0002667153312359005	0.0
-0.0017746812663972378	0.125
-5.5856714809010555e-09	1.0
0.0	1.0
0.0	1.0
0.0	0.0
0.0	1.0
-0.001575092552229762	1.0
-0.00077668676385656	1.0
-5.059612885816023e-05	1.0
-0.00011269209062447771	0.0
-2.2487248608343835e-12	1.0
0.0	1.0
-3.777361712309357e-08	1.0
0.0	1.0
0.0	1.0
0.0	1.0
0.0	1.0
-2.983508056786377e-05	1.0
-4.327635542722419e-05	1.0
-2.5457836727582617e-08	1.0
0.0	1.0
-0.019088169559836388	1.0
0.0	1.0
-1.2355725630186498e-05	0.0
0.0	0.25
0.0	0.0
-0.0006564322393387556	1.0
-0.000247170333750546	0.0
0.0	1.0
-5.641436655423604e-05	1.0
0.0	1.0
0.0	1.0
-4.205448931315914e-07	1.0
0.0	1.0
0.0	1.0
0.0	1.0
0.0	1.0
0.0	1.0
0.0	1.0
-0.009652693755924702	0.0
0.0	0.0
-0.0003239907673560083	1.0
0.0	1.0
0.0	1.0
-0.0009404437150806189	1.0
-0.0015318874502554536	1.0
-0.000378311553504318	1.0
-6.998476601438597e-05	1.0
0.0	1.0
-0.0015966790961101651	1.0
0.0	0.8070175438596491
0.0	1.0
0.0	0.0
-1.9049020920647308e-06	0.0
0.0	1.0
0.0	1.0
0.0	1.0
0.0	1.0
0.0	0.075
0.0	1.0
-0.047443993389606476	0.0
0.0	0.0
-3.371521961526014e-05	1.0
0.0	1.0
0.0	1.0
-0.0001062380542862229	1.0
0.0	1.0
-1.3661042430612724e-05	0.192
0.0	1.0
0.0	1.0
-0.001897061592899263	1.0
0.0	1.0
0.0	1.0
0.0	1.0
0.0	1.0
0.0	1.0
0.0	1.0
0.0	0.0
-4.174866626271978e-05	1.0
0.0	1.0
-1.4842031532680267e-06	1.0
0.0	1.0
0.0	1.0
0.0	1.0
0.0	1.0
0.0	1.0
-0.00019030245312023908	1.0
0.0	1.0
0.0	1.0
0.0	0.0
0.0	1.0
-0.000897084129974246	0.0
-0.000691090477630496	1.0
-1.5776413508916676e-09	1.0
0.0	1.0
0.0	1.0
-0.0003111266123596579	1.0
-0.0004705804749391973	1.0
-1.355936547042802e-05	1.0
-1.1533886692949302e-11	1.0
0.0	1.0
0.0	1.0
0.0	1.0
0.0	1.0
-1.018086913973093e-05	0.0
0.0	1.0
0.0	1.0
-1.0935613317997195e-05	1.0
0.0	1.0
-1.783073230399168e-06	1.0
-9.130436956183985e-05	1.0
0.0	1.0
0.0	1.0
-0.000643453560769558	0.0
-0.007094867993146181	0.0
0.0	1.0
0.0	1.0
0.0	1.0
0.0	1.0
-5.8680292568169534e-05	0.25
0.0	1.0
0.0	1.0
0.0	1.0
0.0	1.0
0.0	1.0
-2.773716687443084e-07	1.0
0.0	1.0
0.0	1.0
-0.0011564816813915968	0.0
0.0	0.5714285714285714
-0.00011733723658835515	1.0
0.0	1.0
0.0	1.0
0.0	1.0
0.0	0.3333333333333333
-0.00019261750276200473	1.0
-5.060207968199393e-06	1.0
-0.016508935019373894	0.0
-0.00010107236448675394	1.0
0.0	1.0
-5.088192551738757e-07	0.041666666666666664
0.0	1.0
0.0	1.0
0.0	1.0
-0.02555203251540661	0.0
0.0	1.0
-1.9584585970733315e-06	1.0
0.0	1.0
0.0	1.0
-3.6963072034268407e-06	0.0
0.0	1.0
0.0	1.0
0.0	1.0
0.0	1.0
0.0	0.8571428571428571
-0.0073820240795612335	0.043478260869565216
-0.00010193257185164839	1.0
0.0	1.0
0.0	1.0
-1.4065261893847492e-05	1.0
-0.0004195910878479481	1.0
0.0	1.0
-0.018544688820838928	0.0
-3.9425012801075354e-05	1.0
0.0	1.0
0.0	0.125
-7.807829547346046e-07	1.0
0.0	0.0
0.0	0.0
0.0	1.0
-0.008199973963201046	0.0
0.0	1.0
-2.551875866174669e-07	1.0
0.0	1.0
0.0	1.0
0.0	1.0
-0.0017028506845235825	1.0
-9.436844266019762e-06	1.0
0.0	1.0
0.0	1.0
0.0	1.0
0.0	1.0
-0.00012703207903541625	1.0
-0.0004619914689101279	1.0
0.0	1.0
0.0	1.0
0.0	0.1282051282051282
-0.002813273575156927	1.0
0.0	1.0
0.0	1.0
-0.00019342174346093088	0.08333333333333333
0.0	1.0
0.0	1.0
0.0	1.0
-0.00025466829538345337	1.0
-0.00029973775963298976	1.0
-0.00032739300513640046	1.0
0.0	1.0
0.0	1.0
-9.151613085123245e-06	1.0
