0.0	1.0
0.0	0.0
0.0	0.0
0.0	0.0
0.0	1.0
0.0	1.0
0.0	1.0
0.0	1.0
-8.551551688995573e-10	1.0
0.0	0.0
0.0	1.0
0.0	1.0
-0.003229464404284954	0.0
0.0	1.0
0.0	1.0
-6.42660188532318e-06	1.0
0.0	1.0
0.0	1.0
-8.914823411032557e-05	0.0
0.0	1.0
-0.0026404568925499916	1.0
-6.015155122440774e-06	1.0
-0.0002697992604225874	0.0
-0.0003334128705319017	0.0
0.0	1.0
0.0	1.0
0.0	0.0
0.0	1.0
-8.785957470536232e-05	1.0
0.0	1.0
-0.00010723025479819626	1.0
0.0	1.0
0.0	1.0
0.0	0.4186046511627907
0.0	1.0
0.0	1.0
0.0	1.0
0.0	0.0
-5.50526647202787e-06	0.0
0.0	0.0
-0.0003552865528035909	0.0
-6.900566222611815e-05	1.0
0.0	0.004464285714285714
0.0	1.0
0.0	1.0
0.0	0.0
0.0	1.0
0.0	0.08823529411764706
-0.0009366158046759665	1.0
-0.006415301468223333	0.0
-0.0037090147379785776	0.0
0.0	1.0
0.0	1.0
0.0	1.0
0.0	0.0
0.0	0.0
-6.104953627072973e-06	1.0
-1.6844498418322473e-07	0.0
0.0	1.0
0.0	1.0
0.0	1.0
0.0	1.0
0.0	1.0
0.0	1.0
-0.0005112044746056199	0.0
-3.233140006262715e-14	0.0
-2.1188807153293965e-08	1.0
0.0	1.0
-0.0015840318519622087	1.0
0.0	1.0
0.0	1.0
-0.016618069261312485	0.0
-8.574069215683267e-05	1.0
0.0	1.0
0.0	0.02097902097902098
0.0	0.0
0.0	1.0
0.0	1.0
0.0	1.0
-9.716158274386544e-06	1.0
0.0	1.0
0.0	0.0
0.0	1.0
0.0	0.0
-0.00029125454602763057	1.0
-1.7037460793289938e-06	1.0
0.0	1.0
-0.005706854164600372	0.0
0.0	1.0
-0.002096440177410841	0.0
-0.01847432553768158	0.0
0.0	1.0
-0.0008668481605127454	0.0
0.0	1.0
0.0	1.0
-6.403361998627566e-13	0.0
-2.1557931828564136e-10	1.0
-2.4592909539933316e-05	1.0
0.0	1.0
0.0	0.0
0.0	1.0
0.0	1.0
0.0	1.0
0.0	1.0
0.0	1.0
0.0	0.44385026737967914
0.0	1.0
-0.0001988364674616605	1.0
0.0	1.0
-4.58153044746723e-05	1.0
0.0	1.0
0.0	1.0
0.0	1.0
0.0	0.0
0.0	1.0
0.0	0.08287292817679558
0.0	0.0333889816360601
0.0	1.0
-4.5580978280668205e-07	1.0
0.0	1.0
0.0	0.0
0.0	1.0
0.0	1.0
0.0	1.0
-6.606608167203376e-06	1.0
-6.686820415779948e-05	1.0
0.0	0.0
0.0	1.0
-4.886962051386945e-05	1.0
-1.871282802312635e-05	0.0
0.0	1.0
0.0	1.0
-0.0018268456915393472	1.0
-1.3403489429464344e-09	1.0
0.0	1.0
0.0	0.0
0.0	1.0
-1.278813253208222e-11	1.0
0.0	1.0
0.0	1.0
0.0	1.0
0.0	1.0
0.0	0.39300134589502017
0.0	1.0
-1.1261473673584987e-06	0.0
0.0	1.0
0.0	1.0
-1.0469263543200213e-05	1.0
-0.0002863003173843026	1.0
0.0	0.0
0.0	1.0
-0.0006093124393373728	0.0
-0.0004651881172321737	1.0
0.0	1.0
0.0	0.6280752532561505
0.0	0.0
0.0	1.0
-0.002642279025167227	0.0
-0.002587426220998168	1.0
0.0	1.0
-3.1303667213933295e-08	1.0
0.0	1.0
0.0	1.0
0.0	1.0
0.0	1.0
-8.509832971620576e-17	1.0
0.0	1.0
0.0	1.0
-1.028558127558199e-08	1.0
0.0	1.0
0.0	1.0
-1.670652454777155e-05	0.0
0.0	0.0
0.0	1.0
-0.003906339406967163	0.0
0.0	0.0
0.0	1.0
-1.7733741515257861e-06	1.0
-3.0156666070979554e-06	1.0
-0.0011172319063916802	1.0
-2.2675371269542666e-07	1.0
0.0	1.0
0.0	1.0
-2.97422642070444e-09	0.0
0.0	1.0
0.0	0.04891304347826087
0.0	1.0
0.0	0.0
-8.530574291398807e-08	0.0
0.0	0.0
0.0	1.0
0.0	1.0
0.0	0.21206030150753769
0.0	1.0
0.0	0.0
0.0	1.0
0.0	1.0
0.0	1.0
-5.785677785752341e-05	0.0
0.0	0.0
-3.5268454666947946e-05	0.0
-1.0525686633400255e-07	1.0
-1.0000784413932706e-06	0.0
0.0	1.0
0.0	0.1913946587537092
-3.250558933132197e-08	0.0
0.0	1.0
-2.696620867936872e-05	1.0
0.0	1.0
0.0	1.0
0.0	1.0
-8.213910973609018e-08	1.0
0.0	1.0
0.0	1.0
0.0	0.006756756756756757
0.0	0.0
-0.000409576459787786	1.0
-7.210212788777426e-05	1.0
0.0	1.0
-6.814927473897114e-05	1.0
-4.840519977733493e-05	1.0
-0.02160227671265602	0.0
-0.002621040679514408	1.0
-0.00011723297939170152	1.0
0.0	1.0
-0.0014530624030157924	1.0
0.0	1.0
-0.0006947073270566761	1.0
0.0	1.0
0.0	1.0
-3.739336898433976e-05	0.2600229095074456
0.0	1.0
-5.7786623074207455e-05	1.0
0.0	1.0
-0.00023053886252455413	1.0
-3.3937751595658483e-06	1.0
0.0	1.0
0.0	1.0
0.0	1.0
0.0	1.0
0.0	1.0
0.0	0.0
0.0	1.0
-0.002727027516812086	0.0
-0.0024218992330133915	1.0
0.0	1.0
0.0	1.0
0.0	1.0
0.0	1.0
-4.2344245230196975e-06	0.23205741626794257
0.0	1.0
0.0	1.0
0.0	1.0
0.0	1.0
-0.0005962660652585328	1.0
0.0	0.0
-2.025652293013991e-06	0.0
-4.7283843507273104e-09	1.0
0.0	0.2371392722710163
0.0	1.0
-1.2608671795533155e-06	0.0
-0.0001361349131911993	0.2202970297029703
-0.0001551325840409845	1.0
-1.6788338541573467e-07	1.0
0.0	1.0
-2.2870699467603117e-07	1.0
-0.0002838936634361744	1.0
0.0	1.0
-4.671588612836786e-06	1.0
-0.00010789216321427375	1.0
0.0	1.0
0.0	1.0
0.0	1.0
0.0	0.0
-0.0032616378739476204	1.0
-8.3610721048899e-05	0.0
0.0	1.0
0.0	1.0
0.0	1.0
0.0	0.0
0.0	1.0
0.0	0.0
0.0	1.0
0.0	0.0
-0.019945703446865082	0.0
-1.4407666171223354e-09	1.0
-2.420356759103015e-05	1.0
0.0	1.0
0.0	1.0
0.0	0.0
0.0	1.0
-0.000599806837271899	1.0
-1.776742828951683e-05	1.0
-1.5399061226162303e-07	0.0
-0.0002739415504038334	1.0
-0.0016140809748321772	1.0
-6.10515087373642e-07	0.0
0.0	0.0
0.0	0.0
0.0	1.0
-0.00011231097596464679	0.0
0.0	1.0
0.0	0.008
-2.8356937036733143e-05	1.0
0.0	0.0
-1.958326834028412e-09	1.0
0.0	1.0
0.0	1.0
0.0	1.0
0.0	0.0
-0.0003459936415310949	1.0
-0.00011619583528954536	1.0
0.0	1.0
0.0	1.0
0.0	1.0
0.0	0.0
-1.042035819409648e-05	0.0
-0.00041240238351747394	1.0
-0.00020470998424571007	1.0
0.0	1.0
0.0	1.0
0.0	1.0
-3.096962473136955e-06	1.0
0.0	1.0
0.0	0.0
0.0	1.0
-7.505048529310443e-07	0.0
0.0	0.0
0.0	1.0
0.0	0.0
0.0	1.0
0.0	1.0
0.0	1.0
-7.795499641360948e-07	0.0
-0.00013096173643134534	1.0
0.0	1.0
-3.5586672311183065e-05	1.0
0.0	0.0
-0.00022126307885628194	0.716
0.0	1.0
-9.7764632300823e-06	0.0
0.0	1.0
0.0	1.0
0.0	1.0
0.0	1.0
0.0	1.0
-0.00011153402738273144	1.0
0.0	0.0
0.0	1.0
0.0	1.0
-6.639259663643315e-05	1.0
0.0	1.0
0.0	0.5789473684210527
0.0	1.0
0.0	0.0
-4.101999365957454e-05	1.0
0.0	1.0
0.0	1.0
0.0	1.0
0.0	1.0
0.0	1.0
-0.0007331044762395322	0.0091324200913242
-0.012505840510129929	0.0
0.0	1.0
0.0	1.0
0.0	1.0
-0.0013946013059467077	0.0
0.0	1.0
0.0	1.0
-4.540958798315842e-06	1.0
0.0	1.0
-6.128342192823766e-06	0.0
-8.46913899295032e-05	1.0
0.0	1.0
0.0	0.42514285714285716
-4.169503154116683e-05	0.0
-1.3618408445381647e-07	0.0
0.0	0.0
-1.8764483300515167e-09	1.0
0.0	1.0
-0.001116669038310647	1.0
0.0	1.0
0.0	1.0
-0.0011882343096658587	1.0
0.0	0.4972972972972973
-2.744551750311075e-07	1.0
0.0	1.0
0.0	1.0
0.0	1.0
0.0	1.0
0.0	1.0
-0.0002941104758065194	1.0
0.0	0.15417106652587118
0.0	1.0
-0.00014910947356838733	1.0
0.0	1.0
0.0	1.0
0.0	1.0
0.0	0.0
0.0	0.0
0.0	1.0
-4.038514873627719e-07	1.0
0.0	1.0
0.0	0.0
0.0	0.0
0.0	1.0
0.0	1.0
-4.4598386011784896e-05	1.0
-2.1285686754857203e-11	0.02170767004341534
0.0	1.0
0.0	1.0
0.0	0.34442836468885674
-2.069149331873632e-06	0.0
0.0	1.0
0.0	1.0
0.0	0.0
-2.690111671199702e-07	1.0
-0.00040045304922387004	1.0
0.0	0.0
-0.000367582164471969	1.0
-0.00013707725156564265	1.0
0.0	1.0
-3.168099738104502e-07	0.0
0.0	0.0
-0.003032551845535636	1.0
0.0	1.0
0.0	0.0
0.0	1.0
0.0	0.0199501246882793
0.0	1.0
0.0	1.0
-0.00014459399972110987	1.0
0.0	0.0
0.0	1.0
-1.0155771633435506e-05	1.0
-0.013263165019452572	0.0
0.0	1.0
-5.839402001583949e-05	0.0
0.0	0.006423982869379015
0.0	1.0
0.0	0.0
-5.1648850785568357e-05	0.256
0.0	1.0
-5.296820745570585e-05	1.0
-0.0027134031988680363	0.0
0.0	0.0
0.0	1.0
0.0	1.0
-0.00042818280053325	1.0
0.0	0.0
0.0	1.0
-0.00022438557061832398	1.0
0.0	0.0
0.0	1.0
0.0	1.0
-2.4700963049593093e-16	1.0
-0.00025032160920090973	1.0
0.0	1.0
0.0	0.0
0.0	1.0
-7.385254866676405e-05	1.0
0.0	1.0
-7.570877187390579e-06	1.0
0.0	1.0
-0.00018109276425093412	1.0
0.0	0.08695652173913043
0.0	1.0
0.0	1.0
0.0	1.0
0.0	1.0
0.0	1.0
0.0	1.0
-0.008302262984216213	0.0
-1.636570914342883e-06	1.0
0.0	0.04856512141280353
0.0	1.0
0.0	0.0
0.0	0.0
0.0	0.0
0.0	1.0
0.0	1.0
0.0	1.0
-0.00045835142373107374	0.22282608695652173
-0.00010862752969842404	1.0
0.0	1.0
0.0	1.0
-1.877444447018206e-05	0.0
0.0	1.0
0.0	1.0
0.0	1.0
-1.4446013096858223e-07	1.0
-0.008642489090561867	0.0
0.0	1.0
0.0	1.0
0.0	0.0
0.0	0.0
0.0	1.0
-0.0003750341129489243	1.0
0.0	1.0
0.0	1.0
0.0	1.0
0.0	0.5481481481481482
0.0	1.0
-7.698970148339868e-05	0.36624569460390355
0.0	1.0
0.0	1.0
0.0	1.0
0.0	1.0
0.0	0.4857496902106567
-0.0023704415652900934	1.0
-0.0009389225742779672	1.0
0.0	1.0
0.0	1.0
0.0	0.012903225806451613
-7.371919963361506e-08	0.025906735751295335
0.0	1.0
-0.018045155331492424	0.0
0.0	1.0
-4.080772164627433e-09	1.0
0.0	1.0
0.0	1.0
0.0	1.0
0.0	1.0
0.0	1.0
-4.3115520384162664e-05	1.0
-2.3608529886587348e-07	1.0
0.0	0.002347417840375587
0.0	1.0
-1.5892539522610605e-05	0.0
0.0	1.0
0.0	1.0
0.0	1.0
0.0	0.0
0.0	1.0
-0.0014117483515292406	1.0
-0.00011892100155819207	1.0
0.0	1.0
0.0	0.0
0.0	1.0
0.0	1.0
-3.48948745454436e-08	1.0
0.0	1.0
0.0	1.0
0.0	0.0
-4.0444965634378605e-06	1.0
0.0	1.0
-0.0009478040738031268	1.0
0.0	1.0
-0.01120755635201931	0.0
-4.0774311010904896e-12	0.0
0.0	1.0
0.0	1.0
0.0	1.0
0.0	0.0
0.0	1.0
0.0	1.0
0.0	1.0
0.0	1.0
-1.751670986038789e-08	1.0
0.0	1.0
0.0	0.0
-8.676732221601924e-08	1.0
-0.0007949042483232915	1.0
0.0	1.0
-4.754213659907691e-05	1.0
0.0	0.0
-0.00035787178785540164	1.0
0.0	1.0
0.0	1.0
0.0	1.0
-0.00020475090423133224	0.0
0.0	1.0
-0.0005293703288771212	0.0
0.0	0.0
0.0	1.0
0.0	1.0
0.0	1.0
-0.0004325740737840533	1.0
0.0	1.0
0.0	1.0
-0.0019503651419654489	0.0
-0.0001531822344986722	1.0
0.0	1.0
-0.032487958669662476	0.0
0.0	0.07407407407407407
0.0	1.0
0.0	1.0
0.0	1.0
-0.0013696671230718493	1.0
0.0	1.0
-0.00030809702002443373	0.0
-5.210823928791797e-06	1.0
0.0	1.0
0.0	1.0
0.0	1.0
0.0	1.0
0.0	1.0
-0.004224447067826986	0.0
0.0	0.0
0.0	1.0
0.0	1.0
-7.373309199465439e-05	1.0
-4.425964652909897e-05	1.0
0.0	1.0
0.0	1.0
0.0	1.0
0.0	1.0
0.0	0.0
-0.00058908382197842	1.0
-4.530609294306487e-05	0.0
0.0	1.0
0.0	1.0
-6.608649709960446e-05	1.0
0.0	1.0
0.0	0.0
