0.0	0.0
0.0	1.0
0.0	0.0
0.0	1.0
0.0	0.0
0.0	1.0
0.0	0.0
-1.2531220505707097e-09	1.0
0.0	1.0
-3.403467303542129e-07	1.0
-4.5333879825193435e-05	1.0
0.0	1.0
0.0	1.0
0.0	1.0
-2.1920328663327382e-07	0.0
0.0	1.0
0.0	1.0
0.0	0.15789473684210525
-0.0004157465882599354	1.0
0.0	1.0
-0.007620960474014282	0.0
-0.0007038558251224458	1.0
0.0	1.0
0.0	1.0
-5.113994120620191e-05	1.0
0.0	0.0
0.0	1.0
0.0	1.0
-4.935793185723014e-05	1.0
0.0	0.0
0.0	1.0
0.0	1.0
0.0	1.0
0.0	1.0
0.0	1.0
-0.004028985742479563	0.0
0.0	0.0
0.0	1.0
0.0	1.0
0.0	1.0
0.0	1.0
0.0	1.0
0.0	1.0
-0.0006377742392942309	0.0
0.0	1.0
-0.0001634651853237301	1.0
-0.029354695230722427	0.0
0.0	1.0
0.0	0.22483221476510068
-0.0001637158275116235	1.0
-0.0003308689338155091	1.0
0.0	1.0
0.0	1.0
-6.734130693075713e-06	1.0
-2.461854592183954e-06	0.0
0.0	1.0
-0.0007612322806380689	0.0
0.0	1.0
0.0	1.0
0.0	1.0
-6.451872468460351e-05	0.0
0.0	0.133
-0.0038619935512542725	1.0
-0.000156950976816006	1.0
0.0	1.0
0.0	1.0
0.0	1.0
-0.0014319063629955053	1.0
0.0	1.0
-0.00010795911657623947	0.0
-8.023560127412566e-08	1.0
0.0	1.0
0.0	1.0
0.0	1.0
0.0	1.0
0.0	1.0
0.0	1.0
-2.1657691831933334e-05	1.0
0.0	1.0
0.0	1.0
-0.00035047472920268774	0.0
0.0	1.0
0.0	1.0
0.0	1.0
-6.003199928272807e-07	0.0
0.0	1.0
0.0	1.0
0.0	1.0
0.0	1.0
0.0	1.0
0.0	1.0
0.0	0.0
0.0	0.0
-0.0005873559857718647	1.0
0.0	1.0
0.0	1.0
0.0	1.0
0.0	1.0
0.0	1.0
0.0	1.0
0.0	1.0
0.0	1.0
-0.00017360210767947137	0.0
-6.72086830633134e-11	1.0
-0.0003277933574281633	1.0
0.0	1.0
0.0	1.0
0.0	1.0
0.0	0.1150070126227209
0.0	1.0
-8.264541406788339e-07	1.0
0.0	1.0
0.0	0.0
-0.0025188850704580545	1.0
0.0	1.0
0.0	0.0
0.0	0.0
-0.0005415364867076278	0.0
-0.0005324030062183738	1.0
0.0	1.0
0.0	1.0
-2.468576731917693e-10	1.0
0.0	1.0
0.0	1.0
-0.0019048948306590319	0.0
0.0	1.0
0.0	0.0
-4.084377360413782e-05	1.0
0.0	0.0
0.0	1.0
0.0	1.0
0.0	1.0
0.0	1.0
-0.02105526253581047	0.0
-4.4156029616715387e-05	0.738
-0.0008136177784763277	0.0
0.0	1.0
-4.769434269746853e-08	1.0
-0.01275939866900444	0.0
0.0	1.0
-5.2316321671241894e-05	1.0
-1.1179022152418838e-07	1.0
-0.00010621837282087654	1.0
-0.007004601880908012	0.047619047619047616
-0.02490735612809658	0.0
-0.01010750699788332	0.007207207207207207
0.0	1.0
0.0	1.0
0.0	1.0
-0.00042527829646132886	1.0
0.0	1.0
-0.012892109341919422	0.0
-1.950603473233059e-05	1.0
0.0	1.0
0.0	1.0
0.0	1.0
0.0	1.0
0.0	1.0
-8.360374340554699e-05	1.0
-0.0041176192462444305	0.0
0.0	1.0
0.0	1.0
-6.14535019849427e-05	1.0
0.0	0.0
0.0	1.0
0.0	1.0
-0.0006121142068877816	0.0
0.0	1.0
-1.0658135352059617e-06	1.0
0.0	0.0
0.0	1.0
-0.005013061687350273	1.0
0.0	0.20206489675516223
0.0	0.0
0.0	1.0
-6.021855369908735e-05	1.0
0.0	1.0
-4.645405351766385e-05	1.0
0.0	1.0
0.0	0.0
0.0	1.0
0.0	1.0
0.0	1.0
0.0	0.02292768959435626
-8.075833466136828e-05	1.0
0.0	0.0
-2.60626364934069e-08	1.0
-2.5586848612091373e-11	1.0
0.0	1.0
-1.0968445167236496e-05	1.0
0.0	1.0
0.0	0.0
0.0	1.0
0.0	1.0
0.0	1.0
0.0	1.0
-2.59672524407506e-05	1.0
-2.6516340767557267e-06	0.0
-7.857090622565011e-07	0.0
0.0	1.0
0.0	1.0
-5.817981673317263e-06	0.013071895424836602
-3.626601596806722e-08	1.0
0.0	1.0
-4.208174505038187e-05	0.0017761989342806395
0.0	1.0
-3.372953869984485e-05	1.0
-0.0011425481643527746	0.0
0.0	0.0
0.0	1.0
0.0	0.0
0.0	1.0
0.0	1.0
0.0	1.0
-2.0419197710452863e-07	1.0
0.0	1.0
0.0	0.0
-0.0006522497278638184	1.0
-0.001201510545797646	1.0
0.0	1.0
0.0	0.0
-3.3648985819922927e-09	0.11387163561076605
0.0	1.0
0.0	0.0
-0.0020806537941098213	0.046296296296296294
-0.00014762365026399493	1.0
0.0	0.0
0.0	0.002352941176470588
0.0	1.0
-6.062486335167705e-08	1.0
0.0	1.0
0.0	1.0
-0.00022845904459245503	0.04439511653718091
0.0	0.0
0.0	1.0
-0.0013070058776065707	1.0
-4.51646631205449e-09	0.15831663326653306
0.0	0.0
0.0	0.0125
0.0	0.002717391304347826
-0.003392093116417527	0.002717391304347826
-1.496410186518915e-05	0.0
-1.6841173788861852e-08	1.0
0.0	1.0
0.0	0.0
-1.3872079762222711e-05	0.0
0.0	1.0
0.0	0.0
0.0	1.0
-7.95586165622808e-05	1.0
-0.00010510691208764911	0.0
-0.002837605308741331	0.0
0.0	0.0
-0.00022221077233552933	1.0
0.0	1.0
-0.0010589190060272813	1.0
-4.736935288462973e-09	1.0
-0.0930229127407074	0.0
-4.577837171382271e-05	1.0
-1.37191898375022e-06	0.0
0.0	0.0
0.0	1.0
-0.0005429432494565845	1.0
-6.480197498603957e-06	1.0
0.0	0.14631685166498487
0.0	1.0
-7.772946446493734e-07	1.0
0.0	1.0
0.0	1.0
0.0	1.0
0.0	1.0
-0.00040973976138047874	1.0
0.0	1.0
0.0	1.0
-0.00025106832617893815	1.0
-2.85899150185287e-05	0.0
-9.798084647627547e-05	1.0
-4.870651991950581e-06	0.0
0.0	1.0
0.0	1.0
0.0	1.0
-1.292889805881714e-06	0.016260162601626018
0.0	1.0
0.0	1.0
-0.0009797224774956703	0.0
0.0	1.0
0.0	1.0
0.0	1.0
-6.122077593317954e-06	0.0
0.0	0.0
0.0	1.0
0.0	0.0
0.0	1.0
0.0	0.2163265306122449
0.0	1.0
0.0	1.0
0.0	1.0
0.0	1.0
0.0	0.0
-2.0409745047800243e-05	1.0
0.0	1.0
0.0	1.0
-7.824911153875291e-05	0.0
0.0	1.0
0.0	1.0
-0.0004962349776178598	0.46236559139784944
-1.133416299126111e-05	1.0
-7.413465937133878e-05	1.0
0.0	1.0
-0.0019821403548121452	1.0
-8.611215889686719e-06	1.0
-0.0031250978354364634	0.0
0.0	1.0
-0.07547519356012344	0.0
0.0	1.0
-0.005004528444260359	0.0
-0.00027040482382290065	1.0
-7.005395152859251e-10	1.0
0.0	0.0
0.0	1.0
0.0	0.0
0.0	1.0
0.0	1.0
-0.00011683892080327496	1.0
0.0	1.0
-0.0017962243873625994	0.020676691729323307
0.0	1.0
0.0	1.0
0.0	1.0
0.0	0.13609467455621302
-0.000722366850823164	1.0
0.0	1.0
0.0	1.0
0.0	1.0
0.0	1.0
0.0	0.0
-0.00035836893948726356	1.0
0.0	0.6666666666666666
-0.000126064449432306	1.0
-0.0009510235977359116	1.0
0.0	1.0
0.0	1.0
-1.5924566469038837e-05	1.0
0.0	1.0
0.0	0.0
0.0	1.0
0.0	1.0
-0.00012119245366193354	1.0
-0.0009023353341035545	1.0
0.0	1.0
0.0	1.0
0.0	1.0
0.0	1.0
-0.0032103543635457754	0.0
0.0	1.0
0.0	1.0
0.0	0.0
0.0	1.0
0.0	1.0
0.0	1.0
0.0	1.0
-0.008453557267785072	0.0
0.0	0.0
0.0	1.0
-0.000900711864233017	1.0
-4.086342819675792e-09	1.0
-1.455435164748886e-13	1.0
0.0	1.0
0.0	1.0
0.0	1.0
0.0	1.0
-0.0002102154539898038	1.0
-0.019685974344611168	0.0
0.0	1.0
0.0	1.0
0.0	1.0
0.0	0.02109704641350211
0.0	1.0
0.0	1.0
0.0	1.0
0.0	1.0
-0.0006996718002483249	0.0
0.0	1.0
0.0	1.0
0.0	1.0
0.0	0.08496732026143791
0.0	0.0
-9.89951950032264e-05	0.0
0.0	0.0
-0.005124520044773817	0.0
-0.0008301122579723597	1.0
-0.0005683065974153578	1.0
0.0	1.0
0.0	0.6454248366013072
0.0	0.0
0.0	1.0
-9.335403916566065e-08	1.0
0.0	0.0
-0.0006359508261084557	1.0
0.0	1.0
0.0	1.0
-0.007766387425363064	0.0
-2.68507255896111e-06	0.05970149253731343
0.0	0.0
0.0	1.0
-0.0033683134242892265	1.0
0.0	1.0
0.0	1.0
0.0	0.23684210526315788
0.0	0.0
0.0	1.0
0.0	1.0
0.0	0.0
0.0	0.0
0.0	1.0
0.0	0.8134657836644592
0.0	1.0
-2.5079875953792907e-08	0.10478359908883828
0.0	1.0
0.0	0.0
-0.0003834026865661144	1.0
0.0	1.0
0.0	1.0
-0.00010279056004947051	1.0
0.0	1.0
-0.00037935603177174926	0.0
0.0	1.0
-0.00013442405906971544	1.0
-1.790519263522583e-06	1.0
0.0	1.0
0.0	1.0
0.0	1.0
0.0	1.0
0.0	1.0
-2.302630127815064e-05	1.0
-9.024314749694895e-06	1.0
0.0	1.0
0.0	1.0
0.0	1.0
0.0	0.0
-8.008599252207205e-05	1.0
-0.0001919203787110746	0.0
-0.0007992382161319256	0.0
0.0	1.0
0.0	1.0
-2.0315503661549883e-06	0.0
0.0	1.0
0.0	1.0
0.0	1.0
0.0	1.0
0.0	0.0
0.0	1.0
-2.2510342478909706e-09	1.0
0.0	0.7192622950819673
0.0	1.0
-0.0013144395779818296	1.0
0.0	1.0
0.0	1.0
0.0	1.0
-5.487582893692888e-05	1.0
-0.02018207125365734	0.0
0.0	1.0
-7.237404588522622e-06	0.0
0.0	0.0
-1.055217126122443e-06	1.0
0.0	1.0
0.0	1.0
0.0	1.0
-1.7790165657061152e-05	1.0
0.0	1.0
0.0	1.0
0.0	1.0
0.0	1.0
0.0	1.0
0.0	1.0
0.0	1.0
-0.000901209597941488	1.0
-3.1330145588981395e-07	1.0
0.0	1.0
0.0	1.0
0.0	1.0
0.0	0.0
-7.839870086456813e-09	1.0
0.0	1.0
-0.0004871504788752645	1.0
0.0	1.0
0.0	1.0
-2.3473310761801258e-07	1.0
-0.0009463751339353621	1.0
-0.00365634192712605	0.0
-4.648853428079747e-05	1.0
-0.0027118087746202946	0.0
0.0	1.0
0.0	1.0
0.0	1.0
-0.0003932320396415889	1.0
0.0	1.0
-1.8000716295318853e-07	1.0
0.0	1.0
-3.225005329454689e-08	1.0
-0.0006321073742583394	1.0
0.0	0.0
0.0	0.0
0.0	0.0
-1.4552130778611172e-05	1.0
-1.0391799420972347e-08	0.0
-3.744804052985273e-05	1.0
0.0	1.0
0.0	1.0
0.0	1.0
-2.5798532078624703e-05	1.0
-0.00041592889465391636	1.0
0.0	1.0
0.0	1.0
-0.03985103592276573	0.0
-1.2067940424742574e-08	0.0
-0.00032171065686270595	0.15454545454545454
0.0	1.0
0.0	0.0
-8.652949468057614e-09	0.0
0.0	0.0
0.0	1.0
-0.0013388855149969459	1.0
