-4.005959297614936e-08	1.0
-0.0021236937027424574	0.0
0.0	1.0
-2.813490311837086e-07	1.0
-0.00013251634663902223	1.0
-0.0012766763102263212	0.0
-7.811227931142639e-08	1.0
-3.728717638296075e-05	1.0
0.0	1.0
0.0	1.0
0.0	1.0
0.0	0.0
-9.806336493056733e-06	1.0
0.0	0.0
0.0	1.0
0.0	0.031746031746031744
0.0	0.0
0.0	1.0
-0.002243890194222331	0.15611353711790393
0.0	1.0
-0.0005505529697984457	0.0
0.0	1.0
0.0	1.0
0.0	0.2539863325740319
-8.02081601136706e-09	1.0
-0.0005459770327433944	1.0
-2.6043757316074334e-05	1.0
0.0	1.0
0.0	1.0
0.0	1.0
-0.00710320146754384	1.0
0.0	0.0
-0.0006594620062969625	0.0
0.0	0.030303030303030304
-0.0001472957810619846	0.0
-8.988758963823784e-06	1.0
-0.0014155966928228736	0.7039473684210527
-0.0003883741737809032	1.0
-0.000497072993312031	1.0
-0.0016326946206390858	0.0
-4.811363760381937e-05	0.4067547723935389
-0.025596056133508682	0.0
0.0	1.0
0.0	0.0
0.0	1.0
0.0	0.0
0.0	1.0
0.0	0.1598119858989424
-1.105607589124702e-05	1.0
0.0	1.0
0.0	1.0
0.0	1.0
0.0	1.0
-0.004691516514867544	0.03299203640500569
0.0	1.0
-9.305213666266354e-07	1.0
-1.9154413166688755e-07	1.0
0.0	0.0
-0.00012431407230906188	1.0
-0.0001762330357450992	1.0
-0.018337272107601166	0.0
0.0	1.0
0.0	0.0
-3.014661729139334e-07	1.0
-0.0006723097176291049	0.008368200836820083
0.0	1.0
0.0	1.0
-1.9091314129582315e-07	0.6717557251908397
0.0	1.0
-1.8712091787165264e-07	1.0
-1.0037375661534065e-13	1.0
0.0	1.0
0.0	1.0
0.0	1.0
0.0	1.0
-1.66156996783684e-06	1.0
-2.5422589260415407e-06	1.0
0.0	1.0
-0.0006604688824154437	0.0
-2.8290395448493655e-07	0.0
0.0	1.0
0.0	1.0
0.0	1.0
0.0	1.0
0.0	1.0
-3.9098966226447374e-05	1.0
-3.8275655356301286e-07	1.0
0.0	1.0
0.0	1.0
0.0	1.0
0.0	0.0
0.0	1.0
0.0	1.0
0.0	1.0
0.0	1.0
-0.010034654289484024	0.0
-0.0003918782458640635	1.0
-9.179282187687932e-07	1.0
0.0	0.0
-8.268722922366578e-06	1.0
0.0	1.0
0.0	0.0
0.0	1.0
-0.035266123712062836	0.0
-0.06103918328881264	0.0
-1.4497902157017961e-05	1.0
-0.011016465723514557	0.0
0.0	1.0
0.0	1.0
0.0	1.0
-0.001166702713817358	0.0
0.0	1.0
0.0	1.0
0.0	1.0
0.0	0.0
-1.951883859874215e-05	1.0
0.0	1.0
0.0	0.0
0.0	0.12989921612541994
0.0	1.0
-0.0007484770030714571	1.0
0.0	1.0
-0.0006221776711754501	1.0
-0.0066743278875947	0.0
0.0	1.0
0.0	1.0
0.0	1.0
0.0	1.0
-0.0005871094763278961	1.0
0.0	1.0
0.0	0.0
-8.60737418406643e-05	0.0
-2.19237358578539e-06	0.49162011173184356
0.0	1.0
-0.0005689913523383439	0.0
0.0	0.0
0.0	0.0
-0.002218003151938319	0.0
-0.005077574867755175	0.0
0.0	1.0
0.0	1.0
-0.010928717441856861	0.0
0.0	1.0
-0.0005649630329571664	1.0
0.0	1.0
-2.998507397933281e-08	1.0
0.0	0.0
0.0	1.0
-3.742197236533684e-07	1.0
-0.001317070797085762	0.0
0.0	0.0
-0.001378323882818222	1.0
-3.673595347208902e-05	1.0
0.0	0.0
-0.009279627352952957	0.0
0.0	1.0
-2.6915286071016453e-06	0.024083769633507852
0.0	0.3333333333333333
0.0	1.0
0.0	0.023529411764705882
-0.0007959103677421808	1.0
0.0	1.0
0.0	0.0
0.0	1.0
-0.00037544412771239877	1.0
-2.64483018819206e-10	1.0
-1.5642641301383264e-05	1.0
0.0	1.0
0.0	1.0
0.0	1.0
0.0	1.0
0.0	1.0
-9.099617273022886e-06	1.0
0.0	1.0
-0.0017880757804960012	0.0
-1.4782067410124e-05	1.0
0.0	1.0
0.0	1.0
-2.0551982743199915e-05	1.0
-1.1627526674828914e-07	1.0
0.0	1.0
0.0	1.0
-5.476019941852428e-05	1.0
0.0	1.0
-2.6943969714920968e-05	1.0
0.0	1.0
-0.0016014206921681762	1.0
-3.8038328398215526e-07	0.0
0.0	0.0
0.0	0.09268292682926829
0.0	1.0
0.0	1.0
0.0	1.0
0.0	1.0
-0.0010521626099944115	0.028481012658227847
0.0	1.0
-1.8116786293376208e-08	0.04126984126984127
0.0	1.0
0.0	1.0
0.0	0.03837953091684435
0.0	1.0
0.0	1.0
0.0	1.0
0.0	1.0
0.0	1.0
0.0	1.0
-0.008725105784833431	0.0
-1.316556335950736e-05	1.0
0.0	1.0
0.0	0.0
-0.00011692567204590887	1.0
0.0	1.0
0.0	0.0
0.0	1.0
0.0	1.0
0.0	1.0
0.0	0.0
0.0	1.0
0.0	1.0
-8.085266927082557e-07	1.0
0.0	1.0
0.0	1.0
0.0	1.0
0.0	1.0
0.0	1.0
0.0	0.0
0.0	1.0
0.0	1.0
0.0	0.0
0.0	1.0
-4.039191117044538e-05	1.0
0.0	0.028784648187633263
0.0	0.0
0.0	0.0
0.0	1.0
0.0	0.0
-6.732493229577585e-09	1.0
-1.088393764803186e-05	1.0
0.0	1.0
0.0	1.0
0.0	1.0
-2.8187767675547093e-09	1.0
0.0	1.0
-0.0002695423609111458	1.0
0.0	1.0
0.0	0.0
0.0	1.0
0.0	1.0
0.0	1.0
-6.72171518090181e-05	0.0
-0.0024461140856146812	0.0
0.0	1.0
-3.2981846743496135e-05	1.0
0.0	1.0
-0.0013400070602074265	0.603112840466926
-0.00013969196879770607	1.0
0.0	1.0
-0.0002895531360991299	0.16720604099244876
-0.0004208153986837715	1.0
0.0	1.0
0.0	1.0
-3.821866357611725e-06	0.0
0.0	1.0
0.0	1.0
-0.0003011437365785241	1.0
-1.0155980945114607e-08	0.0
-8.45286704134196e-05	1.0
-0.02329328842461109	0.0
0.0	0.0
0.0	1.0
-8.730373224352661e-08	0.0064516129032258064
0.0	1.0
0.0	1.0
-0.00023406361287925392	1.0
-3.682059104903601e-05	1.0
0.0	1.0
-0.0011744023067876697	1.0
0.0	0.0
0.0	1.0
-0.0005870638997294009	0.0
-2.276218380448114e-10	1.0
-0.0001697255065664649	0.0
0.0	1.0
0.0	1.0
-0.004821936134248972	0.0
-6.896813786738676e-09	1.0
0.0	0.5386313465783664
-0.0001032889194902964	1.0
0.0	1.0
0.0	1.0
-2.301438968288494e-07	0.0
-0.0019091084832325578	1.0
-0.0005824036197736859	0.021151586368977675
-0.00037090969271957874	0.0
0.0	0.0213903743315508
-2.5350687792524695e-05	0.967
0.0	1.0
0.0	1.0
-0.0016494084848091006	1.0
0.0	0.0
0.0	0.6956521739130435
0.0	1.0
0.0	1.0
-1.0222765922662802e-05	1.0
-1.838094431150239e-05	1.0
0.0	0.08387096774193549
0.0	1.0
0.0	1.0
0.0	1.0
0.0	1.0
-0.007633301429450512	0.0
-0.0010863516945391893	0.0
0.0	0.0
0.0	1.0
0.0	1.0
-0.0017313755815848708	1.0
-0.017223043367266655	0.0
0.0	1.0
0.0	0.004228329809725159
-0.028646843507885933	0.03333333333333333
0.0	1.0
-7.751004886813462e-05	1.0
0.0	0.002257336343115124
-3.099190871580504e-05	1.0
0.0	0.08393782383419689
0.0	1.0
-6.301454469337386e-09	1.0
0.0	1.0
-6.845898315077648e-05	1.0
0.0	1.0
-4.851535413763486e-05	1.0
-0.0016581863164901733	1.0
-0.009607968851923943	0.02030456852791878
0.0	1.0
-0.009477023035287857	0.0
0.0	0.0
0.0	1.0
-0.0007450928096659482	1.0
-0.004202787298709154	0.0
0.0	1.0
0.0	0.0
0.0	1.0
0.0	1.0
0.0	0.0
-9.210952001126316e-09	1.0
0.0	0.0
0.0	0.582122905027933
0.0	1.0
0.0	1.0
-0.00021584196656476706	1.0
0.0	1.0
-0.0005134288221597672	0.030927835051546393
-0.001281453063711524	1.0
-0.0006625514361076057	1.0
0.0	0.0
-0.005254809744656086	0.0
0.0	1.0
0.0	1.0
-0.00010225165169686079	1.0
0.0	0.0
0.0	1.0
0.0	1.0
0.0	1.0
0.0	1.0
0.0	1.0
0.0	0.0
0.0	1.0
0.0	1.0
-8.350728421646636e-06	1.0
-0.0008148340275511146	1.0
0.0	0.0
0.0	0.0
-4.259230536263203e-06	0.0
0.0	1.0
0.0	1.0
0.0	1.0
-3.956418368034065e-05	0.0
0.0	1.0
0.0	1.0
0.0	1.0
0.0	1.0
-0.002043328247964382	0.009708737864077669
0.0	0.09420289855072464
-0.001202837098389864	1.0
0.0	1.0
-0.0024201853666454554	1.0
0.0	1.0
0.0	1.0
0.0	0.0
0.0	0.0
0.0	1.0
-0.0027743142563849688	1.0
0.0	0.0
-5.31156985061898e-09	0.027950310559006212
0.0	1.0
0.0	0.0
-0.003472697688266635	0.08517699115044247
-0.0002601861488074064	0.0
0.0	1.0
-5.698986115021398e-06	1.0
-4.113444447284564e-06	1.0
0.0	1.0
-5.97066646150779e-05	1.0
0.0	1.0
0.0	1.0
-6.82256455775132e-08	1.0
0.0	0.0
-5.955763754172949e-06	1.0
0.0	0.0
0.0	1.0
-2.6298594413276533e-09	0.0
0.0	1.0
0.0	0.026096033402922755
0.0	1.0
0.0	1.0
0.0	0.022850924918389554
0.0	1.0
0.0	0.0
0.0	1.0
-0.0015554853016510606	1.0
0.0	1.0
0.0	1.0
0.0	1.0
0.0	1.0
0.0	1.0
0.0	1.0
0.0	0.06759656652360516
0.0	0.05708245243128964
0.0	0.0
0.0	1.0
0.0	0.2727272727272727
0.0	1.0
0.0	1.0
0.0	1.0
0.0	0.0
-4.680154597735964e-05	1.0
-1.3762169146502856e-06	1.0
0.0	0.23732251521298176
0.0	1.0
0.0	1.0
0.0	1.0
-7.862996476148965e-09	0.0
0.0	0.0
-0.000985743710771203	0.02631578947368421
0.0	1.0
0.0	0.0
0.0	1.0
0.0	0.0
0.0	1.0
0.0	0.0
0.0	1.0
0.0	1.0
0.0	1.0
-0.0006669743452221155	1.0
0.0	1.0
-0.00035313109401613474	1.0
0.0	1.0
0.0	1.0
0.0	0.0
-6.281114474404603e-05	1.0
0.0	0.0
0.0	1.0
0.0	1.0
-0.00027678904007188976	0.0
-0.002756989561021328	1.0
0.0	1.0
0.0	1.0
0.0	1.0
0.0	1.0
0.0	1.0
-9.007937933347421e-07	1.0
0.0	0.0
0.0	1.0
0.0	1.0
-8.252802885522215e-09	1.0
0.0	1.0
0.0	0.048986486486486486
0.0	1.0
-0.0008177861454896629	0.0
0.0	1.0
-1.873915467243137e-09	1.0
0.0	0.05639913232104121
0.0	0.0
-2.4432489365011634e-09	1.0
-0.0003234591567888856	1.0
0.0	1.0
-0.004666212946176529	0.005235602094240838
-2.3218837668537162e-05	1.0
-0.0003354627697262913	1.0
0.0	1.0
0.0	1.0
0.0	1.0
-0.0005470282630994916	1.0
-0.00507526146247983	0.25544554455445545
-7.897889008745551e-05	0.0
-0.00019754984532482922	1.0
0.0	1.0
0.0	1.0
-5.21958384069876e-07	1.0
-4.840300971409306e-05	1.0
-0.0009184062364511192	1.0
0.0	1.0
0.0	0.0
-0.0029372067656368017	0.05526036131774708
-0.0004326717753428966	1.0
0.0	0.0
-0.0023149496410042048	0.13618677042801555
0.0	1.0
0.0	0.0
0.0	1.0
0.0	1.0
-0.000574331555981189	1.0
-0.00021321971144061536	1.0
-0.0002742772630881518	1.0
0.0	1.0
-6.808662789126174e-08	1.0
-1.9148981664329767e-05	1.0
0.0	1.0
0.0	0.0
0.0	1.0
-1.466029342367392e-08	1.0
-0.004226873628795147	0.0
-0.0004618187958840281	1.0
0.0	1.0
-0.001697490573860705	1.0
0.0	1.0
0.0	1.0
0.0	1.0
0.0	0.02390438247011952
-6.827002074771826e-09	0.0
0.0	1.0
0.0	0.0
0.0	1.0
0.0	0.967
