0.0	1.0
0.0	0.0
0.0	1.0
0.0	1.0
0.0	1.0
0.0	1.0
-0.0003711397002916783	1.0
0.0	1.0
0.0	1.0
0.0	1.0
-6.318395026028156e-05	1.0
0.0	1.0
0.0	1.0
0.0	1.0
-4.905579089609091e-07	0.10204081632653061
0.0	1.0
0.0	0.0
0.0	1.0
0.0	0.0
0.0	1.0
0.0	0.0
-9.12111715933861e-07	1.0
0.0	0.0
0.0	1.0
0.0	0.0
0.0	1.0
-0.0035544063430279493	0.0
0.0	0.25
-1.8205693095296738e-06	1.0
-1.8218137502051812e-12	1.0
0.0	1.0
0.0	1.0
0.0	1.0
0.0	1.0
0.0	0.0
0.0	1.0
0.0	0.0
0.0	1.0
-0.004235781729221344	1.0
-0.0005021383403800428	1.0
0.0	0.1383399209486166
0.0	1.0
0.0	1.0
-0.0012952265096828341	1.0
-0.00010300535359419882	1.0
0.0	0.0
-0.0023046592250466347	0.0
0.0	0.0
0.0	1.0
0.0	1.0
0.0	1.0
0.0	1.0
0.0	1.0
0.0	1.0
0.0	1.0
0.0	1.0
0.0	1.0
0.0	1.0
0.0	0.0
-0.00018186206580139697	1.0
0.0	0.27014755959137343
0.0	1.0
0.0	1.0
-0.00016803831385914236	0.5207373271889401
0.0	1.0
0.0	1.0
0.0	1.0
-1.3167972610972356e-05	1.0
0.0	1.0
-0.02004816196858883	0.0
0.0	1.0
-5.309250354912365e-06	1.0
0.0	0.0
0.0	1.0
0.0	1.0
0.0	1.0
0.0	1.0
-5.279234392219223e-05	0.0
-0.0005356945330277085	1.0
-5.556685664487304e-06	0.0
0.0	1.0
0.0	0.0
0.0	0.0
-8.079843246378005e-05	1.0
-1.2669605666815187e-06	1.0
0.0	1.0
-0.00017416829359717667	1.0
0.0	1.0
-6.320735224107921e-07	1.0
-0.001884784665890038	1.0
0.0	1.0
0.0	1.0
0.0	0.0
0.0	0.0
0.0	0.06451612903225806
0.0	1.0
0.0	1.0
0.0	1.0
0.0	1.0
0.0	1.0
-0.0001126860297517851	1.0
0.0	1.0
0.0	1.0
-0.0003264611295890063	1.0
0.0	0.0
0.0	0.0
0.0	0.0
0.0	1.0
0.0	1.0
0.0	0.0
0.0	1.0
0.0	1.0
-0.023059172555804253	0.0
0.0	1.0
-0.00015169962716754526	1.0
-0.0001325878984062001	1.0
-4.5617172872880474e-05	1.0
0.0	1.0
-0.04560156166553497	0.0
0.0	0.10457516339869281
0.0	1.0
-0.0004461877979338169	1.0
-0.0018695801263675094	1.0
0.0	1.0
-1.6438423244835576e-06	1.0
-4.834488936467096e-05	1.0
0.0	1.0
0.0	0.0
0.0	1.0
0.0	1.0
0.0	1.0
-3.145277094329657e-10	1.0
-0.0005338927730917931	1.0
0.0	0.0
-0.00010001005284721032	0.0
0.0	1.0
-0.004792482126504183	0.0
0.0	1.0
0.0	1.0
0.0	1.0
0.0	1.0
-0.00042840541573241353	1.0
0.0	1.0
-2.0661959752033e-06	1.0
-7.195687794592232e-05	1.0
0.0	1.0
-4.400722900754772e-05	1.0
0.0	0.15191146881287726
0.0	1.0
0.0	1.0
0.0	0.14423076923076922
-0.0007096895715221763	1.0
0.0	1.0
0.0	1.0
0.0	1.0
0.0	1.0
0.0	1.0
-0.00012915526167489588	1.0
0.0	1.0
-7.512797139952454e-08	0.053691275167785234
-0.0004700284916907549	0.0
0.0	1.0
0.0	1.0
-0.01946793869137764	0.0
0.0	1.0
0.0	1.0
-3.42111718509841e-07	0.0
-0.0011070170439779758	1.0
0.0	1.0
0.0	1.0
0.0	0.0
0.0	0.0
-2.7118918666246827e-08	1.0
0.0	0.0
0.0	1.0
-2.1556699891789322e-07	1.0
0.0	0.0025974025974025974
0.0	0.0
-0.0002713751164264977	0.0025906735751295338
0.0	1.0
0.0	1.0
0.0	1.0
-0.018621090799570084	0.0
0.0	0.10935738444193913
0.0	0.0
-9.787363524083048e-07	0.25
0.0	0.0
0.0	1.0
0.0	1.0
-1.081410346159828e-06	1.0
0.0	1.0
0.0	1.0
0.0	1.0
0.0	1.0
0.0	1.0
-0.019887099042534828	0.0
-4.286765488359379e-06	0.0
-6.671008304692805e-05	0.0
0.0	1.0
0.0	1.0
0.0	1.0
0.0	1.0
0.0	1.0
-0.0026962156407535076	0.0
0.0	1.0
-0.003304978832602501	0.0
-5.660421811626293e-05	1.0
0.0	0.0
0.0	1.0
0.0	1.0
0.0	0.0
-0.005586364306509495	0.0
0.0	1.0
-0.0007862997590564191	1.0
-1.7675500885161455e-06	1.0
-1.5728085880125503e-13	1.0
-0.0001095234983949922	1.0
-0.017199739813804626	0.0
0.0	1.0
-8.511286120338468e-10	1.0
0.0	0.0
0.0	1.0
-0.0002656049910001457	0.0
0.0	0.0
0.0	0.0
-0.006784272845834494	0.0
-0.058497000485658646	0.0
0.0	1.0
0.0	1.0
0.0	1.0
-0.0003031186352018267	1.0
0.0	1.0
-0.0002609234070405364	1.0
-0.00010524309618631378	0.0
-5.459125532070175e-06	1.0
0.0	0.0
0.0	1.0
0.0	1.0
-3.489221853669733e-07	1.0
0.0	1.0
-0.11013979464769363	0.0
0.0	0.0
0.0	1.0
0.0	1.0
0.0	1.0
0.0	0.44321608040201005
0.0	1.0
0.0	0.0
0.0	0.0
-0.00016572359891142696	1.0
0.0	1.0
0.0	0.0
0.0	1.0
0.0	1.0
-1.3364156448147924e-09	1.0
-0.0006213100859895349	1.0
0.0	0.13782696177062373
0.0	1.0
0.0	1.0
-1.1381329656501293e-08	1.0
-6.535334250656888e-06	1.0
0.0	1.0
0.0	1.0
-0.0007009978871792555	0.006622516556291391
-0.005411101039499044	0.0
0.0	1.0
0.0	1.0
0.0	1.0
0.0	0.0
-3.044361073989421e-05	1.0
0.0	1.0
0.0	0.23857868020304568
-0.002722920849919319	0.0
-0.0012299154186621308	0.0
-0.0013740648282691836	0.0
-1.5948633517837152e-05	1.0
-1.1037084732379299e-05	1.0
-0.00020398884953465313	1.0
-7.838212923161336e-07	1.0
0.0	1.0
0.0	1.0
0.0	0.0
-1.0019094588642474e-05	0.0
0.0	1.0
0.0	0.0
-2.6081042960868217e-05	1.0
0.0	1.0
0.0	1.0
-0.0006762860575690866	1.0
0.0	0.0
-2.39710019141106e-14	1.0
-0.0033733677119016647	0.0
0.0	1.0
0.0	0.0
0.0	0.0
0.0	1.0
-9.975496141123585e-06	1.0
0.0	1.0
0.0	1.0
-2.508515535737388e-05	1.0
-0.00010262956493534148	0.0
-4.214474029140547e-05	1.0
0.0	1.0
0.0	1.0
-1.5569121387670748e-06	1.0
0.0	1.0
0.0	1.0
0.0	1.0
0.0	1.0
-0.0027232663705945015	0.017857142857142856
-4.353616895969026e-05	1.0
0.0	1.0
0.0	1.0
0.0	1.0
-0.0014355527237057686	0.0
0.0	0.0
0.0	0.0
0.0	1.0
-0.00011466997966635972	0.0
-0.006006437353789806	1.0
-0.00045669949031434953	1.0
-3.5201736636736314e-08	1.0
0.0	1.0
0.0	1.0
0.0	0.0
0.0	1.0
-1.3548091537529672e-08	1.0
0.0	1.0
-1.2234200767125003e-05	1.0
-0.006420527584850788	0.0
-3.6773290048586205e-05	1.0
0.0	1.0
0.0	1.0
-0.0027115419507026672	0.0
-4.837181040784344e-05	1.0
0.0	1.0
0.0	1.0
0.0	1.0
-0.03188205882906914	0.0
0.0	1.0
-0.0009029755019582808	1.0
0.0	1.0
0.0	1.0
0.0	1.0
-0.0016585694393143058	0.022610483042137718
0.0	1.0
0.0	1.0
0.0	1.0
-0.00044653582153841853	1.0
0.0	1.0
0.0	1.0
0.0	1.0
0.0	1.0
0.0	1.0
0.0	1.0
0.0	1.0
0.0	1.0
-0.000124342754133977	1.0
0.0	1.0
0.0	0.0
0.0	0.0
0.0	1.0
-0.00013924011727795005	1.0
-5.124009840073995e-05	1.0
0.0	1.0
0.0	1.0
-0.00031416237470693886	0.0
0.0	1.0
0.0	0.0
0.0	1.0
-1.5959562837952745e-10	1.0
0.0	1.0
-0.004355552606284618	1.0
-2.9644221299918172e-08	1.0
0.0	1.0
0.0	1.0
0.0	0.0
0.0	0.0
-0.0009168075630441308	1.0
0.0	1.0
0.0	0.0
0.0	0.0
0.0	1.0
0.0	1.0
-1.2683884165198833e-08	1.0
0.0	1.0
0.0	0.0
0.0	1.0
0.0	1.0
0.0	1.0
-1.1626169907685835e-05	1.0
-8.230611456383485e-06	1.0
0.0	1.0
0.0	0.0
0.0	0.0
-3.296366557492547e-08	1.0
-0.001338594825938344	1.0
0.0	1.0
0.0	1.0
0.0	1.0
0.0	1.0
0.0	1.0
0.0	1.0
0.0	0.0
0.0	0.0
0.0	0.0
0.0	1.0
0.0	1.0
-3.699289300129749e-05	1.0
-5.177736056793947e-06	1.0
0.0	0.05349344978165939
0.0	1.0
-0.0010558146750554442	0.0
0.0	0.14285714285714285
0.0	0.0
0.0	0.0
0.0	1.0
0.0	1.0
0.0	1.0
0.0	1.0
-6.355498499033274e-06	1.0
0.0	0.0
0.0	0.32558139534883723
0.0	0.03490759753593429
0.0	1.0
0.0	1.0
0.0	1.0
0.0	1.0
-2.711218076001387e-05	1.0
0.0	1.0
0.0	1.0
0.0	1.0
-0.0003730105236172676	1.0
-0.0007710627396591008	1.0
0.0	1.0
-1.8313494365429506e-05	1.0
0.0	0.22461928934010153
0.0	1.0
-0.00019027592497877777	1.0
0.0	1.0
0.0	1.0
0.0	0.0
0.0	1.0
-1.3192969383624131e-08	1.0
0.0	1.0
-0.00013597805809695274	1.0
0.0	0.0
-0.0003365221491549164	0.0
-1.4378254036273574e-06	1.0
0.0	1.0
-1.3184085219108965e-06	1.0
-0.03595130890607834	0.0
0.0	1.0
-0.00026521008112467825	0.07264957264957266
0.0	1.0
0.0	1.0
0.0	1.0
0.0	0.0
0.0	0.012181616832779624
0.0	1.0
0.0	1.0
-8.554764576729212e-07	0.0
0.0	0.0
0.0	1.0
-1.486763934188673e-09	0.0
-0.00010030912380898371	1.0
0.0	1.0
0.0	0.0
0.0	1.0
-0.001304818782955408	0.0
0.0	0.0
0.0	1.0
-0.032258521765470505	0.0
0.0	0.0
0.0	1.0
0.0	0.0
-0.006374803837388754	0.0
0.0	1.0
0.0	1.0
0.0	1.0
0.0	1.0
0.0	1.0
0.0	1.0
0.0	1.0
0.0	1.0
-0.0007648461614735425	1.0
0.0	0.0
0.0	1.0
0.0	1.0
0.0	1.0
0.0	1.0
-0.00012809319014195353	0.0
0.0	1.0
0.0	1.0
-1.3516080798581243e-05	1.0
-5.511994913831586e-06	0.0
0.0	0.0026109660574412533
-8.028322451281156e-11	1.0
0.0	1.0
0.0	1.0
0.0	1.0
-4.2865212890319526e-05	1.0
0.0	1.0
0.0	1.0
0.0	1.0
0.0	0.0
0.0	1.0
-1.5160263728830614e-06	1.0
-0.0006774522480554879	1.0
-0.0003797816170845181	0.3470824949698189
0.0	1.0
-2.5591532903490588e-05	1.0
0.0	1.0
-0.0012092336546629667	0.0
-2.260987093904987e-05	0.0
-0.006382383871823549	0.0
0.0	1.0
0.0	1.0
-0.00011021936370525509	1.0
0.0	1.0
0.0	1.0
0.0	1.0
-2.8202948310074305e-10	1.0
0.0	1.0
0.0	0.0
0.0	1.0
0.0	1.0
-4.249670746503398e-05	0.0
-7.215692312456667e-05	1.0
