0.0	1.0
0.0	0.0
0.0	1.0
0.0	1.0
-0.05053577572107315	0.0
0.0	1.0
0.0	1.0
0.0	1.0
-0.004117310047149658	1.0
0.0	1.0
0.0	1.0
0.0	1.0
-9.5436103464408e-09	1.0
0.0	1.0
-2.5573956008884124e-05	1.0
0.0	1.0
0.0	0.0
0.0	1.0
0.0	1.0
-0.1612457036972046	0.0
0.0	1.0
-1.4475138421232714e-08	1.0
0.0	0.0
-0.006872781552374363	0.0
0.0	0.0
-3.1829665658733575e-06	1.0
0.0	1.0
0.0	1.0
-3.885202204401139e-06	1.0
-0.0004037192848045379	1.0
-0.0009064329206012189	0.0
0.0	1.0
0.0	0.0
-6.468407036663848e-07	1.0
0.0	0.26467065868263473
-2.393358045083005e-05	0.0
0.0	1.0
0.0	1.0
0.0	1.0
0.0	1.0
0.0	1.0
-3.996914529125206e-05	1.0
-5.7112945484050215e-09	1.0
0.0	1.0
0.0	1.0
0.0	1.0
-7.9286451265103e-15	1.0
0.0	1.0
0.0	1.0
-2.593612043710891e-05	1.0
0.0	0.0
0.0	0.0
-0.0006221298826858401	1.0
0.0	1.0
-0.0008870012825354934	1.0
-0.00047901543439365923	1.0
-4.932458250550553e-05	1.0
-1.2465440138442752e-11	0.18322295805739514
0.0	0.0
0.0	0.0
0.0	1.0
0.0	1.0
0.0	0.0
0.0	0.0
0.0	1.0
-0.0018200238700956106	0.1388888888888889
0.0	1.0
0.0	0.0
-1.4850103070784826e-05	0.07916666666666666
-5.752650622525834e-07	1.0
0.0	1.0
0.0	1.0
0.0	1.0
0.0	1.0
0.0	0.0
0.0	1.0
0.0	0.0
0.0	1.0
0.0	0.0
0.0	0.0
0.0	1.0
0.0	0.0
0.0	1.0
0.0	1.0
-0.00015203548537101597	1.0
-0.001287120976485312	0.0
0.0	0.0
-1.3289941307448316e-06	0.0
-2.939441117177921e-07	1.0
0.0	0.0
-8.678339713519279e-10	1.0
0.0	0.0
-2.450521606078837e-05	1.0
-1.5617786175425863e-07	1.0
-2.2216093853444363e-08	0.0
0.0	1.0
0.0	0.0
0.0	1.0
-0.0002429853193461895	1.0
-0.0005715042934753001	1.0
0.0	1.0
0.0	1.0
0.0	1.0
-4.6795136654509406e-08	0.0017006802721088435
0.0	1.0
0.0	1.0
0.0	0.0
0.0	1.0
0.0	0.12537612838515547
0.0	1.0
0.0	0.049009384775808136
0.0	0.0
-0.0014358873013406992	0.0
-2.5264921532652806e-06	0.5339805825242718
0.0	1.0
0.0	1.0
0.0	1.0
-0.0002173769025830552	1.0
0.0	0.0
-0.00010541799565544352	1.0
0.0	1.0
-3.1005902201286517e-07	1.0
0.0	1.0
-0.0001210663394886069	0.0
0.0	1.0
0.0	1.0
0.0	1.0
0.0	1.0
0.0	1.0
0.0	1.0
-0.012219301424920559	0.0
0.0	0.0
0.0	1.0
0.0	0.22435897435897437
0.0	1.0
-0.002876562299206853	1.0
0.0	1.0
-0.00036152146640233696	1.0
0.0	0.0
-1.2884751185993082e-06	1.0
0.0	1.0
-4.55065855931025e-06	1.0
-2.5283443392254412e-05	0.0
0.0	1.0
0.0	1.0
0.0	0.0
0.0	0.0
-0.001240623532794416	1.0
0.0	1.0
-6.837195542175323e-05	1.0
-9.016592539875384e-14	1.0
-0.00016887309902813286	0.0
-0.0002897560189012438	0.06562054208273894
-2.090513225994073e-05	0.07067669172932331
0.0	1.0
0.0	1.0
0.0	1.0
-0.005022346507757902	0.0
-0.0003396763640921563	1.0
0.0	1.0
0.0	1.0
0.0	1.0
-2.288798441441031e-06	1.0
0.0	0.0
0.0	1.0
-5.196308848098852e-06	0.4864516129032258
0.0	0.0
0.0	1.0
-6.626890442645861e-12	1.0
0.0	1.0
0.0	1.0
-0.0072496430948376656	0.1484375
0.0	1.0
-0.0001948299614014104	1.0
0.0	1.0
-0.00032109091989696026	0.0
0.0	0.14772727272727273
0.0	1.0
-3.227685738238506e-05	1.0
-2.033474993368145e-05	1.0
0.0	0.1552567237163814
-0.0012720224913209677	1.0
-3.753409691853449e-05	0.20618556701030927
-7.064187457217486e-07	1.0
-0.00023928940936457366	0.5866666666666667
-0.0005352887092158198	1.0
-1.0336513696529437e-05	1.0
-4.9248656068812124e-06	0.25
0.0	0.226215644820296
-0.00010443823703099042	1.0
-0.036785274744033813	0.05333333333333334
-8.778960909694433e-05	1.0
0.0	0.0
0.0	0.3888888888888889
-0.0007364288903772831	1.0
-0.0004837428277824074	0.04521276595744681
-0.10300465673208237	0.0
0.0	1.0
0.0	0.0
0.0	1.0
0.0	1.0
0.0	1.0
-0.00022083208023104817	1.0
0.0	0.0
-0.0008699885220266879	1.0
-4.40254807472229e-05	1.0
0.0	1.0
-1.6073196320576244e-06	0.0
0.0	1.0
-1.630292345566886e-09	0.0
-0.0003230977163184434	0.5474040632054176
0.0	0.22135922330097088
0.0	0.0
0.0	0.0
0.0	1.0
0.0	0.0
0.0	1.0
-7.92775534108614e-09	1.0
-2.172790800614166e-06	0.6111111111111112
-0.0035016557667404413	1.0
-2.225999651273014e-06	1.0
0.0	1.0
0.0	1.0
0.0	1.0
-2.2338721464620903e-05	1.0
0.0	1.0
0.0	0.2073732718894009
-5.631296517094597e-05	0.0
0.0	1.0
0.0	1.0
-9.056069393409416e-05	1.0
0.0	1.0
-0.007812259718775749	0.0
0.0	1.0
-8.886043360689655e-06	0.0
0.0	1.0
0.0	1.0
-4.257942123331304e-07	1.0
-0.001992650795727968	1.0
0.0	1.0
0.0	0.0
-2.0692336732963668e-10	0.0
-3.367645831531263e-06	0.0
0.0	1.0
0.0	1.0
-0.0018169564427807927	1.0
0.0	1.0
-0.005050406791269779	0.0
0.0	1.0
0.0	1.0
0.0	1.0
0.0	0.0
-0.003347340738400817	0.12831858407079647
0.0	1.0
0.0	1.0
-5.246079581411323e-06	1.0
0.0	0.0
-1.617756169025597e-07	1.0
0.0	1.0
0.0	1.0
0.0	1.0
0.0	1.0
-0.0003562025085557252	1.0
-0.0007373177795670927	0.015235457063711912
0.0	1.0
0.0	0.04354136429608128
0.0	0.0
0.0	1.0
-1.7440332840124029e-06	0.0
-2.6525440262048505e-06	0.096875
-4.380788709568151e-07	0.0
0.0	1.0
0.0	1.0
0.0	1.0
-1.1155701940879226e-05	0.0
0.0	1.0
-0.0007212927448563278	1.0
0.0	1.0
-4.583159170579165e-05	1.0
0.0	0.5109261186264308
-7.727728370809928e-05	0.0
0.0	1.0
-1.7520563888595575e-09	0.0
-6.086619940291792e-18	1.0
-1.1617627933446784e-05	1.0
-0.00016361715097445995	1.0
-0.0015705154510214925	0.0
0.0	1.0
-0.0005879452801309526	1.0
0.0	1.0
0.0	1.0
-3.156131788273342e-05	1.0
0.0	1.0
-0.00020776971359737217	1.0
-0.07096017152070999	0.0
0.0	1.0
0.0	0.0
-0.0017495575593784451	0.0
0.0	0.47429305912596403
0.0	1.0
0.0	0.14728682170542637
0.0	1.0
0.0	1.0
-0.002583935623988509	0.0
-0.00024516324629075825	1.0
0.0	1.0
0.0	1.0
0.0	1.0
0.0	0.0
0.0	1.0
0.0	0.3008849557522124
0.0	1.0
-1.0870598865508896e-09	1.0
-0.0007210818585008383	0.0
-3.109408498858102e-05	0.22983870967741934
0.0	1.0
-1.5239706385727914e-07	0.0
0.0	1.0
-5.008188308508466e-10	1.0
-1.4124055951469927e-06	1.0
0.0	1.0
-0.0008866292191669345	1.0
0.0	1.0
-1.985578592211823e-06	1.0
0.0	1.0
0.0	0.6111111111111112
-2.2698564862366766e-05	1.0
0.0	0.0
0.0	1.0
0.0	1.0
-1.4717657904839143e-05	1.0
-0.0008459063246846199	0.0
-0.0004445537051651627	1.0
0.0	0.6111111111111112
0.0	1.0
0.0	1.0
0.0	1.0
0.0	0.0
0.0	0.21333333333333335
-0.001184337306767702	1.0
0.0	1.0
-8.462502165684782e-08	1.0
0.0	0.0
0.0	0.0
0.0	1.0
-5.889083695365116e-05	0.15503875968992248
0.0	0.0
0.0	1.0
0.0	0.0
-0.000468503130832687	1.0
-6.714616915814986e-07	1.0
0.0	1.0
0.0	0.0045871559633027525
0.0	0.027777777777777776
0.0	1.0
-4.1918278270713927e-07	1.0
0.0	1.0
-1.758725557010621e-05	1.0
0.0	1.0
-1.2421988770938697e-08	1.0
-0.00012328865705057979	1.0
0.0	1.0
0.0	0.30937098844672656
0.0	1.0
0.0	0.22268326417704012
0.0	1.0
0.0	1.0
0.0	1.0
-0.0006889088544994593	1.0
-0.0001769729278748855	1.0
0.0	1.0
0.0	1.0
-5.844552788403234e-07	1.0
0.0	1.0
0.0	1.0
-4.169995918346103e-06	0.0
-0.006375862285494804	0.0
-9.529178350931033e-05	0.016129032258064516
0.0	0.049019607843137254
0.0	0.0
-0.038359384983778	0.0
-7.961559589375611e-08	1.0
-0.000556808605324477	0.0
0.0	1.0
0.0	0.01098901098901099
-2.3588403053054208e-07	1.0
0.0	1.0
-1.812242771848105e-05	0.0
-0.019367067143321037	0.0
0.0	0.0
0.0	1.0
0.0	1.0
0.0	0.0
0.0	1.0
0.0	1.0
-0.0012637528125196695	1.0
0.0	1.0
0.0	1.0
0.0	1.0
0.0	1.0
-0.000869039271492511	1.0
0.0	1.0
0.0	1.0
-0.0009112582774832845	0.0
0.0	0.017857142857142856
-3.5630007277909215e-10	1.0
-5.4363143135560676e-05	0.0
0.0	1.0
0.0	1.0
0.0	1.0
0.0	1.0
0.0	1.0
-3.1411441341333557e-06	1.0
-1.74563365362701e-06	1.0
-0.007809798698872328	0.045454545454545456
0.0	0.09334763948497854
-0.0004743587924167514	1.0
-6.3909527625583e-07	1.0
0.0	1.0
0.0	1.0
0.0	1.0
0.0	0.5269461077844312
0.0	1.0
0.0	1.0
-2.9403508960967883e-06	1.0
0.0	1.0
-0.00012938670988660306	0.0
0.0	0.0
0.0	1.0
-0.008497795090079308	0.0
0.0	1.0
0.0	1.0
0.0	0.0
-7.257298875629203e-06	0.0
0.0	1.0
0.0	1.0
0.0	1.0
0.0	1.0
0.0	1.0
-0.002053287345916033	0.0
0.0	1.0
0.0	1.0
0.0	1.0
-1.0863099078051164e-06	1.0
0.0	1.0
-0.0003540836041793227	1.0
0.0	1.0
0.0	1.0
0.0	1.0
0.0	1.0
0.0	1.0
-0.00016785688058007509	1.0
-1.0210103595920117e-10	1.0
-0.000804197508841753	1.0
0.0	1.0
0.0	1.0
0.0	1.0
0.0	0.005037783375314861
-7.836569587693631e-11	1.0
-1.0476703948825161e-09	1.0
0.0	1.0
0.0	1.0
-5.310069354891311e-06	1.0
-0.006865412462502718	0.0
0.0	0.6111111111111112
0.0	1.0
-0.0003054174012504518	1.0
0.0	1.0
0.0	1.0
-3.0207637280454946e-08	1.0
0.0	1.0
-0.0006154273869469762	0.017069701280227598
0.0	1.0
0.0	1.0
0.0	1.0
0.0	1.0
-0.0009275185293518007	1.0
0.0	1.0
0.0	1.0
0.0	0.0
-0.001247985172085464	0.0
-0.00020516653603408486	1.0
0.0	1.0
-3.298712726973463e-06	1.0
0.0	1.0
0.0	1.0
0.0	1.0
0.0	1.0
-0.03483441844582558	0.0
-0.0012939602602273226	0.0
0.0	1.0
-0.00044058318599127233	1.0
0.0	1.0
-0.003983733244240284	0.10532276330690826
-2.3629801944480278e-05	1.0
-0.0789448469877243	0.0
0.0	1.0
0.0	1.0
0.0	1.0
-0.0031295951921492815	1.0
0.0	1.0
0.0	0.0
-0.009995363652706146	0.0
-0.0021879361011087894	0.0
0.0	0.0
0.0	1.0
-2.8711326649499824e-06	1.0
0.0	1.0
-0.0031392716336995363	0.0
0.0	0.04603580562659847
0.0	1.0
0.0	0.0045871559633027525
0.0	0.7524972253052165
0.0	1.0
-0.0026385553646832705	1.0
-1.0349799595132936e-06	1.0
-9.590090485289693e-05	1.0
0.0	1.0
0.0	1.0
-8.651841199025512e-07	1.0
-2.128963387804106e-06	1.0
-4.616209480445832e-06	1.0
-2.0092441599395272e-10	1.0
-0.006329876370728016	0.11627906976744186
0.0	0.0
0.0	1.0
-1.1459845154604409e-05	1.0
0.0	1.0
0.0	1.0
-1.1199320226751297e-07	1.0
0.0	0.0
0.0	0.0
0.0	0.0
-7.820133032510057e-05	1.0
0.0	1.0
-3.3458936741226353e-06	1.0
0.0	1.0
0.0	1.0
0.0	0.0
0.0	1.0
0.0	1.0
0.0	1.0
-1.1400166499697661e-07	0.0
