0.0	0.0
-0.0012458262499421835	0.039
0.0	0.0
0.0	1.0
0.0	1.0
-3.385417949175462e-05	0.0
-6.104783551563742e-06	0.0
0.0	1.0
0.0	1.0
0.0	1.0
0.0	1.0
0.0	1.0
-9.517159196548164e-05	1.0
0.0	1.0
0.0	1.0
-1.019374030875042e-05	1.0
0.0	0.0
0.0	1.0
-0.0010999789228662848	1.0
0.0	1.0
0.0	1.0
-2.422258376100217e-06	0.0
0.0	1.0
-1.1245070709264837e-05	1.0
0.0	0.0
0.0	1.0
-2.450464671710506e-05	1.0
0.0	0.056962025316455694
-6.0578736338356975e-06	1.0
-0.0001362098555546254	1.0
-8.208001963794231e-05	0.0
-0.0002434336784062907	0.09895833333333333
-0.0008453960763290524	1.0
-3.1851182029640768e-06	1.0
-0.0029574951622635126	0.12589413447782546
0.0	1.0
0.0	0.0
0.0	1.0
0.0	0.0
0.0	0.0
0.0	0.0
0.0	1.0
-0.00013604704872705042	1.0
0.0	1.0
0.0	0.01646542261251372
0.0	0.11371237458193979
0.0	1.0
0.0	0.0
-0.0006179303163662553	1.0
-5.991643661218404e-07	0.13494809688581316
0.0	0.1859122401847575
0.0	0.0
0.0	1.0
-0.0003421394503675401	1.0
-0.00012162767234258354	1.0
0.0	0.0
0.0	1.0
0.0	1.0
0.0	0.46153846153846156
-0.00034056653385050595	1.0
-2.279174822206187e-07	1.0
0.0	1.0
-0.004452015273272991	0.0
-3.0284412130821003e-12	1.0
-0.002381301485002041	1.0
-0.0002380908845225349	1.0
0.0	1.0
0.0	1.0
0.0	1.0
0.0	1.0
-0.0004008770629297942	0.0
-3.3881979106809013e-06	0.0
-1.0685976121749263e-05	0.0
0.0	1.0
-0.0022031874395906925	0.5525210084033614
-1.5928803520637302e-07	0.0
0.0	1.0
-1.6939800389081938e-06	1.0
0.0	0.355
-0.00016774225514382124	1.0
0.0	0.0
0.0	0.0
0.0	1.0
-9.767505252966657e-05	1.0
-3.0828914532321505e-08	1.0
-1.1035350553356693e-06	0.15795090715048027
0.0	1.0
0.0	1.0
0.0	1.0
-3.3387375879101455e-05	1.0
0.0	1.0
0.0	1.0
0.0	1.0
0.0	1.0
0.0	0.0
0.0	0.5
0.0	0.03065134099616858
0.0	0.0
-0.00011268660455243662	1.0
0.0	1.0
0.0	1.0
-0.005155014339834452	0.0
0.0	1.0
0.0	1.0
-0.011303854174911976	0.0
-7.114594154700171e-06	1.0
0.0	1.0
0.0	1.0
-4.479028575588018e-06	1.0
-1.2009949479363513e-08	0.0
-0.0006264457479119301	1.0
0.0	0.0
-4.3510198111107456e-07	0.7872340425531915
0.0	1.0
0.0	1.0
0.0	1.0
-3.548349241100368e-07	1.0
-5.768454229837516e-06	0.0
-0.003549007698893547	1.0
0.0	1.0
-0.0010909519623965025	1.0
-2.465981863153388e-09	1.0
0.0	1.0
0.0	0.0
0.0	1.0
0.0	0.0
-2.5237464797100984e-05	1.0
-0.0005358219495974481	1.0
-0.000457574991742149	0.0
-0.00031656716600991786	1.0
0.0	1.0
0.0	0.0
0.0	1.0
0.0	1.0
0.0	1.0
0.0	0.0
-5.157886698725633e-05	1.0
-8.72313557920279e-06	0.0
-2.3822916972449093e-08	0.0
0.0	1.0
0.0	0.0
0.0	1.0
0.0	1.0
-0.0003558483731467277	1.0
0.0	1.0
0.0	1.0
-1.1464276212791447e-06	0.25471698113207547
0.0	1.0
-3.502274921629578e-05	1.0
0.0	1.0
0.0	1.0
-0.0013646433362737298	1.0
-0.0001735048135742545	1.0
0.0	1.0
-0.000454019260359928	1.0
0.0	1.0
0.0	1.0
0.0	1.0
-3.291564780738554e-07	1.0
0.0	1.0
-4.816707246391161e-07	1.0
0.0	1.0
0.0	0.0
-2.8857821234851144e-05	1.0
-4.075720062246546e-05	1.0
-1.2595829730344121e-06	0.0
-0.003757086582481861	0.0
0.0	1.0
0.0	1.0
0.0	1.0
-1.2108518093083883e-15	1.0
0.0	1.0
0.0	1.0
0.0	1.0
0.0	1.0
0.0	1.0
-2.1276941879477818e-06	1.0
-0.00043287762673571706	1.0
0.0	1.0
0.0	1.0
0.0	1.0
-9.640886133865934e-08	1.0
0.0	1.0
-0.002016067737713456	0.0
0.0	1.0
0.0	0.0
0.0	1.0
0.0	1.0
-0.0013279335107654333	1.0
0.0	0.0
0.0	1.0
0.0	1.0
-0.012202579528093338	0.0
-0.0044112252071499825	0.0
-0.00014929205644875765	1.0
0.0	1.0
0.0	1.0
-1.534610305498063e-07	1.0
0.0	1.0
0.0	1.0
0.0	0.36363636363636365
0.0	0.0351288056206089
-7.705097232246771e-06	1.0
0.0	1.0
-0.0004968299763277173	1.0
-1.6245471101683506e-07	1.0
-0.0062233032658696175	0.0970414201183432
0.0	1.0
0.0	0.05637982195845697
0.0	0.0
0.0	1.0
0.0	0.0
0.0	0.0
-7.853129500290379e-05	1.0
0.0	1.0
-0.000150861480506137	1.0
-1.009062557955076e-07	0.0
0.0	0.0
0.0	1.0
-0.029686760157346725	0.0
-7.582690919605284e-09	1.0
0.0	0.0
0.0	0.028602860286028604
0.0	1.0
-3.1492211061134867e-09	1.0
0.0	1.0
0.0	0.0
-0.0004106996348127723	1.0
0.0	1.0
-4.1656479879748076e-05	1.0
-2.347189365536906e-06	1.0
-5.279048664874608e-08	1.0
0.0	0.0
0.0	1.0
0.0	1.0
-0.0037440694868564606	0.0
0.0	1.0
0.0	1.0
-0.0013357660500332713	1.0
-0.00013364912592805922	1.0
0.0	1.0
-0.0001531265879748389	1.0
0.0	0.0
-1.7974276715904125e-06	1.0
0.0	1.0
0.0	0.0
0.0	1.0
0.0	1.0
-0.0008627242059446871	1.0
0.0	1.0
-0.008489605970680714	0.0040609137055837565
-3.877920335071394e-06	1.0
0.0	1.0
-1.6141766536748037e-05	1.0
-4.448912932275562e-06	1.0
-0.0002608172071631998	1.0
0.0	1.0
-9.555696323104712e-08	1.0
-3.938779524759184e-09	0.0
-0.0014314762083813548	0.07462686567164178
0.0	1.0
-0.0001820251054596156	1.0
-0.0018463312881067395	0.0
0.0	1.0
-0.01204907987266779	0.010135135135135136
0.0	1.0
0.0	1.0
-0.0003256633353885263	1.0
0.0	1.0
0.0	1.0
0.0	1.0
0.0	1.0
0.0	1.0
0.0	1.0
0.0	0.0
0.0	1.0
0.0	1.0
0.0	0.0
0.0	1.0
0.0	1.0
0.0	1.0
0.0	0.2127659574468085
-0.00013555413170251995	1.0
-1.49465961385431e-06	1.0
0.0	1.0
0.0	1.0
0.0	0.0
0.0	1.0
0.0	1.0
0.0	0.0
-3.145313530694693e-05	1.0
-0.0019420429598540068	1.0
-9.558034435031004e-06	1.0
0.0	0.0
-0.013401431031525135	0.0
0.0	0.09090909090909091
-0.0003601950884331018	1.0
0.0	0.0
-8.08221084298566e-05	1.0
0.0	0.0
0.0	1.0
0.0	1.0
0.0	1.0
0.0	1.0
0.0	0.018518518518518517
0.0	1.0
-0.009036509320139885	0.23170731707317074
0.0	0.1
0.0	1.0
-0.002241613110527396	1.0
0.0	1.0
-5.576793228101451e-06	0.0
-0.002009110525250435	0.01120162932790224
0.0	0.0
-0.0001192824129248038	1.0
0.0	1.0
-5.831763019159553e-07	0.1923497267759563
0.0	1.0
0.0	1.0
0.0	0.0
-1.2107774782776914e-09	1.0
0.0	1.0
0.0	0.0
0.0	0.0
0.0	1.0
-0.0004854660655837506	1.0
0.0	1.0
-0.0026370426639914513	1.0
0.0	1.0
-0.01904330588877201	0.0
-0.0008034578058868647	1.0
0.0	1.0
0.0	1.0
0.0	1.0
0.0	1.0
0.0	1.0
-0.0004749411018565297	0.0
0.0	1.0
0.0	1.0
0.0	1.0
0.0	1.0
-0.005766936577856541	0.0
0.0	1.0
-0.025983361527323723	0.0
-6.313177536299008e-09	1.0
-0.0005094686057418585	0.0
-0.008446154184639454	0.0
-0.0012076800921931863	1.0
0.0	0.0
0.0	1.0
-1.353834044870439e-09	0.0
0.0	0.0
-0.00024020457931328565	1.0
-0.001039643189869821	1.0
-1.0061985689091557e-09	1.0
-0.0006606286042369902	1.0
-0.0009084176854230464	0.0
0.0	1.0
0.0	1.0
0.0	1.0
0.0	1.0
0.0	1.0
0.0	1.0
-0.003110575256869197	0.008438818565400843
-0.00045699349720962346	1.0
0.0	1.0
-7.663783435418736e-06	1.0
0.0	0.0
0.0	1.0
-0.00020314390712883323	1.0
0.0	0.0
-1.1189078996665103e-08	0.0
-0.002096643205732107	0.0
-7.728624768787995e-05	1.0
0.0	1.0
0.0	1.0
0.0	1.0
-1.1808407407443156e-07	0.0
0.0	1.0
0.0	1.0
-0.00015681490185670555	0.0
0.0	1.0
-1.0903920156124514e-05	1.0
-3.4800079447450116e-05	0.0
-0.0001831401459639892	0.0
-0.0002047657617367804	0.0
0.0	1.0
0.0	0.06291390728476821
0.0	1.0
-6.860179269096989e-07	1.0
0.0	0.0
-0.0012667662231251597	1.0
-1.2693678399955388e-05	1.0
0.0	1.0
0.0	0.0
-1.0937826289136865e-07	1.0
0.0	1.0
-0.00034669472370296717	1.0
-9.388080712824376e-08	1.0
-0.01359557919204235	1.0
0.0	1.0
0.0	1.0
0.0	0.0
0.0	1.0
0.0	0.953
-0.001718016341328621	1.0
0.0	1.0
-0.0011587642366066575	0.0
-0.0001788657100405544	1.0
0.0	0.0
-0.0008863515686243773	1.0
0.0	1.0
-0.004904511850327253	0.0
0.0	0.05555555555555555
0.0	1.0
0.0	1.0
0.0	1.0
-0.0002786185359582305	1.0
0.0	1.0
-2.727831315496587e-06	1.0
0.0	1.0
0.0	0.0
-8.141886382873054e-07	0.016243654822335026
0.0	1.0
0.0	0.0
-1.2959400010004174e-05	1.0
0.0	1.0
0.0	1.0
-2.036873308908227e-10	1.0
-0.00022634118795394897	1.0
0.0	0.0
0.0	1.0
0.0	1.0
0.0	0.0
-0.0016848191153258085	0.06588735387885228
0.0	0.0
0.0	0.0
0.0	1.0
0.0	1.0
-0.014228727668523788	0.0
0.0	1.0
0.0	1.0
0.0	0.0
0.0	0.0
0.0	1.0
0.0	0.0
0.0	1.0
0.0	0.2531328320802005
0.0	1.0
-0.0011247050715610385	1.0
0.0	0.0
0.0	1.0
0.0	1.0
-4.512034834647238e-08	1.0
0.0	0.0
0.0	0.0
0.0	0.0
0.0	1.0
0.0	0.0
-2.4426853428849427e-08	1.0
0.0	1.0
0.0	1.0
-3.4327733828831697e-06	1.0
-0.0034461577888578176	0.0
-1.1288405403320212e-05	1.0
0.0	0.13552361396303902
-0.022011127322912216	0.0
-0.0004899690393358469	1.0
0.0	1.0
0.0	0.0
0.0	1.0
0.0	1.0
-3.8815584080253984e-10	0.6341463414634146
0.0	1.0
-1.5404681107611395e-05	1.0
0.0	1.0
-4.212593921693042e-06	0.0
-5.138676328897418e-08	1.0
-1.3673822650162037e-05	1.0
-0.005929799284785986	1.0
-0.0012684434186667204	1.0
-0.0002943294239230454	1.0
0.0	0.0
-0.00032090707099996507	0.0
0.0	0.0
-0.0005591709050349891	1.0
0.0	1.0
0.0	1.0
0.0	0.0
0.0	1.0
0.0	1.0
-9.082903318358149e-08	1.0
0.0	1.0
-0.0008017855579964817	1.0
0.0	0.0
-0.0005094591178931296	1.0
0.0	1.0
-0.0008546165772713721	1.0
-4.783344900727293e-11	1.0
0.0	1.0
0.0	0.7241379310344828
0.0	1.0
-0.00043806314351968467	1.0
-0.0004342914035078138	1.0
0.0	0.0
-0.00014106252638157457	1.0
-0.0013738218694925308	0.0
-0.005388411693274975	0.0
-6.86072610278643e-07	0.171
0.0	1.0
0.0	1.0
0.0	1.0
