-0.0005557360127568245	0.002
0.0	1.0
0.0	1.0
0.0	1.0
-6.722376433287991e-09	1.0
-9.470756049267948e-05	1.0
0.0	1.0
-0.0026977916713804007	0.0
0.0	1.0
0.0	1.0
0.0	1.0
-0.010099892504513264	0.0
-0.002608855487778783	0.0
0.0	0.006024096385542169
0.0	1.0
0.0	1.0
0.0	1.0
-1.4989878764026798e-05	0.008264462809917356
-0.0007974867476150393	1.0
0.0	1.0
0.0	0.0
0.0	0.20309278350515464
0.0	0.0
0.0	1.0
-7.457321044057608e-05	0.0
-0.00010897956235567108	0.0
-1.9499371717301983e-07	1.0
0.0	1.0
0.0	1.0
-0.0001852922432590276	1.0
0.0	0.0
0.0	1.0
0.0	1.0
-0.00024565967032685876	1.0
0.0	0.0
-0.0010169872548431158	0.0
0.0	1.0
-0.00022780103608965874	1.0
0.0	1.0
-2.873918476741215e-18	0.0
-0.01594839245080948	0.0
0.0	1.0
0.0	0.0
0.0	0.0
0.0	0.0
0.0	0.0
0.0	0.0
-0.000157741189468652	0.0
0.0	1.0
0.0	1.0
-0.00020409806165844202	0.0
-9.92347324313414e-08	1.0
0.0	1.0
-0.00017188691708724946	0.011428571428571429
-0.03510875254869461	0.0
0.0	1.0
-3.1218223739415407e-06	1.0
-0.006502872798591852	0.0
-0.00035423829103820026	0.0
0.0	1.0
0.0	1.0
-1.882299004163368e-12	1.0
-0.0030889404006302357	0.0
0.0	1.0
0.0	0.06711409395973154
0.0	1.0
0.0	0.0
-0.04058520868420601	0.0
0.0	1.0
-0.00014027788711246103	1.0
0.0	1.0
-0.0005156582337804139	1.0
-6.550002581207082e-05	1.0
-4.926279757455632e-07	1.0
-0.0003751889453269541	0.0
0.0	1.0
-0.0011581962462514639	0.5578602620087336
0.0	0.0
0.0	1.0
0.0	0.0
0.0	1.0
0.0	0.0
0.0	1.0
-0.00015363271813839674	1.0
-0.00015102022734936327	1.0
0.0	1.0
-8.552249397553169e-08	1.0
-3.755106718017487e-06	0.0
-0.0022782222367823124	1.0
-0.0028355997055768967	1.0
0.0	1.0
0.0	1.0
-0.0009890480432659388	0.3485714285714286
-0.0008298875764012337	0.0
0.0	0.012422360248447204
0.0	1.0
0.0	1.0
-0.0004299331340007484	0.0
-1.7016229492128332e-07	1.0
0.0	0.0
-0.008999353274703026	0.0
-5.372883127990891e-12	1.0
0.0	0.0
-0.0001653399522183463	1.0
0.0	1.0
-0.009408870711922646	0.03333333333333333
-7.861001358833164e-05	1.0
-7.592242582177278e-06	1.0
0.0	1.0
0.0	0.0
-7.056474260025425e-06	0.0
-0.0009171754936687648	1.0
0.0	1.0
0.0	1.0
0.0	1.0
0.0	0.0
-0.0006570257246494293	1.0
0.0	1.0
0.0	1.0
-7.204255962278694e-05	0.013114754098360656
-2.3391246717352487e-09	0.0
-0.004525213968008757	1.0
0.0	1.0
0.0	1.0
0.0	1.0
-3.9385533455060795e-05	1.0
0.0	0.5692148760330579
0.0	1.0
0.0	0.0
0.0	1.0
-2.484441438355134e-06	0.036523929471032744
0.0	1.0
0.0	1.0
-0.00018071653903461993	1.0
0.0	1.0
0.0	1.0
0.0	1.0
0.0	0.00796812749003984
-7.6271453508525155e-06	1.0
0.0	1.0
0.0	1.0
-5.672632141795475e-06	0.0
-0.0007754702819511294	0.0
0.0	0.0
0.0	1.0
0.0	0.0
0.0	1.0
-1.3868731002730783e-05	1.0
-7.643124263267964e-05	0.0
-0.00011629002256086096	1.0
0.0	1.0
0.0	1.0
0.0	1.0
-0.00021039068815298378	1.0
-6.889484211569652e-05	1.0
-0.0004316683334764093	1.0
-0.0012701151426881552	1.0
0.0	0.0
0.0	1.0
0.0	0.0
0.0	1.0
0.0	1.0
-0.002482291543856263	1.0
0.0	0.0
-0.0003223409003112465	1.0
0.0	1.0
0.0	1.0
-1.8452753636211128e-07	0.0
0.0	1.0
0.0	1.0
0.0	1.0
-1.6194557247217745e-05	0.0
0.0	1.0
0.0	0.03383458646616541
-3.519171877996996e-05	1.0
0.0	1.0
0.0	1.0
0.0	0.0
0.0	1.0
0.0	1.0
-0.005495900753885508	0.0
0.0	1.0
-6.082856998546049e-05	0.0
-0.0024029118940234184	1.0
0.0	1.0
0.0	1.0
0.0	1.0
0.0	1.0
0.0	1.0
0.0	1.0
-4.769400675286306e-06	1.0
0.0	1.0
0.0	1.0
0.0	1.0
0.0	1.0
0.0	1.0
-2.9256132239030563e-11	1.0
0.0	0.200836820083682
-9.542086627334356e-05	1.0
0.0	0.0
0.0	1.0
0.0	0.0
0.0	1.0
-0.001499009202234447	1.0
0.0	1.0
0.0	1.0
0.0	1.0
-2.7140185920870863e-06	1.0
0.0	0.0
-0.00484226830303669	1.0
-8.759647244005464e-06	1.0
0.0	1.0
0.0	1.0
-2.1573192451190826e-12	1.0
0.0	0.0
-4.624034772859886e-05	1.0
-5.256766235106625e-05	1.0
-0.000288148206891492	0.2244258872651357
0.0	0.0
0.0	1.0
-3.65280284313485e-05	1.0
0.0	1.0
0.0	1.0
0.0	1.0
0.0	1.0
-2.9301988888619235e-06	1.0
-3.1888491776044248e-06	1.0
-0.00026329164393246174	1.0
0.0	0.6331967213114754
0.0	1.0
0.0	1.0
0.0	0.3340732519422864
0.0	0.0
0.0	1.0
-0.000103823869721964	1.0
-2.909332215494942e-05	1.0
-1.7056343494914472e-05	0.0
0.0	1.0
-0.010966709814965725	0.0
-0.0001617713860468939	1.0
0.0	1.0
0.0	1.0
-2.779813075903803e-05	1.0
0.0	1.0
-0.0003404435410629958	1.0
0.0	1.0
0.0	1.0
0.0	1.0
-4.0093765113491386e-11	1.0
0.0	1.0
0.0	1.0
0.0	0.0
-0.002567014191299677	0.009523809523809525
0.0	1.0
0.0	0.0
0.0	1.0
0.0	0.0
0.0	1.0
-0.0002555743558332324	1.0
0.0	1.0
0.0	1.0
0.0	1.0
0.0	1.0
0.0	1.0
0.0	1.0
-0.0020147347822785378	1.0
0.0	1.0
-3.352875310724812e-09	1.0
-1.8674033981369575e-06	1.0
0.0	0.0
0.0	1.0
0.0	1.0
-0.0010474519804120064	0.0
0.0	1.0
-0.00022221605468075722	1.0
-0.003149418393149972	0.0
0.0	1.0
0.0	1.0
0.0	1.0
-3.891420419677161e-06	1.0
0.0	1.0
-3.976411335315788e-06	0.0
0.0	0.0
0.0	1.0
-5.323423010850092e-06	0.0
-6.18771264271345e-06	1.0
-0.007390420883893967	0.0
0.0	1.0
0.0	1.0
0.0	1.0
0.0	1.0
0.0	0.0
0.0	0.0
-0.0005235410644672811	0.04516129032258064
0.0	1.0
0.0	1.0
0.0	0.0
0.0	1.0
-0.0017772199353203177	1.0
0.0	1.0
-1.922805495269131e-06	1.0
0.0	1.0
0.0	1.0
-0.0009806369198486209	0.0
0.0	1.0
-0.0009130883845500648	1.0
0.0	1.0
-3.430032666074112e-05	1.0
0.0	1.0
0.0	1.0
-2.1230252968962304e-06	1.0
-2.1540172383538447e-06	1.0
0.0	0.0
-0.0017617602134123445	1.0
0.0	1.0
-4.880565711573581e-07	1.0
0.0	1.0
0.0	1.0
0.0	1.0
0.0	1.0
-0.0009004294988699257	0.0
0.0	1.0
0.0	1.0
-5.067612073617056e-05	1.0
0.0	1.0
-8.427467946603429e-06	1.0
0.0	1.0
0.0	1.0
0.0	1.0
0.0	0.0
0.0	0.265495867768595
-6.802615644119214e-07	1.0
-8.130672358674929e-05	1.0
-3.499235345927332e-10	0.0
-3.228661444154568e-05	1.0
0.0	0.006578947368421052
0.0	0.0036275695284159614
-0.0012158295139670372	0.006578947368421052
0.0	1.0
-1.4188664863468148e-05	1.0
0.0	1.0
0.0	1.0
-9.055690316017717e-05	1.0
-0.0007771922391839325	1.0
-0.0005833051982335746	1.0
0.0	1.0
0.0	0.0
-0.0015478356508538127	0.051593323216995446
-1.647864109706118e-13	1.0
0.0	0.0
0.0	1.0
0.0	1.0
-0.00020459275401663035	1.0
-0.00168987934011966	0.0
0.0	1.0
0.0	0.0
0.0	1.0
0.0	1.0
0.0	1.0
0.0	1.0
0.0	0.0
0.0	1.0
-2.262012938070157e-10	0.42953929539295393
0.0	1.0
0.0	1.0
0.0	1.0
0.0	0.0
-8.233313764094419e-08	1.0
-0.0002811480953823775	1.0
-2.7353090104043076e-07	1.0
-0.002941412851214409	1.0
0.0	1.0
-0.05238482356071472	0.0
0.0	1.0
0.0	1.0
-0.0033257564064115286	1.0
0.0	1.0
0.0	1.0
-0.00037178050843067467	0.03642384105960265
0.0	0.0
0.0	1.0
0.0	1.0
0.0	1.0
-0.02216818928718567	0.0072992700729927005
0.0	1.0
0.0	1.0
0.0	1.0
0.0	0.0
0.0	0.0
-2.0913559637847356e-05	1.0
-0.036817990243434906	0.0
0.0	1.0
0.0	1.0
-1.2130411732869106e-06	1.0
0.0	1.0
0.0	1.0
-5.202342799748294e-05	1.0
-1.468653863412328e-06	0.0
0.0	1.0
-0.00035515488707460463	1.0
0.0	1.0
-0.0079379603266716	0.1794871794871795
-0.015221032314002514	0.0
-1.0529950031923363e-06	0.8713872832369942
0.0	1.0
0.0	1.0
-0.0005780940991826355	1.0
0.0	1.0
0.0	1.0
0.0	1.0
0.0	0.0
0.0	1.0
0.0	0.844845908607864
0.0	1.0
0.0	0.0
0.0	1.0
-0.003170104930177331	0.0
-0.0021447273902595043	1.0
0.0	1.0
0.0	1.0
0.0	1.0
0.0	0.024615384615384615
0.0	1.0
-3.863164454998014e-09	1.0
0.0	1.0
0.0	0.0
0.0	1.0
0.0	1.0
-6.448542677617297e-08	1.0
-1.7000922525767237e-05	0.0
0.0	1.0
0.0	1.0
0.0	1.0
0.0	0.0
0.0	1.0
-0.0005632726242765784	1.0
-0.0020067617297172546	0.0
0.0	1.0
0.0	1.0
-0.0011592786759138107	1.0
0.0	0.0
0.0	0.0
0.0	1.0
-5.2186536342313516e-11	1.0
-0.00014704787463415414	1.0
0.0	0.0
0.0	0.0
0.0	1.0
-4.901575678672998e-08	0.0
-2.5660779101599474e-07	1.0
0.0	1.0
-0.00025075976736843586	1.0
-4.764339962548547e-07	1.0
0.0	1.0
0.0	1.0
0.0	1.0
0.0	1.0
-3.2648308945226745e-08	1.0
0.0	1.0
-0.008981664665043354	0.0
-0.00024027399194892496	0.0
0.0	1.0
0.0	1.0
0.0	1.0
0.0	1.0
-2.9300797899090014e-11	1.0
-8.875725932000478e-09	1.0
0.0	1.0
0.0	1.0
-0.00016271599452011287	1.0
0.0	1.0
0.0	0.0
0.0	1.0
0.0	1.0
0.0	0.0
0.0	1.0
0.0	1.0
0.0	1.0
-7.968343561515212e-05	0.0
0.0	1.0
-0.016304239630699158	0.0
-4.860140734308516e-08	1.0
0.0	0.0
-9.998863788496237e-06	1.0
0.0	1.0
-7.9126166383503e-06	0.0
0.0	1.0
0.0	1.0
-2.0592125338225742e-08	0.0
0.0	1.0
0.0	1.0
-0.001052425242960453	1.0
0.0	1.0
0.0	0.04017857142857143
0.0	1.0
0.0	1.0
-0.0020965372677892447	1.0
0.0	1.0
0.0	1.0
-1.6043513824115507e-05	1.0
-0.00024074272369034588	0.0
0.0	1.0
0.0	1.0
-1.145873185537212e-16	1.0
0.0	1.0
0.0	0.0
0.0	0.0
-0.0006396741955541074	0.640251572327044
0.0	0.0
-3.429196482329644e-08	1.0
-0.0012998804450035095	1.0
0.0	0.0
0.0	1.0
-2.2072339789236395e-10	1.0
-9.699102520244196e-06	1.0
0.0	1.0
0.0	1.0
0.0	1.0
-0.00014325929805636406	1.0
0.0	1.0
0.0	1.0
0.0	1.0
-0.0008702813647687435	0.0
0.0	1.0
0.0	1.0
0.0	0.0
0.0	0.0
-3.773361640924122e-06	1.0
-1.1436475377823996e-10	1.0
-0.0005442216643132269	1.0
0.0	1.0
0.0	1.0
0.0	1.0
-0.005871758796274662	0.0
0.0	1.0
0.0	0.12091503267973856
0.0	0.0
-2.0492605472099967e-05	1.0
0.0	1.0
-0.00041647747275419533	1.0
-3.34603973897174e-05	1.0
-4.702680911350399e-08	0.0
-0.0017613311065360904	0.0
-6.76725164794334e-07	1.0
-9.366108861286193e-05	1.0
0.0	1.0
-2.6023280752518474e-12	1.0
0.0	1.0
