0.0	0.0
-8.60402860070053e-09	0.0
0.0	1.0
0.0	1.0
-7.3136169476129e-07	1.0
-0.00048037749365903437	1.0
0.0	1.0
0.0	0.051440329218107
-0.0051904600113630295	0.051440329218107
0.0	1.0
0.0	0.0
-6.985010347904108e-10	1.0
0.0	1.0
-0.0010099672945216298	1.0
0.0	1.0
-0.01511743851006031	0.0
-7.862451639084611e-06	0.0
0.0	0.0
0.0	0.02040816326530612
-1.6059175322880037e-06	0.0
-7.198870122238077e-08	1.0
0.0	1.0
0.0	0.0043859649122807015
0.0	1.0
-1.2199343473184854e-06	0.0
0.0	1.0
-2.9596239983220585e-05	1.0
0.0	1.0
0.0	0.01847826086956522
0.0	1.0
-1.3577280966181604e-10	1.0
0.0	1.0
-2.2018000890966505e-05	1.0
0.0	1.0
0.0	1.0
0.0	0.7586206896551724
0.0	1.0
-1.2140502803958952e-05	1.0
0.0	0.2065775950668037
0.0	1.0
-0.0003660967340692878	1.0
-0.0023829240817576647	1.0
-2.2802655488644852e-14	0.06762295081967214
0.0	1.0
-3.219657446607016e-05	1.0
-0.03100503794848919	0.0
0.0	1.0
-1.680062268860638e-05	1.0
0.0	0.0
-5.6106000556610525e-06	1.0
-2.452863327562227e-06	1.0
0.0	1.0
0.0	0.06060606060606061
-0.0005249318201094866	1.0
0.0	1.0
-0.00011046820873161778	0.0
-0.0002450193860568106	1.0
-1.8460261799191358e-06	1.0
0.0	1.0
0.0	1.0
0.0	1.0
-1.1988734513579402e-05	1.0
0.0	1.0
0.0	1.0
-2.0874305846518837e-05	1.0
-0.000501786358654499	1.0
-0.00242289318703115	1.0
0.0	1.0
0.0	0.0
-0.00010821975592989475	1.0
0.0	1.0
-0.008907322771847248	0.0
-8.563731535105035e-05	1.0
0.0	1.0
-4.10437269238173e-06	1.0
0.0	0.0
0.0	1.0
-5.501822997189265e-09	1.0
0.0	1.0
0.0	1.0
0.0	1.0
0.0	1.0
-5.4514684961759485e-06	1.0
0.0	1.0
0.0	1.0
-0.0010278476402163506	1.0
0.0	0.0
0.0	1.0
0.0	1.0
-1.008204453256667e-08	0.006006006006006006
0.0	0.0
0.0	0.0
-7.252442628669087e-06	1.0
0.0	1.0
0.0	1.0
0.0	0.0
0.0	0.0
0.0	0.0
0.0	1.0
0.0	1.0
-1.6339828334821505e-07	0.0
-4.169828571320977e-06	0.001692047377326565
-0.00034373567905277014	0.10622317596566523
-1.559572737619419e-08	1.0
-0.000133762790937908	1.0
-4.836575229205664e-08	1.0
0.0	1.0
0.0	1.0
0.0	1.0
0.0	0.0
0.0	0.0
0.0	1.0
0.0	1.0
-0.018573172390460968	0.0
0.0	1.0
0.0	1.0
0.0	1.0
-3.397111413505627e-06	1.0
0.0	1.0
-3.694976157930796e-06	0.927
-0.0035300510935485363	1.0
-4.659680416807532e-05	1.0
-0.0013795747654512525	0.0
0.0	1.0
0.0	0.0
0.0	1.0
-0.00017326147644780576	1.0
0.0	0.0
-0.00022301453282125294	1.0
0.0	1.0
0.0	0.0
-0.0001747114583849907	0.0
-1.3268401744426228e-05	0.0
0.0	1.0
0.0	1.0
-0.013475880958139896	0.0
0.0	0.0
0.0	1.0
-9.90559346973896e-05	1.0
0.0	1.0
0.0	1.0
0.0	0.0
-0.0023619444109499454	0.0
0.0	0.02040816326530612
0.0	0.07589285714285714
0.0	1.0
-1.8179514881921932e-05	1.0
-3.1443967429822806e-08	0.0
-0.0002794763713609427	0.0
0.0	1.0
-0.001220864593051374	0.0023923444976076554
-1.13270071100402e-09	0.0
0.0	0.0
-1.618806422243324e-08	1.0
-0.039960261434316635	0.0
0.0	1.0
0.0	1.0
0.0	1.0
0.0	1.0
-8.488669664075132e-06	1.0
0.0	1.0
0.0	1.0
0.0	1.0
-1.4483708582702093e-05	1.0
-0.004840121604502201	0.03508771929824561
0.0	0.0
0.0	1.0
0.0	1.0
0.0	0.0
0.0	1.0
-4.850288405577885e-06	1.0
0.0	0.0
-7.645483606211201e-07	1.0
-0.0003950872051063925	1.0
0.0	1.0
-1.6458751588288578e-06	0.0
0.0	1.0
-0.0001343719195574522	1.0
-0.002043080050498247	0.0
0.0	1.0
-4.19618082503348e-08	1.0
0.0	1.0
0.0	1.0
0.0	0.0
0.0	1.0
-0.00725577911362052	0.0
0.0	1.0
0.0	1.0
-2.2593832909478806e-05	0.0
0.0	1.0
0.0	1.0
-2.064804363044459e-07	1.0
-9.79022161118337e-07	1.0
0.0	1.0
0.0	1.0
-0.01018744520843029	0.0
0.0	1.0
0.0	1.0
0.0	1.0
0.0	0.0
0.0	1.0
0.0	1.0
0.0	1.0
-7.514713070122525e-05	1.0
0.0	0.0
-0.0006843811715953052	0.24974721941354905
0.0	1.0
0.0	1.0
0.0	1.0
0.0	1.0
0.0	1.0
0.0	1.0
0.0	0.0
-6.0761463828384876e-05	1.0
-1.8256232579005882e-05	1.0
0.0	0.0
0.0	1.0
0.0	1.0
-1.9368426364962943e-05	1.0
0.0	1.0
0.0	0.0
-7.459862061409694e-09	1.0
-5.530425187316723e-05	1.0
-0.0003154743171762675	1.0
0.0	1.0
0.0	0.22413793103448276
0.0	1.0
-8.008787233393377e-08	1.0
0.0	0.0
0.0	1.0
-1.6248588963208022e-07	1.0
-4.893442564934958e-06	1.0
0.0	0.16080402010050251
0.0	0.0
0.0	0.0
0.0	0.0
-0.0011935867369174957	0.0
-7.304898304028029e-07	1.0
0.0	1.0
0.0	1.0
-9.64909006029302e-08	1.0
0.0	1.0
-8.872227772371843e-05	1.0
0.0	1.0
-0.00031571215367875993	0.0
0.0	1.0
0.0	1.0
-1.72474085502472e-06	1.0
0.0	0.0
-0.0001251328067155555	1.0
-6.139751349110156e-05	0.0
0.0	0.32160804020100503
0.0	1.0
-0.0005422095418907702	0.0
-0.00020574219524860382	1.0
0.0	1.0
0.0	1.0
0.0	1.0
0.0	0.0
0.0	1.0
-4.161373362876475e-05	0.0
0.0	1.0
0.0	1.0
-4.6089495299384e-05	1.0
-2.5310111784193623e-09	1.0
-0.0004023094952572137	0.0
-2.4590584871475585e-05	1.0
-2.7993910407531075e-06	1.0
0.0	1.0
0.0	1.0
0.0	0.0
-0.0005012044566683471	1.0
0.0	0.0
0.0	1.0
-7.877797969513267e-09	1.0
0.0	0.0
0.0	1.0
0.0	1.0
0.0	1.0
-7.978558187460294e-07	1.0
0.0	0.0
0.0	1.0
0.0	1.0
-2.441928603769128e-11	0.04488078541374474
-0.0006079146405681968	1.0
-0.035241883248090744	0.0
-5.161754756954906e-07	1.0
0.0	1.0
0.0	1.0
0.0	1.0
0.0	1.0
0.0	0.0
0.0	1.0
-2.7759138902183622e-05	0.0
0.0	1.0
0.0	1.0
0.0	1.0
0.0	0.0
0.0	1.0
0.0	0.17857142857142858
0.0	1.0
0.0	1.0
-6.236467697817716e-07	0.0
0.0	1.0
-0.00043598911724984646	1.0
0.0	1.0
-0.05101428180932999	0.0
-0.00013469959958456457	1.0
0.0	1.0
0.0	0.0
0.0	1.0
-0.0044738734140992165	0.0
-0.0006107648951001465	1.0
-5.7114103668709504e-08	1.0
-3.4487624134271755e-07	1.0
0.0	1.0
-5.270907266208269e-08	1.0
-0.009181666187942028	0.0
-0.0003131370758637786	1.0
0.0	0.0
-0.001498380210250616	0.023809523809523808
-0.00041689458885230124	0.0
0.0	1.0
-2.012252116401214e-05	1.0
-0.000603150634560734	1.0
0.0	0.0
0.0	0.0
-2.126528306689579e-05	1.0
0.0	0.0
-0.0017009663861244917	1.0
0.0	1.0
0.0	1.0
-0.005355469416826963	0.17280163599182005
0.0	1.0
-0.0005375434993766248	1.0
0.0	1.0
0.0	1.0
-1.0111115443578456e-05	1.0
-0.0034015371929854155	1.0
0.0	1.0
0.0	0.42857142857142855
0.0	1.0
-6.827824108768255e-05	1.0
0.0	1.0
0.0	1.0
0.0	1.0
0.0	0.0
0.0	1.0
0.0	1.0
-2.2710212022047926e-07	1.0
0.0	1.0
0.0	0.0
-0.0002910200273618102	1.0
0.0	1.0
0.0	0.0
0.0	0.971
0.0	0.0
-0.0022343110758811235	0.0
0.0	1.0
0.0	1.0
0.0	1.0
-1.2004481853011839e-08	0.15064935064935064
-0.00015212735161185265	1.0
-1.3916890111431712e-06	1.0
-4.845745706916205e-07	1.0
0.0	0.0
0.0	1.0
-0.0011603636667132378	1.0
-0.0007853364222683012	0.1724137931034483
-0.00031601288355886936	1.0
-0.00024114700499922037	0.0
0.0	1.0
0.0	1.0
-0.01063984353095293	0.43103448275862066
-0.003335381392389536	0.399364406779661
-7.525033396404979e-08	1.0
0.0	1.0
-0.03198269382119179	0.0
-0.0009019245626404881	1.0
0.0	1.0
0.0	1.0
0.0	0.0
0.0	0.0
-4.3565993109950796e-05	1.0
-1.5029476344352588e-05	1.0
-3.920408289559418e-06	1.0
-2.6793393892443618e-11	1.0
0.0	1.0
-8.813292515696958e-05	1.0
-1.0466134209297095e-10	1.0
0.0	0.0
0.0	0.0
0.0	1.0
-0.004154319874942303	0.0
0.0	1.0
-2.298136860190425e-05	1.0
-2.7115660486742854e-05	1.0
-0.013155958615243435	0.0
0.0	1.0
0.0	1.0
-1.6365226881975836e-11	1.0
-1.0284148999062381e-07	1.0
-9.529423437015794e-07	1.0
-0.0007933625602163374	1.0
0.0	1.0
0.0	1.0
-2.8203517103975173e-06	1.0
-0.0007758584688417614	1.0
0.0	1.0
0.0	1.0
-4.1618400246079545e-06	1.0
-0.0004339947772677988	1.0
0.0	1.0
0.0	0.08463949843260188
-0.0011167334159836173	1.0
0.0	1.0
-1.3957110240880866e-06	1.0
0.0	0.0
0.0	1.0
0.0	1.0
-0.00028076121816411614	1.0
0.0	1.0
-0.00011060349061153829	1.0
0.0	1.0
-1.1471258858364308e-06	1.0
0.0	0.0
0.0	0.0
-1.3755962754657958e-05	1.0
0.0	0.0
0.0	1.0
-1.1948826568186632e-06	0.0
0.0	0.0
0.0	1.0
0.0	1.0
-7.1384165494237095e-06	1.0
-0.0006636817706748843	0.0
-6.702537939418107e-05	1.0
-0.000949517940171063	1.0
0.0	1.0
0.0	1.0
0.0	1.0
-0.0010524964891374111	1.0
-1.1628219908743631e-05	0.06604747162022703
-8.75385376275517e-06	1.0
0.0	1.0
0.0	1.0
-5.41192775926902e-06	1.0
0.0	1.0
-0.026242336258292198	0.11904761904761904
0.0	0.0
0.0	1.0
0.0	1.0
0.0	1.0
-1.899296694318764e-05	0.0
-0.0024980418384075165	1.0
0.0	1.0
0.0	1.0
0.0	1.0
-0.00010750257933977991	0.0
-0.00018997216830030084	0.0
-3.5050349289633687e-09	1.0
0.0	1.0
-0.00018435715173836797	1.0
-2.367049319218495e-06	1.0
0.0	1.0
0.0	1.0
-0.00018856428505387157	1.0
-4.3857063758423465e-08	1.0
0.0	0.0
0.0	1.0
-0.00014788054977543652	1.0
-8.432127884816509e-08	1.0
-0.032875657081604004	0.0
0.0	1.0
0.0	1.0
-0.00032231988734565675	1.0
0.0	1.0
0.0	0.0
-0.0009962941985577345	0.0
-0.0010946198599413037	1.0
-0.0005753670120611787	1.0
0.0	0.0
-4.180685664323391e-06	1.0
0.0	1.0
0.0	1.0
-3.1630744690147594e-09	1.0
-5.133937156642787e-05	1.0
0.0	0.0
0.0	1.0
-7.713384547969326e-06	0.0
-0.0005409736768342555	0.0
0.0	1.0
0.0	1.0
-0.0205168928951025	0.0
0.0	1.0
-5.855003109900281e-06	1.0
-6.884315695288024e-08	0.7961696306429549
-6.8756476139242295e-06	1.0
0.0	1.0
0.0	1.0
0.0	1.0
0.0	1.0
-0.01343760546296835	0.0
0.0	0.0
-0.01444089226424694	0.0
0.0	1.0
-0.0017328696558251977	0.7241379310344828
-0.0004441725031938404	1.0
-7.566965359728783e-05	1.0
0.0	0.0
0.0	1.0
-7.6249212725088e-05	1.0
0.0	1.0
-0.0006230862927623093	1.0
0.0	1.0
-0.005019919481128454	0.0
-2.671542915777536e-07	0.0
0.0	1.0
0.0	0.012024048096192385
-0.00035889336140826344	0.0
