0.0	1.0
0.0	1.0
0.0	1.0
-0.05261831730604172	0.0
-4.961502781952731e-05	1.0
0.0	1.0
0.0	1.0
0.0	0.0
-0.0009597318712621927	0.0
0.0	0.08186528497409326
0.0	0.04535637149028078
0.0	1.0
0.0	1.0
0.0	1.0
0.0	1.0
0.0	1.0
-9.21206628845539e-06	0.16699410609037327
0.0	1.0
-9.793293429538608e-06	1.0
0.0	1.0
0.0	1.0
0.0	1.0
0.0	1.0
-2.6182465262536425e-06	1.0
0.0	1.0
0.0	0.8867924528301887
0.0	0.0
-1.910021723006139e-07	1.0
0.0	1.0
0.0	1.0
-5.752326615038328e-06	0.0
0.0	1.0
0.0	1.0
0.0	1.0
0.0	1.0
-3.0217213407013332e-06	1.0
0.0	1.0
0.0	1.0
0.0	1.0
0.0	0.0
-0.00012282523675821722	0.0
0.0	0.0
-3.738172017619945e-05	1.0
-5.5358405006700195e-06	1.0
-0.000289913616143167	1.0
0.0	1.0
0.0	0.0
-0.0005334526649676263	0.049214659685863874
-0.000572455523069948	1.0
-1.981492687264108e-06	1.0
0.0	1.0
0.0	1.0
0.0	1.0
-1.3154441148799378e-05	1.0
0.0	0.0
0.0	1.0
0.0	0.0
0.0	0.0
-0.03143161162734032	0.0
0.0	0.947
-8.467195016237383e-07	1.0
-5.467762821353972e-05	0.0
0.0	0.947
0.0	1.0
-7.498576451325789e-05	1.0
0.0	1.0
0.0	1.0
-0.0003095109132118523	1.0
0.0	0.0
0.0	1.0
0.0	1.0
0.0	1.0
-0.00023998485994525254	0.08183856502242152
-0.0007888148538768291	1.0
-4.43597964476794e-05	0.0
-0.010939032770693302	0.0
0.0	1.0
0.0	1.0
0.0	1.0
-0.004707131534814835	0.0
-7.641235129085544e-07	0.0
-5.728736929278e-12	1.0
0.0	1.0
0.0	1.0
-2.4106430740467033e-10	0.0
0.0	1.0
-0.00025876128347590566	1.0
0.0	1.0
-0.0014656292041763663	1.0
0.0	1.0
-1.0574406587693375e-05	0.006993006993006993
0.0	1.0
-0.00027283470262773335	1.0
0.0	1.0
0.0	1.0
0.0	0.4584717607973422
-7.930200956627817e-14	1.0
0.0	1.0
0.0	1.0
0.0	1.0
-2.890021823986899e-05	1.0
-3.6457088299357565e-06	1.0
0.0	1.0
0.0	1.0
-0.002134110312908888	0.0
-4.351492680143565e-05	1.0
0.0	0.2598091198303287
0.0	1.0
-0.0007531827432103455	0.18779342723004694
0.0	1.0
-0.0026841373182833195	1.0
0.0	1.0
0.0	1.0
0.0	1.0
-4.562850790534867e-07	0.0
0.0	1.0
0.0	1.0
-0.001806554850190878	0.0
0.0	1.0
0.0	1.0
0.0	1.0
0.0	0.027777777777777776
0.0	1.0
-1.3209524695412256e-05	1.0
0.0	1.0
-2.8141939765191637e-05	0.0
-2.400681478320621e-05	1.0
-0.0019638848025351763	1.0
0.0	0.0
0.0	1.0
0.0	1.0
-0.0012806275626644492	1.0
0.0	0.0
0.0	1.0
0.0	0.0
-0.001147676957771182	1.0
0.0	0.0
0.0	1.0
0.0	1.0
0.0	1.0
0.0	1.0
0.0	1.0
0.0	1.0
0.0	1.0
-2.447893621138064e-06	1.0
0.0	0.0
0.0	1.0
0.0	1.0
0.0	0.1746031746031746
0.0	1.0
0.0	1.0
-0.0035760223399847746	0.006535947712418301
-4.518657874541532e-07	1.0
0.0	0.007150153217568948
0.0	0.006578947368421052
0.0	0.0
0.0	1.0
-0.0020412104204297066	0.0
0.0	0.0
0.0	1.0
0.0	1.0
0.0	1.0
-5.043936379678371e-09	1.0
0.0	1.0
0.0	1.0
0.0	1.0
0.0	0.0
0.0	1.0
-4.398824239615351e-05	1.0
-5.2171468269079924e-05	1.0
0.0	1.0
0.0	0.28743961352657005
0.0	1.0
0.0	1.0
0.0	1.0
0.0	0.027479091995221028
0.0	1.0
0.0	0.0
0.0	1.0
-6.505262717837468e-05	1.0
-1.7996229871641845e-05	1.0
-0.0016402561450377107	1.0
-0.00017383997328579426	1.0
0.0	1.0
0.0	1.0
0.0	1.0
-1.3555372788687237e-05	1.0
0.0	1.0
0.0	1.0
0.0	1.0
0.0	0.1849096705632306
-4.161311517236754e-05	1.0
-0.014768751338124275	0.0
-0.0006844075978733599	1.0
0.0	1.0
0.0	0.48936170212765956
0.0	1.0
-8.833127503748983e-05	1.0
0.0	0.06478209658421673
0.0	1.0
0.0	1.0
0.0	1.0
-0.015527653507888317	1.0
0.0	1.0
-1.4904623660650913e-19	1.0
0.0	0.0
0.0	1.0
0.0	1.0
0.0	0.02282608695652174
-7.907055987743661e-05	1.0
0.0	1.0
0.0	1.0
0.0	1.0
0.0	1.0
0.0	0.0
-0.0012332499027252197	1.0
0.0	1.0
0.0	1.0
0.0	1.0
-1.218883909359647e-07	1.0
-0.0003822112921625376	0.0
-9.30613350647036e-06	0.3309265944645006
0.0	1.0
-0.018988600000739098	0.0
0.0	1.0
0.0	1.0
-0.0003474493569228798	1.0
0.0	0.0
-0.015532971359789371	0.0
-1.898220943985507e-05	1.0
0.0	1.0
0.0	0.0
0.0	1.0
-0.0009430756326764822	0.020242914979757085
-0.00016170305025298148	1.0
0.0	1.0
-0.0027273313608020544	1.0
0.0	0.0
-1.9061462808167562e-05	1.0
0.0	0.02262443438914027
-2.0182444131933153e-05	0.04565217391304348
0.0	1.0
0.0	1.0
0.0	1.0
0.0	1.0
0.0	1.0
-0.0008320612832903862	1.0
0.0	1.0
0.0	1.0
-0.033824510872364044	0.0
0.0	0.018018018018018018
0.0	1.0
0.0	1.0
0.0	1.0
0.0	0.0
-2.608742533993791e-06	0.0
-0.0029075397178530693	0.0
-1.3804999809963192e-07	1.0
0.0	1.0
0.0	1.0
0.0	1.0
0.0	1.0
-9.115722718888719e-07	0.0
0.0	1.0
0.0	1.0
0.0	1.0
0.0	1.0
-9.549531831964941e-09	1.0
0.0	1.0
-0.014093702659010887	0.0
-1.721188164083287e-05	1.0
-9.439554560231045e-06	1.0
0.0	0.10056497175141244
0.0	0.0
0.0	1.0
-5.180958396522328e-05	0.0
0.0	1.0
0.0	1.0
0.0	1.0
0.0	0.0
0.0	1.0
-0.0012757795630022883	0.0
0.0	1.0
0.0	1.0
-0.00010293031664332375	1.0
0.0	0.0
-0.00025712602655403316	1.0
0.0	0.027377521613832854
0.0	0.0
0.0	0.02043010752688172
-7.124079729692312e-06	0.05221932114882506
-0.012478126212954521	0.0
-1.8080383856755589e-09	1.0
0.0	1.0
-6.107695327273177e-08	1.0
0.0	0.0
0.0	0.0
-0.0010049691190943122	1.0
0.0	0.0
-1.8021123651124071e-06	1.0
0.0	1.0
-0.00037156284088268876	1.0
-0.00038736514397896826	1.0
-6.841956405878591e-07	0.0
0.0	1.0
-1.723922082419449e-06	1.0
0.0	0.0
0.0	0.0
0.0	1.0
0.0	1.0
0.0	1.0
-0.00042790250154212117	1.0
0.0	1.0
-0.00011787516268668696	1.0
0.0	0.0
0.0	1.0
0.0	1.0
-0.006011735647916794	0.0
-0.0006280497182160616	1.0
-0.004332483746111393	0.0
0.0	1.0
0.0	1.0
-5.148211301708727e-10	1.0
0.0	1.0
0.0	1.0
0.0	1.0
-8.513824468536768e-06	0.0
0.0	1.0
0.0	0.0
0.0	1.0
0.0	1.0
0.0	1.0
0.0	1.0
0.0	1.0
0.0	1.0
-0.0002669605310074985	0.0
0.0	1.0
-4.649910260923207e-05	1.0
0.0	1.0
-0.010174295864999294	0.0
-2.659200845300802e-06	1.0
-0.000401521596359089	1.0
-0.00010173187183681875	1.0
0.0	1.0
0.0	1.0
0.0	1.0
0.0	1.0
0.0	1.0
0.0	1.0
-0.002232249593362212	1.0
-3.639089918294758e-09	1.0
-0.00016302679432556033	0.0
0.0	1.0
0.0	1.0
0.0	1.0
-0.00018692428420763463	1.0
0.0	1.0
-1.736109567218591e-07	1.0
0.0	0.0
0.0	0.0
0.0	1.0
0.0	0.33709449929478136
0.0	1.0
0.0	1.0
0.0	0.22641509433962265
-0.004518214613199234	0.02197802197802198
0.0	1.0
-6.733620807608531e-07	1.0
0.0	1.0
-1.3123270036885515e-05	1.0
-0.00044512710883282125	0.010277492291880781
-4.966431106367963e-07	1.0
-1.8732698947587778e-07	1.0
0.0	0.0
-0.007821431383490562	0.0
0.0	1.0
0.0	1.0
0.0	0.0
0.0	1.0
0.0	0.0
0.0	1.0
-0.0015825257869437337	1.0
-2.9448730856529437e-05	1.0
0.0	0.0
-0.0021017249673604965	0.0
0.0	1.0
-8.165880899468902e-06	1.0
-8.360386345884763e-06	1.0
0.0	0.018163471241170535
-0.0003555036964826286	1.0
0.0	0.0
0.0	1.0
0.0	1.0
0.0	0.0
0.0	0.00847457627118644
0.0	1.0
-0.0005632928805425763	1.0
-1.8116716091753915e-06	1.0
-0.0065008122473955154	0.0
-8.539084319636459e-07	1.0
0.0	1.0
0.0	0.06666666666666667
-4.140504825045355e-05	0.0
0.0	1.0
0.0	1.0
-0.0007316777482628822	0.0
-0.0039609018713235855	0.023379383634431455
-0.00017036723147612065	1.0
0.0	1.0
-0.002262574853375554	0.0
0.0	1.0
0.0	1.0
0.0	1.0
0.0	1.0
-0.00046301152906380594	1.0
0.0	1.0
-0.0010870697442442179	0.0
0.0	1.0
-4.172780245426111e-05	1.0
-0.008326745592057705	0.0
0.0	1.0
0.0	1.0
-0.00047222484136000276	1.0
0.0	1.0
0.0	1.0
0.0	1.0
0.0	1.0
0.0	1.0
0.0	1.0
0.0	0.0
-0.006094022188335657	0.0
-8.348203905939044e-09	1.0
0.0	0.0
0.0	1.0
-0.0007237550453282893	1.0
0.0	1.0
0.0	1.0
0.0	1.0
-0.00018098756845574826	1.0
-0.0006161669734865427	0.0
0.0	0.0
0.0	1.0
0.0	1.0
0.0	1.0
-1.6766018234193325e-05	1.0
-0.03525680676102638	0.0
0.0	0.0
-0.0007230698829516768	1.0
0.0	0.0
0.0	1.0
0.0	1.0
0.0	0.0
0.0	1.0
-4.514070020555927e-11	1.0
-0.0005417549982666969	0.0
0.0	1.0
0.0	1.0
0.0	0.0
-0.0007800443563610315	1.0
0.0	1.0
0.0	1.0
0.0	0.002176278563656148
0.0	1.0
0.0	1.0
0.0	0.0
-1.3477930993488485e-09	1.0
0.0	0.12153518123667377
0.0	0.0
-1.7766471501090564e-05	1.0
0.0	1.0
-0.018837472423911095	0.0
0.0	1.0
0.0	1.0
0.0	1.0
-2.5946777896024287e-05	0.0
-0.001899987575598061	1.0
-0.011692221276462078	0.0
0.0	1.0
-5.018901720177382e-05	1.0
0.0	1.0
0.0	1.0
0.0	1.0
0.0	1.0
-0.0019791610538959503	0.0
0.0	1.0
-0.003589170752093196	0.0
-3.51612836069215e-11	1.0
-2.4993623837232803e-10	1.0
0.0	1.0
0.0	1.0
0.0	1.0
0.0	1.0
0.0	0.07717391304347826
0.0	0.06288532675709001
-0.03282560780644417	0.25
-1.0128512428764225e-07	1.0
-5.8585774240782484e-05	1.0
-0.0002535714884288609	1.0
0.0	1.0
0.0	0.0
0.0	1.0
0.0	1.0
0.0	1.0
0.0	0.0
0.0	1.0
0.0	1.0
0.0	1.0
0.0	1.0
0.0	0.0
0.0	1.0
-0.0041937148198485374	0.0
0.0	1.0
0.0	1.0
0.0	1.0
0.0	0.0
0.0	1.0
-0.002264389768242836	1.0
-0.00025221167015843093	1.0
-1.4282923732622521e-09	1.0
-0.0005170203512534499	0.19919517102615694
-5.387192469896718e-09	0.0773881499395405
-0.0005702734342776239	1.0
-3.3934147722902708e-06	1.0
0.0	1.0
0.0	1.0
0.0	0.0
0.0	1.0
-0.0004165176360402256	0.0
0.0	0.0
0.0	1.0
0.0	1.0
0.0	1.0
-0.011702042073011398	0.0
-0.009652075357735157	0.09542483660130718
0.0	1.0
-3.0035780582693405e-05	1.0
0.0	1.0
0.0	1.0
0.0	1.0
0.0	1.0
0.0	0.0
0.0	0.0
0.0	0.2892819979188345
0.0	1.0
0.0	1.0
0.0	0.0
0.0	1.0
0.0	1.0
0.0	1.0
0.0	1.0
-0.0005833617760799825	1.0
-0.00118063238915056	0.14814814814814814
-1.5120981800009758e-07	1.0
0.0	0.0125
0.0	1.0
0.0	1.0
0.0	1.0
-0.0003960268513765186	0.0
-3.148829273413867e-05	0.0
0.0	1.0
0.0	0.0
-0.000842471607029438	1.0
-1.9207154764444567e-05	1.0
0.0	1.0
-0.001860058750025928	0.0
