0.0	1.0
0.0	1.0
-1.1769526508942363e-07	0.0
0.0	1.0
-3.077304383536372e-11	0.0
0.0	0.0
-7.625580167314183e-10	1.0
0.0	1.0
0.0	1.0
0.0	1.0
0.0	1.0
0.0	1.0
-1.337483809038531e-05	1.0
0.0	1.0
0.0	1.0
-0.0018925387412309647	0.0
0.0	1.0
0.0	1.0
0.0	0.0
0.0	1.0
0.0	1.0
0.0	1.0
0.0	0.23776223776223776
0.0	1.0
0.0	1.0
0.0	0.0
0.0	0.3639240506329114
0.0	1.0
-0.0006869278731755912	1.0
-0.001172423711977899	1.0
0.0	1.0
-0.00025133267627097666	1.0
0.0	1.0
-0.00012434017844498158	0.1285140562248996
0.0	0.0
0.0	1.0
0.0	1.0
-5.965533091512043e-06	1.0
0.0	1.0
-0.00019233833882026374	1.0
0.0	1.0
0.0	0.0
0.0	0.0
0.0	1.0
0.0	1.0
-0.0007483733934350312	1.0
0.0	0.0
0.0	0.03655352480417755
0.0	1.0
0.0	1.0
0.0	1.0
-1.3239846339274663e-06	1.0
0.0	0.0
-0.005994962062686682	0.0
0.0	1.0
0.0	0.38205499276411
0.0	1.0
-1.4306333468994126e-05	1.0
0.0	1.0
0.0	0.0
0.0	1.0
-5.126148039380496e-07	1.0
0.0	0.0
0.0	0.0
-9.662307576263629e-08	1.0
-3.108551140940108e-07	1.0
0.0	1.0
0.0	1.0
-0.006510529201477766	0.0
-2.6204877940472215e-05	1.0
-0.0140222804620862	0.0
-0.013199486769735813	0.0
-1.6771292621342582e-06	1.0
0.0	1.0
0.0	1.0
0.0	0.0
0.0	0.0
0.0	1.0
0.0	1.0
-9.112112784150431e-14	1.0
-1.8145442481909413e-08	0.09859154929577464
0.0	1.0
0.0	1.0
-3.950890103965321e-08	1.0
0.0	0.0
0.0	1.0
0.0	1.0
0.0	1.0
0.0	1.0
0.0	1.0
0.0	0.014925373134328358
0.0	1.0
0.0	1.0
0.0	0.0
-3.4817156119970605e-05	1.0
0.0	1.0
0.0	1.0
0.0	1.0
0.0	1.0
0.0	1.0
0.0	1.0
0.0	1.0
0.0	1.0
0.0	1.0
0.0	1.0
0.0	1.0
-1.2769152817782015e-05	1.0
-0.0014475376810878515	0.0
0.0	1.0
0.0	1.0
-0.0018065768526867032	1.0
-0.0005721556954085827	1.0
0.0	1.0
-0.0006621531210839748	1.0
0.0	1.0
-0.0002911448245868087	0.03758542141230068
0.0	0.019746121297602257
0.0	1.0
0.0	1.0
0.0	1.0
0.0	1.0
-0.00031021895119920373	0.0
0.0	1.0
-0.0009548924281261861	0.0
0.0	1.0
-1.4069890312384814e-05	1.0
-6.244870576210815e-08	1.0
0.0	0.0
-0.0004330179071985185	0.0
0.0	1.0
0.0	1.0
-1.4130556280633755e-08	1.0
-2.7660110646365865e-08	1.0
0.0	0.0
0.0	0.0
0.0	0.0
0.0	0.0
0.0	1.0
0.0	1.0
0.0	1.0
-5.026355665904703e-06	1.0
-2.7284518182568718e-06	1.0
0.0	0.0
-6.899037998664426e-06	1.0
-0.000832967518363148	1.0
-3.4256255609932396e-09	1.0
-1.2738846635329537e-05	1.0
0.0	1.0
0.0	1.0
0.0	1.0
-0.0040114084258675575	1.0
-0.013011706992983818	0.0
0.0	1.0
0.0	1.0
-0.00015624990919604897	1.0
0.0	1.0
0.0	1.0
0.0	1.0
0.0	1.0
0.0	1.0
-5.8800917031476274e-05	1.0
0.0	1.0
0.0	1.0
-0.00010336426203139126	1.0
0.0	1.0
-2.0015948393847793e-05	1.0
0.0	1.0
0.0	1.0
-0.00012002535368083045	1.0
0.0	0.0
-5.064861011862456e-19	1.0
0.0	1.0
0.0	1.0
0.0	1.0
0.0	1.0
0.0	1.0
-2.0915374989272095e-05	1.0
0.0	0.046875
-0.01029359269887209	0.0
-1.2624307998976292e-07	1.0
0.0	1.0
0.0	1.0
0.0	1.0
-1.9275848472943835e-08	1.0
-1.8985751859545985e-10	1.0
0.0	1.0
0.0	1.0
0.0	1.0
0.0	1.0
0.0	0.0
0.0	1.0
-2.4552833565394394e-05	0.0
-0.001053704065270722	0.0
0.0	1.0
-0.00020740352920256555	1.0
0.0	0.0
-2.936721784863039e-06	1.0
0.0	0.0
-0.0007364156190305948	1.0
0.0	0.06436233611442194
0.0	1.0
-3.8754478737246245e-06	1.0
0.0	1.0
0.0	0.0
-1.3174142980151529e-16	0.0
-0.00014803564408794045	1.0
-3.1165873224381357e-06	1.0
0.0	0.0
0.0	0.017763845350052248
0.0	1.0
0.0	1.0
-0.0005974096711724997	1.0
-0.0013339366996660829	0.0
0.0	0.0
-1.2698626872253982e-10	1.0
-6.484029979603179e-10	1.0
0.0	1.0
0.0	1.0
-1.0171511348744389e-06	1.0
-1.626477751415223e-05	1.0
0.0	1.0
0.0	0.0
0.0	1.0
0.0	0.0
0.0	1.0
-0.002895466983318329	0.0
0.0	1.0
-0.02878047153353691	0.0
-0.000836439779959619	1.0
0.0	1.0
-0.0020233893301337957	1.0
0.0	1.0
0.0	0.9454732510288066
-1.1598023775150068e-05	1.0
0.0	1.0
-3.13905070470355e-06	0.0
0.0	0.08450704225352113
0.0	0.0
0.0	0.0
-6.312209421821535e-08	1.0
0.0	1.0
-0.006785150617361069	0.0
0.0	1.0
-8.688600246387068e-06	1.0
-2.21787445298105e-07	1.0
0.0	1.0
-3.2913444556470495e-06	1.0
0.0	0.0
0.0	1.0
-0.00048557884292677045	1.0
-0.0005149628268554807	1.0
0.0	1.0
0.0	1.0
-5.290764420351479e-06	1.0
0.0	1.0
-7.079877377691446e-07	1.0
0.0	0.08403361344537816
-0.005084905307739973	0.013349514563106795
-0.00010567296703811735	1.0
-5.428268923424184e-05	1.0
-0.001994677586480975	1.0
0.0	1.0
0.0	0.04678362573099415
-0.007220763713121414	0.0
-0.0010147433495149016	1.0
0.0	1.0
-0.00034800556022673845	1.0
0.0	1.0
-0.0004573120968416333	1.0
0.0	1.0
-1.854262336564716e-05	1.0
0.0	1.0
-0.00037570204585790634	1.0
-0.00043952089617960155	1.0
0.0	1.0
0.0	0.0
0.0	0.24647122692725298
-0.00024446146562695503	1.0
0.0	0.0
0.0	0.020338983050847456
-1.4095052165430388e-06	0.0
0.0	1.0
0.0	1.0
-3.926461289438521e-08	1.0
-0.0003184975648764521	1.0
-3.217247467546258e-06	1.0
0.0	1.0
-3.6711589324056604e-10	1.0
-0.0006290294113568962	0.0
0.0	1.0
-0.00017654517432674766	1.0
0.0	1.0
0.0	1.0
0.0	0.0
0.0	0.0
0.0	1.0
0.0	1.0
-3.34782498612185e-06	1.0
-1.2122183079554816e-06	1.0
-5.047249942435883e-07	1.0
0.0	1.0
-6.656583764197421e-07	1.0
0.0	1.0
0.0	1.0
-0.0013028718531131744	1.0
0.0	1.0
-0.011861052364110947	0.0
0.0	1.0
0.0	1.0
0.0	1.0
0.0	0.0
0.0	1.0
0.0	0.0
0.0	1.0
0.0	0.0
0.0	1.0
0.0	1.0
-0.0007653140928596258	1.0
-0.0010506733087822795	1.0
-0.00042073396616615355	0.09259259259259259
0.0	1.0
-0.00016565516125410795	1.0
-8.76513723824246e-08	1.0
0.0	1.0
-0.0002873266348615289	1.0
0.0	1.0
-0.0003198754566255957	1.0
0.0	1.0
0.0	1.0
0.0	0.9444444444444444
0.0	0.0
-0.004711732268333435	0.0
0.0	1.0
0.0	0.0
0.0	0.020134228187919462
0.0	1.0
0.0	1.0
-0.00013137614587321877	1.0
0.0	1.0
0.0	1.0
0.0	1.0
-6.1602341006050665e-09	1.0
-5.549796355808212e-07	1.0
0.0	1.0
0.0	0.9642857142857143
0.0	1.0
0.0	1.0
0.0	1.0
-0.0030825745780020952	1.0
-0.001274950453080237	1.0
0.0	1.0
0.0	0.0
-0.0015582230407744646	0.0
0.0	1.0
0.0	0.11343283582089553
0.0	1.0
0.0	1.0
-9.506224159849808e-06	0.0
-0.0027485929895192385	1.0
-5.099643090034078e-07	1.0
-0.00014007535355631262	1.0
0.0	0.0
0.0	1.0
-0.00013424147618934512	1.0
0.0	1.0
-0.0009496236452832818	1.0
-1.1543787877599243e-05	0.0
-2.745593474795527e-10	0.0
-0.00026857995544560254	1.0
-0.00012283386604394764	0.0
-7.654230284970254e-05	1.0
-0.00099150778260082	1.0
-0.00016184095875360072	1.0
0.0	1.0
0.0	0.0
0.0	1.0
-8.869936573319137e-05	0.0
-5.4254342103376985e-06	1.0
0.0	1.0
0.0	1.0
0.0	1.0
0.0	1.0
-0.0001277937408303842	1.0
-1.4346910575113725e-05	1.0
0.0	1.0
0.0	1.0
-0.0008433208568021655	1.0
-7.571551385865405e-09	1.0
-0.0006517837755382061	1.0
0.0	0.0
0.0	1.0
-0.0025177032221108675	0.0
0.0	1.0
0.0	1.0
0.0	0.0
-9.073272622117656e-08	1.0
-1.3415804460237268e-05	0.0
0.0	1.0
-4.1266645212090225e-07	1.0
0.0	0.0
-9.091474203160033e-05	0.07288135593220339
-8.648366929264739e-05	1.0
0.0	1.0
0.0	1.0
0.0	1.0
0.0	1.0
-9.012240479933098e-05	1.0
0.0	1.0
0.0	1.0
0.0	1.0
0.0	1.0
0.0	1.0
0.0	1.0
-7.412990271404851e-06	1.0
0.0	1.0
-0.0003945663047488779	0.0
0.0	0.0
0.0	1.0
0.0	1.0
0.0	1.0
-0.019496679306030273	0.0
-0.00019740893912967294	1.0
0.0	1.0
-5.4866544815013185e-05	1.0
-1.377426173121421e-07	0.0
0.0	1.0
-0.005772829987108707	0.0
0.0	1.0
0.0	0.0
0.0	0.05555555555555555
0.0	1.0
0.0	0.0
0.0	1.0
-2.8536828722280916e-07	0.9642857142857143
-7.091539799830571e-08	1.0
0.0	0.07407407407407407
-0.1456417739391327	0.0
-4.429742406220072e-10	0.0
0.0	1.0
-0.013896799646317959	0.0
0.0	1.0
0.0	1.0
0.0	1.0
-9.259672850703282e-08	1.0
-7.597271905979142e-05	0.0
0.0	0.0
0.0	1.0
0.0	0.21973094170403587
0.0	1.0
0.0	1.0
-0.001592792454175651	1.0
0.0	1.0
-0.00882299430668354	0.0
0.0	1.0
-0.004673426505178213	0.0
-5.7119406847050413e-05	1.0
0.0	0.0
0.0	1.0
0.0	1.0
0.0	1.0
0.0	0.02654867256637168
0.0	1.0
-0.0016702614957466722	0.0
0.0	1.0
0.0	1.0
0.0	1.0
0.0	1.0
-3.4595666420500493e-06	1.0
0.0	1.0
-1.571121011068044e-08	0.0
0.0	1.0
-7.2664665822230745e-06	1.0
0.0	1.0
0.0	1.0
0.0	1.0
0.0	1.0
-0.0514974407851696	0.0
-1.369510158610865e-07	0.0
-0.0019007069058716297	1.0
0.0	1.0
-2.061384748230921e-06	0.0
0.0	0.0
-0.00012171254638815299	1.0
-0.0002129852509824559	1.0
-2.7679604386321444e-07	1.0
0.0	1.0
0.0	1.0
0.0	1.0
0.0	1.0
0.0	0.0
0.0	1.0
-0.001118754385970533	1.0
-2.625748675200157e-05	1.0
-0.0005115033127367496	1.0
-1.2702099411399104e-05	1.0
0.0	1.0
0.0	1.0
0.0	1.0
0.0	1.0
-4.5328133069233445e-07	1.0
0.0	1.0
-5.593840501916247e-09	1.0
0.0	1.0
-4.736220944323577e-05	1.0
0.0	1.0
0.0	1.0
-7.277016993612051e-05	1.0
0.0	1.0
0.0	1.0
-0.00048266813973896205	1.0
-9.605256536815432e-07	1.0
0.0	1.0
-0.02718794345855713	0.0
-9.233951345777314e-07	0.0
0.0	1.0
0.0	1.0
0.0	0.0
0.0	1.0
-2.5354687238632323e-08	0.00102880658436214
0.0	1.0
0.0	1.0
0.0	1.0
0.0	1.0
0.0	0.04197271773347324
0.0	1.0
0.0	1.0
0.0	1.0
0.0	1.0
0.0	1.0
-2.970926615830649e-09	1.0
-2.8858945370302536e-05	0.28169014084507044
0.0	1.0
-1.790450005501043e-05	1.0
-0.00012452418741304427	1.0
0.0	1.0
-0.00021074649703223258	1.0
0.0	1.0
0.0	1.0
-6.503395979962079e-06	1.0
0.0	1.0
0.0	1.0
0.0	1.0
0.0	1.0
0.0	1.0
0.0	1.0
-3.319802999612875e-05	0.0
0.0	1.0
0.0	1.0
-0.000177035151864402	1.0
