-0.0003013632376678288	1.0
-8.663315753665302e-08	0.10067114093959731
0.0	1.0
0.0	1.0
0.0	1.0
0.0	0.2164750957854406
-0.0005841247620992362	1.0
-0.006181246135383844	0.0
-0.08523653447628021	0.0
0.0	1.0
-6.000477515044622e-05	1.0
0.0	1.0
0.0	1.0
0.0	1.0
0.0	1.0
0.0	1.0
0.0	1.0
0.0	1.0
0.0	1.0
-3.9464113797293976e-05	1.0
-1.3427685985334392e-07	1.0
-1.0867120181501377e-06	1.0
-0.0002907938323915005	0.0
0.0	0.0
-2.3425165807111625e-07	1.0
0.0	1.0
0.0	0.0
-3.570990156731568e-05	0.27096114519427406
0.0	1.0
0.0	0.0
0.0	1.0
0.0	1.0
0.0	0.03985507246376811
0.0	0.00684931506849315
0.0	1.0
0.0	0.0
-1.7328402179828117e-07	1.0
-5.8611867359559255e-08	1.0
0.0	0.6646586345381527
0.0	1.0
0.0	1.0
0.0	1.0
0.0	0.0
0.0	1.0
0.0	0.0
0.0	0.0625
0.0	1.0
0.0	1.0
0.0	1.0
-2.7814103020773473e-08	1.0
-2.3073371266946197e-05	1.0
0.0	1.0
0.0	1.0
-3.222488387244482e-10	1.0
0.0	1.0
-3.7587411497952417e-05	0.0
-1.3725105418416206e-05	1.0
0.0	1.0
0.0	1.0
0.0	1.0
0.0	1.0
0.0	0.0
0.0	1.0
0.0	0.4004884004884005
0.0	1.0
-0.00038713609683327377	1.0
-1.3483204384101555e-05	1.0
0.0	1.0
0.0	0.0
-1.5698506103944965e-05	1.0
0.0	1.0
0.0	1.0
0.0	0.13333333333333333
-0.0016159035731106997	1.0
0.0	1.0
0.0	1.0
-0.0001623840507818386	1.0
0.0	1.0
-2.448711165925488e-05	1.0
0.0	1.0
-0.0006976223667152226	0.0
-1.6135898173175178e-10	1.0
0.0	1.0
0.0	0.0
0.0	1.0
0.0	1.0
0.0	1.0
0.0	1.0
-0.00031181538361124694	1.0
0.0	1.0
-2.3071680121944382e-09	1.0
-3.6360331705509452e-06	1.0
0.0	0.0
-5.0000954843199e-07	1.0
0.0	1.0
-0.0006731522153131664	1.0
-2.2540594102338218e-07	1.0
0.0	1.0
-0.002312297001481056	1.0
-0.00010105041292263195	1.0
-1.9621485591869714e-07	1.0
-4.469317715916077e-08	1.0
0.0	0.0
0.0	0.0
-0.00042938461410813034	0.0
0.0	1.0
0.0	1.0
0.0	1.0
0.0	0.0
0.0	0.0
-0.002003919566050172	0.11428571428571428
0.0	1.0
-0.032377563416957855	0.0
-0.0009304028353653848	1.0
0.0	1.0
-0.0005217146826907992	1.0
-5.920960393268615e-05	1.0
0.0	1.0
-2.0019408111693338e-05	1.0
0.0	1.0
0.0	1.0
0.0	1.0
0.0	1.0
0.0	1.0
-1.6817271841773618e-07	1.0
0.0	0.6056074766355141
0.0	0.0
-3.895536792697385e-05	1.0
-0.0007997670327313244	1.0
0.0	1.0
0.0	0.0
0.0	0.0
0.0	0.13576642335766423
0.0	1.0
0.0	1.0
0.0	1.0
0.0	0.2835820895522388
0.0	1.0
-0.00021439575357362628	1.0
-7.406001532217488e-05	0.0
0.0	0.0
0.0	1.0
0.0	0.0
0.0	1.0
-4.821314973924018e-07	1.0
0.0	0.09617755856966707
0.0	1.0
-0.052283693104982376	0.0
-0.00011069612082792446	1.0
-1.919109093861948e-09	0.0
0.0	0.4389233954451346
0.0	0.0
0.0	0.006329113924050633
-6.855555966467364e-06	1.0
0.0	1.0
0.0	0.002150537634408602
0.0	1.0
0.0	1.0
0.0	1.0
0.0	1.0
0.0	0.0
-0.0001414660655427724	0.0
0.0	0.5789473684210527
0.0	1.0
-0.0009822166757658124	1.0
-0.0007942905649542809	1.0
-8.422038081334904e-05	0.018036072144288578
0.0	0.0
-4.177892606094247e-06	1.0
-0.0016522546065971255	0.0
-0.011252382770180702	0.0
-0.0009438073029741645	1.0
0.0	1.0
0.0	1.0
-1.9350032744114287e-05	1.0
-0.007678723428398371	0.0
-3.886350168613717e-05	1.0
-1.6323292939546263e-08	1.0
0.0	1.0
-0.002131278859451413	1.0
-0.012883549556136131	0.014
0.0	1.0
-1.5316538792831125e-06	0.0
0.0	1.0
-0.0010281713912263513	0.0
-0.00043387626647017896	1.0
0.0	1.0
-4.229899786878377e-05	1.0
0.0	1.0
0.0	0.4892086330935252
-0.0038799471221864223	1.0
0.0	1.0
-0.0015583839267492294	0.021344717182497332
0.0	1.0
0.0	1.0
0.0	0.0
0.0	1.0
0.0	1.0
-0.000445904559455812	1.0
0.0	1.0
0.0	1.0
-2.6904243100034364e-07	0.22433460076045628
-3.308879001906462e-07	1.0
0.0	1.0
0.0	1.0
-0.0023389102425426245	1.0
-0.0005161534645594656	1.0
-0.00012696918565779924	0.0
0.0	1.0
-0.0004868117393925786	1.0
0.0	1.0
0.0	0.0
0.0	1.0
-9.801243868423626e-05	1.0
0.0	1.0
0.0	1.0
0.0	1.0
0.0	0.0
-8.574760613555554e-06	0.0
0.0	1.0
-0.008788486011326313	0.0379746835443038
-5.270724745543021e-09	1.0
0.0	1.0
-1.0093016271639499e-06	1.0
0.0	0.005988023952095809
0.0	1.0
0.0	1.0
-3.019212044819142e-07	0.0
0.0	0.0
-1.974471919297116e-09	1.0
0.0	0.0
0.0	1.0
0.0	1.0
-4.1072988096857443e-05	1.0
0.0	0.0
0.0	1.0
0.0	1.0
0.0	1.0
0.0	1.0
-0.0011375107569620013	1.0
0.0	1.0
0.0	0.0
-0.0011350231943652034	1.0
0.0	1.0
0.0	0.01348314606741573
0.0	0.0020408163265306124
0.0	1.0
0.0	1.0
-1.4356061228681938e-06	1.0
0.0	1.0
-0.00042485419544391334	1.0
0.0	0.15428571428571428
-0.006268398370593786	0.0
0.0	0.0
-0.001710522104986012	1.0
-0.00084970478201285	1.0
-6.815275264671072e-05	1.0
0.0	0.0
-1.9199915186618455e-05	1.0
0.0	1.0
0.0	0.0
0.0	0.0
0.0	1.0
0.0	0.0390625
0.0	1.0
0.0	0.0
0.0	1.0
0.0	1.0
0.0	1.0
-0.00025320370332337916	1.0
0.0	1.0
0.0	1.0
0.0	1.0
0.0	1.0
-5.3775296692037955e-05	1.0
0.0	0.0
-0.0024994113482534885	1.0
0.0	0.2949640287769784
-3.697187639772892e-05	1.0
-0.00021289069263730198	1.0
0.0	1.0
-7.475849201910023e-07	1.0
-9.920056072587613e-06	0.0
0.0	1.0
-2.993127967698683e-11	1.0
0.0	0.0
-0.003114510327577591	0.0
0.0	1.0
0.0	1.0
0.0	0.0
-8.740300836507231e-05	1.0
0.0	1.0
0.0	0.0
0.0	1.0
-0.0006815058295615017	1.0
-0.0009203453664667904	1.0
-0.0004489780985750258	1.0
0.0	1.0
-0.00033394881756976247	1.0
0.0	1.0
0.0	1.0
-0.002724640304222703	0.0
0.0	1.0
-0.00016758410492911935	1.0
-1.2944366289957543e-06	1.0
0.0	1.0
0.0	0.04139433551198257
0.0	1.0
-0.00014677594299428165	1.0
-3.775573713937774e-05	1.0
0.0	1.0
-0.00031234175548888743	1.0
0.0	1.0
-1.117827608254629e-08	0.025477707006369428
0.0	0.491869918699187
-0.0005603237659670413	1.0
0.0	1.0
-0.005469982512295246	0.0
0.0	1.0
0.0	0.0
0.0	0.029411764705882353
0.0	1.0
0.0	1.0
0.0	1.0
0.0	0.14285714285714285
0.0	0.04016620498614958
-0.0008117484976537526	1.0
0.0	1.0
0.0	1.0
0.0	0.048672566371681415
0.0	1.0
0.0	1.0
-0.015537762083113194	0.0
0.0	0.0
0.0	0.0
-0.04165838286280632	0.0
0.0	1.0
0.0	1.0
0.0	1.0
-7.411172646243358e-06	1.0
-8.565053576603532e-06	0.0
0.0	1.0
0.0	0.252
-0.00037209209403954446	0.027472527472527472
-0.0002215940912719816	1.0
0.0	1.0
0.0	1.0
0.0	1.0
0.0	1.0
0.0	0.0
0.0	1.0
0.0	0.03728813559322034
-0.001741111045703292	0.0
-3.579326221370138e-05	1.0
-2.430462018310209e-06	1.0
0.0	1.0
-2.691499787488283e-07	1.0
0.0	1.0
0.0	1.0
-0.0003311509208288044	1.0
0.0	0.0
0.0	1.0
0.0	1.0
0.0	1.0
0.0	0.0
-2.3155044459599594e-07	1.0
-6.8792564889008645e-06	1.0
0.0	1.0
0.0	1.0
0.0	1.0
-0.0010583425173535943	1.0
-0.0019094597082585096	1.0
0.0	1.0
0.0	1.0
-0.0037264174316078424	0.0
0.0	1.0
-0.014008643105626106	0.0
0.0	1.0
0.0	1.0
0.0	1.0
0.0	1.0
-0.0009337222436442971	1.0
-0.0003078160807490349	0.0
0.0	0.0
-1.5818415022295085e-07	1.0
0.0	1.0
0.0	1.0
-0.0021708442363888025	0.0031545741324921135
0.0	0.0
0.0	0.0
-1.2918694665131625e-05	1.0
0.0	1.0
-2.2196813915797975e-06	1.0
-0.0016915559535846114	1.0
-9.677320278456136e-09	0.0
0.0	0.0
0.0	1.0
-3.557079708116362e-06	0.9073305670816044
-0.0010850030230358243	1.0
0.0	1.0
0.0	1.0
0.0	1.0
0.0	0.0
-7.406243184959749e-06	1.0
0.0	1.0
0.0	1.0
-1.4926197430820132e-11	0.0
0.0	1.0
0.0	1.0
0.0	1.0
0.0	1.0
0.0	1.0
0.0	1.0
0.0	1.0
-3.13692214565231e-12	0.0
0.0	0.0
-0.00013566677807830274	0.0
0.0	1.0
0.0	0.0
0.0	1.0
0.0	1.0
0.0	1.0
0.0	1.0
0.0	1.0
0.0	1.0
-2.3931812393129803e-05	1.0
0.0	0.0
-0.0012919720029458404	1.0
0.0	1.0
-3.516484139254317e-05	1.0
0.0	1.0
0.0	1.0
0.0	0.0
-0.0007946311961859465	1.0
-1.0396075111884784e-08	1.0
0.0	1.0
-1.2115489766983956e-07	1.0
0.0	1.0
0.0	1.0
0.0	1.0
0.0	1.0
0.0	1.0
-0.00030163125484250486	1.0
-2.313353616045788e-05	0.0
-1.9514818632160313e-05	1.0
0.0	0.48918640576725025
0.0	0.05566218809980806
-1.5288678696379066e-05	1.0
0.0	1.0
0.0	1.0
0.0	1.0
-0.0024971836246550083	1.0
-0.027299245819449425	0.0
-8.379649807466194e-05	1.0
0.0	1.0
0.0	1.0
0.0	1.0
0.0	1.0
-0.015885788947343826	0.0
0.0	1.0
-7.241402636282146e-05	0.0
-2.514889501981088e-06	1.0
-0.00030170296668075025	1.0
0.0	1.0
0.0	1.0
0.0	1.0
0.0	0.03106332138590203
-0.001350082573480904	1.0
0.0	1.0
-5.589912976944333e-10	0.0
-0.00011992982763331383	1.0
0.0	0.10962241169305725
-2.244815550511703e-05	1.0
0.0	1.0
0.0	0.07407407407407407
0.0	0.0
0.0	1.0
0.0	1.0
0.0	1.0
-0.0005548380431719124	0.033660589060308554
0.0	1.0
0.0	1.0
-5.1993949455209076e-05	1.0
-2.272398523928132e-05	1.0
-0.0009319485980086029	0.0
0.0	1.0
-0.00017472886247560382	1.0
-3.238963836338371e-05	0.0
-0.018414270132780075	0.0
0.0	1.0
0.0	1.0
0.0	0.0
0.0	1.0
0.0	0.06318347509113001
0.0	1.0
0.0	1.0
-3.2321201270946176e-09	0.0
0.0	1.0
-0.0018196842866018414	0.0
0.0	0.0
-1.2579365993303782e-08	1.0
-0.00019710129708983004	0.0
-6.700890935462667e-06	1.0
-0.001881065545603633	1.0
0.0	0.0
0.0	1.0
0.0	1.0
0.0	1.0
-8.947528840508312e-05	1.0
-0.015134044922888279	0.0
0.0	1.0
0.0	0.0
0.0	1.0
-2.445865199263153e-08	0.0
0.0	1.0
-4.5025382860330865e-05	1.0
0.0	1.0
0.0	1.0
0.0	1.0
0.0	0.0
0.0	1.0
-0.00022675510263070464	1.0
-0.00049643061356619	1.0
0.0	0.0
0.0	0.011530398322851153
-1.1541767541700665e-10	1.0
0.0	1.0
-6.476174166891724e-05	1.0
-0.0005368923302739859	0.0
-0.0005470132455229759	1.0
0.0	1.0
0.0	1.0
0.0	1.0
0.0	1.0
0.0	1.0
-9.376980756314879e-07	1.0
0.0	0.0
-0.002076946897432208	0.0
0.0	1.0
0.0	0.0
0.0	1.0
-1.3510842791220057e-06	1.0
0.0	0.0
