0.0	1.0
-1.3242201779561924e-10	1.0
0.0	1.0
0.0	1.0
-5.644753287015192e-07	1.0
-1.8788910705058726e-10	1.0
-1.1758851314880303e-06	1.0
0.0	1.0
0.0	0.0
-1.0032859092123925e-11	1.0
-0.001415463164448738	0.0
0.0	1.0
-9.853264373305137e-07	1.0
0.0	1.0
-0.00010690582712413743	1.0
-2.432683918470271e-15	1.0
0.0	1.0
0.0	1.0
-0.0024249888956546783	0.0
-0.0005200679297558963	1.0
0.0	1.0
-1.1381880540284328e-05	1.0
0.0	1.0
0.0	1.0
0.0	1.0
-0.0034652268514037132	0.0
0.0	1.0
0.0	0.0
0.0	0.0
-7.175076461862773e-06	0.0
0.0	1.0
-3.043403853583704e-12	1.0
-0.0006668714340776205	1.0
0.0	1.0
0.0	1.0
-0.0014891817700117826	1.0
-3.745028607227141e-06	0.0
-0.018639206886291504	0.0
0.0	1.0
-3.311189118448965e-07	1.0
0.0	0.0
0.0	1.0
-4.384551743896736e-08	1.0
0.0	1.0
0.0	1.0
0.0	1.0
-1.814429197111167e-05	1.0
-0.00039114311221055686	1.0
-1.3816433238389436e-05	1.0
0.0	1.0
0.0	1.0
-1.7774681282389793e-08	1.0
0.0	0.0
0.0	1.0
0.0	1.0
0.0	1.0
-2.383746686973609e-05	0.0
-1.0050980563391931e-06	0.03550295857988166
0.0	1.0
-1.2578043424582575e-06	0.0
0.0	1.0
0.0	1.0
0.0	0.0
0.0	1.0
0.0	1.0
-1.2949039046361577e-05	1.0
-6.3709684229584784e-12	1.0
-1.1456058018666226e-05	1.0
0.0	1.0
-1.1999682101304643e-05	1.0
0.0	1.0
0.0	0.0
-0.00225497642531991	0.0
0.0	0.0
0.0	0.0
0.0	1.0
0.0	1.0
0.0	1.0
0.0	1.0
-1.8092049458573456e-06	0.0
0.0	1.0
0.0	0.0
-0.0015967022627592087	0.0
-7.179749081842601e-05	1.0
-0.00026270130183547735	1.0
-9.577980790709262e-07	0.2641509433962264
0.0	1.0
0.0	1.0
0.0	1.0
0.0	1.0
-7.349398219957948e-05	0.0
0.0	0.0
0.0	1.0
0.0	1.0
0.0	1.0
-5.184913334232988e-06	0.4781725888324873
-0.000985435675829649	0.0
0.0	1.0
-0.013438290916383266	0.0
-0.0032496892381459475	0.0
-0.0063451663590967655	0.0
0.0	0.242152466367713
0.0	0.0
0.0	0.017241379310344827
0.0	0.0
0.0	0.0
0.0	1.0
-4.286063770564397e-08	1.0
0.0	1.0
-9.907871572067961e-05	1.0
-1.9333139789523557e-05	0.8103448275862069
-5.8869016328344514e-08	1.0
0.0	1.0
0.0	0.0
-0.0024798621889203787	1.0
-5.244994463282637e-05	1.0
-3.5277457755000796e-07	1.0
0.0	0.0
0.0	1.0
-4.6685439883731306e-05	1.0
0.0	1.0
0.0	1.0
0.0	0.01020408163265306
-4.540079316939227e-05	1.0
0.0	1.0
0.0	0.1069182389937107
-0.009718634188175201	0.0
-0.007163857575505972	0.3276595744680851
0.0	0.006329113924050633
0.0	1.0
0.0	0.0
-1.0536133231653366e-05	1.0
0.0	1.0
-0.0033612854313105345	0.0
0.0	1.0
0.0	1.0
-1.251053838302596e-08	1.0
-0.004477814771234989	0.2222222222222222
0.0	1.0
0.0	1.0
0.0	0.07213578500707214
0.0	0.4117647058823529
0.0	1.0
0.0	0.0
-7.208348051790381e-07	0.0
0.0	1.0
0.0	0.0
0.0	0.03066812705366922
-6.829865014879033e-05	0.0
0.0	1.0
0.0	0.0
-0.0023721621837466955	1.0
-3.4046098562612315e-07	1.0
0.0	0.0
-1.9664181578633172e-14	0.11475409836065574
0.0	1.0
-0.0016569200670346618	0.0
0.0	0.0
-3.957248918595724e-05	0.0
0.0	1.0
-2.3357750251307152e-05	1.0
-5.907041895625298e-07	1.0
0.0	0.0
0.0	1.0
-0.002834655810147524	0.11475409836065574
0.0	1.0
-1.7222781025338918e-05	1.0
-0.019836151972413063	0.0
0.0	1.0
-0.0001494758325861767	1.0
0.0	1.0
0.0	1.0
-0.002885629655793309	1.0
0.0	1.0
0.0	1.0
0.0	1.0
0.0	1.0
0.0	1.0
0.0	1.0
-1.1343439609845518e-06	1.0
0.0	0.23809523809523808
-0.00045009638415649533	1.0
-8.507442544214427e-05	1.0
0.0	1.0
0.0	0.0
0.0	1.0
0.0	0.0
0.0	1.0
-0.001494016032665968	1.0
0.0	1.0
0.0	0.0
0.0	1.0
-0.0001506873668404296	1.0
-0.0024771480821073055	1.0
-2.982071691803867e-06	0.0045662100456621
-6.706555382152146e-07	0.004651162790697674
-5.839729510626057e-06	1.0
0.0	1.0
-0.06162908300757408	0.0
0.0	1.0
0.0	1.0
-0.00016363676695618778	1.0
-0.0001443101791664958	0.0
-0.002339943079277873	1.0
0.0	1.0
-1.9564517970138695e-06	0.0
-0.0003488564398139715	0.0
0.0	0.0
-0.00014630556688643992	1.0
-0.00016593669715803117	0.0
0.0	1.0
-4.9790265620686114e-05	0.29411764705882354
-3.904359255102463e-05	1.0
0.0	1.0
-2.863723658208528e-08	1.0
-0.0017723075579851866	1.0
-2.1859367649312844e-08	1.0
0.0	1.0
0.0	1.0
0.0	1.0
0.0	1.0
-4.74065973321558e-06	0.0
0.0	1.0
0.0	1.0
-2.042876440100372e-05	1.0
-6.54297900837264e-06	1.0
0.0	1.0
-0.0007798735750839114	1.0
-0.0011004282860085368	1.0
0.0	1.0
-1.1441336766893073e-07	1.0
0.0	1.0
0.0	1.0
-6.091974682931323e-06	1.0
0.0	1.0
-9.187928662868217e-05	0.13636363636363635
-5.8442368754185736e-05	1.0
0.0	1.0
-8.662738082421129e-07	1.0
0.0	0.0
0.0	1.0
0.0	1.0
0.0	1.0
-0.0016755812102928758	1.0
-2.1399619576367712e-10	1.0
-2.1335017663659528e-07	0.0
0.0	1.0
0.0	1.0
0.0	1.0
-8.07722462923266e-05	0.015706806282722512
-4.565990820992738e-05	1.0
0.0	0.011695906432748537
0.0	0.0
-0.0005358305643312633	0.0
-0.0008099275873973966	1.0
0.0	0.41468459152016546
-0.0009115847060456872	0.0
-0.0006163367070257664	1.0
0.0	1.0
0.0	1.0
0.0	1.0
-0.03931713476777077	0.0
0.0	1.0
0.0	1.0
0.0	0.9429429429429429
0.0	1.0
-0.029083825647830963	0.0
-9.242480132343189e-07	1.0
0.0	1.0
0.0	1.0
0.0	1.0
-0.0013394671259447932	1.0
0.0	1.0
-0.00048718281323090196	1.0
-2.83299323200481e-06	1.0
0.0	1.0
0.0	1.0
0.0	1.0
-0.00506837060675025	0.0
0.0	1.0
-0.00016493651492055506	1.0
0.0	1.0
0.0	0.0
0.0	0.02575107296137339
0.0	1.0
0.0	1.0
-4.020691631012596e-05	1.0
-3.484516810203786e-06	1.0
0.0	1.0
-2.0215574991766516e-08	1.0
0.0	0.3409350057012543
-5.354658787837252e-05	0.05357142857142857
0.0	1.0
0.0	0.0
0.0	1.0
0.0	0.0811965811965812
0.0	1.0
-2.2095852614256728e-07	1.0
-0.00032896167249418795	1.0
-0.0012898483546450734	0.11965811965811966
0.0	0.0
-0.009167501702904701	0.0
0.0	0.01092896174863388
-0.00033642255584709346	1.0
0.0	1.0
0.0	0.18181818181818182
-8.192875247914344e-05	1.0
-0.0005131432553753257	0.0
-0.000924080959521234	0.0
-2.765711712982011e-07	1.0
-2.632040185801543e-08	0.0
-3.1271591183212877e-07	1.0
-9.299641533289105e-05	1.0
0.0	1.0
-5.869803487712488e-08	1.0
0.0	1.0
-1.9543389498721808e-05	0.4117647058823529
0.0	0.7272727272727273
0.0	1.0
0.0	1.0
-1.3475295418174937e-05	1.0
0.0	1.0
0.0	1.0
0.0	1.0
0.0	1.0
-0.020123573020100594	0.0
0.0	1.0
-0.0001201431077788584	1.0
0.0	1.0
0.0	0.0
0.0	1.0
-5.323915974742022e-09	1.0
0.0	1.0
0.0	1.0
-2.25168805627618e-05	1.0
0.0	0.0
0.0	1.0
-1.327045447396813e-05	1.0
0.0	1.0
0.0	1.0
0.0	1.0
-0.0004097147611901164	0.0
0.0	1.0
0.0	1.0
0.0	1.0
-0.0001590992760611698	1.0
-2.771953040792141e-05	0.6209068010075567
0.0	1.0
-0.0030951157677918673	1.0
0.0	1.0
-0.0002464654389768839	0.01020408163265306
0.0	1.0
-8.333882561828432e-08	0.0
0.0	1.0
0.0	1.0
0.0	1.0
0.0	1.0
0.0	0.0
-0.003258425509557128	0.0
-2.4813223262754036e-06	0.0
-0.0001986727147595957	0.02481902792140641
0.0	0.020833333333333332
-9.93101202766411e-05	0.0
0.0	1.0
0.0	0.0
-0.010710770264267921	0.0
0.0	1.0
-1.1539110639224859e-10	1.0
0.0	0.0
-1.3606520951725543e-05	1.0
0.0	0.0
0.0	0.1288782816229117
0.0	1.0
-0.0002735233283601701	1.0
-0.0010331225348636508	1.0
0.0	1.0
-4.918264039588394e-06	1.0
-0.016166044399142265	0.0
-4.9749371100915596e-05	1.0
-0.0017353285802528262	1.0
0.0	1.0
0.0	1.0
-0.001358086010441184	1.0
0.0	0.0
0.0	1.0
0.0	1.0
-2.4405524072790286e-06	1.0
0.0	1.0
-3.437903069425374e-05	1.0
0.0	1.0
-2.527146989450557e-06	1.0
-8.25758688733913e-05	1.0
-7.374683086425193e-10	1.0
0.0	1.0
0.0	0.28421052631578947
0.0	0.0
0.0	1.0
-1.1412217645556666e-05	1.0
0.0	0.01694915254237288
-0.0009297053911723197	0.0
0.0	0.004081632653061225
0.0	1.0
0.0	1.0
0.0	0.0
0.0	1.0
0.0	1.0
0.0	1.0
-0.00021126281353645027	0.0
0.0	1.0
-1.9667977539938875e-06	1.0
0.0	1.0
0.0	0.0
0.0	1.0
-0.0034255918581038713	1.0
-0.0006670112488791347	0.0
-0.03934071213006973	0.0
0.0	1.0
0.0	1.0
0.0	1.0
-1.645326432877462e-14	0.13226744186046513
0.0	0.12209302325581395
0.0	1.0
-0.00010760607983684167	0.002288329519450801
-0.00019928862457163632	0.0
-3.092916085734032e-05	1.0
0.0	1.0
0.0	1.0
0.0	1.0
0.0	0.0
-0.000493344385176897	1.0
-7.736145562375896e-06	1.0
-0.0008808508864603937	0.0
0.0	1.0
-7.819759950677962e-09	1.0
0.0	1.0
0.0	1.0
-0.000270586198894307	1.0
-0.0006448746426030993	0.0
-0.0015641478821635246	0.0
-0.002318025566637516	0.0
0.0	1.0
0.0	1.0
0.0	1.0
0.0	1.0
-0.014056725427508354	0.0
0.0	0.0
-0.0005272664711810648	0.0
0.0	1.0
0.0	1.0
-0.003853617701679468	0.0
0.0	0.0
-5.35219551238697e-05	1.0
0.0	0.0
0.0	1.0
-0.0012830652995035052	1.0
0.0	1.0
0.0	1.0
0.0	1.0
-0.013885813765227795	0.0
-3.3246938983211294e-05	0.0
0.0	1.0
0.0	1.0
-0.0005155231337994337	1.0
-0.00015743311087135226	1.0
0.0	1.0
0.0	1.0
0.0	1.0
-2.7126350232720142e-06	1.0
-0.0899387076497078	0.0
0.0	1.0
0.0	1.0
0.0	1.0
0.0	1.0
-5.01456052006688e-05	1.0
-1.404216072842246e-05	0.0
-2.1431509594549425e-05	1.0
0.0	1.0
-3.467385977273807e-05	1.0
-0.0119313420727849	0.0
0.0	1.0
0.0	1.0
0.0	1.0
0.0	1.0
-1.884989978861995e-05	1.0
-0.005303502548485994	0.0
0.0	1.0
0.0	0.22557471264367815
0.0	1.0
0.0	0.0
0.0	1.0
-0.0016920624766498804	1.0
0.0	1.0
-2.6922554463570947e-11	1.0
-0.016239773482084274	0.0
-0.003940708003938198	0.0
0.0	1.0
0.0	1.0
0.0	1.0
0.0	1.0
-7.090055653691252e-09	0.0
-0.0003126506053376943	0.24680851063829787
0.0	1.0
0.0	0.2857142857142857
0.0	0.25125125125125125
0.0	0.2664543524416136
0.0	1.0
-2.4970356662379345e-06	0.0
-1.4608037446350863e-08	0.0
0.0	0.0
0.0	1.0
0.0	1.0
-3.512190005494631e-07	1.0
0.0	0.07754010695187166
0.0	1.0
0.0	1.0
0.0	1.0
0.0	1.0
0.0	1.0
0.0	0.0
0.0	1.0
0.0	1.0
0.0	0.0
0.0	1.0
0.0	1.0
0.0	1.0
-0.0028511283453553915	0.0
0.0	1.0
0.0	1.0
0.0	0.0
0.0	1.0
-0.006765153259038925	0.0
0.0	1.0
-0.0017631577793508768	0.0
-0.06679167598485947	0.15384615384615385
0.0	1.0
0.0	1.0
-4.2345250221842434e-06	1.0
-1.6101310393423773e-05	0.0
0.0	0.0
0.0	1.0
0.0	1.0
-0.020512524992227554	0.0
-9.357950330013409e-05	1.0
0.0	0.0
0.0	1.0
0.0	0.0
-4.857859039475443e-07	1.0
0.0	1.0
0.0	1.0
-3.142634113828535e-06	1.0
0.0	0.16286644951140064
0.0	1.0
-0.01002331543713808	0.0
0.0	0.0
0.0	1.0
-0.00919916108250618	0.0
0.0	0.0
-0.00023202500597108155	1.0
0.0	1.0
-0.03861818462610245	0.0
0.0	1.0
0.0	0.0
0.0	0.0
0.0	1.0
-0.0011869604932144284	0.21203438395415472
-5.5397151299985126e-05	0.0
0.0	1.0
0.0	1.0
0.0	1.0
0.0	0.0
-0.0006886570481583476	0.0
0.0	1.0
0.0	1.0
-0.011819773353636265	0.004819277108433735
-2.1584457499557175e-05	1.0
0.0	0.0
-4.646071527503182e-09	1.0
0.0	0.1276595744680851
0.0	1.0
0.0	1.0
-1.1698635944412672e-06	0.0
0.0	1.0
0.0	1.0
0.0	1.0
0.0	0.0
-5.689171356237921e-11	1.0
0.0	1.0
-2.0405041141202673e-06	1.0
