-0.0034786630421876907	0.0
0.0	0.0
0.0	1.0
0.0	1.0
0.0	1.0
0.0	1.0
0.0	1.0
0.0	0.0
0.0	0.0
0.0	1.0
0.0	1.0
0.0	0.0
0.0	1.0
0.0	1.0
-0.01014795247465372	0.0
-1.6896892702789046e-06	1.0
0.0	1.0
0.0	1.0
0.0	1.0
0.0	1.0
-2.4224571006925544e-06	1.0
-8.23724167275941e-06	1.0
0.0	1.0
-3.5831748391501606e-05	1.0
0.0	1.0
0.0	1.0
-0.002102074446156621	1.0
0.0	1.0
-7.412464864131607e-09	1.0
-5.875981125280649e-12	1.0
0.0	1.0
-4.5667952974781656e-08	0.0
0.0	1.0
0.0	1.0
0.0	0.0
0.0	1.0
0.0	1.0
0.0	1.0
0.0	1.0
0.0	1.0
-3.523987743392354e-06	1.0
0.0	0.0
0.0	1.0
0.0	1.0
-7.213886874524178e-06	1.0
-0.0006430662469938397	1.0
0.0	1.0
0.0	0.0
0.0	0.4989795918367347
-3.114635660494969e-08	1.0
0.0	1.0
-0.0010326179908588529	1.0
0.0	0.0
0.0	1.0
0.0	1.0
0.0	0.0
0.0	0.0
-0.0004891700227744877	1.0
0.0	1.0
-0.00021397558157332242	1.0
-4.763607284985483e-05	1.0
-0.0004090532020200044	1.0
0.0	1.0
-0.002032005926594138	1.0
0.0	1.0
0.0	0.0
0.0	0.020527859237536656
0.0	1.0
-0.0012584724463522434	0.005847953216374269
0.0	0.0
0.0	1.0
0.0	1.0
0.0	0.0029154518950437317
0.0	1.0
0.0	1.0
0.0	1.0
-5.892699661558254e-10	1.0
0.0	0.0
0.0	1.0
-3.915757133654552e-06	0.0
-4.981270831194706e-05	1.0
0.0	0.0
-2.7917428724322235e-06	1.0
0.0	0.6030092592592593
0.0	0.0
0.0	1.0
0.0	0.0
-0.002188659505918622	1.0
0.0	1.0
0.0	1.0
0.0	1.0
0.0	1.0
-6.118792953202501e-06	1.0
0.0	0.0
-4.3177310544706415e-06	0.0
-1.998266952796257e-06	0.0
-9.619465345167555e-06	1.0
0.0	0.0
-0.0023623185697942972	0.0
0.0	1.0
0.0	1.0
-0.005550198256969452	1.0
0.0	1.0
0.0	1.0
0.0	1.0
0.0	1.0
0.0	0.0
-9.547688387101516e-05	0.0
0.0	1.0
-2.5729474923378995e-15	0.0
0.0	1.0
0.0	1.0
0.0	0.9182590233545648
-8.020335371838883e-06	1.0
-6.126111111370847e-05	0.008746355685131196
0.0	1.0
0.0	0.0
0.0	0.07834101382488479
0.0	1.0
0.0	1.0
-0.004583407659083605	0.0
0.0	1.0
-1.3791381231476052e-12	1.0
-0.0002292831486556679	1.0
0.0	1.0
-0.0001987411524169147	1.0
-1.7379790733684786e-05	0.05
0.0	1.0
-0.0006410746718756855	0.0
0.0	1.0
0.0	1.0
0.0	0.0
0.0	1.0
0.0	0.0
0.0	1.0
-8.764394442550838e-05	0.6176470588235294
-0.005071811378002167	0.0
0.0	1.0
0.0	0.0
0.0	1.0
-3.300017851870507e-05	1.0
0.0	1.0
0.0	0.0
0.0	1.0
-6.9718316808575764e-06	1.0
0.0	0.0
-0.00027687964029610157	1.0
-6.931123061804101e-05	1.0
0.0	1.0
-0.00015060955774970353	1.0
0.0	1.0
0.0	0.07827788649706457
-0.002635011449456215	0.0
0.0	1.0
0.0	1.0
-0.0008721915073692799	1.0
0.0	1.0
-0.05963470786809921	0.0
0.0	1.0
0.0	0.0
0.0	1.0
-1.899927497106546e-06	1.0
0.0	0.0
0.0	1.0
0.0	1.0
0.0	0.0
-0.0001927798002725467	1.0
0.0	1.0
-2.0999739547278296e-07	1.0
0.0	1.0
-0.00236478541046381	1.0
0.0	1.0
0.0	0.0
0.0	1.0
-9.083585723601573e-07	1.0
0.0	1.0
0.0	1.0
0.0	1.0
-1.1865122218068791e-08	1.0
0.0	0.0
0.0	1.0
0.0	1.0
0.0	1.0
-1.7466563306811622e-08	1.0
0.0	1.0
-4.313004953182542e-10	1.0
0.0	1.0
0.0	1.0
0.0	1.0
-0.004341918975114822	1.0
0.0	1.0
0.0	1.0
-0.00013091001892462373	1.0
0.0	1.0
0.0	1.0
-0.0002407508436590433	0.0
0.0	1.0
-0.0001288400962948799	1.0
0.0	0.02694610778443114
-8.113065996440127e-05	1.0
0.0	1.0
-3.2846935937413946e-05	1.0
-0.00020650865917559713	1.0
0.0	1.0
-4.049276025597237e-09	1.0
-2.747986627582577e-06	1.0
-0.03053572215139866	0.0
-4.688841272582067e-06	0.0
0.0	1.0
0.0	1.0
-0.0001821733167162165	1.0
-3.1899196528684115e-06	0.0
0.0	0.0
0.0	1.0
0.0	1.0
0.0	0.11475409836065574
0.0	0.0
-0.027885107323527336	0.0
0.0	0.0
0.0	1.0
0.0	1.0
-2.5906583687174134e-06	1.0
0.0	1.0
0.0	0.0
0.0	1.0
-4.068059297424043e-06	1.0
0.0	0.0
0.0	1.0
0.0	1.0
0.0	1.0
0.0	0.0
-3.952561382902786e-05	1.0
0.0	0.037900874635568516
-0.012914590537548065	0.0
0.0	1.0
0.0	1.0
-0.0012397803366184235	0.0
-3.062495670747012e-05	1.0
0.0	0.0
-0.001024849945679307	1.0
0.0	1.0
0.0	0.0
0.0	1.0
-0.001185519970022142	0.0
0.0	1.0
-0.00015738836373202503	1.0
-0.0022409576922655106	0.0
-0.00014866724086459726	1.0
0.0	0.02830188679245283
-3.012399645285768e-07	0.037037037037037035
0.0	1.0
0.0	1.0
0.0	1.0
0.0	0.0
-0.07525467872619629	0.0
-0.002135222079232335	1.0
-0.00116808305028826	0.0
0.0	1.0
0.0	1.0
-4.290689957997529e-06	1.0
-1.190164311992703e-05	1.0
-0.0052885557524859905	0.0
0.0	1.0
-0.03631359338760376	0.0
0.0	0.7850287907869482
-8.369212545211724e-10	1.0
-2.4965995180536993e-05	1.0
0.0	1.0
-3.477282689345884e-06	1.0
0.0	0.0
-0.007871611043810844	0.0
0.0	1.0
0.0	1.0
0.0	1.0
-0.00017711674445308745	1.0
-0.0006316240760497749	0.0
0.0	1.0
0.0	0.0
-4.109362156112795e-12	0.0
0.0	0.0
0.0	1.0
0.0	0.0
-4.587326657201629e-06	1.0
-0.00037531598354689777	1.0
-0.002872548531740904	1.0
0.0	0.7794117647058824
0.0	0.1785028790786948
-7.685812306590378e-06	1.0
0.0	0.7794117647058824
-0.0007206504233181477	0.7794117647058824
0.0	0.02702702702702703
0.0	1.0
0.0	1.0
0.0	0.0
-2.8452433298298274e-07	1.0
0.0	1.0
0.0	1.0
0.0	1.0
0.0	1.0
-0.0060388012789189816	0.03143418467583497
0.0	1.0
0.0	0.5557692307692308
0.0	1.0
0.0	1.0
-9.878568380372599e-05	1.0
0.0	1.0
0.0	1.0
-5.197776431487e-08	0.42292490118577075
-0.00033848584280349314	0.04411764705882353
-0.000583338551223278	1.0
-6.647032080309145e-08	1.0
-1.242522102984367e-06	0.0
0.0	1.0
0.0	1.0
0.0	1.0
0.0	1.0
-4.5328903070185333e-05	1.0
-0.00017121329437941313	1.0
-0.004461606033146381	0.0
-2.1616397134494036e-06	0.0
0.0	1.0
0.0	0.0
-2.0573347683239263e-06	1.0
-6.993145234446274e-06	0.0
-0.009501154534518719	0.0
-9.056910494109616e-05	1.0
0.0	1.0
0.0	1.0
-0.0013508058618754148	0.0
-0.025267692282795906	0.0
0.0	1.0
0.0	1.0
0.0	1.0
0.0	1.0
-1.0031572855950799e-05	0.0
0.0	1.0
-0.0011661223834380507	1.0
0.0	1.0
-1.6632589904475026e-05	1.0
0.0	1.0
0.0	1.0
0.0	1.0
0.0	1.0
0.0	1.0
-0.01801355741918087	0.0
0.0	0.0
0.0	0.5231481481481481
-0.00023943145060911775	1.0
-6.084870619815774e-05	0.026785714285714284
0.0	1.0
-0.0015014085220173001	0.0
-3.819478138211707e-07	1.0
0.0	1.0
0.0	0.03278688524590164
0.0	1.0
0.0	1.0
-1.0946841939585283e-06	1.0
-1.266405291744377e-07	1.0
0.0	0.0
-0.007601926103234291	0.1834862385321101
-0.0001130159871536307	1.0
-0.05961577966809273	0.0
0.0	0.0
0.0	0.0
0.0	1.0
0.0	1.0
-0.006247083190828562	0.0
-0.002655207645148039	1.0
-9.87107978289714e-06	0.10294117647058823
0.0	0.06053550640279395
0.0	1.0
0.0	1.0
0.0	1.0
0.0	1.0
0.0	1.0
-3.84771328754141e-06	1.0
0.0	1.0
-0.015458760783076286	0.0
-2.714844571372055e-09	0.0
0.0	0.12156862745098039
0.0	1.0
0.0	1.0
0.0	1.0
-0.002869154093787074	0.0
-6.213323104020674e-06	1.0
-0.051159851253032684	0.0
-4.090437499826294e-08	0.0
0.0	0.0
0.0	1.0
0.0	0.024
0.0	0.0
-0.0004009819822385907	1.0
0.0	1.0
0.0	1.0
-1.3039658369962126e-05	1.0
0.0	1.0
-8.850299309415277e-06	0.0
0.0	1.0
0.0	1.0
0.0	1.0
-0.0036980302538722754	0.003134796238244514
0.0	1.0
-8.779425115790218e-06	1.0
0.0	1.0
0.0	0.1588235294117647
-4.710411261044101e-08	1.0
-0.00010708067566156387	0.0
0.0	1.0
0.0	1.0
0.0	1.0
0.0	0.0
0.0	1.0
0.0	1.0
-1.3098620001983363e-05	1.0
-3.102075887828626e-14	1.0
-9.11328024812974e-05	0.0012195121951219512
0.0	1.0
-0.0016722141299396753	0.07242990654205607
0.0	1.0
0.0	1.0
0.0	0.0
0.0	1.0
-4.967825706359008e-09	0.22058823529411764
-0.00014453352196142077	0.0
-5.8137237246569384e-09	1.0
-8.457644980808254e-06	0.0
0.0	1.0
-0.000740425253752619	1.0
-0.0035388206597417593	1.0
0.0	1.0
-0.0002645653730724007	1.0
0.0	0.01616161616161616
-0.00015994466957636178	0.0029154518950437317
-1.956080632226076e-05	1.0
0.0	1.0
0.0	1.0
-0.00034853850957006216	1.0
0.0	1.0
0.0	0.0
-4.6036177536734613e-07	1.0
0.0	1.0
-6.6081001932616346e-06	1.0
-0.00039275942253880203	1.0
0.0	0.023809523809523808
0.0	1.0
0.0	1.0
-0.00036897804238833487	1.0
0.0	1.0
0.0	1.0
-1.1497606465127319e-05	1.0
0.0	0.0
-8.951840572990477e-05	0.0
-0.0006787320016883314	1.0
-0.0002854462363757193	1.0
0.0	0.12111801242236025
-0.008327082730829716	0.0
0.0	1.0
-0.0009541062754578888	0.0
0.0	0.1
-4.824414645554498e-06	1.0
0.0	0.0
0.0	1.0
0.0	1.0
-1.8546346680636816e-08	1.0
-5.614906967821298e-06	1.0
0.0	0.0
-3.5226860291004414e-06	0.0
0.0	1.0
0.0	1.0
-0.006375739350914955	0.0
0.0	1.0
0.0	1.0
0.0	0.6125290023201856
0.0	1.0
0.0	1.0
0.0	0.6136890951276102
0.0	1.0
0.0	1.0
0.0	1.0
0.0	1.0
0.0	1.0
0.0	1.0
0.0	0.288135593220339
-0.0017271572723984718	1.0
0.0	1.0
0.0	0.0
-0.0006820688140578568	0.0
0.0	1.0
0.0	1.0
-7.749658834654838e-06	1.0
0.0	1.0
0.0	1.0
0.0	0.014577259475218658
0.0	1.0
0.0	0.6756756756756757
-1.8848450054065324e-05	1.0
0.0	1.0
-1.069296649802709e-05	0.0
0.0	1.0
0.0	1.0
0.0	1.0
0.0	1.0
0.0	1.0
-0.0010205584112554789	1.0
-1.3875923286832403e-05	0.08733624454148471
0.0	0.0
-1.0204975069427746e-06	0.0
-0.0010832352563738823	0.0
-4.146361831658396e-08	1.0
0.0	0.3602941176470588
0.0	1.0
0.0	1.0
-0.00019079055346082896	0.0
-1.8151245967601426e-05	1.0
0.0	0.0
0.0	0.22580645161290322
-3.193129714418319e-06	0.0
-0.0020116043742746115	1.0
0.0	1.0
0.0	1.0
-0.009757705964148045	0.0
-6.9559864641632885e-06	0.0
-3.878968257708948e-08	0.0
0.0	0.0
-0.00046446771011687815	1.0
-0.0014274672139436007	1.0
0.0	1.0
-3.334427525758521e-11	1.0
0.0	1.0
-0.0005390013102442026	1.0
0.0	1.0
0.0	1.0
-0.019001862034201622	0.0
0.0	0.0
-0.0003922519972547889	0.0
0.0	1.0
0.0	1.0
0.0	1.0
0.0	0.007142857142857143
-5.941471203918525e-10	1.0
0.0	0.0
-1.3560739944296074e-06	1.0
0.0	1.0
-0.00010117972124135122	1.0
0.0	1.0
0.0	1.0
-5.227822111919522e-05	1.0
-0.00016015602159313858	1.0
0.0	1.0
-0.00025937517057172954	0.0
0.0	0.0
0.0	1.0
-0.0066839549690485	1.0
0.0	1.0
0.0	0.0
0.0	0.0
0.0	0.0
0.0	1.0
0.0	1.0
-0.0009681634837761521	0.07547169811320754
-0.00019413726113270968	1.0
-4.212713520246325e-06	1.0
0.0	0.696
0.0	0.0
0.0	0.0
0.0	0.0
-0.00011880129022756591	1.0
0.0	1.0
0.0	1.0
-2.2441870896727778e-05	0.04611650485436893
-3.080730311921798e-05	0.0
0.0	0.864
0.0	1.0
-0.008363641798496246	0.0
0.0	0.0
