0.0	0.017793594306049824
-9.046687773661688e-05	1.0
-0.0015178477624431252	1.0
0.0	1.0
-8.803419041214511e-05	1.0
0.0	1.0
-3.772619905362262e-08	1.0
-6.983491971368494e-07	0.0
-0.003103929106146097	0.23711340206185566
0.0	1.0
0.0	0.0
0.0	0.5282555282555282
0.0	1.0
-5.811332448502071e-05	0.0
0.0	1.0
-0.00043810915667563677	1.0
0.0	1.0
-7.633165211018422e-08	1.0
-0.000722678320016712	1.0
0.0	1.0
0.0	0.0
0.0	1.0
-0.0006818334222771227	1.0
0.0	1.0
0.0	0.0
0.0	1.0
0.0	0.0
-0.0008387185516767204	0.0
-6.493301771115512e-05	0.0
-6.369750190060586e-05	1.0
0.0	1.0
0.0	1.0
0.0	1.0
0.0	0.11072664359861592
0.0	1.0
0.0	1.0
0.0	1.0
0.0	1.0
-2.2995895051280968e-05	1.0
0.0	1.0
0.0	0.0
-4.117213029530831e-05	0.0
0.0	1.0
0.0	1.0
0.0	1.0
-1.0478469448571559e-05	1.0
0.0	1.0
0.0	1.0
-0.0003979325410909951	1.0
0.0	1.0
0.0	1.0
0.0	1.0
0.0	1.0
0.0	1.0
0.0	1.0
-2.553140120653552e-06	1.0
0.0	1.0
0.0	1.0
0.0	0.3203125
0.0	0.0
0.0	1.0
0.0	1.0
-9.167760026684846e-07	1.0
0.0	1.0
-0.0019772297237068415	0.0
-0.013728370890021324	0.0
-0.0008823562529869378	0.0
-1.9023905224457849e-06	1.0
-0.00015314112533815205	1.0
0.0	1.0
0.0	1.0
0.0	1.0
0.0	1.0
-0.0005334328743629158	0.0
0.0	1.0
-0.00042019091779366136	1.0
0.0	1.0
0.0	1.0
-5.498736535547444e-11	0.0
0.0	0.0
0.0	1.0
-0.00045948513434268534	1.0
0.0	1.0
-6.919470934008132e-07	1.0
0.0	1.0
0.0	1.0
-2.6270638045389205e-05	1.0
0.0	0.0
-0.009057188406586647	0.10191082802547771
-0.00025179728982038796	1.0
-4.547993093240166e-09	1.0
0.0	1.0
0.0	1.0
0.0	1.0
0.0	1.0
0.0	1.0
0.0	1.0
-1.9679063933963903e-10	1.0
0.0	1.0
0.0	1.0
0.0	1.0
-0.00017274827405344695	1.0
0.0	1.0
-0.01588095724582672	0.0
0.0	1.0
0.0	1.0
0.0	1.0
0.0	0.03821656050955414
0.0	1.0
0.0	1.0
0.0	0.0
-0.0006798718241043389	1.0
0.0	1.0
0.0	0.0
-0.00020360037160571665	0.0
0.0	1.0
0.0	1.0
-1.5662497787616303e-07	1.0
0.0	1.0
0.0	1.0
0.0	0.0
0.0	1.0
-0.0017708904342725873	1.0
0.0	1.0
-9.452406811760738e-05	1.0
0.0	1.0
0.0	1.0
0.0	1.0
0.0	1.0
0.0	1.0
0.0	1.0
0.0	1.0
-0.0020893302280455828	0.0
0.0	0.0
-8.425767737207934e-05	0.0
0.0	0.08333333333333333
0.0	0.0
-1.3895058145863004e-05	0.0
0.0	1.0
0.0	1.0
0.0	1.0
0.0	0.0
-3.453714725765167e-06	1.0
0.0	1.0
-0.0003273513575550169	1.0
0.0	1.0
-3.6782989987216297e-09	0.004437869822485207
-0.0003116913139820099	1.0
0.0	1.0
0.0	1.0
0.0	1.0
0.0	1.0
0.0	1.0
-0.0013727956684306264	0.0
0.0	1.0
-4.7517934831375896e-07	1.0
-0.00010569435835350305	0.0
0.0	1.0
0.0	1.0
0.0	0.13043478260869565
0.0	0.0
0.0	0.0
0.0	1.0
-0.0008268547244369984	1.0
-0.0007955760811455548	1.0
-0.006607050076127052	0.12
-2.5005439852066047e-07	1.0
-2.876139205909567e-06	0.051833122629582805
0.0	1.0
0.0	1.0
0.0	0.0
-0.00025979350903071463	1.0
0.0	1.0
0.0	1.0
0.0	1.0
0.0	1.0
0.0	1.0
0.0	1.0
0.0	1.0
0.0	1.0
-3.0616058666055324e-07	1.0
-3.80535834665352e-06	1.0
-1.3383596524363384e-06	1.0
-2.000272170121775e-09	1.0
0.0	1.0
0.0	0.0
0.0	0.0
0.0	0.0
0.0	1.0
0.0	1.0
0.0	0.0
-0.0020291293039917946	0.10565110565110565
0.0	0.0
0.0	0.0
0.0	1.0
0.0	1.0
-2.5025227046171494e-07	1.0
0.0	1.0
-0.0010512275621294975	1.0
0.0	1.0
0.0	0.0
0.0	0.0
-3.116545762254483e-16	0.0
0.0	1.0
-9.411754717802978e-07	1.0
0.0	0.0
0.0	1.0
0.0	1.0
0.0	1.0
0.0	0.0
0.0	1.0
0.0	1.0
0.0	1.0
-8.884581461643393e-07	0.0
-0.003324394579976797	0.0
0.0	1.0
-3.482427928247489e-06	1.0
-1.6080128548146e-11	1.0
-0.00011629729124251753	0.0
0.0	1.0
0.0	1.0
-3.9337250200333074e-05	1.0
0.0	1.0
-1.9249306149049517e-07	1.0
0.0	0.0
0.0	1.0
-1.3528658371342317e-07	1.0
0.0	1.0
0.0	1.0
0.0	1.0
-1.8548587377154035e-06	1.0
0.0	1.0
0.0	1.0
0.0	0.08896797153024912
0.0	1.0
0.0	0.0
0.0	0.03717948717948718
0.0	1.0
0.0	1.0
0.0	0.1440162271805274
-0.0024331999011337757	0.0
0.0	1.0
0.0	1.0
-0.0029667189810425043	1.0
0.0	1.0
0.0	1.0
0.0	1.0
0.0	0.0
-0.0012227026745676994	1.0
0.0	1.0
0.0	1.0
0.0	1.0
0.0	1.0
0.0	1.0
-0.00014951244520489126	1.0
0.0	1.0
0.0	1.0
-1.4841693846134874e-11	1.0
-3.4636556733858015e-07	1.0
0.0	1.0
0.0	1.0
0.0	1.0
-0.00010267168545396999	1.0
-6.0135113017167896e-05	1.0
0.0	0.0
0.0	1.0
-4.3053889385191724e-05	1.0
0.0	1.0
0.0	1.0
-3.905213816324249e-06	1.0
0.0	1.0
-0.0022724857553839684	1.0
0.0	1.0
0.0	1.0
0.0	0.0
-1.749571509890302e-07	1.0
0.0	1.0
0.0	1.0
-1.4569064660463482e-05	1.0
0.0	1.0
0.0	0.12577833125778332
-1.6530682842130773e-05	1.0
-0.0037830001674592495	0.0
-2.639650801938842e-06	1.0
-3.229220510547748e-06	1.0
0.0	1.0
-5.26854728377657e-06	1.0
0.0	0.047058823529411764
-1.1621161810637659e-08	1.0
0.0	1.0
-8.310384487231204e-07	1.0
-0.0019105455139651895	1.0
-0.0007057323819026351	1.0
0.0	1.0
-1.2158419622210204e-06	1.0
0.0	1.0
0.0	0.0
-2.795707587210927e-06	1.0
0.0	1.0
0.0	1.0
0.0	0.0
-8.882890142558608e-06	1.0
0.0	0.0
-0.00020663677423726767	0.064
-0.0035568573512136936	0.15636363636363637
-2.426306309644133e-05	0.0
-0.0010301065631210804	1.0
-0.0019144355319440365	1.0
-3.518639601907125e-08	0.0
0.0	1.0
-0.0007110073347575963	1.0
0.0	1.0
-0.00015200294728856534	1.0
0.0	1.0
-2.6189503842033446e-05	1.0
-7.772814569761977e-05	1.0
0.0	1.0
0.0	1.0
0.0	1.0
0.0	1.0
0.0	1.0
-4.2999513425456826e-06	1.0
0.0	1.0
0.0	1.0
-3.950455356971361e-05	1.0
0.0	1.0
0.0	1.0
0.0	0.09565217391304348
0.0	1.0
0.0	1.0
-0.0008821876836009324	1.0
0.0	1.0
-4.0982266137547935e-15	1.0
-5.823473838972859e-05	1.0
0.0	0.015220700152207
-0.000297338207019493	1.0
0.0	0.1433778857837181
0.0	1.0
0.0	0.0
0.0	0.0
0.0	1.0
0.0	1.0
0.0	1.0
-0.00047610560432076454	0.1464968152866242
-1.7011556337820366e-05	1.0
0.0	0.0
-0.0013348414795473218	1.0
0.0	1.0
0.0	1.0
0.0	0.0
0.0	1.0
0.0	1.0
0.0	1.0
-0.007439118809998035	0.0
-0.0029787246603518724	0.0
-1.7307464759142022e-06	0.0
-1.3864126231055707e-05	1.0
-8.315874765685294e-06	1.0
-5.9948899178152715e-09	1.0
0.0	1.0
0.0	0.0
-1.4828132179900422e-06	1.0
0.0	1.0
0.0	0.0
-0.0012970168609172106	1.0
0.0	1.0
0.0	0.0
-0.0002459116221871227	0.12014563106796117
-1.7440480633013067e-06	0.0
0.0	1.0
-7.423790862048918e-07	1.0
0.0	1.0
0.0	1.0
-0.00034271759795956314	1.0
0.0	1.0
-7.966671233816669e-08	1.0
0.0	0.0
-0.0020431685261428356	1.0
0.0	1.0
0.0	1.0
0.0	1.0
0.0	1.0
-0.0009286727290600538	1.0
-0.00010459844634169713	1.0
0.0	1.0
0.0	1.0
-0.0003107493685092777	0.0
-0.0018886774778366089	1.0
0.0	1.0
0.0	0.007281553398058253
0.0	1.0
0.0	1.0
0.0	0.07692307692307693
0.0	1.0
0.0	1.0
0.0	1.0
-6.79762742947787e-05	1.0
-0.0012620631605386734	0.0
0.0	1.0
0.0	0.0
-0.0005372127634473145	1.0
-0.0038133705966174603	0.0
0.0	1.0
0.0	1.0
0.0	0.0
0.0	0.0
0.0	1.0
-0.00015355422510765493	0.0
0.0	1.0
-3.2101908686854586e-08	1.0
0.0	1.0
0.0	1.0
0.0	1.0
0.0	1.0
-7.690386701142415e-05	0.0
0.0	1.0
0.0	1.0
0.0	1.0
-3.733900302904658e-05	0.0
-0.0028889463283121586	0.0
0.0	1.0
0.0	0.043478260869565216
-0.0010691960342228413	1.0
0.0	1.0
0.0	1.0
0.0	1.0
0.0	1.0
0.0	1.0
0.0	1.0
0.0	1.0
-0.0030521280132234097	0.0
-2.8862530598416924e-05	0.0
-5.786418478237465e-05	1.0
0.0	0.0
0.0	1.0
0.0	1.0
0.0	1.0
0.0	1.0
0.0	1.0
0.0	1.0
-0.00012022622831864282	1.0
-0.01927921362221241	0.0
-0.0006621170905418694	1.0
-8.108330075629056e-05	0.843
0.0	1.0
-7.461562199750915e-05	0.0
0.0	1.0
0.0	1.0
0.0	1.0
0.0	1.0
-3.079423913732171e-05	1.0
-1.3914372175349854e-05	1.0
0.0	1.0
0.0	1.0
-6.18603007751517e-05	1.0
-1.0424948868603678e-06	1.0
0.0	1.0
0.0	1.0
0.0	1.0
0.0	1.0
-0.00030555727425962687	1.0
0.0	0.0
-8.701172049541128e-08	1.0
-0.0014629465295001864	1.0
0.0	1.0
0.0	1.0
0.0	0.0
0.0	0.02857142857142857
-0.00024202596978284419	0.0
0.0	1.0
-0.005111771170049906	0.0022522522522522522
0.0	1.0
0.0	1.0
-9.417617239434323e-14	1.0
-3.5331813705852255e-05	1.0
0.0	1.0
0.0	1.0
-0.00010835072316695005	1.0
0.0	0.14583333333333334
0.0	1.0
-0.0006650030263699591	1.0
-1.175584316115419e-06	1.0
0.0	1.0
-0.0011605694890022278	0.01020408163265306
-3.4774850064422935e-05	1.0
-0.0004317602142691612	1.0
-6.304713418003871e-10	1.0
0.0	1.0
0.0	1.0
0.0	0.04056795131845842
0.0	1.0
0.0	1.0
0.0	1.0
-4.2125598156417254e-06	1.0
-1.1625437537077232e-06	1.0
0.0	1.0
-0.0005717630265280604	1.0
-0.0001960130757652223	1.0
0.0	0.0
0.0	0.0
-1.3239400686870795e-06	0.03184713375796178
0.0	0.17466802860061287
0.0	1.0
0.0	1.0
0.0	0.0
-1.980602881701543e-08	1.0
0.0	1.0
0.0	1.0
0.0	1.0
0.0	1.0
0.0	1.0
0.0	0.024242424242424242
0.0	0.010245901639344262
0.0	1.0
-0.0011868248693645	1.0
0.0	0.010256410256410256
