0.0	1.0
0.0	0.0
-0.028657974675297737	0.0
-2.1255522369756363e-05	0.0
-0.00010101529187522829	1.0
-3.273925841540404e-08	1.0
0.0	0.0
0.0	1.0
-0.00033464166335761547	1.0
-8.071159754763357e-06	1.0
0.0	1.0
0.0	1.0
0.0	1.0
-1.1851777799165575e-06	0.6845238095238095
0.0	1.0
0.0	1.0
0.0	0.0
0.0	0.0
0.0	1.0
-9.028093472807086e-07	1.0
0.0	1.0
0.0	1.0
-1.4573006410500966e-06	0.0
-0.0006645021494477987	0.0
0.0	1.0
0.0	0.0
0.0	1.0
0.0	0.0
-9.014782699523494e-05	0.862
0.0	1.0
0.0	0.1488095238095238
-3.978013774030842e-05	1.0
-0.007556186057627201	0.0
0.0	1.0
0.0	1.0
-0.0013782827882096171	0.0
-7.598836873512482e-06	0.03125
-0.0009373250068165362	1.0
-1.0860413567570504e-05	1.0
-0.01742362231016159	1.0
0.0	1.0
-6.2314761635207105e-06	0.0
-1.0532147598496522e-08	1.0
-0.000575511425267905	1.0
0.0	1.0
-2.6134126528631896e-05	1.0
0.0	1.0
-0.00127933279145509	0.0
0.0	1.0
0.0	1.0
0.0	0.0
0.0	0.09090909090909091
-0.0003587078535929322	0.04648074369189907
0.0	1.0
-0.002799444133415818	1.0
0.0	1.0
0.0	1.0
-0.0193327609449625	0.0
-0.00016521010547876358	0.0
-0.014835420995950699	0.0
-9.400759154232219e-05	1.0
-0.0020681722089648247	1.0
0.0	1.0
0.0	1.0
0.0	1.0
0.0	0.0
-0.0006035863189026713	1.0
0.0	1.0
-1.134362264565425e-05	1.0
-1.602763768460136e-05	1.0
0.0	0.18237454100367198
0.0	1.0
0.0	1.0
0.0	0.0950661853188929
0.0	1.0
0.0	0.02631578947368421
0.0	1.0
-2.5633939912950154e-06	1.0
-0.00017064620624296367	1.0
0.0	1.0
-1.589510793564841e-05	1.0
-1.164222885563504e-05	1.0
-5.588051863014698e-05	1.0
0.0	1.0
0.0	0.08582089552238806
0.0	1.0
-3.107989323325455e-05	1.0
-7.821409298003346e-09	1.0
0.0	1.0
0.0	1.0
-6.913754987181164e-06	1.0
0.0	1.0
0.0	1.0
-0.0008505667792633176	0.09885057471264368
-0.0005181144806556404	1.0
-0.00279169506393373	0.0
0.0	1.0
0.0	1.0
-0.0014325366355478764	1.0
-9.685132695835819e-09	1.0
0.0	1.0
-0.0013419617898762226	0.049019607843137254
-1.9584767585456575e-08	1.0
-8.452965994365513e-05	0.0
0.0	0.05
-0.017234060913324356	0.0
-0.0014375880127772689	1.0
0.0	0.919
-0.0037678005173802376	0.0
-0.0011300796177238226	0.0
0.0	0.0
-1.1649740372376982e-07	0.0
0.0	1.0
0.0	1.0
-0.13899032771587372	0.0
0.0	1.0
0.0	1.0
0.0	1.0
-3.339241447974928e-05	1.0
-0.008180981501936913	0.0
-6.928624429747288e-07	0.0
-4.605540482316428e-08	1.0
0.0	0.853
0.0	1.0
0.0	1.0
0.0	0.0
-0.0021173693239688873	1.0
0.0	0.0
0.0	1.0
0.0	1.0
-0.002839845372363925	0.0
-8.834463515556765e-14	1.0
0.0	1.0
-0.00039541363366879523	0.0
-0.001065821503289044	0.5397412199630314
-1.2139106502218056e-06	1.0
0.0	1.0
-3.3233791327802464e-05	1.0
0.0	1.0
-0.0009199874475598335	0.0
0.0	1.0
0.0	1.0
-0.00023914864868856966	1.0
0.0	1.0
0.0	1.0
0.0	1.0
-0.0005378119531087577	1.0
-2.7326295821694657e-05	1.0
-1.1639963304332923e-05	1.0
0.0	1.0
-4.391238235257333e-06	1.0
-2.555087485234253e-05	0.0
0.0	1.0
-0.006757813971489668	0.0
0.0	1.0
0.0	1.0
0.0	1.0
0.0	1.0
0.0	1.0
0.0	1.0
-0.00012606043310370296	1.0
0.0	1.0
0.0	1.0
0.0	1.0
-0.00047662167344242334	1.0
0.0	0.0
0.0	0.0
0.0	1.0
-0.0010217498056590557	0.0
0.0	1.0
-2.5351251679239795e-05	0.125
0.0	1.0
0.0	1.0
-2.8460788144002436e-06	1.0
0.0	1.0
-0.00013509803102351725	1.0
0.0	1.0
0.0	1.0
0.0	0.0
-0.0009459259454160929	1.0
-2.0290257511266716e-14	1.0
0.0	1.0
0.0	1.0
0.0	1.0
-5.641346234597222e-08	0.0
-6.589187978534028e-05	1.0
-2.7043442969443277e-05	1.0
-4.6497266481537736e-08	0.0
-0.0078100766986608505	0.0
-0.00022879886091686785	0.0
0.0	1.0
0.0	1.0
0.0	0.0
0.0	1.0
0.0	1.0
-0.0004605196591001004	1.0
0.0	0.0
0.0	0.0
-0.0012065207120031118	1.0
0.0	1.0
0.0	1.0
0.0	0.0
-1.8080079371429747e-06	1.0
0.0	1.0
0.0	1.0
0.0	1.0
0.0	1.0
-0.002684899140149355	0.0
-0.0015373716596513987	0.0
0.0	1.0
-0.0002992546942550689	1.0
-9.991034858103376e-06	1.0
0.0	1.0
0.0	1.0
0.0	1.0
0.0	1.0
0.0	1.0
0.0	1.0
0.0	1.0
-8.369860893253644e-08	1.0
0.0	1.0
0.0	1.0
0.0	1.0
0.0	1.0
0.0	1.0
-0.00025185663253068924	0.6741693461950696
0.0	1.0
0.0	1.0
-3.2930216775639565e-08	1.0
-0.00015120470197871327	0.0
-0.00022981909569352865	1.0
0.0	1.0
-0.000612783245742321	1.0
0.0	1.0
0.0	1.0
0.0	1.0
-0.00026117064408026636	1.0
0.0	0.0
0.0	1.0
-0.0003118907625321299	1.0
0.0	1.0
0.0	1.0
0.0	1.0
0.0	1.0
-0.01477438397705555	0.0196078431372549
0.0	0.0
0.0	1.0
-0.0016536512412130833	1.0
0.0	1.0
-0.00017824218957684934	0.0
-1.5093606862137676e-06	0.0038910505836575876
0.0	1.0
-2.8682092306553386e-05	1.0
0.0	0.0
-4.826072108699009e-05	1.0
-0.0017929594032466412	0.0
-0.0008543341537006199	1.0
0.0	1.0
-0.0007737060077488422	0.0
0.0	1.0
-2.4237051547970623e-05	1.0
0.0	0.0
0.0	1.0
-0.0024257877375930548	1.0
0.0	1.0
-0.00039406007272191346	1.0
-0.0030576472636312246	1.0
-0.009411269798874855	0.0
-4.152738256379962e-05	1.0
-2.9648728627762466e-07	1.0
-1.4986086171120405e-05	0.125
0.0	1.0
0.0	1.0
0.0	1.0
-1.91451508726459e-05	1.0
0.0	1.0
0.0	1.0
0.0	1.0
-0.004668083973228931	0.0
-5.810858783661388e-05	1.0
0.0	1.0
0.0	1.0
0.0	1.0
-5.9677918057038544e-15	1.0
0.0	1.0
-0.0015758186345919967	0.0
0.0	1.0
0.0	1.0
0.0	1.0
-0.000176681496668607	1.0
-9.085552754584114e-09	0.0
0.0	0.041666666666666664
0.0	1.0
-0.00041168660391122103	1.0
-6.913276592968032e-05	0.0
0.0	1.0
0.0	1.0
-3.243102071337489e-07	1.0
0.0	0.0
0.0	0.0
0.0	1.0
-7.221158011816442e-05	0.0
0.0	1.0
0.0	1.0
0.0	1.0
0.0	0.10606060606060606
0.0	1.0
0.0	1.0
0.0	1.0
0.0	1.0
0.0	1.0
0.0	0.001226993865030675
0.0	0.0425531914893617
-0.0002815949555952102	0.44966442953020136
0.0	1.0
0.0	0.1911532385466035
0.0	1.0
-0.00024208409013226628	1.0
-7.411116484945524e-07	0.0
0.0	0.007142857142857143
-0.00017541299166623503	0.8828125
-0.001055707223713398	0.7469586374695864
-5.402316674008034e-06	1.0
0.0	0.0
-0.0016475595766678452	1.0
0.0	1.0
0.0	1.0
0.0	0.0
0.0	1.0
0.0	1.0
0.0	1.0
0.0	1.0
0.0	1.0
0.0	1.0
0.0	1.0
-1.4019689409394687e-08	1.0
0.0	0.0
0.0	1.0
0.0	1.0
0.0	1.0
0.0	1.0
-0.0007726572221145034	0.0
-7.406590157188475e-05	1.0
-0.00017181466682814062	0.0
-2.074564463327988e-06	0.0
-0.00036682275822386146	1.0
-1.997318349822308e-06	1.0
0.0	1.0
-2.9779507852711884e-12	0.0
0.0	1.0
-7.447153620887548e-05	1.0
0.0	0.0
0.0	0.0
0.0	0.2759009009009009
0.0	1.0
0.0	1.0
0.0	0.5
0.0	1.0
0.0	0.0
0.0	1.0
0.0	1.0
0.0	1.0
0.0	0.005988023952095809
0.0	1.0
-9.466816663916688e-06	1.0
0.0	1.0
-3.0848473775435536e-10	1.0
0.0	0.0
-0.0005740691558457911	0.0
0.0	0.0
0.0	1.0
-2.2366299162968062e-05	1.0
-0.0005726332892663777	1.0
0.0	1.0
0.0	0.5223880597014925
0.0	1.0
-3.92934712545312e-11	1.0
0.0	0.0
-1.7510215002403129e-06	0.0
0.0	1.0
-2.675657015061006e-05	1.0
0.0	1.0
0.0	1.0
-0.03536858409643173	0.0
0.0	1.0
-2.5513985368874614e-10	1.0
-0.0001207855311804451	1.0
0.0	1.0
0.0	1.0
0.0	1.0
0.0	0.0
0.0	1.0
0.0	0.0
-0.0009462269954383373	1.0
0.0	0.0
0.0	1.0
-0.0003147517272736877	1.0
0.0	1.0
0.0	0.0
0.0	1.0
0.0	1.0
0.0	1.0
0.0	1.0
0.0	1.0
0.0	1.0
-4.965697826264659e-06	1.0
0.0	1.0
0.0	1.0
0.0	0.0
0.0	1.0
0.0	1.0
0.0	1.0
0.0	1.0
0.0	0.0
-0.001480310456827283	1.0
0.0	1.0
-0.0034110359847545624	0.038391224862888484
-4.293439269531518e-05	0.0078125
0.0	0.034129692832764506
0.0	1.0
-0.015426313504576683	0.0
0.0	0.0
0.0	1.0
0.0	0.0
-1.0192932677455246e-05	1.0
0.0	1.0
0.0	1.0
-2.2468200313596753e-06	1.0
0.0	0.0
0.0	1.0
-0.0015598341124132276	1.0
0.0	1.0
-0.00029031652957201004	1.0
-0.004279762972146273	0.0
-0.0014910772442817688	1.0
-0.00012380398402456194	1.0
-0.0031518698669970036	0.0
-6.611897447328374e-07	0.0
-0.0008845720440149307	0.0
0.0	0.0
0.0	1.0
0.0	1.0
0.0	1.0
0.0	0.0
0.0	1.0
-0.0006819870322942734	0.0
-2.4834846093675644e-13	1.0
0.0	0.0
0.0	1.0
0.0	1.0
0.0	0.029850746268656716
0.0	1.0
-1.3424196367850527e-06	0.0
-1.6292146520768824e-09	1.0
-0.0005474863573908806	1.0
0.0	1.0
-2.122603291354608e-06	0.0
0.0	0.0
-3.611340798670426e-05	1.0
0.0	1.0
-0.00010418256715638563	1.0
0.0	1.0
-7.212823760482934e-08	1.0
-2.4083742812541775e-12	1.0
0.0	1.0
-6.756268248864217e-06	1.0
-9.464958566240966e-06	1.0
0.0	1.0
-1.4607488992623985e-05	1.0
0.0	1.0
0.0	1.0
0.0	1.0
0.0	0.0
-1.2484638318710495e-05	1.0
0.0	1.0
0.0	0.0
-0.01786082610487938	0.0
-3.1440423046069296e-16	0.3855421686746988
-0.0004865442751906812	0.0
-0.00028563570231199265	0.2361111111111111
-1.1208250043637236e-06	1.0
0.0	1.0
0.0	1.0
0.0	1.0
-1.6877445219165566e-08	1.0
-0.0012760834069922566	0.4434389140271493
-2.367590059293434e-05	0.2265625
-8.710590918781236e-06	1.0
0.0	1.0
0.0	0.0
0.0	1.0
0.0	1.0
-4.476597678149119e-05	1.0
0.0	1.0
0.0	1.0
0.0	1.0
-2.080497019107952e-08	0.3514792899408284
0.0	0.0
-6.537889785107609e-09	1.0
-1.1982925798292854e-06	0.0
0.0	1.0
0.0	1.0
0.0	0.0
0.0	0.0
-0.0006495547713711858	1.0
0.0	0.0
0.0	1.0
0.0	1.0
0.0	0.0
-0.00014461476530414075	1.0
0.0	1.0
0.0	1.0
0.0	1.0
0.0	1.0
-0.00032236447441391647	0.0
0.0	1.0
-3.3515889299451374e-06	1.0
-7.779944439789688e-07	1.0
0.0	1.0
0.0	1.0
0.0	0.015384615384615385
-5.562392470892519e-05	1.0
0.0	0.02578268876611418
0.0	1.0
0.0	0.0
0.0	1.0
0.0	1.0
-4.170769045686029e-07	1.0
-5.134522871230729e-05	1.0
-0.0004783678741659969	0.0
0.0	0.0
-1.5123716821108246e-06	0.0
0.0	1.0
-1.0285879925575614e-09	0.0
0.0	1.0
0.0	1.0
-1.0457144838937893e-07	1.0
-0.0017785774543881416	1.0
-0.0011882863473147154	1.0
0.0	1.0
0.0	1.0
0.0	1.0
0.0	1.0
0.0	1.0
0.0	1.0
-0.0002666443178895861	0.0
0.0	0.0
-1.4923148938805753e-08	1.0
-0.0001450051204301417	1.0
0.0	0.0
0.0	1.0
0.0	0.1853448275862069
0.0	1.0
-0.0007848738459870219	0.0
-0.0045857662335038185	0.0
-0.0010467951651662588	1.0
0.0	1.0
0.0	1.0
0.0	1.0
-0.00023072694602888077	1.0
-0.0001238014956470579	1.0
-8.674625132698566e-05	0.0
0.0	0.304029304029304
-2.128814685420366e-06	0.3635280095351609
-9.408474579686299e-05	1.0
0.0	0.04878048780487805
0.0	1.0
0.0	1.0
-6.3350946710727385e-09	1.0
0.0	0.014925373134328358
-1.0681876119633671e-05	1.0
0.0	0.0
-0.0012007999466732144	0.0
0.0	0.0
0.0	1.0
0.0	0.003
