0.0	1.0
0.0	1.0
-0.042530227452516556	0.0
-0.00046236952766776085	1.0
0.0	1.0
0.0	1.0
0.0	1.0
0.0	0.0
-0.004249907564371824	0.0
0.0	1.0
0.0	0.03427172582619339
-7.743251018155206e-08	0.0
0.0	1.0
0.0	1.0
0.0	0.0
0.0	0.0
-0.017608465626835823	0.0
-0.004853409249335527	0.0
-0.00026550545589998364	1.0
0.0	0.06071871127633209
0.0	1.0
0.0	1.0
-0.00017977117386180907	1.0
0.0	1.0
0.0	1.0
0.0	0.0
0.0	0.0
-6.421175258175538e-10	1.0
0.0	0.2100558659217877
0.0	1.0
-0.00018182522035203874	1.0
-2.42392452491913e-05	0.9524361948955916
-0.0001359269517706707	1.0
0.0	1.0
0.0	1.0
0.0	1.0
-1.540034077152086e-06	1.0
0.0	0.0
0.0	1.0
-8.709099347470328e-06	0.5555555555555556
-4.672300747188274e-06	1.0
-0.00035929903970099986	1.0
0.0	1.0
0.0	1.0
0.0	1.0
0.0	1.0
0.0	1.0
0.0	0.0
-0.016080588102340698	0.0
0.0	0.0
0.0	0.03074866310160428
0.0	1.0
0.0	1.0
0.0	0.0
-0.002445136895403266	1.0
0.0	0.0
0.0	1.0
0.0	0.0670391061452514
-8.357771002920344e-05	1.0
0.0	1.0
0.0	1.0
-1.2689469031101908e-06	1.0
-1.5619754378803918e-07	1.0
0.0	1.0
0.0	1.0
0.0	1.0
0.0	1.0
-0.0035153247881680727	0.0
-0.0002472760679665953	1.0
0.0	0.0
-0.0005088957259431481	0.08695652173913043
-0.000508508353959769	1.0
0.0	1.0
0.0	1.0
0.0	1.0
0.0	1.0
0.0	0.0
0.0	1.0
0.0	1.0
0.0	1.0
-0.0007268681656569242	1.0
0.0	0.06741573033707865
0.0	1.0
0.0	0.0
-0.0007020776392892003	1.0
0.0	0.0
0.0	1.0
-1.9522923366821487e-07	0.0
-0.002879853593185544	0.0
0.0	0.0
-0.0005608003120869398	1.0
-0.00714753707870841	0.0
-0.011691133491694927	0.0
0.0	1.0
0.0	1.0
0.0	0.0
0.0	0.0
-7.401111190574738e-08	1.0
0.0	1.0
-1.4621673471992835e-06	1.0
0.0	1.0
0.0	1.0
0.0	1.0
0.0	1.0
0.0	1.0
0.0	1.0
-1.2028260243823752e-05	1.0
-0.0010732662631198764	0.0
0.0	0.0
-0.0007822385523468256	1.0
-5.7738633642757986e-18	0.0
0.0	1.0
-1.9864308342221193e-05	1.0
0.0	1.0
0.0	1.0
-4.548045637875475e-07	1.0
-0.0001457772741559893	0.23618090452261306
-6.68976572342217e-05	1.0
0.0	1.0
0.0	1.0
0.0	1.0
0.0	1.0
-5.885841801500646e-06	1.0
0.0	1.0
0.0	1.0
0.0	0.8635809987819733
0.0	0.5559006211180124
0.0	1.0
-1.3112065877507462e-09	1.0
-0.0011170050129294395	1.0
0.0	1.0
0.0	1.0
-0.0001859792391769588	1.0
-0.004230705555528402	0.0
0.0	1.0
0.0	1.0
0.0	1.0
0.0	0.043248945147679324
0.0	0.08761682242990654
0.0	0.0
-7.325342039621319e-07	1.0
0.0	0.0
0.0	0.1721132897603486
-2.1924737581002773e-08	0.013605442176870748
0.0	1.0
0.0	1.0
-5.3693397603638005e-06	0.0
0.0	0.0
0.0	1.0
0.0	0.0
0.0	1.0
0.0	1.0
-0.01413609180599451	0.0
-0.0027137910947203636	0.0
0.0	0.1536144578313253
-0.005033675115555525	0.0
-7.04834092175588e-05	1.0
0.0	0.0
-7.123982868506573e-06	0.0
0.0	1.0
0.0	0.0
-0.00015269768482539803	1.0
0.0	1.0
0.0	1.0
0.0	0.0
0.0	0.10751565762004175
0.0	1.0
-4.0357735997531563e-07	1.0
-0.0002425425045657903	0.0
-0.0008385056862607598	1.0
0.0	1.0
-8.67030248627998e-05	1.0
0.0	1.0
0.0	1.0
0.0	1.0
-0.00011659201845759526	1.0
0.0	1.0
-0.0013291750801727176	1.0
0.0	1.0
-0.001421112916432321	0.0
0.0	0.0
-0.0016256257658824325	0.1127906976744186
-2.6087616788572632e-05	1.0
0.0	1.0
-0.012971513904631138	0.0
-0.0007132579921744764	1.0
0.0	1.0
-0.00031518907053396106	1.0
-1.5154239463299746e-07	0.0
0.0	1.0
-1.9723042896657716e-06	0.0
-0.0018134990241378546	1.0
0.0	1.0
-0.00936844851821661	0.0
0.0	0.0
-0.0011826029513031244	1.0
0.0	1.0
0.0	1.0
0.0	0.0
-2.990632992805331e-06	0.16091954022988506
0.0	1.0
-0.00028607682907022536	0.17415730337078653
-1.2194471821214137e-10	1.0
0.0	1.0
-2.0294908154028235e-07	1.0
0.0	1.0
-2.358751949316229e-08	0.0
0.0	1.0
0.0	0.0
-0.008115074597299099	0.0
0.0	1.0
0.0	1.0
0.0	1.0
-7.444615039275959e-05	0.0
-0.0006380925769917667	1.0
0.0	1.0
0.0	1.0
0.0	1.0
0.0	1.0
0.0	1.0
0.0	0.023448275862068966
0.0	0.11940298507462686
0.0	1.0
-1.0288642854350272e-10	0.8760162601626016
0.0	1.0
0.0	1.0
-2.5984716600646607e-08	1.0
0.0	1.0
-2.3292685114029155e-07	1.0
0.0	1.0
0.0	1.0
0.0	1.0
0.0	1.0
0.0	0.0
0.0	1.0
-0.0004063991364091635	1.0
0.0	1.0
0.0	0.0
0.0	1.0
0.0	0.014705882352941176
0.0	0.3446327683615819
-5.1682753110071644e-05	1.0
0.0	0.10159118727050184
0.0	1.0
0.0	1.0
0.0	1.0
-0.0021951794624328613	0.05027932960893855
0.0	1.0
-0.0002967059554066509	1.0
0.0	0.0
-9.93166850093985e-06	0.0
0.0	1.0
0.0	1.0
-1.7879883129623408e-09	1.0
0.0	0.0
0.0	1.0
0.0	0.0
0.0	0.0
0.0	0.0
0.0	1.0
0.0	0.0
-2.189442405153841e-09	1.0
-3.1562513019833816e-11	1.0
-0.0002582978631835431	1.0
0.0	0.2318840579710145
0.0	0.0
0.0	1.0
0.0	1.0
0.0	0.4528301886792453
-4.74325236748431e-15	1.0
0.0	1.0
-0.0112222358584404	0.02127659574468085
-2.0023576325911563e-06	1.0
0.0	1.0
0.0	1.0
0.0	1.0
-6.770834716007812e-06	1.0
0.0	0.005847953216374269
0.0	1.0
0.0	1.0
0.0	1.0
-2.4463659428874962e-05	1.0
-0.03953707218170166	0.0
-1.2339646673353855e-05	1.0
0.0	1.0
0.0	1.0
-0.0006199817871674895	1.0
-0.0009363932185806334	0.0
0.0	1.0
-0.0005003698752261698	1.0
0.0	1.0
0.0	0.0
-8.681663894094527e-05	1.0
0.0	1.0
0.0	1.0
-0.02288021147251129	0.0
-3.2424598561675566e-09	1.0
0.0	1.0
-0.0002547754847910255	1.0
0.0	0.0
-2.7476502509671263e-05	1.0
0.0	0.0
0.0	0.0
-0.00027283147210255265	0.0
0.0	1.0
0.0	0.0
0.0	1.0
-7.502223070332548e-06	1.0
0.0	0.0
0.0	0.0
0.0	1.0
0.0	0.0
-6.618668066948885e-07	0.0
0.0	0.0
0.0	1.0
-7.773779202580045e-07	1.0
-2.4138978460541693e-07	1.0
0.0	1.0
0.0	1.0
0.0	1.0
0.0	1.0
0.0	1.0
0.0	1.0
-7.549846081644773e-09	0.0
-5.776034413429443e-06	0.0
-7.499574572467083e-11	1.0
-0.0003163755754940212	1.0
-4.952757315379586e-09	1.0
-2.019291287069791e-06	1.0
-0.000871614902280271	1.0
-0.0017874917248263955	1.0
0.0	1.0
0.0	1.0
0.0	1.0
0.0	1.0
0.0	1.0
-0.0031560708303004503	0.0
0.0	1.0
0.0	1.0
-0.0009297297219745815	0.0
-0.000577479659114033	1.0
0.0	1.0
-0.00045627003419212997	1.0
0.0	1.0
0.0	1.0
0.0	0.0
0.0	0.03773584905660377
0.0	0.2342857142857143
-0.0006616950267925858	1.0
-0.0031066806986927986	0.0
0.0	0.024242424242424242
-0.00010797518189065158	0.0
0.0	1.0
-0.0015046646585687995	1.0
0.0	0.028985507246376812
0.0	1.0
0.0	1.0
0.0	1.0
-0.00030776209314353764	1.0
0.0	1.0
0.0	0.0
-0.00020515351206995547	0.0
0.0	0.0
0.0	0.0
0.0	1.0
-0.0008437618962489069	1.0
-6.266178615987883e-07	1.0
0.0	1.0
-0.007035994436591864	0.0
0.0	1.0
0.0	1.0
0.0	0.06940509915014165
0.0	1.0
0.0	0.13609467455621302
0.0	1.0
0.0	1.0
0.0	1.0
0.0	0.3867924528301887
0.0	1.0
0.0	0.9298813376483279
0.0	0.02804878048780488
0.0	0.0
-0.01654241420328617	0.0
0.0	0.0
0.0	1.0
0.0	0.0
-5.617596798401792e-06	1.0
0.0	1.0
-0.0031686387956142426	1.0
0.0	1.0
0.0	0.856425702811245
-0.024827059358358383	0.0
0.0	1.0
0.0	1.0
-0.00022587917919736356	0.0
-0.0015848242910578847	0.02906208718626156
-0.0001038464906741865	1.0
0.0	1.0
0.0	1.0
-0.00042457960080355406	1.0
0.0	1.0
-0.0004679436096921563	0.0
0.0	0.0
-0.008222903124988079	0.0
-1.8112175894202664e-05	1.0
0.0	1.0
-0.002268428448587656	0.03773584905660377
0.0	1.0
-0.020339995622634888	0.0
0.0	1.0
0.0	1.0
-0.002167211612686515	0.0
-1.3447165603253097e-09	0.0
0.0	1.0
0.0	1.0
-6.837038712959043e-10	1.0
-0.002965756691992283	0.0
0.0	1.0
0.0	0.0
0.0	1.0
0.0	1.0
0.0	0.0
0.0	1.0
-1.8225525533210885e-09	1.0
0.0	1.0
0.0	0.0
0.0	1.0
0.0	0.7681159420289855
0.0	0.04040404040404041
0.0	1.0
0.0	1.0
-0.0006045415648259223	0.8438438438438438
0.0	1.0
0.0	1.0
0.0	1.0
-1.3118540664436296e-05	1.0
0.0	1.0
0.0	1.0
0.0	1.0
-5.449551281344611e-07	0.23809523809523808
0.0	0.0
0.0	1.0
-0.00044828339014202356	1.0
0.0	1.0
0.0	1.0
0.0	1.0
0.0	1.0
0.0	1.0
-0.019012192264199257	0.0
-9.729633347888011e-06	1.0
0.0	0.0
-0.0016854979330673814	0.0
0.0	1.0
0.0	1.0
0.0	0.25862068965517243
0.0	1.0
0.0	1.0
0.0	1.0
-0.0011363639496266842	0.021546261089987327
0.0	0.19817073170731708
0.0	0.0
-4.949806609033658e-08	1.0
0.0	1.0
0.0	0.0
-1.1941928335090779e-08	1.0
0.0	1.0
0.0	1.0
0.0	0.5921787709497207
0.0	1.0
-4.845045623369515e-06	1.0
0.0	1.0
-0.0001887292746687308	0.0
-0.00020915950881317258	1.0
0.0	0.05527123848515865
0.0	1.0
-5.55260669443669e-07	1.0
0.0	1.0
-0.0015819609398022294	1.0
0.0	1.0
0.0	1.0
0.0	1.0
0.0	1.0
0.0	1.0
-7.144614937715232e-05	1.0
-2.2051146515877917e-05	1.0
0.0	1.0
0.0	1.0
0.0	1.0
0.0	0.0
0.0	1.0
0.0	0.12484700122399021
-3.893886990624651e-09	0.0
-2.216657048847992e-05	0.0
0.0	1.0
0.0	1.0
-0.0005304486840032041	1.0
-0.0010002959752455354	0.0
-2.5532906875014305e-05	1.0
0.0	1.0
-8.296088815917813e-11	1.0
0.0	1.0
0.0	0.968
0.0	1.0
0.0	0.0
0.0	1.0
0.0	1.0
0.0	1.0
0.0	1.0
0.0	0.0
0.0	0.0
0.0	1.0
0.0	0.0
0.0	1.0
0.0	1.0
0.0	1.0
-1.24523739941651e-05	1.0
-2.8113625376136042e-05	1.0
0.0	1.0
-6.095170647313353e-06	1.0
0.0	1.0
-7.072336529745371e-07	1.0
0.0	1.0
-0.0008333779987879097	1.0
0.0	0.022670025188916875
-0.0067339325323700905	0.0
0.0	0.0
-0.002608346287161112	0.0
0.0	0.013681592039800995
0.0	0.020833333333333332
0.0	1.0
0.0	1.0
-1.958308530447539e-05	1.0
-0.0007555466727353632	0.0
0.0	0.0
0.0	1.0
0.0	0.0
0.0	0.03773584905660377
-7.061998621793464e-05	0.0
0.0	0.0
0.0	0.04716981132075472
-1.9180574781785253e-06	0.0
0.0	1.0
0.0	1.0
0.0	1.0
0.0	1.0
0.0	1.0
0.0	1.0
0.0	0.9690265486725663
0.0	1.0
0.0	1.0
0.0	0.0
-4.052784149943811e-11	0.05154639175257732
0.0	1.0
-1.1423288270862031e-07	1.0
-1.7668661200787028e-08	1.0
0.0	1.0
-3.275131055247016e-09	1.0
0.0	1.0
0.0	1.0
-0.006180339492857456	0.10638297872340426
0.0	1.0
0.0	1.0
0.0	1.0
-0.010782130062580109	0.0
-9.169536497211084e-05	1.0
-2.019092335103778e-06	0.08571428571428572
0.0	1.0
0.0	0.0
0.0	0.0
-1.6421982991232653e-06	0.0
