-5.65906084375456e-05	0.0
-4.796531811734894e-06	1.0
0.0	0.11004273504273504
0.0	0.036996735582154515
0.0	1.0
-0.0013713620137423277	0.0
0.0	1.0
0.0	1.0
0.0	1.0
0.0	0.0
0.0	1.0
0.0	1.0
-1.2564602002385072e-05	1.0
0.0	1.0
-3.7019726732978597e-06	1.0
-9.123495487983746e-07	1.0
-1.118267505262338e-06	1.0
0.0	0.0
0.0	1.0
0.0	1.0
-0.0009736522915773094	1.0
-2.5546489368366565e-08	1.0
0.0	1.0
0.0	0.0
-5.7764935057491584e-09	1.0
0.0	1.0
-8.092200005194172e-06	1.0
0.0	1.0
-3.349817779962905e-05	1.0
-0.00023636342666577548	1.0
0.0	1.0
0.0	1.0
0.0	1.0
0.0	1.0
0.0	0.0
0.0	1.0
0.0	1.0
0.0	1.0
0.0	0.0
-2.2320607513393043e-06	1.0
0.0	1.0
-2.794431352981519e-12	1.0
-0.02811204269528389	0.0
0.0	1.0
0.0	1.0
-0.0003541764453984797	1.0
0.0	1.0
0.0	1.0
-4.984985935152508e-05	1.0
0.0	1.0
0.0	1.0
-0.0003103678463958204	0.022289766970618033
0.0	1.0
0.0	1.0
-9.95418414362348e-10	1.0
0.0	0.019289340101522844
-0.0005196738056838512	0.0
0.0	1.0
-6.142711208667606e-05	1.0
-1.0585329279777511e-09	1.0
-2.0112837262331595e-07	1.0
0.0	0.001221001221001221
-0.00018075760453939438	1.0
0.0	1.0
0.0	1.0
-1.3852023406480114e-19	1.0
0.0	1.0
-4.228861507726833e-05	0.0
0.0	1.0
0.0	0.0
0.0	1.0
0.0	1.0
0.0	0.0
-4.579854717690068e-09	1.0
0.0	0.1402439024390244
-0.0002583666064310819	1.0
0.0	1.0
0.0	1.0
0.0	1.0
0.0	1.0
0.0	0.0
0.0	0.08068181818181819
-1.297541302847094e-06	0.0
-6.728334511763023e-08	1.0
0.0	1.0
0.0	1.0
0.0	1.0
-3.474777622614056e-05	0.0
0.0	1.0
-0.0017055199714377522	1.0
0.0	1.0
-0.0002580868313089013	0.0
0.0	0.25572519083969464
-5.6733874771452975e-06	1.0
0.0	0.0
-0.005878718104213476	0.0
-1.3319759091245942e-05	0.8648148148148148
0.0	1.0
0.0	0.0
-2.5081128114834428e-05	1.0
-1.0502692020963877e-05	0.0
0.0	1.0
0.0	1.0
-0.0008280239999294281	1.0
-3.5308194128447212e-06	1.0
0.0	1.0
0.0	0.0
0.0	1.0
-6.969094829401001e-05	0.0
0.0	1.0
-1.7263499785258318e-07	1.0
0.0	0.010123734533183352
0.0	1.0
0.0	1.0
0.0	1.0
-2.7104073524242267e-05	0.30670103092783507
-0.0021882690489292145	1.0
0.0	1.0
0.0	0.0
-0.01593738980591297	0.0
0.0	1.0
0.0	1.0
-2.39638012544674e-07	0.0
0.0	1.0
0.0	1.0
0.0	0.3085427135678392
-0.00034941721241921186	0.5431235431235432
-5.5470395636803005e-06	1.0
0.0	1.0
0.0	0.0
0.0	1.0
-0.0007517543854191899	0.0
0.0	1.0
-0.0009401614079251885	1.0
0.0	0.01694915254237288
0.0	0.0
-8.093964424915612e-05	1.0
0.0	0.0
0.0	0.18895348837209303
-3.279336669947952e-05	1.0
-1.8217194419634097e-10	1.0
0.0	1.0
0.0	1.0
-3.2743424638326246e-10	1.0
-0.0002877005026675761	1.0
0.0	0.0
0.0	1.0
0.0	1.0
-0.0003807558096013963	1.0
0.0	0.05391658189216684
0.0	1.0
0.0	1.0
-0.001009326078929007	1.0
0.0	1.0
0.0	1.0
0.0	1.0
0.0	1.0
0.0	1.0
0.0	1.0
-0.00012776338553521782	0.0
-0.00011668312799884006	1.0
-0.00028887606458738446	1.0
0.0	1.0
0.0	0.0
0.0	1.0
0.0	0.0
0.0	1.0
-0.00013978844799567014	1.0
0.0	1.0
0.0	1.0
0.0	1.0
0.0	1.0
-0.0018538887379691005	1.0
0.0	1.0
0.0	1.0
-1.3998604799780878e-06	1.0
-2.8818351438530954e-07	0.0
-0.0012257576454430819	0.0
-0.0013499228516593575	1.0
0.0	0.0
0.0	1.0
0.0	0.045454545454545456
0.0	1.0
0.0	0.015060240963855422
-0.0009045947226695716	1.0
-0.0009928034851327538	0.0
-0.00047581151011399925	1.0
0.0	1.0
-0.0013092003064230084	1.0
0.0	1.0
0.0	1.0
0.0	1.0
0.0	1.0
0.0	1.0
-0.0006929205264896154	1.0
-0.0013806496281176805	1.0
0.0	1.0
-0.0010009146062657237	1.0
-1.0871427998278282e-13	1.0
-0.00011803936649812385	1.0
-0.028496146202087402	0.0
0.0	1.0
-8.716237789485604e-05	0.0
0.0	1.0
-2.0510232445758447e-07	0.0
-2.015641257457901e-06	1.0
-0.022895026952028275	0.0
0.0	1.0
0.0	1.0
-0.0034575536847114563	0.0
-0.004781903233379126	0.0
0.0	0.0
0.0	0.0
0.0	1.0
0.0	1.0
0.0	0.08080808080808081
0.0	1.0
-5.947082172497176e-06	1.0
0.0	1.0
0.0	1.0
-0.0008836720371618867	1.0
-0.008428489789366722	0.0
-8.756725122793796e-08	1.0
-0.007319934666156769	0.0
0.0	1.0
0.0	0.0
-4.7953977627912536e-05	1.0
-0.004748774226754904	0.0
0.0	1.0
-0.0001091531667043455	1.0
0.0	1.0
-2.6570063710096292e-05	1.0
0.0	1.0
0.0	0.0
0.0	1.0
0.0	1.0
0.0	1.0
0.0	1.0
-0.00017865521658677608	1.0
-2.131537712557474e-06	0.0
0.0	1.0
0.0	1.0
0.0	1.0
-2.4248834961326793e-05	0.0
0.0	1.0
-0.0002930493210442364	1.0
-8.27708177553177e-08	1.0
0.0	1.0
0.0	1.0
0.0	1.0
0.0	1.0
0.0	1.0
-0.0013932686997577548	1.0
-1.5003093212229146e-09	1.0
-1.952135789906606e-06	1.0
-2.832439713529311e-05	1.0
-0.0005546273896470666	1.0
0.0	1.0
-3.548476524883881e-05	0.0
0.0	1.0
0.0	0.0
0.0	1.0
0.0	1.0
-0.010332973673939705	0.0
-0.00014716135046910495	1.0
0.0	1.0
-2.6022373589285053e-08	0.002150537634408602
0.0	0.004291845493562232
-0.004316238220781088	1.0
0.0	0.0010559662090813093
0.0	1.0
-0.0022405353374779224	1.0
0.0	1.0
-2.584095909696771e-06	0.004020100502512563
0.0	1.0
0.0	1.0
-0.0005966021562926471	0.0
0.0	0.0
0.0	0.0
-7.949380233185366e-06	0.0
0.0	1.0
0.0	1.0
0.0	1.0
0.0	1.0
0.0	1.0
0.0	1.0
0.0	1.0
0.0	1.0
0.0	1.0
-0.0019869159441441298	0.0
-1.289409645721662e-08	1.0
-2.579026103788351e-09	0.0
-4.298796284274431e-06	1.0
0.0	1.0
0.0	1.0
0.0	1.0
0.0	0.0
-0.010469474829733372	0.0
0.0	1.0
0.0	0.0
0.0	0.0
0.0	1.0
0.0	1.0
0.0	0.0
-2.6645586331142113e-05	0.11086474501108648
0.0	0.0
-0.017820311710238457	0.32558139534883723
0.0	1.0
0.0	1.0
0.0	1.0
0.0	1.0
-0.0006771028856746852	1.0
0.0	1.0
0.0	0.07142857142857142
0.0	1.0
0.0	1.0
-0.0003805892774835229	0.0
0.0	1.0
0.0	1.0
-0.0009439101559109986	1.0
0.0	1.0
0.0	1.0
-0.0015790065517649055	1.0
-0.00016996807244140655	1.0
-0.0011241699103266	1.0
0.0	1.0
0.0	1.0
0.0	0.23529411764705882
0.0	1.0
0.0	1.0
0.0	1.0
0.0	1.0
0.0	1.0
0.0	0.0
0.0	0.0
-1.9695167793543078e-05	1.0
0.0	1.0
-8.265605089263772e-08	0.0
0.0	1.0
0.0	1.0
0.0	1.0
0.0	0.433849821215733
-0.004282220732420683	0.0
0.0	1.0
-5.448753981340815e-08	1.0
0.0	1.0
0.0	1.0
0.0	1.0
-5.278821845422499e-06	1.0
0.0	1.0
0.0	0.0
0.0	1.0
0.0	0.0
-0.0010863440111279488	1.0
0.0	1.0
0.0	0.0
-0.0015359402168542147	1.0
-0.0014012954197824001	1.0
0.0	1.0
-0.00047595129581168294	1.0
0.0	1.0
-2.2776812329539098e-06	0.0
0.0	1.0
-2.1302429331626627e-07	1.0
0.0	1.0
-2.431700522720348e-06	0.0
0.0	1.0
-1.0684533663152251e-05	1.0
-1.4691661931465205e-07	1.0
0.0	1.0
0.0	1.0
-1.4073638965328428e-07	1.0
-0.012569151818752289	0.0
0.0	1.0
0.0	0.0
-1.930171129060909e-05	0.0
0.0	1.0
0.0	1.0
0.0	0.0
-5.947078420831531e-07	1.0
-7.902301035755954e-09	1.0
0.0	1.0
0.0	1.0
0.0	1.0
-5.719996975665819e-15	1.0
-0.0002930736809503287	0.0
0.0	1.0
0.0	1.0
0.0	1.0
-9.682223208073992e-06	1.0
-1.0139066475289837e-08	1.0
0.0	1.0
-7.232094958453672e-07	1.0
0.0	0.6391304347826087
0.0	1.0
0.0	0.0
-8.354813326150179e-05	1.0
0.0	1.0
-8.865570634952746e-06	1.0
-0.0005528780748136342	0.0
-9.178936306852847e-05	1.0
0.0	0.32349726775956283
0.0	1.0
0.0	1.0
0.0	1.0
0.0	1.0
0.0	0.18365287588294651
-3.3669690310489386e-05	0.0
0.0	1.0
-1.6009352732382354e-09	1.0
0.0	1.0
-1.7678963355098956e-14	1.0
0.0	0.010964912280701754
0.0	1.0
0.0	1.0
0.0	1.0
0.0	1.0
0.0	1.0
0.0	0.0
0.0	1.0
0.0	1.0
0.0	1.0
0.0	0.0
-6.699334012885694e-13	0.0
0.0	0.08217716115261472
-2.0981129637220874e-05	0.0037174721189591076
0.0	1.0
0.0	0.032225579053373615
-3.506143997356048e-08	1.0
0.0	0.0
0.0	1.0
-0.0013879993930459023	1.0
0.0	1.0
-0.006583506241440773	0.0
0.0	0.3134978229317852
0.0	0.3134978229317852
0.0	0.3033381712626996
0.0	1.0
0.0	1.0
0.0	1.0
0.0	1.0
0.0	1.0
0.0	1.0
0.0	1.0
0.0	1.0
0.0	1.0
0.0	1.0
0.0	1.0
0.0	1.0
0.0	0.0858085808580858
0.0	1.0
0.0	1.0
0.0	1.0
-0.0003368524485267699	1.0
-0.0018144786590710282	1.0
0.0	1.0
-0.023328224197030067	0.0
0.0	0.0
0.0	1.0
-1.062446699506836e-05	1.0
0.0	1.0
0.0	1.0
0.0	1.0
0.0	1.0
0.0	1.0
-3.6402609111974016e-05	0.023255813953488372
-1.2367509043542668e-05	1.0
0.0	1.0
-5.999856966809602e-07	1.0
-0.0001639302063267678	1.0
0.0	1.0
-0.007377583533525467	0.002544529262086514
-2.7535886903962137e-09	1.0
0.0	1.0
-7.851100235711783e-06	1.0
-4.659587993227632e-11	1.0
0.0	1.0
-7.293783710338175e-06	1.0
0.0	0.0
0.0	1.0
0.0	1.0
0.0	1.0
0.0	1.0
0.0	1.0
-0.00013199479144532233	0.0
0.0	1.0
0.0	0.0
0.0	1.0
-2.4765879516053246e-06	1.0
0.0	0.0
0.0	1.0
0.0	0.0
0.0	1.0
-0.0010449710534885526	1.0
-6.995592229941394e-07	1.0
0.0	1.0
0.0	1.0
0.0	1.0
0.0	1.0
0.0	1.0
-6.719706289004534e-05	1.0
-2.9364463216552394e-07	1.0
-3.216530597427436e-09	0.16302765647743814
0.0	1.0
0.0	1.0
0.0	1.0
0.0	0.9518072289156626
0.0	1.0
-0.0036284944508224726	1.0
