-5.560882982535986e-06	1.0
-0.0028871456161141396	1.0
-2.3754466383252293e-05	1.0
-2.179648845412885e-06	1.0
-0.004583163186907768	0.0
-0.0008998519042506814	0.0
0.0	0.0
0.0	1.0
0.0	1.0
0.0	1.0
-8.327008109735787e-14	1.0
0.0	0.5409836065573771
0.0	1.0
0.0	1.0
-0.0023701374884694815	1.0
-0.0004373071133159101	0.027479091995221028
0.0	1.0
0.0	1.0
-0.00020158791448920965	1.0
0.0	1.0
0.0	1.0
0.0	0.0
0.0	0.0
0.0	0.0
-0.0006416032556444407	0.0
-0.011051510460674763	0.03759398496240601
-0.0408332422375679	0.0
0.0	0.0
0.0	0.0
0.0	0.0
-2.527194453705306e-07	1.0
0.0	1.0
0.0	1.0
-0.0002436094800941646	0.0
-0.0002926150627899915	1.0
0.0	1.0
0.0	0.0
0.0	1.0
-0.00024445902090519667	1.0
0.0	0.0
-0.00010434556315885857	1.0
0.0	1.0
-0.002113927388563752	0.0
0.0	0.0
0.0	1.0
0.0	1.0
-5.644541488436516e-06	1.0
-0.008506983518600464	0.0
-9.924577170750126e-06	1.0
-0.0007059552008286119	0.0
0.0	0.0
0.0	0.0
-0.00015561928739771247	0.0
-0.008052344433963299	0.0
-3.350416055702965e-10	0.0
-1.9309823983348906e-05	0.0
0.0	1.0
-0.00043519437895156443	1.0
-4.86822102629958e-07	0.0
-0.004385347943753004	0.0
-7.183289199019782e-06	1.0
0.0	0.3361884368308351
0.0	1.0
-3.2721791853873583e-07	1.0
0.0	1.0
0.0	1.0
0.0	1.0
0.0	1.0
0.0	0.0
0.0	1.0
0.0	1.0
-6.926496280357242e-05	1.0
-0.0018303366377949715	0.0
0.0	0.0
0.0	1.0
-1.6745541131513164e-07	1.0
0.0	0.2765957446808511
0.0	1.0
0.0	1.0
0.0	0.0
0.0	0.8991596638655462
-0.0003599526244215667	0.005504587155963303
-0.0004903849330730736	0.0
0.0	1.0
-6.27267945674248e-06	0.0
-0.00017855777696240693	1.0
0.0	1.0
0.0	0.2459016393442623
-0.0026566970627754927	1.0
0.0	0.008264462809917356
0.0	1.0
-0.0008731046109460294	0.0
0.0	1.0
0.0	1.0
0.0	1.0
0.0	0.0
-1.0865513104363345e-05	1.0
-0.030685674399137497	0.0
0.0	0.0
0.0	1.0
0.0	1.0
0.0	1.0
0.0	1.0
0.0	1.0
0.0	1.0
-0.001844642567448318	0.0
0.0	1.0
0.0	1.0
-0.004414026625454426	0.0
0.0	0.0
0.0	1.0
-5.555838288273662e-05	1.0
-0.003075770568102598	0.034482758620689655
-1.1760245797631796e-05	1.0
0.0	1.0
0.0	0.0
0.0	1.0
-0.0003222725063096732	1.0
-1.192523342297136e-07	1.0
0.0	1.0
0.0	1.0
0.0	1.0
0.0	1.0
-0.0004806864890269935	0.18947368421052632
0.0	1.0
0.0	0.0
-6.057744030840695e-06	0.0
0.0	0.0
-0.00032593426294624805	1.0
0.0	1.0
0.0	0.0
-0.007196484133601189	0.2765957446808511
0.0	1.0
0.0	1.0
0.0	0.30864197530864196
-0.00013398121518548578	1.0
0.0	1.0
0.0	1.0
0.0	1.0
-1.1061404620704707e-05	1.0
0.0	0.6271186440677966
-4.6726170694455504e-05	1.0
0.0	1.0
0.0	0.0
0.0	1.0
-0.00014800117060076445	0.004702194357366771
0.0	0.29578947368421055
0.0	1.0
0.0	0.0
0.0	1.0
-7.628388476454973e-10	1.0
0.0	1.0
0.0	1.0
0.0	1.0
0.0	1.0
-3.0076606094553426e-08	1.0
0.0	1.0
-1.8314254930373863e-06	1.0
0.0	1.0
0.0	0.0
0.0	0.0
0.0	1.0
0.0	1.0
0.0	1.0
0.0	1.0
0.0	0.0
0.0	1.0
-0.0018846974708139896	1.0
-0.009699095971882343	0.0
-3.3649967257076696e-09	1.0
-6.69790679239668e-05	1.0
-1.625825279916171e-05	0.0
-0.024862365797162056	0.0
0.0	1.0
0.0	1.0
-4.54652981929371e-10	1.0
-5.862439873827174e-12	1.0
0.0	1.0
0.0	1.0
0.0	1.0
0.0	1.0
0.0	1.0
-7.6154219641466625e-06	1.0
0.0	1.0
0.0	1.0
-1.4740764697762643e-07	1.0
-4.34561613360529e-08	1.0
-0.002469417406246066	0.0
0.0	1.0
0.0	1.0
-1.4481166266122614e-10	0.0
0.0	1.0
-0.0014833143213763833	0.0
0.0	0.0
0.0	0.0
0.0	1.0
0.0	1.0
0.0	0.007564296520423601
0.0	0.0
-1.058484394889092e-05	0.0
0.0	0.09953343701399689
0.0	0.0
-0.00028152941376902163	1.0
-2.539684828661848e-05	0.0
0.0	1.0
0.0	1.0
-1.0342459972889628e-06	1.0
0.0	1.0
0.0	1.0
-0.0014548619510605931	1.0
0.0	1.0
-0.003979478031396866	0.0
0.0	0.0
0.0	1.0
-2.5041832486749627e-05	0.0
0.0	0.0
0.0	1.0
0.0	1.0
-6.241547816898674e-05	1.0
-1.7796760403143708e-06	1.0
-0.0003544433566275984	1.0
-0.00017092218331526965	1.0
0.0	1.0
0.0	1.0
-8.577781045460142e-06	0.16685584562996594
0.0	1.0
-1.1467469448689371e-05	1.0
0.0	1.0
0.0	0.0
0.0	1.0
0.0	1.0
0.0	1.0
-1.408848947903607e-05	1.0
0.0	1.0
-0.0012662209337577224	1.0
0.0	1.0
0.0	1.0
-0.0001211362105095759	1.0
0.0	1.0
-2.979968485306017e-06	0.08641975308641975
-1.0228865903627593e-05	1.0
0.0	1.0
-0.016110816970467567	0.0
0.0	1.0
0.0	1.0
-1.2328470802458469e-05	0.0
-5.92567468058841e-16	1.0
-0.0024910212960094213	0.0
-4.950330185238272e-05	1.0
0.0	1.0
0.0	1.0
0.0	1.0
-4.6134825737453866e-08	1.0
-0.00033574923872947693	1.0
0.0	0.0
0.0	1.0
0.0	1.0
0.0	0.0
0.0	1.0
-7.249267946463078e-05	1.0
0.0	0.953
0.0	1.0
0.0	1.0
-3.2683926747267833e-06	1.0
0.0	0.0045662100456621
0.0	1.0
-0.0019117067568004131	1.0
0.0	1.0
-4.4299686123849824e-05	1.0
0.0	1.0
0.0	1.0
0.0	1.0
-0.0001337460125796497	1.0
0.0	0.0
0.0	1.0
-0.000972700014244765	0.12419700214132762
-0.0014367689145728946	1.0
0.0	1.0
-5.2644831157522276e-05	1.0
-4.398485048406897e-12	1.0
0.0	0.0
0.0	1.0
0.0	0.0
0.0	0.0
-3.111983824055642e-05	1.0
0.0	1.0
-0.0015887755434960127	1.0
0.0	1.0
0.0	1.0
0.0	1.0
0.0	0.0
0.0	1.0
0.0	0.0
0.0	0.0
-5.595086986431852e-05	1.0
0.0	0.0
-1.6808523923828034e-06	1.0
-0.005937099922448397	0.0
-0.0044637760147452354	0.0
-0.0007179700187407434	0.0
0.0	1.0
0.0	1.0
0.0	1.0
0.0	0.004608294930875576
-4.5436678192345425e-05	1.0
-0.0022351692896336317	1.0
-6.733215559506789e-05	0.0
-0.00088938616681844	1.0
0.0	1.0
0.0	0.0
-0.002683889353647828	0.0
-7.009636533439334e-07	0.0
-0.0005913815111853182	1.0
-0.0014912151964381337	0.0
-0.014316943474113941	0.0
0.0	1.0
0.0	1.0
-0.00021979787561576813	1.0
0.0	1.0
-1.2162507800894673e-07	1.0
-2.540361379033129e-07	1.0
0.0	1.0
-3.260886316525102e-08	0.3157894736842105
0.0	0.0
0.0	0.3422007255139057
0.0	1.0
-0.0015251768054440618	1.0
-0.0002976326795760542	0.0
0.0	1.0
0.0	1.0
0.0	0.0
-2.644588437128448e-10	1.0
0.0	1.0
0.0	1.0
0.0	1.0
0.0	1.0
0.0	1.0
0.0	0.0
0.0	1.0
0.0	1.0
-2.1011226181144593e-07	1.0
-0.0009641015785746276	1.0
-1.0632371413521469e-05	0.0
-0.002184332814067602	0.0
-0.0001417791936546564	1.0
-0.00016551277076359838	1.0
-0.0047013661824166775	0.0
0.0	1.0
0.0	1.0
-9.090790058507991e-07	1.0
0.0	1.0
-7.768901559757069e-05	0.0
0.0	1.0
-4.180298219580436e-06	1.0
0.0	0.0
0.0	1.0
-0.01199930440634489	0.00909090909090909
-1.881691673588648e-06	1.0
-4.635626282833982e-08	1.0
-5.7790712162386626e-05	1.0
0.0	1.0
-4.38322895206511e-05	1.0
-1.6018069800338708e-05	1.0
-0.010847595520317554	0.0
-2.570169272075873e-06	1.0
-0.0013864041538909078	1.0
0.0	1.0
-0.001059271628037095	1.0
0.0	0.0
0.0	0.0
0.0	1.0
0.0	0.0
0.0	0.0
-0.0001892108703032136	1.0
-6.756844754818303e-07	1.0
-1.7118389905590448e-06	1.0
-0.0058205621317029	0.0
-2.8295512599640915e-09	0.3023255813953488
0.0	0.6170212765957447
-7.59700895941462e-12	1.0
0.0	0.0
0.0	1.0
-2.700791583265527e-06	0.0
0.0	0.0
0.0	0.025477707006369428
0.0	0.0
-2.7854026484419592e-05	1.0
0.0	1.0
0.0	0.043478260869565216
0.0	1.0
0.0	1.0
0.0	1.0
0.0	0.020958083832335328
0.0	1.0
0.0	1.0
0.0	0.0
0.0	0.0
-7.899888601059502e-07	1.0
0.0	0.014120667522464698
-0.0025909370742738247	1.0
0.0	1.0
-0.002428031526505947	1.0
-2.7170668545295484e-05	1.0
0.0	1.0
-0.0024223634973168373	0.0
-3.293061308795586e-05	0.0
0.0	1.0
0.0	0.0
0.0	0.0
0.0	0.0
0.0	1.0
-3.7873721936421134e-09	0.953953953953954
0.0	1.0
-2.719653195981664e-07	1.0
0.0	1.0
-0.0016125310212373734	1.0
0.0	0.0
0.0	0.0
-2.7494744259115578e-08	1.0
-1.5490810255869292e-05	0.0
0.0	1.0
-0.000468800455564633	1.0
0.0	1.0
0.0	0.0
0.0	1.0
0.0	1.0
0.0	0.0
0.0	1.0
0.0	1.0
0.0	1.0
0.0	0.723404255319149
-2.620373251716046e-08	1.0
-0.0017535260412842035	0.0
0.0	0.0
0.0	0.0
0.0	1.0
0.0	1.0
-0.0047724260948598385	0.0
-0.0001927272096509114	1.0
0.0	1.0
0.0	1.0
0.0	1.0
-0.0003268550499342382	1.0
-0.004863264039158821	0.0
0.0	1.0
0.0	1.0
-0.0007509845308959484	0.0
0.0	1.0
0.0	0.0
-0.00012881436850875616	0.7098765432098766
-0.000555619306396693	1.0
-0.002151617081835866	1.0
0.0	0.25854700854700857
0.0	1.0
0.0	0.0
-0.00037928734673187137	0.0
0.0	0.0
0.0	1.0
-3.084337322434294e-06	1.0
-0.0009829330956563354	0.0
0.0	1.0
0.0	1.0
-1.0293553742712902e-07	0.0
0.0	1.0
0.0	1.0
-0.00019825896015390754	1.0
-5.237494327126058e-10	1.0
0.0	1.0
0.0	0.0
-0.0001176710647996515	0.25958378970427165
-0.007785738445818424	0.0
-0.0009416175307705998	1.0
0.0	0.0
0.0	0.19959266802443992
0.0	0.0
0.0	1.0
0.0	0.0
-0.000897239544428885	0.953
-0.00018996692961081862	1.0
-0.0020408921409398317	0.0
-0.00023563890135847032	0.0
0.0	1.0
0.0	1.0
0.0	1.0
-1.3776691503153415e-06	1.0
0.0	1.0
-0.0009109833044931293	0.0
0.0	1.0
0.0	0.0
0.0	1.0
0.0	1.0
0.0	0.0
-5.572691406996455e-06	1.0
-0.0006593070575036108	1.0
0.0	1.0
-0.0016823222395032644	1.0
0.0	1.0
0.0	1.0
-1.4990242561907507e-05	1.0
0.0	1.0
0.0	1.0
-7.531832579843467e-08	1.0
-1.001886630547233e-05	1.0
0.0	1.0
0.0	1.0
-8.966257883002982e-05	1.0
0.0	1.0
-1.681628418737091e-05	1.0
0.0	1.0
0.0	1.0
0.0	1.0
-0.00013588476576842368	1.0
-0.0007852277485653758	1.0
-0.008277819491922855	0.019441069258809233
0.0	1.0
-2.7549265723791905e-05	0.0
0.0	1.0
-0.00034384310129098594	1.0
0.0	1.0
-1.1517899110913277e-05	1.0
0.0	0.0
0.0	0.04714142427281846
0.0	1.0
0.0	1.0
0.0	1.0
-1.0883806680794805e-05	1.0
0.0	1.0
-0.00011302077473374084	1.0
-0.005719312466681004	0.0
0.0	1.0
-4.088126843271311e-06	1.0
0.0	1.0
0.0	1.0
-0.0013380401069298387	0.06547619047619048
-2.475545261404477e-05	1.0
0.0	1.0
0.0	1.0
-8.640033115625556e-07	1.0
-3.233431243643281e-06	1.0
0.0	0.0
-0.00015649560373276472	0.0
0.0	1.0
0.0	1.0
-4.377148434286937e-05	0.0
0.0	1.0
0.0	1.0
-0.0006602464709430933	0.0
0.0	1.0
0.0	1.0
0.0	0.0
-5.5563367240552e-09	0.35686777920410784
0.0	1.0
0.0	1.0
0.0	1.0
0.0	0.2765957446808511
0.0	1.0
0.0	1.0
