0.0	1.0
-7.448040560120717e-05	1.0
0.0	1.0
-0.0002689901157282293	0.06779661016949153
-4.386754426377593e-06	1.0
-7.780632586218417e-05	1.0
-3.583025318221189e-05	1.0
0.0	0.0
0.0	0.0
0.0	1.0
0.0	1.0
0.0	1.0
0.0	1.0
0.0	1.0
-5.203717228141613e-05	1.0
-1.063872787199216e-06	1.0
-0.002427719533443451	0.0
0.0	1.0
0.0	0.0
0.0	0.0
0.0	0.0
0.0	0.6336336336336337
0.0	0.0
0.0	0.5797392176529589
-0.00014497349911835045	1.0
-4.6226483391365036e-05	1.0
0.0	1.0
0.0	1.0
0.0	1.0
0.0	0.024390243902439025
-0.0012577332090586424	0.0
0.0	1.0
-0.0021061960142105818	1.0
-7.68328900448978e-05	0.0
0.0	1.0
-0.00020526743901427835	0.0
0.0	0.4
0.0	1.0
0.0	0.011363636363636364
0.0	1.0
0.0	1.0
-0.0001758811849867925	0.0
0.0	1.0
0.0	1.0
-9.03574709809618e-06	1.0
-0.0006276569911278784	0.17717206132879046
-0.00013520449283532798	1.0
0.0	1.0
-6.520727765746415e-06	1.0
-5.961725764791481e-05	1.0
-0.0033735549077391624	0.0
0.0	1.0
0.0	1.0
-0.001007430604659021	1.0
0.0	1.0
0.0	1.0
-3.299922536825761e-05	1.0
-4.636790981749073e-05	1.0
-0.0005429767770692706	0.0
0.0	0.0
0.0	0.0
0.0	0.0
0.0	0.0
-0.001609556726180017	0.0
0.0	1.0
0.0	1.0
-4.281736255506985e-05	1.0
-3.403730079298839e-05	1.0
0.0	1.0
-0.00013409634993877262	0.19631901840490798
0.0	1.0
0.0	0.0
0.0	0.5112359550561798
0.0	0.0
-6.742211553500965e-05	0.7555555555555555
0.0	1.0
-0.0004013893776573241	1.0
-8.531463890903979e-07	1.0
-1.1965374437789e-13	0.0
-0.0007399855530820787	1.0
0.0	1.0
-0.00303858146071434	0.0
0.0	1.0
0.0	1.0
-0.0029880160000175238	0.0
0.0	0.19691969196919692
0.0	1.0
-2.3999081832926095e-08	0.0
-1.2443668317985157e-09	1.0
0.0	1.0
-9.185358029739632e-11	1.0
0.0	1.0
0.0	1.0
0.0	1.0
0.0	1.0
0.0	1.0
0.0	1.0
0.0	1.0
-0.0373874232172966	0.0
0.0	1.0
-4.310819349484518e-06	1.0
-0.0031729256734251976	0.0
0.0	1.0
-3.0047587529224984e-07	1.0
0.0	0.0
-8.040795364649966e-05	1.0
-0.0010245315497741103	0.0
-2.4655186781075145e-09	0.0
0.0	0.6
0.0	1.0
0.0	0.0
-0.0032505758572369814	1.0
-0.00015816175437066704	1.0
0.0	1.0
-1.1145272765133996e-05	1.0
0.0	1.0
0.0	0.0
0.0	1.0
-0.0004139422089792788	1.0
0.0	1.0
0.0	0.0
0.0	1.0
0.0	1.0
0.0	0.7034764826175869
0.0	1.0
0.0	0.3146067415730337
0.0	1.0
0.0	1.0
0.0	1.0
-0.0002585785405244678	1.0
0.0	1.0
0.0	1.0
-0.002542870817705989	0.0
-8.231620385323879e-10	0.0
0.0	1.0
0.0	1.0
-0.03851805254817009	0.0
0.0	1.0
-0.0031597325578331947	0.0
0.0	1.0
-1.1581320080722435e-07	1.0
0.0	1.0
0.0	0.0044444444444444444
0.0	1.0
0.0	1.0
-3.577362804207951e-06	1.0
0.0	1.0
-1.2754047702401294e-06	1.0
-0.02942741848528385	0.0
-1.4285028555605095e-06	0.0
0.0	0.0
0.0	1.0
0.0	0.0
0.0	1.0
0.0	1.0
0.0	1.0
-0.00013752341328654438	1.0
0.0	1.0
-0.007557154167443514	0.0
0.0	1.0
0.0	1.0
0.0	0.3455056179775281
-0.0006334907375276089	1.0
0.0	0.0
0.0	1.0
0.0	0.05337078651685393
0.0	1.0
0.0	1.0
-0.002460321644321084	1.0
0.0	1.0
0.0	0.0
0.0	1.0
0.0	1.0
-0.00026131008053198457	0.0
0.0	1.0
0.0	1.0
-3.540357283782214e-06	1.0
-0.008222968317568302	0.0
0.0	1.0
0.0	1.0
0.0	0.0
0.0	0.0
0.0	1.0
-2.7849348043673672e-05	1.0
0.0	0.36666666666666664
-0.0003172333526890725	1.0
0.0	1.0
0.0	1.0
-0.007150520104914904	0.0
-0.00032244593603536487	1.0
0.0	1.0
-0.005645706783980131	0.0018796992481203006
-0.0005299546173773706	1.0
0.0	1.0
-0.028101924806833267	0.0
-0.0012767023872584105	1.0
0.0	1.0
0.0	1.0
0.0	1.0
0.0	1.0
0.0	1.0
0.0	0.0
0.0	1.0
0.0	1.0
0.0	1.0
0.0	1.0
-0.0014176680706441402	1.0
0.0	1.0
-2.522515615055454e-06	1.0
0.0	1.0
-9.47071093833074e-05	1.0
0.0	1.0
0.0	0.0
0.0	1.0
0.0	0.0
0.0	1.0
0.0	1.0
0.0	1.0
0.0	0.74
-0.00019432780391070992	0.0
0.0	0.0
0.0	1.0
-4.813901614397764e-05	0.0
-5.4137611726901014e-08	1.0
-1.5084022379596718e-05	1.0
0.0	0.0
0.0	0.08943089430894309
0.0	1.0
0.0	1.0
-5.013409099774435e-05	1.0
0.0	0.3333333333333333
-0.00012291362509131432	1.0
-0.000790426682215184	0.024096385542168676
0.0	1.0
-0.0032025729306042194	0.001091703056768559
0.0	1.0
0.0	1.0
0.0	1.0
-1.5295558597472336e-08	0.0
0.0	1.0
0.0	1.0
-0.002355997683480382	0.0
-0.00011563808948267251	1.0
0.0	1.0
0.0	1.0
0.0	1.0
0.0	0.19341126461211477
0.0	1.0
-1.1904805887752445e-06	1.0
0.0	0.15991902834008098
-5.0630707846721634e-05	0.16531440162271804
0.0	1.0
0.0	0.09269662921348315
0.0	1.0
-6.046551789040677e-05	0.0
0.0	1.0
-2.085633497017625e-07	1.0
0.0	1.0
0.0	1.0
0.0	0.0
0.0	1.0
-2.9864806492696516e-05	1.0
0.0	0.23597359735973597
0.0	0.0
-1.3775847946817521e-05	1.0
-0.00021634623408317566	1.0
0.0	1.0
0.0	1.0
0.0	1.0
-0.0033937375992536545	1.0
-2.915585582741187e-06	0.0
0.0	1.0
0.0	1.0
0.0	1.0
-2.4570746859353676e-07	1.0
0.0	1.0
-1.683502688365479e-07	1.0
-3.0038896170481166e-07	1.0
0.0	1.0
-0.03079337812960148	0.0
0.0	0.0
-9.579481411492452e-05	1.0
-1.9647934550448554e-06	1.0
0.0	1.0
0.0	1.0
0.0	1.0
0.0	1.0
-9.480049629928544e-05	1.0
-0.00017753611609805375	0.0
0.0	1.0
-0.0009253519820049405	0.11666666666666667
0.0	1.0
0.0	0.0
-2.443534583562723e-07	1.0
0.0	1.0
-0.007101798430085182	0.0
-9.35262826386174e-13	0.42105263157894735
0.0	0.0
-0.0028927496168762445	0.0
-5.511340987141011e-06	1.0
-0.00010439137986395508	1.0
-6.567041418747976e-05	1.0
-3.227933831340124e-08	1.0
0.0	1.0
-0.0008447676082141697	1.0
0.0	0.0
-7.239522119562025e-07	1.0
0.0	1.0
0.0	1.0
0.0	1.0
0.0	1.0
-0.00043042306788265705	1.0
-2.1197652699811442e-07	1.0
0.0	0.0
-2.416442690389431e-08	1.0
-1.4573894986824598e-05	0.0
-3.443206651354558e-06	0.16459627329192547
0.0	1.0
0.0	0.030534351145038167
-0.001787797431461513	1.0
0.0	1.0
0.0	0.02145922746781116
-1.3101674767312943e-07	1.0
-9.991563274525106e-06	0.006993006993006993
-3.4511649573687464e-05	0.0
0.0	1.0
0.0	1.0
0.0	1.0
-0.00116691121365875	1.0
0.0	0.15384615384615385
-0.0009808905888348818	0.0
-3.232929884688929e-05	1.0
-0.08694172650575638	0.0
-0.00028530796407721937	1.0
-1.449033817380041e-07	1.0
-5.4427125917300145e-08	1.0
0.0	0.023638232271325797
0.0	1.0
0.0	1.0
0.0	1.0
-0.006354046985507011	1.0
0.0	0.0
-1.1447308878587137e-08	1.0
0.0	1.0
-0.0009266759734600782	1.0
0.0	1.0
0.0	1.0
-0.00014416055637411773	0.0
0.0	1.0
-0.0002887045848183334	1.0
0.0	1.0
0.0	0.0
0.0	1.0
0.0	1.0
-7.249075224535773e-07	1.0
0.0	1.0
-1.5264758730922459e-15	1.0
0.0	1.0
0.0	1.0
-0.0003481459862086922	0.4547945205479452
0.0	1.0
-3.995649967691861e-05	1.0
-0.0016902335919439793	0.0
0.0	0.1511627906976744
0.0	1.0
-0.00010333179670851678	1.0
0.0	1.0
0.0	1.0
-1.698927917459514e-05	1.0
0.0	1.0
-3.600410127546638e-05	1.0
0.0	1.0
-0.0022634274791926146	0.0
-0.000781342969276011	0.0
0.0	1.0
0.0	1.0
-1.5472517711501155e-10	1.0
0.0	1.0
-4.332529442763189e-06	1.0
-2.621899693622254e-05	0.0
0.0	1.0
-0.110234335064888	0.0
-0.005240779835730791	0.0
-8.865862764650956e-05	1.0
0.0	1.0
0.0	1.0
-0.0021210743580013514	0.0
-0.00041427198448218405	0.0
0.0	1.0
0.0	0.0
-4.4679295818639275e-09	1.0
0.0	1.0
-7.726193871349096e-06	0.0
0.0	1.0
-0.000752533262129873	1.0
-9.308126027463004e-05	0.0
-9.54187612478563e-07	1.0
0.0	1.0
0.0	1.0
-9.750267054187134e-05	1.0
0.0	1.0
0.0	1.0
0.0	1.0
0.0	0.0
-1.7585971363587305e-05	1.0
-0.00011459050438134	1.0
0.0	1.0
0.0	1.0
0.0	1.0
0.0	1.0
0.0	0.0
0.0	1.0
0.0	0.0
0.0	0.0
0.0	0.0
0.0	1.0
0.0	1.0
0.0	1.0
0.0	0.0
0.0	1.0
0.0	1.0
-8.339802093360049e-08	1.0
0.0	1.0
0.0	1.0
-0.0018598935566842556	0.01040582726326743
0.0	0.0
-0.0001657127431826666	1.0
-9.62308422458591e-06	1.0
-5.02870898344554e-05	1.0
0.0	0.0037105751391465678
-0.0008756931056268513	0.0
-0.00018117173749487847	0.0
-0.0005174720427021384	1.0
0.0	1.0
-6.3318457250716165e-06	1.0
-0.0009540316532365978	0.0
0.0	0.16853932584269662
0.0	0.0
0.0	1.0
0.0	1.0
0.0	1.0
0.0	1.0
-0.00029485809500329196	0.0
-6.452913794419146e-07	1.0
0.0	0.0
0.0	1.0
0.0	1.0
0.0	1.0
0.0	0.0
0.0	1.0
-0.008926556445658207	0.0
-0.00042986730113625526	1.0
-7.263970019266708e-06	1.0
0.0	0.0
0.0	1.0
-0.00032606496824882925	1.0
0.0	1.0
0.0	1.0
-1.6105422117468349e-12	1.0
-1.3107222684993758e-07	0.0
-2.7290872164941523e-17	1.0
0.0	1.0
0.0	1.0
0.0	1.0
-0.0008861846872605383	1.0
-0.0010390355018898845	0.0
0.0	1.0
0.0	1.0
0.0	1.0
-5.359007460015164e-09	0.1810344827586207
-0.00041515231714583933	0.0
0.0	0.16666666666666666
0.0	1.0
0.0	1.0
0.0	1.0
0.0	0.0
-3.458178298387793e-06	0.031062124248496994
0.0	1.0
0.0	1.0
0.0	1.0
0.0	0.0
0.0	1.0
-0.00027260699425823987	1.0
-1.4530040971294511e-05	1.0
0.0	1.0
0.0	1.0
0.0	1.0
0.0	0.0
-0.0010999970836564898	1.0
-0.0009130181861110032	1.0
-0.0009502453613094985	1.0
-0.002092197770252824	1.0
0.0	1.0
-8.041224646149203e-05	1.0
-1.0681038935967271e-18	0.0
0.0	0.0
0.0	1.0
0.0	1.0
0.0	0.0
-0.015299810096621513	0.0
-0.00017643425962887704	1.0
-2.0020226656924933e-05	1.0
0.0	0.01088646967340591
0.0	0.2
0.0	1.0
-5.24551905982662e-05	1.0
-0.011760344728827477	0.0
-9.474457215953233e-14	0.0
0.0	1.0
0.0	1.0
0.0	1.0
0.0	1.0
0.0	1.0
-1.8083504471633205e-07	1.0
0.0	0.0
0.0	1.0
-1.222958985636069e-06	1.0
-4.254421128280228e-06	0.47217235188509876
-0.04695219546556473	0.0
-0.0002759268681984395	1.0
0.0	1.0
-0.00023903707915451378	1.0
-0.00509528536349535	0.0
0.0	1.0
0.0	1.0
0.0	1.0
0.0	1.0
0.0	1.0
-0.00022997205087449402	1.0
-0.0014058798551559448	0.0
0.0	0.030395136778115502
-3.7603242617478827e-06	1.0
-0.0011592850787565112	0.0
0.0	1.0
