0.0	0.0
0.0	0.01710261569416499
0.0	0.0
-1.033997250488028e-06	1.0
0.0	0.0
-1.0324480399503955e-06	0.008264462809917356
0.0	1.0
0.0	1.0
0.0	0.0
-0.0012185433879494667	0.009302325581395349
-0.0016041176859289408	1.0
0.0	0.17647058823529413
0.0	1.0
0.0	0.0
0.0	0.0
0.0	1.0
0.0	0.0
0.0	1.0
-2.3727616280666552e-05	0.0
-2.0563244106597267e-05	1.0
0.0	0.0
0.0	1.0
0.0	1.0
0.0	1.0
0.0	1.0
-0.00042920169653370976	1.0
0.0	1.0
0.0	1.0
0.0	1.0
-0.0003400913847144693	0.7756410256410257
-7.236836972879246e-05	1.0
-9.230097202816978e-05	1.0
-5.581687582889572e-05	0.0
0.0	0.005119453924914676
0.0	0.0
-0.0002412036992609501	1.0
-0.001647729892283678	0.0
0.0	1.0
0.0	1.0
-0.011173265054821968	0.2
0.0	1.0
0.0	0.0
0.0	0.0
-0.00022681629343423992	0.0
0.0	1.0
0.0	1.0
-0.007517135236412287	0.0
0.0	1.0
-2.109057234411793e-10	1.0
-7.527777512450484e-09	1.0
-0.07464037835597992	0.0
0.0	1.0
-4.0851064113667235e-06	0.0
-3.036988402982388e-07	0.0
0.0	1.0
0.0	0.0
-8.682916075031244e-08	0.0
0.0	1.0
0.0	0.07336683417085427
-1.234525598192704e-06	0.0
0.0	1.0
-0.00010121419472852722	0.0
0.0	1.0
-1.1355735296092462e-05	1.0
0.0	1.0
-1.1770509900088655e-07	1.0
-5.507694004336372e-05	1.0
-1.380534968120628e-06	1.0
0.0	1.0
0.0	1.0
-0.0001447698741685599	0.0
0.0	0.10526315789473684
0.0	1.0
0.0	0.0
0.0	1.0
0.0	1.0
-0.0337371863424778	0.0
0.0	1.0
0.0	1.0
-0.00012290262384340167	1.0
0.0	0.2175732217573222
0.0	1.0
0.0	1.0
-1.1600733706984556e-08	1.0
0.0	1.0
0.0	0.0
0.0	1.0
0.0	1.0
0.0	1.0
-2.2244876163313165e-05	0.2
0.0	0.0
0.0	1.0
-0.004834584426134825	1.0
-0.006820794194936752	0.0
0.0	0.005050505050505051
0.0	1.0
-6.884103953552767e-08	1.0
0.0	0.0
0.0	1.0
-6.312831857258061e-08	0.0
0.0	0.0
0.0	1.0
0.0	1.0
0.0	1.0
0.0	0.0
-1.0001524483821758e-14	1.0
-1.912596969688707e-09	1.0
0.0	0.2874743326488706
-0.0024536079727113247	0.0
0.0	1.0
0.0	0.0
0.0	1.0
-3.7064823118271306e-05	1.0
-1.1792877785410383e-06	0.0
-8.046738457778702e-07	0.0
-0.0014111418277025223	1.0
0.0	1.0
0.0	1.0
-1.2945745311299106e-06	0.472
-0.004764604847878218	1.0
-0.0014392409939318895	0.0
0.0	1.0
0.0	1.0
-2.8114962447034486e-07	1.0
-0.0021103506442159414	1.0
-0.0010027660755440593	0.02127659574468085
-0.007866050116717815	0.0
0.0	1.0
0.0	1.0
0.0	1.0
0.0	1.0
0.0	1.0
-3.4961800121635633e-10	1.0
0.0	1.0
0.0	1.0
-0.0013211052864789963	1.0
-1.838313501423272e-08	1.0
0.0	1.0
-0.0004387112276162952	0.0
0.0	1.0
-4.0164333768188953e-05	0.0
0.0	1.0
0.0	1.0
0.0	1.0
0.0	1.0
-1.2715044306332857e-07	0.0
0.0	1.0
0.0	1.0
0.0	0.24067388688327315
-0.005581176374107599	0.01282051282051282
0.0	0.012704174228675136
-0.00027271537692286074	1.0
-0.0008540016133338213	1.0
0.0	1.0
0.0	1.0
0.0	1.0
0.0	1.0
0.0	1.0
-0.00010066465620184317	1.0
-0.0034544433001428843	0.0
0.0	1.0
0.0	0.0
0.0	1.0
0.0	1.0
0.0	1.0
0.0	1.0
0.0	1.0
-0.0003101119655184448	0.22641509433962265
0.0	1.0
0.0	1.0
-0.010612701997160912	0.02857142857142857
0.0	1.0
0.0	0.0
0.0	1.0
0.0	1.0
0.0	1.0
-3.641415969468653e-05	0.0
0.0	0.2826086956521739
-1.1291106602584478e-05	1.0
-0.000507278018631041	1.0
-3.431411812471197e-07	1.0
0.0	1.0
-0.0016790571389719844	1.0
0.0	0.0
-0.0012473221868276596	1.0
0.0	1.0
0.0	0.0
0.0	1.0
-0.016539407894015312	0.008928571428571428
0.0	1.0
0.0	1.0
-0.0009611599962227046	0.0
0.0	1.0
0.0	1.0
-2.732248140091542e-05	1.0
-1.1792216092487706e-08	1.0
-2.832325208146358e-06	0.0
0.0	1.0
-0.00299642700701952	0.0
0.0	1.0
0.0	1.0
-0.002636816119775176	1.0
0.0	0.0
0.0	0.0
-0.00020510400645434856	1.0
0.0	1.0
0.0	0.0
-7.629128958797082e-05	1.0
0.0	1.0
0.0	0.0
-0.025432568043470383	0.0
0.0	1.0
0.0	1.0
0.0	1.0
0.0	1.0
0.0	1.0
0.0	0.0
0.0	1.0
-0.001574304886162281	1.0
0.0	0.07646176911544228
0.0	0.0
-0.0002559805870987475	1.0
-0.00046405193279497325	1.0
0.0	0.0
-1.5782098961025781e-09	1.0
0.0	1.0
0.0	1.0
-4.9858186685014516e-05	0.004464285714285714
0.0	1.0
-1.0973491043841932e-05	1.0
0.0	0.0
-3.313491703238469e-09	1.0
-0.002202020725235343	1.0
-0.0003457175334915519	0.0
0.0	1.0
0.0	1.0
0.0	1.0
0.0	1.0
0.0	0.0
0.0	1.0
0.0	1.0
-2.98222731232034e-11	0.0
-1.3339584370442026e-07	1.0
0.0	0.0
-0.0017043935367837548	1.0
-0.003465217538177967	0.0
0.0	0.24731182795698925
-4.405122933093253e-10	1.0
0.0	1.0
-0.002261483808979392	1.0
0.0	1.0
0.0	1.0
0.0	1.0
-0.008334862999618053	0.0
0.0	1.0
-4.508758138399571e-05	1.0
0.0	1.0
-6.094896889408119e-07	1.0
-4.5540302380686626e-05	0.0
-5.8111570979235694e-05	0.0
0.0	1.0
0.0	1.0
0.0	1.0
-1.446284841222223e-06	1.0
0.0	1.0
-3.7207350942480844e-06	0.0
0.0	0.008264462809917356
0.0	1.0
0.0	1.0
-1.538591254401922e-09	0.7240143369175627
-0.00030926786712370813	1.0
-0.0003786150482483208	0.0
-2.225116259069182e-05	1.0
0.0	1.0
0.0	1.0
-0.0003230063884984702	0.6096579476861167
0.0	1.0
0.0	0.0
0.0	1.0
0.0	0.0
0.0	1.0
0.0	0.0
-0.00028886948712170124	1.0
0.0	0.0
0.0	1.0
-8.161649020621553e-05	1.0
0.0	1.0
0.0	1.0
0.0	1.0
0.0	0.041666666666666664
0.0	1.0
0.0	1.0
0.0	1.0
-1.4362095157594013e-07	1.0
0.0	1.0
0.0	1.0
-0.009331312961876392	0.0
-0.009715551510453224	0.0
-0.0002727942483033985	0.7303822937625755
0.0	0.0
0.0	1.0
0.0	1.0
0.0	1.0
0.0	1.0
0.0	0.7469135802469136
-0.00011126709432573989	0.0
-2.8327190193522256e-07	0.7469135802469136
0.0	1.0
-0.001587958657182753	0.0
0.0	0.0
0.0	0.038461538461538464
0.0	1.0
-7.065766194358503e-09	0.0
0.0	1.0
-3.369281298404303e-09	1.0
-1.7472653532357718e-11	1.0
0.0	0.05057471264367816
0.0	0.0
0.0	0.0
0.0	1.0
-3.348415339132771e-05	1.0
0.0	1.0
0.0	1.0
0.0	1.0
-0.0011088942410424352	1.0
-3.677393025508513e-12	1.0
0.0	1.0
0.0	0.0
-0.0009867120534181595	0.0
0.0	0.0
-9.674868488218635e-05	1.0
0.0	0.0
0.0	1.0
0.0	1.0
0.0	1.0
0.0	1.0
0.0	1.0
-1.7529953311168356e-06	1.0
0.0	1.0
0.0	1.0
0.0	1.0
-2.066981608095375e-08	0.0
0.0	1.0
0.0	1.0
0.0	1.0
-0.0019499310292303562	0.0
0.0	0.0
0.0	1.0
-5.372964369598776e-05	1.0
0.0	1.0
-8.76933192728302e-09	1.0
0.0	0.0
0.0	1.0
0.0	1.0
0.0	1.0
-1.5538370234935428e-07	1.0
0.0	0.0
-1.1600303878367413e-05	1.0
-0.0008463625563308597	1.0
-4.092725802706809e-08	1.0
0.0	1.0
-0.00036028880276717246	0.0
-2.036511688174869e-07	1.0
-4.5555707401945256e-06	0.0
0.0	1.0
0.0	1.0
0.0	1.0
-1.0531581210670993e-05	1.0
0.0	1.0
0.0	1.0
-2.692429188755341e-05	1.0
0.0	1.0
0.0	1.0
-2.378271233283158e-07	0.0
-3.3846230508061126e-05	1.0
-1.5027510926302057e-05	1.0
0.0	0.0
0.0	1.0
-1.169347160612233e-05	1.0
-0.00017736406880430877	1.0
-2.1826261686896942e-08	1.0
0.0	1.0
0.0	1.0
0.0	0.0
0.0	1.0
-5.62226620814954e-09	1.0
0.0	1.0
-3.1387930476967085e-08	1.0
-0.0007318657007999718	1.0
0.0	0.0
0.0	1.0
-0.0005581883597187698	0.0
0.0	1.0
0.0	1.0
0.0	1.0
0.0	0.0
-5.77198043174576e-05	0.0
0.0	1.0
-0.012738444842398167	0.0
-0.0006139699835330248	0.0
0.0	1.0
0.0	1.0
0.0	1.0
-0.00032000659848563373	0.0
0.0	1.0
0.0	0.0
-1.1433138524807873e-07	1.0
0.0	0.0
-1.5058248209243175e-05	1.0
0.0	0.0
0.0	0.0
0.0	1.0
0.0	1.0
0.0	1.0
0.0	0.0
-0.020970646291971207	0.0
-0.021051820367574692	0.0
0.0	1.0
0.0	1.0
0.0	1.0
0.0	1.0
0.0	1.0
0.0	1.0
-6.629581184824929e-05	1.0
0.0	1.0
-9.427085024071857e-05	1.0
0.0	0.7930682976554536
0.0	1.0
0.0	0.0
0.0	0.0
-8.71811880642781e-06	1.0
0.0	1.0
-0.000823096081148833	0.0
0.0	1.0
-2.028496965067461e-06	1.0
0.0	1.0
-0.0010505126556381583	1.0
-3.58329743654906e-09	1.0
0.0	1.0
0.0	1.0
0.0	1.0
0.0	1.0
-6.149602086225059e-06	1.0
0.0	0.0
0.0	1.0
0.0	1.0
-4.672624982049456e-06	0.0
-0.00018178726895712316	0.0
0.0	0.01824817518248175
0.0	0.026881720430107527
0.0	1.0
-0.00018935915431939065	1.0
-0.039522141218185425	0.0
-3.884037141688168e-06	1.0
0.0	1.0
-4.810592145076953e-06	0.0
-2.632803443702869e-06	1.0
0.0	0.0
-0.0004574138729367405	1.0
-0.04040771722793579	0.0
0.0	1.0
0.0	1.0
0.0	1.0
0.0	1.0
-1.4369962855198537e-06	1.0
0.0	1.0
0.0	1.0
0.0	1.0
0.0	1.0
0.0	1.0
0.0	1.0
-2.1211267267062794e-06	1.0
0.0	1.0
-0.0012072939425706863	1.0
-0.00012116428843000904	1.0
0.0	1.0
-2.9766158604616066e-06	1.0
0.0	0.803347280334728
0.0	1.0
-0.0004856908053625375	1.0
0.0	1.0
0.0	1.0
0.0	0.0
-6.113652943895431e-07	1.0
-4.352965333964676e-06	1.0
0.0	1.0
-0.0007610153406858444	1.0
0.0	1.0
-0.00021504660253413022	1.0
-0.00011454535706434399	0.031914893617021274
0.0	1.0
0.0	0.7219570405727923
-4.2502113501541317e-05	1.0
0.0	1.0
-9.283936037718377e-07	0.0
0.0	0.0
0.0	1.0
0.0	1.0
-0.00033179338788613677	0.0
0.0	1.0
-0.0003365634474903345	1.0
0.0	0.0
0.0	1.0
0.0	0.0
0.0	1.0
0.0	0.0
0.0	1.0
-4.399990594095016e-09	1.0
-6.307383500825381e-06	1.0
0.0	1.0
0.0	1.0
-0.0004060888022650033	1.0
0.0	1.0
0.0	1.0
0.0	1.0
-8.648434004498995e-07	1.0
0.0	1.0
0.0	1.0
-6.181785465741996e-06	0.0
0.0	1.0
-0.0009401025017723441	1.0
-9.779445235835738e-07	1.0
0.0	0.0
0.0	1.0
0.0	1.0
0.0	0.0
-0.001845393213443458	0.008264462809917356
0.0	1.0
0.0	1.0
-1.7842519355326658e-06	1.0
0.0	1.0
0.0	0.0
-0.0007541602244600654	1.0
-5.514256372407544e-06	0.0
0.0	1.0
0.0	0.0
0.0	1.0
-0.015561863780021667	0.0
-0.00013948105333838612	1.0
0.0	1.0
0.0	0.0
0.0	0.0
0.0	0.0
0.0	0.0
0.0	1.0
0.0	1.0
0.0	0.0
-4.775366505782586e-06	0.0
-1.9746091428629597e-09	0.0
0.0	1.0
-0.00015020441787783056	0.0
0.0	0.0
-0.0022695777006447315	1.0
-0.00018409469339530915	1.0
0.0	0.0
