-1.8152057236875407e-05	1.0
0.0	1.0
0.0	1.0
0.0	0.0
0.0	0.0
0.0	1.0
0.0	1.0
-3.6064730303715653e-13	1.0
0.0	0.0
-1.5606885028773831e-07	1.0
-0.0026728042867034674	0.03676470588235294
0.0	0.0
0.0	1.0
-1.2894162182419677e-06	0.0
-4.068534053658368e-06	1.0
0.0	1.0
0.0	1.0
0.0	1.0
0.0	1.0
0.0	0.0
0.0	1.0
0.0	1.0
0.0	1.0
0.0	1.0
0.0	1.0
-0.0055608670227229595	0.0
-1.5883414050676947e-07	1.0
-0.155221089720726	0.0
-5.572383088292554e-06	1.0
0.0	0.005988023952095809
-3.652063605841249e-05	0.018617021276595744
0.0	1.0
0.0	1.0
0.0	0.0
-0.00014233894762583077	1.0
0.0	1.0
-2.7318297725287266e-05	1.0
0.0	0.902
0.0	1.0
-3.820678102783859e-06	1.0
0.0	1.0
0.0	1.0
-0.0013805862981826067	1.0
0.0	1.0
-3.754198063532499e-10	1.0
-1.1419440397730796e-06	0.0
0.0	1.0
-0.0019115526229143143	1.0
0.0	0.0
0.0	1.0
0.0	0.0
0.0	0.17857142857142858
0.0	0.0
-0.00025187875144183636	1.0
0.0	0.0
-1.9142544260830618e-07	0.0
0.0	1.0
0.0	1.0
0.0	0.035897435897435895
-1.5062695979395357e-07	0.0
-6.68530560687941e-07	1.0
-1.4362670697209978e-07	1.0
0.0	0.0
-0.0007678924594074488	1.0
0.0	1.0
0.0	1.0
-2.802367191634403e-07	1.0
0.0	1.0
0.0	1.0
-0.00015339812671300024	0.0
0.0	1.0
-1.7825354007072747e-05	1.0
-3.476834763205261e-06	1.0
0.0	1.0
0.0	1.0
-0.00015938196156639606	1.0
0.0	1.0
0.0	1.0
-0.000130366999655962	1.0
0.0	1.0
-2.062879466661547e-18	1.0
0.0	1.0
-0.0028194424230605364	1.0
0.0	1.0
-0.004567023832350969	0.0
0.0	0.20833333333333334
-2.2291521872830344e-06	1.0
-0.00014973625366110355	0.0
0.0	1.0
0.0	0.0
0.0	0.0
0.0	0.12857142857142856
-0.001317153568379581	0.0
0.0	0.45796737766624845
0.0	0.0017482517482517483
0.0	0.0
0.0	1.0
-6.8937997532714235e-09	1.0
0.0	1.0
-0.06505713611841202	0.0
-3.372653338828968e-07	0.0
-5.038085646447144e-07	1.0
0.0	1.0
0.0	0.0
0.0	1.0
-0.0004109622968826443	1.0
0.0	0.0
0.0	1.0
0.0	1.0
-1.1607457054196857e-05	0.0
0.0	1.0
0.0	1.0
0.0	1.0
-3.975646541221067e-05	1.0
-0.00020310030959080905	1.0
0.0	1.0
0.0	1.0
0.0	0.0
0.0	1.0
0.0	1.0
0.0	0.0034883720930232558
0.0	1.0
0.0	0.0
-0.0007617250666953623	1.0
-0.00021269732678774744	0.0
-3.2964908314170316e-06	0.0028735632183908046
0.0	1.0
-1.6805749680770532e-07	1.0
0.0	0.0
0.0	1.0
0.0	1.0
0.0	1.0
-0.003752167569473386	0.0
0.0	1.0
0.0	1.0
0.0	1.0
-0.0004958983045071363	1.0
0.0	1.0
0.0	1.0
-1.317316332460905e-06	0.0
-0.0001192036725115031	0.0
-7.251276656461414e-06	0.0
0.0	1.0
0.0	1.0
-9.154916269515923e-10	1.0
-0.0005842872778885067	0.0
-3.9045977473506355e-07	1.0
0.0	1.0
-0.0021545845083892345	0.0
0.0	1.0
0.0	1.0
-0.0021480985451489687	0.005952380952380952
-0.00140571768861264	1.0
-0.0013644529972225428	1.0
0.0	1.0
-0.007156192325055599	1.0
-4.765943958773278e-05	1.0
0.0	1.0
-0.0005553695373237133	0.0
-0.004705756437033415	0.0
-0.00024267591652460396	1.0
0.0	0.964
-1.9618509483620983e-08	0.05555555555555555
0.0	1.0
-0.02207806147634983	0.0
0.0	1.0
-3.4015702112810686e-05	1.0
-0.001889895531348884	0.056782334384858045
0.0	0.18681318681318682
-0.0006362798158079386	1.0
-0.023356199264526367	0.022222222222222223
0.0	1.0
-0.00019925885135307908	0.8673366834170855
-3.2019313948694617e-05	1.0
-3.709440647980955e-07	0.02857142857142857
-0.0008221054449677467	1.0
-6.764598947484046e-05	0.0
0.0	1.0
-6.187198670071226e-11	0.0
0.0	1.0
0.0	0.0
0.0	0.0
-7.513839506145814e-08	1.0
0.0	1.0
0.0	0.0
0.0	1.0
0.0	1.0
0.0	1.0
0.0	1.0
0.0	1.0
-0.0018484224565327168	1.0
0.0	0.0
-8.892613436728425e-07	0.0903954802259887
-0.0010329005308449268	0.0
0.0	1.0
0.0	1.0
0.0	1.0
0.0	0.0
0.0	1.0
-0.00014416284102480859	1.0
0.0	1.0
0.0	1.0
0.0	1.0
-0.0015969633823260665	0.0
0.0	0.014492753623188406
0.0	1.0
-1.790820647329383e-08	1.0
-1.261862166757055e-06	0.0
0.0	0.007936507936507936
0.0	0.0
0.0	1.0
0.0	1.0
-0.0004148778389208019	1.0
0.0	1.0
0.0	0.0
-0.0005091571947559714	1.0
0.0	1.0
0.0	1.0
-0.0006843972369097173	0.510548523206751
-0.00014793554146308452	1.0
0.0	1.0
0.0	1.0
0.0	1.0
-2.230220452759113e-08	1.0
0.0	0.0
0.0	1.0
0.0	1.0
-0.0027061845175921917	0.0
-7.250114140333608e-05	1.0
0.0	1.0
0.0	0.0
0.0	1.0
0.0	1.0
0.0	1.0
0.0	0.0
-3.4068816603394225e-06	1.0
-4.533631248193615e-09	1.0
0.0	0.0
0.0	1.0
0.0	0.0
0.0	0.0
-6.583168454810107e-10	0.0
0.0	0.0
0.0	0.0
-6.972657138248906e-05	0.0
0.0	1.0
0.0	0.0
0.0	1.0
0.0	1.0
0.0	1.0
-6.356342510116519e-06	0.0
0.0	1.0
0.0	1.0
0.0	1.0
-0.00020198847050778568	1.0
0.0	1.0
0.0	0.8661971830985915
-3.948522930841136e-07	1.0
-3.190581798762082e-09	1.0
0.0	1.0
0.0	1.0
0.0	1.0
0.0	1.0
-0.0003738876839634031	0.0
-3.756107957997301e-07	0.0
0.0	0.16666666666666666
-0.0003516992146614939	1.0
0.0	1.0
-5.0064685638062656e-05	1.0
0.0	1.0
0.0	0.0
0.0	1.0
-0.01253494806587696	0.0
-5.568017868995412e-08	1.0
-2.0066530851181597e-05	1.0
0.0	0.0
-0.005045201629400253	0.0
-0.0009550610557198524	1.0
-0.00010292734077665955	0.0
0.0	1.0
-0.01134616881608963	0.3333333333333333
0.0	1.0
0.0	0.0
0.0	0.0
-0.0005457888473756611	1.0
0.0	0.0
-4.700643086580358e-12	1.0
0.0	1.0
0.0	1.0
0.0	1.0
0.0	1.0
0.0	0.11651728553137004
-2.6146826712647453e-05	1.0
0.0	1.0
-0.0014078427338972688	1.0
-3.22795212781557e-09	0.0
-4.4816500510691526e-10	0.0
0.0	1.0
-0.0783618688583374	0.0
0.0	1.0
0.0	1.0
0.0	0.0
-0.0005073647480458021	1.0
0.0	0.07857142857142857
-9.255297084287406e-10	1.0
-6.094163040870626e-08	1.0
-4.837805681745522e-05	0.0
0.0	0.0
-0.001315191388130188	1.0
0.0	1.0
0.0	1.0
-9.697971836430952e-05	1.0
0.0	1.0
-0.00047963534598238766	0.03827751196172249
0.0	0.0
-0.033749375492334366	0.0
-2.3111444136247883e-07	0.0
-0.0002232382830698043	1.0
-2.0614132154150866e-05	1.0
0.0	0.2188235294117647
0.0	1.0
-7.844705578463618e-06	1.0
0.0	1.0
0.0	0.011494252873563218
0.0	1.0
-1.2617419997695833e-07	1.0
0.0	0.1402439024390244
0.0	1.0
-0.0005984417512081563	0.0
0.0	0.0
-9.390675586473662e-06	1.0
0.0	1.0
0.0	1.0
0.0	1.0
-6.747326551703736e-06	1.0
0.0	1.0
0.0	0.0
-0.00023014134785626084	0.0
0.0	0.0027472527472527475
0.0	1.0
0.0	0.0
-0.001824680482968688	1.0
0.0	1.0
-0.00038886553375050426	1.0
-2.009553099924233e-06	1.0
-8.79300728229282e-07	1.0
0.0	0.27692307692307694
0.0	1.0
0.0	1.0
-2.2115696083346847e-06	1.0
0.0	0.17857142857142858
0.0	1.0
0.0	1.0
-0.0002148144121747464	1.0
0.0	1.0
-0.0031244968995451927	0.0
0.0	1.0
0.0	1.0
0.0	1.0
-1.4953231186609628e-07	1.0
0.0	1.0
0.0	1.0
-7.742253364995122e-05	1.0
0.0	0.02197802197802198
-0.0004318284336477518	1.0
0.0	1.0
0.0	1.0
0.0	0.0
0.0	1.0
0.0	1.0
-5.152818971509987e-08	1.0
0.0	1.0
0.0	1.0
0.0	1.0
-0.03723454102873802	0.0
0.0	1.0
0.0	1.0
-2.6982493182003964e-06	1.0
0.0	1.0
0.0	1.0
-0.0001927732228068635	1.0
0.0	1.0
-3.2700817748088085e-11	1.0
-0.01412937045097351	0.0
-1.7514614228275605e-05	0.0
-5.257878729025833e-05	1.0
-1.5774863641127013e-05	0.0
0.0	0.058333333333333334
0.0	1.0
0.0	1.0
0.0	0.0
-0.0005552206421270967	0.125
0.0	0.0
-4.219890659129533e-09	0.19063545150501673
0.0	1.0
0.0	1.0
-0.0001952582533704117	0.0
-0.002463309094309807	0.0
-6.693529030599166e-06	0.0
0.0	1.0
-0.0029237596318125725	0.0
-0.00027938897255808115	1.0
0.0	1.0
0.0	1.0
-0.0001233291404787451	1.0
0.0	1.0
-0.0018171776318922639	0.0049586776859504135
-0.010707961395382881	0.004545454545454545
0.0	1.0
0.0	1.0
-0.0004908813280053437	0.7635036496350365
-0.0014346333919093013	1.0
0.0	1.0
-0.00013112215674482286	1.0
-7.623295823577791e-05	0.0
0.0	1.0
-0.04663435369729996	0.0
-0.0005433764308691025	0.007936507936507936
0.0	1.0
0.0	1.0
0.0	1.0
-0.0030835065990686417	0.0
0.0	1.0
0.0	0.0
0.0	1.0
0.0	0.0
-0.0017428090795874596	1.0
0.0	0.0
0.0	1.0
0.0	1.0
0.0	1.0
0.0	0.42409638554216866
0.0	1.0
-4.9394658502288635e-11	1.0
0.0	1.0
0.0	1.0
0.0	1.0
0.0	1.0
0.0	0.1225296442687747
-0.005113505758345127	0.0
0.0	0.0
0.0	1.0
-0.005704194772988558	0.0
-0.0002527817850932479	1.0
-0.0005610859370790422	1.0
0.0	1.0
0.0	1.0
0.0	0.6931637519872814
-0.0001248237385880202	1.0
0.0	0.04285714285714286
0.0	1.0
0.0	0.0
0.0	1.0
0.0	0.36332958380202474
-1.6200859818127356e-06	1.0
0.0	0.0
0.0	1.0
-0.0002963365986943245	0.28254847645429365
-0.010607766918838024	0.0
-3.991005723946728e-05	1.0
0.0	1.0
0.0	1.0
0.0	1.0
-4.505829598322464e-10	0.0
0.0	1.0
0.0	1.0
0.0	1.0
0.0	1.0
0.0	0.0
-0.0009312354377470911	0.0
0.0	1.0
0.0	1.0
0.0	1.0
0.0	1.0
0.0	0.0
0.0	1.0
0.0	1.0
-0.00037699047243222594	0.2371967654986523
0.0	1.0
-2.478894312041291e-10	1.0
0.0	0.0
-2.5785713660297915e-05	1.0
0.0	1.0
-1.1701588049223277e-12	1.0
-1.5707544775978022e-07	0.0
0.0	1.0
0.0	1.0
0.0	0.0
0.0	0.0
-8.794237510301173e-05	0.0
0.0	1.0
0.0	1.0
0.0	1.0
-2.5877025109366514e-05	1.0
-9.97980259853648e-06	1.0
0.0	0.0
0.0	1.0
0.0	1.0
-4.7364854253828526e-05	1.0
0.0	1.0
0.0	1.0
-0.00091543048620224	1.0
0.0	0.0
0.0	0.0
-0.0018697265768423676	0.0
0.0	1.0
-5.803548447147477e-06	1.0
-1.1707595149346162e-05	1.0
0.0	1.0
0.0	1.0
0.0	0.0
0.0	1.0
-0.00016034582222346216	0.0
0.0	0.0
-0.00019355198310222477	0.0
0.0	1.0
0.0	1.0
0.0	1.0
-0.0010188608430325985	0.0
-1.3459349247568753e-05	1.0
-1.620426282045173e-08	1.0
0.0	1.0
0.0	1.0
0.0	1.0
0.0	1.0
-1.5360773204520228e-06	1.0
0.0	1.0
-7.166858040363877e-08	1.0
-8.70062576723285e-05	1.0
-2.7666468668030575e-05	0.0
0.0	1.0
0.0	1.0
0.0	0.0
0.0	1.0
0.0	1.0
0.0	0.04081632653061224
-0.010322821326553822	0.0
-0.00012047757627442479	1.0
0.0	0.08791208791208792
-0.0002891527838073671	0.0
0.0	0.0
-2.9817304181278814e-08	1.0
-1.3899783880333416e-05	0.0
0.0	1.0
-0.00023887136194389313	0.0
-0.0002953743387479335	1.0
-4.7276332154622125e-11	1.0
-3.6956180338165723e-06	1.0
0.0	0.0
0.0	0.06428571428571428
0.0	1.0
0.0	1.0
0.0	1.0
0.0	1.0
0.0	1.0
0.0	1.0
-0.000745605502743274	1.0
0.0	1.0
0.0	0.0
0.0	0.0
0.0	1.0
0.0	1.0
0.0	1.0
0.0	1.0
-3.93371560368852e-13	1.0
0.0	1.0
-2.2124604370787893e-09	1.0
-3.347339827541873e-08	0.18280739934711643
0.0	1.0
0.0	1.0
0.0	1.0
0.0	0.0
-2.5861447284114547e-05	1.0
-4.3442618334665895e-05	1.0
0.0	0.0
-0.0007704279851168394	1.0
0.0	1.0
0.0	1.0
0.0	1.0
-0.0017175526591017842	0.0
-0.006580508314073086	0.0
0.0	1.0
-4.28056409873534e-05	1.0
0.0	1.0
0.0	1.0
0.0	1.0
0.0	1.0
0.0	1.0
-3.2627801260787237e-07	1.0
0.0	1.0
-4.176995844318299e-06	1.0
0.0	1.0
-6.950665465410566e-06	1.0
0.0	1.0
-0.00026679341681301594	1.0
-0.000547335424926132	0.0
0.0	0.0
-0.000987080275081098	1.0
-3.139425098197535e-05	1.0
0.0	1.0
0.0	1.0
0.0	0.0
-2.3910646973490657e-07	1.0
-0.006815255153924227	0.013736263736263736
0.0	1.0
-0.0003485346387606114	1.0
0.0	0.0
0.0	0.14
-1.8378828826826066e-05	0.0
