-0.0007733558886684477	0.0
0.0	0.0
-2.0016643247799948e-05	1.0
0.0	1.0
-0.010144230909645557	0.0
0.0	1.0
-0.0007913229637779295	0.0
0.0	1.0
0.0	1.0
-9.094988490687683e-05	0.0
0.0	1.0
0.0	1.0
-0.0002802863309625536	0.001272264631043257
-0.0014188794884830713	0.001272264631043257
-4.76336481369799e-06	1.0
0.0	0.0
0.0	1.0
-0.0033303259406238794	0.0
0.0	1.0
-0.02272399701178074	0.0
0.0	1.0
-1.711745944987797e-08	0.0
0.0	1.0
0.0	1.0
-3.8538127000720124e-07	0.0
0.0	1.0
0.0	1.0
0.0	1.0
0.0	1.0
0.0	1.0
0.0	1.0
-3.205636858183425e-07	1.0
0.0	0.0
0.0	1.0
0.0	1.0
0.0	1.0
0.0	1.0
0.0	1.0
-8.564814493183803e-07	1.0
0.0	1.0
-0.016773255541920662	0.0
0.0	1.0
-1.9776280169025995e-05	1.0
-3.481190682941282e-11	1.0
0.0	1.0
0.0	0.0
-2.915785216828226e-06	1.0
0.0	1.0
0.0	1.0
0.0	0.0
0.0	1.0
0.0	1.0
-7.637985532937819e-08	0.0
0.0	0.05177993527508091
-0.0004402166523505002	1.0
0.0	1.0
-0.00014861331146676093	0.08
-0.0018655704334378242	1.0
-0.05876408889889717	0.0
-0.00016932042490225285	1.0
-0.00033131183590739965	0.0
0.0	0.0
-0.00024348705483134836	0.0
-0.006800721399486065	0.0
-1.3849005142674287e-07	1.0
0.0	1.0
0.0	1.0
0.0	1.0
0.0	1.0
-2.553749618527945e-05	1.0
-1.7391072105965577e-05	0.0
0.0	1.0
0.0	1.0
0.0	1.0
-0.0001774565753294155	1.0
0.0	0.016789087093389297
-7.22554545973253e-07	0.0
0.0	1.0
-0.00019860304018948227	1.0
0.0	1.0
0.0	1.0
-0.0010456471936777234	1.0
0.0	1.0
0.0	0.0
0.0	1.0
0.0	0.0
-9.89685722743161e-05	1.0
0.0	1.0
0.0	0.04065040650406504
0.0	1.0
0.0	1.0
0.0	1.0
0.0	0.714448236632537
-8.543527201254619e-07	1.0
0.0	0.32526881720430106
-0.002683785045519471	0.5527522935779816
-0.009280847385525703	0.0
0.0	0.2471042471042471
0.0	1.0
-3.606547949175365e-09	1.0
0.0	1.0
0.0	1.0
0.0	0.0
0.0	1.0
0.0	1.0
-1.229624012921704e-05	1.0
-9.408437051661167e-08	1.0
0.0	0.08753861997940268
0.0	1.0
-4.1909634096448656e-10	1.0
0.0	0.0
-0.0007020849734544754	1.0
-6.34256328013727e-11	1.0
0.0	0.04638009049773756
-0.001326021971181035	1.0
0.0	0.0
0.0	0.565843621399177
-0.007077096961438656	0.0
0.0	1.0
0.0	0.0
0.0	1.0
0.0	0.09791666666666667
-0.004958063364028931	0.0
0.0	1.0
-0.032891832292079926	0.0
0.0	1.0
0.0	1.0
0.0	1.0
0.0	1.0
-0.012169997207820415	0.0
0.0	1.0
0.0	1.0
0.0	0.0
0.0	1.0
0.0	1.0
0.0	1.0
0.0	1.0
0.0	1.0
0.0	0.0
0.0	1.0
0.0	0.0
-0.0571427196264267	0.0
0.0	1.0
-0.00014551581989508122	0.0
-6.920602572790813e-06	0.2553191489361702
0.0	1.0
-8.188133506337181e-05	1.0
0.0	1.0
0.0	0.0
0.0	1.0
-4.144731780009181e-11	1.0
-3.4683682770264568e-06	1.0
0.0	1.0
0.0	1.0
0.0	1.0
0.0	1.0
0.0	0.42424242424242425
0.0	0.0
-0.00030939874704927206	1.0
0.0	0.02699662542182227
0.0	0.0
0.0	0.0
0.0	1.0
-3.361687504366273e-06	1.0
-3.7712725737409913e-14	0.0
0.0	0.0
0.0	1.0
-9.110518703892012e-07	0.0
-0.000293585704639554	1.0
0.0	0.48383838383838385
0.0	0.0
-0.0010899222688749433	1.0
0.0	1.0
-0.0005708388634957373	1.0
0.0	1.0
0.0	1.0
0.0	1.0
-1.290194063585659e-06	1.0
-9.34091440285556e-05	1.0
0.0	1.0
-3.1006500194052933e-06	1.0
0.0	1.0
0.0	0.0
0.0	1.0
0.0	1.0
0.0	1.0
0.0	0.0
-2.24455761781428e-05	0.05263157894736842
0.0	1.0
0.0	0.08333333333333333
0.0	1.0
-5.115837211633334e-06	1.0
-2.616478468553396e-06	1.0
0.0	0.0
-1.568457628309261e-05	1.0
-0.0008237850852310658	0.0
0.0	1.0
-0.0013387458166107535	1.0
0.0	1.0
-7.789332448737696e-05	1.0
0.0	1.0
0.0	1.0
0.0	1.0
0.0	0.0
0.0	1.0
0.0	1.0
0.0	1.0
-0.0005041688564233482	0.0
0.0	1.0
0.0	0.0
-0.0008443077676929533	1.0
0.0	1.0
0.0	1.0
0.0	1.0
0.0	1.0
-4.218826143187471e-05	1.0
-0.00013649076572619379	1.0
0.0	1.0
0.0	1.0
0.0	0.0958904109589041
0.0	1.0
0.0	1.0
-4.864748188992962e-05	1.0
0.0	1.0
-2.6219194637633336e-07	0.0
0.0	1.0
0.0	1.0
0.0	1.0
0.0	1.0
0.0	1.0
0.0	0.7110655737704918
-1.7622742234379984e-05	1.0
-5.02359434904065e-05	1.0
0.0	1.0
0.0	1.0
-0.0008542191935703158	1.0
0.0	1.0
0.0	1.0
-0.04174105077981949	0.0
-4.454085156258003e-10	1.0
-3.607795952120796e-05	1.0
-7.91466359117976e-09	0.0
0.0	0.0
0.0	0.0
-3.917520007234998e-05	1.0
0.0	1.0
-0.012614068575203419	0.0
0.0	1.0
0.0	1.0
-7.037019713607151e-07	1.0
-0.011871053837239742	0.0
0.0	1.0
-0.014424001798033714	0.0
0.0	0.0
0.0	1.0
0.0	1.0
0.0	1.0
-0.0022974181920289993	1.0
0.0	1.0
0.0	1.0
-1.3700492672796827e-05	0.0
0.0	0.0
0.0	1.0
0.0	1.0
0.0	0.2515090543259557
-0.008468231186270714	0.041666666666666664
-0.00022670041653327644	1.0
0.0	1.0
0.0	1.0
-0.000531907076947391	1.0
0.0	1.0
0.0	1.0
-0.0001354585838271305	1.0
0.0	1.0
0.0	1.0
0.0	1.0
-1.2210690329084173e-05	0.0
-0.022781703621149063	0.0
-0.000481339986436069	0.2127659574468085
0.0	0.0
-1.2904565664939582e-06	1.0
0.0	0.0
0.0	1.0
0.0	1.0
0.0	0.0
-0.002738051349297166	0.0
0.0	1.0
-5.8657675253925845e-05	1.0
-0.04411358758807182	0.0
-0.0005276924348436296	1.0
0.0	0.0
0.0	1.0
0.0	0.0
-0.0023421223741024733	0.0
0.0	1.0
-1.022341621137457e-05	1.0
0.0	1.0
0.0	1.0
0.0	1.0
-0.001425424125045538	1.0
-8.635273829327161e-09	1.0
0.0	1.0
-0.0008113236399367452	1.0
0.0	1.0
0.0	1.0
0.0	0.0
0.0	1.0
0.0	1.0
-2.9282535251695663e-05	1.0
0.0	0.0
-3.223852672817884e-06	1.0
0.0	1.0
0.0	1.0
0.0	0.05735140771637122
0.0	1.0
-7.567003194708377e-05	1.0
-9.961404430214316e-07	1.0
0.0	1.0
0.0	1.0
0.0	0.0010131712259371835
-0.00027877811226062477	0.0
-0.0006444173050113022	1.0
-2.100656092807185e-05	1.0
0.0	1.0
0.0	0.0
0.0	1.0
-0.01485469751060009	0.0
0.0	0.0
0.0	1.0
0.0	1.0
0.0	1.0
0.0	1.0
-1.6003181372070685e-05	1.0
-6.556057030593365e-08	0.0
-0.0008031157776713371	1.0
-1.0743878675611995e-08	1.0
-0.0021193535067141056	1.0
0.0	1.0
0.0	1.0
-0.0029334407299757004	1.0
-1.0245411431242246e-05	0.012345679012345678
-1.2378276551316958e-05	1.0
-5.3120952543395106e-06	1.0
-0.0007886271923780441	0.0
0.0	1.0
0.0	1.0
0.0	1.0
0.0	0.0
0.0	1.0
-0.00032960763201117516	1.0
-0.0008121946593746543	1.0
-5.700325544921725e-08	0.0
0.0	1.0
0.0	0.0
0.0	1.0
0.0	1.0
-2.972481852672737e-12	1.0
0.0	1.0
0.0	1.0
0.0	1.0
0.0	1.0
-0.00016643198614474386	1.0
0.0	0.0
0.0	1.0
0.0	1.0
0.0	1.0
0.0	0.0
0.0	1.0
0.0	1.0
-0.004683993756771088	0.0
0.0	1.0
0.0	0.0
0.0	1.0
0.0	1.0
-0.0005159731954336166	1.0
-9.998174391512293e-06	1.0
-0.00013356536510400474	1.0
0.0	1.0
-6.51076334179379e-05	0.0
0.0	1.0
0.0	1.0
-0.0006784333381801844	1.0
0.0	0.0
-2.10328016692074e-05	0.0
0.0	1.0
-0.022413481026887894	0.0
0.0	1.0
0.0	1.0
0.0	0.0
0.0	1.0
0.0	0.0
0.0	1.0
0.0	1.0
0.0	0.0
0.0	0.0
0.0	0.0
0.0	0.0
-1.5823727608221816e-06	0.0
0.0	1.0
0.0	1.0
0.0	1.0
0.0	1.0
-1.0244793884339742e-06	1.0
-3.266830026404932e-05	0.0
0.0	0.0
0.0	0.0
0.0	1.0
-9.353121640742756e-06	1.0
-6.772092547180364e-06	1.0
0.0	0.0
0.0	1.0
0.0	1.0
-6.943004504655903e-11	1.0
0.0	1.0
-0.0004350812523625791	0.0
-0.00011049496970372275	1.0
-1.0059945907414658e-06	1.0
-0.017179172486066818	0.0
-3.147506868117489e-05	1.0
0.0	1.0
0.0	1.0
0.0	1.0
0.0	1.0
0.0	1.0
0.0	0.0
0.0	0.0
-0.011910119093954563	0.0
-1.9040022380067967e-05	1.0
0.0	1.0
-1.86641209438676e-05	0.2682926829268293
0.0	0.17272727272727273
0.0	1.0
-1.1438678484410048e-06	1.0
-0.006812346167862415	0.34782608695652173
0.0	1.0
0.0	1.0
-9.269898626484974e-09	1.0
0.0	1.0
0.0	0.534010152284264
0.0	0.0
0.0	1.0
-0.0027752742171287537	1.0
-0.0008688163361512125	0.0
0.0	0.017316017316017316
-0.0004372803377918899	0.0
-1.0322472917323466e-05	1.0
0.0	1.0
-9.448556284041842e-07	1.0
0.0	1.0
0.0	1.0
-0.00047195350634865463	1.0
0.0	1.0
0.0	1.0
-0.00034969853004440665	1.0
-1.6997308449617776e-08	1.0
0.0	1.0
-9.903992031468078e-05	0.0
-0.0006499663577415049	1.0
0.0	1.0
0.0	0.0
0.0	1.0
-7.1138325265229785e-12	0.0
-4.9934502754922505e-08	1.0
-1.2733623407257255e-05	1.0
0.0	0.2006269592476489
0.0	0.0
0.0	0.0
-0.0007114800391718745	1.0
0.0	1.0
-2.390747322333908e-10	1.0
-0.0002602157765068114	1.0
0.0	0.0
0.0	1.0
-9.77416192426972e-09	1.0
0.0	0.0
0.0	1.0
0.0	1.0
-0.00030294450698420405	0.0
-0.0005342169315554202	0.0
-4.604983041645028e-05	1.0
-0.0004681968130171299	1.0
0.0	1.0
0.0	1.0
0.0	0.0
0.0	1.0
-1.3742351256951224e-07	0.0
-0.02807932160794735	0.0
0.0	1.0
0.0	1.0
0.0	1.0
-1.2393717270242632e-06	1.0
0.0	1.0
0.0	1.0
0.0	1.0
-0.11443839222192764	0.0
-9.0836192612187e-06	1.0
0.0	1.0
0.0	1.0
0.0	1.0
0.0	1.0
0.0	1.0
0.0	1.0
0.0	0.0
0.0	0.7021276595744681
0.0	0.0
-0.002329797251150012	0.0
0.0	1.0
0.0	0.0
0.0	1.0
0.0	1.0
0.0	0.0
0.0	1.0
-2.7507388949743472e-05	0.0
0.0	1.0
-0.0022770061623305082	0.5151515151515151
-1.1908643671176833e-07	1.0
0.0	0.0
-1.754397999320645e-05	0.2871046228710462
-1.1320755675114924e-06	1.0
0.0	1.0
0.0	0.0
0.0	1.0
0.0	1.0
0.0	1.0
-0.001430678996257484	1.0
0.0	1.0
-5.560493445955217e-05	1.0
-0.0022380866575986147	0.0
0.0	0.0
0.0	1.0
-1.8663919831851672e-07	1.0
-1.3908199434808921e-05	0.0
-1.0868120639551115e-11	0.0
0.0	1.0
0.0	1.0
-7.240743434522301e-05	1.0
0.0	1.0
0.0	0.0
-0.00862326193600893	0.0
0.0	1.0
-0.002057071076706052	0.0
0.0	1.0
-0.0008597372216172516	0.22641509433962265
0.0	1.0
0.0	1.0
0.0	1.0
0.0	1.0
0.0	0.0
0.0	1.0
0.0	1.0
0.0	1.0
0.0	1.0
-0.0011737232562154531	1.0
0.0	1.0
-0.00012715629418380558	1.0
0.0	1.0
0.0	0.02012072434607646
-0.0003605858946684748	0.0
0.0	1.0
0.0	1.0
-6.18823105469346e-05	1.0
0.0	0.07924921793534932
0.0	1.0
-0.07393983006477356	0.0
0.0	0.0
-4.190185063634999e-05	1.0
0.0	0.07636738906088751
0.0	1.0
0.0	0.0
-0.0007319705910049379	0.0
0.0	1.0
-0.006771296728402376	1.0
0.0	1.0
-0.0015770510071888566	1.0
-1.6562756854909821e-06	0.0
0.0	1.0
-2.486897756170947e-05	1.0
0.0	0.0
0.0	1.0
0.0	1.0
0.0	1.0
0.0	0.0
-5.2416339713090565e-06	1.0
0.0	1.0
-2.724638648032851e-07	1.0
-0.00044566605356521904	0.0
-0.00018314698536414653	1.0
0.0	1.0
-0.0005585665348917246	1.0
-0.012406032532453537	0.0
0.0	1.0
-5.690992920842027e-20	1.0
0.0	1.0
0.0	1.0
-2.110632703988813e-05	1.0
-0.00010925165406661108	1.0
0.0	1.0
-3.341917181387544e-05	0.0
-0.0004634610959328711	0.1082995951417004
-0.05796441435813904	0.0
0.0	1.0
-0.0001712762750685215	1.0
0.0	0.0
