-0.0005215322016738355	1.0
0.0	1.0
0.0	1.0
0.0	1.0
0.0	1.0
0.0	1.0
0.0	1.0
0.0	1.0
-0.00014343590009957552	0.17647058823529413
-1.656626125168259e-07	0.1843687374749499
0.0	1.0
0.0	1.0
0.0	1.0
0.0	1.0
-5.403465547715314e-05	1.0
0.0	1.0
-0.0006385885062627494	1.0
-1.4294758329924662e-05	1.0
-1.0518689123273361e-05	1.0
0.0	0.0
-1.2083677347618504e-06	1.0
0.0	1.0
0.0	1.0
0.0	1.0
-3.726501972778351e-06	1.0
-0.000333749339915812	1.0
0.0	1.0
0.0	1.0
0.0	0.0
0.0	0.7013527575442248
0.0	1.0
-0.0007571245660074055	1.0
0.0	1.0
0.0	1.0
-1.8440377402839658e-07	1.0
0.0	1.0
-7.414193148314041e-10	1.0
-1.5067105607613485e-07	1.0
-1.869712934823853e-12	1.0
0.0	1.0
-0.0017909628804773092	1.0
-2.2645939290466544e-10	1.0
-0.0006299419328570366	0.0
0.0	1.0
-2.957217293442227e-05	1.0
-0.00037101423367857933	1.0
0.0	0.02125
0.0	1.0
0.0	1.0
0.0	0.4365482233502538
0.0	0.0
-0.017805548384785652	0.0
0.0	1.0
0.0	1.0
-2.6006322428884232e-08	1.0
0.0	1.0
0.0	0.0
-0.0005842610844410956	1.0
0.0	0.0
-7.0175320843191e-07	0.029946524064171122
-0.00440023560076952	1.0
-2.457427594748651e-10	1.0
-1.1729646587355091e-07	0.0
-2.7785267775470857e-07	1.0
0.0	1.0
0.0	1.0
-0.0006009796052239835	1.0
0.0	1.0
0.0	1.0
0.0	1.0
-0.002969826338812709	1.0
0.0	1.0
0.0	0.0
0.0	0.5435435435435435
0.0	0.060041407867494824
0.0	1.0
0.0	1.0
0.0	1.0
0.0	1.0
-2.204704196984153e-09	0.0
0.0	1.0
0.0	0.0
-8.331403660122305e-05	0.0
0.0	1.0
-0.0003040929150301963	1.0
-1.4259978343034163e-05	0.0
0.0	1.0
-1.6666589317537728e-06	1.0
0.0	1.0
0.0	0.0
-1.7222644643766216e-08	1.0
0.0	0.0
0.0	1.0
0.0	1.0
0.0	1.0
0.0	1.0
-1.6408976080128923e-05	1.0
0.0	0.0
0.0	1.0
0.0	1.0
0.0	1.0
-0.0002496085362508893	1.0
-0.007994048297405243	0.1111111111111111
-0.003831044305115938	0.0
-6.083338303142227e-05	0.0
0.0	1.0
0.0	0.0
0.0	1.0
0.0	1.0
0.0	0.014613778705636743
0.0	1.0
0.0	0.02531645569620253
-3.3053488834866585e-08	1.0
-0.000125339807709679	1.0
0.0	0.0
0.0	1.0
-0.0019926156383007765	1.0
0.0	1.0
0.0	0.048701298701298704
0.0	1.0
-0.002195301465690136	0.0
0.0	1.0
-0.00043125261436216533	0.012474012474012475
0.0	0.0
0.0	0.17647058823529413
0.0	1.0
-0.08125755190849304	0.0
0.0	1.0
-4.048992696681353e-09	1.0
-0.000122352153994143	1.0
0.0	1.0
-1.1480641660455149e-05	1.0
0.0	0.0
0.0	1.0
-8.155683462973684e-05	0.004301075268817204
0.0	1.0
-0.0022351706866174936	1.0
0.0	1.0
-1.529437128056088e-07	1.0
0.0	1.0
0.0	1.0
0.0	1.0
0.0	1.0
0.0	1.0
0.0	1.0
0.0	0.0
0.0	1.0
-2.27427517529577e-05	1.0
0.0	1.0
0.0	1.0
-0.00012314776540733874	1.0
0.0	1.0
-0.00011932437337236479	1.0
0.0	1.0
0.0	0.0
0.0	0.0
-0.0001712025550659746	0.0
-0.00012102564505767077	1.0
0.0	1.0
-2.0102239432162605e-05	1.0
0.0	1.0
0.0	1.0
0.0	0.0
0.0	1.0
-0.00020899658557027578	1.0
0.0	1.0
0.0	0.0
0.0	1.0
-0.00034269981551915407	0.0
-0.0014465858694165945	0.028423772609819122
0.0	1.0
0.0	0.0
0.0	1.0
0.0	0.0
0.0	0.03571428571428571
0.0	1.0
-4.1389426769455895e-05	0.0
-0.001267828163690865	1.0
0.0	1.0
-0.00033356569474563	1.0
0.0	0.0
0.0	1.0
0.0	1.0
-3.5364450923225377e-06	0.0
-1.9812219761661254e-05	1.0
0.0	1.0
-0.00175815774127841	0.0
0.0	0.0
0.0	0.0
0.0	0.0
-0.0003156399470753968	0.0
0.0	0.0
0.0	1.0
-2.6710742986324476e-06	0.0
-8.048756717471406e-05	1.0
0.0	1.0
0.0	0.0
0.0	1.0
0.0	1.0
0.0	0.0
-0.0009507989161647856	1.0
-8.02132926764898e-05	1.0
0.0	1.0
0.0	1.0
-5.956905079074204e-05	1.0
0.0	0.5196374622356495
0.0	1.0
0.0	0.0
0.0	1.0
0.0	1.0
-2.0225355910952203e-05	1.0
0.0	1.0
-0.0001821833138819784	1.0
0.0	1.0
0.0	1.0
-0.0002476366935297847	0.71875
0.0	1.0
0.0	1.0
-9.174355909635779e-06	1.0
-3.4803693260698765e-10	0.0
0.0	1.0
0.0	0.08
0.0	0.1111111111111111
0.0	1.0
-0.0039392500184476376	0.0
-0.00031748940818943083	1.0
-0.0002552478399593383	0.0
-3.649327595667273e-08	1.0
-1.1746271866286406e-06	1.0
0.0	1.0
0.0	1.0
0.0	1.0
-6.891455228696941e-08	0.05263157894736842
0.0	1.0
-1.3920339370088186e-06	1.0
0.0	0.0
-9.5523478016446e-10	1.0
-5.856677034898894e-06	1.0
-8.226526551879942e-05	0.0
0.0	1.0
0.0	1.0
-3.617217953433283e-05	1.0
0.0	1.0
-0.0010370552772656083	0.0016778523489932886
0.0	1.0
0.0	1.0
-5.468292874866165e-05	1.0
0.0	1.0
0.0	1.0
0.0	1.0
0.0	1.0
0.0	1.0
-5.815159966005012e-06	0.0
0.0	1.0
-0.0001817127485992387	1.0
-2.2068052203394473e-06	0.0
0.0	1.0
0.0	1.0
-1.4355256098497193e-05	1.0
0.0	0.0
0.0	1.0
0.0	1.0
-1.1855197953991592e-05	0.0
0.0	1.0
-7.675647793803364e-05	0.0
0.0	1.0
-6.498910209984388e-08	1.0
0.0	1.0
0.0	1.0
-6.722653544954937e-10	1.0
-1.749473632628451e-08	1.0
0.0	0.0
-6.662154646619456e-06	0.0
0.0	1.0
0.0	0.0
-0.00017691888206172734	1.0
0.0	1.0
0.0	1.0
-0.0013817910803481936	1.0
0.0	0.9955555555555555
0.0	0.0
-0.0027070678770542145	1.0
-0.0006080879247747362	1.0
0.0	0.002242152466367713
-0.0007833068375475705	1.0
-0.00044504209654405713	0.006756756756756757
-0.0023313253186643124	1.0
0.0	1.0
-3.1618714757541966e-08	1.0
0.0	0.0
-0.0061833844520151615	0.0
0.0	1.0
0.0	1.0
0.0	1.0
0.0	1.0
0.0	1.0
0.0	1.0
0.0	0.0
-0.0006075775600038469	1.0
-0.003295187372714281	1.0
0.0	0.0
-0.0028328520711511374	1.0
0.0	1.0
-0.001878002774901688	0.0
0.0	1.0
0.0	1.0
0.0	1.0
-0.00033856448135338724	1.0
-3.6109449865762144e-06	0.0
-0.0008163711172528565	1.0
-0.00027775837224908173	1.0
-2.567971364442201e-07	1.0
-2.5091808311117347e-06	1.0
-6.879596980979841e-08	1.0
0.0	1.0
-0.00031706574372947216	1.0
0.0	1.0
-1.5987210417733877e-06	0.0
0.0	1.0
0.0	1.0
0.0	1.0
0.0	1.0
-3.708673830260523e-05	1.0
-0.00028084064251743257	1.0
0.0	1.0
0.0	1.0
0.0	1.0
-0.0010896192397922277	1.0
0.0	0.0
-9.611212867244312e-12	1.0
0.0	1.0
0.0	1.0
-8.420990016411167e-10	1.0
-3.517488266879809e-06	1.0
-1.069507015927229e-05	1.0
0.0	1.0
0.0	0.09563758389261745
-0.001989632612094283	1.0
0.0	1.0
-0.04539836570620537	0.0
0.0	1.0
0.0	1.0
-5.273744250189338e-07	1.0
0.0	0.29411764705882354
0.0	1.0
0.0	1.0
0.0	1.0
0.0	1.0
0.0	1.0
-0.0011342947836965322	1.0
0.0	0.0
0.0	1.0
0.0	0.0
-0.004321467597037554	1.0
0.0	1.0
-0.00032729670056141913	0.0
-0.003828811924904585	1.0
0.0	1.0
0.0	0.0
0.0	1.0
0.0	0.0
-3.3541760785738006e-05	1.0
0.0	1.0
-2.386313644819893e-05	1.0
-8.401310935823858e-08	0.0
0.0	1.0
0.0	1.0
0.0	1.0
0.0	0.0
0.0	1.0
0.0	1.0
-0.0011849377769976854	1.0
0.0	0.5
-5.250860795058543e-06	1.0
0.0	1.0
0.0	0.0
0.0	1.0
0.0	1.0
0.0	1.0
0.0	1.0
0.0	1.0
0.0	1.0
0.0	1.0
0.0	0.0
-6.351651973091066e-05	1.0
0.0	1.0
-2.9263048872962827e-07	0.0
0.0	1.0
-2.053926628775571e-08	1.0
0.0	0.0
-0.0002740176860243082	1.0
0.0	1.0
0.0	1.0
0.0	0.0
0.0	0.0
0.0	1.0
-0.000931843591388315	1.0
0.0	1.0
0.0	1.0
0.0	1.0
0.0	1.0
-0.0003874879330396652	1.0
0.0	1.0
0.0	1.0
0.0	0.0
-5.798816017209968e-14	0.0
-0.0007571503520011902	1.0
-2.543778100516647e-05	1.0
0.0	1.0
0.0	0.0
-2.876894768633065e-06	1.0
0.0	1.0
0.0	1.0
-2.301600687815153e-09	1.0
-7.086921414156677e-07	1.0
-4.399458575221615e-08	1.0
0.0	1.0
-0.0028773259837180376	0.0
0.0	1.0
-5.3354533235960844e-08	0.05263157894736842
0.0	0.0
-1.514733405372226e-08	0.0
-1.4103286503086565e-06	1.0
-1.4936951231447892e-08	1.0
0.0	1.0
-0.0012270619627088308	1.0
0.0	0.0
-0.002887249691411853	0.0
0.0	1.0
0.0	1.0
0.0	1.0
0.0	1.0
0.0	0.056896551724137934
0.0	1.0
0.0	1.0
0.0	1.0
0.0	0.2549019607843137
0.0	1.0
-0.0001908736740006134	0.0
0.0	0.0
0.0	0.0
0.0	1.0
0.0	0.0
0.0	1.0
0.0	1.0
0.0	1.0
-0.0036528476048260927	0.0
0.0	1.0
0.0	1.0
-9.96790640783729e-06	1.0
-1.5920722944429144e-05	1.0
0.0	0.0
-0.00012049611541442573	0.0
-0.0008373059681616724	0.0
0.0	0.0
-2.5561572858379122e-09	1.0
0.0	0.0
-0.002058112295344472	0.0
0.0	1.0
0.0	1.0
0.0	0.06493506493506493
-2.602908352855593e-05	1.0
-7.822399412243941e-13	1.0
0.0	1.0
0.0	1.0
-0.00023001576482784003	1.0
0.0	0.0
0.0	1.0
0.0	1.0
0.0	0.0
-4.897317396057588e-08	1.0
-0.0001267353945877403	1.0
-0.00214705360122025	1.0
0.0	1.0
-0.0003456553095020354	1.0
0.0	1.0
0.0	1.0
0.0	1.0
0.0	1.0
0.0	1.0
0.0	1.0
0.0	1.0
0.0	0.28438228438228436
0.0	1.0
0.0	1.0
0.0	1.0
0.0	0.5126050420168067
0.0	0.019337016574585635
0.0	0.8652482269503546
-4.5254759584167914e-07	1.0
0.0	1.0
0.0	1.0
-0.0041513871401548386	0.0
-1.7733724234858528e-05	1.0
0.0	0.0
0.0	1.0
0.0	1.0
0.0	0.45555555555555555
0.0	1.0
0.0	0.14285714285714285
0.0	1.0
-2.6322850565918543e-09	1.0
0.0	1.0
-0.0010793301044031978	1.0
-3.286864739493467e-05	1.0
0.0	1.0
0.0	1.0
0.0	1.0
0.0	1.0
-3.60041631211061e-05	0.0
0.0	1.0
