-0.032845914363861084	0.0
0.0	0.0
0.0	1.0
-3.90367531508673e-05	1.0
0.0	0.0
0.0	0.0
-7.632451115568983e-08	1.0
-1.0809154446178582e-05	1.0
0.0	1.0
0.0	0.0
-4.566221105051227e-05	0.0
-4.497649541690407e-08	1.0
-1.5482630288943255e-08	0.1917808219178082
0.0	1.0
0.0	1.0
0.0	1.0
0.0	0.655448717948718
0.0	1.0
0.0	1.0
0.0	1.0
0.0	0.0
0.0	0.0
-2.1881058273720555e-05	0.0
-1.3147199751983862e-05	0.0
0.0	1.0
0.0	1.0
-9.373384818900377e-05	1.0
0.0	0.0
0.0	1.0
-0.00018358459055889398	1.0
0.0	1.0
0.0	1.0
-0.0035634732339531183	0.004098360655737705
0.0	1.0
0.0	0.0
0.0	1.0
0.0	0.0
0.0	1.0
0.0	1.0
0.0	0.00411522633744856
-1.6225372746703215e-05	1.0
0.0	0.0
0.0	1.0
-0.004128280561417341	0.0
-0.0010287176119163632	1.0
-8.304767106892541e-05	1.0
-2.235140163975302e-05	0.0
0.0	0.0
-0.010154477320611477	0.0
-0.00046554868458770216	1.0
0.0	0.0
-0.012921134941279888	0.0
-1.5512983736698516e-05	1.0
0.0	1.0
-0.00016273513028863817	1.0
0.0	0.0
0.0	1.0
-3.848962296615355e-05	1.0
-3.221335698189165e-10	1.0
-2.1269090211717412e-05	1.0
-7.9646014228274e-07	0.0
0.0	1.0
0.0	1.0
0.0	1.0
0.0	1.0
-0.004232628270983696	0.0
0.0	1.0
0.0	1.0
-1.6280973795801401e-06	1.0
-4.5176842832006514e-05	0.0
0.0	1.0
-0.0002375244948780164	1.0
0.0	1.0
0.0	1.0
0.0	1.0
-4.576405672196415e-07	1.0
-0.012633400037884712	0.0
-4.133304116749059e-07	0.0488997555012225
0.0	1.0
0.0	1.0
0.0	0.0
-0.0008734643342904747	0.0
0.0	1.0
0.0	1.0
-3.887057027895935e-05	0.0
0.0	1.0
-7.485537935281172e-05	0.0
-3.179652048856951e-05	0.0
0.0	1.0
0.0	1.0
0.0	1.0
0.0	1.0
-7.417186861857772e-05	0.12149532710280374
-0.006674583535641432	1.0
0.0	1.0
0.0	0.0
0.0	1.0
-0.00012540184252429754	0.2545931758530184
0.0	1.0
0.0	1.0
-0.0006966563523747027	1.0
-8.581999281886965e-05	1.0
-3.3803394217102323e-06	0.0
0.0	1.0
0.0	1.0
-0.029363585636019707	0.0
0.0	1.0
-4.970386081881717e-13	1.0
-1.2099751200977948e-09	0.0
0.0	1.0
-0.0016189869493246078	1.0
0.0	1.0
-0.0004250527417752892	1.0
-0.0009054530528374016	0.19873150105708245
-2.0156600832876848e-09	1.0
0.0	1.0
-0.01097111776471138	0.0
0.0	1.0
-0.00036236189771443605	1.0
-4.014760997961275e-05	1.0
0.0	1.0
0.0	1.0
0.0	1.0
0.0	1.0
0.0	1.0
-0.0011531426571309566	1.0
0.0	0.0
0.0	0.0
-1.3470047299790622e-08	0.0
-3.12821393890772e-05	1.0
0.0	0.0
0.0	1.0
-8.402812818530947e-05	1.0
-3.561907988114399e-06	1.0
-0.0005151064833626151	1.0
-6.616773351453276e-09	1.0
-0.00023568724282085896	1.0
-0.003447943599894643	1.0
-0.0007304244791157544	1.0
0.0	1.0
0.0	1.0
0.0	1.0
-0.002333733020350337	1.0
0.0	1.0
-0.035091664642095566	0.0
0.0	1.0
-6.824407705607882e-08	1.0
-7.509833039875957e-07	0.0
0.0	1.0
0.0	1.0
-9.64652031143487e-07	1.0
-0.0005610967637039721	1.0
-0.0029230478685349226	1.0
-3.8786814116065216e-07	1.0
0.0	0.0
0.0	1.0
0.0	1.0
-0.0013099522329866886	1.0
0.0	0.0
0.0	0.0
-2.8785509130102582e-05	0.0
-0.00015132939734030515	1.0
-0.02918587438762188	0.0
-3.0847814969092724e-07	1.0
0.0	1.0
0.0	1.0
0.0	1.0
-0.00020197423873469234	1.0
-0.0031903162598609924	0.0
0.0	0.0
0.0	1.0
-2.6323896187840923e-11	0.0
-9.555888937029522e-06	1.0
0.0	1.0
-9.152408892987296e-07	1.0
0.0	1.0
0.0	1.0
0.0	1.0
-0.00489840330556035	0.0
-0.0592198520898819	0.0
-0.0004705819592345506	1.0
0.0	1.0
0.0	1.0
-0.0005304124788381159	1.0
0.0	0.2653061224489796
0.0	1.0
0.0	1.0
-6.270605354075087e-06	1.0
0.0	0.07053469852104664
-2.3447350031347014e-05	1.0
0.0	1.0
-0.0009560289327055216	1.0
0.0	1.0
0.0	0.0
0.0	1.0
0.0	1.0
0.0	1.0
0.0	1.0
0.0	1.0
-6.604208920180099e-06	0.0
0.0	1.0
0.0	1.0
0.0	1.0
0.0	1.0
-2.604710425657686e-05	0.0
0.0	1.0
-0.0037396259140223265	1.0
-3.261273491261818e-07	1.0
0.0	1.0
-0.00010357035353081301	1.0
0.0	1.0
0.0	1.0
0.0	1.0
0.0	1.0
0.0	1.0
0.0	1.0
0.0	0.0
0.0	1.0
-0.0004613994969986379	1.0
0.0	1.0
0.0	1.0
0.0	0.2578397212543554
0.0	0.0
-0.021841049194335938	0.0
-3.573979120119475e-05	1.0
-8.479131565763964e-07	1.0
0.0	0.0
-2.3305497052206192e-06	0.05188679245283019
0.0	1.0
0.0	1.0
0.0	1.0
0.0	1.0
0.0	1.0
0.0	0.0
0.0	1.0
0.0	1.0
0.0	0.0
0.0	0.0
0.0	1.0
0.0	1.0
0.0	1.0
-1.0629031521602883e-06	1.0
0.0	1.0
-0.0002663315972313285	1.0
0.0	1.0
0.0	0.0
0.0	0.02151639344262295
-6.81262172292918e-05	1.0
0.0	0.0
0.0	0.0
-0.0008974387310445309	0.0
-3.235297896253542e-08	1.0
0.0	1.0
-6.504198245238513e-05	1.0
0.0	1.0
-0.002409924054518342	0.0
-4.051162977702916e-05	1.0
0.0	1.0
0.0	1.0
0.0	1.0
0.0	1.0
-8.96762287538877e-07	0.018599562363238512
-0.0032535847276449203	1.0
-0.0008292841957882047	0.0
-4.045743935421342e-06	0.024024024024024024
0.0	0.024024024024024024
-0.00019725749734789133	0.0
-0.0001551881869090721	1.0
0.0	0.0
-3.9461487176595256e-05	1.0
0.0	1.0
0.0	1.0
0.0	1.0
-3.964853931393009e-06	1.0
0.0	1.0
-3.7096488085808232e-06	1.0
0.0	1.0
-3.2774009014246985e-05	1.0
0.0	1.0
0.0	1.0
-0.00010195588401984423	1.0
0.0	1.0
-0.030806133523583412	0.0
0.0	1.0
0.0	1.0
0.0	0.0
-0.00017070861940737814	1.0
0.0	1.0
-1.6507845757018913e-08	1.0
-5.832114038639702e-05	1.0
0.0	1.0
-0.006506673991680145	0.0
0.0	0.553921568627451
0.0	1.0
0.0	1.0
-1.3972331544209737e-05	1.0
0.0	1.0
-2.7858979592565447e-05	1.0
0.0	1.0
-4.1730050526211926e-08	1.0
0.0	1.0
0.0	1.0
-0.00021191280393395573	0.05141388174807198
0.0	1.0
0.0	0.0
0.0	1.0
0.0	1.0
-0.0020721424371004105	0.05747126436781609
0.0	1.0
-1.9342357973073376e-06	1.0
0.0	1.0
0.0	1.0
0.0	0.0
0.0	0.0
-4.435960079263168e-07	1.0
-0.0002894428907893598	0.046153846153846156
0.0	0.0
0.0	1.0
0.0	1.0
-0.0001010406922432594	1.0
-5.340144184629025e-07	1.0
-0.00026441190857440233	1.0
0.0	1.0
0.0	1.0
-9.858036355581135e-05	1.0
-4.5212226496005314e-07	0.0
0.0	1.0
-0.00015698785136919469	1.0
0.0	1.0
0.0	0.0
-2.279453156006639e-06	0.0
0.0	0.0
0.0	0.0
0.0	1.0
-1.7804331946535967e-06	1.0
0.0	1.0
0.0	1.0
-6.605276325899467e-08	0.0182648401826484
-8.211183740058914e-05	0.08775981524249422
0.0	1.0
-3.952213592128828e-05	1.0
-0.0003859096032101661	0.0
0.0	1.0
0.0	1.0
0.0	1.0
0.0	1.0
0.0	1.0
-0.005686179734766483	0.0
0.0	0.0
-0.0009450821089558303	0.1441908713692946
0.0	1.0
0.0	0.0
-7.300689321709797e-05	1.0
-0.000134189598611556	0.0
0.0	1.0
0.0	0.17255717255717257
0.0	0.0
-0.009119883179664612	0.07407407407407407
-2.3536284743386204e-07	1.0
-0.00022381218150258064	0.0
0.0	1.0
0.0	1.0
0.0	1.0
-2.6111869999567716e-08	0.0
-5.552611401071772e-05	0.0
0.0	0.0
0.0	1.0
0.0	1.0
0.0	1.0
0.0	1.0
0.0	1.0
0.0	0.0
0.0	1.0
-0.03664477542042732	0.0
-5.2398713705770206e-06	0.0
-1.8476421246305108e-05	1.0
-0.0034545366652309895	1.0
0.0	1.0
0.0	1.0
-5.000691544410074e-06	1.0
0.0	1.0
-1.7465048586018384e-05	1.0
0.0	1.0
0.0	0.12195121951219512
0.0	1.0
-0.0005430139135569334	0.0
0.0	1.0
0.0	1.0
0.0	0.0
0.0	0.0
-0.0003673099563457072	1.0
0.0	1.0
-9.084876364795491e-05	1.0
-0.028878582641482353	0.058823529411764705
0.0	0.0
0.0	0.13789473684210526
0.0	0.05808656036446469
-0.00012888017226941884	1.0
0.0	0.40543601359003395
-1.843049358285498e-05	1.0
0.0	1.0
0.0	0.0
0.0	0.010638297872340425
0.0	1.0
0.0	1.0
0.0	1.0
0.0	1.0
0.0	1.0
-0.00034816539846360683	0.0
0.0	1.0
0.0	1.0
-0.002970338799059391	0.0
0.0	1.0
-0.0001077549604815431	1.0
0.0	1.0
0.0	0.0
0.0	1.0
0.0	0.8333333333333334
0.0	0.9959183673469387
0.0	1.0
0.0	0.005825242718446602
0.0	0.0
-9.679454251454445e-07	0.0
-0.0011579225538298488	1.0
0.0	0.0
-1.0821755495271645e-05	1.0
-0.03400084748864174	0.0
-6.747978477505967e-05	0.0
-1.2828267664052076e-16	0.0
-4.458849070942961e-05	0.0
-0.00010961882071569562	1.0
0.0	0.0
0.0	1.0
0.0	0.0
0.0	1.0
0.0	1.0
0.0	0.04600484261501211
-8.64009271026589e-05	1.0
0.0	0.0
-0.0003974886203650385	1.0
0.0	1.0
0.0	1.0
0.0	1.0
-1.2343821254034992e-06	1.0
-0.06641048192977905	0.0
0.0	1.0
-6.620594914311106e-13	1.0
0.0	1.0
-2.6537623853073455e-05	1.0
0.0	1.0
0.0	0.0
0.0	1.0
-5.767157199443318e-05	1.0
0.0	1.0
0.0	1.0
0.0	0.614010989010989
-0.00203390559181571	0.0
0.0	0.0
0.0	1.0
-0.0015201169298961759	1.0
-0.00011913408525288105	1.0
0.0	1.0
0.0	0.0
-1.4959356121835299e-05	1.0
0.0	1.0
0.0	0.0
-3.549470056896098e-05	0.0
-6.590846618470536e-11	1.0
-0.00027623932692222297	1.0
-4.196257941657677e-05	1.0
-0.0002316795289516449	1.0
0.0	1.0
0.0	1.0
0.0	0.0
0.0	0.0
-0.00027297166525386274	0.01805869074492099
-8.669351518619806e-05	1.0
-5.231390969129279e-05	1.0
0.0	1.0
-1.1001272469002288e-05	1.0
0.0	1.0
-9.667986159911379e-05	1.0
-2.036121441051364e-05	1.0
-0.0012395598459988832	1.0
0.0	0.0
-9.353857244320807e-09	1.0
-0.0006282723625190556	1.0
0.0	1.0
0.0	0.035632183908045977
0.0	1.0
-0.0017055529169738293	1.0
-6.283545190242934e-13	1.0
0.0	1.0
0.0	1.0
0.0	1.0
0.0	1.0
0.0	1.0
0.0	0.014705882352941176
0.0	0.0
0.0	1.0
0.0	1.0
-0.0012449462665244937	0.0
-1.93893041406561e-16	1.0
-0.00992382038384676	0.0
-8.79836079548113e-06	0.0
0.0	1.0
-0.00838006567209959	0.0
-1.0714777894419662e-14	1.0
0.0	1.0
-0.0008127957698889077	1.0
-0.00015581441402900964	1.0
0.0	0.041666666666666664
0.0	1.0
0.0	1.0
-3.8036250771256164e-06	0.0
-8.142057339455278e-08	1.0
0.0	0.0
-0.0001093800674425438	1.0
0.0	1.0
-0.001204429310746491	1.0
-0.001548553234897554	0.06639839034205232
0.0	1.0
-0.049786705523729324	0.0
0.0	1.0
0.0	1.0
0.0	1.0
-0.00011969450861215591	0.0
0.0	1.0
0.0	1.0
0.0	1.0
0.0	0.0
-3.204588938388042e-05	0.0
-3.487469439278357e-05	1.0
-0.00034437989233992994	1.0
-7.772619770030076e-10	0.0
-0.012106910347938538	0.0
-0.00020736911392305046	1.0
0.0	1.0
0.0	1.0
0.0	1.0
0.0	1.0
-0.022499406710267067	0.0
0.0	1.0
0.0	1.0
-7.232598818518454e-06	1.0
-0.006830620113760233	0.0
-8.775243552638923e-12	1.0
0.0	1.0
-3.0839379661085076e-11	0.0
-0.0005542022990994155	1.0
0.0	1.0
-5.5756101957626925e-09	1.0
0.0	0.4660377358490566
0.0	1.0
-4.325498957769014e-05	1.0
0.0	0.0
-2.1422367879608828e-08	1.0
0.0	0.033190578158458245
0.0	1.0
0.0	0.06820566631689402
0.0	1.0
0.0	0.0
0.0	1.0
0.0	1.0
-0.002146816812455654	0.0
0.0	1.0
