0.0	0.0
0.0	0.041343669250646
-1.2389068615448195e-07	1.0
-5.419624721980654e-05	1.0
-0.0009357162052765489	1.0
0.0	1.0
-9.010790563479532e-06	0.06451612903225806
0.0	1.0
0.0	1.0
-8.795025678409729e-06	0.0
0.0	1.0
0.0	0.0
0.0	1.0
0.0	1.0
0.0	1.0
-3.1685356560728906e-09	0.20588235294117646
0.0	1.0
0.0	1.0
0.0	0.0
-4.9080015742219985e-05	0.11531531531531532
0.0	0.0
0.0	0.0
0.0	1.0
0.0	1.0
-1.870206688181497e-05	1.0
0.0	0.0
-0.000265275506535545	1.0
0.0	0.0
-0.08554141223430634	0.0
0.0	1.0
-0.02203814499080181	0.060810810810810814
0.0	0.0
-5.744663212681189e-05	1.0
-0.0009995654691010714	0.02050473186119874
-0.04452790319919586	0.0
0.0	1.0
0.0	1.0
-2.053650314337574e-05	0.0
-3.170110176142771e-06	0.0
-4.318220021559682e-07	1.0
0.0	1.0
0.0	1.0
-6.046665657777339e-05	1.0
-1.78125574166188e-05	0.0
0.0	1.0
0.0	1.0
0.0	1.0
-3.9697704323771177e-07	1.0
-0.00041920747025869787	1.0
0.0	0.0
-6.928256334504113e-05	1.0
0.0	0.0
0.0	0.033783783783783786
0.0	1.0
0.0	1.0
0.0	1.0
0.0	1.0
0.0	0.04716981132075472
-0.001747060101479292	1.0
0.0	1.0
0.0	1.0
-1.796959259081632e-05	1.0
0.0	1.0
-2.5392778297828045e-06	1.0
0.0	1.0
0.0	1.0
0.0	0.0
-6.570708137587644e-06	1.0
0.0	1.0
-1.5911078010688584e-10	1.0
0.0	0.0
0.0	1.0
-8.723563041712623e-06	1.0
0.0	1.0
0.0	1.0
-0.0007889140397310257	0.0
0.0	1.0
-1.1454018249423825e-06	0.05188679245283019
0.0	1.0
0.0	1.0
0.0	0.0
-3.8617863937575755e-20	1.0
0.0	1.0
0.0	1.0
0.0	1.0
-0.0011075451038777828	0.0
-0.00012068066280335188	1.0
0.0	1.0
-1.3338287807584948e-08	1.0
0.0	0.0
0.0	0.0
-3.812701152128284e-06	0.0
-2.1849505316140494e-08	1.0
0.0	0.0
-0.00022623417316935956	1.0
0.0	1.0
-7.703855686713723e-08	1.0
0.0	1.0
-0.0006292672478593886	1.0
0.0	1.0
0.0	1.0
0.0	1.0
-0.0007364550838246942	1.0
0.0	1.0
-0.0022081967908889055	0.0
-3.414053571759723e-05	0.0
0.0	1.0
-0.020435117185115814	0.013513513513513514
0.0	1.0
0.0	1.0
-5.662512194248848e-05	0.0
0.0	1.0
0.0	1.0
-0.0005420533707365394	0.0
-2.1539704903261736e-05	1.0
0.0	1.0
-3.2872690680640915e-11	1.0
-0.008334215730428696	0.0
-0.005676000379025936	0.0
0.0	1.0
0.0	0.0
-2.6880454242927954e-05	0.0
0.0	1.0
0.0	1.0
-1.1681424599320478e-13	1.0
0.0	0.051533742331288344
0.0	0.0322180916976456
0.0	0.0
-3.269543230999261e-05	1.0
0.0	1.0
0.0	1.0
-1.7575644051248673e-07	1.0
0.0	0.21800947867298578
-0.0004615888756234199	1.0
-0.021450558677315712	1.0
0.0	1.0
0.0	1.0
0.0	1.0
-0.00029023372917436063	1.0
0.0	1.0
0.0	1.0
0.0	1.0
0.0	1.0
-2.7515330657479353e-05	1.0
0.0	1.0
-2.2139200154924765e-05	1.0
0.0	1.0
0.0	1.0
-9.955362475011498e-05	0.0
-0.0011253398843109608	1.0
0.0	1.0
-0.01133154146373272	0.0
0.0	1.0
0.0	1.0
0.0	0.0
0.0	0.11165048543689321
-0.014742896892130375	0.0
0.0	1.0
0.0	1.0
0.0	1.0
0.0	1.0
-0.001165454857982695	0.0
-9.861374792308197e-07	1.0
0.0	1.0
0.0	0.0
-0.00034830920048989356	1.0
0.0	0.0
0.0	1.0
-0.0073997932486236095	0.0
-0.00014573801308870316	0.0
-4.0101267018144426e-07	1.0
-9.438298320674221e-07	0.0010683760683760685
-5.848984437761828e-05	1.0
-0.00010025721712736413	1.0
-0.00010917123290710151	1.0
-8.930066996981623e-07	0.0
0.0	1.0
0.0	1.0
0.0	1.0
0.0	1.0
0.0	0.0
-0.0003114879073109478	1.0
0.0	1.0
0.0	0.0
0.0	0.0
0.0	0.0
0.0	1.0
0.0	0.21865596790371114
0.0	1.0
-0.00017759996990207583	1.0
-0.0035827034153044224	0.0
0.0	1.0
0.0	1.0
-4.1996274376288056e-05	1.0
-0.00016809834050945938	1.0
-0.00012303306721150875	1.0
0.0	1.0
-8.832292905935901e-07	1.0
-0.00047310764784924686	1.0
0.0	1.0
0.0	0.0
-0.0012952828546985984	1.0
-0.00017751747509464622	1.0
-0.0008037006482481956	0.0
-0.00019788218196481466	0.0
0.0	1.0
-8.521432448560518e-09	1.0
0.0	1.0
0.0	0.006756756756756757
-1.392999593008426e-06	1.0
-0.0007641731062904	0.09414758269720101
0.0	0.09477124183006536
0.0	0.0
-0.001254354720003903	1.0
0.0	1.0
0.0	1.0
-0.00019044120563194156	0.0
0.0	1.0
0.0	0.0
0.0	1.0
0.0	1.0
-0.0005976363900117576	1.0
0.0	0.0
-0.006927152164280415	0.0
-1.6892846588234534e-07	1.0
-0.0003493375552352518	1.0
-1.6778531630734506e-07	1.0
-0.00012748304288834333	0.08508508508508508
0.0	0.0
-1.050410602942975e-08	0.0
0.0	1.0
0.0	1.0
-0.0007468463154509664	1.0
0.0	1.0
-4.0373985404906776e-11	0.0
0.0	1.0
0.0	1.0
-3.7732120290456805e-06	0.0
0.0	1.0
-1.455902864933023e-08	0.028985507246376812
-1.2200205674162135e-05	1.0
0.0	0.0
0.0	1.0
-3.66994172509294e-05	0.0
-0.00015011448704171926	1.0
-9.86933009698987e-05	1.0
0.0	1.0
0.0	1.0
-0.009188047610223293	0.0
0.0	1.0
0.0	1.0
0.0	1.0
0.0	1.0
0.0	1.0
0.0	1.0
-0.00011591079965000972	0.0
0.0	1.0
-0.013631382957100868	0.0
-0.0027246647514402866	1.0
-2.6572384740575217e-05	1.0
0.0	0.015643802647412757
0.0	0.009852216748768473
0.0	1.0
-8.712531212040631e-07	1.0
-2.8215963538968936e-06	1.0
-0.0010796491988003254	0.019867549668874173
-0.0006280870293267071	1.0
-2.6808665509747698e-08	1.0
0.0	1.0
0.0	0.05663430420711974
-8.121491326673613e-12	1.0
0.0	1.0
0.0	0.0
0.0	1.0
-7.794716339049046e-08	1.0
0.0	1.0
0.0	1.0
0.0	0.0
0.0	0.0
0.0	1.0
0.0	1.0
0.0	1.0
-4.800500755663961e-05	1.0
-1.3215878880146192e-07	0.0
0.0	0.018867924528301886
0.0	1.0
-0.00038209097692742944	0.0
-5.314217399465804e-10	1.0
0.0	1.0
0.0	1.0
0.0	0.0
0.0	1.0
0.0	1.0
-0.000437041133409366	1.0
0.0	1.0
-2.033683267654851e-05	0.0
-0.001088583143427968	0.0
-7.397201261483133e-05	0.3
-0.00011966339661739767	1.0
-0.0033161856699734926	0.0
0.0	1.0
-5.2732269978150725e-05	1.0
0.0	1.0
-3.086081414949149e-05	0.0
-0.0005985113675706089	1.0
-5.013566806155723e-06	0.013513513513513514
0.0	0.1834016393442623
0.0	1.0
-0.0001237773394677788	1.0
0.0	1.0
-6.929889423190616e-06	1.0
0.0	1.0
0.0	1.0
0.0	1.0
0.0	0.012195121951219513
0.0	1.0
0.0	1.0
0.0	1.0
0.0	1.0
0.0	0.0
0.0	0.0
0.0	1.0
0.0	1.0
0.0	1.0
0.0	0.0
0.0	1.0
0.0	1.0
0.0	1.0
0.0	0.0
-0.001696598599664867	1.0
-8.647622962598689e-06	0.02531645569620253
0.0	0.0
-3.431936420383863e-05	0.0
-2.5270577297398233e-10	0.017241379310344827
0.0	0.14855072463768115
0.0	1.0
0.0	1.0
0.0	1.0
0.0	1.0
0.0	1.0
0.0	1.0
-0.0001452039577998221	1.0
0.0	0.0
0.0	1.0
0.0	0.0
-0.002187570324167609	0.0
0.0	1.0
0.0	1.0
0.0	1.0
-4.4148433175905666e-07	1.0
0.0	0.0
0.0	1.0
0.0	0.0
0.0	1.0
0.0	1.0
-4.172648459643824e-06	0.8763819095477386
0.0	1.0
-1.7718077288009226e-05	1.0
0.0	1.0
-7.989503814087584e-08	1.0
0.0	1.0
0.0	0.0
0.0	1.0
0.0	1.0
0.0	1.0
-5.116448714356792e-13	1.0
0.0	0.0
-1.2099022796974168e-06	1.0
-0.0003718739317264408	1.0
0.0	1.0
-4.978449214831926e-05	1.0
0.0	1.0
-0.0073068938218057156	1.0
-2.463577302228015e-13	0.0
-7.4598233368305955e-06	1.0
0.0	1.0
0.0	0.7149532710280374
0.0	1.0
-0.0009485658374615014	1.0
0.0	1.0
-0.018148211762309074	0.0
-0.00011754981824196875	1.0
0.0	0.0
-1.2147346524216118e-06	1.0
0.0	1.0
0.0	0.0
0.0	0.0
-2.345414941373747e-06	0.0
-0.0002917927340604365	1.0
0.0	1.0
-0.00011643257312243804	1.0
-1.1805869689851534e-05	1.0
0.0	1.0
-5.5912387324497104e-05	1.0
0.0	1.0
-1.630926504958552e-07	1.0
0.0	1.0
0.0	0.014218009478672985
-3.7802685710630612e-06	0.026771653543307086
0.0	0.0
-2.3603632143931463e-05	1.0
-4.963847459293902e-06	0.0
-9.828150382418244e-08	1.0
-3.032518634427106e-06	1.0
-6.50157438997212e-09	1.0
0.0	1.0
0.0	1.0
0.0	1.0
-0.0006317123188637197	1.0
0.0	1.0
-3.6020185234519886e-06	1.0
0.0	1.0
-9.283945473725908e-06	1.0
-0.013063848949968815	0.0
0.0	1.0
-0.0002917290839832276	1.0
0.0	0.0
0.0	1.0
0.0	0.0
0.0	1.0
0.0	0.0
-1.8246695390189416e-06	0.0
0.0	1.0
0.0	0.0
0.0	1.0
0.0	1.0
0.0	1.0
0.0	1.0
0.0	1.0
0.0	0.0
-0.003974463790655136	1.0
0.0	0.011764705882352941
0.0	1.0
-2.960089240389152e-08	0.0
-0.00011018965597031638	0.0
0.0	1.0
-6.817040798523522e-07	1.0
0.0	1.0
0.0	1.0
0.0	1.0
0.0	1.0
-6.112340429353935e-07	1.0
0.0	1.0
0.0	1.0
-1.2794382087122358e-07	1.0
0.0	1.0
0.0	1.0
-7.484160596504807e-05	1.0
-1.6065303498180583e-05	1.0
-0.0002951152855530381	1.0
0.0	1.0
0.0	1.0
0.0	1.0
-8.74705146998167e-05	1.0
0.0	0.0
0.0	0.006756756756756757
-0.00024524106993339956	0.0
-1.8359751265961677e-05	0.049019607843137254
-0.0005683238268829882	1.0
-7.796053250785917e-05	1.0
-0.00016179087106138468	1.0
-1.97353456314886e-05	1.0
0.0	0.0
0.0	1.0
-0.01772327534854412	0.0
0.0	1.0
-6.580138870049268e-05	0.0
0.0	1.0
-2.8467113111219078e-08	0.0
-0.00023662790772505105	1.0
0.0	1.0
0.0	0.7488262910798122
-7.460486450838744e-09	1.0
0.0	1.0
0.0	1.0
0.0	1.0
-0.0014915438368916512	0.0
0.0	1.0
0.0	1.0
0.0	1.0
-1.4764192712846125e-07	1.0
0.0	0.0
-0.00023366836830973625	1.0
0.0	1.0
0.0	0.0
-0.0001740497536957264	1.0
0.0	1.0
0.0	1.0
0.0	1.0
0.0	1.0
-0.0001527215208625421	1.0
0.0	0.0
0.0	0.0
0.0	0.0
0.0	0.0
0.0	0.0
0.0	1.0
0.0	1.0
-0.000412774330470711	0.0
0.0	1.0
0.0	0.0
0.0	1.0
-1.6548208350286586e-06	1.0
-1.4031427781446837e-05	1.0
0.0	1.0
-7.251966599142179e-05	1.0
-9.316696747418973e-09	1.0
-0.00011153454397572204	1.0
-5.485958354256582e-07	1.0
