0.0	0.0
0.0	0.037
0.0	0.037
-6.466235049629177e-07	0.1551912568306011
-1.4421201740333345e-05	1.0
0.0	1.0
-9.599956683814526e-05	1.0
0.0	1.0
0.0	1.0
0.0	1.0
0.0	1.0
0.0	1.0
0.0	0.06551297898640297
0.0	1.0
0.0	1.0
-0.0002433982299407944	0.21960072595281308
0.0	0.07424593967517401
-1.9331137082190253e-05	1.0
-1.2247098311490845e-05	0.22945205479452055
-9.80713502940489e-06	1.0
-6.955436219868716e-06	1.0
0.0	1.0
0.0	0.0
-0.001587715232744813	1.0
-8.011962563614361e-06	1.0
0.0	1.0
-2.4210752599174157e-05	0.8584905660377359
-0.0004597734077833593	1.0
0.0	0.0
0.0	1.0
-1.1375373105693143e-06	0.0
0.0	0.0
0.0	1.0
0.0	1.0
0.0	0.0
-5.994426828692667e-06	1.0
0.0	1.0
0.0	0.014084507042253521
-0.0006748027517460287	1.0
-1.1926969989417557e-07	0.0
-6.251154900382971e-06	1.0
0.0	0.7267080745341615
-0.0015902587911114097	1.0
0.0	1.0
0.0	1.0
-1.9356059056008235e-05	0.0
0.0	1.0
0.0	1.0
0.0	1.0
-2.4574339931859868e-06	1.0
0.0	1.0
-3.9707363612251356e-05	1.0
0.0	1.0
-1.8043461961093216e-15	1.0
0.0	1.0
0.0	0.0
0.0	1.0
0.0	0.0
0.0	0.0
-0.00022393002291209996	1.0
0.0	0.0
-0.0002196119457948953	1.0
0.0	1.0
0.0	1.0
0.0	1.0
-2.707464807905069e-11	1.0
0.0	1.0
0.0	1.0
-0.00012054249964421615	1.0
0.0	1.0
0.0	1.0
0.0	0.0
-0.0005472759949043393	1.0
0.0	1.0
-0.0020217758137732744	0.0
0.0	1.0
-5.339842790164084e-09	0.0
-3.810206180787645e-05	0.0
0.0	1.0
0.0	0.0
0.0	1.0
-2.0012224766219333e-08	0.0
0.0	1.0
0.0	1.0
0.0	1.0
-6.586329163837945e-06	1.0
0.0	1.0
0.0	0.0
0.0	1.0
0.0	1.0
-2.3909029595557685e-14	1.0
0.0	1.0
0.0	1.0
-4.011406417703256e-06	1.0
0.0	0.025500910746812388
0.0	1.0
0.0	0.18771331058020477
-6.034431621060321e-09	1.0
-1.2041392188910649e-11	1.0
-0.001356174936518073	0.1275626423690205
0.0	0.0
-1.559722841193434e-05	1.0
0.0	0.3333333333333333
0.0	1.0
0.0	1.0
0.0	1.0
0.0	1.0
0.0	1.0
0.0	0.11547619047619048
0.0	1.0
-3.629840250596317e-07	1.0
-0.0005242019542492926	0.0
0.0	0.0
0.0	1.0
-1.6913146509978105e-06	0.0
0.0	0.0
-0.0002118147094734013	0.0
0.0	1.0
0.0	1.0
0.0	0.0
0.0	1.0
0.0	1.0
0.0	1.0
-0.011188527569174767	0.0
-0.00047150198952294886	1.0
0.0	1.0
0.0	1.0
-7.39145434636157e-06	1.0
-0.0008953926153481007	1.0
0.0	1.0
0.0	1.0
-0.0015147292288020253	0.8142857142857143
0.0	1.0
0.0	1.0
0.0	0.0
0.0	0.0
-0.00045123661402612925	0.0
0.0	1.0
-3.9353410102194175e-05	1.0
-3.965567157138139e-05	1.0
0.0	0.08405797101449275
0.0	0.0
0.0	0.4508032128514056
0.0	1.0
0.0	1.0
0.0	1.0
0.0	1.0
-4.663525487558218e-06	1.0
0.0	1.0
-0.003422678215429187	0.0
-0.00016342669550795108	1.0
0.0	1.0
0.0	1.0
0.0	0.0
-2.1664549421984702e-05	1.0
0.0	0.23986486486486486
-1.9265264297047002e-12	1.0
0.0	1.0
0.0	1.0
0.0	1.0
-1.8099899534718134e-06	1.0
0.0	1.0
0.0	0.0
0.0	1.0
-2.1968755390844308e-05	0.0
-0.004241677466779947	0.0
0.0	1.0
0.0	0.0
-0.0007793015684001148	1.0
0.0	1.0
0.0	0.48292682926829267
-4.982575319445459e-06	0.0
0.0	1.0
-4.236177787676418e-15	0.0
0.0	1.0
0.0	0.041666666666666664
0.0	1.0
-6.838136414444307e-06	1.0
-0.000241777888732031	0.0
0.0	1.0
0.0	1.0
0.0	1.0
0.0	1.0
-0.00011103631550213322	0.5071428571428571
0.0	0.0
0.0	1.0
-0.007551626302301884	0.0
0.0	1.0
0.0	0.0
0.0	0.0
-0.001819320023059845	1.0
-2.6491825337870978e-06	1.0
0.0	0.0
-5.6442917411914095e-05	1.0
0.0	0.0
0.0	1.0
0.0	1.0
0.0	1.0
0.0	1.0
-0.0003968464443460107	0.0
0.0	1.0
0.0	1.0
0.0	1.0
0.0	1.0
0.0	1.0
0.0	1.0
0.0	1.0
0.0	1.0
0.0	0.0
0.0	0.0
0.0	0.25297619047619047
0.0	1.0
0.0	1.0
0.0	1.0
0.0	1.0
-0.00034170609433203936	1.0
-5.6218945054808955e-09	1.0
0.0	1.0
0.0	1.0
0.0	1.0
0.0	1.0
-0.020281212404370308	0.0
-0.0005322943907231092	0.0
0.0	0.0
0.0	1.0
-1.4470260059629148e-11	1.0
0.0	1.0
-6.025717084412463e-05	1.0
0.0	1.0
-0.0019769540522247553	1.0
-4.4081691157771274e-05	1.0
0.0	1.0
0.0	1.0
0.0	1.0
-2.020576403083396e-06	1.0
0.0	1.0
-5.763470471720211e-05	1.0
-0.00022943213116377592	1.0
0.0	1.0
0.0	0.18181818181818182
-0.0018786712316796184	0.0
-5.937311584602867e-07	1.0
0.0	1.0
0.0	1.0
-0.00030391235486604273	1.0
-1.1781340703009846e-07	1.0
0.0	0.0
0.0	1.0
-0.019668541848659515	0.0
0.0	1.0
-2.5402880055480637e-05	1.0
-0.011866362765431404	0.0
0.0	1.0
0.0	1.0
-0.0007872921996749938	0.0
-0.010966838337481022	0.064
-5.033702836954035e-05	1.0
-0.0045820726081728935	0.0
-8.430509478785098e-05	1.0
-0.00010501796350581571	1.0
-0.003211110830307007	0.0
0.0	0.0
0.0	1.0
0.0	1.0
0.0	1.0
0.0	1.0
0.0	1.0
-7.064890610308794e-07	1.0
0.0	0.0
0.0	1.0
0.0	1.0
0.0	1.0
0.0	1.0
0.0	1.0
-2.0595837213477353e-06	0.12307692307692308
0.0	1.0
-0.0029250113293528557	0.0
0.0	1.0
0.0	1.0
0.0	1.0
0.0	1.0
-1.2697769946612425e-08	0.0
0.0	1.0
0.0	1.0
-0.0004810809332411736	1.0
-2.4474624296999536e-05	1.0
0.0	1.0
-1.053223604685627e-05	1.0
-0.004783449694514275	0.0
0.0	1.0
-4.598882341610988e-08	1.0
-5.555234383791685e-05	1.0
-0.00010597136133583263	1.0
-0.00021689609275199473	1.0
0.0	1.0
0.0	1.0
-1.4965462202809476e-10	1.0
0.0	1.0
-0.0015251802979037166	0.0
-0.0018384107388556004	1.0
0.0	1.0
0.0	1.0
-9.740233508637175e-05	1.0
0.0	1.0
-0.000340450118528679	1.0
0.0	1.0
0.0	1.0
0.0	1.0
-0.0011205582413822412	1.0
-0.0004017084720544517	0.0
0.0	1.0
0.0	1.0
-1.685801544226706e-05	0.009615384615384616
0.0	1.0
0.0	0.0
-0.0003750400501303375	0.059336823734729496
0.0	0.0
0.0	0.0
-0.0010202036937698722	0.08843537414965986
0.0	1.0
0.0	1.0
-0.008440947160124779	0.0
-2.8901175141982094e-07	1.0
0.0	1.0
0.0	0.009259259259259259
0.0	0.022222222222222223
0.0	0.0
0.0	0.0
0.0	1.0
0.0	1.0
0.0	1.0
-0.0005468430463224649	1.0
0.0	1.0
0.0	0.0
-1.0891970987358945e-06	1.0
0.0	1.0
0.0	0.0
-0.028311118483543396	0.0
-0.000530261779204011	1.0
0.0	1.0
-2.3518678062828258e-05	1.0
0.0	0.0
0.0	1.0
-5.972466169623658e-05	1.0
-0.001431292505003512	0.45569620253164556
-2.7332444005878642e-05	0.0
0.0	1.0
0.0	1.0
-6.949763337615877e-05	1.0
0.0	0.0
0.0	1.0
-0.00043656458728946745	1.0
-1.3606773791252635e-05	0.0
-0.005902719683945179	0.0
-0.0002208233199780807	1.0
0.0	1.0
0.0	1.0
0.0	1.0
0.0	1.0
0.0	1.0
-7.590284667458036e-07	0.2179144385026738
-1.9527577023836784e-05	1.0
0.0	0.47
0.0	1.0
-7.033730071270838e-05	1.0
0.0	1.0
0.0	1.0
0.0	1.0
-2.248859527753666e-05	1.0
0.0	0.0
0.0	0.0
-4.469289251574082e-06	1.0
0.0	1.0
0.0	1.0
0.0	1.0
-0.0012626426760107279	1.0
0.0	1.0
0.0	0.5067720090293454
0.0	1.0
-0.0001519580982858315	1.0
0.0	1.0
-0.0011270996183156967	0.0
0.0	1.0
0.0	1.0
0.0	1.0
-3.57124037009271e-08	0.0
0.0	1.0
0.0	1.0
-0.0019728799816221	1.0
0.0	1.0
0.0	0.0
0.0	1.0
0.0	1.0
-0.0005168617935851216	0.0
0.0	1.0
0.0	1.0
0.0	1.0
-0.025562744587659836	0.0
0.0	1.0
-0.0006881218287162483	1.0
0.0	1.0
0.0	1.0
-3.602868673624471e-06	0.002242152466367713
-0.00012216114555485547	0.15483870967741936
0.0	1.0
-0.0002342407387914136	1.0
-2.9355837205535806e-10	0.07822410147991543
0.0	0.0
0.0	0.0
0.0	1.0
-3.9146010522017605e-07	1.0
-0.0007517322083003819	1.0
0.0	1.0
-6.054508503439138e-06	1.0
0.0	1.0
0.0	1.0
0.0	1.0
-1.3779352229903452e-05	1.0
0.0	0.0
-0.0007075531175360084	0.0
0.0	1.0
-0.004967234563082457	0.0
0.0	1.0
0.0	0.0
0.0	1.0
0.0	1.0
0.0	1.0
0.0	0.04307116104868914
0.0	1.0
0.0	1.0
0.0	0.0
-0.00033367660944350064	0.7225130890052356
-4.7421384806511924e-05	1.0
0.0	0.0
0.0	1.0
-5.311574113875395e-08	1.0
0.0	1.0
0.0	1.0
0.0	0.0
0.0	0.0
-0.0009191459976136684	1.0
0.0	1.0
0.0	1.0
-0.00023857444466557354	0.0
0.0	1.0
-9.83896143225138e-07	1.0
0.0	1.0
0.0	1.0
0.0	0.041666666666666664
0.0	1.0
-1.3160481557861203e-06	1.0
0.0	0.0
-9.826025326731269e-09	1.0
-4.7303899918915704e-05	0.0
0.0	1.0
-0.0003798553079832345	1.0
0.0	1.0
0.0	0.0
0.0	1.0
0.0	1.0
0.0	1.0
0.0	0.0
-1.3730496903008316e-05	1.0
0.0	1.0
-3.9162048778962344e-05	0.0
0.0	1.0
-0.0019194016931578517	0.0
-0.00044824049109593034	1.0
0.0	0.0
-0.0014999761478975415	0.0
0.0	1.0
-7.483670350083571e-10	1.0
0.0	0.0
-0.0006275430787354708	0.0
0.0	1.0
-2.3087002887223207e-07	1.0
0.0	1.0
0.0	1.0
0.0	0.0
0.0	1.0
0.0	0.0
0.0	0.0
-1.7296633814112283e-05	0.0
-2.9474944312823936e-05	1.0
0.0	1.0
-6.474332167272223e-06	1.0
-0.0002123637095792219	0.006369426751592357
-0.08475242555141449	0.0
0.0	0.0
-0.0004540662921499461	1.0
-9.504943591309711e-06	0.0
0.0	1.0
0.0	1.0
0.0	1.0
-9.966027391783427e-06	1.0
0.0	1.0
-0.001135680009610951	0.0
-8.674900163896382e-05	0.009940357852882704
0.0	1.0
0.0	1.0
0.0	1.0
0.0	1.0
-4.554014958557673e-05	1.0
0.0	1.0
-1.680408672655176e-06	1.0
0.0	1.0
0.0	0.0
-9.405097080161795e-05	1.0
-7.935915346024558e-05	1.0
0.0	1.0
-0.0002607500646263361	1.0
0.0	1.0
0.0	1.0
0.0	0.055
