0.0	1.0
-0.002292777644470334	0.0
0.0	0.0
0.0	1.0
0.0	0.0
-2.0222085339582918e-08	1.0
0.0	1.0
0.0	0.0
-0.03163880109786987	0.0
-0.0018032111693173647	0.0
0.0	0.0
0.0	1.0
-8.796953625278547e-05	0.0
0.0	1.0
0.0	0.0
0.0	0.21664994984954863
-1.7424272300559096e-05	1.0
0.0	1.0
0.0	1.0
0.0	0.005044136191677175
0.0	1.0
-0.000467468227725476	1.0
-0.0008098985999822617	0.15942028985507245
0.0	1.0
0.0	1.0
-1.351382739045448e-08	1.0
-5.7633536926005036e-05	1.0
0.0	0.0
-5.299057091560921e-13	1.0
0.0	1.0
0.0	0.0
-1.6466879969812e-05	1.0
-2.3008905891686027e-10	1.0
0.0	1.0
0.0	0.0
0.0	1.0
0.0	1.0
0.0	0.0
0.0	1.0
0.0	1.0
0.0	1.0
0.0	1.0
0.0	1.0
-8.58223284012638e-05	1.0
0.0	1.0
0.0	0.0
-1.4022080563336203e-07	1.0
0.0	1.0
0.0	0.40481927710843374
0.0	1.0
0.0	0.0
-1.2315837238929817e-06	0.0
0.0	1.0
0.0	0.0
0.0	0.0
0.0	0.2717391304347826
0.0	0.0
0.0	1.0
0.0	1.0
0.0	1.0
-5.918642020930065e-09	1.0
0.0	0.0
0.0	1.0
-0.0004093637689948082	1.0
-0.00011451516184024513	0.0
0.0	1.0
-5.175479600438848e-06	1.0
-1.3236040103947744e-06	1.0
0.0	1.0
0.0	1.0
-8.224997571915083e-09	1.0
0.0	1.0
-0.00029259955044835806	1.0
-0.007846284657716751	0.0
-8.558996000829211e-07	1.0
0.0	1.0
0.0	1.0
0.0	1.0
0.0	0.0
-7.952389569254592e-05	1.0
0.0	1.0
0.0	1.0
0.0	1.0
0.0	1.0
-4.067410554853268e-05	1.0
0.0	1.0
-0.0005489190225489438	1.0
0.0	1.0
0.0	0.0
-1.3164953998057172e-05	1.0
0.0	0.08223684210526316
-1.8265718608745374e-06	1.0
-0.023396344855427742	0.0
0.0	1.0
0.0	1.0
0.0	1.0
0.0	1.0
-3.178339829901233e-05	1.0
0.0	1.0
0.0	1.0
0.0	1.0
0.0	1.0
0.0	1.0
-0.0006535296561196446	1.0
0.0	0.0
0.0	1.0
-0.0015041956212371588	1.0
0.0	0.0
-0.00597038259729743	0.0
0.0	1.0
0.0	1.0
-1.965709998330567e-05	1.0
-0.0003755392099265009	1.0
0.0	0.1125
-0.00014524383004754782	1.0
-1.0033581077095732e-07	0.0
0.0	0.0
0.0	1.0
-0.002490690443664789	0.1270053475935829
0.0	1.0
-4.514138041145088e-08	0.004010695187165776
-5.591267108684406e-05	0.0
0.0	1.0
0.0	1.0
0.0	1.0
0.0	0.0
0.0	1.0
-2.143011768040992e-09	1.0
-0.0004270542412996292	1.0
0.0	1.0
0.0	1.0
0.0	1.0
-3.960926551371813e-05	1.0
-0.000968439388088882	0.04594594594594595
0.0	1.0
-1.9149340005242266e-05	1.0
0.0	1.0
-2.390739837210276e-06	1.0
0.0	0.003289473684210526
-1.360436544928234e-05	1.0
0.0	1.0
0.0	1.0
-0.014846784062683582	0.0
0.0	1.0
0.0	1.0
-0.00022106594406068325	1.0
-3.24125082329374e-08	1.0
0.0	0.0
0.0	1.0
0.0	0.0
-0.0010256964014843106	1.0
-3.181371539540123e-06	1.0
-1.6183011528059232e-11	1.0
-5.685716314474121e-05	1.0
0.0	1.0
0.0	1.0
0.0	0.0
-2.979176861117594e-05	0.0
0.0	1.0
0.0	1.0
0.0	0.0
0.0	0.452991452991453
0.0	1.0
0.0	1.0
0.0	0.0
0.0	0.0
0.0	1.0
-3.6372926842886955e-05	1.0
0.0	1.0
-0.002099892357364297	0.0
-0.0031101068016141653	1.0
0.0	1.0
0.0	1.0
0.0	0.0
0.0	0.0
-0.0015531323151662946	1.0
-6.142559527688718e-08	1.0
0.0	1.0
0.0	1.0
0.0	1.0
0.0	1.0
-5.515811062650755e-05	1.0
0.0	0.0
0.0	1.0
0.0	0.0
0.0	1.0
0.0	1.0
-1.925363761756671e-07	0.07671232876712329
0.0	1.0
0.0	0.0
0.0	1.0
-0.0001057481495081447	1.0
-0.007394465152174234	0.0
0.0	0.0
-0.0025543849915266037	0.0
0.0	1.0
0.0	1.0
-1.179080663860077e-05	0.0
0.0	1.0
0.0	1.0
-0.0037268586456775665	1.0
0.0	1.0
-2.988689504213049e-11	1.0
-1.2339925206106273e-06	1.0
0.0	1.0
-0.0013094779569655657	1.0
0.0	1.0
-1.381916635160088e-13	1.0
-3.147878305753693e-05	1.0
-0.0016052699647843838	0.0
0.0	0.0
-7.2327216003031936e-06	1.0
0.0	0.0
-1.4825444205612825e-09	0.0
0.0	1.0
-0.00021512131206691265	1.0
0.0	0.075
0.0	0.0
-0.0010900399647653103	0.6843853820598007
0.0	1.0
0.0	1.0
-0.00043359355186112225	1.0
0.0	1.0
0.0	1.0
0.0	1.0
0.0	0.0
0.0	0.0
0.0	0.0
0.0	1.0
0.0	1.0
-0.00239965645596385	1.0
0.0	1.0
0.0	0.0
0.0	1.0
0.0	0.9105691056910569
-3.6239298424334265e-06	1.0
0.0	1.0
-0.00262701534666121	0.0
0.0	1.0
-8.004582809917338e-07	0.0
-1.1565135764612933e-06	1.0
0.0	1.0
0.0	1.0
0.0	1.0
-2.2974625153437955e-06	1.0
0.0	1.0
0.0	1.0
0.0	1.0
-0.0007724793977104127	1.0
0.0	1.0
0.0	1.0
-8.09013636171585e-06	1.0
-4.811283460526283e-08	1.0
0.0	1.0
0.0	0.0
0.0	1.0
0.0	0.0
0.0	1.0
0.0	1.0
0.0	0.0
0.0	1.0
0.0	0.0
0.0	1.0
-0.0015551898395642638	0.037
-0.00507599301636219	0.016
0.0	0.0
0.0	1.0
0.0	1.0
0.0	1.0
0.0	0.0
0.0	1.0
-2.2857477233628742e-05	1.0
0.0	1.0
0.0	1.0
0.0	1.0
0.0	1.0
0.0	1.0
0.0	1.0
0.0	0.0
0.0	0.0
0.0	1.0
-0.0022389525547623634	1.0
-0.023579895496368408	0.0
-4.507328867475735e-06	1.0
0.0	1.0
0.0	1.0
0.0	1.0
0.0	1.0
0.0	0.0
-0.0009008893393911421	1.0
0.0	1.0
0.0	1.0
-6.0908496379852295e-05	1.0
-5.642202417083242e-12	1.0
-4.596107494592161e-09	0.0
0.0	1.0
-0.0011805205140262842	1.0
0.0	0.8974358974358975
-0.00017121346900239587	1.0
0.0	1.0
0.0	0.0
-2.5512665615678998e-06	1.0
0.0	1.0
0.0	1.0
0.0	0.0
0.0	0.0
-0.0002026318688876927	1.0
-0.00032277064747177064	1.0
0.0	1.0
-0.01935689151287079	0.0
-3.046736765099922e-06	1.0
-3.007943860211526e-06	0.0
0.0	1.0
-6.381958519341424e-05	1.0
-0.00010215686779702082	1.0
-1.6695784097464639e-06	1.0
0.0	0.0
-0.0001442941720597446	1.0
0.0	1.0
0.0	1.0
0.0	1.0
-1.735997656737709e-08	0.0
-0.0026189053896814585	1.0
-2.2928552425582893e-05	1.0
0.0	1.0
-7.839308580059878e-08	1.0
-1.6867525118868798e-05	1.0
-0.0003507051442284137	1.0
-2.2494354197988287e-05	1.0
0.0	1.0
0.0	0.0
-8.125761814881116e-05	1.0
-0.01430660579353571	0.0
0.0	1.0
0.0	1.0
0.0	0.0
0.0	0.0
-4.727779696622747e-07	0.014545454545454545
0.0	1.0
0.0	1.0
0.0	1.0
0.0	0.0
-2.5050711727203634e-08	0.8254716981132075
-4.049813924211776e-06	1.0
0.0	0.794251134644478
-0.00010930657299468294	0.15578947368421053
0.0	1.0
-0.00018810108304023743	1.0
0.0	0.09213483146067415
0.0	1.0
-0.00046092525008134544	0.0
0.0	1.0
0.0	1.0
-4.307320068619447e-06	1.0
0.0	0.06164383561643835
-2.495125045243185e-05	0.26741803278688525
0.0	0.0
-5.509764946509677e-07	0.0
-0.0002750808489508927	0.39563106796116504
0.0	1.0
-2.8656624295742006e-10	1.0
0.0	0.03333333333333333
-0.0006805622251704335	1.0
-9.11037659534486e-06	1.0
0.0	1.0
-0.00024411489721387625	1.0
0.0	0.45454545454545453
0.0	0.0
-1.004200498755381e-06	1.0
-0.0008391855517402291	1.0
-0.0070937019772827625	0.0
0.0	1.0
-0.0003110230027232319	1.0
0.0	1.0
0.0	1.0
-1.5177840850810753e-06	1.0
0.0	1.0
0.0	1.0
-0.00013299088459461927	0.0
-2.04666284056099e-15	1.0
0.0	0.0
-4.228536687467255e-10	0.0
0.0	1.0
0.0	1.0
0.0	1.0
0.0	1.0
0.0	1.0
0.0	1.0
0.0	1.0
0.0	1.0
0.0	1.0
0.0	1.0
0.0	0.0
-0.001434379257261753	0.0
0.0	1.0
-2.6046234779641964e-05	1.0
0.0	1.0
0.0	1.0
-0.000291661883238703	1.0
-1.1119921509816777e-05	1.0
-0.002509006764739752	0.0
0.0	1.0
-5.0862374337157235e-05	1.0
-0.0006120348698459566	1.0
0.0	1.0
-0.0003049760707654059	0.0
-0.00025594548787921667	0.0
0.0	0.36097560975609755
-7.738432941550855e-06	1.0
0.0	1.0
0.0	0.0
-5.939110906183487e-06	1.0
0.0	1.0
0.0	1.0
-0.0003266079584136605	0.0
0.0	1.0
-3.817750382495433e-07	1.0
-0.030574297532439232	0.0
-1.3624789074739851e-09	0.0
-0.00019439005700405687	1.0
-0.0010229268809780478	1.0
0.0	1.0
0.0	1.0
0.0	1.0
-1.1786441973526962e-05	0.021844660194174758
0.0	1.0
0.0	1.0
-0.0011325075756758451	0.08771929824561403
0.0	1.0
0.0	0.0
0.0	1.0
0.0	0.0
-0.0017533318605273962	0.0
-8.191386200451234e-07	1.0
0.0	1.0
0.0	1.0
-0.00012647657422348857	0.47877984084880637
0.0	0.38497652582159625
0.0	1.0
0.0	1.0
-3.6025073768541915e-06	0.0
0.0	1.0
0.0	1.0
0.0	1.0
-2.7495843823999166e-07	1.0
-2.2893864581874368e-08	1.0
0.0	1.0
-1.3747102457273286e-05	1.0
0.0	0.0
-1.8530797660787357e-06	1.0
0.0	1.0
-1.4639151231676806e-05	1.0
-0.0005809395224787295	0.0
0.0	1.0
0.0	1.0
0.0	1.0
-0.0010435213334858418	1.0
0.0	1.0
0.0	1.0
0.0	1.0
0.0	1.0
-0.0008910176693461835	0.0
0.0	1.0
-2.536610850256693e-07	1.0
0.0	1.0
0.0	1.0
0.0	1.0
-0.0003678961656987667	0.0
0.0	1.0
0.0	0.0
-7.236781584651908e-06	1.0
-0.0001599496608832851	0.01652892561983471
-2.2834907298374674e-09	1.0
0.0	1.0
-6.84951592120342e-05	0.0
0.0	0.0
0.0	0.0
0.0	1.0
0.0	1.0
0.0	1.0
0.0	1.0
0.0	0.0
0.0	0.0
0.0	1.0
-2.6699683076003566e-05	1.0
-3.356947900101659e-06	1.0
0.0	1.0
-9.584706361920325e-08	1.0
-0.010282204486429691	0.0
-3.917524736607447e-05	1.0
0.0	0.0
0.0	0.0
0.0	1.0
-0.0012937876163050532	1.0
0.0	1.0
0.0	1.0
0.0	0.10576923076923077
0.0	1.0
0.0	1.0
0.0	1.0
-0.0003402286092750728	1.0
0.0	1.0
-4.4301245907263365e-06	0.0
-2.5070507945201825e-06	1.0
0.0	0.41353383458646614
0.0	0.0
0.0	0.41353383458646614
0.0	1.0
0.0	1.0
0.0	1.0
-4.98984076280351e-10	1.0
0.0	0.0125
0.0	1.0
0.0	1.0
0.0	1.0
-1.5617371840193073e-09	1.0
0.0	0.0
0.0	0.0
-0.00035667954944074154	1.0
-1.2194767805340234e-05	0.0
-0.0003685675037559122	1.0
-0.0020400432404130697	0.0
0.0	1.0
0.0	1.0
-8.577734661230352e-06	0.0
-2.6618234727493473e-08	0.0
0.0	1.0
0.0	0.0
0.0	1.0
0.0	1.0
-0.00043744436698034406	1.0
-1.0311459464062978e-09	0.2541176470588235
0.0	1.0
0.0	0.0
0.0	1.0
0.0	1.0
0.0	1.0
0.0	1.0
0.0	1.0
0.0	1.0
0.0	1.0
0.0	0.0
0.0	1.0
-0.0006278322543948889	1.0
0.0	1.0
0.0	1.0
-2.278166175528895e-05	1.0
0.0	0.0
-5.124785457155667e-05	0.246
0.0	0.0
