-0.024012794718146324	0.0
0.0	1.0
0.0	1.0
0.0	1.0
0.0	0.0
0.0	1.0
0.0	1.0
0.0	1.0
0.0	1.0
0.0	0.0
-2.4904718884499744e-05	0.0
-0.0008952265488915145	1.0
-0.0011532624484971166	0.0
-2.1599751562462188e-05	1.0
0.0	1.0
-1.1834122233267408e-06	1.0
-0.0023341516498476267	0.4594320486815416
0.0	1.0
-7.413732237182558e-05	1.0
-1.6048765871801152e-07	1.0
-2.0275723727536388e-05	0.5597560975609757
0.0	1.0
0.0	1.0
0.0	1.0
-7.96223673660279e-07	0.0
-8.437880296696676e-07	0.0
-8.918454113882035e-05	1.0
0.0	0.0
0.0	1.0
-6.427468179026619e-05	0.0
0.0	1.0
0.0	1.0
0.0	0.0
-6.325770840476252e-08	1.0
0.0	1.0
-8.195390364562627e-06	1.0
0.0	0.0
-0.0005618267459794879	1.0
0.0	1.0
-1.5766731564781367e-07	0.0
0.0	1.0
-4.224824806442484e-05	1.0
0.0	1.0
0.0	1.0
0.0	1.0
-0.0004802062758244574	1.0
0.0	0.0
0.0	1.0
0.0	1.0
-0.0004537723434623331	1.0
0.0	0.0
0.0	0.0
0.0	1.0
0.0	0.0
0.0	0.0
-0.0005737012252211571	1.0
-8.517203582414368e-07	1.0
0.0	0.0
0.0	1.0
-2.8848723410135335e-10	1.0
0.0	1.0
-0.003917049150913954	0.0
-0.0006647267728112638	1.0
-1.6026460798457265e-05	1.0
-0.0009519067825749516	1.0
-0.003896178910508752	0.0
-5.284721282805549e-08	0.0
0.0	1.0
0.0	1.0
0.0	1.0
0.0	1.0
-0.00010301766451448202	1.0
0.0	1.0
0.0	1.0
0.0	1.0
0.0	1.0
-0.0007812313851900399	1.0
-1.4802100167798926e-07	0.0966183574879227
-7.5420202847453766e-06	1.0
0.0	1.0
-7.436525265802629e-06	1.0
-6.409243979987878e-08	1.0
0.0	1.0
0.0	1.0
-9.3595459475182e-05	1.0
-0.003318740287795663	0.0
0.0	1.0
0.0	1.0
-8.522509597241879e-05	0.0
-2.9794121019222075e-06	1.0
-2.2054297277307455e-10	1.0
0.0	0.3575757575757576
0.0	1.0
0.0	1.0
-0.0005924805300310254	1.0
-8.761404615142965e-07	1.0
0.0	0.004010695187165776
-1.3463007235259283e-05	1.0
0.0	1.0
0.0	1.0
0.0	0.0
0.0	1.0
0.0	1.0
0.0	0.02976190476190476
0.0	1.0
0.0	1.0
0.0	1.0
0.0	0.0
-4.228809316608739e-11	1.0
0.0	1.0
-0.023281201720237732	0.0
0.0	1.0
0.0	1.0
0.0	0.0
0.0	1.0
0.0	1.0
0.0	0.0
0.0	1.0
-0.00027004539151676	0.9947159841479525
0.0	0.0
0.0	1.0
-0.0014104570727795362	0.060215053763440864
0.0	1.0
0.0	1.0
0.0	1.0
-0.00011246592475799844	1.0
0.0	1.0
0.0	1.0
0.0	1.0
0.0	1.0
-0.059392839670181274	0.0
0.0	1.0
-1.4436555829888675e-05	1.0
0.0	1.0
-7.669020305911545e-06	1.0
0.0	1.0
-5.3999601732357405e-06	0.12237762237762238
0.0	0.0
-4.1538885852787644e-05	1.0
0.0	1.0
-3.990434720435587e-07	1.0
0.0	0.0
-1.4163114236964702e-08	0.0
0.0	1.0
0.0	1.0
0.0	1.0
0.0	0.0
-0.0006861339788883924	0.006060606060606061
0.0	1.0
0.0	1.0
0.0	1.0
-0.00014297889720182866	1.0
0.0	0.770854271356784
-0.0001530026493128389	1.0
-0.0002881513792090118	1.0
0.0	1.0
0.0	1.0
0.0	1.0
-0.001787405228242278	1.0
0.0	1.0
-0.00030780304223299026	1.0
-0.00031173633760772645	1.0
-0.002552162390202284	0.013315579227696404
0.0	0.0
0.0	0.0
-1.2385055470076622e-06	1.0
-0.0009702323586679995	0.0
-2.0343075846085412e-07	1.0
-4.260286732460372e-05	0.0
0.0	0.0
-2.4479826606693678e-05	1.0
0.0	1.0
0.0	1.0
-0.042825594544410706	0.0
0.0	1.0
0.0	1.0
0.0	1.0
-6.078867500036722e-06	0.0
0.0	1.0
0.0	1.0
0.0	1.0
0.0	1.0
0.0	0.0
0.0	1.0
0.0	0.0
0.0	1.0
0.0	1.0
-3.1110612326301634e-06	1.0
-4.6388151531573385e-05	1.0
-1.6701431349019913e-08	1.0
-0.00026520484243519604	0.0
-1.1009115041815676e-05	0.0
-2.823463364620693e-05	1.0
0.0	1.0
0.0	0.0
0.0	0.0
0.0	1.0
-6.514456885042819e-08	1.0
-0.006143319420516491	0.0
0.0	1.0
0.0	0.0
-5.2417704864637926e-05	1.0
0.0	0.0
0.0	0.2072072072072072
0.0	1.0
-0.02587171457707882	0.0
0.0	1.0
-0.014927101321518421	0.0
0.0	1.0
0.0	1.0
-2.0714222159767814e-07	1.0
-0.00012291262100916356	0.0
0.0	0.926
0.0	1.0
-0.0032228732015937567	0.0
0.0	1.0
-0.01958824321627617	0.0
-0.006304384674876928	1.0
0.0	1.0
0.0	0.04950495049504951
-0.00037476426223292947	0.031683168316831684
0.0	1.0
0.0	1.0
0.0	1.0
0.0	1.0
-4.737577455671271e-06	1.0
-4.79529844596982e-05	0.0058823529411764705
-3.0909986890037544e-06	1.0
-2.7759392651205417e-07	1.0
0.0	1.0
-5.105315722175874e-05	1.0
-1.320778331148631e-08	0.0
0.0	1.0
0.0	0.0
0.0	0.1694915254237288
0.0	0.0
0.0	1.0
-0.003386943368241191	0.0
0.0	1.0
0.0	1.0
0.0	1.0
-0.001577111310325563	1.0
0.0	1.0
0.0	1.0
-0.00042003003181889653	1.0
0.0	1.0
-2.4837425371515565e-05	1.0
0.0	0.0
0.0	1.0
0.0	1.0
-0.00010173790360568091	0.018433179723502304
-3.4028084883175325e-06	1.0
0.0	1.0
-0.00021611849660985172	1.0
0.0	1.0
-0.0016162374522536993	1.0
0.0	1.0
0.0	0.0
0.0	1.0
-2.2353448259071484e-10	0.005905511811023622
0.0	1.0
0.0	1.0
-1.4795627066632733e-05	0.0
0.0	0.03723404255319149
0.0	1.0
0.0	1.0
0.0	1.0
0.0	1.0
0.0	1.0
0.0	0.0
0.0	1.0
-2.1652537895988644e-07	1.0
-0.016750454902648926	0.0
-2.3354755285254214e-06	1.0
-0.001964254304766655	1.0
-0.0010141648817807436	0.0
-0.00013297126861289144	1.0
0.0	1.0
0.0	1.0
0.0	0.0
0.0	1.0
-7.424441150760686e-08	0.4
0.0	1.0
0.0	1.0
-6.717274663969874e-05	0.0
0.0	1.0
0.0	1.0
0.0	0.006377551020408163
0.0	0.0
0.0	1.0
0.0	1.0
-0.005572291556745768	0.43636363636363634
0.0	1.0
0.0	1.0
-8.131000504363328e-05	1.0
0.0	1.0
0.0	1.0
0.0	0.0
0.0	0.0
0.0	0.0
0.0	1.0
-6.255251264519757e-06	1.0
0.0	1.0
0.0	1.0
0.0	1.0
0.0	1.0
0.0	1.0
0.0	1.0
0.0	1.0
0.0	1.0
0.0	1.0
0.0	0.043668122270742356
0.0	0.9065868263473054
0.0	0.008733624454148471
-0.0017142129363492131	1.0
-9.12015912035713e-06	1.0
0.0	0.0
-0.0003636603069026023	1.0
0.0	0.0
0.0	1.0
0.0	1.0
0.0	1.0
-8.601151057519019e-05	0.0
0.0	1.0
0.0	0.0
-6.837946875393186e-12	1.0
0.0	1.0
0.0	1.0
0.0	0.4941935483870968
-0.000533191894646734	1.0
0.0	1.0
0.0	1.0
0.0	1.0
-1.1563508451217785e-05	1.0
-0.00025943847140297294	0.0
-0.00028315934468992054	1.0
0.0	0.1
-0.01075067836791277	0.0
0.0	0.0
0.0	1.0
0.0	0.0
-0.0014751726994290948	0.0
0.0	1.0
0.0	1.0
-0.00021788474987260997	1.0
0.0	0.0
-2.543901246099267e-05	0.0
-0.0004997237701900303	1.0
-7.275530151673593e-06	1.0
0.0	1.0
-1.0496514952790942e-13	1.0
-0.0002308364782948047	1.0
0.0	0.3
-5.59655818506144e-05	1.0
-0.00020190136274322867	1.0
-0.0003317519440315664	1.0
-0.001377808628603816	1.0
0.0	1.0
0.0	1.0
0.0	1.0
0.0	1.0
0.0	1.0
-0.00022075959714129567	0.0
-7.029971129668411e-07	1.0
-0.0008033686317503452	0.18981972428419935
0.0	1.0
0.0	1.0
-1.7379452321719668e-09	0.14189189189189189
-1.267537572857691e-05	1.0
0.0	1.0
0.0	0.0
0.0	1.0
-0.00011628084757830948	0.0
0.0	1.0
0.0	0.0
0.0	1.0
0.0	1.0
-0.002818644279614091	0.1981981981981982
0.0	1.0
-9.367841812490951e-06	1.0
0.0	0.0
0.0	0.0
0.0	1.0
-0.00010182826372329146	0.0
0.0	1.0
-0.00510591734200716	0.0
0.0	1.0
-0.003680141642689705	1.0
-1.644795162292212e-07	0.0
0.0	1.0
-0.00015157891903072596	1.0
-0.0031101263593882322	1.0
0.0	0.0
-0.0006809455226175487	0.0
0.0	1.0
-1.7823081179813016e-06	1.0
-1.460892185001228e-09	1.0
0.0	1.0
-5.859962470822211e-07	1.0
-6.0514135839184746e-05	1.0
0.0	1.0
-0.0004754143883474171	0.016913319238900635
-0.0006484293844550848	1.0
0.0	1.0
0.0	0.75
0.0	0.06340956340956341
-0.01122264564037323	0.0
0.0	0.5555555555555556
0.0	1.0
0.0	1.0
0.0	1.0
-0.00013805553317070007	1.0
0.0	1.0
-2.550829414360578e-08	0.0
-3.386124444659799e-05	1.0
-2.431609580355598e-08	1.0
-0.0031421843450516462	0.0
0.0	1.0
-0.0002568618510849774	1.0
0.0	1.0
0.0	0.0
-0.0012361699482426047	1.0
0.0	1.0
0.0	1.0
0.0	1.0
0.0	0.0
-0.006029922515153885	0.0
0.0	1.0
-6.331744089038693e-07	0.0
0.0	0.0
0.0	1.0
-0.003199150785803795	1.0
0.0	1.0
0.0	0.0
0.0	0.0
-3.0070710366203457e-09	1.0
-0.0012828599428758025	1.0
-0.00011960612027905881	0.34398976982097185
0.0	0.0
0.0	1.0
0.0	1.0
-0.0001845369697548449	0.0
-3.935897257179022e-05	1.0
-0.0008288130047731102	1.0
0.0	1.0
0.0	1.0
0.0	1.0
-0.00016195019998122007	1.0
-0.0002646996872499585	0.0
0.0	1.0
-0.008215709589421749	0.0
0.0	1.0
0.0	1.0
-0.0020725997164845467	1.0
-0.002430503023788333	1.0
0.0	1.0
0.0	0.0
0.0	1.0
0.0	1.0
-2.1036777980043553e-05	1.0
0.0	1.0
0.0	1.0
-2.655022228736925e-07	1.0
-0.0004399554745759815	0.0
-1.89853035408305e-05	0.0
0.0	1.0
0.0	0.0
-0.000112273330159951	1.0
-0.0004361323080956936	1.0
0.0	1.0
0.0	1.0
-1.2611483905800025e-11	0.0
0.0	0.0
0.0	1.0
0.0	0.0319031903190319
0.0	1.0
0.0	0.0
0.0	0.0
-6.995065632509068e-05	1.0
0.0	1.0
-0.00010094042954733595	0.048484848484848485
0.0	0.0
-0.00723907770588994	0.0
0.0	0.004366812227074236
-0.0018037573900073767	1.0
-1.760687882779166e-05	1.0
0.0	1.0
0.0	1.0
0.0	0.0
-3.050084851352608e-09	0.0
-2.7755071641877294e-05	1.0
-1.6781188605818897e-05	1.0
0.0	1.0
0.0	1.0
-4.212273415760137e-05	1.0
0.0	1.0
0.0	1.0
0.0	1.0
-1.1728676327038556e-05	0.04924242424242424
-3.290404492872767e-06	0.42857142857142855
0.0	1.0
0.0	1.0
0.0	1.0
0.0	1.0
-0.0003674601612146944	1.0
0.0	1.0
0.0	0.7568807339449541
0.0	0.015873015873015872
-1.6363449262257745e-08	0.0
0.0	1.0
-2.5050619356647985e-09	0.32075471698113206
0.0	0.0
0.0	1.0
-0.0005365992547012866	1.0
0.0	0.0
-2.6192710720351897e-05	1.0
0.0	0.0
0.0	1.0
0.0	1.0
-7.327003714863167e-08	1.0
0.0	1.0
0.0	1.0
-0.0034154069144278765	0.0
0.0	1.0
-1.6971499690043856e-06	1.0
0.0	1.0
-5.969931180516141e-07	1.0
-0.00034858426079154015	1.0
0.0	1.0
0.0	1.0
-2.9505388283723732e-06	1.0
0.0	1.0
-0.006768092513084412	0.0
0.0	0.0
-5.4147440096130595e-05	1.0
-0.024768782779574394	0.84
0.0	1.0
0.0	1.0
-0.018153231590986252	0.0
0.0	1.0
-1.7670603869035517e-09	1.0
-0.01371788140386343	0.0
0.0	0.0
-0.000206782016903162	1.0
0.0	1.0
0.0	1.0
0.0	0.0
0.0	1.0
-2.3080376649886603e-06	0.0
0.0	1.0
0.0	1.0
0.0	1.0
-7.762770110275596e-05	1.0
0.0	1.0
0.0	1.0
-0.016057582572102547	0.0
-0.016148794442415237	0.0
0.0	1.0
-1.8344899217481725e-06	1.0
0.0	0.0
