0.0	1.0
0.0	1.0
-0.00017381887300871313	1.0
-0.00019478243484627455	1.0
-6.64603867335245e-05	1.0
0.0	0.0
-9.613236761651933e-05	1.0
0.0	1.0
0.0	0.0
-0.0011098070535808802	0.0
0.0	1.0
0.0	0.6847826086956522
-6.561989618347752e-09	1.0
-0.00027880672132596374	1.0
-3.968151759181637e-06	1.0
-0.0004207041929475963	1.0
-0.001515424344688654	1.0
-2.6012070520664565e-05	1.0
-8.60234461441678e-09	1.0
-0.010293932631611824	0.0
-2.0119239707128145e-05	1.0
0.0	1.0
0.0	1.0
-7.633853016386638e-08	0.0
0.0	0.0
0.0	1.0
0.0	0.0
0.0	1.0
0.0	1.0
-1.7555496469867649e-06	1.0
0.0	1.0
0.0	1.0
0.0	1.0
0.0	1.0
-0.00016318977577611804	0.0
0.0	1.0
0.0	0.0
0.0	1.0
0.0	1.0
-0.00011259544407948852	0.7904656319290465
-2.54260736909373e-08	1.0
0.0	0.0
0.0	1.0
0.0	1.0
0.0	1.0
0.0	0.0
-0.008108033798635006	0.0
-0.00033119480940513313	1.0
-0.000343192252330482	1.0
-4.8542464355705306e-05	0.0
-5.899697498534806e-06	1.0
0.0	1.0
0.0	1.0
-0.038136325776576996	0.0
0.0	1.0
0.0	1.0
-7.264655869221315e-05	1.0
0.0	1.0
0.0	1.0
-3.06009906125837e-06	1.0
-0.0012868205085396767	0.0
0.0	1.0
0.0	0.0
0.0	1.0
0.0	1.0
0.0	0.0
-0.0005533681833185256	1.0
0.0	1.0
0.0	1.0
0.0	0.0
0.0	1.0
0.0	0.0
0.0	0.35251798561151076
-0.017274614423513412	0.0
0.0	1.0
-3.5608602502179565e-06	1.0
0.0	1.0
0.0	1.0
-1.4593723562938976e-06	0.0
0.0	1.0
-1.2621462701645214e-05	1.0
0.0	1.0
0.0	1.0
0.0	0.0
0.0	1.0
0.0	0.02127659574468085
-3.6512337828753516e-05	1.0
0.0	0.687
-0.0017123720608651638	1.0
-0.02450970560312271	0.0
0.0	1.0
-0.0002504475705791265	1.0
0.0	1.0
0.0	1.0
0.0	1.0
0.0	1.0
0.0	1.0
-0.0007284542080014944	0.0
0.0	1.0
-4.3506884206401253e-10	1.0
0.0	1.0
0.0	1.0
-0.003599692601710558	0.0
0.0	1.0
0.0	1.0
0.0	1.0
0.0	1.0
0.0	1.0
-0.0020563416182994843	0.0
0.0	1.0
0.0	0.0
-4.514382453635335e-05	1.0
0.0	1.0
0.0	1.0
0.0	0.4684052156469408
0.0	1.0
0.0	1.0
0.0	1.0
0.0	0.0
0.0	1.0
-5.43482144621521e-07	1.0
-8.058345702011138e-05	1.0
-0.0007040091441012919	0.0
0.0	0.0
-0.0019977549090981483	1.0
0.0	1.0
0.0	0.4147982062780269
-0.00016372867685277015	1.0
0.0	1.0
0.0	1.0
0.0	0.3617677286742035
-0.00019326629990246147	1.0
0.0	0.1693121693121693
-0.0013183713890612125	0.0
0.0	0.06912442396313365
-2.3693789330536674e-07	1.0
0.0	1.0
-2.1480632312886883e-06	0.0
0.0	1.0
0.0	1.0
-2.0793149815290235e-05	0.0
-3.401408685022034e-05	1.0
0.0	1.0
-3.6175795692372503e-09	1.0
0.0	1.0
-0.00429111160337925	1.0
-0.013142419047653675	0.0
0.0	0.0
-8.042935633056914e-07	0.0
0.0	1.0
-6.417146636295001e-08	1.0
0.0	0.0
0.0	1.0
0.0	1.0
0.0	0.3176895306859206
-3.797154146667481e-09	1.0
-1.2324417184572667e-05	0.0
0.0	1.0
0.0	1.0
0.0	1.0
-4.3542815546970814e-05	1.0
-0.00025462149642407894	0.0
0.0	1.0
0.0	1.0
0.0	1.0
-7.5048510552733205e-06	0.10204081632653061
0.0	1.0
-0.0014089016476646066	0.0
0.0	0.02127659574468085
0.0	0.0
-0.0021175227593630552	1.0
-0.0008128854096867144	0.0
-0.0013813162222504616	1.0
-1.55474990606308e-05	1.0
0.0	0.0
0.0	1.0
-2.2096527274584332e-08	0.0
0.0	0.0
-0.00024823113926686347	0.0
-0.00021945562912151217	0.0
0.0	1.0
-6.2205058384279255e-06	1.0
0.0	1.0
0.0	1.0
0.0	1.0
-0.0003428747004363686	1.0
-7.368540777541455e-10	1.0
0.0	1.0
0.0	0.0
-4.5812335883965716e-05	1.0
-0.0003982492198701948	1.0
-0.0003942466573789716	1.0
0.0	1.0
0.0	1.0
-1.359819862045697e-06	1.0
-0.0010519984643906355	0.0
0.0	1.0
0.0	0.0
0.0	1.0
0.0	1.0
0.0	1.0
0.0	1.0
0.0	1.0
0.0	1.0
-1.4512039570035995e-07	1.0
-5.578051786869764e-05	0.0
0.0	1.0
0.0	1.0
0.0	0.014652014652014652
0.0	1.0
0.0	1.0
0.0	1.0
0.0	1.0
0.0	1.0
-0.0020270817913115025	1.0
-7.132873847126575e-09	1.0
-0.00017879813094623387	1.0
0.0	1.0
0.0	0.0
-2.5401637685718015e-05	1.0
0.0	1.0
-5.064067863713717e-06	1.0
0.0	1.0
0.0	0.0
0.0	1.0
-0.0002160141448257491	1.0
0.0	1.0
0.0	0.5960698689956332
0.0	1.0
-6.945081986486912e-05	0.19298245614035087
0.0	1.0
0.0	1.0
0.0	1.0
-6.047443093848415e-06	1.0
0.0	1.0
0.0	0.0
0.0	0.10204081632653061
0.0	1.0
-0.001914423075504601	1.0
-0.0029444622341543436	1.0
0.0	1.0
0.0	1.0
0.0	0.15778019586507072
0.0	1.0
0.0	1.0
-0.00015435325622092932	0.0
-5.802346277050674e-05	1.0
0.0	1.0
-9.543729220240493e-07	0.0
0.0	1.0
-0.00019729406631086022	0.03165735567970205
0.0	1.0
0.0	1.0
0.0	1.0
0.0	0.0
-0.002233204199001193	1.0
-0.0002680053876247257	1.0
0.0	1.0
-7.654629007447511e-05	0.0
0.0	1.0
-0.0029474615585058928	0.0
0.0	0.0
0.0	0.0
0.0	1.0
0.0	1.0
0.0	1.0
0.0	1.0
0.0	1.0
0.0	0.018691588785046728
0.0	0.0
0.0	1.0
-2.560659184691616e-10	0.0
-1.1738348071332894e-08	0.0
-0.0006957996520213783	1.0
0.0	1.0
-0.01846013031899929	0.0
0.0	1.0
0.0	1.0
0.0	0.662020905923345
0.0	1.0
-0.00015415764937642962	1.0
-0.00030983571195974946	1.0
-7.531476740041398e-07	1.0
0.0	0.0
-0.004179311916232109	0.0
0.0	0.0
0.0	1.0
-2.0287172446842305e-05	0.3013013013013013
-0.004889141768217087	0.005405405405405406
0.0	1.0
0.0	1.0
-5.2973960009694565e-06	1.0
-0.010498912073671818	0.0
0.0	1.0
0.0	0.0
-1.5045092993659637e-07	1.0
0.0	1.0
-0.00042962541920132935	1.0
0.0	1.0
-0.00034329082700423896	1.0
0.0	1.0
-6.994976502028294e-06	1.0
0.0	1.0
0.0	1.0
0.0	0.0
0.0	1.0
-0.00014401943190023303	1.0
0.0	0.0
0.0	1.0
-0.00010227060556644574	1.0
0.0	1.0
0.0	0.0
0.0	1.0
0.0	1.0
0.0	0.6341463414634146
-1.7351221848205256e-10	0.0
0.0	1.0
0.0	1.0
0.0	1.0
0.0	0.0
-2.4108403522404842e-05	1.0
-1.1332813301123679e-06	1.0
0.0	1.0
0.0	0.009009009009009009
-0.012696599587798119	0.0
0.0	1.0
0.0	0.0
0.0	1.0
-3.918491486842868e-08	1.0
0.0	1.0
0.0	1.0
-4.1001385397976264e-05	1.0
-0.0005156797706149518	1.0
0.0	1.0
0.0	1.0
0.0	0.7564625850340136
0.0	1.0
0.0	1.0
-0.0004354017146397382	1.0
0.0	1.0
0.0	1.0
0.0	0.39305555555555555
0.0	1.0
-5.417570038412922e-12	1.0
0.0	1.0
0.0	1.0
0.0	1.0
0.0	1.0
0.0	1.0
-1.548102233073223e-07	1.0
0.0	1.0
0.0	0.0
0.0	1.0
0.0	1.0
0.0	0.0
-0.0007932051084935665	0.0053475935828877
-5.198085091251414e-06	1.0
-0.0029167127795517445	1.0
-4.7547262511216104e-05	1.0
0.0	1.0
-4.8636531573720276e-05	1.0
0.0	1.0
0.0	1.0
0.0	1.0
-0.0037312712520360947	0.0
0.0	1.0
0.0	1.0
0.0	1.0
0.0	0.0
-0.0003066608915105462	1.0
-6.484199548140168e-05	1.0
-0.0009752630721777678	1.0
0.0	0.0
-1.651329694141168e-05	1.0
-5.420234447228722e-05	1.0
0.0	1.0
0.0	0.0
-0.0011284719221293926	0.0
-0.0030471952632069588	0.4246031746031746
0.0	1.0
0.0	1.0
-9.983694326365367e-05	0.0
0.0	1.0
-1.0104732609761413e-05	1.0
0.0	0.2196078431372549
0.0	1.0
-8.307262788775915e-08	1.0
0.0	0.0
-2.7915652026422322e-05	1.0
0.0	0.0
-0.0005707697127945721	1.0
-9.224975656252354e-06	1.0
-8.901499981561756e-09	1.0
0.0	0.6959706959706959
0.0	1.0
-4.654212304444627e-08	1.0
0.0	1.0
0.0	0.0
-1.9220840840716846e-05	0.0
0.0	1.0
0.0	1.0
0.0	1.0
-2.0146961105638184e-05	0.0
0.0	0.0
0.0	0.0
0.0	1.0
0.0	1.0
0.0	1.0
0.0	1.0
0.0	1.0
0.0	0.009615384615384616
-5.965088121229201e-07	1.0
0.0	1.0
0.0	0.06666666666666667
0.0	1.0
0.0	0.0
-0.003220090176910162	0.030612244897959183
0.0	0.0
-0.00031910024699755013	1.0
0.0	0.0
0.0	1.0
0.0	1.0
-2.1335914368592057e-08	0.0
0.0	1.0
-0.0002449113526381552	0.0
-6.318824307527393e-05	1.0
0.0	1.0
-0.00011969669867539778	1.0
0.0	1.0
-2.4142217114331288e-08	1.0
-3.1028976081870496e-05	1.0
-1.3430321814666968e-06	1.0
-1.9544229346024622e-08	1.0
-0.0002487288147676736	1.0
0.0	1.0
0.0	1.0
0.0	1.0
0.0	1.0
-1.6188085594226465e-10	1.0
0.0	1.0
0.0	1.0
0.0	0.005649717514124294
0.0	1.0
0.0	1.0
0.0	1.0
0.0	1.0
-0.00015885336324572563	1.0
-6.532646511914209e-05	1.0
-5.776302714366466e-05	1.0
0.0	0.007462686567164179
-1.649302248551976e-05	1.0
0.0	1.0
0.0	0.0
0.0	1.0
0.0	0.34146341463414637
0.0	1.0
0.0	1.0
-2.284878064529039e-06	0.34146341463414637
0.0	1.0
0.0	1.0
0.0	1.0
-1.168255835182208e-06	1.0
-2.5138371711364016e-05	0.0
-0.0001334367407253012	1.0
-2.49659988185158e-05	1.0
0.0	1.0
-4.964615090558011e-12	1.0
0.0	1.0
0.0	1.0
-0.002553914673626423	0.0
0.0	0.0
0.0	1.0
-0.03960156440734863	0.0
0.0	1.0
0.0	1.0
0.0	1.0
-0.002150725107640028	0.0
-4.9108983546375384e-08	1.0
-9.26700849390727e-08	1.0
-1.4991618613180435e-08	0.0
0.0	0.0
0.0	1.0
-2.5477807866991498e-05	1.0
-7.36864676582627e-05	0.0
0.0	1.0
0.0	1.0
0.0	1.0
0.0	1.0
-4.089918002136983e-05	1.0
0.0	1.0
-0.01279984787106514	0.0
0.0	0.0
0.0	0.059782608695652176
0.0	0.6479663394109397
0.0	1.0
-0.018389351665973663	0.0
0.0	1.0
0.0	1.0
-5.287902695272351e-06	1.0
-6.193167685331318e-16	1.0
0.0	1.0
-3.0322435122798197e-05	1.0
0.0	1.0
0.0	1.0
0.0	1.0
-0.00014349930279422551	1.0
-0.0005704504437744617	1.0
0.0	1.0
0.0	1.0
0.0	1.0
0.0	1.0
0.0	1.0
0.0	1.0
-1.0907974683505017e-05	1.0
0.0	1.0
0.0	1.0
-0.0011382749071344733	1.0
-0.014819980598986149	0.0
-4.006697196246023e-08	1.0
0.0	1.0
0.0	1.0
0.0	1.0
-2.6893680114881136e-05	1.0
0.0	1.0
-4.353407348389737e-06	1.0
0.0	1.0
-0.0001935886248247698	0.0
0.0	0.0
-8.180192168083522e-08	0.0
-0.024915635585784912	0.041237113402061855
0.0	1.0
-0.0006699759978801012	0.0
0.0	1.0
-3.1909433659293475e-15	0.0
-9.232380398316309e-05	0.014492753623188406
0.0	1.0
0.0	1.0
-3.977516982445195e-08	1.0
0.0	1.0
-0.00019155911286361516	1.0
0.0	0.0
-4.780038143081811e-09	1.0
0.0	1.0
0.0	1.0
-0.00023238298308569938	1.0
-7.579605153296143e-05	1.0
0.0	1.0
0.0	0.0
-7.825894954294199e-08	1.0
0.0	1.0
-1.2917134917245221e-08	1.0
0.0	1.0
