0.0	0.0
0.0	1.0
-0.0384322851896286	0.0
0.0	1.0
-3.4659124139579944e-06	1.0
0.0	1.0
-0.004912088625133038	0.0
0.0	0.0
-2.543231130403001e-05	0.0
-9.14168708732177e-07	0.0
0.0	1.0
0.0	1.0
-0.00010665823356248438	1.0
0.0	0.23776223776223776
0.0	1.0
0.0	1.0
0.0	1.0
-1.1716528788840996e-11	1.0
0.0	1.0
-2.71977889099162e-08	1.0
-1.0199813686995185e-06	1.0
0.0	0.03571428571428571
-0.0003500895109027624	1.0
0.0	1.0
0.0	0.8349928876244666
-0.000936848868150264	1.0
0.0	1.0
-0.0032529172021895647	0.0
0.0	1.0
-2.066737926631479e-11	0.17995910020449898
0.0	1.0
0.0	1.0
0.0	0.0
0.0	1.0
-1.6297733964165673e-05	1.0
-3.3165235890919575e-06	0.17657657657657658
-9.921855962602422e-05	1.0
0.0	1.0
0.0	0.0
-0.0001567913859616965	1.0
0.0	1.0
-0.000353428244125098	1.0
-0.00011906208237633109	1.0
0.0	0.0
0.0	1.0
0.0	1.0
0.0	1.0
0.0	1.0
-0.0012485201004892588	0.0
0.0	1.0
0.0	1.0
-0.01204293966293335	0.0
-0.0006766067817807198	1.0
0.0	1.0
0.0	1.0
0.0	0.09900990099009901
-0.00011978515249211341	1.0
0.0	1.0
0.0	1.0
-8.270645594166126e-06	1.0
0.0	1.0
0.0	0.0
0.0	1.0
-1.0130328519153409e-05	1.0
0.0	1.0
0.0	1.0
0.0	1.0
-9.76871233433485e-05	1.0
-2.1521252620004816e-06	1.0
-4.383205620683839e-08	1.0
0.0	0.0
0.0	1.0
0.0	1.0
0.0	1.0
0.0	0.0
-6.70683293719776e-05	1.0
0.0	0.0
0.0	1.0
0.0	1.0
-7.721010479144752e-05	0.0
0.0	1.0
0.0	1.0
0.0	1.0
0.0	0.0
0.0	1.0
0.0	1.0
-0.0016886109951883554	1.0
-1.651741712294097e-07	0.0022197558268590455
-3.57650087323691e-08	0.0
-0.001972234109416604	1.0
0.0	1.0
0.0	1.0
-6.016878614900634e-06	0.0
0.0	1.0
-0.0017435791669413447	0.0
0.0	1.0
0.0	1.0
0.0	0.0
-0.0007521951338276267	1.0
0.0	1.0
-3.1076177720024134e-07	0.03648068669527897
0.0	1.0
-0.00011851212184410542	1.0
0.0	0.0
0.0	1.0
0.0	0.0
0.0	0.0
0.0	1.0
0.0	1.0
0.0	1.0
0.0	1.0
0.0	0.3979591836734694
-0.002403794089332223	0.11395348837209303
0.0	1.0
-2.1881621705688303e-06	0.0
0.0	1.0
0.0	0.0
0.0	1.0
-1.2236760085215792e-06	0.0
0.0	0.0
-0.0015544277848675847	0.0
0.0	0.004228329809725159
-0.0008886656723916531	1.0
0.0	1.0
0.0	1.0
0.0	1.0
0.0	1.0
-0.00011788528354372829	1.0
-2.000292624870781e-05	1.0
0.0	1.0
0.0	1.0
-0.0023453047033399343	0.009615384615384616
0.0	1.0
0.0	1.0
0.0	0.0
0.0	1.0
0.0	0.0
0.0	0.013257575757575758
0.0	1.0
0.0	0.2603719599427754
-1.553782027485795e-07	1.0
0.0	1.0
0.0	1.0
0.0	1.0
0.0	1.0
0.0	0.01048951048951049
-1.8183752301201977e-13	1.0
-1.108576611841272e-06	0.0
-0.0009562640334479511	0.0
0.0	1.0
0.0	0.0
-2.9580101568171813e-07	0.0
-4.65226639789762e-06	0.0
-3.045306402782444e-05	1.0
-0.013653070665895939	0.0
-4.9671740271151066e-05	0.0
-2.8245701741980156e-06	1.0
0.0	0.0
0.0	1.0
0.0	1.0
0.0	1.0
0.0	1.0
0.0	1.0
-0.0002632490068208426	1.0
-0.0011958731338381767	0.07533234859675036
0.0	1.0
0.0	1.0
0.0	1.0
0.0	1.0
0.0	1.0
0.0	1.0
-0.002903672866523266	0.0
-0.000591631222050637	1.0
-1.1773090591304936e-07	1.0
-7.342190189163489e-10	1.0
0.0	1.0
0.0	1.0
0.0	1.0
0.0	1.0
-0.00035779448808170855	1.0
-0.011473491787910461	0.0
0.0	1.0
0.0	1.0
0.0	0.9559032716927454
0.0	0.23076923076923078
-0.0003758676175493747	0.0
0.0	1.0
0.0	0.0
0.0	0.0
0.0	0.2323943661971831
-2.410572415101342e-05	0.64822695035461
0.0	1.0
0.0	1.0
-0.00010512299922993407	0.0
-0.0010258998954668641	1.0
-0.006853614002466202	0.0
0.0	1.0
0.0	1.0
0.0	1.0
0.0	0.0
0.0	1.0
0.0	1.0
-0.0015138338785618544	0.0
0.0	1.0
0.0	0.0
-1.3193575796321966e-06	1.0
0.0	1.0
-4.6124925574986264e-05	1.0
0.0	1.0
-0.00017304415814578533	1.0
0.0	1.0
-3.19234277412761e-05	1.0
0.0	1.0
0.0	1.0
-0.0004817966546397656	0.371
0.0	0.0
-1.004494697554037e-05	1.0
0.0	1.0
0.0	1.0
-0.002385942731052637	1.0
0.0	1.0
-0.011915268376469612	0.0
-9.81375778792426e-05	1.0
0.0	1.0
-3.8236132127167366e-07	0.020833333333333332
-3.2024663596530445e-06	1.0
0.0	1.0
0.0	1.0
0.0	1.0
0.0	0.0
0.0	1.0
0.0	1.0
-0.0009155762381851673	1.0
-0.0008474579080939293	0.0
0.0	1.0
0.0	1.0
-1.9643524140633417e-08	1.0
0.0	1.0
0.0	0.16730038022813687
0.0	0.04
0.0	0.0
-9.414376108907163e-06	1.0
0.0	1.0
-6.74932181254917e-08	1.0
-1.4907137483533006e-05	1.0
-8.36174949654378e-05	1.0
-1.0917367944784928e-05	0.0
0.0	1.0
-1.9063027139054611e-06	1.0
-0.0018539797747507691	0.0
-3.955548493195238e-07	1.0
0.0	0.0
0.0	1.0
-0.003732190001755953	0.007042253521126761
0.0	1.0
-3.603720870160032e-06	1.0
0.0	1.0
0.0	1.0
-0.000656915653962642	1.0
0.0	1.0
0.0	0.0
-0.0015928474022075534	1.0
-1.948283312458443e-09	1.0
0.0	0.0
-0.00034836286795325577	1.0
-0.00010790550004458055	1.0
0.0	1.0
0.0	0.0
0.0	0.0
0.0	0.0
0.0	0.02342606149341142
0.0	1.0
0.0	1.0
-0.0007254150114022195	1.0
0.0	1.0
0.0	0.0
0.0	1.0
-1.7782189942749937e-08	1.0
0.0	1.0
0.0	1.0
-1.4836798982287291e-05	0.0
-2.5451683946173254e-13	1.0
-0.004119351971894503	0.15789473684210525
0.0	1.0
-5.4628180451432584e-11	1.0
-1.9808010165434098e-07	1.0
0.0	1.0
0.0	1.0
0.0	1.0
0.0	0.31958762886597936
0.0	1.0
0.0	1.0
0.0	1.0
0.0	1.0
0.0	1.0
-0.0005403473624028265	1.0
0.0	1.0
0.0	1.0
0.0	1.0
-3.362856659805402e-06	1.0
-6.037342973286286e-05	1.0
-0.0001227207394549623	1.0
0.0	1.0
0.0	1.0
0.0	1.0
-0.0025682279374450445	0.0
0.0	1.0
-3.439607462496497e-05	0.0
-0.002379255136474967	1.0
-0.001281981123611331	1.0
0.0	1.0
-2.2044940471612623e-13	1.0
-2.2566444386029616e-05	1.0
-0.005630935076624155	1.0
0.0	1.0
-0.0015604870859533548	0.0
0.0	0.0
0.0	1.0
0.0	1.0
-0.00012668005365412682	1.0
-7.197697414085269e-05	1.0
0.0	1.0
-2.5950763301807456e-05	1.0
0.0	1.0
-3.1934181965453945e-09	1.0
0.0	0.0
0.0	1.0
0.0	0.0
-2.317698090337217e-05	1.0
0.0	1.0
-5.332341235231297e-10	1.0
-4.265990583007806e-07	1.0
-0.00020442881213966757	0.0
0.0	1.0
0.0	0.09051724137931035
0.0	1.0
0.0	1.0
0.0	1.0
0.0	0.1424
-2.2614999579673167e-06	1.0
-3.411981310819101e-07	0.18568232662192394
0.0	1.0
0.0	1.0
-7.294889655895531e-05	1.0
-0.00010082260268973187	1.0
-8.159592539414007e-07	1.0
-0.000729154737200588	1.0
-0.00031686792499385774	1.0
0.0	1.0
0.0	1.0
-3.3872136555146426e-05	0.0
0.0	1.0
0.0	0.021052631578947368
0.0	1.0
0.0	1.0
0.0	1.0
0.0	0.0
0.0	1.0
-3.50679547409527e-05	1.0
0.0	1.0
0.0	1.0
-2.9539238312281668e-05	1.0
0.0	1.0
-3.002010373620578e-08	0.0
-0.012838408350944519	0.0
-0.0609198622405529	0.0
0.0	0.0
0.0	0.0
0.0	1.0
-1.540452672088577e-06	1.0
-0.0006431638612411916	1.0
0.0	1.0
0.0	1.0
-2.8100710551370867e-05	1.0
0.0	1.0
0.0	1.0
0.0	1.0
0.0	1.0
0.0	1.0
0.0	1.0
0.0	1.0
0.0	1.0
-0.0005810171132907271	1.0
0.0	1.0
0.0	1.0
-0.0038393123541027308	0.0
-0.00018977693980559707	1.0
0.0	1.0
0.0	1.0
-0.018055666238069534	0.0
-4.1132605588245497e-07	1.0
-3.123481656075455e-05	1.0
0.0	1.0
-0.0027722716331481934	0.0
0.0	0.0070921985815602835
0.0	1.0
0.0	1.0
-1.8607365745992865e-06	1.0
0.0	1.0
0.0	1.0
0.0	1.0
0.0	1.0
-0.003973532002419233	0.007858546168958742
0.0	0.0
-0.0005533169023692608	1.0
0.0	0.0
-0.0006328276940621436	0.0
-1.6662845609971555e-06	1.0
-3.3436310332035646e-05	1.0
-0.00022711354540660977	1.0
-0.00010479120101081207	1.0
0.0	0.016877637130801686
0.0	1.0
0.0	1.0
-7.330026710405946e-05	1.0
-1.7289465858993935e-06	1.0
0.0	1.0
0.0	1.0
-2.5662112435043127e-08	1.0
-0.013212423771619797	0.012345679012345678
0.0	0.0
0.0	1.0
-0.0008358246413990855	0.0
0.0	0.0
0.0	0.0
0.0	1.0
0.0	1.0
-5.267787491902709e-05	1.0
-0.0004909686977043748	1.0
0.0	0.0
-7.821849976608064e-06	1.0
0.0	1.0
0.0	1.0
-7.460471920239797e-07	1.0
0.0	1.0
0.0	1.0
0.0	1.0
-0.0017384852981194854	1.0
0.0	1.0
0.0	0.0
-0.0001028698607115075	1.0
0.0	1.0
0.0	0.0
0.0	1.0
0.0	1.0
-2.0602411154868605e-07	1.0
0.0	0.0
0.0	1.0
0.0	1.0
0.0	1.0
0.0	1.0
0.0	1.0
0.0	1.0
-2.968042508655344e-06	1.0
0.0	0.011450381679389313
-2.8912046090567856e-08	1.0
0.0	1.0
0.0	1.0
-0.0006604903610423207	1.0
-0.0007412513950839639	1.0
-7.26082134860917e-07	1.0
0.0	1.0
0.0	1.0
0.0	0.0
0.0	1.0
-0.0009392481297254562	0.07810650887573964
-5.055353176430799e-05	0.0
-0.00016811511886771768	0.0
0.0	0.0
-6.569993274752051e-06	0.0
-0.0004928820417262614	1.0
0.0	1.0
-0.00014016534260008484	1.0
-0.0034620570950210094	0.0
0.0	1.0
0.0	1.0
0.0	1.0
-0.00776499742642045	0.0
0.0	1.0
0.0	1.0
0.0	1.0
-0.0006704591796733439	1.0
-0.0031863718759268522	0.5474137931034483
0.0	0.0
0.0	0.1111111111111111
0.0	1.0
0.0	0.0
-0.0033583648037165403	0.0
0.0	1.0
0.0	0.0
-7.017597818048671e-05	1.0
0.0	1.0
-0.0014008957659825683	0.0
0.0	1.0
0.0	1.0
-0.0024173217825591564	0.0
0.0	1.0
0.0	0.0
-2.111052936015767e-06	1.0
0.0	1.0
-0.0020577593240886927	1.0
-0.000597265490796417	0.0
-1.5785573802967745e-12	0.0
0.0	1.0
0.0	0.5832305795314426
-0.0001259098935406655	1.0
0.0	0.0
-2.0829096683883108e-05	1.0
-1.8114651822997985e-07	1.0
0.0	1.0
0.0	1.0
0.0	1.0
0.0	1.0
0.0	1.0
-0.014341074973344803	0.0
0.0	1.0
0.0	0.0
-0.0003030725638382137	1.0
0.0	0.0
0.0	1.0
-0.0166757944971323	0.0
0.0	1.0
-0.00456260098144412	0.0
