0.0	0.0
0.0	1.0
-0.002966850996017456	0.0
0.0	1.0
-0.0001535949995741248	0.0015822784810126582
0.0	1.0
-0.000629474816378206	1.0
0.0	1.0
0.0	1.0
0.0	1.0
0.0	1.0
0.0	1.0
0.0	1.0
0.0	1.0
-4.210517785124823e-12	1.0
-0.000409891625167802	0.04878048780487805
-2.2876196492660483e-09	1.0
0.0	1.0
0.0	1.0
0.0	0.0
-0.00020825077081099153	0.0
0.0	1.0
-0.0009471754892729223	1.0
0.0	1.0
0.0	0.0
0.0	0.0
0.0	1.0
0.0	0.0
0.0	1.0
-4.702035312220687e-06	0.0
0.0	1.0
0.0	1.0
-6.651861543137058e-15	0.0
0.0	0.0
-1.0894703336816747e-05	1.0
0.0	1.0
-2.2013294653788762e-07	1.0
0.0	1.0
0.0	1.0
0.0	0.0
0.0	1.0
-2.405048689979594e-06	1.0
0.0	1.0
0.0	1.0
0.0	0.0
0.0	1.0
0.0	1.0
-2.913707053409098e-10	1.0
-6.131400454023606e-08	1.0
0.0	0.0
-8.662864843245188e-07	1.0
-0.005670677404850721	0.0
-2.440779578449792e-09	1.0
0.0	0.0
0.0	1.0
-7.963813550304621e-05	0.0
0.0	1.0
0.0	1.0
0.0	1.0
0.0	1.0
-3.405872485018335e-05	1.0
-6.313693120318931e-06	0.0
0.0	1.0
0.0	1.0
-0.00016388631775043905	1.0
0.0	1.0
0.0	1.0
0.0	1.0
0.0	0.0
0.0	0.0
-5.723384310840629e-05	1.0
0.0	1.0
0.0	0.0
0.0	1.0
0.0	1.0
-5.639925348077668e-06	1.0
-1.0688473821574007e-06	1.0
-8.898324449546635e-05	1.0
0.0	1.0
0.0	1.0
0.0	0.0
-1.638579760765424e-07	0.0
0.0	1.0
0.0	1.0
0.0	1.0
0.0	1.0
-0.0009948896476998925	0.0
-7.535472690278766e-09	1.0
0.0	1.0
0.0	1.0
-1.9238328263782023e-07	1.0
-2.089991994580487e-06	1.0
0.0	1.0
0.0	1.0
-0.024682549759745598	0.0
0.0	1.0
0.0	0.0
0.0	1.0
-0.0001880540221463889	1.0
0.0	0.0
0.0	1.0
0.0	1.0
0.0	0.0
0.0	1.0
0.0	1.0
0.0	1.0
0.0	1.0
0.0	1.0
0.0	0.0
0.0	0.0
-7.262756368531242e-11	1.0
0.0	1.0
0.0	0.0
0.0	1.0
-0.002507088240236044	1.0
0.0	1.0
-8.378385984997294e-08	0.0
-0.00035322015173733234	1.0
-0.0070524741895496845	0.0
-0.00027281694929115474	1.0
0.0	1.0
-5.432797820503765e-07	1.0
-1.194824655881277e-10	1.0
0.0	1.0
0.0	0.0
0.0	0.0
0.0	1.0
0.0	1.0
0.0	1.0
-0.005656268447637558	0.0
0.0	0.0
-0.0005169399082660675	1.0
0.0	1.0
0.0	1.0
0.0	1.0
0.0	0.0
-1.2377810776342812e-08	1.0
0.0	1.0
0.0	1.0
-5.792734373244457e-05	0.0
0.0	1.0
0.0	1.0
-0.0009884813334792852	1.0
0.0	0.0
-3.6384564523588014e-13	1.0
-0.00011018376244464889	1.0
-2.4175920771085657e-05	1.0
-8.516924765444855e-08	1.0
-0.0005052582127973437	0.0
-2.089797590087983e-06	1.0
-1.4533783541992307e-05	1.0
0.0	1.0
-0.00033905557938851416	1.0
0.0	1.0
-0.0002606728230603039	1.0
0.0	1.0
0.0	0.004048582995951417
0.0	1.0
-2.4919892894104123e-05	1.0
0.0	1.0
0.0	1.0
-1.4575958573459502e-07	1.0
0.0	0.0
0.0	1.0
0.0	0.0
0.0	1.0
0.0	1.0
-9.34041892719506e-08	1.0
0.0	0.0
0.0	1.0
-0.0005322318174876273	1.0
0.0	1.0
-0.026957720518112183	0.0
-1.5252324374159798e-05	1.0
-7.626773168567524e-08	1.0
-0.0001375816500512883	0.0
-2.0452970872497644e-08	1.0
0.0	1.0
0.0	1.0
0.0	1.0
0.0	0.0
-4.537956556305289e-06	1.0
0.0	1.0
0.0	0.06
0.0	1.0
0.0	1.0
0.0	0.0
-8.466182634947472e-07	1.0
0.0	1.0
0.0	1.0
0.0	1.0
-0.0009797317907214165	1.0
0.0	1.0
-1.6942276488407515e-05	0.0
0.0	1.0
-0.010153880342841148	1.0
0.0	0.41104972375690607
-7.054257730487734e-05	1.0
0.0	1.0
-0.005888589192181826	0.0
0.0	1.0
0.0	1.0
0.0	1.0
0.0	0.16
0.0	1.0
-2.0708002921310253e-05	1.0
0.0	0.5545657015590201
-2.54800670518307e-06	1.0
-2.53176290243573e-06	1.0
0.0	0.0
0.0	1.0
0.0	1.0
-0.00292271189391613	1.0
0.0	1.0
-0.0005936119705438614	0.3212669683257919
0.0	1.0
-0.01018767524510622	0.0
0.0	1.0
0.0	1.0
-1.7554522173668374e-06	0.05063291139240506
-0.001164433779194951	0.0975609756097561
0.0	0.08695652173913043
-7.605722930748016e-05	0.0
0.0	0.060794044665012405
-2.1878939151065424e-05	0.0
0.0	0.0
0.0	1.0
0.0	1.0
0.0	1.0
0.0	1.0
-0.0006999806500971317	1.0
-1.5603471183567308e-05	1.0
0.0	1.0
-0.0014416564954444766	0.08536585365853659
0.0	1.0
-7.437172939717129e-07	1.0
-3.2426967777610116e-07	1.0
0.0	1.0
-6.6390053454767894e-09	1.0
0.0	1.0
0.0	1.0
0.0	0.0
0.0	1.0
0.0	1.0
0.0	0.1076581576026637
0.0	1.0
0.0	1.0
0.0	0.09573361082206035
-1.6628619050607085e-06	1.0
0.0	1.0
-3.1030533698128693e-09	1.0
-5.346346824808279e-06	1.0
0.0	1.0
0.0	1.0
-0.0010161353275179863	1.0
-0.00010200357064604759	1.0
0.0	0.0
-1.904096825455781e-05	1.0
-3.725355579575762e-09	0.05925925925925926
-0.0004674778610933572	0.0
-9.525201107862813e-07	1.0
-4.346481728134677e-05	1.0
0.0	0.1500646830530401
0.0	0.5388655462184874
-3.447058361416566e-06	1.0
0.0	1.0
0.0	1.0
-0.0002044054854195565	0.006666666666666667
0.0	1.0
-1.4453404219239019e-05	0.0
0.0	1.0
0.0	1.0
0.0	1.0
0.0	1.0
-3.720884649283107e-07	0.0
0.0	1.0
0.0	0.0
-2.618749022076372e-05	1.0
0.0	1.0
0.0	1.0
0.0	0.0
0.0	1.0
0.0	0.0
0.0	1.0
0.0	1.0
-6.489783118013293e-05	1.0
-2.9186808205849957e-06	1.0
0.0	0.0
0.0	0.0
0.0	1.0
0.0	1.0
0.0	1.0
-0.00011751571582863107	1.0
0.0	1.0
0.0	0.0
0.0	1.0
-0.008901817724108696	0.0
-0.009244972839951515	0.0
0.0	0.07929515418502203
0.0	0.0
-0.00220600888133049	0.0
0.0	1.0
0.0	1.0
-0.00021846471645403653	1.0
0.0	1.0
0.0	1.0
-3.4995173336938024e-06	1.0
0.0	1.0
-2.0575189410010353e-05	1.0
-0.0019066132372245193	1.0
-0.00030266359681263566	1.0
-1.1103233887865827e-09	1.0
-1.997477920667734e-05	0.0
0.0	0.0
0.0	1.0
0.0	1.0
0.0	0.0
0.0	1.0
0.0	1.0
0.0	1.0
0.0	1.0
-2.2993881104715896e-11	1.0
-0.00033737701596692204	0.6080645161290322
0.0	1.0
-0.0003254530020058155	0.0
0.0	1.0
0.0	0.31763122476446837
0.0	1.0
0.0	1.0
0.0	0.03832752613240418
0.0	1.0
-0.007346464786678553	0.0
0.0	1.0
-2.492177770818671e-07	1.0
-0.0004993120674043894	1.0
-0.0019324136665090919	1.0
0.0	1.0
0.0	1.0
-7.109133002813905e-05	0.0
0.0	1.0
-2.569225898696459e-08	1.0
0.0	0.0
0.0	1.0
0.0	0.0
0.0	0.0
0.0	1.0
-3.9063007761797053e-07	1.0
0.0	1.0
-4.080359940417111e-05	1.0
-2.291284317834652e-07	1.0
0.0	0.0
0.0	0.465625
-0.021833650767803192	0.0
0.0	1.0
-0.0012261330848559737	0.0
-0.00033509175409562886	1.0
0.0	1.0
-2.039413857346517e-06	1.0
0.0	1.0
0.0	1.0
0.0	1.0
0.0	1.0
0.0	1.0
0.0	0.4024390243902439
0.0	0.0
-9.212482723341964e-07	0.0
-2.518116843930329e-06	1.0
-0.0003159447223879397	1.0
-0.0013813162222504616	0.0
0.0	1.0
-6.643495726166293e-05	1.0
0.0	1.0
-3.3555374102434143e-05	1.0
-0.03127950802445412	0.0
0.0	1.0
-4.1839051846181974e-05	1.0
0.0	1.0
-0.0005234075360931456	0.22672064777327935
-4.508863275987096e-05	0.0
0.0	1.0
-4.457540825342221e-08	1.0
-0.0007692451472394168	1.0
-3.580350904641705e-09	1.0
0.0	1.0
-7.2334987635258585e-06	1.0
0.0	1.0
0.0	0.0
-0.0011226742062717676	1.0
0.0	1.0
0.0	1.0
0.0	1.0
0.0	1.0
0.0	0.0
-5.0301562026788815e-08	1.0
0.0	0.0
-2.6485724447411485e-05	1.0
-0.010927864350378513	0.0
0.0	0.0
0.0	1.0
-5.7564851886127144e-05	1.0
0.0	1.0
0.0	1.0
0.0	0.5294117647058824
0.0	1.0
0.0	1.0
0.0	0.37199124726477023
-1.2994534615007325e-10	1.0
0.0	1.0
0.0	1.0
0.0	1.0
0.0	0.0
-1.9402894395170733e-05	1.0
0.0	1.0
0.0	1.0
0.0	0.0
0.0	0.0
-5.188480045603683e-08	1.0
-1.9815724172644877e-08	1.0
0.0	1.0
0.0	1.0
0.0	0.0
-0.0009653453598730266	0.0
0.0	1.0
0.0	1.0
0.0	1.0
-0.0024124232586473227	1.0
-0.00031529489206150174	0.0
-0.00014516126248054206	1.0
-0.00021131332323420793	1.0
-1.5280540542916582e-18	0.0
-0.0006752929766662419	0.0
-0.0009740230743773282	1.0
0.0	1.0
-0.0007038867915980518	1.0
0.0	0.0
0.0	1.0
0.0	1.0
0.0	0.0
0.0	0.0
-2.3454655092791654e-05	0.0
0.0	1.0
-3.374302832526155e-05	1.0
-2.7399853479437297e-06	0.0
0.0	0.0
-1.0371893949923106e-05	1.0
0.0	1.0
-0.014274499379098415	0.013333333333333334
0.0	0.0
0.0	0.0
0.0	1.0
0.0	0.0
-9.619929187465459e-06	1.0
0.0	0.3456121343445287
-1.0824954870258807e-06	1.0
-0.00013619988749269396	1.0
-0.018971752375364304	0.0
0.0	0.0
-1.1045492520622702e-08	1.0
0.0	0.0
0.0	1.0
0.0	1.0
-0.0018754658522084355	0.0
0.0	1.0
-0.0001689285272732377	1.0
-3.5449872370918456e-08	0.0
-2.953237014935439e-07	1.0
-3.8437229094023806e-11	1.0
-8.206650090869516e-05	0.0
-0.00031695415964350104	0.0
-0.0013378310250118375	1.0
-0.016603749245405197	0.0
-0.01164928451180458	0.0
0.0	1.0
0.0	1.0
-0.0006096835131756961	1.0
0.0	1.0
0.0	1.0
-4.817804438062012e-05	1.0
0.0	1.0
0.0	0.0
-1.5210608239613066e-07	1.0
0.0	1.0
0.0	1.0
-0.000902018859051168	1.0
-6.860748726467136e-06	0.0
0.0	0.0
-0.0008987394394353032	1.0
-6.027954100318311e-07	1.0
0.0	1.0
0.0	1.0
0.0	1.0
-0.00013413613487500697	0.0
0.0	0.0
0.0	1.0
0.0	1.0
-0.0021637261379510164	1.0
-0.00020726682851091027	1.0
0.0	1.0
0.0	1.0
0.0	1.0
0.0	1.0
-5.520771773764865e-12	1.0
-4.8769133195280916e-15	0.107981220657277
-5.999424388392072e-07	1.0
0.0	0.08876404494382023
-0.004640220198780298	0.25396825396825395
0.0	1.0
-2.3422153105912003e-08	1.0
-0.00016253588546533138	1.0
-0.00039119517896324396	0.0
0.0	0.25
0.0	0.22944162436548224
0.0	1.0
0.0	1.0
-0.009832489304244518	0.006688963210702341
-0.0005711849662475288	0.0
0.0	1.0
-5.644171707785972e-08	1.0
0.0	1.0
-0.0003317235386930406	1.0
0.0	0.0
0.0	0.0
0.0	1.0
0.0	1.0
0.0	1.0
-0.0037528618704527617	0.0
0.0	1.0
0.0	1.0
0.0	0.0
0.0	1.0
-0.0023733866401016712	0.06504065040650407
0.0	1.0
-0.0051472606137394905	0.00980392156862745
0.0	1.0
-0.002077710349112749	1.0
0.0	1.0
0.0	1.0
0.0	1.0
-1.4133725926512852e-05	1.0
-4.0185500438383315e-06	1.0
-0.0002742311917245388	1.0
0.0	1.0
-0.00017977684910874814	0.0
0.0	0.0
0.0	0.0
-5.979735760774929e-06	1.0
-6.473102587278845e-08	1.0
