0.0	1.0
-0.0004891325952485204	0.0
0.0	1.0
0.0	1.0
0.0	1.0
-2.1092992028570734e-05	1.0
0.0	0.9478260869565217
0.0	1.0
0.0	0.0
0.0	1.0
0.0	1.0
0.0	1.0
-0.0002505180600564927	1.0
-8.71250158525072e-05	1.0
0.0	1.0
0.0	1.0
0.0	1.0
-0.0009973538108170033	0.0
0.0	0.0
-3.305021527921781e-05	1.0
0.0	0.00802407221664995
0.0	1.0
0.0	1.0
-3.081667543369804e-08	1.0
-0.0002325900422874838	1.0
-3.3218884709640406e-06	1.0
0.0	1.0
0.0	0.054844606946983544
0.0	1.0
0.0	0.0
-9.826740097196307e-06	0.517531556802244
-2.4323677280335687e-05	1.0
0.0	0.14655172413793102
0.0	0.0
0.0	0.0
0.0	0.0
0.0	1.0
0.0	1.0
-0.00010126537381438538	1.0
0.0	1.0
0.0	0.0
0.0	0.162874251497006
0.0	1.0
0.0	1.0
0.0	1.0
-0.00027478730771690607	1.0
-0.0007391807157546282	1.0
0.0	0.4650793650793651
0.0	1.0
0.0	1.0
0.0	0.5969387755102041
0.0	0.0
-2.2151658640723326e-07	1.0
-0.007770747411996126	0.0
0.0	1.0
0.0	1.0
0.0	1.0
0.0	0.0
0.0	1.0
-0.00015331579197663814	0.0
0.0	1.0
0.0	1.0
0.0	1.0
0.0	1.0
0.0	1.0
0.0	1.0
0.0	1.0
-0.004108702298253775	0.0
0.0	1.0
0.0	1.0
0.0	1.0
0.0	1.0
0.0	1.0
-9.571664850227535e-05	1.0
0.0	1.0
-1.8438387996866368e-05	0.0
0.0	1.0
-6.267828575801104e-05	1.0
0.0	0.14516129032258066
0.0	1.0
-0.00011279125465080142	1.0
-0.00295716873370111	0.05426356589147287
-0.0002758256741799414	1.0
0.0	0.0
-6.995648436713964e-05	1.0
-0.0020153287332504988	1.0
-1.0834644825763462e-07	1.0
0.0	1.0
-0.005063485819846392	0.0
-1.5074824659677688e-05	0.0
0.0	1.0
0.0	1.0
0.0	0.0
0.0	1.0
0.0	1.0
0.0	1.0
0.0	1.0
-0.001658374210819602	0.0
-6.439112894440768e-06	0.09090909090909091
-9.849024354480207e-05	1.0
0.0	0.0
0.0	1.0
-0.01771317422389984	0.0
-8.231590409302214e-11	1.0
-3.890023592134639e-08	1.0
0.0	1.0
0.0	1.0
0.0	1.0
0.0	0.0
0.0	0.0
-0.06425166130065918	0.0
0.0	0.0
0.0	1.0
0.0	1.0
0.0	0.0
0.0	1.0
0.0	0.0
0.0	0.011363636363636364
-5.712216761821765e-07	1.0
0.0	1.0
0.0	0.0
0.0	1.0
-3.370460763107985e-05	0.0
-0.027736419811844826	0.0
0.0	1.0
0.0	0.0
0.0	0.0
0.0	1.0
-7.408339570247335e-06	1.0
-4.207608924906153e-13	1.0
-7.139603491745916e-11	1.0
0.0	1.0
0.0	1.0
0.0	1.0
0.0	0.0
0.0	1.0
-0.00035168544854968786	1.0
-0.001076140091754496	1.0
-1.7773059880710207e-05	1.0
-3.1091974960872903e-05	1.0
0.0	1.0
0.0	0.0
0.0	1.0
-0.0017481631366536021	1.0
-3.910131999873556e-05	0.0
0.0	1.0
0.0	0.0
0.0	1.0
0.0	0.0
-0.001058406662195921	1.0
-0.0007502510561607778	0.0
0.0	1.0
-0.005883839447051287	0.0
0.0	1.0
-0.0028930085245519876	1.0
0.0	1.0
-0.001599919400177896	1.0
0.0	1.0
0.0	1.0
0.0	1.0
0.0	0.0
0.0	1.0
-5.940319533692673e-05	1.0
-8.015944407812475e-14	1.0
0.0	1.0
-0.00010395368008175865	1.0
0.0	1.0
-6.754661444574594e-05	1.0
0.0	1.0
-0.0002647608343977481	0.0
-0.003367232158780098	0.0
-4.180139345777434e-09	0.09016393442622951
0.0	1.0
-8.4823941506329e-06	0.4431818181818182
0.0	1.0
0.0	0.0
0.0	1.0
0.0	1.0
-0.00041700026486068964	0.0
0.0	1.0
0.0	1.0
-0.0029165316373109818	0.0
-0.00015948590589687228	1.0
0.0	1.0
-0.00034290101029910147	0.0
-2.9449258363456465e-05	1.0
-0.001609691884368658	1.0
0.0	1.0
0.0	1.0
-0.011075308546423912	0.14314314314314314
0.0	1.0
0.0	1.0
0.0	1.0
0.0	0.0
-3.8527389278897317e-07	1.0
-0.01980397291481495	0.0
0.0	1.0
0.0	0.0
0.0	1.0
-0.019657446071505547	0.0
0.0	1.0
0.0	1.0
-1.2152371709817089e-05	1.0
0.0	1.0
0.0	0.0036231884057971015
-0.0002779501664917916	0.011799410029498525
0.0	1.0
0.0	0.0
-0.00010897206084337085	0.0
-0.00010965966794174165	1.0
0.0	1.0
-3.0214694561436772e-05	1.0
0.0	1.0
0.0	0.12410256410256411
0.0	1.0
-0.00016026257071644068	1.0
0.0	1.0
0.0	1.0
0.0	0.0
-4.460658601601608e-05	1.0
0.0	1.0
0.0	1.0
0.0	1.0
0.0	1.0
0.0	1.0
0.0	0.0
-0.0006391779752448201	0.07963709677419355
0.0	0.0
0.0	1.0
0.0	1.0
0.0	0.1070615034168565
-6.69439805278671e-06	1.0
0.0	1.0
0.0	1.0
0.0	1.0
0.0	1.0
-6.998043681960553e-05	1.0
0.0	1.0
0.0	0.0
0.0	1.0
-0.0007219875697046518	0.0
-1.3697156475700467e-07	1.0
0.0	0.0
-1.2000238580611722e-09	1.0
0.0	1.0
0.0	1.0
0.0	1.0
-0.004529575817286968	0.0
-0.0015040221624076366	1.0
0.0	1.0
-0.021398071199655533	0.0
0.0	1.0
0.0	0.07344632768361582
0.0	1.0
0.0	1.0
0.0	0.0
0.0	1.0
-2.9301070753717795e-05	1.0
-0.0012749035377055407	1.0
0.0	1.0
-1.5247991314026876e-08	1.0
0.0	0.0
0.0	1.0
0.0	1.0
0.0	1.0
0.0	1.0
0.0	1.0
-0.007192600984126329	0.035830618892508145
-0.0002848915755748749	1.0
-8.467787120025605e-05	1.0
-6.554886931553483e-05	1.0
-0.010731800459325314	0.0
0.0	0.0
-6.90061497152783e-05	0.04573170731707317
0.0	0.029896907216494847
-9.298011718783528e-06	1.0
-9.51310994423693e-06	1.0
-0.00017880203085951507	1.0
-4.0349190385313705e-05	1.0
0.0	1.0
0.0	1.0
-1.5818828615010716e-05	1.0
0.0	1.0
0.0	1.0
-2.090689304168336e-05	1.0
0.0	1.0
-0.00025010030367411673	0.0
0.0	0.0
-8.039343811105937e-05	1.0
0.0	0.0
0.0	0.0
-9.922502067638561e-05	1.0
0.0	1.0
-1.9302958662592573e-06	1.0
-0.0018169614486396313	1.0
0.0	1.0
-0.0002862152177840471	0.0
0.0	1.0
-1.8647373508429155e-05	1.0
0.0	1.0
-0.0006667441339232028	1.0
-0.0009385127923451364	1.0
-9.896566205425117e-12	0.0
0.0	1.0
0.0	1.0
0.0	0.0
0.0	0.034482758620689655
0.0	0.0
0.0	1.0
-0.0005502683925442398	1.0
0.0	1.0
-6.939909553693724e-07	0.10679611650485436
-0.00014573847874999046	1.0
-0.0058452291414141655	0.0
-4.507675066545147e-10	1.0
0.0	1.0
-0.0007944957469590008	0.0
0.0	1.0
0.0	1.0
0.0	0.10077519379844961
-1.778606815605599e-06	0.0
-3.6794190805267135e-07	1.0
-0.0001456677564419806	1.0
0.0	0.0
0.0	1.0
0.0	1.0
-0.0001469333510613069	1.0
0.0	1.0
-5.5998760217335075e-05	1.0
0.0	1.0
0.0	1.0
0.0	1.0
0.0	1.0
0.0	1.0
0.0	1.0
-0.02493722178041935	0.0
-0.0009444494498893619	0.0
0.0	1.0
0.0	1.0
0.0	0.0
-4.94070434342575e-07	1.0
0.0	1.0
0.0	1.0
-0.13749833405017853	0.0
0.0	1.0
0.0	1.0
-2.8329353881417774e-05	1.0
0.0	1.0
0.0	1.0
-7.749351789243519e-05	0.0
-0.011667769402265549	0.0
0.0	1.0
-0.004033342003822327	0.0
0.0	0.04899777282850779
-0.0010453638387843966	0.0777479892761394
-1.9014361896552145e-05	1.0
0.0	1.0
-0.004713728092610836	0.32778355879292403
-0.0005163775058463216	1.0
-9.18220788292956e-09	1.0
0.0	0.5432098765432098
0.0	0.366
0.0	0.0
0.0	0.0
0.0	1.0
-5.611109372694045e-06	1.0
-0.0025679157115519047	1.0
0.0	1.0
-0.0016826005885377526	0.0
-0.0031671333126723766	0.1568627450980392
0.0	1.0
0.0	1.0
-1.9888908354914747e-05	1.0
0.0	1.0
0.0	0.009793253536452665
0.0	0.0
0.0	1.0
0.0	1.0
-0.0003882600285578519	1.0
0.0	1.0
0.0	1.0
0.0	0.0
0.0	1.0
0.0	1.0
0.0	1.0
-1.0839762865089142e-07	1.0
0.0	1.0
0.0	0.0
0.0	1.0
0.0	0.023006134969325152
-1.8993684989254689e-06	1.0
0.0	1.0
-0.000787565833888948	0.0
0.0	1.0
0.0	1.0
-2.0621334897441557e-06	0.0
0.0	1.0
0.0	1.0
-0.00032121504773385823	0.5087719298245614
0.0	0.0
-1.7514035789645277e-05	1.0
-0.0071187675930559635	0.0
0.0	0.01676829268292683
-0.0006494792178273201	0.0
0.0	0.0
-2.5044218435188448e-11	1.0
0.0	1.0
0.0	0.0
0.0	1.0
-3.551187546690926e-06	1.0
0.0	1.0
-0.000979141448624432	0.15
0.0	1.0
0.0	0.13333333333333333
-0.000599232385866344	1.0
0.0	1.0
-0.002398190088570118	0.0
0.0	0.5425531914893617
0.0	1.0
0.0	1.0
0.0	1.0
0.0	1.0
-3.0606397971588706e-10	1.0
0.0	1.0
0.0	1.0
0.0	0.0
0.0	1.0
0.0	1.0
-0.0010914577869698405	1.0
-9.68565927905729e-07	1.0
-7.489115438907845e-10	1.0
0.0	1.0
0.0	1.0
-1.3199483817061264e-07	1.0
0.0	1.0
0.0	0.0
-0.0007012090063653886	0.0
-0.0001263106387341395	1.0
-2.43909681785226e-07	0.0
0.0	1.0
-9.633361332817003e-05	1.0
0.0	0.0
0.0	1.0
0.0	1.0
-1.4362187812366756e-06	1.0
-2.1570380340563133e-05	0.1411042944785276
-0.0022352258674800396	0.0
0.0	1.0
0.0	1.0
0.0	1.0
0.0	1.0
0.0	1.0
0.0	0.8355555555555556
-0.0004882313369307667	1.0
0.0	1.0
0.0	0.0
0.0	1.0
-0.0012178050819784403	0.04983388704318937
0.0	1.0
0.0	1.0
-4.887238537776284e-05	1.0
-0.0710369199514389	0.0
0.0	1.0
0.0	1.0
0.0	1.0
0.0	1.0
0.0	0.6994764397905759
-0.0004941968363709748	1.0
0.0	1.0
-0.000548634328879416	0.0
0.0	1.0
0.0	0.0
-1.715016878733877e-05	0.0
0.0	0.0
0.0	1.0
0.0	1.0
0.0	1.0
-0.00030040592537261546	1.0
0.0	1.0
0.0	1.0
-2.5599478092885875e-10	0.0
-0.0025130375288426876	0.0
0.0	1.0
0.0	1.0
-0.00010689297050703317	0.24239130434782608
0.0	0.24239130434782608
-0.013697792775928974	0.0
0.0	1.0
-0.00047060882207006216	0.0
0.0	1.0
-0.004716050811111927	0.0
0.0	1.0
0.0	1.0
0.0	1.0
0.0	1.0
0.0	1.0
0.0	0.0
-4.992193325392691e-08	1.0
0.0	1.0
-0.0007945630350150168	0.0
0.0	1.0
0.0	0.01904761904761905
-2.1812759314343566e-06	1.0
-0.00044186864397488534	1.0
-0.0012259602081030607	1.0
0.0	1.0
-1.8415430531604216e-05	1.0
0.0	1.0
-0.005735843908041716	0.0
0.0	1.0
0.0	1.0
0.0	1.0
-0.011191429570317268	0.009523809523809525
-1.4931125406292267e-05	1.0
-0.03248269855976105	0.0
0.0	1.0
-0.0005571452202275395	1.0
0.0	1.0
-3.8343973329801884e-08	1.0
0.0	1.0
-4.100125806871802e-06	1.0
0.0	1.0
-0.0010424995562061667	0.0
0.0	1.0
-3.547636850953495e-08	1.0
0.0	1.0
-1.1518089877426974e-06	1.0
0.0	0.0
-0.0068751610815525055	1.0
0.0	1.0
0.0	1.0
-1.5670224229324958e-06	0.1257995735607676
0.0	1.0
0.0	0.0
0.0	1.0
-0.0002960340352728963	1.0
-9.212529403157532e-05	0.19095477386934673
-4.677132528740913e-05	1.0
0.0	1.0
0.0	1.0
-8.273780986201018e-05	1.0
0.0	1.0
0.0	1.0
-1.1894483122887323e-06	0.0
0.0	1.0
0.0	1.0
-7.198196385616029e-07	1.0
0.0	1.0
-6.593776902263926e-07	1.0
0.0	1.0
-2.4288741769851185e-05	0.1547314578005115
0.0	1.0
-0.0009387610480189323	1.0
0.0	0.09253731343283582
0.0	1.0
-0.0007542987004853785	1.0
0.0	0.0
0.0	1.0
-0.0006152724381536245	0.0
-1.2800431932191714e-06	1.0
