0.0	1.0
0.0	1.0
0.0	1.0
0.0	0.0
-1.7921044559443544e-07	1.0
-0.00043572045979090035	0.009719222462203024
-0.0016810805536806583	0.00968783638320775
-0.0003157781611662358	0.014035087719298246
0.0	1.0
0.0	1.0
-3.41537742087894e-07	1.0
-0.002677137963473797	0.0
-0.0002271053526783362	1.0
-0.0003021562297362834	1.0
-3.219400923626381e-08	1.0
0.0	0.0
0.0	1.0
0.0	1.0
-0.00024202292843256146	1.0
-8.5383294878838e-10	1.0
0.0	1.0
-2.2055135559639893e-05	0.0
0.0	1.0
0.0	1.0
0.0	0.0
-0.0031970690470188856	0.0
0.0	1.0
-0.0019952633883804083	1.0
0.0	1.0
-0.0005166327464394271	1.0
-0.0001573750632815063	1.0
0.0	1.0
0.0	1.0
-0.00012897046690341085	1.0
-1.218683998160941e-08	1.0
0.0	1.0
-2.0668114757427247e-06	1.0
0.0	1.0
-8.854523184709251e-05	1.0
-5.088834313937696e-07	0.0
0.0	1.0
0.0	1.0
0.0	1.0
-0.009441050700843334	0.0
-0.00351270055398345	0.0
0.0	1.0
-4.798283043783158e-05	1.0
0.0	1.0
0.0	0.041666666666666664
0.0	1.0
0.0	1.0
0.0	0.00964630225080386
0.0	1.0
0.0	0.0
-0.0003210728464182466	1.0
0.0	0.0
-0.00016906634846236557	0.08656716417910448
0.0	0.0
0.0	1.0
-6.999467586865649e-05	1.0
0.0	1.0
0.0	1.0
-0.0011266159126535058	1.0
0.0	0.7017543859649122
0.0	1.0
0.0	1.0
0.0	1.0
-0.0002424901322228834	1.0
0.0	1.0
0.0	1.0
0.0	1.0
0.0	0.0
0.0	0.0
-1.0655600135578425e-06	1.0
0.0	0.0
0.0	1.0
-0.057026952505111694	0.0
0.0	0.7215189873417721
0.0	0.0
0.0	1.0
-7.494434248656034e-05	1.0
0.0	1.0
0.0	0.0
0.0	0.0
0.0	1.0
-0.001268557971343398	1.0
-3.194840658693465e-08	1.0
-0.003935452084988356	0.04945717732207479
-0.016247978433966637	0.0
-0.001105583505704999	0.0
0.0	0.2857142857142857
0.0	1.0
-0.006096296943724155	0.0
0.0	1.0
0.0	1.0
0.0	0.024291497975708502
0.0	1.0
0.0	1.0
-0.00018676345644053072	0.0
0.0	1.0
-4.616664739387488e-07	1.0
-3.574703441699967e-05	0.08571428571428572
-0.04393771290779114	0.0
0.0	1.0
0.0	1.0
0.0	1.0
0.0	0.0
0.0	1.0
0.0	1.0
-2.6762583729578182e-05	0.29462738301559793
0.0	1.0
-0.001725364476442337	1.0
0.0	1.0
-0.0010260961716994643	1.0
-6.355655932566151e-05	0.0
-2.403934331596247e-07	1.0
0.0	1.0
-1.5661258601085137e-07	0.0
-0.004309953656047583	1.0
-0.00010321132140234113	0.0
0.0	1.0
-0.00017657958960626274	1.0
0.0	1.0
-5.386947918850638e-07	1.0
-4.111347152502276e-06	1.0
-2.2215323330909698e-11	0.25440806045340053
0.0	0.0
0.0	1.0
-2.8001708143507963e-14	1.0
0.0	1.0
0.0	1.0
0.0	1.0
0.0	1.0
0.0	1.0
-0.0003469676012173295	0.0
0.0	1.0
-0.004550175275653601	0.0
-9.090534831557306e-07	0.0
-9.409291669726372e-05	0.0
0.0	1.0
0.0	1.0
0.0	1.0
0.0	1.0
-0.00027079033316113055	0.0
0.0	0.0
0.0	0.0
0.0	0.08888888888888889
-9.488115324529645e-07	1.0
0.0	1.0
0.0	1.0
0.0	1.0
-0.02574261650443077	0.16
-0.00024691506405360997	1.0
0.0	1.0
-0.00398136954754591	0.12403100775193798
0.0	1.0
0.0	0.0
-7.396759610855952e-05	0.0
-0.0012774858623743057	1.0
0.0	1.0
-0.00010365892376285046	0.525
0.0	1.0
0.0	1.0
-1.459167509043624e-11	1.0
-2.419245538476389e-05	1.0
0.0	0.007874015748031496
-4.386061118566431e-05	1.0
0.0	0.30414746543778803
0.0	1.0
-1.4521894627250731e-05	1.0
0.0	1.0
0.0	1.0
0.0	0.0
0.0	1.0
-0.00023939549282658845	0.06976744186046512
0.0	1.0
0.0	1.0
-0.000432464643381536	0.008928571428571428
-9.816392321226886e-08	0.0
0.0	0.22807017543859648
0.0	0.0
-0.014537552371621132	0.0
0.0	0.0
0.0	0.4883720930232558
0.0	1.0
0.0	1.0
0.0	0.12824956672443674
0.0	1.0
0.0	1.0
0.0	1.0
0.0	0.0
-2.8614134862436913e-05	0.0
0.0	0.019064124783362217
-0.001598814153112471	1.0
0.0	1.0
0.0	0.0
-1.2506732673500665e-05	1.0
0.0	1.0
-2.006204979920767e-08	0.0
0.0	0.0
-2.0205067841061464e-08	1.0
0.0	1.0
-0.008601932786405087	0.45714285714285713
-0.015881147235631943	0.0
0.0	1.0
-5.406146450642746e-12	1.0
0.0	1.0
0.0	1.0
0.0	0.0
0.0	1.0
0.0	1.0
0.0	1.0
0.0	1.0
0.0	0.0
0.0	0.0
0.0	0.0
0.0	0.0
0.0	1.0
-8.143822327610906e-08	1.0
-2.047548837023818e-15	0.0
-0.014579519629478455	0.0
-2.206963944928475e-09	1.0
0.0	1.0
-9.900664316164765e-11	0.0
-7.21938704373315e-05	1.0
0.0	0.0
-9.167444581237305e-11	0.0
0.0	0.0
-0.0003243098617531359	0.15384615384615385
0.0	1.0
0.0	1.0
-0.010688760317862034	0.0
-0.0012289611622691154	1.0
-4.539049882623658e-07	1.0
0.0	1.0
-5.766310096078087e-09	1.0
0.0	1.0
0.0	1.0
0.0	0.0
-3.921983079635538e-06	1.0
-6.767344871150272e-07	1.0
0.0	1.0
0.0	1.0
0.0	1.0
0.0	1.0
-0.00033376520150341094	1.0
0.0	1.0
0.0	0.0
0.0	1.0
0.0	1.0
0.0	1.0
0.0	1.0
0.0	1.0
0.0	1.0
-0.0001810679241316393	1.0
-0.0008626842172816396	1.0
0.0	0.0
0.0	1.0
0.0	1.0
0.0	1.0
0.0	0.0
0.0	0.0
0.0	1.0
-1.1909219210792799e-06	1.0
0.0	0.0
0.0	0.0
0.0	1.0
-3.264444603701122e-05	0.9100946372239748
0.0	0.0
0.0	1.0
0.0	0.02443280977312391
-0.000385329156415537	0.0
0.0	0.0
-0.004252678249031305	0.0
0.0	1.0
0.0	1.0
0.0	1.0
-3.756248770514503e-05	1.0
0.0	1.0
-4.020741835120134e-05	1.0
-0.001053036656230688	0.0
-4.3441281682987665e-09	1.0
0.0	1.0
0.0	1.0
-0.0006656431360170245	1.0
-0.037179142236709595	0.0
0.0	1.0
0.0	1.0
0.0	1.0
0.0	1.0
-0.0014906186843290925	1.0
0.0	0.0
0.0	1.0
-0.024322664365172386	0.0
-0.00039079258567653596	1.0
-0.0013211710611358285	1.0
0.0	1.0
-0.013592199422419071	0.0
-0.020651979371905327	0.0
0.0	1.0
-1.661487294768449e-05	0.0
0.0	0.3739130434782609
-3.0479630368063226e-05	1.0
-4.949663942599436e-11	0.0
-5.927900474489434e-06	1.0
-0.04258616268634796	0.0
-0.004029572010040283	0.0
0.0	1.0
0.0	0.0
0.0	1.0
-5.215852434048429e-05	1.0
-9.35363641474396e-05	1.0
-0.020447801798582077	0.0
-4.867977736466855e-07	1.0
-0.001089693745598197	0.07381370826010544
-0.0015930794179439545	0.32044198895027626
-0.0019297852413728833	1.0
0.0	1.0
0.0	1.0
0.0	1.0
0.0	1.0
0.0	1.0
-0.0002911468909587711	1.0
-4.943692692904733e-05	1.0
0.0	1.0
0.0	1.0
0.0	1.0
-1.7781885617296211e-06	1.0
0.0	1.0
-6.251269223866984e-05	1.0
-0.0001421136548742652	0.1938534278959811
0.0	1.0
0.0	1.0
0.0	1.0
0.0	1.0
-8.272867391134753e-10	1.0
0.0	1.0
0.0	0.0
-0.002671120222657919	0.37825059101654845
0.0	1.0
0.0	1.0
0.0	1.0
-0.0002263783972011879	1.0
0.0	1.0
0.0	1.0
0.0	1.0
-0.0002645457861945033	1.0
0.0	1.0
-0.0007070456049405038	1.0
0.0	1.0
-8.376977348234504e-06	0.0
-8.37334300740622e-05	1.0
0.0	0.08064516129032258
0.0	1.0
0.0	0.0
0.0	1.0
-3.977301821578294e-05	1.0
-0.0003631901054177433	1.0
0.0	0.06806282722513089
-5.8106677897740155e-05	1.0
0.0	1.0
-0.0031356627587229013	1.0
-0.0016685639275237918	1.0
0.0	1.0
-0.0006509313825517893	1.0
0.0	1.0
-5.1967068429803476e-05	1.0
0.0	1.0
0.0	1.0
0.0	1.0
-0.023610861971974373	0.0
0.0	0.0
0.0	1.0
0.0	1.0
0.0	1.0
0.0	1.0
0.0	1.0
0.0	0.3148936170212766
0.0	1.0
-1.9843740366176643e-13	1.0
0.0	1.0
0.0	1.0
0.0	0.0
0.0	0.0
0.0	1.0
-2.2506003460875945e-07	1.0
0.0	1.0
0.0	0.0
0.0	0.0
0.0	0.0
0.0	1.0
-0.0002780752256512642	1.0
0.0	1.0
-0.004380153492093086	1.0
0.0	1.0
0.0	1.0
0.0	1.0
-5.98212885477567e-13	1.0
0.0	0.07720588235294118
0.0	1.0
-0.00816369242966175	0.0
0.0	1.0
0.0	1.0
0.0	0.0028011204481792717
0.0	0.0
-2.582045635790564e-05	1.0
-0.00827842764556408	0.1069182389937107
0.0	1.0
-1.989795047480092e-12	0.0
0.0	1.0
0.0	1.0
0.0	1.0
0.0	1.0
-9.083449725721948e-08	1.0
0.0	1.0
0.0	1.0
0.0	1.0
0.0	1.0
-0.00014491549518425018	1.0
0.0	1.0
0.0	1.0
0.0	1.0
0.0	0.18950437317784258
-2.84675661532674e-06	1.0
-2.0353823856567033e-05	1.0
0.0	1.0
0.0	0.0
0.0	1.0
0.0	1.0
0.0	1.0
-0.009627027437090874	0.0
-0.00029015299514867365	1.0
-9.616759832908883e-09	1.0
0.0	0.0
-7.765869725062657e-09	0.0
0.0	0.445
0.0	1.0
0.0	1.0
0.0	1.0
0.0	0.0
-1.7895870030315564e-07	0.0
0.0	1.0
-6.3404932006960735e-06	1.0
0.0	1.0
0.0	1.0
-0.001957505941390991	0.0
0.0	1.0
0.0	1.0
0.0	1.0
0.0	1.0
0.0	1.0
-2.149273313989397e-06	1.0
0.0	1.0
0.0	1.0
-0.0002590497024357319	1.0
0.0	1.0
0.0	1.0
-0.0013287645997479558	0.018218623481781375
0.0	0.0922242314647378
-0.0005230641108937562	1.0
-4.353508847998455e-05	1.0
-3.8608639840731485e-08	1.0
0.0	1.0
-0.00029705764609389007	0.0
0.0	0.0022123893805309734
0.0	0.5345345345345346
0.0	1.0
0.0	0.0
-0.002574630780145526	0.9593082400813835
-0.025026502087712288	0.007380073800738007
-4.614610952557996e-05	1.0
0.0	0.0
0.0	1.0
0.0	1.0
-8.749531730245508e-07	0.0
0.0	0.07637231503579953
-6.66093699294712e-12	0.0
0.0	1.0
0.0	1.0
0.0	1.0
0.0	0.0
0.0	1.0
0.0	1.0
-2.6580885332805337e-06	1.0
-0.002081298967823386	1.0
0.0	0.0
-0.0031089792028069496	1.0
0.0	1.0
0.0	1.0
0.0	1.0
0.0	1.0
-1.0140450111550958e-11	0.0
0.0	1.0
-0.0005396860069595277	1.0
0.0	0.0
0.0	1.0
-0.0008671017130836844	1.0
0.0	1.0
0.0	1.0
0.0	1.0
0.0	1.0
0.0	0.0
0.0	0.0
-4.343604814494029e-05	0.0
-0.001656884211115539	1.0
-9.076493006432429e-05	1.0
-2.1194155124248937e-05	1.0
-2.4809278329485096e-06	1.0
0.0	1.0
0.0	0.0
0.0	0.09274193548387097
-0.0001490587746957317	1.0
0.0	1.0
-2.726942148001399e-05	1.0
-6.590616976609454e-05	1.0
0.0	1.0
0.0	0.0
-1.9437833543634042e-05	1.0
0.0	1.0
0.0	0.0017452006980802793
-0.0027106180787086487	0.20930232558139536
-0.020476913079619408	0.0
-2.389868684893326e-12	1.0
0.0	1.0
-1.4730765052206607e-08	0.08333333333333333
-0.000805055198725313	1.0
0.0	1.0
-0.0006630754796788096	1.0
-9.722326649352908e-05	1.0
0.0	1.0
0.0	1.0
0.0	1.0
0.0	0.0
-3.964256029576063e-05	0.0
0.0	1.0
0.0	1.0
-6.236095941858366e-05	0.586
0.0	1.0
-1.7127795015614566e-10	1.0
-0.005301383323967457	0.0199501246882793
-0.003557545831426978	0.0
-5.762630195249585e-08	1.0
0.0	0.0
