-3.0023104500287445e-06	0.0
0.0	0.0
0.0	0.0
0.0	0.0
-2.115354558185345e-09	0.0
0.0	0.0
-3.838534030364826e-05	1.0
0.0	0.0
-1.3840298151990282e-06	1.0
0.0	1.0
0.0	0.0
0.0	0.0
-0.00030599735327996314	0.0
0.0	0.0
-0.0006010921788401902	1.0
-4.704303613323191e-09	1.0
-7.427002762794288e-11	1.0
0.0	0.0
-8.15865132608451e-05	0.0
0.0	0.0
0.0	0.0
-6.765895523130894e-05	0.0
-0.0023542370181530714	0.0
-0.0032094495836645365	0.0
0.0	0.0
0.0	0.0
-0.01106049120426178	0.0
0.0	0.0
0.0	0.0
0.0	0.0
0.0	0.0
0.0	0.0
-9.56693747866666e-06	0.0
0.0	0.0
0.0	0.0
-0.0001414176804246381	0.0
0.0	0.0
-0.0012022514129057527	0.0
0.0	0.0
-0.0004517711640801281	0.0
0.0	0.0
0.0	0.0
0.0	0.0
-0.0010570348240435123	1.0
-3.88806107309847e-08	1.0
0.0	0.0
0.0	0.0
-6.321375258266926e-05	1.0
0.0	0.0
0.0	1.0
0.0	0.0
0.0	1.0
-7.912576620583422e-06	0.0
-0.012603459879755974	0.0
0.0	0.0
-1.3517842489818577e-06	0.0
-0.0020800225902348757	0.0
0.0	0.0
-1.1842254288296772e-08	0.0
-1.3937264498053992e-07	0.0
0.0	0.0
-1.3655356951858266e-06	0.0
-0.0037472338881343603	0.0
0.0	0.0
0.0	0.0
-0.0008097931277006865	0.0
0.0	0.0
-2.434963619624142e-10	0.0
0.0	1.0
0.0	0.0
0.0	0.0
0.0	0.0
-5.330513772605627e-07	0.0
-0.00023437646450474858	1.0
0.0	0.0
-0.0007513342425227165	0.0
0.0	0.0
-5.430018063634634e-06	0.0
0.0	0.0
-2.1493278836715035e-06	0.0
0.0	0.0
-0.0004543497343547642	0.0
-1.367364234283741e-06	0.0
0.0	0.0
0.0	0.0
0.0	0.0
-8.341988177562598e-06	0.0
0.0	0.0
0.0	0.0
-0.0001443323853891343	0.0
0.0	0.0
0.0	0.0
0.0	0.0
-1.729217365209479e-05	0.0
-0.0047411746345460415	0.0
0.0	0.0
-7.113917490642052e-07	0.0
0.0	0.0
0.0	0.0
-0.0005941156996414065	0.0
0.0	0.0
0.0	0.0
0.0	0.0
0.0	0.0
-0.00013746414333581924	0.0
0.0	0.0
0.0	0.0
0.0	0.0
0.0	0.0
-0.002415773458778858	0.0
0.0	0.0
0.0	0.0
-0.005350848659873009	0.0
-3.039941111637745e-05	0.0
0.0	0.0
-0.046138424426317215	0.0
0.0	0.0
0.0	0.0
0.0	0.0
-1.8340278984396718e-07	0.0
-0.0002870408061426133	0.0
0.0	0.0
0.0	0.0
0.0	0.0
-2.0508645320660435e-05	0.0
0.0	1.0
0.0	0.0
-0.00015328118752222508	0.0
-0.0015663120429962873	0.0
0.0	0.0
0.0	0.0
0.0	0.0
-0.0003343612188473344	0.0
0.0	0.0
0.0	0.021
0.0	0.021
-7.117374423160072e-08	0.0
-0.0019235041690990329	0.0
0.0	0.0
0.0	0.0
-4.0675175114301965e-05	0.0
-0.0005130238714627922	0.0
-7.045368693070486e-05	0.0
0.0	0.0
0.0	0.0
-0.0007879405748099089	0.0
-1.953741957549937e-05	0.0
0.0	0.0
0.0	0.0
0.0	0.0
0.0	1.0
0.0	1.0
0.0	0.0
-0.0007385486969724298	0.0
-0.025509808212518692	0.0
0.0	0.0
0.0	0.001
0.0	0.0
-0.00031184667022898793	0.0
-6.835695239715278e-05	0.038
0.0	0.0
-0.0001250288769369945	0.0
0.0	0.0
0.0	0.0
-8.590575362177333e-08	0.0
0.0	0.0
0.0	0.0
0.0	0.0
0.0	0.0
-0.017847144976258278	0.0
0.0	0.13
-0.0003232865419704467	0.13
-4.6205721446312964e-05	0.13
0.0	0.0
0.0	0.129
0.0	0.0
-1.0336206716921037e-12	0.1317671092951992
0.0	0.1317671092951992
-0.00014157695113681257	0.1317671092951992
-6.6191828409500886e-06	0.0
-1.4868005564494524e-05	0.0
0.0	0.0
0.0	0.0
0.0	0.0
0.0	0.0
-7.683451968741553e-25	0.0
0.0	0.0
-0.009337063878774643	0.0
0.0	0.0
0.0	0.0
-4.9565838708076626e-05	0.0
0.0	0.0
-0.0037828951608389616	0.0
-0.006632104981690645	0.0
0.0	0.0
0.0	0.0
-9.179394169223087e-07	0.0
0.0	0.0
0.0	0.0
0.0	0.0
0.0	0.0
-3.6239978129515293e-08	0.0
0.0	0.0
0.0	0.0
0.0	0.124
0.0	0.0
0.0	0.0
0.0	0.0
0.0	0.0
-5.555149229508061e-08	0.0
-0.0020154688972979784	0.02
0.0	0.0
0.0	0.02
0.0	0.0
-0.0008423785329796374	0.0
0.0	0.0
0.0	0.0
0.0	0.0
0.0	0.0
0.0	0.0
0.0	1.0
0.0	1.0
-0.0035288596991449594	0.096
-0.0013917391188442707	0.0
-0.00016962026711553335	0.0
0.0	0.0
0.0	0.0
-2.2065091975775886e-09	0.0
0.0	0.0
0.0	0.0
0.0	0.0
-0.015331361442804337	0.0
0.0	0.0
0.0	0.0
-0.00033733813324943185	0.0
-4.0033611981016293e-07	0.0
0.0	0.0
0.0	0.0
0.0	0.0
0.0	0.0
-0.19117572903633118	0.0
0.0	0.0
-1.7857861166703515e-05	0.0
0.0	0.0
0.0	0.0
-0.000995252514258027	0.0
-3.1531004651697003e-07	0.0
-0.0002935361990239471	0.0
0.0	1.0
0.0	0.02
-1.3579361246573995e-10	0.0
-0.002755942987278104	0.0
-7.189514872152358e-05	0.0
0.0	0.0
-0.008590945973992348	0.0
0.0	0.0
0.0	0.0
-1.1368241530362866e-06	0.0
0.0	0.0
-1.3672501154360361e-05	0.0
-5.653707830788335e-06	0.0
-0.0008625364862382412	0.0
0.0	0.018
0.0	0.018
0.0	0.0
0.0	0.0
0.0	0.0
0.0	0.0
0.0	0.0
0.0	0.0
0.0	0.0
0.0	0.0
0.0	0.0
0.0	0.0
-6.189694886415964e-06	0.0
0.0	0.0
-4.5873304770793766e-05	0.0
-3.8258232962107286e-05	0.0
-0.0006871319492347538	0.0
0.0	0.005
-4.201168059270177e-12	0.005
0.0	0.0
-0.0018887087935581803	0.0
-2.0581019271048717e-06	0.005
0.0	0.0
0.0	0.0
-2.0732448319904506e-05	0.0
-0.00012289460573811084	0.0
-0.0007452654535882175	0.0
0.0	0.0
-7.77336026658304e-06	0.0
-0.00033966530463658273	0.005
-6.438865085556245e-08	0.005
-2.651373688422609e-05	1.0
-0.00021754420595243573	0.0
0.0	0.0
-4.389755122247152e-05	0.0
-9.438928100280464e-05	0.0
-0.00946750771254301	0.0
0.0	0.0
-1.79186405296905e-11	0.0
0.0	0.0
0.0	0.0
0.0	0.0
0.0	0.0
-0.0005224103224463761	0.0
-0.01617158018052578	0.0
0.0	0.0
0.0	0.0
0.0	0.0
0.0	0.0
0.0	0.0
0.0	0.0
0.0	0.0
0.0	0.0
-0.058118317276239395	0.0
-1.8224155837742728e-06	0.0
0.0	0.0
0.0	1.0
-1.2321285658423164e-10	1.0
-4.3842155150741746e-07	1.0
0.0	1.0
0.0	1.0
-0.00021125527564436197	1.0
0.0	0.0
-0.01178661547601223	0.0
0.0	0.0
-0.000399778742576018	1.0
-9.25269050640054e-05	1.0
0.0	0.0
0.0	0.0
0.0	0.0
0.0	1.0
0.0	0.0
-0.005869416054338217	0.0
0.0	0.0
-3.7027436672332215e-09	0.0
0.0	0.0
-0.0001956659834831953	0.0
0.0	1.0
0.0	0.0
0.0	0.0
0.0	0.0
0.0	0.0
0.0	0.0
0.0	0.0
-0.0014168680645525455	0.0
0.0	0.0
0.0	0.0
0.0	0.0
-0.0046461536549031734	0.0
-0.06960710138082504	0.0
0.0	0.0
0.0	0.0
0.0	0.0
0.0	0.0
0.0	0.0
-2.9585598415593495e-09	0.0
0.0	0.0
-0.0003121450718026608	0.0
-3.559484795800927e-08	0.0
0.0	0.0
0.0	0.0
-0.0042559076100587845	0.0
0.0	0.0
-0.0009128788369707763	0.0
-0.0016033289721235633	0.0
0.0	0.0
-3.0176131815551344e-08	0.0
0.0	0.0
0.0	0.0
0.0	0.0
0.0	0.0
0.0	0.0
0.0	1.0
0.0	1.0
-1.0976312296406832e-05	0.0
0.0	0.0
-0.00015214539598673582	1.0
-8.077046913967934e-06	0.0
-0.0012672843877226114	0.0
-5.844850238645449e-05	0.0
0.0	1.0
-1.31152505522536e-10	0.002
-0.0029716147109866142	0.0020408163265306124
0.0	0.0020408163265306124
0.0	1.0
-0.009476892650127411	0.0
0.0	0.0
-0.004987812135368586	0.0
0.0	0.02
0.0	0.0
0.0	0.02
-0.0006903342436999083	0.0
0.0	0.02
-0.0004206894664093852	0.0
0.0	0.0
0.0	0.0
-0.0026576181408017874	0.0
0.0	0.0
-0.00025872871628962457	0.0
0.0	1.0
0.0	1.0
0.0	1.0
0.0	0.0
0.0	0.0
0.0	0.0
0.0	0.0
-3.324623207845434e-07	0.0
0.0	0.0
0.0	0.0
-0.002150133950635791	0.0
-0.003378583351150155	0.0
0.0	0.0
0.0	0.0
0.0	0.0
0.0	0.0
0.0	0.0
0.0	0.0
0.0	0.0
0.0	0.0
-0.0003331807965878397	0.0
0.0	0.0
-1.0657676057235221e-06	0.0
0.0	1.0
0.0	0.0
0.0	0.0
-1.6955347348357463e-08	1.0
-2.713307634127915e-10	0.0
0.0	0.0
-0.004649813286960125	0.0
-2.8885353913210565e-06	0.0
0.0	0.0
-9.445142495678738e-06	0.0
-0.0015418879920616746	0.0
0.0	0.0
0.0	0.0
0.0	0.0
0.0	0.0
0.0	0.0
-0.00012723841064143926	0.0
0.0	0.0
0.0	0.0
-9.037306881509721e-05	0.0
-6.215906864781573e-07	0.0
-1.3168563555154833e-06	0.0
0.0	0.0
0.0	0.0
-3.252149781474145e-06	1.0
0.0	0.0
-2.7011119527742267e-05	0.001
-0.04060199484229088	0.0
0.0	0.001
-2.3509135189669905e-06	0.001
0.0	0.001
-0.02186179719865322	0.0
0.0	0.0
0.0	0.0
-1.1954977026107372e-06	0.0
0.0	0.0
0.0	0.0
0.0	0.0
0.0	0.0
-5.777227124781348e-05	0.0
-6.516629458275247e-09	0.0
0.0	0.0
0.0	0.0
-0.00044807750964537263	0.0
-0.00015718450595159084	0.0
0.0	0.0
0.0	0.0
0.0	0.0
0.0	0.0
0.0	0.0
-0.00023129969486035407	0.0
0.0	0.0
0.0	0.0
0.0	0.0
-0.0024531118106096983	0.0
-0.0025283140130341053	0.0
-0.0025243456475436687	0.0
0.0	0.0
-0.007488298695534468	0.0
0.0	0.0
0.0	0.0
0.0	0.0
0.0	0.0
-0.0007380207534879446	0.0
0.0	0.0
0.0	0.0
0.0	0.0
0.0	0.0
0.0	0.0
0.0	1.0
0.0	0.0
0.0	0.0
0.0	0.0
0.0	0.0
-0.010566962882876396	0.0
-6.45975669613108e-05	0.0
0.0	0.0
0.0	0.0
0.0	0.0
-4.01626960855328e-11	0.0
0.0	0.0
0.0	0.0
-0.010342148132622242	0.0
-0.00032606246531940997	0.012
-9.666936421126593e-06	0.0
0.0	0.0
0.0	0.0
-1.02439516922459e-05	0.0
0.0	0.0
0.0	1.0
-3.696857675095089e-05	1.0
0.0	0.0
-1.7388338164892048e-05	0.0
0.0	0.0
0.0	0.0
-3.846861940104418e-09	0.0
0.0	0.0
-0.0013614988420158625	0.0
0.0	0.0
-0.0004117134667467326	0.0
-0.0008333295118063688	0.0
0.0	1.0
0.0	0.0
0.0	0.0
0.0	0.0
-0.00026748268282972276	0.0
0.0	0.0
0.0	0.0
-2.5663341148174368e-05	0.0
0.0	0.0
0.0	0.0
0.0	0.0
0.0	0.0
-2.319365854930311e-08	0.0
0.0	0.0
0.0	0.0
0.0	0.0
0.0	0.0
0.0	0.0
0.0	0.0
-0.0009566323133185506	0.005
0.0	0.0
-1.6885303155689257e-09	0.0
-0.00036501348949968815	0.0
-3.9821389241634364e-11	0.0
0.0	0.0
0.0	0.0
-0.0012382251443341374	0.0
0.0	0.0
-0.0005661351606249809	0.0
0.0	0.0
-0.007755578495562077	0.0
0.0	0.0
0.0	0.0
0.0	0.0
0.0	0.0
-0.00016332058294210583	1.0
0.0	0.0
0.0	0.0
-0.0007776229176670313	0.0
-0.006335034966468811	0.0
0.0	0.0
-2.3541529117210303e-06	0.0
0.0	0.0
0.0	0.021
-7.130974699975923e-05	0.021
0.0	0.021
0.0	0.021
-0.0006673141615465283	0.021
0.0	0.0
0.0	0.021
0.0	0.021
-2.2347406058997876e-07	0.0
0.0	0.021
0.0	0.021
0.0	0.0
-0.007439614273607731	0.0
0.0	0.0
-0.0006602999637834728	0.021
0.0	0.0
0.0	0.0
-2.888335984607693e-06	0.021
-0.0026657141279429197	0.0
0.0	0.0
-0.001015435322187841	0.0
0.0	0.0
-4.947412162437104e-05	0.0
-3.0837739029010436e-09	0.0
-0.0028526128735393286	0.0
0.0	0.0
0.0	0.0
-0.00018874472880270332	0.0
0.0	0.0
-0.006154770031571388	0.0
0.0	0.0
0.0	0.0
-5.884982238058001e-05	0.0
-0.0020176584366708994	0.0
-6.800760399272576e-09	0.0
0.0	0.0
-3.5890831640017495e-08	0.0
-0.012305980548262596	0.0
0.0	0.0
0.0	0.0
-0.0001237735996255651	0.0
-6.096706215430459e-07	0.0
-2.4400564143434167e-05	0.0
-0.00017501706315670162	0.0
0.0	0.0
-0.0011617235140874982	0.0
0.0	0.0
0.0	0.0
0.0	0.0
0.0	0.0
0.0	0.0
-2.0607226360880304e-06	0.0
0.0	0.0
-6.097737423260696e-05	0.0
0.0	0.0
-4.913746124657337e-06	0.0
-3.192934173057438e-06	0.0
-0.0012100116582587361	0.0
0.0	0.0
-0.004742726683616638	0.0
0.0	0.0
0.0	0.0
0.0	0.0
0.0	0.0
0.0	0.0
0.0	0.0
0.0	0.0
0.0	0.0
-3.9069105696398765e-05	0.0
0.0	0.0
0.0	0.0
0.0	0.0
0.0	0.0
0.0	0.0
-0.001188269816339016	0.0
0.0	0.0
-0.00020193085947539657	0.0
0.0	0.0
-0.0001427131937816739	0.0
0.0	0.0
-5.821853505949548e-07	0.0
-0.00015513373364228755	0.0
0.0	0.0
-0.00021259703498799354	0.0
0.0	0.0
0.0	0.856
-0.008932674303650856	0.0
0.0	0.856
0.0	0.0
-5.100321800455276e-07	0.0
0.0	0.856
0.0	0.0
-0.0003102817281614989	0.856
0.0	0.856
0.0	0.0
0.0	0.8734693877551021
-0.0013924522791057825	0.856
0.0	0.0
0.0	0.0
-8.034159691305831e-06	0.0
0.0	0.0
0.0	0.0
0.0	0.0
0.0	0.0
-4.386400178191252e-05	0.0
0.0	0.0
-0.0036013019271194935	0.0
0.0	0.0
-1.409210312885989e-06	0.0
-0.0021294381003826857	0.0
-0.00039412803016602993	0.0
0.0	0.0
0.0	0.0
-0.0015022315783426166	0.0
0.0	0.0
-0.00017705850768834352	0.0
-1.672145003794867e-06	0.0
0.0	0.0
-7.97966931713745e-05	0.0
-5.1026239816565067e-05	0.0
0.0	0.0
0.0	0.0
-7.381858449662104e-05	0.0
-0.0033162697218358517	0.0
-0.0024068066850304604	0.0
0.0	0.0
-0.0010824804194271564	0.0
0.0	0.0
-9.099446174332115e-08	0.0
-0.00019954635354224592	0.0
0.0	0.0
-4.09862695960328e-05	0.0
-4.567565702018328e-05	0.0
0.0	0.0
0.0	0.0
0.0	0.0
-0.000358512275852263	0.0
0.0	0.0
0.0	1.0
0.0	0.0
0.0	0.0
0.0	0.0
0.0	0.0
-0.0015915193362161517	0.0
0.0	0.0
0.0	0.0
-0.00068238953826949	0.0
-1.917259623951395e-06	0.0
-5.311970863175475e-09	0.0
0.0	0.0
0.0	0.0
-5.8197356656020105e-11	0.0
0.0	0.0
-8.56749466038309e-05	0.0
-0.00944132823497057	0.036
0.0	0.0
-2.146589213225525e-05	0.036
0.0	0.036
0.0	0.0
0.0	0.0
0.0	0.036
0.0	0.0
-0.0014309141552075744	0.0
-0.003836310002952814	0.0
-4.138009899179451e-07	0.0
0.0	0.0
0.0	0.0
-0.002467509126290679	0.0
0.0	0.0
0.0	0.0
0.0	1.0
-3.057708308773499e-09	1.0
-0.01903296820819378	0.0
-1.406760020472575e-05	1.0
0.0	0.0
0.0	0.0
0.0	0.0
0.0	0.0
0.0	0.0
0.0	0.0
0.0	1.0
-8.941687156038824e-06	0.0
0.0	0.0
-6.620236672461033e-05	0.0
0.0	0.0
-0.00686934869736433	0.0
0.0	0.0
-3.824872016333636e-11	0.0
0.0	0.0
0.0	0.0
-0.0006642059306614101	0.0
0.0	0.0
-3.402760048016283e-14	0.0
-0.0008401743252761662	0.0
0.0	0.0
-0.003490458009764552	0.0
0.0	0.0
0.0	0.0
0.0	0.0
0.0	0.0
-2.3230165879795095e-06	0.0
0.0	0.0
0.0	0.0
0.0	0.0
-0.0006682420498691499	0.0
0.0	0.0
0.0	0.0
0.0	0.0
0.0	0.002336448598130841
0.0	0.0
-0.042392898350954056	0.0
-1.882595768165629e-08	0.124
0.0	0.124
0.0	0.124
0.0	0.0
0.0	0.0
0.0	0.0
0.0	0.0
0.0	0.0
0.0	0.0
-4.350217295723269e-06	0.0
0.0	0.0
0.0	0.0
0.0	0.0
0.0	0.0
-1.3107081713314983e-06	0.0
-2.2999469365458935e-05	0.0
0.0	0.0
0.0	0.0
0.0	0.0
0.0	0.0
0.0	0.0
-0.0002757342590484768	0.0
-0.0030151396058499813	0.0
0.0	0.0
-8.778075653026463e-07	0.0
0.0	0.0
0.0	0.0
0.0	0.0
0.0	0.0
-0.00031639853841625154	0.0
0.0	0.0
0.0	0.0
0.0	1.0
0.0	1.0
-0.00178820441942662	0.0
0.0	0.0
0.0	1.0
0.0	0.0
-0.008023425936698914	0.0
0.0	0.0
-1.126932602346642e-06	0.0
0.0	0.0
-3.841423534822752e-08	0.0
0.0	0.0
0.0	0.0
0.0	0.0
0.0	0.0
0.0	0.0
0.0	0.0
-0.0035708951763808727	0.0
-5.775164026999846e-06	0.015186915887850467
-5.3269421186996624e-05	0.0
-9.190839755923719e-10	0.0
-6.410876085283235e-05	0.0
0.0	0.0
-0.0008277008892036974	0.013
0.0	0.013
-2.8133408797037518e-11	1.0
0.0	0.0
0.0	0.0
0.0	0.0
-0.020898763090372086	0.0
-0.004360388033092022	0.0
-0.001166527159512043	0.0
0.0	0.0
0.0	0.0
0.0	0.0
0.0	0.0
0.0	0.0
0.0	0.0
-0.002960732439532876	0.0
0.0	0.0
0.0	0.0
-0.0003810068592429161	0.0
-6.414779636543244e-05	0.0
0.0	0.0
-0.003861756529659033	0.0
-0.0005495426012203097	0.0
0.0	0.0
-0.00459135789424181	0.0
0.0	0.0
-5.5027104650662295e-08	0.0
-0.0025248921010643244	0.0
-0.007195625454187393	0.01
-0.001967815915122628	0.0
0.0	0.0
0.0	0.0
-4.664694642997347e-05	0.0
0.0	0.0
0.0	0.0
-9.582000348018482e-05	0.0
-1.555940912112419e-06	0.0
0.0	0.0
-0.005331114865839481	0.0
0.0	0.0
0.0	0.0
-0.004969232715666294	0.0
0.0	0.0
0.0	0.0
0.0	0.0
0.0	0.0
-0.0008210743544623256	0.0
0.0	0.0
0.0	0.0
0.0	0.0
-2.947157629051844e-09	0.0
0.0	0.0
0.0	0.0
0.0	0.0
0.0	0.019
-0.0006375099183060229	0.0
-0.0009737261570990086	0.0
0.0	0.0
-1.1963728866248857e-05	0.0
0.0	0.0
-4.747256454606941e-08	0.0
-9.142691851593554e-05	0.0
-1.8498954590384642e-09	0.0
0.0	0.0
0.0	0.0
-1.6759868231019937e-05	0.0
