-0.009379432536661625	0.0
0.0	0.0
-0.01095163356512785	0.0
0.0	0.0
0.0	0.0
-0.0026035907212644815	0.0
0.0	0.0
0.0	0.0
-0.0005718952743336558	0.0
0.0	0.0
0.0	0.0
0.0	0.0
0.0	0.0
0.0	0.0
0.0	0.0
0.0	0.0
0.0	0.0
0.0	0.0
-3.966340955230407e-06	0.0
0.0	0.0
0.0	0.0
0.0	0.0
-1.5330393580370583e-05	0.0
0.0	0.0
0.0	0.0
-8.724659710424021e-05	0.0
0.0	0.0
-0.0001315302069997415	0.0
0.0	0.0
0.0	0.0
-3.6376452072772736e-08	0.0
0.0	0.0
0.0	0.0
-7.636275256572844e-08	0.69
-0.00023586100724060088	0.69
0.0	0.0
0.0	0.69
0.0	0.0
0.0	0.69
-7.128724973881617e-06	0.0
0.0	0.69
-8.28692563459299e-08	0.69
0.0	0.0
0.0	0.0
-2.807629425660707e-05	0.69
-2.3497049994603003e-07	0.0
0.0	0.0
-3.3638237084687717e-08	0.0
-1.9461179629615133e-12	0.0
0.0	0.0
-0.0009605110972188413	1.0
0.0	0.011
-0.0027670981362462044	0.0
0.0	0.0
0.0	0.0
0.0	0.011
0.0	0.011
0.0	0.011
0.0	0.0
0.0	0.0
0.0	0.0
0.0	0.011
0.0	0.0
-0.0008649645606055856	0.0
0.0	0.0
0.0	0.0
0.0	0.0
0.0	1.0
0.0	0.0
0.0	0.0
0.0	0.0
0.0	0.0
-0.00042752252193167806	0.0
-0.00014689065574202687	0.0
-0.0002057082310784608	0.0
0.0	0.0
-2.147183295164723e-06	0.0
0.0	0.0
-4.553190535716567e-08	0.0
-4.6439865400316194e-05	0.0
-0.0012666549300774932	0.0
-0.002342314925044775	0.0
-5.128574230184313e-06	0.0
0.0	0.0
0.0	0.0
0.0	0.0
0.0	0.0
-0.0024922227021306753	0.0
0.0	0.0
-3.743746128748171e-05	1.0
0.0	1.0
0.0	0.0
0.0	1.0
0.0	0.0
0.0	0.0
0.0	0.0
0.0	0.0
0.0	0.0
0.0	0.0
0.0	0.0
-2.2751972210244276e-05	0.0
-0.00434541841968894	0.0
0.0	0.0
0.0	0.0
0.0	0.0
0.0	0.0
-4.492739390116185e-05	0.0
0.0	0.0
-4.843992064706981e-05	0.0
0.0	0.0
-0.008883917704224586	0.0
-0.0002507369208615273	0.0
0.0	0.0
-0.0038832135032862425	0.0
-0.0006854978273622692	0.0
0.0	0.0
0.0	1.0
0.0	0.0
0.0	0.0
0.0	0.0
-5.926130484112946e-07	0.0
0.0	0.0
0.0	0.0
0.0	0.0
-0.0005132491351105273	0.0
0.0	0.0
-1.2126631645514863e-06	0.0
0.0	0.0
-3.884329998982139e-05	0.0
0.0	0.0
0.0	0.0
-0.00021179861505515873	0.0
0.0	0.0
-0.0030018838588148355	0.0
-9.461247063580203e-11	0.0
-0.0010410749819129705	0.0
0.0	1.0
-0.023600144311785698	0.0
-4.4162399717606604e-05	0.0
-7.991804551465975e-08	0.004
-9.066994377526783e-11	0.0
0.0	0.0
-0.002221671398729086	0.0
-6.259246219997294e-06	0.0
-0.0052884588949382305	0.0
0.0	0.065
0.0	0.0
0.0	0.065
0.0	0.0
0.0	0.0
-0.0010627310257405043	0.0
0.0	0.0
0.0	1.0
0.0	0.0
-8.74145712259633e-07	0.0
0.0	0.0
-0.007602744270116091	0.0
-0.0004875031881965697	0.0
0.0	0.0
0.0	0.0
0.0	0.0
-9.999825851991773e-05	0.0
-0.004437790252268314	0.0
-0.0002594634424895048	0.0
-0.00990008469671011	0.0
-0.008011964149773121	0.0
-0.00019737514958251268	1.0
0.0	0.0
0.0	0.0
-0.0008518940303474665	0.0
-0.0005140839493833482	0.0
-2.3438142306986265e-05	0.0
-1.2039871535307611e-06	0.0
0.0	0.0
-3.548059248714708e-05	0.0
0.0	0.0
-2.8983155061723664e-05	0.0
-0.00115866307169199	0.0
0.0	0.0
0.0	0.0
-4.158130195719423e-06	0.0
0.0	0.0
0.0	0.0
0.0	0.0
-8.682433690410107e-05	0.0
0.0	0.0
0.0	0.0
0.0	1.0
0.0	1.0
0.0	1.0
0.0	1.0
-1.3262934771773871e-05	0.0
0.0	0.0
0.0	0.0
-2.529008088458795e-05	0.0
-5.021347169531509e-05	0.0
0.0	0.0
0.0	0.0
0.0	0.0
-0.0001351171376882121	0.0
-1.1415670087444596e-05	0.0
-0.00021454892703332007	0.0
0.0	0.0
-0.0006318768719211221	0.0
0.0	0.0
-0.001462003099732101	1.0
0.0	0.0
0.0	1.0
0.0	0.0
0.0	0.0
0.0	0.0
-7.888641994213685e-05	0.0
0.0	0.0
0.0	0.0
0.0	0.0
0.0	0.0
0.0	0.0
-6.244355618516273e-13	0.0
0.0	0.0
0.0	0.0
-3.061331153730862e-05	0.0
0.0	0.0
-1.0651430848440668e-09	0.0
-0.000281143729807809	0.0
0.0	0.0
-1.8947455828310922e-05	0.0
0.0	0.0
0.0	0.0
0.0	0.0
0.0	0.0
-8.422709652222693e-05	0.0
0.0	0.0
0.0	0.0
-0.013692555017769337	0.0
0.0	0.0
-1.6463804968225304e-06	0.0
-0.0006730635068379343	0.0
0.0	0.0
0.0	0.0
0.0	0.0
-0.001905612414702773	0.0
-0.002082410268485546	0.0
0.0	0.0
0.0	1.0
-0.002110634930431843	0.011
0.0	0.0
0.0	0.0
0.0	0.0
-0.013127855956554413	0.0
0.0	0.0
-0.006923410575836897	0.0
-2.0737545582960593e-06	0.0
0.0	0.0
-0.0009030493092723191	0.0
0.0	0.0
-2.198569518441218e-06	0.0
0.0	0.0
-2.0759329345310107e-05	0.0
-0.004196431953459978	0.0
-2.97259661330429e-10	0.0
-2.1343467437873187e-07	0.0
0.0	0.0
0.0	0.0
-0.0007188532035797834	0.0
0.0	0.0
-2.622131660245941e-06	0.0
-0.010737713426351547	0.0
0.0	0.0
-0.0009095788700506091	0.0
-5.196543042984558e-06	0.0
-0.0001918093767017126	0.0
-0.0008061377448029816	0.0
0.0	0.0
0.0	0.0
0.0	0.0
-4.8343249545723666e-06	0.0
0.0	0.0
0.0	0.0
0.0	0.0
0.0	0.0
-0.001319244154728949	0.0
0.0	0.0
-0.0002871143806260079	0.0
0.0	0.0
0.0	0.0
-0.0013512523146346211	0.0
0.0	0.0
0.0	0.0
0.0	1.0
0.0	1.0
0.0	0.0
0.0	1.0
0.0	1.0
-0.027084579691290855	0.0
-0.001079665613360703	0.0
0.0	0.0
0.0	0.0
0.0	0.0
0.0	0.0
0.0	0.0
-0.027434175834059715	0.0
0.0	0.0
0.0	0.048
-6.985201195133621e-16	0.0
-0.11166048049926758	0.0
0.0	0.0
0.0	0.0
-0.006010294891893864	0.0
0.0	0.048
0.0	0.0010504201680672268
0.0	0.0010504201680672268
-1.872711982287001e-05	0.04804804804804805
-0.005714636296033859	0.04804804804804805
0.0	0.0
0.0	0.001
0.0	0.0
-4.112582973903045e-05	0.001
0.0	0.001
-0.00309937191195786	0.0
-3.8195662455109414e-07	1.0
0.0	1.0
-0.007820074446499348	0.0
-0.0029263219330459833	0.0
0.0	1.0
0.0	1.0
0.0	1.0
-3.096297587035224e-05	0.0
-2.99149678539834e-06	0.0
0.0	0.0
0.0	0.0
0.0	1.0
0.0	1.0
-0.003528590314090252	0.0
-4.033763616462238e-06	1.0
0.0	0.0
-1.8314036651645438e-06	0.0
0.0	0.0
0.0	0.0
-0.001027589081786573	0.0
-0.00025352847296744585	0.0
0.0	0.0
0.0	1.0
-5.699074634435419e-08	1.0
-0.009256272576749325	0.0
0.0	0.0
0.0	1.0
-2.229750634796801e-06	0.0
-0.0001920982904266566	0.0
0.0	0.0
0.0	0.0
0.0	0.0
0.0	0.0
-3.780949100473663e-06	0.0
-3.1117754133447306e-06	0.0
-1.268623600481078e-05	0.0
0.0	0.0
-2.458022026985418e-05	0.0
-0.0032667648047208786	0.0
0.0	0.0
-0.0009024576866067946	0.0
0.0	0.0
-6.762592761333508e-07	0.0
-3.3356799090331892e-15	0.0
-1.519475656408531e-10	0.0
0.0	0.0
-6.102046385542126e-12	0.0
-1.6774250980233774e-05	0.0
-2.7143346414959524e-06	0.0
-6.424450839404017e-05	0.0
0.0	0.0
-2.1421092330498048e-11	1.0
0.0	0.0
-0.004214277025312185	0.0
-4.241141127181436e-08	0.0
0.0	0.0
-0.003496352816000581	0.0
0.0	0.0
0.0	0.0
-0.004041652195155621	0.0
0.0	0.0
-0.001506356755271554	0.0
-0.0023983053397387266	0.0
0.0	0.0
0.0	0.0
-2.5194026420649607e-06	0.0
-0.0016740997089073062	0.0
0.0	0.0
-2.55315768526998e-08	0.0
-0.0024590122047811747	0.0
0.0	1.0
0.0	0.0
-0.0005090450285933912	0.0
0.0	0.0
-7.712981641816441e-06	0.0
0.0	0.0
0.0	0.0
0.0	0.0
-0.00019088205590378493	0.0
-3.707074824887968e-07	0.0
0.0	0.0
-0.002960843499749899	0.0
0.0	0.0
0.0	0.0
-0.0015633878065273166	0.0
0.0	0.0
-7.675139954699262e-07	0.0
-2.458586578768518e-08	0.0
-0.00043508285307325423	0.0
0.0	0.0
0.0	0.0
0.0	0.0
-0.0001170228497358039	0.0
0.0	0.0
0.0	0.0
0.0	0.0
-0.001962156966328621	0.0
-0.0011973753571510315	0.0
0.0	0.0
0.0	0.0
-6.54514806797124e-08	0.0
0.0	0.0
0.0	0.0
-0.0014826504047960043	0.0
-1.7890146031263043e-09	0.0
-0.00010540217772359028	0.0
-0.004125866107642651	0.0
0.0	0.0
-0.0020923831034451723	0.0
-5.130681529408321e-06	0.0
-0.0030712238512933254	0.0
-7.725784598733298e-06	0.0
0.0	0.0
-0.0015189278637990355	0.0
0.0	0.0
-0.004026227630674839	0.0
0.0	0.0
-1.4663201909570489e-05	0.0
-0.0017000999068841338	0.0
0.0	0.0
0.0	0.0
0.0	0.0
0.0	0.0
0.0	1.0
-2.973905975522939e-05	1.0
0.0	0.0
0.0	0.0
-6.625800210713351e-07	0.0
0.0	0.0
0.0	0.0
-0.0008968135225586593	0.0
-0.021962404251098633	0.0
-0.0008482420817017555	0.0
0.0	0.0
-3.428922354942188e-05	0.0
-5.590244427366997e-07	0.0
0.0	0.0
0.0	0.0
-0.00022296971292234957	0.0
0.0	0.0
-6.88536383677274e-05	1.0
0.0	0.0
-0.0033512208610773087	0.0
0.0	0.0
0.0	1.0
-0.00293848873116076	0.108
0.0	0.0
0.0	0.108
0.0	0.0
-1.299740547936086e-14	0.108
0.0	0.108
-2.0269895983915376e-08	0.0
0.0	0.0
0.0	0.0
-0.0005132908700034022	0.0
0.0	0.0
0.0	0.0
-0.00012950992095284164	0.0
0.0	0.0
0.0	0.0
-0.00013161501556169242	0.0
-0.003842191072180867	0.0
-1.599996721779462e-06	0.0
0.0	0.0
-1.1819548717539874e-06	0.0
0.0	0.0
0.0	0.0
-2.0116447174700625e-08	0.0
-7.005153020145372e-05	0.0
0.0	0.0
0.0	0.0
0.0	0.0
-6.411379871451572e-08	0.0
-0.00020066140859853476	0.0
0.0	0.033
-0.0024284461978822947	0.0
0.0	1.0
-8.607340714661404e-05	1.0
0.0	0.005797101449275362
0.0	0.037
0.0	0.037
0.0	0.0
-4.978477591066621e-06	0.0
0.0	0.0
0.0	0.0
-3.056638888665475e-05	0.0
0.0	0.0
0.0	0.0
-3.2835203740005925e-12	0.0
0.0	0.0
0.0	0.0
-0.000463847623905167	0.0
0.0	0.0
0.0	0.0
-8.645009074825794e-05	0.0
-2.5583884166735515e-07	0.0
0.0	0.0
0.0	0.0
-0.0012108483351767063	0.0
-0.003540771547704935	0.0
0.0	0.0
-0.00027208641404286027	0.0
-6.872430731164059e-06	0.0
-0.0020611421205103397	0.0
0.0	0.0
-1.668647975350268e-08	1.0
-1.6936232416497887e-09	0.0
0.0	1.0
-4.4834909203927964e-05	0.0
-4.068213820573874e-05	0.0
0.0	0.0
0.0	0.0
-0.0024558203294873238	0.0
0.0	0.0
-8.638220947432274e-07	0.0
-2.048184342129389e-06	0.0
0.0	0.004
0.0	0.0
0.0	0.0
-1.9444379972810566e-07	0.0
-0.000949240056797862	0.0
-0.0001436860766261816	0.0
-6.338942739603226e-07	0.0
0.0	0.0
0.0	1.0
-0.002862878143787384	0.0
-0.001419807318598032	0.0
0.0	1.0
0.0	0.0
0.0	1.0
0.0	1.0
-0.0026752622798085213	0.0
0.0	0.0
-0.00039753547753207386	1.0
0.0	1.0
0.0	1.0
-0.0009503520559519529	1.0
0.0	1.0
-0.0018062351737171412	1.0
0.0	0.0
-0.0020043293479830027	0.001
0.0	0.0
-0.0026046859566122293	0.0
-0.0007909994455985725	1.0
0.0	0.0
-0.00012723075633402914	0.0
0.0	1.0
0.0	0.0
-6.612737251998624e-06	0.0
-5.3061306971358135e-05	0.0
0.0	0.0
0.0	0.0
0.0	0.0
-0.004195255693048239	0.0
-0.0042480528354644775	0.0
0.0	0.0
0.0	0.0
0.0	0.0
0.0	0.0
0.0	0.0
0.0	0.0
-7.691860810155049e-05	0.0
0.0	0.0
0.0	0.0
0.0	0.0
0.0	0.0
0.0	0.0
0.0	0.0
0.0	0.0
-6.463127192546381e-06	0.0
-0.0003286671417299658	0.0
-1.2338641681708395e-06	0.0
-0.016487842425704002	0.0
0.0	0.0
0.0	0.0
0.0	0.0
-0.011458185501396656	0.0
-2.617648533487227e-06	0.0
0.0	0.0
-6.007807678543031e-05	0.0
0.0	0.0
-0.0013639843091368675	0.0
0.0	0.0
0.0	0.002
0.0	0.0
0.0	0.0
0.0	0.0
-6.878092972328886e-05	0.0
0.0	1.0
-4.9922346079256386e-06	0.0
-0.0005284685757942498	0.0
-0.026573553681373596	0.0
0.0	0.0
-6.417708586781146e-10	0.0
0.0	0.0
0.0	0.0
-2.265385410282761e-05	0.0
0.0	0.0
0.0	0.0
0.0	0.0
0.0	0.0
-7.810048373357859e-06	0.0
0.0	0.0
-1.0529398423386738e-05	0.0
0.0	0.0
-0.00014808023115620017	0.0
0.0	0.0
0.0	1.0
-0.0012630712008103728	1.0
0.0	0.0
0.0	0.0
-1.4467467224221764e-08	0.0
0.0	0.0
0.0	0.0
0.0	0.0
-0.0033714445307850838	0.0
-5.093137578349172e-10	0.0
-2.5980163627536967e-05	0.0
0.0	0.0
-6.095060962252319e-05	0.0
0.0	0.0
-0.002549391472712159	0.0
-0.0017515444196760654	0.0
0.0	0.0
-0.001545643899589777	0.0
-0.0007388251251541078	0.0
-0.0005410552839748561	0.0
-6.389002373907715e-05	0.0
0.0	1.0
0.0	0.0
-1.7501441107015125e-05	0.0
-6.502034466393525e-09	0.0
0.0	0.0
-3.562587153282948e-05	0.0
-3.105710129602812e-05	0.0
-0.0018508839420974255	0.0
0.0	0.0
-8.726498344913125e-05	0.0
0.0	0.0
0.0	0.0
0.0	0.0
-5.463249181048013e-05	0.0
-0.0021297491621226072	0.0
-0.001344117452390492	0.0
0.0	0.0
0.0	0.0
0.0	0.0
0.0	0.0
-0.0013049369445070624	0.0
0.0	0.0
-0.0005449500167742372	1.0
0.0	0.0
0.0	0.0
0.0	0.0
-0.0005386274424381554	0.0
0.0	0.0
0.0	0.0
-6.965078114262724e-07	0.0
-0.0003531931433826685	0.0
0.0	0.0
0.0	0.0
0.0	0.0
-6.468239007517695e-05	0.0
0.0	0.0
0.0	0.0
-1.1572754374356009e-05	0.0
-0.0010325029725208879	0.0
-0.000615253928117454	0.0
0.0	0.0
0.0	0.0
-3.8620906707365066e-05	0.0
-4.328115392127074e-05	0.0
0.0	0.0
0.0	0.0
0.0	0.001
-2.464947783664684e-06	0.001
-0.000598361948505044	0.001
0.0	0.001
0.0	0.0
0.0	0.0
0.0	0.0
0.0	0.0
-0.00013102430966682732	0.0
0.0	0.0
0.0	0.0
0.0	0.0
0.0	0.0
-0.0006397132528945804	0.0
0.0	0.0
-0.001035997993312776	0.0
0.0	0.0
0.0	0.0
0.0	0.0
0.0	0.0
0.0	0.0
-0.012013883329927921	0.0
-0.0019295619567856193	0.0
0.0	0.0
-0.00016781268641352654	1.0
0.0	0.0
-0.0006115821888670325	1.0
0.0	0.0
0.0	0.0
0.0	0.0
-0.00203324924223125	0.0
0.0	0.0
0.0	0.0
0.0	0.0
-5.358569410418568e-07	0.0
0.0	0.69
0.0	0.0
-1.1612801245064475e-06	0.0
0.0	0.0
-0.00029565338627435267	0.0
-2.14309579860128e-07	0.0
-4.116851050639525e-05	0.0
-1.4946610917832004e-06	0.0
0.0	1.0
0.0	1.0
-1.986762526939856e-06	1.0
-2.5310978912784776e-07	1.0
0.0	1.0
0.0	0.0
0.0	1.0
-0.002718515694141388	0.0
0.0	1.0
0.0	0.0
-1.3154191265130066e-06	0.0
-1.2151349437772296e-06	0.0
0.0	0.0
0.0	0.0
0.0	0.0
-1.3160072285245406e-06	0.0
0.0	0.0
-1.7025273336912505e-05	0.0
-2.5813419597398024e-06	0.0
0.0	0.0
-0.00014201269368641078	0.0
-0.0021643179934471846	0.0
-2.8592467060661875e-05	1.0
-0.0006891058874316514	0.0
0.0	0.0
-2.046206418526708e-06	0.0
0.0	0.0
-0.0007640449330210686	0.0
0.0	0.0
0.0	1.0
0.0	1.0
-0.0008104905718937516	0.0
0.0	0.0
-4.240407724864781e-05	0.0
0.0	0.0
0.0	1.0
0.0	0.0
0.0	0.0
0.0	0.0
0.0	0.0
0.0	0.0
0.0	0.0
-0.02567744255065918	0.0
-2.256983179904637e-06	0.0
-4.694743083177855e-08	0.0
0.0	0.0
0.0	0.0
-3.290541172873418e-10	0.0
0.0	0.0
0.0	0.0
0.0	0.0
-1.459562359862332e-09	0.0
0.0	0.0
-0.010131231509149075	0.0
-0.000991162727586925	0.0
-0.002775923814624548	0.0
-0.0005717683234252036	0.0
-0.005230856593698263	0.0
0.0	0.0
0.0	0.0
-0.0010613694321364164	0.0
0.0	0.0
0.0	0.0
-0.006472471635788679	0.0
-1.0420345120110142e-07	0.0
0.0	0.0
0.0	0.0
0.0	0.0
0.0	0.0
0.0	0.0
-0.0002630305243656039	0.0
-4.489636194193736e-05	0.0
-0.0016440222971141338	0.0
0.0	0.0
-1.1278978462314626e-07	0.0
-3.213349145880784e-06	0.0
0.0	0.0
-1.199220605485607e-06	0.0
-0.000230182777158916	0.0
-0.0007068666745908558	0.0
0.0	0.0
0.0	0.0
0.0	0.0
0.0	0.0
-0.0008250459213741124	0.0
-0.0020045817364007235	0.0
-1.8668094414059366e-12	0.0
0.0	0.0
0.0	0.0
0.0	0.0
0.0	0.0
0.0	0.0
0.0	0.0
0.0	0.0
0.0	0.0
-0.0002832830941770226	0.0
0.0	0.0
-0.005943968892097473	0.0
0.0	0.0
-0.0024098940193653107	0.0
-0.02711661346256733	0.0
0.0	1.0
-5.320799391483888e-05	1.0
0.0	1.0
0.0	1.0
0.0	1.0
-1.5365047147497535e-05	0.0
0.0	0.0
-0.0003748894378077239	0.0
0.0	0.0
0.0	0.0
0.0	0.0
