0.0	0.0
0.0	0.0
0.0	0.0
0.0	0.0
-2.0949056533936528e-07	0.0
0.0	0.0
-0.0005463740089908242	1.0
0.0	1.0
-1.0750325600383803e-05	0.0
0.0	0.0
-4.59586844954174e-05	0.0
0.0	0.0
-0.00026161392452195287	0.0
0.0	0.0
-0.0017468634760007262	0.0
-0.00033316886401735246	0.0
0.0	0.0
0.0	0.0
0.0	0.0
0.0	0.0
0.0	0.0
0.0	0.0
0.0	0.0
0.0	0.0
0.0	0.0
0.0	0.0
-0.0014382118824869394	0.0
-0.005544344428926706	0.0
0.0	0.0
0.0	0.0
0.0	0.0
0.0	0.0
0.0	0.0
-0.00021093488612677902	0.0
0.0	0.0
0.0	0.0
0.0	0.0
0.0	0.0
0.0	0.0
-1.7370970226693316e-06	0.101
0.0	0.0
0.0	0.0
-8.805143806966953e-06	0.0
-9.642977829571464e-07	0.0
-0.00013932195724919438	0.0
-9.23721099610475e-09	0.002
-0.000261464505456388	0.002
0.0	0.0
-0.00032676997943781316	0.0
0.0	0.0
0.0	0.0
0.0	1.0
-0.008336051367223263	0.0
0.0	1.0
0.0	1.0
-5.204147441872919e-07	0.0
0.0	1.0
-0.0626206025481224	0.0
-0.00018759000522550195	0.0
-0.0039471047930419445	0.0
-1.842890062775382e-09	0.0
-0.001805767766200006	0.0
0.0	0.0
-0.0006705420091748238	0.0
-9.169279451270995e-07	0.0
0.0	0.0
-7.61889396017068e-09	0.0
-0.011446458287537098	0.0
0.0	0.0
0.0	0.0
-0.0016142644453793764	0.0
0.0	0.0
-0.001078117056749761	0.0
0.0	0.0
-1.7293088603764772e-05	0.0
-0.002669583773240447	0.0
-1.8433286147478967e-11	0.0
0.0	0.0
0.0	0.0
0.0	0.0
0.0	0.0
-0.0001503571984358132	0.0
0.0	0.0
0.0	0.0
0.0	0.0
-0.00043381142313592136	0.0
-0.0002832982281688601	0.0
0.0	1.0
0.0	0.0
0.0	0.0
-9.85106744337827e-05	1.0
-0.0044439104385674	0.0
0.0	0.0
-0.0014397823251783848	0.0
-4.03787862524041e-06	0.0
0.0	0.0
0.0	0.0
0.0	0.0
-5.079953552922234e-06	0.0
-0.0052299536764621735	0.0
0.0	0.0
0.0	0.0
-0.005628686863929033	0.0
-0.002970564179122448	0.0
0.0	0.0
0.0	0.0
-1.823600359784905e-05	0.0
-2.586406935733976e-06	0.0
0.0	0.0
0.0	0.0
-0.001330181723460555	0.0
-1.1972977063123835e-06	0.0
-0.0001775664568413049	0.0
-0.0003958610468544066	0.0
0.0	0.0
0.0	0.0
0.0	0.0
0.0	0.0
-2.823341560542758e-08	0.0
0.0	0.0
0.0	0.0
-0.0007332660024985671	0.0
0.0	0.0
0.0	0.0
0.0	0.0
0.0	0.0
0.0	0.0
0.0	0.0
-2.1457949515024666e-06	0.0
0.0	0.0
0.0	0.0
0.0	0.0
0.0	0.0
-6.384908829204505e-06	0.0
0.0	0.0
-0.0032618213444948196	0.0
-6.17202022112906e-06	0.0
-5.071047053206712e-05	0.0
0.0	0.0
-9.54479784098794e-09	0.0
0.0	0.0
0.0	0.0
0.0	0.0
0.0	0.0
-5.049756879316192e-08	0.0
-0.0007156949723139405	0.0
0.0	0.0
0.0	0.0
-0.000323861138895154	0.0
0.0	0.0
0.0	0.0
0.0	0.0
-3.557769787221332e-06	0.0
0.0	0.0
0.0	1.0
-2.126278559444472e-06	0.0
0.0	0.0
-2.1904552340856753e-06	0.0
0.0	0.0
0.0	1.0
-0.00020364850934129208	1.0
0.0	0.0
-3.625297705525955e-18	0.0
0.0	0.0
-6.604666850762442e-05	1.0
-0.0023448411375284195	0.0
-4.127922511543147e-05	0.0
0.0	0.0
0.0	0.0
0.0	0.0
-2.0235732733908662e-07	0.0
-1.2324324416113086e-05	0.0
-0.0021127918735146523	0.0
0.0	0.002
0.0	0.0
0.0	0.0
-0.0019253797363489866	0.0
0.0	1.0
-1.8233658920507878e-06	0.0
0.0	0.0
-0.00021011293574701995	0.0
0.0	0.0
-0.013041124679148197	0.0
-1.3862198784408974e-06	0.0
0.0	0.0
-7.572536560473964e-05	0.0
-0.0012712135212495923	0.0
0.0	0.0
0.0	0.0
-0.0001528547436464578	0.0
-0.013607469387352467	0.0
0.0	0.0
0.0	0.0
0.0	0.0
0.0	0.0
0.0	0.0
0.0	0.0
0.0	0.0
0.0	0.0
-9.746222495721213e-09	0.0
-0.00036032788921147585	0.0
-0.005316227674484253	0.0
-0.0015537671279162169	0.0
-8.11187692306703e-06	0.0
0.0	0.0
0.0	0.0
0.0	0.0
0.0	0.0
-9.52267043885513e-07	0.0
-5.204487024457194e-05	0.0
0.0	0.0
0.0	0.0
0.0	0.0
-6.529646634589881e-05	0.0
-0.0033728941343724728	0.0
0.0	0.0
-0.0018075101543217897	0.0
0.0	0.0
-3.456276376212486e-09	0.0
0.0	0.0
-1.2368000170681626e-05	0.0
0.0	0.0
-0.0014538115356117487	0.0
0.0	0.0
0.0	0.0
-7.660800633857434e-07	0.0
0.0	0.0
-0.0023409731220453978	0.0
-0.0016155799385160208	0.0
0.0	0.0
0.0	0.0
0.0	0.0
0.0	0.0
-1.044821562601328e-08	1.0
-1.2397326221158522e-10	1.0
-0.0022698473185300827	0.0
0.0	0.0
0.0	0.0
0.0	0.0
0.0	0.0
-5.063846401753835e-06	0.0
-5.152793164597824e-05	0.0
0.0	0.0
0.0	0.0
0.0	0.0
-0.06901382654905319	0.0
0.0	1.0
0.0	1.0
0.0	0.0
-0.0022042780183255672	1.0
0.0	1.0
0.0	1.0
0.0	0.0
0.0	0.0
0.0	0.0
-0.0009014810202643275	0.0
0.0	0.0
0.0	0.0
-0.0004617538070306182	0.0
0.0	0.0
0.0	0.0
0.0	0.0
0.0	0.0
0.0	0.0
0.0	0.0
0.0	0.0
0.0	0.0
0.0	0.0
0.0	0.0
0.0	0.0
0.0	0.0
-0.001285741338506341	0.0
-0.0005114611703902483	0.0
-1.479409729654435e-05	0.0
0.0	0.0
0.0	0.0
0.0	0.0
-0.0007434434373863041	0.0
-2.5121073576883646e-07	0.0
0.0	0.0
-0.00035567753366194665	0.0
0.0	0.0
-0.0017859289655461907	0.0
0.0	0.0
-0.004231815226376057	0.001
0.0	0.001
0.0	1.0
0.0	0.0
0.0	0.0
0.0	0.0
-3.699749868246727e-05	1.0
-7.421526220241503e-07	1.0
-5.3216440392134245e-06	0.001
0.0	0.001
0.0	0.001
0.0	0.0
-4.377317509351997e-06	1.0
-0.0010406451765447855	0.0
-0.0009071792010217905	0.0
0.0	0.001
0.0	0.0
0.0	0.0
0.0	0.0
0.0	0.0
0.0	0.0
0.0	0.0
0.0	0.0
0.0	0.0
-0.006370448507368565	0.0
0.0	0.0
0.0	0.0
0.0	0.0
0.0	0.0
0.0	0.0
-0.0012996973237022758	0.0
0.0	0.0
0.0	0.0
-4.448732582318371e-08	0.0
0.0	0.0
0.0	1.0
0.0	0.0
0.0	1.0
-0.007222901564091444	0.0
-0.0006715800263918936	0.0
0.0	0.0
0.0	0.0
-9.004981620819308e-06	0.0
0.0	0.0
-0.0014995799865573645	0.0
0.0	0.0
-0.00018497985729482025	0.0
-0.00020515004871413112	0.0
0.0	0.0
-0.004804800730198622	0.0
-0.023202285170555115	0.0
-0.004441705998033285	0.0
0.0	0.0
0.0	0.0
-0.0008432088070549071	0.0
-0.0009357488015666604	0.0
0.0	0.0
0.0	0.0
0.0	0.0
-0.008222156204283237	0.0
0.0	0.0
0.0	0.0
0.0	0.0
0.0	0.0
0.0	0.0
-0.00019290174532216042	1.0
-2.4583844151493395e-06	0.0
0.0	0.0
0.0	0.0
0.0	0.0
0.0	0.012
-0.009996816515922546	0.0
-0.0013148109428584576	0.0
-0.001985668670386076	0.0
0.0	0.0
-0.01676567643880844	0.0
-1.772674841049593e-05	0.0
0.0	0.0
-0.001955424202606082	0.0
-6.590926659555407e-06	0.0
0.0	0.0
0.0	0.0
-0.002367531880736351	0.0
-0.0002507929166313261	0.0
0.0	0.0
0.0	0.0
0.0	0.0
-0.0047403969801962376	0.0
0.0	0.0
0.0	0.0
0.0	0.0
0.0	0.0
0.0	0.0
0.0	0.0
0.0	0.0
-7.504240784328431e-05	0.0
0.0	0.0
0.0	0.0
-0.003430273151025176	0.0
0.0	0.0
-3.967883458244614e-05	0.0
0.0	0.0
0.0	0.0
0.0	0.0
-0.00012073758989572525	0.0
0.0	0.0
0.0	0.0
-0.024200698360800743	0.0
0.0	0.0
0.0	0.0
0.0	0.0
0.0	0.0
0.0	0.0
0.0	0.0
-3.367789986441494e-06	1.0
0.0	0.0
-0.00044459252967499197	1.0
-0.001736365957185626	0.0
-0.00816704798489809	0.0
0.0	0.0
0.0	0.0
0.0	0.0
0.0	0.0
0.0	0.0
-0.0014899269444867969	0.0
-0.010639430023729801	0.0
0.0	0.0
0.0	0.0
0.0	0.0
0.0	0.0
-0.0011150952195748687	0.0
0.0	0.0
0.0	0.0
-0.004151596687734127	0.0
0.0	0.0
0.0	0.0
0.0	0.0
-0.0028762328438460827	0.0
0.0	1.0
0.0	1.0
0.0	1.0
-0.02747560292482376	0.0
0.0	0.0
-5.277575473883189e-05	1.0
0.0	0.0
-0.00011512322089402005	0.0
-0.008037992753088474	0.0
-1.710507468999367e-08	0.0
0.0	0.0
0.0	0.0
-0.00018727846327237785	1.0
0.0	0.0
-2.4445953386020847e-05	0.0
0.0	0.0
-0.00018642391660250723	0.0
-0.0009317522635683417	0.0
-0.0028205460403114557	0.0
-6.593924711806309e-11	1.0
0.0	0.0
0.0	0.0
0.0	1.0
0.0	0.0
0.0	0.0
0.0	0.0
0.0	0.0
0.0	0.0
0.0	0.0
-0.00023480821982957423	0.0
0.0	0.0
-0.00045084735029377043	0.0
-0.0021817751694470644	0.0
0.0	0.0
0.0	0.0
-7.238732280256954e-08	0.0
-2.4245943919254387e-08	0.0
-0.008936869911849499	0.0
-4.1852174035739154e-05	0.0
-0.00329958857037127	0.0
0.0	0.0
0.0	0.0
0.0	0.0
0.0	0.0
0.0	0.0
-6.141083758848254e-06	0.0
0.0	0.0
-0.0001904293749248609	0.0
0.0	0.0
-0.0005912579945288599	0.0
0.0	0.0
-3.866945164077151e-08	0.0
0.0	0.0
-1.6899048205232248e-05	0.0
0.0	0.0
0.0	0.0
-0.00045464024879038334	0.0
0.0	0.0
0.0	0.0
0.0	0.0
0.0	0.0
-0.00013922617654316127	0.0
0.0	0.0
0.0	0.0
-0.00464707612991333	0.0
-0.00012307595170568675	0.0
0.0	0.0
0.0	0.0
0.0	0.0
0.0	0.098
0.0	0.0
0.0	0.0
0.0	0.0
0.0	0.0
0.0	0.0
0.0	0.0
-0.0026281445752829313	0.0
0.0	1.0
-0.004338983912020922	0.0
0.0	0.0
-1.912604830067721e-06	0.0
0.0	0.0
-0.0002656842116266489	0.0
0.0	0.0
-2.1183708120986466e-09	0.0
-0.0001612850173842162	0.0
-0.0010348907671868801	0.0
-0.0002016865328187123	0.0
-0.007436687126755714	0.0
0.0	0.0
-1.1520933185238391e-05	0.0
-2.508869840767147e-07	0.0
0.0	0.0
-0.0009452904923819005	0.0
-0.002234957879409194	0.0
-0.0010351745877414942	0.0
-0.00011091601481894031	0.0
0.0	1.0
0.0	0.0
-5.874664202565327e-05	1.0
0.0	0.0
0.0	0.0
-0.0001092851598514244	1.0
0.0	1.0
-2.2867658344694064e-07	0.0
-0.005965348333120346	0.0
0.0	1.0
0.0	0.0
0.0	1.0
0.0	1.0
0.0	0.0
0.0	1.0
0.0	0.0
-8.12276266515255e-06	0.098
0.0	0.098
-0.0023084019776433706	0.098
0.0	0.098
0.0	0.0
0.0	0.0
0.0	0.0
-0.00049742148257792	1.0
0.0	0.0
0.0	0.0
0.0	0.0
0.0	1.0
0.0	0.0
0.0	0.0
0.0	0.0
-5.592422894551419e-05	0.0
0.0	0.0
-1.588237630301137e-08	0.0
-0.011988005600869656	0.0
0.0	0.0
0.0	0.0
-4.1714349208632484e-05	0.0
-0.0005343221710063517	0.0
-0.00014142516010906547	0.0
-0.0005976182874292135	0.0
0.0	0.0
-0.002192161977291107	0.0
0.0	0.0
0.0	0.0
-7.790989207945298e-12	0.0
-0.0002992316731251776	0.0
0.0	0.0
0.0	0.0
-0.0005352667067199945	0.0
-0.01066566351801157	0.0
0.0	0.0
0.0	0.0
-0.0004806092765647918	0.0
0.0	0.0
-6.446507995860884e-06	0.0
0.0	0.0
-4.621678406191258e-14	0.0
0.0	0.0
-2.7219173716730438e-05	0.0
-0.0004362937470432371	0.0
0.0	0.0
0.0	1.0
-6.787826714571565e-05	1.0
-8.727827662369236e-05	0.0
-0.00153077591676265	0.0
0.0	0.0
0.0	0.0
0.0	0.0
0.0	0.0
0.0	0.0
-0.005398857407271862	0.0
-4.505227116169408e-05	0.0
-0.007960974238812923	0.0
0.0	0.0
-6.910757406330958e-07	0.0
-0.0012439469574019313	0.0
0.0	0.0
0.0	0.0
0.0	0.0
-0.0002650855458341539	0.0
0.0	0.0
0.0	0.0
0.0	0.0
-5.2274072004365735e-06	0.0
0.0	0.0
-3.7130022974452004e-05	0.0
-2.3109337319725427e-15	0.0
0.0	0.001
0.0	0.0
-0.0028049848042428493	0.001
0.0	0.0
0.0	0.001
-0.002182444091886282	0.0
0.0	0.001949317738791423
0.0	0.001
0.0	1.0
0.0	1.0
0.0	0.0010638297872340426
0.0	1.0
0.0	0.0
0.0	0.0
-0.04209008440375328	0.0
0.0	0.0
-0.0032896283082664013	0.0
-1.1159400514770823e-07	1.0
0.0	0.0
-2.29086776926124e-06	0.001
-0.00017337423923891038	0.0
0.0	0.0
-0.04366135224699974	0.0
-1.2077140398858432e-09	0.0
0.0	0.0
-0.014939015731215477	0.0
-1.3727621990256011e-05	0.0
0.0	0.0
-3.3459267001489934e-07	1.0
-0.0030450676567852497	0.0
-0.000250224577030167	1.0
0.0	1.0
-9.839830283908668e-08	0.0
-2.6187624825979583e-05	0.0
-1.5568577538260797e-09	0.0
-0.0004881058994214982	0.0
-0.0034806125331670046	0.0
-0.011003831401467323	0.0
-0.00243847887031734	0.0
0.0	1.0
-0.000992403132840991	0.0
0.0	0.0
-0.00025658513186499476	0.0
-0.00023443334794137627	0.0
-1.4241454948660248e-07	0.0
0.0	0.0
0.0	0.0
0.0	0.0
0.0	0.0
-0.0009558942983858287	0.0
0.0	0.0
0.0	0.0
0.0	0.0
-1.8521818674344104e-06	0.0
-0.00014667847426608205	0.0
-2.0007749412798148e-07	0.0
-0.0012840308481827378	0.0
0.0	0.0
0.0	0.0
0.0	0.0
0.0	0.0
-0.0001747915375744924	0.0
0.0	0.0
0.0	0.0
-0.002763492753729224	0.0
0.0	0.0
0.0	0.0
-0.008759381249547005	0.0
0.0	0.0
-7.471668794778452e-08	0.0
0.0	0.0
-0.00010289351484971121	0.0
0.0	0.0
0.0	0.006
0.0	0.902
0.0	0.902
0.0	0.006
0.0	0.0
0.0	0.006
0.0	0.0
0.0	0.006
0.0	0.012
-0.0022673066705465317	0.0
0.0	0.0
0.0	0.012
-0.0006153078284114599	0.0
-2.2014291971572675e-05	0.0
0.0	0.0
0.0	0.0
0.0	0.0
0.0	0.0
0.0	0.0
-7.313731771318999e-07	0.006
-0.00016662139387335628	0.0
-0.00012755775242112577	0.0
-1.622282256222454e-19	0.0
0.0	0.0
0.0	0.0
-0.003614888060837984	0.0
0.0	0.0
0.0	0.0
0.0	0.0
0.0	0.0
-1.0601109352137428e-05	1.0
-0.0015733661130070686	0.0
-8.223217378144909e-07	1.0
0.0	0.0
0.0	0.0
0.0	0.0
0.0	0.0
-0.00517488457262516	0.0
0.0	0.0
-6.113583026490232e-07	0.033
-0.0010686543537303805	0.0
0.0	0.0
0.0	0.0
0.0	0.0
-2.000925633183215e-06	0.0
-9.66223087743856e-05	0.0
0.0	0.0
0.0	0.0
0.0	0.0
0.0	0.0
-6.693418981740251e-05	0.0
-0.0011921130353584886	0.0
-1.0891018753511617e-08	0.0
0.0	0.0
-0.0016795037081465125	0.0
0.0	0.0
0.0	0.0
0.0	0.0
0.0	0.0
-0.0008887206204235554	0.0
0.0	0.0
-0.0005283241625875235	0.0
-7.653305510757491e-05	0.0
-9.3768439910491e-06	1.0
0.0	0.0
-1.4503403690468986e-05	1.0
0.0	0.0
0.0	0.0
0.0	0.101
0.0	0.101
-0.0012820296688005328	0.101
-8.383754902752116e-05	0.0
-4.547070719951307e-09	0.0
-0.0006609659176319838	0.0
-0.00044914198224432766	0.0
0.0	0.0
-1.2567610285785236e-09	0.0
-0.013033858500421047	0.0
-1.5751195405755425e-06	1.0
-0.00021631534036714584	0.0
0.0	0.0
0.0	0.0
0.0	0.0
0.0	0.008
0.0	1.0
-4.9533089622855186e-05	1.0
0.0	1.0
0.0	0.0
-9.425499229109846e-06	0.008
0.0	0.0
0.0	1.0
-3.6316548630566103e-06	0.008
-7.913275476312265e-05	1.0
0.0	1.0
-0.00030347597203217447	0.0
0.0	0.0
0.0	0.0
-8.345821697730571e-06	0.079
0.0	0.079
0.0	0.0
0.0	0.0
0.0	0.0
0.0	0.079
0.0	0.0
0.0	0.0
0.0	0.0
0.0	0.0
-0.00044913747115060687	0.0
0.0	0.0
-7.927660044515505e-05	0.0
-2.909347642798821e-07	1.0
0.0	0.0
0.0	0.0
0.0	0.0
0.0	0.0
-2.8187312636873685e-05	0.0
-6.285656127147377e-05	0.0
0.0	0.0
0.0	0.0
-6.325041613308713e-05	0.0
0.0	0.0
0.0	1.0
-0.00042641436448320746	0.0
-0.04708673804998398	0.0
0.0	0.0
0.0	0.0
0.0	0.0
-4.1750536183826625e-05	0.0
0.0	0.0
-4.978493961971253e-06	0.0
0.0	0.0
0.0	0.0
0.0	0.0
0.0	0.0
-1.704403621261008e-05	0.0
0.0	0.0
0.0	0.0
0.0	0.0
-0.00033467027242295444	0.0
0.0	0.0
-0.02914048358798027	0.0
-0.002848088275641203	0.0
0.0	0.0
0.0	0.0
0.0	0.0
-0.003606195095926523	0.0
0.0	0.0
0.0	0.0
0.0	0.0
-0.012780663557350636	0.0
-3.2765252399258316e-05	0.0
0.0	0.0
-0.014030558057129383	0.0
-0.0008392720483243465	0.0
0.0	0.0
-0.00016443099593743682	0.0
0.0	0.0
-0.05818615481257439	0.0
0.0	1.0
0.0	1.0
0.0	1.0
-2.7994890388072236e-06	1.0
-5.9945541579509154e-05	0.0
0.0	0.0
0.0	0.0
-2.1852663849131204e-05	0.0010857763300760044
0.0	0.0
-1.8564626316219801e-06	0.0
0.0	0.0
0.0	1.0
-0.00035206478787586093	1.0
-2.2948339392314665e-05	1.0
0.0	0.0
-8.163749589584768e-05	0.0
-0.00016674712242092937	0.0
0.0	0.0
-2.9259786970214918e-05	0.0
0.0	0.0
0.0	0.0
0.0	0.0
0.0	0.0
0.0	0.0
0.0	0.0
0.0	0.0
-0.00011481305409688503	0.0
-0.0010385274654254317	0.0
-0.00013053651491645724	0.0
0.0	0.0
0.0	0.0
-0.0004981954698450863	0.0
0.0	0.0
0.0	0.0
0.0	0.0
0.0	0.0
-0.0014680811436846852	0.0
0.0	0.0
-0.0007747674244455993	0.0
0.0	0.0
0.0	0.0
0.0	0.0
-0.00011865342094097286	0.0
0.0	0.0
-0.000945226929616183	0.0
0.0	0.0
-0.0015450404025614262	0.0
0.0	0.0
0.0	0.0
-5.525130575279036e-08	0.0
0.0	1.0
0.0	0.0
0.0	0.008
-0.000923485029488802	0.0
0.0	0.0
0.0	0.0
0.0	0.0
-0.00013826647773385048	0.0
-0.0001968650467460975	0.0
-0.0003084377385675907	0.0
0.0	0.0
-0.001413980615325272	0.0
0.0	0.0
-5.741383574786596e-06	0.0
0.0	0.0
0.0	1.0
-0.004943502601236105	0.0
-2.4321961111795076e-10	0.0
-0.00010884594667004421	1.0
-0.000895338540431112	0.0
0.0	0.0
-0.0028725394513458014	0.0
0.0	0.0
0.0	0.0
0.0	0.0
