0.0	0.0
0.0	0.0
-1.882028186628304e-06	0.0
-3.134485268674325e-06	0.0
-1.063102808984695e-05	0.0
0.0	0.0
-6.723347922843459e-08	0.0
-0.0003127140807919204	0.0
0.0	0.0
0.0	0.0
0.0	0.0
0.0	0.0
-2.6375118977739476e-06	0.0
0.0	0.0
0.0	0.0
-0.0020487415604293346	0.0
0.0	0.0
0.0	0.0
-0.005692863371223211	0.0
-0.0030976287089288235	0.0
-0.00025744078448042274	0.0
-2.923019337686128e-07	0.0
0.0	0.0
0.0	0.0
-0.0004358647274784744	0.0
-0.0018994924612343311	0.0
-6.257459972403012e-07	0.0
0.0	0.0
-0.0003887152997776866	0.0
0.0	0.0
0.0	0.0
0.0	0.0
0.0	0.0
-0.00016160166705958545	0.0
-2.8214799385750666e-06	0.0
0.0	0.0
-3.574879156076349e-05	0.0
0.0	0.0
0.0	0.0
0.0	0.0
-0.038077812641859055	0.0
0.0	0.0
-1.3310990652826149e-05	0.0
-4.061791696585715e-05	0.0
-0.003181811422109604	0.0
-8.119617405100144e-07	0.0
0.0	0.0
0.0	0.0
0.0	0.0
-0.015866439789533615	0.0
-8.498942065671145e-07	0.0
0.0	0.0
0.0	0.0
0.0	0.0
-1.2746021639031824e-05	0.0
-3.585674535067085e-10	0.0
0.0	0.0
0.0	0.0
-0.0001847708917921409	0.0
0.0	0.0
-0.0059562972746789455	0.0
0.0	0.0
-6.952440344321076e-06	0.0
0.0	0.0
0.0	0.0
0.0	0.0
-1.6587924847044633e-06	0.0
0.0	0.0
-5.867802246939391e-05	0.0
0.0	1.0
-3.701973400893621e-05	0.0
0.0	0.0
-0.004187572281807661	0.0
-0.008968135342001915	0.0
0.0	0.0
-4.0007868129521285e-09	1.0
0.0	0.071
-0.0009972172556445003	0.0
0.0	0.0
0.0	0.0
-5.7197325077140704e-05	0.0
0.0	0.0
-2.953686453111004e-05	0.0
0.0	0.0
-0.0041499207727611065	0.0
0.0	1.0
0.0	0.0
0.0	0.0
0.0	0.0
-6.791148916818202e-05	0.0
0.0	0.0
0.0	0.0
0.0	0.0
-6.2254110844151e-07	0.0
0.0	0.0
0.0	1.0
-1.0099976179844816e-06	0.0
0.0	0.0
0.0	1.0
-3.3332930797769222e-06	0.0
-6.030078214536161e-09	1.0
-0.00036667101085186005	0.0
0.0	1.0
-2.0101220243873286e-08	0.0
-8.091876127491737e-12	0.0
-2.319166636510772e-09	0.0
0.0	0.0
0.0	0.0
0.0	0.0
0.0	0.0
-0.00010182386176893488	0.0
0.0	0.0
0.0	0.0
0.0	0.0
0.0	0.0
0.0	0.0
0.0	0.0
0.0	1.0
0.0	1.0
0.0	1.0
0.0	1.0
0.0	1.0
0.0	0.0
-0.001892240485176444	0.002
0.0	0.0
0.0	0.0
0.0	0.002
-0.001150615862570703	0.0
-0.0012671872973442078	0.0
0.0	0.0
0.0	0.0
-6.8869826463924255e-06	0.0
0.0	0.0
-3.648951314971782e-05	0.0
0.0	0.0
-0.005189575720578432	0.0
-0.003632141510024667	0.0
-1.856579001469072e-05	0.0
0.0	0.0
0.0	0.0
-0.00029185088351368904	0.0
0.0	0.0
-7.811171599314548e-06	0.0
-2.751981420523464e-10	0.0
0.0	0.0
0.0	0.0
-1.1112914762634318e-05	0.0
0.0	0.0
-0.0008009442244656384	0.0
-6.420861126511809e-17	0.0
-0.00011993702355539426	0.0
-0.0004088577115908265	0.0
0.0	0.0
-2.781375997074065e-06	0.0
0.0	0.0
-0.00041517079807817936	0.0
0.0	0.0
-2.4723310616536764e-06	0.0
0.0	0.0
0.0	0.0
0.0	0.0
0.0	0.0
-0.00037592320586554706	0.0
-0.0001826337684178725	0.0
-5.400594818638638e-05	0.0
0.0	0.0
-5.844036365942884e-09	0.0
-2.0817424228880554e-05	0.0
0.0	0.0
0.0	0.0
0.0	0.0
0.0	0.0
-0.0002719409530982375	0.0
0.0	0.0
-7.635419933649246e-06	1.0
0.0	0.0
-0.0020653402898460627	0.0
0.0	0.0
0.0	0.0
0.0	0.0
0.0	0.0
0.0	0.0
0.0	0.0
-0.0011372370645403862	0.0
0.0	0.0
0.0	0.0
-1.1175600775459316e-05	0.0
-4.3257448851363733e-05	0.0
0.0	0.0
0.0	0.0
0.0	0.0
0.0	0.0
0.0	0.0
0.0	0.0
0.0	0.0
0.0	0.0
0.0	0.0
-6.506131171590823e-07	0.0
0.0	0.0
-0.00039673480205237865	0.0
-5.126087216922315e-06	0.0
0.0	0.0
0.0	1.0
0.0	1.0
0.0	1.0
0.0	1.0
0.0	0.0
0.0	0.0
0.0	0.0
-0.0009114780696108937	0.0
0.0	1.0
0.0	1.0
-4.275011900034542e-09	1.0
-2.2336804249789566e-05	1.0
-8.686582564365608e-10	1.0
-0.05626777559518814	0.0
0.0	0.0
-1.393573370478407e-06	0.0
0.0	0.0
-0.007553855888545513	0.0
0.0	0.0
0.0	0.0
-0.01230600569397211	0.0
0.0	0.0
0.0	0.0
0.0	0.0
0.0	0.0
-5.171051452634856e-05	0.001
-0.0005880910903215408	0.0
-0.0001873197907116264	0.0
-0.00017142317665275186	0.001
0.0	0.001
0.0	0.0
0.0	0.001
0.0	1.0
0.0	0.0
0.0	0.001
-3.531299398673582e-06	0.0
-3.1131804474154824e-15	0.0
-5.135135324962903e-06	0.0
0.0	0.0
0.0	0.0
0.0	0.001
-0.0027609081007540226	0.0
-0.0006057926802895963	0.0
0.0	0.001
0.0	0.0
-0.0001970021694432944	0.0
0.0	0.0
0.0	0.0
0.0	0.0
-6.226281129784184e-06	0.0
-0.0001107704229070805	0.0
0.0	1.0
0.0	1.0
0.0	1.0
0.0	0.0
0.0	0.0
0.0	0.0
0.0	0.0
0.0	0.0
0.0	0.0
-3.3301010837760714e-09	0.0
-5.096352833788842e-05	0.0
0.0	0.0
0.0	0.018
0.0	0.0
-3.064584961975925e-05	0.018
-0.00772558618336916	0.0
-1.0828524636963266e-06	0.0
0.0	0.0
0.0	0.0
0.0	0.0
0.0	0.0
-6.641370564608451e-09	0.0
-0.006295460741966963	0.0
-1.8604379874886945e-05	0.0
-2.7359817189598346e-10	0.0
-1.2024705711155548e-06	0.0
-0.004760008305311203	0.0
-0.0006930251256562769	0.0
0.0	0.0
0.0	0.0
-2.508701754777576e-06	0.0
0.0	0.0
0.0	0.0
0.0	0.0
0.0	0.0
0.0	0.0
0.0	0.0
0.0	0.0
0.0	0.0
-5.2497048272925895e-06	0.0
0.0	0.0
-0.011195859871804714	0.0
-7.052620640024543e-05	0.0
0.0	0.0
-0.01008981466293335	0.0
0.0	0.0
-1.6952608206111108e-09	0.0
-0.0031740679405629635	0.0
-0.0005254576099105179	0.0
0.0	0.0
0.0	0.0
0.0	0.0
0.0	0.0
-0.00025599688524380326	0.0
0.0	1.0
-0.010839160531759262	0.0
-0.00046777070383541286	0.0
-0.012130197137594223	0.0
0.0	0.0
-0.0006774752400815487	0.0
0.0	0.0
-2.5013872800627723e-05	0.0
0.0	0.0
0.0	0.0
-7.106261909939349e-05	0.0
-2.6173322567046853e-06	0.0
-0.009897980839014053	0.0
-0.00656815804541111	0.0
-0.004610554315149784	0.0
-0.0024767438881099224	0.0
0.0	1.0
0.0	0.0
-1.2703921129286755e-05	0.0
-0.0005413423641584814	0.0
0.0	0.0
-1.0980733122778474e-06	0.0
-0.00015945747145451605	0.0
0.0	0.0
0.0	0.0
-0.0009536613943055272	0.0
0.0	0.0
-5.87115682719741e-05	0.0
0.0	0.0
-0.015699658542871475	0.0
-0.023130198940634727	0.0
0.0	0.0
-0.0005248741945251822	0.0
-7.942606316646561e-06	0.0
0.0	0.0
0.0	0.0
0.0	0.0
0.0	0.0
0.0	0.0
-3.673256651381962e-05	0.0
0.0	0.0
0.0	0.0
0.0	0.0
0.0	0.0
0.0	0.0
0.0	1.0
-6.123880211816868e-06	1.0
0.0	0.0
-1.988516487472225e-06	0.0
0.0	0.0
0.0	0.0
-8.894470738596283e-06	0.0
-0.0001876906317193061	0.0
0.0	0.0
0.0	0.0
0.0	0.0
-0.009970121085643768	0.0
0.0	0.0
-0.0002716716844588518	0.0
0.0	0.0
0.0	0.0
0.0	0.0
-0.014069320634007454	0.0
0.0	0.0
0.0	0.0
-0.0005016155773773789	0.0
-2.616208121253294e-06	0.0
-0.0018068692879751325	0.0
0.0	0.0
0.0	0.0
-0.0005100130802020431	0.0
-0.006185814738273621	0.0
-6.563926945091225e-06	0.0
0.0	0.0
-0.09705627709627151	0.0
0.0	0.0
-0.002454854780808091	0.0
-1.6689866242813878e-05	0.0
0.0	0.0
0.0	0.0
0.0	0.0
-1.3967573977424763e-05	0.0
0.0	0.0
0.0	0.0
0.0	0.0
0.0	1.0
0.0	0.0
-3.798742227445473e-06	0.0
-7.366144473053282e-06	0.0
0.0	0.0
0.0	0.0
-0.00023422963568009436	0.0
0.0	0.0
0.0	0.0
0.0	0.0
-2.9088727870885123e-08	0.0
0.0	0.0
0.0	0.0
0.0	0.0
0.0	0.0
-0.0007049688138067722	0.0
-3.026372397130217e-08	0.0
-0.0005223532789386809	0.0
0.0	0.0
-3.2784313930278586e-08	0.0
0.0	0.0
0.0	1.0
0.0	1.0
0.0	0.0
-1.8013290059570863e-07	1.0
0.0	1.0
0.0	1.0
0.0	0.0
0.0	0.0
0.0	0.0
-2.6440836791152833e-06	0.0
0.0	0.0
-0.00029327080119401217	0.0
0.0	0.0
0.0	0.0
0.0	0.0
0.0	0.0
0.0	0.0
-0.00021152221597731113	0.0
0.0	0.0
0.0	0.0
0.0	0.0
-0.0029132396448403597	0.0
-0.002667655237019062	0.0
-0.00031266952282749116	0.0
0.0	0.0
0.0	0.0
0.0	0.0
-8.096691317405202e-09	0.0
-0.0028843360487371683	0.0
-6.951958084755461e-07	0.0
0.0	0.0
0.0	0.0
0.0	0.0
0.0	0.0
0.0	0.0
0.0	0.0
0.0	1.0
-1.3505346942110918e-05	1.0
0.0	0.0
0.0	0.0
0.0	0.0
0.0	1.0
0.0	0.0
-0.002703216625377536	0.0
-1.8222912956389337e-08	0.001
0.0	0.0
0.0	0.0
-0.00031487405067309737	0.0
0.0	0.0
0.0	0.0
0.0	1.0
-1.413803296657079e-09	1.0
0.0	0.0
0.0	1.0
0.0	0.0
0.0	1.0
0.0	0.0
0.0	1.0
-6.320873217191547e-05	0.0
-1.0159912562812679e-05	1.0
0.0	0.0
0.0	0.0
0.0	0.0
-0.00481872633099556	0.0
-0.0003555093426257372	1.0
-2.868732362770743e-09	1.0
-0.0010520420037209988	0.0
0.0	1.0
0.0	0.0
-0.000808986893389374	0.0
0.0	0.0
0.0	0.0
0.0	0.0
-0.0010068654082715511	1.0
0.0	0.0
-1.431675991625525e-05	0.0
0.0	1.0
0.0	0.0
-0.0001265696919290349	0.0
-7.651725364432593e-10	0.0
-8.155828982125968e-05	0.0
-5.926232802266895e-07	0.0
-6.16357397120737e-07	0.0
-5.7591671065893024e-05	0.0
-9.706096170702949e-05	0.0
0.0	0.0
0.0	0.0
0.0	0.0
0.0	0.0
0.0	0.0
0.0	0.0
0.0	0.0
0.0	0.0
-0.00015536541468463838	0.0
0.0	0.0
-0.0005558507400564849	0.0
0.0	0.0
0.0	0.0
0.0	0.0
0.0	0.0
0.0	0.0
0.0	0.0
-0.0001682184956735	0.0
-1.0547834790486377e-05	0.0
0.0	0.0
-1.3346964806260075e-05	0.0
0.0	0.0
0.0	0.0
-8.634770892967936e-06	0.0
0.0	0.0
0.0	0.0
-0.0004289649659767747	0.0
0.0	0.0
-2.605646159281605e-06	0.0
0.0	0.0
0.0	1.0
0.0	1.0
0.0	0.0
0.0	0.0
0.0	0.0
0.0	0.0
-0.0008715494186617434	0.0
-8.460677713983955e-10	0.0
-3.019646646862384e-05	1.0
-0.00037875084672123194	0.0
-0.001438798732124269	0.0
-1.0904749387918855e-06	0.0
0.0	0.0
0.0	0.0
0.0	0.0
0.0	0.0
-1.3187321201257873e-05	0.0
0.0	0.001
0.0	0.001
0.0	1.0
0.0	0.0
-1.775209852894477e-06	0.0
-0.00023878297361079603	0.0
0.0	0.0
0.0	0.0
0.0	0.0
-2.1697494503314374e-06	0.0
0.0	0.0
-9.200804925058037e-05	0.0
0.0	0.0
0.0	0.0
0.0	0.0
0.0	0.0
0.0	0.0
0.0	0.0
0.0	0.0
-0.0010632469784468412	0.0
0.0	0.0
0.0	0.0
0.0	0.0
0.0	0.0
0.0	0.0
0.0	0.0
0.0	0.0
-0.0003414046950638294	0.0
-4.297681073239801e-07	0.0
0.0	0.0
-0.0006257599452510476	0.0
0.0	0.0
0.0	0.0
0.0	0.0
0.0	0.0
-0.0001314722467213869	0.0
-0.0036934332456439734	0.0
-3.4785301750162034e-07	0.0
-8.807923222775571e-06	0.0
0.0	0.0
-7.606290637340862e-07	0.0
-0.0002905938308686018	0.0
0.0	1.0
-2.0396677768985683e-07	1.0
0.0	0.0
0.0	1.0
-6.387131890051023e-08	0.0
0.0	0.0
0.0	0.014
-0.0005753761506639421	0.0
-9.994699212256819e-06	0.014
0.0	0.0
0.0	0.014
0.0	0.0
0.0	0.0
0.0	0.0
-4.917221303912811e-06	0.0
0.0	0.0
0.0	0.0
0.0	0.0
-0.004025149159133434	0.0
0.0	0.0
0.0	0.0
0.0	1.0
-8.171553781721741e-05	0.0
0.0	0.0
-0.004540613852441311	0.0
-3.2905612101785664e-07	0.0
0.0	0.0
0.0	0.0
0.0	0.0
-1.313988775564212e-07	0.0
0.0	0.0
-0.0001149572417489253	0.0
-0.00011198034189874306	0.0
0.0	0.0
0.0	0.0
-0.00012267238344065845	0.0
-0.015103025361895561	0.0
0.0	0.0
0.0	0.0
0.0	0.0
0.0	0.0
-1.019079491015873e-06	0.0
-1.2362621149009101e-08	0.0
0.0	0.0
0.0	0.0
0.0	0.0
-3.4461263567209244e-05	0.0
0.0	0.0
-0.000619906815700233	0.0
0.0	0.0
-0.00023646927729714662	0.0
-0.008193365298211575	0.0
-0.01079429779201746	0.0
0.0	0.0
-0.0010719647398218513	0.0
0.0	0.0
-1.3698229849978816e-05	0.0
-0.0020782018546015024	0.0
0.0	0.0
0.0	0.026
0.0	0.0
-0.0009514573030173779	0.0
0.0	0.0
0.0	0.0
0.0	0.0
0.0	0.0
0.0	0.0
0.0	1.0
0.0	0.0
0.0	0.0
0.0	0.0
0.0	0.0
0.0	0.0
0.0	0.0
0.0	0.0
0.0	0.0
-0.005952280014753342	0.0
-4.521676810753661e-09	0.0
-0.007090406492352486	0.0
-0.013028891757130623	0.0
0.0	0.0
0.0	0.0
0.0	0.0
-3.7532520309468964e-06	0.0
0.0	0.0
-0.0017781620845198631	0.0
-1.311742323650833e-07	0.0
-0.006525722332298756	0.0
0.0	0.0
0.0	0.0
0.0	0.0
0.0	0.0
0.0	0.0
-0.0022541251964867115	0.0
-6.3331812270917e-05	0.0
-0.0003897079441230744	0.0
0.0	0.0
-0.004540582653135061	0.0
-5.994825187372044e-05	0.0
0.0	0.0
0.0	0.0
0.0	0.0
0.0	0.0
-0.0005491627962328494	0.0
0.0	0.0
0.0	0.0
0.0	0.0
0.0	0.0
-0.0009004693129099905	0.0
-0.002924994332715869	0.0
0.0	0.0
-0.0005409985315054655	0.0
0.0	0.0
0.0	0.0
0.0	0.0
0.0	0.0
0.0	0.0
0.0	0.0
0.0	0.0
-1.9199663370272901e-07	0.0
0.0	0.0
0.0	0.0
0.0	0.0
-0.00023277997388504446	0.0
0.0	0.0
0.0	0.0
0.0	0.0
0.0	0.0
-8.326888200826943e-05	0.0
0.0	0.0
0.0	0.0
0.0	0.0
0.0	0.0
0.0	0.0
-1.8543489204603247e-05	0.0
0.0	0.0
-0.005571519955992699	0.0
-8.887918845346121e-09	0.0
-1.0944672945711886e-09	0.0
0.0	0.0
-5.6687716742942484e-09	0.0
0.0	0.0
-2.1278254280332476e-05	0.0
0.0	1.0
0.0	0.0
-2.714840796613771e-08	0.0
-7.418398581648944e-06	1.0
-0.0001936785556608811	1.0
0.0	0.0
0.0	0.0
0.0	0.0
-0.0006997901946306229	0.0
-2.9029977667960338e-05	0.0
-5.4616139095742255e-06	0.0
-0.001602720352821052	0.0
-0.0002646339708007872	0.0
0.0	0.0
0.0	0.104
0.0	0.0
-0.0008582247537560761	0.0
0.0	0.0
0.0	0.0
0.0	0.0
-0.005763784050941467	0.0
-0.0029343466740101576	0.0
0.0	0.0
0.0	1.0
-7.618867342573665e-11	1.0
-0.0003327630984131247	1.0
0.0	0.0
0.0	0.0
0.0	0.0
-3.515508524287725e-06	0.0
0.0	0.039
0.0	0.0
-0.0004706666513811797	0.0
0.0	0.0
-0.002598266815766692	0.0
-5.788907583337277e-05	0.0
0.0	0.0
0.0	0.0
-7.967707205125407e-08	0.0
0.0	0.0
-7.80385198595468e-06	0.0
0.0	0.0
-1.467738286464737e-07	0.0
0.0	0.0
0.0	0.0
0.0	0.0
0.0	0.0
0.0	0.0
0.0	0.0
0.0	0.0
0.0	0.0
-0.006008726544678211	0.0
0.0	0.0
-1.183424683404155e-05	0.0
-6.066279982619419e-19	0.0
-0.004494187422096729	0.0
0.0	0.0
-0.00017490652680862695	0.0
0.0	0.0
-0.0041447049006819725	0.0
-0.005801761988550425	0.0
0.0	0.0
0.0	0.0
0.0	0.0
-4.124864062760025e-05	0.0
0.0	0.0
0.0	0.0
0.0	0.0
-0.00022047963284421712	0.0
-0.00028126881807111204	0.0
0.0	0.0
0.0	0.0
0.0	0.0
0.0	0.0
-6.30444337730296e-05	0.0
0.0	0.0
-0.002774785738438368	0.0
-1.0886324162129313e-05	0.0
0.0	0.0
-6.12004951108247e-05	0.0
0.0	0.0
-2.2409027224057354e-05	0.0
-3.496949284453876e-05	0.0
0.0	0.0
0.0	0.0
-0.00011451775208115578	1.0
0.0	1.0
-0.0003928686201106757	1.0
0.0	0.0
-0.0001348698715446517	0.0
0.0	0.0
0.0	0.0
0.0	0.0
-0.003523316001519561	0.0
-1.1830430732273634e-11	0.0
0.0	0.0
-0.002861450193449855	0.0
-0.004496266134083271	0.0
-0.006663426756858826	0.0
0.0	0.0
0.0	0.0
0.0	0.0
0.0	0.0
0.0	0.0
-2.185996163461823e-05	0.0
-0.0001667326723691076	0.0
-0.0015962650068104267	1.0
0.0	1.0
0.0	0.0
-1.2754087716504436e-11	1.0
0.0	1.0
0.0	1.0
0.0	0.0
0.0	1.0
0.0	0.0
0.0	1.0
0.0	0.0
0.0	1.0
-2.2678041489143652e-07	0.0
-0.0013989991275593638	0.0
0.0	0.0
0.0	0.0
-1.1418879921620828e-06	0.0
-2.1366992619675784e-09	0.0
0.0	1.0
0.0	0.0
0.0	0.0
-0.0031766670290380716	0.0
0.0	0.0
-7.701800974757589e-09	0.0
-6.5347267081961036e-06	0.0
-0.005068319849669933	0.0
-0.0015207519754767418	0.0
0.0	0.0
0.0	0.0
0.0	0.0
0.0	0.0
0.0	0.0
0.0	0.0
-4.1318608257068234e-11	0.0
0.0	0.0
0.0	0.0
-0.0022691383492201567	0.0
0.0	0.0
0.0	0.0
-0.0002300090854987502	0.0
0.0	1.0
0.0	1.0
-2.7835058062919416e-06	1.0
0.0	1.0
0.0	1.0
0.0	1.0
0.0	0.0
0.0	0.0
0.0	0.0
0.0	0.0
-0.00105512875597924	0.0
-1.940217543960898e-06	0.0
0.0	0.0
-4.059623279317748e-06	0.0
0.0	0.0
0.0	0.0
0.0	0.0
0.0	0.0
0.0	1.0
-1.7211195881827734e-05	1.0
-2.706930166129773e-12	0.0
0.0	0.0
-9.514671546639875e-06	0.0
-1.5716439349944267e-07	0.0
-0.00032906292472034693	0.0
0.0	0.0
0.0	0.0
0.0	0.0
0.0	0.0
0.0	0.0
0.0	0.0
0.0	1.0
-6.3137858887785114e-06	0.0
0.0	1.0
0.0	0.0
-0.00025108011323027313	0.0
0.0	0.0
0.0	0.0
0.0	0.0
0.0	0.0
-4.222542338538915e-05	0.0
-0.0006412233924493194	0.0
-0.00034849627991206944	0.0
-0.00017482067050877959	0.0
0.0	0.0
0.0	0.0
0.0	1.0
0.0	1.0
-0.0020292638801038265	0.0
0.0	0.0
0.0	0.0
0.0	0.0
-1.6919530025916174e-05	0.0
0.0	0.0
-4.693535447586328e-05	0.0
-0.005172357428818941	0.0
-8.511359794738382e-08	0.0
-0.004525857511907816	0.0
-0.00030162883922457695	0.0
-3.660390740511943e-11	0.0
0.0	0.0
-5.9564360554986706e-08	0.0
-0.0008710224647074938	0.0
-0.006673583760857582	0.0
-5.190134189092532e-08	1.0
0.0	0.0
0.0	0.0
0.0	0.0
-0.00011018120858352631	0.0
-4.923820379199029e-11	0.0
0.0	0.0
0.0	0.0
-2.167310412914958e-06	0.0
0.0	0.039
-0.00029114953940734267	0.0
-0.006955286953598261	0.0
