0.0	0.0
0.0	0.0
-1.888742815481237e-07	0.0
0.0	0.0
0.0	0.0
0.0	0.0
-3.896970156347379e-06	0.0
0.0	0.0
0.0	0.0
-1.7793033748603193e-06	0.0
0.0	0.0
0.0	0.0
0.0	0.0
-3.8973607274783717e-07	0.0
-0.008149084635078907	0.0
0.0	0.0
0.0	0.0
-3.148427640553564e-05	0.0
0.0	0.0
-0.002150503918528557	0.0
0.0	0.0
-9.495000267634168e-05	0.0
-0.0002688195090740919	0.045
-0.00731826713308692	0.0
0.0	0.045
0.0	0.045
0.0	0.0
0.0	0.0
-1.4143011867417954e-05	0.0
0.0	0.0
-0.0003205794782843441	0.0
0.0	0.0
0.0	0.0
0.0	0.0
0.0	0.0
0.0	0.0
0.0	0.0
-6.644739158900848e-08	0.0
0.0	0.004
-3.2901311897148844e-06	0.0
0.0	0.0
0.0	0.0
-0.001665382762439549	0.004
0.0	0.0
0.0	0.0
-0.0005414797342382371	0.0
-0.03969648852944374	0.0
0.0	0.004
0.0	0.0
-1.6425222727073363e-12	0.057971014492753624
-1.7006872440106235e-05	0.0
-0.020756913349032402	0.0
-5.507444598151778e-07	0.0
-0.0005373925669118762	0.0
0.0	0.0
-1.5941765013849363e-05	1.0
0.0	0.0
0.0	0.0
0.0	0.0
0.0	0.0
-1.3678458117283299e-06	0.0
0.0	0.0
-0.003927050158381462	0.0
0.0	0.0
0.0	0.0
0.0	1.0
-0.007491518277674913	0.0
0.0	0.0
0.0	0.0
-0.0079624829813838	0.0
-0.004029860254377127	0.006
0.0	0.0
0.0	0.0
-1.3064416215513575e-09	0.0
0.0	0.0
-0.00041783691267482936	0.0
0.0	0.0
0.0	0.0
-0.00440631527453661	0.0
0.0	0.208
-7.396659640335201e-08	0.208
0.0	0.0
0.0	0.02904040404040404
-1.6482830460518016e-06	0.023
0.0	0.0
-3.2755740448919823e-06	0.0
0.0	0.0
0.0	0.0
-0.002495434833690524	0.0
0.0	0.0
0.0	0.0
-0.004887757822871208	0.0
-5.115156631596562e-10	0.0
-0.0007759739528410137	0.0
0.0	0.0
-0.003057503141462803	0.0
-6.444448974463057e-09	0.0
-0.005460656248033047	0.0
-0.0010587648721411824	1.0
-8.305423904175768e-09	1.0
0.0	0.0
0.0	0.0
-3.190273289987999e-08	0.0
-0.008085031062364578	0.0
0.0	0.0
0.0	0.0
0.0	0.0
0.0	0.0
-4.908333153252897e-07	0.0
0.0	0.0
-3.043694596271962e-05	0.0
0.0	0.0
-0.0004010572738479823	0.01
-5.90484996791929e-05	0.0
0.0	0.0
0.0	0.0
0.0	0.0
-1.885302845039405e-05	0.0
0.0	0.0
-0.001245241379365325	0.0
0.0	0.0
0.0	0.0
0.0	0.0
0.0	0.0
0.0	0.0
0.0	0.0
0.0	0.0
-2.356680649240328e-11	0.0
-0.0003526439249981195	0.0
0.0	1.0
0.0	1.0
0.0	0.0
0.0	0.0
-0.006767163518816233	0.0
-0.0017314271535724401	0.0
0.0	0.0
0.0	0.0
0.0	0.0
-0.0004966247943229973	0.0
0.0	0.0
-0.0008763830410316586	0.0
0.0	1.0
0.0	1.0
0.0	0.0
-0.003806560765951872	0.0
0.0	0.0
0.0	0.0
-1.6408255305577768e-06	0.0
0.0	0.0
0.0	0.0
0.0	0.0
-0.0002046919398708269	0.0
0.0	0.0
0.0	0.0
-3.03494707623031e-05	0.0
0.0	0.0
0.0	0.0
-2.1977575670462102e-07	0.0
-1.0604266975633436e-07	0.0
0.0	0.0
0.0	0.0
-0.001792358816601336	0.0
-0.0026108939200639725	0.0
-2.698380376386922e-05	0.0
0.0	0.0
-4.772242027684115e-05	0.0
0.0	0.0
-0.0005412661121226847	0.0
0.0	0.0
0.0	0.0
0.0	0.0
-3.4358429275016533e-06	0.0
-2.7423366191214882e-05	0.0
0.0	0.0
0.0	0.0
0.0	0.0
-2.756575122475624e-05	0.0
-3.739537078217836e-06	0.0
-1.8795974554564054e-08	0.0
-0.003428255906328559	0.0
0.0	1.0
0.0	0.0
-1.3988080659055324e-11	0.0
0.0	0.0
0.0	0.0
0.0	0.0
0.0	0.0
0.0	0.0
0.0	0.0
0.0	0.0
-3.980666951974854e-05	0.0
-0.0004893161240033805	0.0
0.0	0.0
0.0	0.0
-3.146067456327728e-06	0.0
0.0	0.0
0.0	0.0
0.0	0.0
-2.4275974283227697e-05	0.0
0.0	0.0
0.0	0.0
0.0	0.0
0.0	0.0
-0.0004363972111605108	0.0
0.0	0.0
-9.193520611461281e-09	0.0
-1.4701754480483942e-07	0.0
0.0	0.0
0.0	0.0
-0.006496254820376635	0.0
0.0	0.0
-1.7883865439216606e-05	0.0
-0.00034956494346261024	0.0
0.0	1.0
-0.0001374039420625195	1.0
-0.014158100821077824	0.0
0.0	0.0
0.0	0.0
-0.008748425170779228	0.0
0.0	0.0
-2.8465841751312837e-05	0.0
0.0	0.0
0.0	0.0
-0.0026848542038351297	0.0
0.0	0.0
-0.0016902415081858635	0.0
-3.233852839912288e-05	0.0
0.0	0.0
-0.0003618905902840197	0.0
-0.0006064896006137133	0.0
0.0	0.0
-0.00014172955707181245	0.0
0.0	0.0
-3.9422811823897064e-05	0.0
-6.892549572512507e-05	0.0
0.0	0.0
-0.0030244733206927776	0.0
0.0	0.0
-0.0002855945785995573	0.0
0.0	0.0
0.0	0.0
-0.00469455448910594	0.0
0.0	0.0
0.0	0.0
0.0	0.0
0.0	1.0
-0.0006012839730829	0.0
-8.425377745879814e-05	0.0
0.0	0.0
-0.0012232622830197215	0.0
-2.065709168164176e-07	0.0
0.0	0.0
-9.145080070993572e-07	0.0
0.0	0.0
0.0	0.0
0.0	0.0
0.0	0.0
0.0	0.0
-6.605757201004828e-14	0.0
0.0	1.0
0.0	0.0
0.0	0.0
0.0	0.0
-0.0002443492121528834	0.0
-8.728345710551366e-05	0.0
0.0	0.0
0.0	0.0
0.0	1.0
-0.0032559791579842567	0.0
-0.00036832017940469086	1.0
-0.0001767253561411053	0.0
-0.02383454330265522	0.0
0.0	1.0
-0.003284658305346966	1.0
0.0	1.0
-0.0002669512468855828	1.0
-2.8344231395749375e-05	0.0
0.0	1.0
0.0	1.0
0.0	0.0
-0.0027722748927772045	1.0
-6.792341446271166e-05	0.0
0.0	0.0
0.0	0.0
-0.02762000821530819	0.0
0.0	0.0
0.0	1.0
0.0	1.0
-8.585229807067662e-06	1.0
-7.553810974059161e-06	1.0
0.0	0.0
0.0	0.0
-6.39459735163328e-11	0.0
0.0	0.0
-0.0014197997516021132	0.0
-3.7319961165849236e-07	0.0
0.0	0.0
-2.8246718102309387e-06	0.0
0.0	0.0
-0.0003016376285813749	0.0
-0.000635969452559948	0.0
-5.82733700866811e-05	0.0
0.0	0.0
0.0	0.002
0.0	0.0
0.0	0.002
0.0	0.0
0.0	0.0
0.0	0.0
0.0	0.0
0.0	0.0
0.0	0.0
-0.0009107660735026002	0.0
0.0	0.0
0.0	0.0
0.0	0.0
-0.003825016086921096	0.0
-0.0001201002742163837	0.0
0.0	0.0
-2.1408768589026295e-05	0.0
0.0	0.0
0.0	0.0
0.0	0.0
-0.00025612901663407683	0.0
0.0	0.0
0.0	0.0
-0.0010106117697432637	0.0
0.0	0.0
0.0	0.0
-4.6745009285587e-07	0.0
0.0	0.0
-6.438622222049162e-05	0.0
0.0	0.0
-2.9853390515199862e-05	0.0
-8.647563845443074e-06	0.0
-7.489171061081379e-09	0.0
-0.0006383324507623911	0.0
-1.8184318832936697e-06	0.0
-2.6539100872469135e-05	0.0
-0.0010211423505097628	1.0
-1.2156912816863041e-05	0.0
0.0	0.0
-0.0006273302133195102	1.0
0.0	0.0
0.0	0.0
-2.8256752557354048e-05	0.0
0.0	1.0
0.0	0.0
-3.476393612800166e-05	0.0
-0.0020607649348676205	0.0
0.0	0.0
-9.820695413509384e-05	0.0
-0.00011238535080337897	0.0
-0.0004920531646348536	0.0
0.0	0.0
0.0	0.0
0.0	0.0
0.0	0.0
-0.0039091953076422215	0.0
-4.125515431496751e-07	0.208
0.0	0.0
0.0	0.208
0.0	0.208
0.0	0.0
-2.3164991944213398e-05	0.208
-0.00034188220161013305	0.0
-0.0010514197638258338	0.208
-0.0003104228526353836	0.0
0.0	0.0
-0.003869012463837862	0.0
0.0	0.0
0.0	0.0
0.0	0.0
0.0	0.0
-0.00010440553887747228	0.0
-0.00013486284296959639	0.0
0.0	0.0
0.0	0.0
0.0	0.0
0.0	0.0
-0.017700379714369774	0.0
-7.443389016259516e-09	0.0
-0.0003744100977201015	0.0
-0.0051620774902403355	0.0
-7.642698619747534e-05	0.0
0.0	0.0
0.0	0.0
-0.0004070113936904818	0.0
-0.00015189129044301808	0.0
0.0	0.0
-5.0223665311932564e-05	0.0
0.0	0.0
0.0	0.0
0.0	0.0
-5.913302070226223e-10	0.0
-0.001252071582712233	0.0
-0.0005767217371612787	0.0
-7.915788592072204e-05	0.0
0.0	0.0
0.0	1.0
0.0	1.0
0.0	0.0
0.0	1.0
-0.0048895166255533695	0.0
0.0	0.0
0.0	0.0
0.0	0.0
-9.150826372206211e-05	0.0
-0.0007581701502203941	1.0
0.0	0.0
-5.558462362387218e-06	1.0
-9.416612738277763e-05	1.0
0.0	1.0
0.0	1.0
-6.018546991981566e-05	0.0
-0.0035515630152076483	0.0
0.0	0.0
-8.165189501596615e-05	0.0
0.0	0.0
-0.004616344813257456	0.0
-0.0002362442755838856	0.0
0.0	0.0
-0.00018728611757978797	0.0
0.0	0.0
0.0	0.0
-0.009779294021427631	0.0
-4.199517888991977e-08	0.0
-0.001365790725685656	0.0
0.0	0.0
-0.0001677424443187192	0.0
-0.00035763351479545236	0.0
-1.555015160192852e-06	0.0
-0.0077514201402664185	0.0
0.0	0.0
-7.65303070693335e-07	0.0
-0.004961635451763868	0.0
0.0	0.0
0.0	0.0
0.0	0.0
0.0	0.0
0.0	0.0
-0.010231509804725647	0.0
-0.007935520261526108	0.0
0.0	0.0
0.0	0.0
0.0	0.0
0.0	0.0
0.0	0.0
0.0	0.0
0.0	1.0
0.0	0.0025252525252525255
0.0	0.0
-1.4488970236925525e-06	1.0
0.0	1.0
-5.33260936208535e-05	0.0
-8.684145723236725e-05	0.0
0.0	1.0
0.0	1.0
0.0	0.0
0.0	1.0
0.0	0.0
-2.0374020550661953e-06	0.0
-0.00639091432094574	0.0
0.0	0.0
0.0	0.0
0.0	0.0
0.0	0.0
0.0	0.0
0.0	0.0
0.0	0.0
-0.0003228135174140334	0.0
0.0	0.0
-1.2841915031369666e-10	0.0
-0.016831625252962112	0.0
-8.181879093172029e-05	0.0
-0.001036853063851595	0.034
0.0	0.0
-5.33654429091257e-07	0.0
0.0	0.0
0.0	0.0
-0.002503426279872656	0.0
0.0	0.0
0.0	0.0
-0.007896735332906246	0.0
0.0	0.0
-6.761437362001743e-06	0.0
-0.00986219011247158	0.0
0.0	0.0
-0.000110666747787036	0.0
0.0	0.0
-3.852805093629286e-06	0.0
-4.711746157681773e-07	0.0
0.0	1.0
-0.0031621179077774286	0.0
0.0	0.0
0.0	0.0
0.0	0.0
-2.420020406290746e-09	0.0
0.0	0.0
0.0	0.0
0.0	0.0
0.0	0.0
-1.3256563988761627e-06	0.0
0.0	0.0
-0.0005533770308829844	0.0
0.0	0.0
0.0	0.0
0.0	0.0
-0.03280035778880119	0.0
0.0	0.002
-0.00012528571824077517	0.0
-0.0026364207733422518	0.0
0.0	0.002
-3.215579226889531e-06	0.0
-0.006499593611806631	0.0
0.0	0.002
0.0	0.0
0.0	0.002
0.0	0.002
0.0	0.002
-0.0002052967611234635	0.0
-0.0099992286413908	0.0
0.0	0.0
-0.0022927746176719666	0.0
-0.00047235010424628854	0.0
0.0	0.0
0.0	0.0
0.0	0.0
0.0	0.0
-0.002349016722291708	0.0
0.0	0.0
0.0	0.0
0.0	0.0
-3.7663161833734193e-07	0.0
-0.0013015185249969363	0.0
0.0	0.0
0.0	0.0
-0.0007994165644049644	0.0
0.0	0.0
-0.012127547524869442	0.0
0.0	1.0
-0.0018360085086897016	0.0
-0.0028430705424398184	0.0
-0.01498003676533699	0.0
-0.0003344796714372933	0.0
0.0	0.0
-0.0013717488618567586	0.0
-2.9932160032331012e-05	0.0
-0.0015088669024407864	0.0
0.0	0.0
0.0	0.0
-0.02174430899322033	0.0
0.0	0.0
-0.003946347162127495	0.0
-3.8027606933610514e-05	0.0
0.0	0.0
-0.001982715679332614	0.0
0.0	0.0
0.0	0.0
-0.005749542266130447	0.0
-0.0014279918977990746	0.0
-1.6417661754530855e-05	0.0
-0.00010366079368395731	0.0
-0.0003525695065036416	0.0
0.0	0.0
0.0	0.0
-9.922596655087546e-05	0.0
-0.0054150535725057125	0.0
0.0	0.0
0.0	0.0
-5.742398570540708e-11	0.0
0.0	0.0
-0.0041948044672608376	0.0
0.0	0.0
-0.00016452636918984354	0.0
0.0	1.0
0.0	0.0
-0.00012029766367049888	0.0
-2.0399168079165975e-06	0.0
-0.0003156271413899958	0.0
-3.9794286976757576e-08	0.0
-0.0012758158845826983	0.0
0.0	0.208
-2.809066000641902e-11	0.208
-0.0007854194263927639	0.0
0.0	0.208
-0.0014085544971749187	0.0
0.0	0.208
0.0	0.208
0.0	0.0
-1.4227358846596871e-08	0.0
0.0	0.0
-0.01000254787504673	0.0
0.0	0.0
0.0	0.0
0.0	0.0
-5.0326187192695215e-05	0.0
-2.9708082820434356e-06	0.0
-0.00020965139265172184	0.021
0.0	0.021
0.0	0.021
-1.8739063989414717e-06	0.0
-0.008825762197375298	0.021
0.0	0.021
-0.0022774769458919764	0.0
0.0	0.0
-7.858394383220002e-06	0.0
0.0	0.0
-0.00017696572467684746	0.0
0.0	0.0
0.0	0.021
-0.00014397696941159666	0.021
0.0	0.021
0.0	0.0
0.0	0.021
0.0	0.026515151515151516
-0.00034787572803907096	0.0
0.0	0.021
-5.93914819546626e-07	0.0
-0.003748869290575385	0.0
-6.0971055063419044e-05	0.0
0.0	0.0
0.0	0.0
-0.0010316208936274052	0.0
0.0	0.0
-0.00046235648915171623	0.0
0.0	0.0
0.0	0.0
-3.6874646980322723e-07	0.0
0.0	0.0
0.0	0.0
0.0	0.01
0.0	0.0
0.0	0.0
0.0	0.0
0.0	0.0
0.0	0.0
0.0	0.0
0.0	0.0
0.0	0.0
0.0	0.0
-0.00012010711361654103	0.0
-8.263596100732684e-07	0.0
0.0	0.0
0.0	0.0
0.0	0.0
0.0	0.0
0.0	0.0
-1.6073368897195905e-05	0.0
-1.0293725836163503e-06	0.0
-0.0004475401947274804	0.0
0.0	0.0
-6.739194213878363e-05	0.07
-0.0005920145777054131	0.0
0.0	0.07
0.0	0.07
0.0	0.07
-0.0011904567945748568	0.0
-0.0004839299654122442	0.0
-0.001457469305023551	0.0
0.0	0.0
-0.0009216744801960886	0.0
0.0	0.0
0.0	0.0
0.0	0.0
-0.0027085081674158573	0.0
0.0	0.0
0.0	0.0
-0.0014119782717898488	0.0
0.0	0.0
-0.0002644369669724256	0.0
0.0	0.0
-0.0006864789756946266	0.0
-0.08429009467363358	0.0
-0.0018430069321766496	0.0
0.0	0.0
-6.343812856357545e-05	0.0
-0.0018247844418510795	0.0
-0.00015921544400043786	0.0
-0.0060760220512747765	0.0
0.0	0.0
0.0	0.0
0.0	1.0
0.0	0.0
-1.263335161638679e-05	0.0
-1.1411811101424973e-05	0.0
-0.0009983479976654053	0.0
0.0	0.0
0.0	0.0
-6.866744115541223e-07	0.0
0.0	0.0
-0.000935923308134079	0.0
0.0	0.0
0.0	0.0
0.0	0.0
-2.953195142856718e-13	0.0
0.0	0.0
0.0	0.0
-0.002962944097816944	0.0
0.0	0.0
-3.391961581655778e-05	0.0
-5.000766032026149e-05	0.0
0.0	0.0
-1.1174943210789934e-06	0.0
0.0	0.0
0.0	0.0
-0.00042304693488404155	0.0
-0.0002787156554404646	0.0
-0.002622901927679777	0.0
-1.083465394913219e-05	0.0
0.0	0.0
-0.009511973708868027	0.0
0.0	0.0
-0.002023411216214299	0.0
-6.288256554398686e-05	0.0
-7.802817094705594e-13	0.0
0.0	1.0
-0.000593700329773128	0.147
0.0	0.0
-0.00025446800282225013	0.0
0.0	0.0
0.0	0.0
0.0	0.0
-1.367252089323756e-09	0.0
0.0	0.0
-1.1694274348883482e-07	0.0
0.0	0.0
0.0	0.0
0.0	0.0
-0.04042848199605942	0.0
-0.0005113952211104333	0.0
0.0	0.0
0.0	0.0
-0.00032399719930253923	0.0
-0.0003352463827468455	0.0
0.0	0.0
0.0	0.0
0.0	0.0
-2.8804875910282135e-05	0.0
0.0	0.0
-1.361032332169998e-06	0.0
0.0	0.0
0.0	0.0
0.0	0.0
-2.2041786798543406e-11	0.0
0.0	0.0
-0.00022820608865004033	0.0
0.0	0.0
0.0	0.0
-8.703863727532735e-07	1.0
-0.0028822424355894327	0.0
0.0	0.0
-4.484181044972502e-05	1.0
0.0	0.0
-0.0020052276086062193	0.0
-9.674970442574704e-07	0.0
-1.1345398398532325e-08	0.0
-1.216045166074764e-05	0.0
0.0	0.0
0.0	0.0
0.0	0.0
-9.515487420230784e-08	0.0
0.0	0.0
-0.001463450724259019	0.0
0.0	0.0
0.0	0.0
-0.001297205570153892	0.0
-8.230848470702767e-05	0.0
0.0	0.0
0.0	0.0
-1.857529355220322e-06	0.0
0.0	0.0
-0.0009156870655715466	0.0
0.0	0.0
-0.00012682036322075874	0.0
0.0	0.0
0.0	1.0
0.0	0.0
-0.0021470007486641407	0.0
0.0	0.0
0.0	0.0
0.0	1.0
-6.6341472120257095e-06	0.0
0.0	0.0
0.0	0.0
0.0	1.0
0.0	1.0
0.0	0.0
-0.00023326130758505315	0.0
-0.00011721786722773686	0.0
0.0	0.0
0.0	0.0
0.0	0.0
0.0	0.0
0.0	0.0
0.0	0.0
0.0	0.0
0.0	0.0
0.0	0.0
0.0	0.0
0.0	0.069
0.0	0.069
0.0	0.069
-0.002339485567063093	0.069
0.0	0.0
0.0	0.0
-3.09595378666927e-07	0.069
0.0	0.0
0.0	0.0
-0.0018548767548054457	0.0
-1.7548867248251554e-08	0.069
0.0	0.069
0.0	0.0
0.0	0.0
0.0	0.0
0.0	0.0
0.0	0.0
-6.008892160025425e-05	0.0
0.0	0.0
-6.324084438347199e-07	0.0
0.0	0.0
-0.0009703096002340317	0.0
-0.000783081806730479	0.0
0.0	0.0
0.0	0.0
-0.0008671541581861675	0.0
-1.825621467332894e-07	0.346
-3.043397100555012e-06	0.43686868686868685
0.0	0.0
-9.653421875555068e-05	0.0
0.0	0.0
0.0	1.0
0.0	0.0
0.0	0.0
0.0	0.0
-0.035467784851789474	0.0
0.0	0.0
0.0	0.0
0.0	0.0
0.0	0.0
0.0	0.0
-0.00024672766448929906	0.0
0.0	0.0
-3.881992142851232e-06	0.0
0.0	0.0
-0.0001393466955050826	0.0
0.0	0.0
-0.0013007152592763305	0.0
0.0	1.0
0.0	0.0
0.0	0.0
0.0	0.0
0.0	0.0
-0.0030156222637742758	0.0
0.0	0.0
-0.0007056110189296305	0.0
0.0	0.0
-0.006627291906625032	0.0
0.0	0.0
0.0	0.0
-2.7903481168323196e-05	0.0
-0.0036153490655124187	0.0
0.0	0.0
0.0	0.0
0.0	0.0
0.0	0.0
0.0	0.0
-0.004010646138340235	0.0
-0.00030112118110992014	0.0
-3.5043847219640156e-06	0.0
0.0	0.0
-0.001275047310627997	0.0
-0.0005296582239679992	0.0
-0.0001475917815696448	0.0
-0.0019451361149549484	0.0
-0.0026139961555600166	0.0
-1.0603811460896395e-05	0.0
-5.8790842558664735e-06	0.0
0.0	0.0
0.0	0.0
0.0	0.0
-2.083634535665624e-05	1.0
-2.914982360380236e-06	0.0
0.0	1.0
-0.004059108905494213	0.0
0.0	0.0
0.0	1.0
0.0	1.0
0.0	1.0
-1.1814077538474521e-07	0.0
-0.016389885917305946	0.0
-7.039678894216195e-05	0.0
0.0	0.0
-3.5897683119401336e-06	0.0
-0.00018620335322339088	0.0
0.0	0.0
-0.006007418502122164	0.0
-3.9236761949723586e-05	0.0
0.0	0.0
-0.00010621965338941664	0.0
0.0	0.0
0.0	0.0
-1.343114206520113e-07	0.0
-0.0045842817053198814	0.0
0.0	0.0
0.0	0.0
-1.0299011591996532e-05	0.0
-0.00019820593297481537	0.0
-1.9046177840209566e-05	0.0
0.0	1.0
0.0	0.0
0.0	0.0
0.0	0.0
0.0	0.0
-3.6954457755200565e-05	0.0
0.0	0.0
0.0	1.0
0.0	1.0
-0.0008471252513118088	0.0
-0.00770455040037632	0.0
0.0	0.0
-0.0016398238949477673	0.0
0.0	0.0
0.0	0.0
-9.29734596866183e-06	0.0
0.0	0.0
0.0	0.0
0.0	0.0
0.0	0.0
-0.003070032922551036	0.0
0.0	0.0
0.0	0.0
0.0	0.0
0.0	0.0
0.0	0.0
-1.2890324114778196e-06	0.0
0.0	0.0
0.0	0.0
-2.269167271151673e-05	0.0
0.0	0.0
0.0	0.0
0.0	0.0
-2.7812736789201153e-06	0.0
0.0	0.0
0.0	0.0
0.0	0.0
-0.0001868571707746014	0.0
-6.174406280479161e-06	0.0
-3.885827391059138e-05	0.0
0.0	0.0
0.0	0.0
0.0	0.0
0.0	0.0
-0.0008984840242192149	0.0
0.0	0.0
-0.0027211729902774096	0.0
-4.377492223284207e-05	0.0
0.0	0.0
