-0.0004844453069381416	0.0
0.0	0.015
-0.0006063900073058903	0.015
-0.007930559106171131	0.0
0.0	0.015
-0.0008129673078656197	0.015
-0.003706123447045684	0.0
0.0	0.015
-0.0012328502489253879	0.0
0.0	0.0
0.0	0.0
0.0	0.0
-0.0012298995861783624	0.0
0.0	0.0
0.0	0.0
0.0	0.0
-4.344495209807064e-06	0.0
0.0	0.0
0.0	0.0
-8.47139913773276e-10	0.0
-4.736053597298451e-06	0.0
-0.006152072921395302	0.0
0.0	0.0
0.0	0.0
-1.3413853139354615e-06	0.0
0.0	0.0
0.0	0.0
-0.000230134348385036	0.0
0.0	0.0
0.0	0.0
0.0	0.0
0.0	0.0
0.0	0.0
0.0	1.0
-0.003401410998776555	0.0
0.0	0.0
0.0	0.0
-3.517544655551319e-06	0.0
0.0	1.0
0.0	0.0
-0.00045019801473245025	0.0
0.0	0.0
0.0	0.0
0.0	0.0
-1.1363734842007034e-08	0.0
-0.0007150801829993725	0.0
-0.002201809547841549	0.0
0.0	0.0
0.0	0.0
0.0	0.0
-0.005128251854330301	0.0
0.0	0.0
0.0	0.0
0.0	0.0
0.0	0.0
0.0	1.0
0.0	0.0
0.0	0.0
-0.00021622249914798886	0.0
0.0	1.0
0.0	0.0
0.0	0.0
-9.904787222608097e-14	0.0
0.0	0.0
0.0	0.0
-2.869098898372613e-05	0.0
-0.004726785235106945	0.0
0.0	1.0
0.0	0.0
0.0	0.0
-0.00010559416841715574	0.0
-0.0002792447921819985	0.0
0.0	0.0
0.0	0.0
-1.9325561879668385e-06	0.0
0.0	0.0
-8.451060421066359e-05	0.0
0.0	0.0
0.0	0.0
0.0	0.0
0.0	0.0
-0.0002675169089343399	0.0
0.0	0.0
0.0	0.0
0.0	0.0
0.0	0.0
-0.0015045762993395329	0.0
0.0	0.0
-0.004825762007385492	0.0
0.0	0.0
0.0	0.0
-0.009546224027872086	0.0
0.0	0.0
-2.4473135908920085e-06	0.0
0.0	0.0
-8.763874070893962e-09	0.0
-2.9224778700154275e-05	0.0
-3.450444410191267e-06	0.0
-2.3409380446537398e-05	0.0
-0.00032063081744126976	0.0
0.0	0.0
-3.2235711842076853e-06	0.0
0.0	1.0
-0.00252981623634696	0.0
0.0	0.0
0.0	0.0
-0.003926349803805351	0.0
-0.00018950752564705908	0.0
0.0	0.0
0.0	0.0
-3.598687908379361e-05	0.0
-0.0038054112810641527	0.0
0.0	0.0
0.0	0.0
-1.8189571164839435e-06	0.0
0.0	0.0
0.0	0.0
-0.0009050234802998602	0.0
0.0	0.0
0.0	0.0
0.0	0.0
0.0	0.0
0.0	0.0
0.0	0.0
-0.002765330020338297	0.0
-8.52436187415151e-06	0.0
0.0	0.0
-0.0038539781235158443	0.0
0.0	1.0
0.0	0.0
0.0	0.0
-0.00010538924107095227	0.0
0.0	0.0
0.0	0.0
0.0	0.0
-1.0436793900225894e-06	0.0
0.0	0.0
-0.0005592380766756833	0.0
0.0	0.0
-0.0011458854423835874	0.0
0.0	0.0
0.0	0.0
0.0	0.0
0.0	0.0
-0.007997059263288975	0.0
-0.00044008195982314646	0.0
-2.6569670808385126e-05	0.0
0.0	0.0
-1.6712332580937073e-05	0.0
-0.001428448362275958	1.0
0.0	0.0
-8.780765625715503e-08	0.0
-9.707346180221066e-05	0.0
-3.461091637291247e-06	0.0
0.0	0.0
0.0	0.0
0.0	0.0
0.0	0.0
0.0	0.0
-3.978852691943757e-05	0.0
0.0	0.0
-1.3338524729178403e-10	0.0
0.0	0.0
0.0	0.0
-0.001495016971603036	0.0
-1.4565830763757504e-09	0.0
-0.00011529991024872288	0.0
0.0	0.0
0.0	0.0
0.0	0.0
0.0	0.0
0.0	0.0
-4.630071998690255e-05	0.0
-6.96384894194324e-10	0.0
0.0	0.0
0.0	0.0
0.0	0.0
0.0	0.0
-0.006044731009751558	0.0
0.0	0.0
-0.0002289805852342397	0.0
-0.00029457983328029513	0.016
-7.597632247779984e-06	0.016
-0.006995124742388725	0.0
-0.000349028327036649	0.0
0.0	0.0
0.0	0.0
0.0	0.0
0.0	0.0
0.0	0.0
-2.2833148250356317e-05	0.0
0.0	0.0
-2.1099553123349324e-05	0.0
0.0	0.0
0.0	0.0
-0.002049329923465848	0.0
0.0	0.0
-9.207353173223964e-07	0.0
-0.00024761504027992487	0.0
-0.0007257863180711865	0.0
0.0	0.0
0.0	0.0
-0.0003506232751533389	0.0
0.0	0.0
0.0	0.0
0.0	0.0
-0.002851989818736911	0.0
0.0	1.0
0.0	1.0
-0.003458557650446892	1.0
0.0	1.0
-0.010592903941869736	0.0
0.0	1.0
0.0	1.0
0.0	1.0
0.0	1.0
-1.04205228126375e-05	0.0
-2.4284611299663084e-06	1.0
0.0	0.0
0.0	0.0
-9.304092600359581e-06	0.0
0.0	0.0
0.0	0.0
-0.003851340152323246	0.0
0.0	0.0
0.0	0.0
0.0	0.0
-0.0049883215688169	0.0
0.0	0.0
0.0	0.0
0.0	0.0
-0.0009039221331477165	0.0
0.0	0.0
0.0	0.0
-1.0333397995054838e-06	0.0
0.0	1.0
-2.953855755549739e-07	0.0
-1.5598427580698626e-06	1.0
0.0	0.0
-9.28795361687662e-06	0.0
0.0	0.0
-0.0028811998199671507	0.0
0.0	0.0
-0.005995412822812796	0.0
0.0	0.0
0.0	0.0
0.0	0.0
-7.866611895224196e-08	0.0
-0.0015380947152152658	0.0
-2.2714737497153692e-05	0.0
-5.6586257414892316e-05	0.0
-0.016318192705512047	0.0
0.0	0.0
0.0	0.0
-0.0008783946977928281	0.0
0.0	0.0
-1.6437610611319542e-05	0.0
-0.00037469866219908	0.0
0.0	0.0
-0.00021149647363927215	0.0
0.0	0.0
0.0	0.087
-3.6985755286877975e-05	0.087
-0.029451822862029076	0.0
0.0	0.0
0.0	0.0
0.0	0.0
0.0	0.0
-0.0031087647657841444	0.0
-2.74907815764891e-05	0.0
0.0	0.0
-2.4481303171342006e-06	0.0
-0.0028595065232366323	0.0
0.0	0.0
-1.4944729400667711e-06	0.0
0.0	0.0
-0.00010314107203157619	0.0
0.0	0.0
0.0	0.0
-5.7598324929131195e-05	0.0
-1.200764745590277e-05	0.0
-9.233356831828132e-05	0.0
0.0	0.0
0.0	0.0
0.0	0.0
-0.0008576484979130328	0.0
-1.2293355081734875e-13	1.0
0.0	0.0
0.0	1.0
-2.0208446027680793e-09	1.0
-0.003258942160755396	0.0
0.0	0.0
-6.637134356424212e-05	0.0
0.0	0.0
-0.00011645632184809074	0.0
-0.0023402487859129906	0.0
0.0	0.0
-0.006806620862334967	0.0
-0.06736601144075394	0.0
0.0	1.0
0.0	1.0
-0.00046641656081192195	0.0
-1.968234819571535e-08	1.0
0.0	0.0
0.0	0.0
-0.0003192366857547313	0.0
-6.00461520783302e-14	1.0
-0.001550053944811225	0.0
0.0	0.0
0.0	0.0
0.0	0.0
0.0	0.0
0.0	0.0
0.0	1.0
0.0	1.0
0.0	1.0
-3.904083314409945e-06	1.0
0.0	0.0
-2.8749442208209075e-05	0.0
0.0	0.0
0.0	0.0
-0.00013583780673798174	0.0
0.0	0.0
-0.00019650788453873247	0.0
-8.075386722339317e-05	0.0
-0.00983296986669302	0.0
-6.651858711848035e-05	0.0
-0.001840817043557763	0.0
0.0	0.092
0.0	0.092
0.0	0.0
0.0	0.0
-1.1853597270405913e-10	0.0
-2.6842340048460755e-06	0.0
-0.0009902309393510222	0.0
-0.0020239371806383133	0.0
-0.0016700924606993794	0.0
-0.000751855259295553	0.0
0.0	0.0
0.0	0.0
0.0	0.0
0.0	0.0
-0.0013840130995959044	0.0
-1.754804907250218e-05	0.0
-6.658550932847618e-10	0.0
0.0	0.0
0.0	0.0
0.0	0.0
0.0	0.0
-3.21546322084032e-05	0.0
0.0	0.0
0.0	0.0
0.0	0.0
-0.0012240171199664474	0.0
0.0	0.0
0.0	1.0
0.0	0.0
-2.3977823730092496e-05	0.0
0.0	0.0
-1.5127397218987065e-13	0.0
-0.00020473437325563282	0.0
-0.016522586345672607	0.0
-1.4691486285300925e-06	1.0
0.0	0.0
-7.87603141816362e-07	0.0
-0.0014588591875508428	0.0
-0.0018419065745547414	0.0
0.0	0.0
0.0	0.0
0.0	0.0
0.0	0.0
-1.94199517578042e-10	0.0
0.0	0.0
-0.00031213226611725986	0.0
0.0	0.0
-0.00010156447387998924	0.0
0.0	0.0
0.0	0.0
0.0	0.0
0.0	0.002
0.0	1.0
0.0	0.002
-0.003001436125487089	0.002
-0.000502570066601038	0.002
0.0	0.002
0.0	0.002
-0.0005856042844243348	0.0
0.0	0.0
0.0	0.0
-5.1184932090109214e-05	0.0
0.0	1.0
0.0	0.0
-0.0015525700291618705	1.0
0.0	1.0
0.0	0.0
-0.0024033377412706614	0.0
0.0	0.0
0.0	0.0
0.0	0.0
0.0	0.0
0.0	0.0
0.0	0.0
-1.98494576331143e-09	0.0
-0.0005704686045646667	0.0
0.0	0.0
0.0	0.0
0.0	0.0
0.0	0.0
-6.577953293174232e-09	0.0
-0.0004653322394005954	0.0
0.0	0.0
-0.00187974632717669	0.0
0.0	0.0
0.0	0.0
-0.003078618785366416	0.0
0.0	0.0
0.0	0.0
0.0	0.0
-1.7199104553750066e-12	0.606
0.0	0.0
0.0	1.0
0.0	1.0
-6.045554982847534e-05	1.0
0.0	1.0
0.0	0.0
0.0	0.0
-0.0010405959328636527	0.0
-0.0017384798265993595	0.0
0.0	0.0
0.0	0.0
-0.00020255321578588337	0.0
0.0	0.0
0.0	0.0
0.0	0.0
0.0	0.0
0.0	0.0
0.0	0.0
0.0	0.0
0.0	0.0
0.0	0.0
-7.935015844395821e-08	0.0
0.0	0.0
0.0	0.0
0.0	0.0
0.0	0.0
-1.4675120837637223e-05	0.0
0.0	0.0
0.0	0.0
0.0	0.0
0.0	0.0
0.0	0.0
0.0	0.0
-0.004108433611690998	0.0
0.0	0.0
0.0	0.0
-4.645020089810714e-05	0.0
0.0	0.0
0.0	0.0
-0.000896052282769233	0.0
0.0	1.0
0.0	0.0
-2.035635731090224e-07	0.0
0.0	0.0
0.0	0.0
0.0	0.0
-0.003987345844507217	0.0
-0.004785351920872927	0.0
-0.00016469863476231694	0.0
-0.003301040967926383	0.0
0.0	0.0
0.0	0.0
0.0	1.0
0.0	0.0
0.0	0.0
-0.0013057163450866938	0.0
-0.0004404768696986139	0.0
-2.381554077146575e-05	0.0
-0.0007751839002594352	0.0
-0.00011794509191531688	0.0
-0.00018460139108356088	0.0
0.0	0.0
0.0	0.0
-0.004969839937984943	0.0
-0.002521099988371134	0.0
0.0	0.0
-8.688130037626252e-05	0.0
0.0	0.0
-0.0010729058412835002	0.0
0.0	0.0
0.0	0.0
-4.32078138601355e-07	0.0
0.0	0.0
-0.00045603886246681213	0.0
0.0	0.0
0.0	0.0
-0.006680872291326523	0.0
-7.980323061929084e-06	0.0
-2.4741459014876455e-07	0.0
-3.394547093193978e-05	0.0
0.0	0.0
-4.045370260996606e-09	0.0
0.0	0.0
0.0	0.0
0.0	0.0
0.0	0.0
-0.00047595068463124335	0.0
-0.0001588578161317855	0.0
-0.0004345585184637457	0.0
0.0	0.04
-2.2883856217958964e-05	0.04
0.0	0.04
-1.1714379297700361e-06	0.0
-7.348899266901299e-10	0.0
0.0	0.0
0.0	0.0
0.0	0.0
-6.587038114957977e-06	0.0
0.0	0.0
0.0	0.0
-0.00025576958432793617	0.0
0.0	0.0
-3.5883047644347243e-08	0.0
-1.420970420440426e-06	0.0
0.0	0.0
-0.0035617267712950706	0.0
-0.0005744921509176493	0.0
-0.000155892368638888	0.0
-3.517663571983576e-05	0.0
0.0	0.0
0.0	0.0
0.0	0.0
0.0	0.0
-0.01195479929447174	0.0
0.0	0.0
-1.2286276884765357e-08	0.0
-0.01062539778649807	0.0
0.0	1.0
-0.0006696091149933636	0.0
0.0	0.0
-0.0018524875631555915	0.0
0.0	0.0
-9.214913006871939e-06	0.0
-5.636453437318778e-08	0.0
0.0	0.0
0.0	0.0
-0.003745228983461857	0.0
0.0	0.0
0.0	0.0
-0.001010893378406763	0.0
0.0	0.0
-0.0002073263458441943	0.0
-0.0026479989755898714	0.0
0.0	0.0
-1.2193751786071516e-07	0.0
0.0	0.0
-0.0006846684846095741	0.0
0.0	0.0
0.0	0.0
0.0	0.0
-7.896097667980939e-05	0.0
0.0	0.0
0.0	0.0
-0.005508781876415014	0.0
0.0	0.0
0.0	0.0
0.0	0.0
-4.038872066303156e-05	0.0
0.0	0.0
-0.00038587921881116927	0.0
0.0	0.0
-0.00024757557548582554	0.0
-0.0006384229636751115	0.0
0.0	0.0
0.0	0.0
0.0	0.0
0.0	0.0
0.0	0.0
-0.0016893378924578428	0.0
0.0	0.0
0.0	0.0
0.0	0.136
0.0	0.0
-0.00012635574967134744	0.0
-0.0008139400742948055	0.0
-4.495917874103306e-11	0.0
0.0	0.0
0.0	1.0
0.0	0.0
0.0	0.0
0.0	0.0
0.0	0.0
0.0	0.0
0.0	0.0
0.0	0.0
0.0	0.0
0.0	0.0
-1.4539016035541863e-07	0.0
-0.0007607759907841682	0.0
0.0	0.0
0.0	1.0
0.0	1.0
0.0	0.0
0.0	0.0
0.0	0.0
-4.4605133808772734e-08	0.0
0.0	0.0
0.0	0.0
-0.011156418360769749	0.0
0.0	0.0
-0.00024223422224167734	0.0
-0.0014035050990059972	0.0
0.0	0.0
-0.00024290726287290454	0.0
-0.00014593807281926274	0.0
-0.0006906015332788229	0.0
0.0	0.0
0.0	0.0
-3.274417963439191e-07	0.0
-0.008998708799481392	0.0
0.0	0.0
-7.905512029537931e-05	0.0
-0.005610175430774689	0.0
-6.301568333810792e-08	0.0
-2.7966327170725336e-11	0.0
-0.0007997715147212148	0.0
-1.1847324458358344e-05	0.0
-0.0015493850223720074	0.0
0.0	0.0
-2.123103513440583e-06	0.0
0.0	0.0
-0.004339052364230156	0.0
0.0	0.0
0.0	0.0
0.0	0.0
0.0	0.0
-0.0012558408780023456	0.0
-3.818999161353531e-08	0.0
-2.322886075489805e-06	1.0
0.0	0.0
0.0	1.0
0.0	0.0
0.0	0.0
-0.004960798658430576	0.0
0.0	0.0
0.0	0.0
-0.00831640139222145	0.0
0.0	0.0
0.0	0.0
-0.0008458740776404738	0.0
-5.243447048997041e-06	0.0
0.0	0.0
-0.001160521525889635	0.0
-0.005168919917196035	0.0
0.0	0.0
0.0	0.0
-8.07887136033969e-06	0.0
-0.0011324869701638818	0.0
0.0	0.0
0.0	0.0
-0.00036276131868362427	0.0
-5.168633947505441e-07	0.0
0.0	0.0
0.0	0.0
0.0	0.0
-0.006427162326872349	0.0
-4.4647549657383934e-05	0.0
-0.0017775637097656727	0.0
-0.00011594247189350426	0.0
0.0	0.0
-0.016177602112293243	0.0
0.0	0.0
0.0	0.0
0.0	0.0
0.0	0.0
0.0	0.0
-6.055469384591561e-06	0.0
0.0	0.0
-1.3760742149315774e-05	0.0
-6.286892312346026e-05	0.0
0.0	0.0
0.0	1.0
0.0	0.0
-0.0003275152703281492	0.03
-0.0027475522365421057	0.03
0.0	0.0
0.0	0.03
0.0	0.0
-0.0018561295000836253	0.0
-0.00035662107984535396	0.0
0.0	0.03
-0.00023161816352512687	0.0
0.0	0.0
-0.0024598995223641396	0.0
-0.0010546541307121515	0.0
0.0	0.0
0.0	0.0
0.0	0.0
0.0	0.0
0.0	0.0
-0.00023194173991214484	0.0
0.0	0.0
0.0	0.0
-3.8132359350129263e-06	0.0
0.0	0.0
0.0	0.0
0.0	0.0
0.0	0.002
-0.0005743329529650509	0.002
0.0	0.0
-2.1510330043383874e-05	0.0
-2.1849631593795493e-05	0.0
0.0	0.0
0.0	0.0
0.0	0.0
-1.34325319964268e-11	0.0
0.0	0.0
0.0	0.0
-0.0032124181743711233	0.004
0.0	0.0
0.0	0.0
0.0	0.004
-7.14501402399037e-06	0.0
0.0	0.004
0.0	0.0
-2.1217543277884943e-09	0.0
-0.0023730341345071793	0.0
0.0	0.0
0.0	0.0
0.0	0.0
-0.005914673674851656	0.0
-0.00038072478491812944	0.0
-5.9068314683941026e-09	0.0
-0.0029819661285728216	0.0
-0.0033193703275173903	0.0
0.0	0.0
0.0	0.0
-0.0015962690813466907	0.0
0.0	0.0
0.0	0.0
0.0	0.0
-0.00027878297260031104	0.0
-1.93105388461845e-05	0.0
-0.0026889836881309748	0.0
0.0	0.0
-0.0006737744552083313	0.0
0.0	0.0
-2.3976238594514143e-07	0.0
0.0	0.0
-0.0018630315316841006	0.0
0.0	0.0
-0.00014725865912623703	0.0
-1.0326301662644255e-06	0.0
0.0	0.0
-0.0020240291487425566	0.0
0.0	0.0
0.0	0.0
-3.735726932063699e-05	0.0
-2.2715462364431005e-06	0.0
0.0	0.0
-0.0037557813338935375	0.0
0.0	0.0
0.0	0.0
0.0	0.0
0.0	0.0
-5.103666100847448e-11	0.0
-2.617666496007587e-06	0.0
0.0	0.0
0.0	0.0
0.0	0.0
-0.0004547899297904223	0.0
0.0	0.0
0.0	0.0
-6.298524368730796e-08	0.0
0.0	0.0
-1.874934207890533e-09	0.0
0.0	0.0
-0.0002330830175196752	0.0
0.0	0.0
0.0	1.0
-1.7430587831768207e-05	0.0
0.0	0.0
-2.6195809255114e-07	0.0
0.0	0.0
0.0	1.0
0.0	0.0
0.0	0.0
-1.9852519471896812e-05	0.0
0.0	0.0
0.0	0.0
0.0	0.0
-0.00012996967416256666	0.0
0.0	0.0
-0.00618381891399622	0.0
-1.995940010601771e-06	0.0
-1.6681769920978695e-05	0.0
-1.270276470677345e-07	0.0
0.0	0.0
-2.6846519176615402e-05	0.0
-4.3414743799985445e-08	0.0
-3.554925569915213e-05	0.0
-0.003761520143598318	0.0
0.0	0.0
-0.0006634689052589238	0.0
0.0	0.0
-1.0728291865991224e-10	1.0
-0.00036445909063331783	0.0
0.0	0.0
0.0	0.0
0.0	0.0
-0.0015770291211083531	0.0
0.0	0.0
-4.1298422729596496e-05	0.0
-1.324086440490646e-08	0.0
-1.0022776223195251e-05	0.0
0.0	0.0
0.0	0.0
0.0	0.0
0.0	0.0
0.0	0.0
0.0	0.0
0.0	1.0
0.0	0.0
0.0	0.0
0.0	1.0
-0.003175153164193034	0.0
0.0	0.0
0.0	0.0
0.0	0.0
-0.0001673187653068453	0.0
0.0	0.0
-0.0022839598823338747	0.0
0.0	0.0
0.0	0.0
-0.00040207014535553753	0.0
0.0	1.0
-0.006643891334533691	0.0
0.0	0.0
-0.00035661604488268495	0.0
0.0	1.0
0.0	0.0
0.0	0.0
0.0	0.0
-3.3330838089540293e-09	0.0
-0.010625110007822514	0.0
0.0	0.0
-0.0007356056594289839	0.0
-5.4246970648819115e-06	0.0
0.0	0.0
-0.003132784506306052	0.0
0.0	0.0
0.0	0.0
-0.0009896829724311829	0.0
0.0	0.0
0.0	1.0
0.0	0.0
0.0	0.0
-4.760153382576959e-10	0.0
-4.2612723518686835e-06	1.0
-0.0012705674162134528	0.0
-0.048233211040496826	0.0
-0.0017271069809794426	0.0
0.0	0.0
0.0	0.0
0.0	0.0
-0.01334100030362606	0.0
0.0	0.0
0.0	0.0
0.0	0.0
-1.9128139072677186e-08	0.0
0.0	0.0
0.0	0.0
0.0	0.0
0.0	0.0
-4.152159505110831e-09	0.0
0.0	0.0
-0.001334833912551403	0.0
-0.0008026520372368395	0.0
0.0	0.0
0.0	0.0
0.0	0.0
0.0	0.0
0.0	0.0
0.0	0.0
0.0	0.0
-4.86164594803995e-07	0.0
0.0	0.0
-6.473436224041507e-05	0.0
0.0	0.0
-0.00029592259670607746	0.0
-0.00010476610623300076	0.0
0.0	0.0
0.0	0.0
0.0	0.0
-1.908391865379663e-17	0.0
-0.0017835727194324136	0.0
0.0	0.0
0.0	0.0
-1.8749226171621558e-08	0.0
0.0	0.0
0.0	0.0
-0.0001725964539218694	0.0
-0.0013504658127203584	0.0
0.0	0.0
0.0	0.0
-6.001908332109451e-05	0.0
-4.787905709235929e-06	0.0
0.0	0.0
-1.2950378902587545e-07	0.0
0.0	0.0
-1.3696300811716355e-05	1.0
0.0	0.0
0.0	0.0
-0.0014050222234800458	0.0
