-0.0035049947910010815	0.0
-0.0011891282629221678	0.0
-0.0012531948741525412	0.0
0.0	0.0
0.0	0.0
0.0	0.0
-2.2962271032156423e-05	0.0
-0.0010723161976784468	0.0
-0.00010956785990856588	0.0
-3.151152850477956e-05	0.0
0.0	0.0
-2.6880459291008397e-15	0.0
-2.4673910137273936e-10	0.0
0.0	0.0
0.0	0.0
-0.004712441936135292	0.0
0.0	0.0
-0.011179503984749317	0.0
-6.467791536124423e-05	0.0
0.0	0.0
0.0	0.0
0.0	0.0
0.0	0.0
-0.001304821576923132	0.0
-0.0012204041704535484	0.0
-1.726901643905876e-08	0.0
0.0	0.0
0.0	1.0
-4.341029853094369e-05	0.0
0.0	0.0
0.0	0.0
-0.006169889122247696	0.0
0.0	0.0
0.0	0.0
-7.956724346058763e-08	0.0
0.0	0.0
-0.00013434876746032387	0.0
0.0	0.0
0.0	0.0
0.0	0.0
-0.0006701487000100315	0.0
-0.004722651559859514	0.0
0.0	0.0
0.0	0.0
0.0	0.0
0.0	0.632
-3.9978567331622195e-12	0.0
0.0	0.0
0.0	0.0
-3.628244655828894e-07	0.632
0.0	0.0
0.0	0.0
-0.00028643017867580056	0.0
0.0	0.0
0.0	0.0
0.0	0.0
0.0	0.0
0.0	0.0
0.0	0.0
0.0	1.0
-1.3311128458162735e-12	1.0
0.0	0.0
0.0	0.0
0.0	1.0
-0.0051180338487029076	0.0
0.0	0.0
0.0	0.0
0.0	0.0
0.0	0.0
0.0	0.0
0.0	0.0
-0.001472814125008881	0.0
0.0	0.0
-1.2041258656836362e-08	0.0
0.0	0.0
-1.3968217899673618e-05	0.0
-7.248624811495574e-09	0.0
0.0	0.052
0.0	1.0
0.0	0.052
0.0	1.0
0.0	0.0
-0.004079620819538832	0.0
-0.00203350349329412	1.0
0.0	0.0
0.0	1.0
0.0	0.0
0.0	0.0
0.0	1.0
0.0	0.0
0.0	0.0
0.0	0.0
-3.438400426603039e-06	0.632
0.0	0.0
0.0	0.632
-0.005261374171823263	0.0
0.0	0.0
-0.00013093312736600637	0.0
0.0	0.0
-4.10831216868246e-06	0.632
0.0	1.0
0.0	1.0
0.0	1.0
-1.9336746845510788e-05	1.0
-5.491297088155989e-07	0.0
-7.464295049430802e-05	0.0
0.0	0.0
-6.52231975095674e-08	0.0
-0.0007739009452052414	0.0
0.0	1.0
0.0	0.0
0.0	0.0
0.0	0.0
-2.013276935031172e-05	0.03125
-0.0006021350855007768	1.0
-0.00019304445595480502	0.0
0.0	0.0
0.0	0.0
0.0	0.0
0.0	0.0
0.0	0.0
-0.0035128460731357336	0.0
0.0	0.0
0.0	0.0
0.0	0.0
-7.301675708504263e-09	0.0
-0.00021422936697490513	0.0
-1.0731488373494358e-06	0.0
0.0	0.0
-0.0021765348501503468	0.0
0.0	0.0
-6.006489456922282e-07	0.0
0.0	0.0
-0.0035350145772099495	0.0
0.0	0.0
0.0	0.0
0.0	0.0
-0.0033567275386303663	0.0
0.0	0.0
-1.6916586901061237e-05	0.0
-0.0011205488117411733	0.0
-6.2950930441729724e-06	0.0
-0.01818433590233326	0.0
0.0	1.0
0.0	0.0
-0.002976152813062072	0.0
-0.00842889305204153	0.0
-0.0002930395712610334	0.0
0.0	0.0
0.0	0.0
0.0	0.0
0.0	0.0
-6.846906035207212e-05	0.0
0.0	0.0
-0.003292276058346033	0.0
0.0	0.0
0.0	0.0
0.0	0.0
0.0	0.0
0.0	0.0
0.0	0.0
0.0	0.0
0.0	1.0
0.0	0.0
0.0	0.0
0.0	0.0
-0.019751714542508125	0.0
0.0	1.0
-2.768037302303128e-05	0.0
0.0	0.0
0.0	1.0
-0.0003952331026084721	0.0
0.0	0.0
0.0	0.013
0.0	0.0
-0.0019850509706884623	0.0
-0.0017822893569245934	0.0
0.0	0.0
-5.2507446525851265e-05	0.0
-0.0017373267328366637	0.0
-0.00036796601489186287	0.0
0.0	0.0
-0.001089989091269672	0.0
0.0	0.0
0.0	0.0
-0.0002763500378932804	0.0
-5.533790954359574e-07	0.0
0.0	0.0
0.0	0.0
0.0	0.0
0.0	0.0
0.0	0.0
0.0	0.0
0.0	0.0
0.0	0.0
-4.935112585258139e-08	0.0
-0.0018685086397454143	0.0
0.0	0.0
0.0	0.0
-2.875734992358048e-07	0.0
-0.0043175918981432915	0.0
0.0	0.0
-0.00011749928671633825	0.0
-0.00014358741464093328	1.0
0.0	0.0
0.0	0.0
0.0	0.0
0.0	0.0
-7.37657755962573e-05	0.0
-0.0017019378719851375	0.0
-0.0010554457549005747	0.0
-1.2013550986011978e-05	0.0
0.0	0.0
-1.6829642845550552e-05	0.0
0.0	1.0
0.0	0.0
-5.7264255701738875e-06	0.0
-0.006025477312505245	0.0
0.0	0.0
-3.7523011364726244e-09	0.0
-1.2290996664887643e-06	0.0
-4.833522737612839e-08	0.0
0.0	0.0
0.0	0.0
0.0	0.0
0.0	0.0
0.0	0.0
0.0	0.0
-0.00011091397755080834	1.0
0.0	0.0
-0.015601283870637417	0.0
-0.0003500422462821007	0.0
-2.2904772777110338e-05	0.0
-3.478206167528697e-07	0.0
0.0	0.0
0.0	0.0
-9.77007148321718e-05	0.0
0.0	0.0
-2.1672885850421153e-06	0.0
0.0	0.0
-0.020047854632139206	0.0
0.0	0.0
0.0	0.0
0.0	0.0
-0.00012185266677988693	0.0
0.0	0.0
-3.41659142577555e-05	0.0
-1.248922217200743e-05	0.0
-0.00021173716231714934	0.0
0.0	0.0
0.0	0.0
-7.029179687378928e-05	0.0
0.0	0.0
-3.92934712545312e-10	0.0
-0.012755068019032478	0.0
0.0	0.0
-4.367548172012903e-06	0.0
-9.673846216173843e-05	0.0
-0.00047981919487938285	0.0
-0.00011283554340479895	0.0
0.0	0.0
-7.5508564805204514e-06	0.0
0.0	0.0
0.0	0.0
-0.0032819979824125767	0.0
0.0	0.0
0.0	0.0
0.0	0.0
-0.0005167043418623507	0.0
-1.9990743282960466e-08	0.0
-0.0001337476569460705	0.0
0.0	0.0
0.0	0.0
0.0	0.0
-0.0027018534019589424	0.0
-0.00010874196595977992	0.0
-0.005107864737510681	0.0
-0.0011011272436007857	0.0
0.0	0.0
0.0	0.0
0.0	0.0
0.0	0.0
0.0	0.0
-0.01195866335183382	0.0
0.0	0.0
-3.618390837800689e-05	0.0
0.0	0.0
0.0	0.0
-1.0961569785195024e-07	0.0
0.0	0.0
-9.978841990232468e-05	0.0
0.0	0.0
0.0	0.0
-0.0014248630031943321	0.0
0.0	0.0
0.0	0.0
0.0	0.0
0.0	0.0
0.0	0.0
-0.0012599038891494274	0.0
-8.799137276582769e-07	0.0
0.0	0.0
0.0	0.0
-2.0135360392914414e-11	0.0
0.0	0.0
0.0	0.0
-0.0004621229018084705	0.0
0.0	0.0
0.0	0.338
0.0	0.338
0.0	0.0
0.0	0.338
-0.00018753294716589153	0.338
0.0	0.0
-0.0004951219307258725	1.0
0.0	0.0
0.0	0.0
-0.0007561101811006665	0.0
-3.846272375085391e-05	0.0
0.0	0.0
-8.168919157469645e-05	0.0
-4.9782285932442605e-11	0.0
0.0	0.0
0.0	0.0
-0.0032408658880740404	0.0
0.0	0.0
0.0	0.0
0.0	0.0
0.0	0.0
-7.632573684190902e-09	0.0
0.0	0.0
0.0	0.0
-3.394569958459215e-08	0.0
-4.269611793006334e-07	0.0
-8.39662789076101e-06	0.0
-0.0044411239214241505	0.0
-0.0016005318611860275	0.0
0.0	0.0
0.0	0.0
0.0	0.0
-0.0008763273363001645	0.0
-0.0085752597078681	0.0
0.0	0.0
0.0	0.0
0.0	0.0
-8.671485375089105e-06	0.0
0.0	0.0
0.0	0.0
0.0	0.0
0.0	0.0
0.0	0.0
0.0	0.0
0.0	0.0
0.0	0.0
0.0	0.0
0.0	0.0
0.0	0.005
-1.5247968221387964e-08	0.0
0.0	0.0
-2.131751664080639e-08	0.0
0.0	0.0
-0.09305588155984879	0.0
0.0	0.0
-7.523284148192033e-05	0.0
0.0	0.0
0.0	0.0
0.0	1.0
0.0	1.0
-0.00044180674012750387	1.0
0.0	0.0
-0.00011592723603826016	0.003
-3.0251221687649377e-06	1.0
0.0	0.0
0.0	0.003
-0.0001907639525597915	1.0
0.0	0.0
0.0	0.001
-0.008228752762079239	0.0
0.0	1.0
0.0	0.0
0.0	0.0
0.0	0.0
0.0	0.0
0.0	0.0
-0.10214278846979141	0.0
-0.00042032654164358974	0.0
0.0	0.0
-2.9584960429929197e-05	0.0
-1.281026698052301e-07	0.0
0.0	0.0
0.0	0.0
0.0	0.0
0.0	0.0
0.0	0.0
0.0	0.0
0.0	0.0
0.0	0.0
-0.016242047771811485	0.0
0.0	0.0
0.0	0.0
0.0	0.0
-8.823997745821544e-07	0.0
0.0	0.0
0.0	0.0
0.0	0.0
0.0	1.0
-1.2766387044393923e-05	0.0
-6.126274211233976e-14	1.0
0.0	0.0
-0.0005746785318478942	0.0
-1.366272925906742e-07	0.0
0.0	0.0
0.0	0.0
0.0	0.0
0.0	0.0
-0.04488591477274895	0.0
-1.8316846706056822e-08	0.0
0.0	0.0
0.0	0.0
0.0	0.0
0.0	0.0
0.0	1.0
-3.149546401459702e-08	0.0
0.0	0.0
-0.00024756387574598193	0.0
0.0	0.0
-3.76884090655949e-05	0.0
-8.206753591366578e-06	0.0
-0.0013323292369022965	0.0
0.0	0.0
0.0	0.0
0.0	0.0
-0.03218238055706024	0.0
0.0	0.0
0.0	0.0
0.0	0.0
0.0	0.0
0.0	0.0
0.0	0.0
-8.832603770017773e-15	0.0
0.0	0.0
0.0	0.0
-6.316467533906689e-06	1.0
-4.576767878461396e-06	1.0
-0.004943364765495062	0.0
0.0	0.032
-0.0013002017512917519	0.0
0.0	0.032
0.0	0.0
-7.984956755535677e-05	0.0
0.0	0.0
-0.002928869565948844	0.0
0.0	0.0
0.0	0.0
0.0	0.0
-0.0013665161095559597	0.0
0.0	0.338
0.0	0.0
-0.025806892663240433	0.0
-1.944211544468999e-05	0.0
-4.2456646042410284e-05	0.0
-0.0008428245782852173	0.0
0.0	0.0
0.0	0.0
0.0	0.0
0.0	0.0
0.0	0.0
0.0	0.0
0.0	0.0
0.0	0.0
0.0	0.0
-0.00025766383623704314	0.0
-0.00474182516336441	0.0
0.0	0.0
-8.908637028071098e-06	0.0
-0.012173603288829327	0.0
0.0	0.0
-3.3962268553011654e-09	0.0
-0.00012927940406370908	0.0
0.0	0.0
-0.003091315273195505	0.0
0.0	0.0
-2.4208341928289023e-11	0.0
0.0	0.0
0.0	0.0
0.0	0.0
-7.733850679869647e-07	0.0
-0.00018809661560226232	0.0
0.0	0.0
0.0	0.0
0.0	0.0
-5.704875002265908e-05	0.0
0.0	0.0
-0.0004477915645111352	0.0
-0.003499214071780443	1.0
0.0	0.0
0.0	0.0
0.0	0.0
0.0	0.0
0.0	0.0
0.0	0.0
-1.0442520306241931e-06	0.0
0.0	1.0
-0.0019898361060768366	0.0
0.0	1.0
0.0	1.0
-0.002229402307420969	0.0
-0.0054825483821332455	0.0
-1.2556397588348034e-10	1.0
0.0	0.0
0.0	0.0
0.0	0.0
0.0	0.0
0.0	0.0
0.0	0.0
-0.001108604366891086	0.0
0.0	0.0
0.0	0.0
0.0	0.0
0.0	0.0
0.0	1.0
-0.011030294001102448	0.0
0.0	0.0
-2.8682374249910936e-05	0.0
0.0	0.0
-0.00023371368297375739	0.0
-1.621627461645403e-06	0.0
-9.979159425882456e-15	0.0
0.0	0.0
-5.5697582865832373e-05	0.0
0.0	0.0
0.0	0.0
0.0	0.0
-4.5888407385064056e-07	0.0
0.0	0.0
-6.537942387994933e-13	0.0
0.0	0.0
-5.493820026458707e-06	0.0
0.0	0.0
0.0	0.0
-0.0003837505937553942	0.0
-6.903527749457794e-11	0.0
-0.0020416381303220987	0.0
0.0	0.0
-0.0007484082016162574	0.0
-0.000772873405367136	0.0
0.0	0.0
0.0	0.0
-0.00026038536452688277	0.0
0.0	0.0
0.0	0.0
-2.9378281851677457e-06	0.0
0.0	0.0
-3.1389467949338723e-06	0.0
0.0	0.0
0.0	0.0
-6.796737579861656e-06	0.0
0.0	0.0
-0.0004282624286133796	0.0
-0.005196885671466589	0.0
-0.00025717660901136696	1.0
-3.262774771428667e-05	0.0
0.0	0.0
0.0	0.0
0.0	0.0
0.0	0.0
0.0	0.0
-0.0027797215152531862	0.0
0.0	0.0
0.0	0.001
0.0	0.0
0.0	0.0
-0.03008028119802475	0.0
-0.0095143998041749	0.0
0.0	0.001
0.0	0.0
0.0	0.0
0.0	0.0
0.0	0.0
-6.0002053032803815e-06	0.0
-0.019643470644950867	0.0
-6.876675342937233e-06	0.0
-0.0036725993268191814	0.0
0.0	0.0
0.0	0.0
0.0	1.0
-0.006626032292842865	0.0
0.0	0.0
-1.0659171323368355e-09	0.0
0.0	0.0
0.0	0.0
0.0	0.0
0.0	1.0
-0.0009830662747845054	1.0
0.0	0.0
0.0	0.0
-2.4256652977783233e-05	0.0
0.0	0.0
-2.7627939402918855e-07	0.0
0.0	0.0
0.0	0.0
0.0	0.0
0.0	1.0
0.0	1.0
-1.4394246136362199e-05	1.0
0.0	0.0
0.0	1.0
-0.004840206820517778	0.0
0.0	0.0
-0.00010675630619516596	0.0
-0.003014940768480301	0.0
0.0	0.0
-3.0537583484147035e-07	0.0
-0.004339347127825022	0.0
0.0	0.0
-4.911503310722765e-06	0.0
-3.217427365598269e-05	0.0
0.0	0.0
0.0	0.0
0.0	0.0
0.0	0.0
0.0	0.0
-0.00011879843805218115	0.0
-4.8833462642505765e-05	0.0
0.0	0.0
0.0	0.0
0.0	0.0
0.0	0.0
-0.0029968738090246916	0.0
0.0	0.0
-0.00034736734232865274	0.0
0.0	0.0
0.0	0.0
0.0	0.0
0.0	0.0
0.0	0.0
0.0	0.0
0.0	0.0
0.0	0.0
0.0	0.0
0.0	0.0
0.0	0.0
-0.015916690230369568	0.0
0.0	0.0
0.0	0.0
0.0	0.0
0.0	0.0
0.0	0.0
0.0	0.0
-4.168364853285311e-08	0.0
0.0	0.0
0.0	0.0
0.0	0.0
0.0	0.0
0.0	0.0
-0.017051031813025475	0.0
-0.001921524410136044	0.0
0.0	0.0
-0.0028693361673504114	0.0
0.0	0.0
-0.02296428754925728	0.0
0.0	0.0
0.0	0.111
-1.018001739794272e-06	0.111
-5.426160896604415e-06	0.0
-0.00026090984465554357	0.0
-3.999182445113547e-05	0.0
-6.987200436014973e-07	0.0
0.0	0.0
-4.5717155444435775e-05	0.0
0.0	0.0
-9.093074626598252e-10	0.0
-0.00017796400061342865	0.0
0.0	0.0
0.0	0.0
0.0	0.0
0.0	0.0
-0.0015916264383122325	0.0
0.0	0.0
0.0	0.0
0.0	0.0
-0.001196350553072989	0.0
0.0	0.0
-0.0004973626928403974	0.0
0.0	0.0
0.0	0.0
0.0	0.0
0.0	0.0
0.0	0.0
0.0	0.0
0.0	0.0
0.0	0.0
-0.0012606688542291522	0.0
-0.001428865478374064	0.0
0.0	0.0
0.0	0.0
0.0	0.0
-0.005134958773851395	0.0
0.0	0.0
-5.409617642726516e-06	0.0
0.0	0.0
0.0	0.0
0.0	0.0
-0.00029118958627805114	0.0
-0.0005425981362350285	0.0
0.0	0.0
-0.009393132291734219	0.0
-0.00019077007891610265	0.0
0.0	0.0
-8.979649246398935e-10	0.0
0.0	0.0
0.0	0.0
0.0	0.0
-8.002826845654454e-09	0.0
-0.0001737030252115801	0.0
-0.013152312487363815	0.0
0.0	0.0
-0.011626983061432838	0.0
0.0	0.0
-2.4877202520201536e-08	0.0
0.0	0.0
-6.093616320868023e-06	0.0
0.0	0.0
0.0	0.0
0.0	0.0
0.0	0.0
-0.0010411401744931936	0.0
0.0	0.0
0.0	0.0
0.0	0.0
0.0	0.0
0.0	0.0
0.0	0.0
0.0	0.0
-7.803767942959894e-08	0.0
-2.6918712592305383e-08	0.0
-3.16988717941058e-07	0.0
-3.204343734797277e-10	0.0
0.0	0.0
0.0	0.0
0.0	0.338
0.0	0.338
-0.005817700177431107	0.0
0.0	0.0
-1.3631628048571542e-09	0.0
-0.00023291677644010633	0.0
0.0	0.0
-8.374584012926789e-07	0.0
0.0	0.338
0.0	0.0
0.0	0.338
-0.004021320957690477	0.0
0.0	0.338
-1.1522724463475242e-07	0.338
0.0	0.0
0.0	0.0
0.0	0.33901705115346037
-0.00021446659229695797	0.338
0.0	0.0
-9.126568329520524e-05	0.338
-0.00010288229532307014	0.338
0.0	0.338
-4.020992960818148e-08	0.0
0.0	0.0
-0.00033844111021608114	0.0
-0.0006620879285037518	0.0
-6.289955081228982e-07	0.0
0.0	0.0
0.0	0.0
-1.0608706588755012e-06	0.0
0.0	0.0
-7.49862449911376e-10	0.0
0.0	0.0
0.0	0.0
0.0	0.0
0.0	0.0
0.0	0.0
0.0	0.0
0.0	1.0
0.0	0.0
-2.773716687443084e-06	0.0
0.0	0.0
0.0	1.0
-0.002248730743303895	1.0
0.0	1.0
0.0	1.0
0.0	0.0
0.0	0.0
0.0	0.0
-0.0010954533936455846	0.0
0.0	0.0
0.0	0.0
0.0	0.0
0.0	0.0
-1.6056229412697576e-07	0.0
0.0	0.0
0.0	0.0
-3.532292612362653e-05	0.0
0.0	0.0
0.0	0.0
-9.805027623155382e-11	0.0
0.0	0.0
0.0	0.0
0.0	0.0
-0.0003543966740835458	0.0
0.0	0.0
0.0	0.0
-0.00114688859321177	0.0
0.0	0.0
-0.00017379714699927717	0.0
-0.09926469624042511	0.0
-0.00016706244787201285	0.0
0.0	0.03
-3.1225856218952686e-05	0.03
-0.0071500493213534355	0.0
-1.3299511920195073e-05	1.0
0.0	0.0
0.0	1.0
0.0	1.0
0.0	0.0
-1.9787694327533245e-07	1.0
-0.00019299134146422148	0.0
-1.549938275502427e-07	1.0
-0.0002568553318269551	0.0
0.0	0.0
0.0	0.0
0.0	0.0
0.0	0.001
0.0	0.001
-4.1355826397193596e-05	0.001
-4.363035714050056e-06	0.0
-0.00897174421697855	0.0
-1.695263129875002e-08	0.0
-0.00037046955549158156	0.0
-1.2447448170860298e-05	0.0
0.0	0.0
0.0	0.0
-2.456496440572664e-05	0.0
-0.0012817328097298741	0.0
-1.8246328059579042e-11	0.0
-0.0006424011662602425	0.0
-0.003056397894397378	0.0
-2.6200143111054786e-05	0.0
0.0	0.0
0.0	0.0
0.0	0.0
-0.00013823533663526177	0.0
-0.0002750387357082218	0.0
-4.121771053178236e-05	0.0
-1.0618196029099636e-05	0.0
-0.033462584018707275	0.0
-0.00036949178320355713	1.0
0.0	0.0
0.0	0.0
0.0	0.0
-0.01048372033983469	0.0
0.0	0.0
-0.0005252431146800518	0.0
-1.2344003152975347e-07	0.0
0.0	0.0
0.0	0.0
0.0	0.0
-6.075849523767829e-05	0.0
0.0	1.0
0.0	1.0
-0.008746011182665825	0.0
0.0	0.0
0.0	1.0
0.0	0.0
-0.001255342154763639	0.0
-6.818696302035576e-11	0.0
0.0	0.0
-0.00021778405061922967	0.0
-0.0028619766235351562	0.0
0.0	0.0
-0.0013113223249092698	0.0
0.0	0.0
0.0	0.0
-3.7323297874536365e-05	0.0
-3.724363341461867e-05	0.0
0.0	0.0
-0.0021093639079481363	0.0
-0.00016608160512987524	0.0
0.0	0.0
0.0	0.0
0.0	0.0
0.0	0.0
0.0	0.0
0.0	0.0
-0.002073363633826375	0.0
-0.00047216450911946595	0.0
-5.108378786644607e-07	0.0
-4.5191353592599626e-07	0.0
-5.664341006195173e-05	0.0
-3.4985746424354147e-06	0.0
-0.0021604932844638824	0.0
-0.0010552936000749469	0.0
-6.371719337039394e-06	0.0
-2.633144535746368e-10	0.0
-0.0016077618347480893	0.0
0.0	0.0
-1.4542340522893937e-06	0.0
0.0	0.0
0.0	0.0
-0.0011594360694289207	0.0
0.0	0.0
-0.019577594473958015	0.0
