-0.001391546567901969	0.0
-1.7079049285939618e-08	0.0
0.0	0.0
-0.0006429326604120433	0.0
0.0	0.0
-0.0015337009681388736	0.0
0.0	0.0
0.0	0.0
-1.435448439224274e-06	0.0
0.0	0.0
0.0	0.0
-0.0001956178602995351	0.0
-0.0008871597819961607	0.0
-0.004462251905351877	0.0
0.0	0.0
-0.007184838876128197	0.0
0.0	0.0
-0.006664616521447897	0.0
0.0	0.0
0.0	0.0
0.0	0.0
-0.00011878244549734518	0.0
0.0	0.0
-0.011811364442110062	0.0
-1.2506229722930584e-05	0.0
-0.006433494854718447	0.0
0.0	0.0
-5.123171843558045e-16	0.0
0.0	0.0
0.0	0.0
0.0	0.0
0.0	0.0
-1.5362523536274764e-12	0.0
-0.0009739481029100716	0.0
-0.0023341551423072815	0.0
-0.0004013075667899102	0.0
0.0	0.0
0.0	0.0
0.0	0.0
0.0	1.0
0.0	0.0
-1.0590002830213052e-07	0.0
0.0	0.0
0.0	0.0
0.0	0.0
-0.0033356514759361744	0.0
-9.793573553906754e-05	0.0
0.0	0.0
0.0	0.0
0.0	0.0
0.0	0.0
0.0	0.0
0.0	0.0
-4.022650212931467e-09	0.0
0.0	0.0
0.0	1.0
-7.567437023681123e-07	1.0
0.0	0.0
-0.0030337898060679436	0.0
0.0	0.0
-3.526352156768553e-05	0.0
-0.018069403246045113	0.0
0.0	0.0
-0.0040701692923903465	0.0
-0.0003551205445546657	0.0
0.0	0.0
0.0	0.0
-1.0450867904410188e-07	0.0
-0.013906032778322697	0.0
-8.818347123451531e-05	0.0
0.0	0.0
0.0	0.0
-3.8771455024289025e-07	0.0
0.0	0.0
-0.0026954486966133118	0.0
0.0	0.0
0.0	0.0
-0.0003398273547645658	0.0
-2.39631674503471e-07	0.0
0.0	0.0
-3.7564063859463204e-06	0.0
-0.0032155208755284548	0.0
0.0	0.0
-1.2062276177893239e-10	0.0
0.0	0.0
-0.006135618779808283	0.0
-2.1316074594324164e-07	0.0
0.0	0.0
-1.7168218619190156e-05	0.0
-1.6191889073979837e-07	0.0
0.0	0.054
0.0	0.054
-0.0015796138904988766	0.0
0.0	0.0
0.0	1.0
-0.0010699217673391104	0.0
-4.8809983127284795e-05	0.0
-0.001318458467721939	0.0
-0.011344910599291325	0.0
0.0	0.0
0.0	0.0
-5.107690412842203e-06	0.054
0.0	0.054
-3.950688551412895e-06	0.0
0.0	0.0
0.0	0.0
0.0	0.0
0.0	0.0
0.0	0.0
-2.952508111775387e-06	0.0
-0.01701447181403637	0.0
0.0	0.0
0.0	0.984
-1.7536847735755146e-05	0.984
-4.640246697817929e-05	0.0
-1.929267637024168e-05	0.0
-0.00040787982288748026	0.984
-0.0004478222399484366	0.0
-1.1525153809088806e-07	0.984
-0.0031723324209451675	0.0
-3.91488429158926e-05	0.0
-0.03109709732234478	0.0
-0.006662978325039148	0.0
-0.003251015907153487	0.0
-0.07964994758367538	0.0
0.0	0.0
0.0	0.0
-1.5848703696974553e-05	0.0
0.0	1.0
0.0	0.0
0.0	0.0
0.0	0.0
-0.0007895390735939145	0.0
0.0	0.0
-2.1710853947976005e-10	0.0
-3.744394052773714e-05	0.0
-2.6624097699823324e-06	0.0
0.0	0.0
-1.2680246186391742e-07	0.0
-1.0897922493313672e-06	0.0
0.0	0.0
-0.0017652430105954409	0.0
0.0	0.0
0.0	0.0
0.0	0.0
0.0	0.0
0.0	0.0
-2.675763222104166e-10	0.0
0.0	0.0
-1.7414893136447063e-06	0.0
0.0	0.0
0.0	0.0
0.0	0.0
0.0	0.0
0.0	0.0
-0.0009216981125064194	1.0
-3.691146048367955e-05	0.0
-0.00025668073794804513	0.0
0.0	0.0
-0.006939693354070187	0.0
0.0	0.0
0.0	0.0
-0.0002869586169254035	0.0
-0.007237431593239307	0.0
0.0	1.0
-0.0002466446894686669	0.0
-0.0073353624902665615	0.0
0.0	0.0
0.0	0.0
-0.0009769530734047294	0.0
0.0	0.171
0.0	0.171
-0.00025517080212011933	0.171
0.0	0.171
-0.0027868314646184444	0.0
-4.3588846892816946e-05	0.0
0.0	0.001
0.0	0.0
-5.422703175383958e-09	0.001
-0.0029790836852043867	0.0
0.0	0.0
0.0	0.0
0.0	0.0
0.0	0.0
-5.0204647550344816e-08	0.0
-0.0007393775158561766	0.0
-9.054138354258612e-05	0.0
-0.0006138753378763795	0.0
-0.0039283051155507565	0.0
-0.00020362608483992517	0.0
0.0	0.0
0.0	0.0
0.0	0.0
0.0	0.0
-0.0011043132981285453	0.0
-0.003780849976465106	0.0
-0.00089921714970842	0.0
0.0	0.0
-0.004589265212416649	0.0
0.0	0.0
-0.0011032670736312866	0.0
0.0	0.0
0.0	0.0
0.0	0.0
0.0	0.0
0.0	0.0
-0.00016052828868851066	0.0
-3.308193718964958e-09	0.0
0.0	0.0
0.0	0.0
0.0	0.0
0.0	0.0
0.0	0.0
0.0	0.0
-0.0005143737071193755	0.0
0.0	0.0
0.0	0.0
-3.034746077901218e-05	0.0
0.0	0.0
0.0	0.0
-0.0002943461004178971	0.0
0.0	0.0
-0.0030332845635712147	0.0
-5.8356970839668065e-05	0.0
0.0	0.0
0.0	0.0
0.0	0.0
0.0	0.0
-0.015427256934344769	0.0
-0.0031104781664907932	0.0
-0.00038725032936781645	0.0
-0.0004530753067228943	0.0
0.0	0.0
-0.004530330188572407	0.0
-0.008584881201386452	0.0
-4.396502117742784e-05	0.0
0.0	0.0
0.0	0.0
0.0	1.0
0.0	0.0
0.0	0.0
0.0	0.0
0.0	0.0
0.0	0.0
0.0	0.0
-0.08197364956140518	0.0
0.0	0.0
-1.8695589460548945e-05	0.0
0.0	0.0
0.0	0.0
0.0	0.0
0.0	0.0
-9.910045628203079e-05	0.0
0.0	0.0
0.0	0.0
-2.358545145852986e-07	0.0
-0.0008562583243474364	0.0
0.0	0.0
0.0	0.0
-2.302482926097582e-06	0.0
0.0	0.0
-0.005428335163742304	0.0
-0.0021361466497182846	0.0
-0.00616117101162672	0.0
0.0	0.171
-0.008343297988176346	0.0
-1.4438112164172345e-12	0.171
0.0	0.0
0.0	0.0
0.0	0.0
0.0	0.0
0.0	0.0
0.0	0.0
0.0	0.0
-9.579541074344888e-05	0.0
0.0	0.0
-0.0006067360518500209	1.0
0.0	1.0
0.0	0.0
0.0	0.0
-0.00268742348998785	0.0
-1.2075688005097618e-08	0.0
0.0	0.0
0.0	0.0
0.0	0.0
0.0	0.0
0.0	1.0
-0.018905039876699448	0.0
0.0	1.0
-0.00014135483070276678	1.0
-0.0006142286583781242	0.0
0.0	1.0
-0.0007205685833469033	0.0
-0.01383261289447546	0.0
-2.3027976112643955e-06	0.0
0.0	0.0
0.0	0.0
0.0	0.0
-2.710913804548909e-06	0.0
0.0	0.0
0.0	1.0
0.0	0.0
-4.597747101797722e-05	0.004
-0.016015006229281425	0.0
-0.00046729700989089906	0.004
0.0	0.0
-6.232262239791453e-05	0.0
0.0	0.0
-0.006072479300200939	0.0
-0.005270842928439379	0.0
0.0	1.0
0.0	0.0
0.0	0.0
0.0	0.0
0.0	0.0
-2.6569758119876496e-05	0.0
0.0	0.0
-5.63157463370767e-12	0.0
0.0	0.0
0.0	0.0
-0.0002246710646431893	0.0
-6.725663843099028e-05	0.0
-0.0001294601388508454	0.0
0.0	0.0
0.0	0.0
-7.696722370553744e-09	0.0
0.0	0.0
0.0	0.0
0.0	0.0
0.0	0.0
-7.964035830809735e-06	0.0
0.0	0.0
0.0	0.0
-0.0006313135963864625	0.0
-3.470194087640266e-06	0.0
0.0	0.0
0.0	0.0
-3.8274666029343256e-15	0.0
-4.9870584916789085e-05	0.0
0.0	0.0
-0.0034909227397292852	0.0
0.0	0.0
0.0	0.0
0.0	0.0
-0.0037456585559993982	0.0
0.0	0.0
-0.0007503705564886332	0.0
-0.0008920922409743071	0.0
0.0	0.0
0.0	0.0
0.0	0.0
0.0	0.0
0.0	0.0
0.0	0.0
0.0	0.0
0.0	0.0
-0.029322436079382896	0.0
0.0	0.0
-0.002332690404728055	0.0
-0.0005767514812760055	1.0
0.0	0.0
-1.631539348068145e-10	1.0
0.0	0.0
0.0	0.0
0.0	0.0
0.0	1.0
0.0	1.0
-2.2850764480608632e-07	0.0
0.0	0.0
0.0	0.0
-1.6485572018609673e-08	0.0
0.0	0.0
-0.0012932105455547571	0.0
0.0	0.0
0.0	0.0
0.0	0.0
-1.1058625204896089e-05	0.0
0.0	0.0
0.0	0.0
0.0	0.0
-9.737177606439218e-06	0.0
-0.00014303266652859747	0.0
0.0	0.0
0.0	0.0
0.0	0.0
0.0	0.0
0.0	0.0
0.0	0.0
-0.00884112250059843	0.0
-0.002867564093321562	0.0
-9.085216468029955e-10	0.0
-0.008642541244626045	0.0
0.0	0.0
-0.02617953158915043	0.0
-4.5450995744822364e-10	0.0
-6.992744602030143e-06	0.0
0.0	0.0
0.0	0.0
0.0	0.0
-1.0023796903624316e-08	0.0
-0.0007706302567385137	0.0
0.0	0.0
-1.6605195924057625e-05	0.0
0.0	0.0
-1.20013421422982e-08	0.0
0.0	0.0
-0.0016694969963282347	0.0
0.0	0.0
0.0	0.0
0.0	0.0
-0.00012033824168611318	0.0
-2.9438383535307366e-06	0.0
0.0	0.0
0.0	0.0
-0.0010384197812527418	0.0
0.0	0.0
-4.241918941261247e-05	0.0
0.0	0.0
-0.00015118571172934026	0.0
0.0	0.0
-8.774324176301709e-14	0.0
0.0	0.0
-1.352504455098824e-07	0.0
-1.0178880984312855e-05	0.0
0.0	0.0
0.0	0.0
0.0	0.0
-1.760255372573738e-07	0.0
0.0	0.0
-0.005451292730867863	0.0
-0.08026482909917831	0.0
0.0	0.0
-1.1721876802539555e-07	0.0
-0.006290225312113762	0.0
0.0	0.0
-0.005939215887337923	0.0
-4.30961990787182e-05	0.0
0.0	0.0
0.0	0.0
0.0	0.0
0.0	0.0
-0.0001516446063760668	0.0
0.0	0.0
-0.005285150837153196	0.0
-0.008838169276714325	0.0
-6.887351419671212e-16	0.0
-3.1520501124759903e-06	0.0
0.0	0.0
0.0	0.0
-9.382895241344e-16	0.0
0.0	0.0
-8.376331948056759e-07	0.0
-0.0022194604389369488	0.0
0.0	0.0
0.0	0.0
-0.00015414210793096572	0.0
0.0	0.0
-3.1929416888232254e-09	0.0
0.0	0.0
0.0	0.0
0.0	0.0
0.0	0.0
-0.0003123753995168954	0.0
0.0	0.0
-0.0009015067480504513	0.0
-0.00012414218508638442	0.0
0.0	0.0
0.0	0.0
0.0	0.0
-7.4477675298112445e-06	0.0
0.0	0.0
0.0	0.0
-0.003469416406005621	0.0
0.0	0.0
0.0	0.0
-0.0025356330443173647	0.0
-1.3917166974408701e-08	0.0
0.0	0.0
0.0	0.0
0.0	0.0
-0.0033868944738060236	0.0
-0.0002586274640634656	0.0
0.0	0.0
-0.0013206006260588765	0.0
0.0	0.0
-0.0007846629014238715	0.0
0.0	0.0
0.0	0.0
0.0	0.0
0.0	0.0
-3.273775632806064e-07	0.0
0.0	0.0
-0.0006761524127796292	0.0
0.0	0.0
-4.596992766892072e-06	0.0
-0.00421379879117012	0.0
0.0	0.0
0.0	0.0
0.0	1.0
-8.526491910743061e-06	0.0
-0.0003350952174514532	0.0
-1.3098909903419553e-06	1.0
-4.062334824084246e-07	0.016
-3.5255844466064445e-08	0.0
0.0	0.0
0.0	0.0
0.0	0.0
0.0	0.0
-8.152039185915783e-07	0.0
-2.3649015190585487e-07	0.0
0.0	0.0
0.0	0.0
0.0	0.0
0.0	0.0
0.0	0.0
0.0	0.0
0.0	0.0
-0.0008816816261969507	0.0
0.0	0.0
-2.505174052203074e-05	0.0
-4.66822980271786e-09	0.0
0.0	0.0
0.0	0.0
-0.04237234964966774	0.0
-4.667900066124275e-05	0.0
0.0	0.0
0.0	0.0
0.0	0.0
-0.024975962936878204	0.002
-9.125533688347787e-05	0.0
0.0	0.0
0.0	0.0
-0.002162857446819544	0.0
-0.003093393985182047	0.0
-0.04934787005186081	0.0
0.0	0.0
-0.00031586800469085574	0.0
0.0	0.0
0.0	0.0
0.0	0.0
0.0	0.0
0.0	0.0
0.0	0.0
0.0	0.0
-0.00031129003036767244	0.0
0.0	0.0
-0.00033492688089609146	0.0
-1.7697895600576885e-05	0.0
0.0	0.0
-0.00020634847169276327	0.0
0.0	0.0
0.0	0.0
0.0	0.0
0.0	0.0
-0.0006950508686713874	0.0
-1.9367611457710154e-05	0.0
-0.0015112967230379581	0.0
0.0	0.0
0.0	0.0
-0.0018349088495597243	0.0
0.0	0.0
0.0	0.0
-0.00017270415264647454	0.0
-0.0034846861381083727	0.0
0.0	0.0
0.0	0.0
-1.3705611756620328e-08	0.0
0.0	0.0
0.0	0.0
0.0	0.0
0.0	0.0
0.0	0.0
0.0	0.0
0.0	0.0
0.0	0.0
-9.641046926844865e-05	0.0
0.0	0.0
-0.0003492819960229099	0.0
0.0	0.0
-0.001474234857596457	0.0
0.0	0.0
0.0	0.0
0.0	0.0
-0.0046117790043354034	0.0
0.0	1.0
-0.00012120215251343325	1.0
-0.002051318297162652	0.0
-1.6165629858733155e-05	0.0
0.0	1.0
0.0	0.0
0.0	0.0
0.0	0.0
0.0	0.0
-0.00019207624427508563	0.0
0.0	0.0
0.0	0.0
-0.003335475455969572	0.0
-0.003884623060002923	0.0
-1.8488437490304932e-05	0.0
0.0	0.0
-0.002501951064914465	0.0
-8.32261321193073e-06	0.0
-9.001223952509463e-05	0.0
0.0	0.0
-0.0010442165657877922	0.0
0.0	0.0
0.0	0.0
0.0	0.0
0.0	0.0
-0.0001290288200834766	0.0
-0.0005699090543203056	0.0
-1.0520973773964215e-05	0.0
-0.0002394720067968592	0.0
-0.006777737755328417	0.0
-4.2229581595165655e-05	0.0
0.0	0.0
0.0	0.0
-0.002321324311196804	0.0
0.0	0.0
-0.0046568759717047215	0.0
-0.0006368841859512031	0.0
0.0	0.0
-2.3612042241438758e-06	0.0
0.0	0.0
-0.0006768557359464467	0.0
-0.0018191863782703876	0.0
0.0	0.0
0.0	1.0
-0.0002759824856184423	0.0
0.0	0.0
-4.464773795120891e-08	0.0
-0.0025244622956961393	0.0
0.0	0.0
-6.186693553900113e-06	1.0
0.0	1.0
-1.4781780919292942e-05	0.0
-0.0007645144942216575	1.0
-7.497457409044728e-05	0.0
0.0	1.0
-0.00039061447023414075	0.0
-0.0001785486820153892	0.0
0.0	0.0
0.0	0.0
0.0	0.0
-1.4120207225687409e-08	0.0
-9.586401574779302e-05	0.0
0.0	1.0
0.0	1.0
-0.004137418698519468	0.0
0.0	0.0
0.0	0.0
0.0	0.0
0.0	0.0
0.0	0.0
-0.011587257497012615	0.0
0.0	0.0
-0.00044942423119209707	0.0
-0.0164533369243145	0.0
0.0	0.0
0.0	0.0
0.0	0.0
-0.0004592886252794415	0.0
-2.0485422282945365e-05	0.0
-0.006743432953953743	0.0
-0.0005909434985369444	0.0
0.0	0.0
0.0	0.0
0.0	0.0
-0.02492055669426918	0.0
0.0	0.0
0.0	0.0
0.0	0.0
0.0	0.0
0.0	0.0
-0.004344153683632612	0.0
-1.348200157735846e-06	0.0
0.0	0.0
-0.0008761208737269044	0.0
0.0	0.006
0.0	1.0
-0.001414888072758913	0.006
0.0	1.0
-0.012287633493542671	0.0
0.0	0.0
0.0	0.0
-0.000570920470636338	0.0
0.0	0.0
0.0	0.0
0.0	0.0
-2.661575490492396e-05	0.0
0.0	0.0
-0.0004016932798549533	0.0
0.0	0.0
0.0	0.0
0.0	0.0
-0.0073914495296776295	0.0
0.0	0.0
-5.220471166467178e-07	0.0
-2.116915857186541e-05	0.0
-0.0003167213289998472	0.0
-0.004090011119842529	0.0
0.0	0.0
0.0	0.0
-0.0005485753063112497	0.0
0.0	0.0
-0.0014781281352043152	0.0
0.0	0.0
0.0	0.0
0.0	0.0
0.0	0.0
0.0	0.0
-0.0015034805983304977	0.0
0.0	0.0
0.0	0.0
0.0	1.0
0.0	1.0
0.0	0.0
-8.790779975242913e-05	0.0
-0.0004392047703731805	0.0
0.0	0.0
0.0	0.001
-6.7231587763672e-07	0.0
-0.001774648088030517	0.0
-4.3154621380381286e-05	0.0
-0.0001258267875527963	0.0
0.0	0.0
-0.0010695173405110836	0.0
-0.011426868848502636	0.0
0.0	0.0
0.0	0.0
-1.908698322949931e-06	0.0
0.0	0.0
0.0	0.0
0.0	0.0
-0.010255644097924232	0.0
-4.664134634069228e-10	0.0
0.0	0.0
0.0	0.0
0.0	0.0
0.0	0.0
0.0	0.0
0.0	0.0
0.0	0.0
0.0	0.0
-3.452535679571156e-07	0.0
0.0	0.0
-4.944996817357605e-06	0.0
-1.4241687722460483e-06	0.0
0.0	0.0
0.0	0.0
-0.001481875078752637	0.0
0.0	0.0
0.0	1.0
0.0	0.0
0.0	0.0
-4.202511718176538e-06	1.0
0.0	0.0
-5.850098183657337e-11	1.0
-0.009993517771363258	0.0
0.0	0.0
0.0	1.0
-0.0007225921144708991	0.0
-2.001105713134166e-06	0.0
0.0	0.0
-3.531593756633811e-05	1.0
0.0	0.0
0.0	0.0
0.0	0.0
0.0	0.0
0.0	0.0
-0.002081469399854541	0.0
-0.0017626385670155287	0.0
-1.0177371478903297e-07	0.0
-8.845777301758062e-07	0.0
-1.6369610875699436e-06	1.0
0.0	0.0
-0.00026133577921427786	0.0
0.0	1.0
0.0	0.0
0.0	0.0
0.0	0.0
0.0	0.0
0.0	0.0
0.0	1.0
0.0	0.0
0.0	0.0
0.0	0.0
0.0	1.0
0.0	0.0
0.0	0.0
0.0	0.0
-0.0005351385334506631	0.0
-0.0006718274089507759	0.0
0.0	0.0
-0.0007580043165944517	0.0
0.0	0.0
0.0	0.0
0.0	0.0
-9.854002946951823e-09	0.0
0.0	0.001
0.0	0.0
-0.001924120238982141	0.0
0.0	0.0
-0.00039171837852336466	0.0
-4.9549836456108665e-11	1.0
-0.008374716155230999	0.0
-6.923008913872764e-05	0.0
-0.007196519523859024	0.0
0.0	1.0
0.0	0.0
0.0	0.0
-0.00010697987454477698	0.0
0.0	0.0
0.0	0.0
-0.00012558099115267396	0.0
-2.616338861116674e-07	0.0
0.0	0.0
0.0	0.0
0.0	0.0
-0.0007261596038006246	0.0
0.0	0.0
-0.0003415074897930026	0.0
0.0	0.0
0.0	0.0
-0.0009234945755451918	0.0
-0.004796522203832865	0.0
0.0	1.0
0.0	0.0
-8.891040579328546e-07	0.0
0.0	0.0
-0.000500425579957664	1.0
0.0	1.0
0.0	1.0
0.0	1.0
0.0	1.0
-0.000953342707362026	1.0
-0.0015324832638725638	1.0
-0.0020293963607400656	0.0
0.0	0.0
-0.004435865208506584	0.0
-2.1698444925277727e-06	0.0
-1.3274279245245602e-11	0.0
-0.001743268221616745	0.0
-3.890981315635145e-05	0.0
0.0	0.0
0.0	0.0
-0.0032362565398216248	0.0
-0.0004973039031028748	0.0
0.0	0.0
0.0	0.0
0.0	0.0
-2.6032732421299443e-05	0.0
0.0	0.0
-6.181233038660139e-05	0.0
-0.0003494925913400948	0.0
0.0	0.0
0.0	0.0
-0.0005938238464295864	1.0
0.0	0.0
-3.291586835985072e-06	0.0
0.0	0.0
-8.320836286657141e-07	0.0
0.0	0.0
-0.0005833709146827459	0.0
0.0	0.0
0.0	0.0
0.0	0.0
0.0	0.0
0.0	0.0
0.0	0.0
0.0	0.0
-0.0001089377619791776	0.0
0.0	0.0
-3.2494673618543857e-10	0.0
-0.00012316255015321076	0.0
0.0	0.0
0.0	0.0
0.0	1.0
0.0	0.0
-0.002436487702652812	0.0
0.0	0.0
-2.8886645395687083e-06	0.0
-3.3715782166154895e-08	0.0
-0.0017721327021718025	0.0
-1.950140131157241e-06	0.0
-0.00010927188850473613	0.0
