0.0	0.0
0.0	1.0
0.0	1.0
-0.0006327509181573987	1.0
0.0	1.0
0.0	1.0
0.0	0.0
0.0	0.0
-0.006316299084573984	0.0
-8.142073056660593e-06	0.0
0.0	0.0
0.0	0.0
-0.0003311920736450702	0.0
0.0	0.0
-0.0005562520818784833	0.0
0.0	0.0
0.0	1.0
-0.002561837900429964	0.0
0.0	0.0
0.0	0.0
-3.92566912310599e-09	0.0
0.0	0.0
0.0	0.0
0.0	0.0
0.0	0.0
-0.00041114402120001614	0.0
-0.00012913873069919646	0.0
-0.0015041359001770616	0.0
-0.0010426067747175694	0.0
0.0	0.0
0.0	0.0
0.0	0.0
-0.014992556534707546	0.0
0.0	1.0
0.0	1.0
0.0	0.0
-0.00030880942358635366	0.0
-4.371719697360277e-08	0.0
0.0	0.0
-0.004446375649422407	0.0
0.0	0.0
0.0	0.0
0.0	0.0
-0.00028971073334105313	1.0
0.0	1.0
-0.0033939757850021124	0.0
-0.008234250359237194	0.0
-0.0582415834069252	0.0
0.0	0.0
-1.6629748245122755e-07	0.0
-6.26814426141209e-06	0.0
0.0	0.0
-1.6836326777180943e-10	0.0
0.0	0.0
-3.3460677514085546e-05	0.0
-1.7310492239630548e-06	0.0
0.0	0.0
-0.0002761440700851381	0.0
0.0	0.0
0.0	0.0
-3.086721335421316e-05	0.0
-3.7641300878021866e-05	0.0
-0.00011078646639361978	0.0
-0.0012496436247602105	0.0
0.0	0.0
-0.016180703416466713	0.0
0.0	0.0
0.0	0.0
-0.00010591925092739984	0.0
0.0	0.0
0.0	1.0
-0.002846240298822522	0.0
0.0	0.0
0.0	1.0
0.0	0.0
0.0	0.0
-0.001482288702391088	0.0
0.0	0.0
0.0	0.0
0.0	0.0
-0.0012502946192398667	0.0
-1.3971117596156546e-07	0.005
0.0	0.0
-0.0013179632369428873	0.0
-1.6839355498660287e-14	0.0
0.0	0.0
0.0	0.0
0.0	0.0
0.0	1.0
0.0	1.0
-0.003592542139813304	0.0
0.0	0.0
-9.056710936761192e-10	0.0
0.0	0.0
0.0	0.0
0.0	0.0
0.0	0.0
-0.0009458603453822434	0.0
-0.01236899197101593	0.0
0.0	0.0
-0.00010864850628422573	0.0
0.0	0.0
0.0	0.0
0.0	0.013
0.0	0.013
0.0	0.0
0.0	0.0
0.0	0.013
-2.1339614875159896e-07	0.0
-0.0010261968709528446	0.013
-1.7589783965377137e-05	0.0
0.0	0.0
-0.00046059457235969603	0.0
-0.0030468739569187164	0.0
0.0	0.0
0.0	0.0
-1.2829474371756078e-06	0.003
-8.923052519094199e-06	0.0
-1.4621768684719427e-08	0.0
0.0	0.0
-0.005796348210424185	0.0
-8.810678082227241e-06	0.0
0.0	0.0
0.0	0.0
-0.002215503714978695	0.947
0.0	0.0
0.0	0.0
-0.0005741463392041624	0.0
-0.00025125258252955973	0.947
0.0	0.947
-0.00481338519603014	0.0
0.0	0.0
0.0	0.0
0.0	0.0
0.0	0.0
0.0	0.0
0.0	0.0
-0.00024866824969649315	0.0
0.0	0.0
0.0	0.0
-0.001883881981484592	0.0
0.0	0.0
-1.0923964509856887e-05	0.0
-0.0014669557567685843	0.0
-0.0002036643127212301	0.0
-0.0031638648360967636	0.0
0.0	0.0
-0.0010547764832153916	0.0
-1.9800052541540936e-05	0.0
0.0	0.0
0.0	0.0
0.0	0.0
0.0	0.0
-0.0020217536948621273	0.0
-0.002224941039457917	0.0
0.0	0.0
0.0	0.0
0.0	0.0
0.0	0.0
0.0	0.0
0.0	0.0
0.0	0.0
0.0	0.0
-6.850581485196017e-06	0.0
-0.00023024842084851116	0.0
0.0	0.0
0.0	0.0
-0.0182657428085804	0.0
-0.0012202545767650008	0.0
-0.0003973388229496777	0.0
0.0	0.0
-1.9316303223604336e-07	0.0
-0.00848285760730505	0.0
0.0	0.0
0.0	0.0
0.0	0.0
0.0	0.0
0.0	0.0
-9.178084292216226e-05	0.0
-2.0114931942316616e-08	0.0
0.0	0.0
0.0	0.0
0.0	1.0
-4.79260006613913e-06	1.0
0.0	1.0
-4.222115134927865e-18	1.0
0.0	1.0
0.0	1.0
-0.00012609752593562007	0.0
0.0	1.0
-0.012410766445100307	0.0
0.0	0.0
-2.387644826740143e-06	0.0
-0.0024204221554100513	0.0
-0.00011528337927302346	0.0
0.0	0.0
0.0	0.0
-0.0006076282006688416	0.0
-0.0038762222975492477	0.0
0.0	1.0
0.0	1.0
0.0	0.0
0.0	0.0
-1.1098474317350338e-07	0.0
-0.0006146062514744699	0.0
-0.000353832496330142	0.0
0.0	0.0
0.0	0.0
-3.0382301702047698e-05	0.0
0.0	0.0
-0.007111824117600918	0.0
0.0	0.0
-0.0010096629848703742	0.071
0.0	0.0
-0.0013955540489405394	0.071
0.0	0.0
-3.6444038414629176e-05	0.071
-0.00016503717051818967	0.0
0.0	0.071
0.0	0.0
0.0	0.071
-0.00044934864854440093	0.071
-0.0007759162690490484	0.0
0.0	0.0
-0.000781714974436909	0.0
0.0	0.0
0.0	0.0
0.0	0.0
0.0	0.0
0.0	0.0
0.0	0.0
-9.829923328652512e-07	0.0
-4.740507847600384e-06	0.0
-0.0006202020449563861	0.0
0.0	0.0
-1.6226666048169136e-05	0.0
-0.020321400836110115	0.0
-0.0001431784185115248	0.0
0.0	0.0
0.0	0.0
-5.19921798058931e-07	0.0
0.0	0.0
-0.0021761965472251177	0.0
0.0	0.0
0.0	0.0
0.0	0.0
-2.114195558533538e-05	0.0
-0.007170152850449085	0.0
0.0	0.0
-0.001999338623136282	0.0
-1.6902095001380957e-10	0.0
0.0	0.0
0.0	0.0
-7.024993209370223e-08	0.0
-5.9175959904678166e-05	0.0
-0.00012917860294692218	0.0
-9.766440598468762e-07	0.0
0.0	0.0
-1.5924974832159933e-06	0.0
0.0	0.0
0.0	0.0
0.0	0.0
-2.7962475002141218e-08	0.0
-6.494556146208197e-06	0.0
-2.4832793314999435e-06	0.0
0.0	0.0
0.0	0.0
0.0	1.0
0.0	0.0
0.0	0.0
-0.06661014258861542	0.0
0.0	0.0
-0.00013835896970704198	0.0
0.0	0.0
-1.4801276847720146e-05	0.0
0.0	0.0
-0.001666160416789353	0.0
0.0	0.0
0.0	0.0
0.0	0.0
-0.0011429471196606755	0.0
0.0	0.0
0.0	0.0
0.0	0.0
0.0	0.0
0.0	0.0
0.0	0.0
0.0	0.0
-0.013023559004068375	0.0
0.0	0.0
-4.693981168202299e-07	0.0
-0.0008332596044056118	0.0
0.0	0.0
0.0	0.0
0.0	0.0
0.0	0.0
0.0	1.0
0.0	1.0
0.0	1.0
-2.1419412910006486e-09	0.0
0.0	0.0
0.0	0.0
0.0	0.0
0.0	0.0
0.0	0.0
-8.785827390056511e-07	0.001
0.0	0.0
0.0	0.0
0.0	0.237
0.0	0.0
-0.0003657287743408233	1.0
0.0	0.0
0.0	1.0
0.0	1.0
0.0	0.0
0.0	1.0
-8.506181869982754e-11	0.0
0.0	0.0
0.0	0.0
0.0	0.0
0.0	0.0
-0.0021573042031377554	0.0
-0.0011909448076039553	0.0
0.0	0.0
0.0	0.0
0.0	0.0
-9.446141120861284e-06	0.0
0.0	0.0
-0.002639233833178878	0.0
0.0	0.0
-0.0066589112393558025	0.0
0.0	0.0
0.0	0.0
-9.53098294731447e-11	0.0
0.0	0.0
0.0	0.0
-0.00015529674419667572	0.0
-1.3242163731774781e-05	0.0
-0.0023251536767929792	0.0
-0.004181995987892151	0.0
-0.0006101274630054832	0.0
-0.0011360645294189453	1.0
-8.146487380145118e-05	0.0
0.0	0.0
0.0	0.0
-0.002775725908577442	0.0
-5.5042750091161e-07	0.0
-0.0011638854630291462	0.0
-4.4048905692761764e-05	0.0
-4.464979213025799e-07	0.0
0.0	0.0
0.0	0.0
0.0	0.0
-0.0016872475389391184	0.0
-0.0030091896187514067	0.0
-0.008232686668634415	0.0
-5.275133503346296e-07	1.0
0.0	0.0
0.0	0.0
0.0	0.0
-6.699049117742106e-05	0.0
0.0	0.0
-0.0005648145452141762	0.0
0.0	0.0
0.0	0.0
0.0	0.0
0.0	1.0
-0.002646756125614047	0.0
-2.065799526462797e-05	0.0
0.0	0.0
0.0	0.0
-0.00022022916527930647	0.0
0.0	0.0
0.0	0.0
-0.0007816341239959002	0.0
0.0	0.0
-0.06264723837375641	0.0
0.0	0.0
0.0	0.0
-0.0015389350010082126	0.0
-1.236064144904958e-05	0.0
0.0	0.0
-0.000254789280006662	0.0
0.0	0.0
0.0	0.0
0.0	0.0
0.0	0.0
-2.563338625805045e-07	0.0
0.0	0.0
-2.641121000124258e-06	0.0
0.0	0.0
0.0	0.0
0.0	0.0
-4.9601978774349575e-11	0.0
-0.0001743546745274216	0.0
0.0	0.0
0.0	0.0
0.0	0.0
-1.3242646673461422e-05	0.0
-0.00022919803450349718	0.0
0.0	0.0
0.0	0.0
0.0	0.0
0.0	0.0
-0.0005183254834264517	1.0
0.0	0.0
0.0	0.0
0.0	1.0
-6.118799689147636e-08	0.0
0.0	0.0
0.0	0.0
0.0	0.0
-1.0803720584817711e-07	0.0
-1.885787952460305e-07	0.0
0.0	0.0
-0.011858041398227215	0.0
-0.011216659098863602	0.0
0.0	0.0
0.0	0.0
-0.001801466103643179	0.0
-3.902589924109634e-06	1.0
0.0	0.0
-4.637987910394159e-12	0.0
-0.0014964472502470016	0.0
0.0	0.0
0.0	0.0
-8.574010280426592e-05	0.0
-6.943956236682425e-07	0.0
-2.380796468059998e-05	0.0
0.0	0.0
0.0	0.0
-3.5465415049174e-09	0.0
0.0	0.0
0.0	0.0
0.0	0.0
-3.3881642593769357e-05	0.0
0.0	0.0
0.0	0.0
-1.4795373317610938e-05	0.0
0.0	1.0
0.0	0.0
0.0	0.0
0.0	0.0
-3.549217126419535e-06	0.0
-3.9498665671544586e-08	0.0
-0.0019000283209607005	0.0
-0.00020596635295078158	0.0
0.0	0.0
0.0	0.0
0.0	0.0
-1.79593484972429e-06	0.0
0.0	0.0
-0.00033846849692054093	0.0
0.0	1.0
0.0	0.0
0.0	0.0
0.0	0.0
-0.003910665400326252	0.0
0.0	0.0
0.0	0.0
0.0	0.0
-0.007500854786485434	0.0
0.0	0.0
0.0	0.0
-4.816098908566602e-12	0.0
0.0	0.0
0.0	0.0
0.0	0.0
0.0	0.0
-0.001095650950446725	0.0
-1.442541863738711e-09	0.0
0.0	0.0
0.0	0.0
0.0	0.0
-0.00018299056682735682	0.0
0.0	0.0
0.0	0.0
0.0	0.0
-8.429842273471877e-05	0.0
0.0	0.0
0.0	0.0
0.0	0.0
0.0	0.0
-0.0012236105976626277	0.0
0.0	0.001
0.0	0.0
-0.0012055087136104703	0.0
0.0	0.001
-0.0026145875453948975	0.0
0.0	0.0
0.0	0.001
-1.2020623785247153e-07	0.0
-0.0005930173210799694	0.0
-1.281667483254978e-08	0.0
-5.984494782751426e-05	0.0
0.0	0.0
0.0	0.0
-0.0007430742844007909	0.0
-0.002118895761668682	0.0
-0.0006661216029897332	0.0
0.0	0.0
0.0	0.0
0.0	0.0
0.0	0.0
-0.00016823617625050247	0.0
0.0	0.0
0.0	0.0
0.0	0.0
-0.002249784767627716	0.0
0.0	0.0
0.0	0.0
0.0	0.0
0.0	0.0
-2.857049707927217e-07	0.0
0.0	0.0
0.0	0.0
0.0	0.0
0.0	0.0
-0.0006213815067894757	0.0
-0.001672769314609468	0.0
0.0	0.0
0.0	0.0
-0.003054492874071002	0.0
-3.1503000741395226e-07	0.0
0.0	0.0
-3.1818432034924626e-05	0.0
0.0	0.0
-3.2826836104504764e-05	0.0
0.0	0.0
-0.00016665502334944904	0.0
-0.007133896928280592	0.0
0.0	0.0
0.0	0.0
0.0	0.0
0.0	0.0
0.0	0.0
-2.2585312763112597e-05	0.0
-0.0007318842690438032	0.0
0.0	0.0
0.0	0.0
0.0	0.0
-0.00198379741050303	0.0
-0.0007634145440533757	0.0
-0.01035950519144535	0.0
0.0	0.0
0.0	0.0
-0.002352474955841899	0.0
0.0	0.0
-3.7309769163051953e-10	0.0
-0.00027219479670748115	0.0
0.0	0.0
0.0	0.0
-0.00872440543025732	0.0
-0.0014563320437446237	0.0
-0.00434540631249547	0.0
0.0	0.053
0.0	0.0
0.0	0.0
-0.0002023275155806914	0.0
0.0	0.0
0.0	0.0
0.0	0.0
-4.32436308983597e-06	0.0
0.0	0.0
-0.000907319423276931	0.0
0.0	0.0
-0.000713231333065778	0.0
-1.344235215583467e-06	0.0
-0.005413816310465336	0.0
0.0	0.0
0.0	0.0
-0.000141107477247715	0.0
0.0	0.0
-0.004026683047413826	0.0
0.0	0.0
0.0	0.0
0.0	0.0
0.0	0.0
0.0	0.0
0.0	0.0
-0.011853835545480251	0.0
-2.3642423911951482e-06	0.0
0.0	0.0
-1.7155638488475233e-05	0.0
0.0	0.0
-0.004013605881482363	0.0
0.0	0.0
0.0	0.0
-0.0005608228966593742	0.0
0.0	0.0
0.0	0.0
-1.7358966486469285e-09	0.0
-0.0012040009023621678	0.0
0.0	0.0
0.0	0.0
0.0	0.0
0.0	0.0
-0.000681238598190248	0.0
0.0	0.0
-0.0007541037630289793	1.0
0.0	0.0
-3.961420358411516e-10	1.0
-0.012119750492274761	0.0
0.0	0.0
0.0	1.0
0.0	1.0
-5.534543743124232e-05	0.0
-1.7773649233276956e-05	0.0
-0.0001088593271560967	0.0
-6.893036470501102e-07	0.0
-0.00017279817257076502	0.0
0.0	1.0
-0.001267764950171113	0.0
0.0	1.0
0.0	1.0
-7.667321187909693e-05	0.0
0.0	1.0
-0.00023367530957330018	0.0
-0.01709769107401371	0.0
-0.0018443134613335133	1.0
0.0	1.0
0.0	0.0
0.0	1.0
0.0	0.0
0.0	1.0
0.0	0.0
-0.0004666813765652478	1.0
0.0	1.0
0.0	0.0
0.0	1.0
0.0	1.0
-0.007417171262204647	0.0
-2.5284778075729264e-06	0.0
0.0	1.0
0.0	1.0
0.0	0.0
0.0	1.0
0.0	1.0
0.0	0.0
0.0	0.0
-0.0001912875013658777	0.0
-0.005364497657865286	0.0
-0.0008107493631541729	0.0
0.0	0.0
0.0	0.0
0.0	0.0
0.0	0.0
0.0	0.0
-0.008033232763409615	0.0
0.0	0.0
0.0	0.0
-0.000786056334618479	0.0
-8.457079820800573e-05	0.0
-5.587475016000099e-07	0.0
-4.971395295427783e-09	0.0
-3.651894076028839e-08	0.0
0.0	0.0
-0.000459856673842296	0.0
0.0	0.0
-0.0006632742588408291	0.011
0.0	0.0
-8.594351129431743e-06	0.0
0.0	0.0
0.0	0.0
0.0	0.0
0.0	0.0
0.0	0.0
0.0	0.0
-0.00012155405420344323	0.0
-6.312386540230364e-05	0.0
-3.2736124921939336e-08	0.0
0.0	0.053
0.0	0.0
0.0	0.0
0.0	0.0
0.0	0.0
-0.0007712235092185438	0.053
-0.0009422286530025303	0.053
0.0	0.053
0.0	0.053
0.0	0.053
-0.0014146002940833569	1.0
0.0	0.0
0.0	0.0
-0.0340137854218483	0.0
0.0	0.0
-1.932362603263016e-10	0.0
0.0	0.0
0.0	1.0
-0.00012240276555530727	1.0
0.0	0.0
-0.010200698859989643	0.0
0.0	1.0
0.0	1.0
0.0	1.0
0.0	0.0
0.0	0.0
-0.00011704189819283783	0.0
-0.0013178448425605893	0.0
0.0	0.0
0.0	0.0
0.0	0.0
0.0	0.0
0.0	0.0
0.0	0.0
-0.0022179302759468555	0.0
-0.0017536975210532546	1.0
0.0	0.0
0.0	0.0
0.0	0.0
0.0	0.0
-1.9754223103518598e-05	0.0
-0.00048352524754591286	0.0
-0.005429514683783054	0.0
0.0	0.0
0.0	0.0
-9.241123188985512e-05	0.0
0.0	0.0
0.0	1.0
-7.336881102659731e-12	1.0
-0.0026651869993656874	1.0
-6.593562284251675e-05	0.0
-0.00015025355969555676	1.0
0.0	1.0
0.0	1.0
0.0	1.0
0.0	1.0
0.0	0.0
0.0	1.0
0.0	0.0
0.0	0.0
0.0	0.0
0.0	0.0
0.0	0.0
0.0	0.0
0.0	0.0
-0.005983202252537012	0.0
0.0	0.0
-4.168995292275213e-05	0.0
-0.0001762888568919152	0.0
0.0	0.0
-0.0010582329705357552	0.0
0.0	0.0
-0.0014427759451791644	0.0
0.0	0.0
0.0	0.0
0.0	0.0
-4.8027406592154875e-05	0.0
-4.228520866789154e-10	0.0
0.0	0.0
0.0	0.0
0.0	0.0
-0.0007606607978232205	0.0
0.0	0.0
-5.795377364847809e-05	0.0
0.0	0.0
0.0	0.0
-0.001385524170473218	0.0
0.0	0.0
-9.359559349775282e-09	0.0
-0.0008643893525004387	0.0
-0.0031542605720460415	0.0
0.0	0.0
-0.0005456094513647258	0.0
0.0	0.0
0.0	0.0
0.0	0.0
-1.9147273633279838e-06	0.0
0.0	0.0
-0.0005717751919291914	0.0
-0.00024289013526868075	0.0
-0.0014669159427285194	0.0
0.0	0.0
-6.411847425624728e-05	0.0
0.0	0.0
0.0	0.0
0.0	0.0
-8.581710062571801e-06	0.0
0.0	0.0
-0.002912489464506507	0.0
-0.001332417712546885	0.0
0.0	0.0
-6.48753994028084e-05	0.0
0.0	0.0
0.0	0.0
-0.002836257452145219	0.0
0.0	0.0
-3.8974931158008985e-06	0.0
-0.00023994639923330396	0.0
0.0	0.0
0.0	0.0
-0.004913981072604656	0.0
0.0	0.0
0.0	0.0
0.0	0.0
-0.005503471475094557	0.0
0.0	0.0
0.0	0.0
-0.00340952817350626	0.0
-0.0027567653451114893	0.0
-9.976635737984907e-06	0.0
0.0	0.0
0.0	0.0
0.0	0.0
0.0	0.0
0.0	0.0
0.0	0.0
-0.00038112301263026893	0.0
0.0	0.0
0.0	0.0
0.0	0.0
0.0	0.0
0.0	0.0
-0.0005035825888626277	0.0
0.0	0.053
0.0	0.053
0.0	0.0
0.0	0.0
0.0	0.0
-0.0003396198444534093	0.0
0.0	0.0
0.0	0.0
0.0	0.0
-1.1630330032375014e-09	0.0
0.0	0.0
-1.2090661130059743e-06	0.0
-0.00023385955137200654	0.0
0.0	0.0
0.0	0.0
-0.0006005233153700829	0.0
0.0	0.0
0.0	0.0
0.0	0.0
0.0	0.0
0.0	0.0
-4.565439692960638e-11	0.0
0.0	0.0
0.0	0.0
-0.0021926984190940857	0.0
-0.0031666886061429977	0.0
0.0	0.0
-2.5545480184518965e-06	0.0
-6.447678606491536e-05	0.0
0.0	0.0
-0.0047156354412436485	0.0
0.0	0.0
-8.491232438245788e-05	0.0
0.0	0.0
-5.6409542594337836e-05	0.0
0.0	0.0
0.0	0.0
0.0	0.0
-3.061685129068792e-05	0.0
0.0	0.0
