0.0	0.0
0.0	0.0
0.0	0.0
0.0	0.0
-0.00047872960567474365	0.0
-0.0004219418915454298	0.0
0.0	0.0
0.0	1.0
0.0	1.0
0.0	0.0
0.0	0.0
-0.0015940641751512885	0.0
-0.0035269286017864943	0.0
-0.00021310879674274474	0.0
-5.29902251855674e-07	0.005
-0.0003255600167904049	0.005
0.0	0.0
-0.0031125745736062527	0.0
0.0	0.0
0.0	0.0
0.0	0.0
-3.529949594849313e-07	0.0
-0.0010247067548334599	0.0
0.0	0.0
0.0	0.0
0.0	0.0
0.0	0.0
0.0	0.0
-0.003361274255439639	0.0
0.0	0.0
-0.000283606379525736	0.0
-0.00022788041678722948	0.0
0.0	0.0
0.0	0.0
0.0	0.0
-0.0006343236891552806	0.0
-0.0002601002634037286	0.0
0.0	0.0
0.0	0.0
-0.005873566959053278	0.0
0.0	0.0
-0.0060409484431147575	0.0
0.0	0.0
-0.007901851087808609	0.0
0.0	0.0
0.0	0.0
0.0	0.0
-0.005299369804561138	0.0
0.0	0.0
0.0	1.0
0.0	0.0
0.0	0.0
0.0	0.0
0.0	0.0
0.0	0.0
0.0	1.0
0.0	1.0
0.0	0.0
-0.00014095925143919885	0.0
-4.182665236385219e-07	0.0
-1.951376447095754e-07	0.0
0.0	0.0
0.0	0.0
0.0	0.0
0.0	0.0
0.0	0.0
0.0	0.0
-2.6767847316477855e-07	0.0
0.0	0.0
0.0	1.0
0.0	0.0
-7.043532264106034e-07	0.037
0.0	0.963
0.0	0.963
0.0	0.0
-1.781633868214172e-11	1.0
-4.363850530353375e-05	1.0
0.0	1.0
-0.0006180316559039056	1.0
0.0	1.0
0.0	1.0
-0.004964984953403473	0.0
0.0	0.0
0.0	0.0
0.0	0.0
-0.013269009999930859	0.0
0.0	0.0
-0.0013425754150375724	0.0
0.0	0.0
0.0	0.0
-0.0053469655103981495	0.0
-9.766200491867494e-06	0.0
0.0	0.0
0.0	0.0
0.0	0.0
0.0	0.0
-4.6919372834963724e-05	0.0
-1.1103664974143612e-06	0.0
-5.207702002962833e-08	0.0
0.0	0.0
0.0	0.0
0.0	0.0
-0.009667948819696903	0.0
0.0	1.0
0.0	0.0
0.0	0.0
-5.18381832684961e-13	0.0
0.0	0.0
-0.0013491051504388452	0.0
-0.0011354244779795408	0.0
0.0	0.0
0.0	0.0
0.0	0.0
-0.00017038419900927693	0.0
-6.065271804800432e-07	0.0
-2.260777819174109e-06	0.0
0.0	0.0
-0.0002576119441073388	0.0
0.0	0.0
0.0	0.0
0.0	0.0
-0.003656441578641534	0.0
0.0	0.0
0.0	0.0
0.0	0.0
-1.3194211533118505e-05	0.0
-0.00378058641217649	0.0
0.0	0.0
0.0	0.0
0.0	0.0
-3.195442695869133e-05	0.0
0.0	0.0
-0.0011619605356827378	0.0
-9.608406980987638e-05	0.0
0.0	0.0
0.0	0.0
0.0	0.0
-9.248684023077658e-07	0.0
0.0	0.0
0.0	0.0
-4.592865199271046e-09	0.0
-1.6267567843897268e-06	0.0
-0.00046327162999659777	0.0
0.0	0.0
0.0	0.0
0.0	0.0
-0.015289166942238808	0.0
-7.752710189379286e-07	0.0
0.0	0.0
-0.006082408130168915	0.0
-0.0005354175809770823	0.0
0.0	0.0
0.0	0.0
0.0	0.0
0.0	0.0
-0.007631248328834772	0.0
0.0	0.0
-6.532854604301974e-05	0.0
-0.005390698090195656	0.0
-0.0002523554430808872	0.0
0.0	0.0
-4.5269207475939766e-06	0.0
0.0	0.0
0.0	0.0
-1.7886368368635885e-06	0.0
-2.8732763439620612e-06	0.0
0.0	0.0
0.0	0.0
-0.00010403822670923546	0.0
0.0	0.0
-1.8072372540700599e-06	0.0
-0.0028422127943485975	0.0
0.0	0.0
-3.0365447933888845e-09	0.0
0.0	0.0
0.0	0.0
0.0	1.0
0.0	0.0
-0.00038028915878385305	0.0
-6.512759682664182e-06	1.0
0.0	0.0
-0.00863286666572094	0.0
-0.0008402853854931891	0.0
-5.547100226976909e-05	1.0
0.0	1.0
0.0	0.0
-4.346787591202883e-06	0.0
0.0	1.0
0.0	0.0
-2.119766577379778e-05	0.0
0.0	0.0
-0.0009066861239261925	0.0
0.0	0.0
-0.00045398971997201443	0.0
0.0	0.0
-0.002821209840476513	0.0
-0.00023397787299472839	0.0
-3.572750210878439e-05	0.0
-4.2270310515735154e-12	0.0
0.0	1.0
0.0	1.0
0.0	0.0
0.0	0.0
-0.00010435603326186538	0.0
-0.005105594173073769	0.0
0.0	0.0
-0.002667934400960803	0.0
0.0	0.001
0.0	0.0
-0.004810498096048832	0.0
0.0	0.0
-0.003050531493499875	0.0
0.0	0.001
-1.2137395060562994e-05	0.0
0.0	0.0
0.0	0.0
0.0	0.001
0.0	0.001
0.0	0.0
0.0	0.0
-2.084051507755813e-11	0.0
-0.008621150627732277	0.0
0.0	0.0
0.0	0.0
-4.967794353660793e-08	0.0
0.0	0.0
-3.2107778679346666e-05	0.0
0.0	0.0
-3.2420095408269844e-07	0.0
0.0	0.0
0.0	0.0
-0.008102625608444214	0.0
0.0	0.0
-0.0004307171329855919	0.0
0.0	0.0
-0.0005218239384703338	0.0
0.0	0.0
-0.0018585388315841556	0.0
0.0	0.0
0.0	0.0
-0.004620702937245369	0.0
0.0	0.0
0.0	0.0
0.0	0.0
0.0	0.0
0.0	0.0
0.0	0.0
0.0	0.0
0.0	0.0
-0.059927236288785934	0.0
0.0	0.0
0.0	0.0
-2.2962954972172156e-05	0.0
0.0	0.0
-9.563523781253025e-05	0.0
0.0	0.0
0.0	0.0
0.0	0.712
0.0	0.0
-0.00030059218988753855	0.712
-3.530181231781171e-07	0.0
0.0	0.0
0.0	0.0
0.0	0.0
-1.1054853921166341e-08	0.0
-0.08642636239528656	0.0
-2.4478294391450106e-11	0.0
-0.006299185566604137	0.0
0.0	0.0
0.0	0.0
0.0	0.0
0.0	0.0
0.0	0.0
0.0	0.0
0.0	0.0
0.0	0.0
0.0	0.0
-0.00016155058983713388	0.0
0.0	0.0
0.0	0.0
0.0	0.0
-0.004681346006691456	0.0
-0.007319338619709015	0.0
-2.033508735621581e-06	0.0
0.0	0.0
-3.39657435688423e-06	0.0
0.0	0.0
-4.088620357833861e-07	0.0
0.0	0.0
0.0	0.0
0.0	0.0
-0.0029538630042225122	0.0
0.0	0.003
-0.00032029804424382746	0.0
0.0	0.0
0.0	0.0
0.0	0.0
0.0	0.0
-2.8351245418889448e-05	0.712
0.0	0.0
0.0	0.0
0.0	0.0
0.0	0.0
0.0	0.0
-0.0001436555030522868	0.0
0.0	0.712
-5.273410041972681e-10	0.0
0.0	0.0
0.0	1.0
0.0	1.0
0.0	0.0
-1.7492793347173574e-07	0.0
-5.010560016671661e-06	0.0
-1.5244181653655692e-16	0.0
0.0	0.0
-0.002490843879058957	0.0
-5.974282612442039e-05	0.006
0.0	0.0
-0.0002518527035135776	0.0
0.0	0.0
0.0	0.0
0.0	0.0
0.0	0.0
-0.0025439017917960882	0.0
-4.7995545315870913e-08	0.0
-0.000503897899761796	0.0
0.0	0.0
0.0	0.0
-0.003548351116478443	0.0
0.0	0.0
0.0	0.0
-0.0018124636262655258	0.0
-0.0023399959318339825	0.0
-1.478722083447792e-06	0.0
-1.016274018184049e-05	0.0
0.0	0.0
0.0	0.0
0.0	0.0
-6.346342706819996e-05	0.0
0.0	1.0
-7.533170719398186e-05	0.0
0.0	0.0
-1.7210676217516152e-09	0.0
-0.0005303708021529019	0.0
-0.003014647401869297	0.0
0.0	0.0
0.0	0.0
0.0	0.0
-0.0004084973770659417	0.0
0.0	0.0
0.0	0.0
0.0	0.0
-0.007054860703647137	0.0
-0.004818260204046965	0.0
0.0	0.0
0.0	0.0
0.0	0.0
-9.857022966949791e-13	0.0
-0.005674269981682301	0.0
0.0	0.0
0.0	0.0
0.0	0.0
-0.001116122119128704	0.0
0.0	0.0
0.0	0.0
-0.004378368146717548	0.0
0.0	0.963
0.0	0.0
-0.002638341626152396	0.0
0.0	0.0
0.0	0.0
0.0	0.0
0.0	0.0
-0.0027037407271564007	0.0
0.0	0.0
0.0	0.0
-5.713398422813043e-06	0.0
-0.00014832777378614992	0.0
-0.0003028983483090997	0.0
-0.02763114869594574	0.0
-0.00020309275714680552	0.0
-8.380460769785714e-09	0.0
0.0	0.0
0.0	0.0
-6.4532750911894254e-06	0.0
-0.0006761352415196598	0.0
0.0	0.0
0.0	0.0
-5.979377881715209e-09	0.0
0.0	0.0
-0.00039431435288861394	0.0
-0.013258986175060272	0.0
-5.066576704848558e-07	0.0
0.0	0.0
-0.00030977639835327864	0.0
0.0	0.0
0.0	0.0
0.0	0.0
0.0	0.0
0.0	0.0
0.0	0.0
-1.3534217941923998e-05	0.0
0.0	0.0
0.0	1.0
-0.0007829811656847596	0.0
-0.0002476004883646965	0.0
0.0	0.0
0.0	0.0
0.0	0.0
-0.00036100036231800914	0.0
-2.9582768092950573e-06	0.0
0.0	0.0
0.0	0.0
0.0	0.0
-2.8499575819296297e-06	0.0
-4.199645627522841e-05	0.0
-0.0004688554327003658	0.0
0.0	0.0
0.0	0.0
0.0	0.0
0.0	0.0
0.0	0.0
0.0	0.0
0.0	0.0
0.0	0.0
0.0	0.0
0.0	0.0
-0.0004256846150383353	0.0
-0.001815625699236989	0.0
0.0	0.0
0.0	0.0
-1.0142719020223012e-07	0.0
-0.0006945967907086015	0.0
-0.001056705485098064	0.0
0.0	0.0
-0.0010266596218571067	0.0
0.0	0.0
0.0	0.0
0.0	0.0
0.0	0.0
0.0	0.0
0.0	0.0
0.0	0.0
-0.00010272234794683754	0.0
0.0	0.0
0.0	1.0
-0.005155792459845543	1.0
0.0	0.0
0.0	0.0
-3.433541860431433e-05	0.0
0.0	0.0
-0.0005442267865873873	0.0
-0.0004073565360158682	0.0
0.0	0.0
0.0	0.0
-7.916884162129101e-12	1.0
0.0	0.0
-0.0002660046156961471	0.0
0.0	0.0
-1.2596682381627033e-06	0.0
0.0	0.0
0.0	0.0
-9.72314069258573e-07	0.0
-1.5018704857538978e-07	0.0
0.0	0.0
-0.0006040700827725232	0.0
0.0	0.0
0.0	0.0
0.0	0.0
0.0	0.0
-0.002204303862527013	0.0
0.0	0.0
0.0	0.0
0.0	0.0
0.0	0.0
0.0	0.0
0.0	0.0
-8.633733727947401e-10	0.0
0.0	0.0
-0.0007914594607427716	0.0
0.0	0.0
-9.267590939998627e-06	0.0
-6.1282109527383e-05	0.0
0.0	0.0
-0.0015382549026980996	0.0
0.0	0.0
0.0	0.0
0.0	0.0
-0.04527325928211212	0.0
0.0	0.0
0.0	0.0
0.0	0.0
-0.002566662384197116	0.0
0.0	0.0
-0.0004091848968528211	0.0
-7.644912898285838e-07	0.0
0.0	0.0
0.0	0.0
0.0	0.0
0.0	0.0
0.0	0.0
0.0	0.0
0.0	0.037
-5.8379633571803424e-08	0.0
0.0	0.0
0.0	0.0
-1.6850954125402495e-05	0.0
0.0	0.0
-0.0013775083934888244	0.0
0.0	0.0
0.0	0.0
-6.065339766792022e-05	0.0
-5.120827850646492e-08	0.0
-0.0004018315230496228	0.0
0.0	0.0
-7.137285138014704e-06	0.0
-0.00014267108053900301	0.0
0.0	0.963
-0.0039897519163787365	0.0
0.0	0.0
0.0	0.0
0.0	0.0
-7.76384524669993e-07	0.0
0.0	0.0
0.0	1.0
0.0	0.0
-0.0002928824396803975	0.0
0.0	1.0
0.0	0.0
0.0	0.0
-0.0006676078774034977	0.0
0.0	0.0
-0.005863118451088667	0.0
-1.4314719010144472e-05	0.0
-0.002406297717243433	0.0
0.0	0.0
0.0	0.0
-3.0137182420730824e-06	0.0
0.0	0.0
-0.004952427465468645	0.0
-0.0030735579784959555	0.0
-0.012642376124858856	0.0
0.0	0.0
0.0	0.0
-1.4815354006714188e-05	0.0
0.0	0.0
0.0	0.0
0.0	0.0
-0.015343740582466125	0.0
0.0	0.0
0.0	0.0
0.0	0.0
0.0	0.0
0.0	0.0
0.0	0.0
-6.496127025457099e-05	0.0
-0.0007598403026349843	0.0
0.0	0.0
-0.00011448085570009425	0.0
0.0	0.0
0.0	0.0
0.0	0.0
-0.001027975114993751	0.0
0.0	0.0
0.0	0.0
0.0	0.0
0.0	0.0
0.0	0.0
0.0	0.0
0.0	0.0
0.0	0.0
0.0	0.0
0.0	0.0
-0.0001527674321550876	0.0
0.0	0.0
-1.164899799732666e-06	0.0
0.0	0.0
0.0	0.0
-0.0034191824961453676	0.0
0.0	0.0
0.0	0.0
-0.00015994804562069476	0.0
-0.0005934647633694112	0.0
0.0	0.0
-8.827517189446965e-11	0.0
-0.002192381303757429	0.0
-1.964035072887782e-05	1.0
-0.0008063145214691758	0.0
-2.3844866518629715e-05	1.0
0.0	0.0
0.0	1.0
0.0	0.0
0.0	0.0
-0.0005592005327343941	0.0
-4.329698640503921e-06	0.0
0.0	0.0
-0.0028364909812808037	0.0
0.0	0.0
-0.0009682463714852929	0.0
-2.478776650605141e-07	0.0
0.0	0.0
-2.7753651821171843e-08	0.0
-0.00013058344484306872	0.0
0.0	0.0
0.0	0.0
-0.00023794871231075376	0.0
0.0	0.0
0.0	0.0
0.0	0.0
0.0	0.0
0.0	0.0
0.0	0.0
-1.2677637641900219e-05	0.0
-1.5576877103740117e-06	0.0
0.0	0.0
0.0	0.0
-0.0015705330297350883	0.0
-0.0006206582183949649	0.0
0.0	0.0
-0.0005808470887131989	0.0
0.0	0.0
0.0	0.0
0.0	0.0
0.0	0.0
0.0	0.0
-0.00026402229559607804	0.0
-0.001257214113138616	0.0
0.0	0.0
0.0	0.0
0.0	0.0
-0.002809726633131504	0.0
-2.3417458578478545e-05	0.0
-2.760179711458477e-07	0.0
-9.185542694467586e-06	0.0
-8.488426101393998e-05	0.0
-8.663105290906969e-07	0.0
0.0	0.0
-0.002989813219755888	0.0
0.0	0.0
0.0	0.0
0.0	0.0
-1.7303867934970185e-05	0.0
0.0	0.0
-0.003932132385671139	0.0
-0.01128362026065588	0.0
0.0	1.0
0.0	1.0
-7.673167488064792e-07	0.0
0.0	0.0
0.0	0.0
0.0	1.0
-0.0001418557221768424	0.0
0.0	0.0
-2.623235013743397e-05	0.0
0.0	0.0
-5.260056059341878e-05	0.0
-1.474573218729347e-05	0.0
0.0	0.0
0.0	0.0
-8.905554516047687e-09	0.0
0.0	0.0
-0.00010990028386004269	0.0
-0.0001616327790543437	0.0
0.0	0.0
0.0	0.0
0.0	1.0
0.0	0.0
-1.3934639355284162e-05	0.0
0.0	0.0
0.0	0.0
-3.335803189230546e-09	1.0
0.0	1.0
0.0	0.0
-1.1314916781302031e-09	0.0
0.0	0.0
-0.04245530441403389	0.0
-0.0002565192698966712	0.0
-0.0005832627648487687	0.0
0.0	0.0
0.0	0.0
0.0	0.0
0.0	0.0
0.0	0.0
0.0	0.0
0.0	0.0
-0.0003298292285762727	0.0
0.0	0.026
0.0	0.0
0.0	0.0
-0.00021589003154076636	0.0
0.0	0.0
-3.745133729911787e-15	0.01
0.0	0.0
0.0	0.0
0.0	0.01
-0.0025372670497745275	0.021212121212121213
-0.00707292789593339	0.0
0.0	0.010615711252653927
-0.003498646430671215	0.010615711252653927
-0.0024928110651671886	0.0
-1.9199490886023796e-09	0.0
0.0	0.021
-0.0001002142162178643	0.0
-0.0009316140785813332	0.0
0.0	0.0
-0.0004408401146065444	0.0
0.0	0.0
0.0	1.0
0.0	0.0
0.0	1.0
-3.856701823679032e-06	0.001
-6.614227459067479e-07	0.0
0.0	0.0
0.0	0.0
0.0	0.0
-1.2345380522981592e-13	0.001
0.0	0.001
-0.004863975569605827	0.0
0.0	0.0
-0.011953873559832573	0.0
0.0	0.0
-1.330119516751438e-06	0.0
-3.761966581805609e-05	0.0
-0.0010055777383968234	0.0
0.0	0.0
0.0	0.0
0.0	0.0
0.0	0.0010384215991692627
-3.043563268079197e-08	0.001
-3.3455322068220994e-07	0.0
0.0	0.001
-7.004512487539835e-18	0.0
0.0	0.001
0.0	0.0
-0.0006698247161693871	0.0
-4.5400486148317043e-10	0.0
-0.00455566355958581	0.0
0.0	0.0
-0.0004332555690780282	0.0
-0.012758760713040829	0.0
-8.044004971452523e-06	0.0
0.0	0.0
0.0	0.0
-5.382724793889793e-06	0.0
0.0	0.0
-0.003952610772103071	0.0
0.0	0.0
0.0	0.0
0.0	0.0
0.0	0.0
0.0	0.0
0.0	0.0
0.0	0.0
0.0	0.0
0.0	0.0
-0.00012539200542960316	0.0
0.0	0.0
0.0	0.0
-1.0887216376431752e-05	0.0
0.0	0.0
-7.037007890176028e-05	0.0
-1.2483980071920087e-08	0.0
-0.08263873308897018	0.0
0.0	0.0
-9.591388334229123e-06	0.0
0.0	0.0
-4.3063703714096846e-08	0.0
0.0	0.0
0.0	0.0
0.0	0.0
0.0	0.0
0.0	0.0
0.0	0.0
-8.420160156674683e-06	0.0
0.0	0.0
-0.00025347538758069277	0.0
-0.0004951728042215109	0.0
0.0	0.0
0.0	0.0
0.0	0.0
0.0	0.0
-0.006854611914604902	0.0
0.0	0.0
0.0	0.0
0.0	0.0
-9.378567256135284e-07	0.0
0.0	0.0
0.0	0.0
0.0	0.0
-0.00020752206910401583	0.0
0.0	0.0
0.0	0.0
0.0	1.0
0.0	1.0
0.0	1.0
0.0	1.0
0.0	0.0
-0.00013664802827406675	0.963
-0.0015899745048955083	0.0
0.0	0.0
-0.00010533838940318674	1.0
0.0	0.0
0.0	0.0
0.0	0.0
0.0	0.0
-0.00029040416120551527	0.0
-6.828094774391502e-05	0.0
-4.046676167490659e-06	0.0
-4.041937427246012e-05	0.0
-0.005780835170298815	0.0
-1.964655348274391e-05	0.0
-2.2878325580677483e-06	0.0
0.0	0.0
0.0	0.0
-1.0499749123482616e-06	0.0
0.0	1.0
0.0	0.0
-6.933290706001571e-07	0.0
-4.206777703075204e-06	0.0
0.0	0.0
-1.94310720291746e-10	0.0
0.0	0.0
-0.005192733369767666	0.0
-1.0493238278286299e-07	0.0
0.0	0.0
0.0	0.0
0.0	0.0
0.0	0.0
-0.0021611263509839773	0.0
0.0	0.0
-0.0004808010417036712	0.0
-0.00027474830858409405	0.0
-1.437768787582172e-06	0.0
0.0	0.0
0.0	0.0
-0.0010192441986873746	0.0
-0.0005999293061904609	0.0
0.0	0.0
-0.0034136998001486063	0.0
-0.0013929965207353234	0.0
-0.002898291451856494	0.0
0.0	0.0
-0.004248129203915596	0.0
0.0	0.0
-2.6478398922336055e-06	0.0
-2.6273560251866e-06	0.0
-4.0668019209988415e-05	0.0
-0.0011589792557060719	0.0
0.0	0.0
0.0	0.0
0.0	0.0
0.0	0.0
0.0	0.0
-0.0046819960698485374	0.0
0.0	0.0
-0.00011959404946537688	0.0
0.0	0.0
0.0	0.0
-5.8183800319966394e-06	0.0
-7.600275239383336e-06	0.0
0.0	0.0
-0.00025948480470106006	1.0
-0.00026326000806875527	0.0
-1.5630519555998035e-05	0.0
0.0	1.0
0.0	0.0
-0.0012766316067427397	0.0
-2.6184436137555167e-05	0.0
0.0	0.0
-0.0013215533690527081	0.0
-6.740944809280336e-05	0.0
0.0	0.0
0.0	0.0
0.0	0.0
0.0	1.0
0.0	0.0
0.0	0.0
0.0	0.0
0.0	0.0
-0.0035807660315185785	0.0
0.0	0.0
-0.0031934252474457026	0.0
0.0	0.0
-0.011187389492988586	0.0
0.0	0.0
-0.0055582355707883835	0.0
0.0	0.0
0.0	0.0
0.0	0.0
-0.0004380105820018798	0.0
-1.1119881264676224e-06	0.0
0.0	0.0
-0.0027320559602230787	0.0
-3.944901649788335e-08	0.0
0.0	0.0
0.0	0.0
-4.4633651441472466e-07	0.0
0.0	0.0
-0.0033263263758271933	0.0
-0.00015732142492197454	0.0
0.0	0.0
0.0	0.0
0.0	0.0
0.0	0.0
0.0	0.0
0.0	0.0
0.0	0.0
-0.001145165995694697	0.0
0.0	0.0
0.0	0.0
0.0	0.0
-3.8271904486464337e-05	0.0
0.0	0.0
-4.399539193400415e-06	0.0
0.0	0.0
-3.321263284306042e-05	0.0
-0.0025407809298485518	0.0
-0.000684663187712431	1.0
0.0	1.0
-3.7903791962889954e-05	1.0
0.0	1.0
0.0	0.0
-1.7910586393554695e-05	0.0
-0.0008980073034763336	0.0
-2.40713961829897e-06	0.0
0.0	0.0
-9.99866551865125e-06	0.0
0.0	0.0
0.0	0.0
-2.9071844664940727e-07	0.0
0.0	0.0
0.0	0.0
