-0.0018834538059309125	0.0
-0.016116732731461525	0.0
-0.0005198236322030425	0.0
-0.003870123764500022	0.0
0.0	0.0
-0.00022534413437824696	0.0
-7.721976726315916e-05	0.0
0.0	0.0
0.0	0.0
-9.722903087094892e-07	0.0
0.0	0.0
-5.1442642870824784e-05	0.0
0.0	0.0
-6.538457819260657e-05	0.0
0.0	0.0
-0.0005227883229963481	0.0
0.0	0.0
-2.1831713183928514e-06	0.0
-0.026573700830340385	0.0
-1.5211059007924632e-06	0.0
0.0	0.0
-0.00021522206952795386	0.0
0.0	0.0
-0.0003329305036459118	0.0
0.0	0.0
0.0	0.0
0.0	0.0
0.0	0.0
0.0	0.0
0.0	0.0
-7.314224781396206e-10	0.0
0.0	0.0
0.0	0.0
0.0	0.0
-0.0017440192168578506	0.0
0.0	0.0
0.0	0.0
0.0	0.001
0.0	0.0
-0.0011471874313428998	0.001
0.0	1.0
-0.0030002566054463387	0.0
0.0	0.0
-0.0019719668198376894	0.0
-1.7526224382891087e-06	0.0
-0.0009158064494840801	0.0
-0.0002773673622868955	0.0
0.0	0.0
-0.00018185462977271527	0.0
-0.0007518334896303713	0.0
0.0	0.0
-9.900161967379972e-05	0.0
0.0	0.0
0.0	0.0
-0.0032946844585239887	0.0
0.0	0.0
0.0	0.0
0.0	0.0
-0.00019354437245056033	0.0
-3.8576951055802056e-07	0.0
0.0	0.0
-0.004244518931955099	0.0
0.0	0.0
0.0	1.0
0.0	0.0
0.0	1.0
0.0	0.0
0.0	0.0
0.0	0.0
0.0	1.0
-0.0009969713864848018	0.0
0.0	0.0
0.0	0.0
0.0	0.0
0.0	0.0
-1.9401493773330003e-05	0.0
0.0	0.0
0.0	0.0
-1.4004346667206846e-05	0.0
0.0	0.0
-1.3643679075414639e-08	0.0
-0.0013424110366031528	0.0
-0.00033333548344671726	0.0
0.0	0.0
-0.00023836223408579826	0.0
0.0	0.0
-2.664296880539041e-05	0.0
-0.002578688319772482	0.0
-4.737000236509914e-10	0.0
-2.982592377520632e-05	0.0
0.0	0.0
-6.0744503571186215e-05	0.0
0.0	0.0
0.0	0.0
-0.002020451007410884	0.0
0.0	0.0
-1.7936265066964552e-05	0.0
0.0	0.0
-0.00015733281907159835	0.0
-0.0008714020950719714	0.0
0.0	0.0
0.0	0.0
0.0	0.0
0.0	0.0
-0.006299398373812437	0.0
-0.0002960243436973542	0.0
0.0	0.0
-2.706816715214444e-10	0.0
0.0	0.0
0.0	0.0
0.0	0.0
0.0	0.0
-0.0028075429145246744	0.0
-0.00014043795817997307	0.0
0.0	0.0
0.0	0.0
0.0	0.0
0.0	0.0
-0.010159528814256191	0.0
-0.0007356435526162386	0.0
-8.3955965237692e-05	0.0
-0.0050598252564668655	0.0
-0.0001599262614035979	0.0
0.0	0.0
0.0	0.0
0.0	0.0
0.0	0.0
-6.796595079273937e-13	0.0
0.0	0.0
-0.0004163104167673737	0.0
0.0	0.0
0.0	0.0
0.0	0.0
0.0	0.0
-0.0016215704381465912	0.0
0.0	0.0
0.0	0.0
-1.0089078461561485e-09	0.0
0.0	0.0
0.0	0.0
0.0	0.0
0.0	0.0
-0.0005133797531016171	0.0
0.0	0.0
0.0	0.0
0.0	0.0
0.0	0.0
-6.931141424693088e-12	0.0
0.0	0.0
0.0	0.0
0.0	0.0
0.0	0.0
-0.003965252079069614	0.0
0.0	0.0
-8.788424155081742e-11	0.0
-0.00172272021882236	0.0
0.0	0.0
0.0	0.0
0.0	0.0
0.0	0.0
0.0	0.0
-4.93828693215459e-11	0.0
0.0	0.0
-8.551127450573404e-08	0.0
-0.016884926706552505	0.0
-1.697081643214915e-05	0.0
0.0	0.0
-1.1796470289482386e-07	0.0
0.0	0.0
-0.0010127826826646924	0.0
0.0	0.0
0.0	0.0
0.0	0.0
0.0	0.0
0.0	0.0
0.0	0.0
0.0	0.0
-0.0031115813180804253	0.0
0.0	0.0
0.0	0.0
0.0	0.0
0.0	0.0
-0.0012005373137071729	0.0
0.0	0.0
0.0	0.0
0.0	0.0
-0.005216178018599749	0.0
-9.976781711884541e-07	0.0
0.0	0.0
0.0	0.0
0.0	0.0
-2.488021166868748e-08	0.0
-0.0004558458458632231	0.0
0.0	0.0
0.0	1.0
0.0	0.0
-0.03783202916383743	0.0
0.0	0.0
-0.0007739966385997832	0.0
0.0	0.0
-0.00016790865629445761	0.0
-1.6359344989780311e-09	0.0
0.0	0.0
0.0	0.0
-0.004294350743293762	0.0
0.0	0.0
0.0	0.0
-0.006575404200702906	0.0
-0.0014785622479394078	0.0
0.0	0.0
0.0	0.0
-0.004175808280706406	0.0
0.0	0.0
0.0	0.0
-4.3393448834194714e-09	0.0
-1.7771933926269412e-05	0.0
0.0	0.0
0.0	1.0
0.0	0.0
0.0	1.0
-0.0007977837231010199	0.0
0.0	0.0
0.0	0.0
0.0	0.0
0.0	0.0
0.0	0.0
-0.0001244022132596001	0.0
-1.3022696293774061e-05	0.0
0.0	0.0
0.0	0.0
-2.1290861695888452e-06	0.0
0.0	0.0
0.0	0.0
-0.006164249964058399	0.0
-1.899598373711342e-06	0.0
-1.3549370123655535e-05	0.0
-1.0398744620943035e-07	0.0
-4.6980090701254085e-05	0.0
0.0	0.0
-0.0014929898316040635	0.0
-0.001700892928056419	0.0
-0.000223987502977252	0.0
0.0	0.0
-4.835596922880825e-10	0.0
0.0	0.0
-9.901327757688705e-08	0.0
0.0	0.0
0.0	0.0
0.0	0.0
0.0	0.0
0.0	0.0
0.0	0.0
0.0	0.0
0.0	0.0
-1.543952021165751e-05	1.0
-3.147884126519784e-05	0.0
0.0	1.0
-9.492279787082225e-06	1.0
0.0	1.0
-6.257535460463259e-06	0.0
-1.6733292795834132e-06	0.0
0.0	0.0
0.0	1.0
-7.021718192845583e-05	0.0
-0.008630824275314808	0.0
0.0	0.0
-0.00013797891733702272	0.0
0.0	0.0
0.0	0.0
0.0	0.0
-0.0018949221121147275	0.0
0.0	0.0
0.0	0.0
0.0	1.0
-2.216159009549301e-05	0.0
0.0	0.0
0.0	0.0
-0.001023626304231584	0.0
-1.5899900063232053e-07	0.0
-0.00043413962703198195	0.0
0.0	0.011
0.0	0.011
0.0	0.0
0.0	0.0
0.0	0.011
0.0	0.0
0.0	0.023809523809523808
0.0	0.011
0.0	1.0
0.0	1.0
0.0	0.0
-4.7516601625829935e-05	1.0
0.0	0.47191011235955055
0.0	0.03903345724907063
-4.999670272809453e-05	0.03903345724907063
-2.584102185210213e-05	0.0
-6.216435576789081e-05	0.0
-1.4427199857891537e-05	0.0
-0.014669750817120075	0.0
0.0	0.0
-0.00010575092892395332	0.0
0.0	0.0
0.0	0.0
0.0	0.0
0.0	0.0
0.0	0.0
0.0	0.0
0.0	0.0
0.0	0.0
-6.822252180427313e-05	0.0
0.0	0.0
-0.008370039984583855	0.0
0.0	0.0
0.0	0.0
0.0	0.0
0.0	0.0
0.0	0.0
0.0	0.0
0.0	0.0
0.0	0.0
0.0	0.0
0.0	0.0
-3.444484519832258e-08	0.0
-0.0005340577918104827	0.0
0.0	0.0
-0.00015155470464378595	0.0
0.0	0.0
0.0	0.0
-0.0014987640315666795	0.0
-0.0002823644899763167	0.0
-0.01610174961388111	0.0
0.0	0.0
0.0	0.0
0.0	0.0
0.0	0.0
0.0	0.0
0.0	0.0
0.0	0.0
-6.872621725051431e-07	0.0
0.0	0.0
-2.1055846445960924e-05	0.0
0.0	0.0
0.0	0.0
0.0	0.0
0.0	0.0
-0.00035199359990656376	0.0
-0.0008502802229486406	0.0
-5.575285467784852e-05	0.0
0.0	0.0
0.0	0.0
0.0	0.0
0.0	0.0
0.0	0.0
0.0	0.0
-0.0024514307733625174	0.0
0.0	0.0
0.0	0.0
-2.494540183306526e-07	0.0
-0.0002781239163596183	0.0
-0.0014179684221744537	0.0
-0.0018537718569859862	0.0
0.0	0.0
-6.394415552612998e-11	0.0
-0.000596230907831341	0.0
-0.0002329228154849261	0.0
0.0	0.0
0.0	0.0
0.0	0.462
-2.046830104518449e-06	0.0
-0.0003314928035251796	0.0
-0.0029371732380241156	0.0
-0.0009504779009148479	0.0
0.0	1.0
-0.004658966325223446	1.0
-0.0028466188814491034	0.0
0.0	1.0
-0.0002248981036245823	0.0
-0.000582710956223309	1.0
0.0	0.0
-3.1192095775622874e-05	1.0
-0.0014927247539162636	0.0
0.0	0.0
-1.4322600918603712e-06	0.472
0.0	0.472
0.0	0.472
0.0	0.0
0.0	0.0
0.0	0.472
0.0	0.472
-0.008475205861032009	0.0
0.0	0.0
0.0	0.0
0.0	0.0
-0.00012538227019831538	0.0
-9.180421756127544e-08	0.0
-0.001440855790860951	0.0
0.0	0.0
-6.020023590735946e-08	0.0
-0.00016044867516029626	0.0
-0.0005971765494905412	0.0
-0.0069869812577962875	0.0
0.0	0.0
-0.0012179644545540214	0.0
0.0	0.0
-0.0002320547791896388	0.0
0.0	0.0
-0.07047947496175766	0.0
-1.309793662418457e-10	0.0
-0.00012220264761708677	0.0
0.0	0.0
-2.2981925695830796e-08	0.0
0.0	0.0
-1.6378102429825958e-08	0.0
0.0	0.0
0.0	0.0
0.0	0.0
-0.0004221160779707134	0.0
-1.4522262063110247e-05	0.0
0.0	0.0
-5.62128434467013e-07	0.0
0.0	0.0
-0.0025879766326397657	0.0
0.0	0.0
0.0	0.0
0.0	0.0
-0.008799106813967228	0.0
0.0	0.0
0.0	0.0
0.0	0.0
-0.007518372964113951	0.0
-2.4893861905184167e-07	0.0
0.0	0.0
0.0	0.0
0.0	0.0
-5.566735580941895e-06	0.0
0.0	0.0
-1.1232770269486991e-08	0.0
0.0	0.0
-0.01133114006370306	0.0
0.0	0.0
-6.1875498431618325e-06	1.0
0.0	0.0
0.0	1.0
-2.0042753021698445e-06	1.0
-0.0024690129794180393	0.0
0.0	1.0
0.0	0.0
0.0	0.0
0.0	0.0
0.0	0.0
-1.2277461109988508e-06	0.0
0.0	0.0
0.0	0.0
0.0	0.0
-8.755492308409885e-05	0.0
-0.00013327162014320493	0.0
0.0	0.0
0.0	0.0
-0.007328317034989595	0.0
-3.421158544369973e-05	0.0
0.0	0.0
0.0	1.0
-7.0063374550954904e-06	0.0
-0.014321853406727314	0.0
-3.6989638374507194e-06	0.0
-0.00028113852022215724	0.0
-0.026458537206053734	0.0
0.0	0.0
0.0	0.0
-5.079600668977946e-06	0.0
-0.00042884628055617213	0.0
-0.000698169635143131	0.0
0.0	0.0
0.0	0.0
0.0	0.0
-6.254100298974663e-05	0.0
-0.0021272078156471252	0.0
-1.0215289876214229e-05	0.0
0.0	0.0
0.0	0.0
0.0	0.0
0.0	0.0
0.0	1.0
0.0	0.0
0.0	1.0
0.0	0.0
-4.146028368268162e-05	1.0
0.0	1.0
0.0	0.0
0.0	1.0
-0.0015772024635225534	0.0
0.0	0.0
0.0	0.0
0.0	0.0
-8.396759767492767e-06	0.0
-0.0020840519573539495	0.0
0.0	0.0
0.0	1.0
0.0	0.0
-5.164231333765201e-05	0.0
-5.7242942830271204e-08	0.0
-6.186326572787948e-06	0.0
0.0	0.0
0.0	1.0
0.0	0.0
-2.1710926375817508e-05	0.0
-2.757196398306405e-06	0.073
-0.00015571921539958566	0.0
0.0	0.0
0.0	0.0
-0.0001782775652827695	0.0
0.0	0.0
-0.00024105906777549535	0.0
-0.001693128258921206	0.0
-0.0013604764826595783	0.0
-5.026063263358083e-06	0.0
0.0	1.0
0.0	0.0
0.0	0.0
-0.00010549635771894827	0.0
-0.00178855424746871	0.0
-0.0007491694996133447	0.0
0.0	0.0
-0.00013275473611429334	0.0
0.0	0.0
-0.0015832195058465004	0.0
-9.987736848415807e-05	0.0
0.0	0.0
0.0	0.0
0.0	0.0
-8.438361874141265e-06	0.0
-5.5540656518360265e-09	0.0
-1.039426751958672e-05	0.0
-0.00020684837363660336	0.0
0.0	0.0
-0.00013578985817730427	0.0
-0.0810534730553627	0.0
-0.00048373889876529574	0.0
-0.0038395915180444717	0.0
0.0	0.0
-0.07210958003997803	0.0
-0.0012672649463638663	0.0
0.0	0.0
0.0	0.0
0.0	0.0
0.0	0.0
-0.0005504630389623344	0.0
0.0	1.0
0.0	0.0
0.0	1.0
0.0	0.0
-4.2683415829580795e-11	1.0
-0.0003186195099260658	0.0
-0.00018507987260818481	0.0
0.0	1.0
0.0	0.0
0.0	0.0
-0.00025192907196469605	0.0
0.0	0.0
0.0	0.0
0.0	0.0
-2.6976074877893552e-05	0.0
0.0	0.009
-6.028799361956771e-07	0.0
0.0	0.009
0.0	0.0
-0.000749354949221015	0.0
0.0	0.0
-0.0022208180744200945	0.0
0.0	0.0
0.0	0.0
-0.0006283966940827668	0.0
-3.862652738462202e-05	0.0
0.0	1.0
-0.0007566789863631129	0.0
0.0	0.0
0.0	0.0
-2.1047117115813307e-05	0.001
-1.3048888547473325e-07	0.0
0.0	0.0
0.0	0.001
-1.5026280379970558e-05	0.0
0.0	0.0
0.0	0.0
0.0	0.0
-0.002062828978523612	0.0
-1.3326533917279448e-05	0.0
0.0	0.0
-6.972680210992621e-10	1.0
0.0	0.0
0.0	1.0
0.0	1.0
0.0	1.0
0.0	1.0
0.0	1.0
0.0	0.0
0.0	0.0
-0.00025430714595131576	0.0
-0.000790656078606844	0.0
0.0	0.0
-0.0002788804122246802	0.0
0.0	1.0
0.0	0.0
-0.003579208627343178	0.0
0.0	0.0
0.0	0.0
-0.005527541972696781	0.0
0.0	0.0
-6.209387720446102e-06	0.0
-7.369235390797257e-05	0.0
0.0	0.0
-2.8315035649484344e-08	0.0
0.0	0.0
0.0	0.0
0.0	0.0
0.0	0.0
-2.4344770643836e-09	0.0
0.0	0.0
-0.006371828727424145	0.0
-9.593857157597085e-07	0.0
0.0	0.0
0.0	0.0
0.0	0.0
0.0	0.0
-0.0003364881849847734	0.0
0.0	0.0
0.0	0.0
-8.349712879862636e-05	0.0
0.0	0.0
0.0	0.0
0.0	0.0
0.0	0.0
-0.00018145468493457884	0.0
0.0	0.0
0.0	0.0
-0.015064846724271774	0.0
0.0	0.0
0.0	0.0
0.0	0.0
0.0	0.0
-0.0005341359064914286	0.0
0.0	0.0
0.0	0.0
0.0	0.0
0.0	0.0
0.0	0.0
-0.0005035657668486238	0.0
0.0	0.0
0.0	0.0
-0.00022192879987414926	0.0
0.0	0.0
0.0	0.0
0.0	0.0
0.0	0.0
-7.541866216342896e-05	0.0
0.0	0.0
-2.638181513248128e-07	0.0
0.0	0.0
0.0	0.0
0.0	0.0
0.0	0.0
0.0	0.0
-0.00026213203091174364	0.0
0.0	0.0
0.0	0.0
-0.04830886796116829	0.0
0.0	0.0
-0.00030489079654216766	0.0
0.0	0.0
0.0	0.0
0.0	0.0
-0.23387283086776733	0.0
0.0	0.0
-2.962327744171489e-05	0.0
0.0	0.0
0.0	1.0
-1.9426281141932122e-05	0.0
0.0	1.0
-1.2831782214561827e-07	0.0
0.0	0.0
-0.0011565532768145204	0.0
-9.376261004945263e-06	1.0
-5.547667214500507e-08	0.0
0.0	0.0
0.0	0.0
-1.1295644071651623e-05	0.0
-5.581627647188725e-06	0.0
0.0	0.0
0.0	1.0
0.0	1.0
-0.00019272691861260682	1.0
0.0	0.0
-3.7702971894759685e-05	0.0
0.0	0.0
0.0	0.0
0.0	0.0
0.0	0.0
-3.290156746516004e-05	0.0
0.0	0.0
-8.76382109709084e-05	0.0
0.0	0.0
0.0	0.0
-2.3888169380370528e-06	0.0
0.0	0.0
-0.0027189431712031364	0.0
-2.8329113774816506e-05	0.0
0.0	0.0
-0.00020543384016491473	0.0
-0.0016826675273478031	0.0
0.0	0.0
-0.001647847588174045	0.0
0.0	0.0
-0.00022592482855543494	0.0
0.0	0.0
0.0	1.0
0.0	0.0
0.0	0.0
0.0	0.0
0.0	1.0
-2.621480234665796e-05	0.0
-1.891380065899284e-06	0.0
0.0	0.0
0.0	0.0
0.0	0.0
0.0	0.0
-4.6160861529642716e-05	0.0
0.0	1.0
0.0	1.0
-0.0003857678093481809	0.0
0.0	0.0
-0.0005316865281201899	0.0
0.0	0.0
0.0	0.0
0.0	0.0
-4.3316225628586835e-07	0.0
0.0	0.0
-0.0001170544492197223	0.0
0.0	0.0
-1.8895605080615496e-07	0.0
-2.19087833102094e-05	0.0
-0.0018093757098540664	0.0
-4.094046879288271e-09	0.0
-2.6460245408088667e-06	0.0
0.0	0.0
0.0	0.0
0.0	0.0
0.0	0.0
-2.2721073023035387e-08	0.0
0.0	0.0
-0.0007487863767892122	0.0
0.0	0.0
-2.4443650659122795e-08	0.0
0.0	0.0
0.0	0.0
0.0	1.0
-0.0007131584570743144	0.0
0.0	1.0
-2.4963209277473197e-09	0.0
0.0	0.0
0.0	0.0
0.0	0.0
0.0	0.0
-0.00036439826362766325	0.0
-0.0016109745483845472	0.0
0.0	0.0
0.0	0.0
0.0	0.0
-1.0954670869978145e-05	0.0
0.0	0.0
0.0	0.0
0.0	0.0
0.0	0.0
-3.2259362342301756e-05	0.0
-0.0002777724002953619	0.0
0.0	0.0
-1.3644590346473251e-08	0.0
0.0	0.0
-8.343107037944719e-05	0.0
-1.5375443140897005e-08	0.0
0.0	0.0
-8.11436548247002e-05	0.0
0.0	0.0
0.0	0.0
-0.0009857548866420984	0.0
-0.0008598426938988268	0.0
-0.00018462912703398615	0.0
0.0	0.0
-0.0049566165544092655	0.0
-3.169873391550837e-11	0.0
-4.026553312996839e-08	0.0
0.0	0.0
0.0	0.0
0.0	0.0
-1.7756023225956596e-05	0.0
0.0	0.0
-0.00060818693600595	0.0
0.0	0.0
-0.0002809549914672971	0.0
-1.6001840776880272e-06	0.0
-1.5508539945585653e-06	0.0
0.0	0.0
0.0	1.0
-0.0018389009637758136	0.0
-3.3231296470148664e-07	1.0
0.0	0.0
0.0	0.0
-0.00038759788731113076	0.0
-5.336076632639353e-13	1.0
-0.0005832097958773375	0.0
0.0	0.0
0.0	0.0
-1.3901698681095809e-09	0.0
-2.5138324417639524e-05	1.0
-0.0052804057486355305	0.0
0.0	0.0
0.0	0.0
0.0	0.0
0.0	0.0
-0.0009701020899228752	0.0
0.0	0.0
0.0	0.0
0.0	0.0
0.0	0.0
-6.06183530180715e-05	0.0
0.0	0.0
0.0	0.0
-0.0014116581296548247	0.0
0.0	0.0
-2.8150708430985105e-08	0.0
0.0	0.0
-0.0019229697063565254	0.0
0.0	0.0
0.0	0.0
-0.00045492232311517	0.0
0.0	0.0
0.0	0.0
-1.3234740663392586e-06	0.0
0.0	0.0
-3.940801320823084e-07	0.0
-0.0013085227692499757	0.0
-0.0003296416252851486	0.0
-2.400195626250934e-06	0.0
-0.007073989603668451	0.0
0.0	0.0
-0.0023393973242491484	0.0
0.0	0.0
-3.9639427996007726e-05	0.0
0.0	0.0
-0.000995311071164906	0.0
-0.0002509340411052108	0.0
-0.07205916196107864	0.0
0.0	0.0
0.0	0.0
0.0	0.0
0.0	0.0
0.0	1.0
-0.004006263799965382	0.0
0.0	0.0
-4.336834990681382e-06	1.0
-0.0002170480729546398	0.0
0.0	0.0
-0.0002079136756947264	0.0
0.0	0.0
0.0	0.0
-0.0004011958371847868	1.0
0.0	1.0
-0.00011363256635377184	1.0
0.0	0.0
-0.0010247379541397095	1.0
-2.500270568361884e-07	0.0
0.0	0.0
0.0	0.0
0.0	0.0
0.0	0.0
0.0	0.0
-3.899999612144711e-08	0.0
0.0	0.0
-0.0018185704248026013	0.0
-7.3071326767149e-10	0.0
0.0	0.0
-0.00017208389181178063	0.0
0.0	0.0
0.0	0.0
0.0	0.0
-1.814678580558393e-05	0.0
0.0	0.0
0.0	0.0
0.0	0.0
0.0	0.0
0.0	0.277
-1.3117330581735587e-06	0.0
0.0	0.0
-3.6764706123904034e-07	0.0
0.0	0.0
-0.0007491608266718686	0.0
0.0	0.0
0.0	0.0
0.0	0.0
0.0	0.538
-3.9178721635835245e-06	0.0
-3.7268684991431655e-06	0.0
-0.02906063012778759	0.0
-0.014178360812366009	0.0
0.0	0.0
-0.00020006090926472098	0.0
0.0	0.0
0.0	0.0
0.0	0.0
-0.0018292955355718732	0.0
-0.001883099670521915	0.0
0.0	0.0
-0.0006419051205739379	0.0
0.0	0.0
0.0	0.0
-0.0006548327510245144	0.0
0.0	0.0
-5.769089057139354e-06	0.0
-0.01142424438148737	0.0
-0.001098295790143311	0.0
0.0	0.0
-1.5501655070693232e-05	0.0
0.0	0.0
-0.001320172450505197	0.0
0.0	0.0
0.0	0.0
-0.001854653935879469	0.0
0.0	0.0
-0.0004067383415531367	0.0
0.0	0.0
0.0	0.0
-1.9893232092726976e-05	1.0
-1.250211334991036e-05	0.0
-0.003897119779139757	0.0
0.0	1.0
0.0	0.0
0.0	0.0
0.0	0.0
-0.00044595031067728996	0.0
0.0	0.0
0.0	0.0
0.0	0.0
-9.419990237802267e-05	0.0
-4.4653489239543376e-11	0.0
0.0	0.0
-0.001212201314046979	0.0
-1.6619978850940242e-05	0.0
0.0	0.0
0.0	0.0
-4.056258694618009e-05	0.0
0.0	1.0
0.0	0.0
0.0	1.0
0.0	0.0
0.0	0.0
-0.00011225651542190462	0.0
-0.00031087195384316146	0.0
-4.2013613921199067e-08	0.0
0.0	0.0
0.0	0.462
0.0	0.0
-7.157603977248073e-05	0.462
0.0	0.0
-8.63987224875018e-05	0.0
0.0	0.0
0.0	1.0
0.0	0.0
0.0	0.0
0.0	0.0
-0.000490973237901926	0.0
-0.010082877241075039	0.0
0.0	0.0
0.0	0.0
-4.1149665776174515e-05	0.0
0.0	0.0
-4.8635520215611905e-05	0.0
-2.0745005713251885e-07	0.0
-4.116749963145594e-08	0.0
0.0	0.0
-9.86007580650039e-05	1.0
-0.03490396961569786	0.0
-0.0004900958738289773	0.0
0.0	0.0
-0.0007370380335487425	0.0
0.0	0.0
-0.005147923715412617	0.0
0.0	0.0
-0.00016774250252638012	0.0
0.0	0.0
-0.003125034971162677	0.0
0.0	0.0
-1.0065999731523334e-06	0.0
-1.899738369002743e-13	0.0
-4.100608566659503e-05	0.0
0.0	1.0
-0.0004326065827626735	0.0
0.0	0.006
0.0	0.0
-0.001598623231984675	0.0
-0.0036519146524369717	0.011152416356877323
0.0	0.0
0.0	0.0
0.0	0.0
0.0	0.0
-0.001926132128573954	0.0
-0.0001614033244550228	0.0
-0.001230131834745407	0.0
0.0	0.0
-2.3885638711362844e-06	0.0
0.0	1.0
-3.699073931784369e-05	0.0
-0.0001613440690562129	0.0
-1.3564769687945955e-05	0.0
0.0	0.0
-0.0002925598528236151	0.0
0.0	0.0
-0.00014400451618712395	0.0
0.0	0.0
-0.00012276569032110274	0.0
-3.143844073960622e-09	0.0
0.0	0.0
-0.00047812770935706794	0.0
0.0	0.0
