0.0	0.0
0.0	0.0
0.0	0.0
0.0	0.0
-0.0023564351722598076	0.0
-0.0008505775476805866	0.0
-0.0006277348729781806	0.0
0.0	0.0
-1.1935102520510554e-05	0.0
0.0	0.0
-0.0030202025081962347	0.0
-0.0004890698473900557	0.0
-6.428921324186376e-07	0.0
-0.003326873295009136	0.0
0.0	0.0
0.0	0.0
0.0	1.0
0.0	1.0
0.0	1.0
-0.0032603684812784195	0.0
0.0	0.0
-5.146787316334667e-07	1.0
-0.0001601691183168441	0.0
-0.0003214112075511366	1.0
0.0	1.0
0.0	0.0
-0.001457958365790546	0.006
0.0	0.0
-0.0037135162856429815	0.0
0.0	0.006
-4.1618768591433764e-05	0.006
0.0	0.006
0.0	0.0
0.0	0.0
0.0	0.0
0.0	0.0
-9.970969404093921e-05	0.0
-6.2550840084441e-05	1.0
0.0	0.0
-0.0016459851758554578	0.0
0.0	0.0
-0.030961910262703896	0.0
-0.005929052364081144	0.0
0.0	0.0
0.0	0.0
0.0	0.0
-0.0002554809325374663	0.0
0.0	0.0
0.0	0.0
0.0	0.0
-5.350664650904946e-06	0.0
0.0	0.0
0.0	0.0
-1.8382492271484807e-05	0.0
-0.000842117762658745	0.0
-0.0008597918786108494	0.0
0.0	0.0
0.0	0.0
-1.572831388330087e-05	0.0
-4.0815722329723414e-11	0.0
0.0	0.0
-4.955088115821127e-06	0.0
0.0	0.0
0.0	0.0
0.0	0.0
0.0	0.0
-0.002663772087544203	0.0
-5.265379877528176e-05	0.0
0.0	0.0
0.0	0.0
-8.009570819922374e-07	0.009
-0.0037795151583850384	0.009
-5.087218255539483e-07	0.009
0.0	0.0
0.0	0.0
-0.0007638269453309476	0.0
-8.219832670874894e-05	0.0
-0.00037123754736967385	0.0
-0.002343085827305913	0.0
0.0	0.0
0.0	0.0
0.0	0.0
0.0	0.0
0.0	0.0
-0.0005907730665057898	0.0
0.0	0.0
-2.5954645025194623e-05	0.0
0.0	0.0
-0.0038608196191489697	0.0
0.0	0.0
0.0	0.0
0.0	0.0
0.0	0.0
-0.001285149366594851	0.0
-7.65055519877933e-05	0.0
-1.9840679499338876e-07	1.0
0.0	1.0
0.0	0.0
0.0	1.0
0.0	1.0
-0.00030607267399318516	1.0
-0.00492443609982729	0.0
-2.272388321955532e-08	0.0
0.0	0.0
0.0	1.0
-4.3679077066371974e-07	1.0
-2.9554907087003812e-05	0.0
-0.0001702432200545445	0.0
0.0	1.0
0.0	0.0
0.0	1.0
0.0	0.0
0.0	0.0
0.0	0.0
0.0	0.0
-0.0014929110184311867	0.0
0.0	0.0
0.0	0.0
0.0	0.0
0.0	0.0
0.0	0.0
0.0	0.0
-1.177536523755407e-05	0.0
-0.0011080808471888304	0.0
0.0	0.0
-0.022097090259194374	0.0
0.0	0.0
-1.0275013664795551e-05	0.0
0.0	1.0
-4.377967499635815e-08	0.0
0.0	0.0
-1.8117297031494672e-06	0.0
0.0	0.0
0.0	0.0
-0.002165418118238449	0.0
0.0	0.0
-4.703330432676012e-06	0.0
-4.6233612920332234e-06	0.0
-1.5173802125900693e-07	0.0
0.0	0.0
0.0	0.0
0.0	0.0
-0.00019183075346518308	0.0
0.0	0.0
-0.006162581965327263	0.0
0.0	0.0
0.0	0.0
-0.0046363878063857555	0.0
0.0	0.0
-0.0028107354883104563	0.0
0.0	1.0
0.0	1.0
0.0	0.05925925925925926
0.0	0.0
0.0	0.008
0.0	0.0
-0.0005364750977605581	0.0
0.0	0.0
0.0	1.0
-9.188814146909863e-06	1.0
0.0	0.0
0.0	1.0
0.0	0.0
0.0	0.0
0.0	0.0
0.0	0.0
0.0	0.0
0.0	0.0
0.0	0.0
-4.363566404208541e-06	0.0
0.0	0.0
-4.6339904656633735e-05	0.0
-4.338902126477251e-09	0.0
-0.00661090575158596	0.0
0.0	0.0
0.0	0.0
0.0	0.0
0.0	0.0
0.0	0.083
0.0	0.0
0.0	0.0
-1.2782399506469275e-15	0.0
0.0	0.083
-0.000146724414662458	0.083
0.0	0.0
0.0	0.0
0.0	0.0
-0.0010298046981915832	0.0
-0.00011268844536971301	0.0
0.0	0.0
0.0	0.0
0.0	0.0
0.0	0.0
0.0	0.0
-2.4279923849235274e-08	0.0
-0.005291111301630735	0.0
-0.004986721556633711	0.0
0.0	0.0
-0.0007420714246109128	0.0
-0.00025826733326539397	0.0
0.0	1.0
-0.0014393446035683155	0.0
0.0	1.0
0.0	0.0
-0.00024395906075369567	0.0
-0.00043939234456047416	0.0
0.0	0.0
-2.9876096959924325e-05	0.0
0.0	0.0
0.0	0.0
-2.0618599592125975e-06	0.0
0.0	0.0
0.0	0.0
0.0	0.0
0.0	0.0
0.0	0.0
0.0	0.0
0.0	0.0
0.0	0.0
-1.8849004301824124e-10	0.0
0.0	0.0
0.0	0.0
0.0	0.0
0.0	0.0
-2.885958383558318e-05	0.0
-0.0005328769329935312	0.0
0.0	0.0
-0.0018213533330708742	0.0
0.0	0.0
-8.969742339104414e-05	0.0
-1.0441248150527827e-06	0.0
0.0	0.0
-0.0006548571400344372	0.0
-0.002556342864409089	0.0
0.0	0.0
-0.004606717731803656	0.0
0.0	0.0
-0.010565109550952911	0.0
-9.296746611653361e-06	0.0
-2.836428620867082e-07	0.0
0.0	0.0
0.0	0.0
-0.0015800645342096686	0.0
-0.0003998066240455955	0.0
-0.00668302783742547	0.0
0.0	0.0
-5.139787049301958e-07	0.0
0.0	0.0
0.0	0.0
-0.003730673808604479	0.0
0.0	0.0
0.0	0.0
0.0	0.0
0.0	1.0
0.0	0.0
-2.6835372409550473e-05	1.0
0.0	0.0
0.0	0.0
-0.0020538251847028732	0.0
0.0	1.0
-2.336235593247693e-05	0.0
-0.001592374057509005	0.22
0.0	0.0
0.0	0.219
0.0	0.219
-0.00860610231757164	0.0
0.0	0.219
-0.0002539360139053315	0.219
0.0	0.219
0.0	0.0
0.0	0.0
-3.828801254712744e-06	0.0
-0.0007492110598832369	0.0
0.0	0.0
-1.1542864086777627e-07	0.0
0.0	0.0
-0.001353297382593155	0.0
-1.3297396606049006e-07	0.0
-7.776745292176201e-07	0.0
0.0	0.0
-0.003812188981100917	0.0
0.0	0.0
-6.278116416069679e-06	0.0
-0.0004374649142846465	0.0
-3.9271326386369765e-06	0.0
-0.03692082315683365	0.0
-0.0033643669448792934	0.0
-1.9598825019784272e-05	0.0
0.0	0.0
0.0	0.0
-0.0007722867303527892	0.0
0.0	0.0
0.0	0.0
-0.0012297432404011488	0.0
-0.0028967123944312334	0.0
0.0	0.0
-0.0019551003351807594	0.0
-0.0007791246753185987	0.0
0.0	0.0
0.0	0.0
-2.1453926635217613e-08	1.0
0.0	1.0
-0.00015090777014847845	0.0
0.0	0.0
0.0	0.0
-0.0006428972701542079	0.0
-0.014890020713210106	0.0
0.0	0.0
0.0	0.0
0.0	0.0
0.0	0.0
0.0	0.0
0.0	0.0
0.0	0.0
-0.0009555183933116496	0.0
0.0	1.0
0.0	0.0
0.0	1.0
0.0	0.0
0.0	1.0
-0.0012305958662182093	0.001
-7.387767982436344e-05	0.0
-0.0005646601784974337	0.007407407407407408
0.0	0.0
0.0	0.001
0.0	0.0
0.0	0.001
0.0	0.0
-5.677356057276484e-06	0.0
0.0	0.0
0.0	0.0
0.0	0.0
0.0	0.0
-2.855920229194453e-07	0.0
0.0	0.0
0.0	0.0
-0.0010130794253200293	0.0
0.0	0.0
0.0	0.0
-0.00020699412561953068	0.0
0.0	0.0
0.0	0.0
0.0	0.0
-0.004146179184317589	0.0
-0.0023519694805145264	0.0
0.0	0.0
0.0	0.0
-0.01688021793961525	0.0
0.0	0.0
-5.834835610585287e-05	0.0
0.0	1.0
-0.024525102227926254	0.0
-0.0016935543389990926	0.0
0.0	0.0
0.0	0.10714285714285714
0.0	0.0
0.0	0.0
0.0	0.0
0.0	1.0
-1.683002522068211e-11	0.135
0.0	0.0
-1.795510962132596e-11	0.0
0.0	0.135
-0.0006087722722440958	0.0
0.0	0.0
-0.0014790812274441123	0.0
0.0	0.0
-0.00015933111717458814	0.135
0.0	0.0
-9.07582671061391e-06	0.0
0.0	0.0
0.0	0.0
0.0	0.0
-8.973036892712116e-05	1.0
0.0	0.0
-0.00018287802231498063	0.0
0.0	0.0
0.0	0.0
0.0	0.0
0.0	0.0
0.0	0.0
-1.898150185297709e-05	0.0
0.0	0.0
0.0	0.0
0.0	0.0
0.0	0.0
-7.045561505947262e-05	0.0
0.0	0.0
-5.689658451046853e-07	0.0
0.0	0.0
0.0	0.0
0.0	0.0
0.0	0.0
0.0	0.0
0.0	0.0
-2.2257336240727454e-05	0.0
-0.00022056043962948024	0.0
-0.005358661524951458	0.0
0.0	0.0
-1.4674237718281802e-06	0.0
0.0	0.0
-0.0007491219439543784	0.0
0.0	0.0
0.0	0.0
0.0	1.0
-9.120858157984912e-05	0.0
0.0	0.0
0.0	0.0
-0.00017531700723338872	0.0
0.0	0.0
-0.002507866360247135	0.0
0.0	0.0
0.0	0.0
0.0	0.0
0.0	0.0
-9.416228152758777e-08	0.0
-3.7084978430357296e-06	1.0
-0.0024481972213834524	0.0
-8.610151780885644e-06	0.0
0.0	0.0
0.0	0.0
-0.0008570809732191265	0.0
0.0	0.0
0.0	0.0
0.0	0.0
0.0	0.0
0.0	0.0
-0.0004786324570886791	0.0
-0.0002650344686117023	0.0
-0.006288103759288788	0.0
0.0	0.0
0.0	0.0
0.0	0.0
-3.5017474147025496e-05	0.0
0.0	0.0
0.0	0.0
-5.986918949929532e-06	0.0
0.0	0.07
0.0	0.0
0.0	0.07
0.0	0.07
-6.911378477525432e-06	0.07
0.0	0.07
0.0	0.07
0.0	0.0
0.0	1.0
0.0	0.0
-0.026381993666291237	0.0
-0.00013250726624391973	0.0
-0.0010918229818344116	0.0
-0.00015067230560816824	0.0
0.0	0.0
-0.0004812674014829099	0.0
-0.001229957677423954	0.0
0.0	0.0
-0.006539463996887207	0.0
0.0	0.0
-0.0009338706731796265	0.219
-9.561230399413034e-05	0.0
0.0	0.0
0.0	0.0
-0.0014100857079029083	0.0
0.0	0.0
0.0	0.0
-2.1833386199432425e-05	0.0
0.0	0.0
0.0	0.0
-2.1277814084896818e-05	0.0
-1.8556221448307042e-06	0.0
-1.839447463680699e-06	0.0
0.0	0.0
-0.0007700499845668674	0.0
0.0	0.0
0.0	0.0
0.0	0.0
-0.004652988165616989	0.0
-0.00015323059051297605	0.0
0.0	0.0
0.0	0.0
0.0	0.0
0.0	0.0
-1.4375585521975154e-07	0.0
0.0	0.0
-0.0030736057087779045	0.0
0.0	0.0
-0.00331477471627295	0.0
0.0	0.0
-0.009547093883156776	0.0
-0.006499077193439007	0.0
0.0	0.0
0.0	0.0
-0.0004699150158558041	0.0
0.0	0.0
0.0	0.0
-1.9508278851648583e-17	0.0
0.0	0.0
-3.2176446893572574e-06	0.0
-0.0013074015732854605	0.0
-2.1473928427440114e-05	0.0
0.0	0.0
0.0	0.0
-4.4756812712876126e-05	0.0
-0.0001958851789822802	0.0
0.0	0.0
-5.9176559261686634e-06	0.0
0.0	0.0
-4.5407779225570266e-07	0.0
-2.5118076791841304e-06	0.0
0.0	0.0
0.0	0.0
-0.00019613216863945127	0.0
-5.002977923140861e-05	0.0
0.0	0.0
-0.001076721353456378	0.0
0.0	0.0
0.0	0.0
0.0	0.0
0.0	1.0
0.0	0.0
-3.678860957734287e-05	0.0
-0.0004019287007395178	0.0
0.0	0.0
0.0	0.0
0.0	0.0
0.0	0.0
-0.0002657260629348457	0.0
-0.00021202737116254866	0.0
0.0	0.0
-1.4376082617673092e-05	0.0
0.0	1.0
0.0	0.0
-0.00012000919377896935	0.0
-0.0031066013034433126	0.0
-8.230600911929287e-08	0.865
0.0	0.0
-0.00018493954848963767	0.865
0.0	0.0
-3.15888537443243e-05	0.0
0.0	0.0
-4.819969035452232e-05	0.865
0.0	0.865
0.0	0.0
0.0	1.0
-0.00030004416476003826	1.0
-0.003369254292920232	0.0
-0.0001416024169884622	1.0
0.0	0.0
0.0	1.0
-0.010856312699615955	0.0
-5.2490446250885725e-05	0.0
0.0	0.0
0.0	0.0
0.0	0.0
0.0	0.0
0.0	1.0
0.0	1.0
-1.237201185944059e-08	1.0
-1.5357446727648494e-06	1.0
0.0	1.0
-4.5020196921541356e-06	1.0
0.0	0.0
0.0	0.0
-0.00017745867080520838	0.0
0.0	0.0
-0.00011585817264858633	0.0
-5.5562522902619094e-05	0.0
-6.441329105655313e-07	0.0
-8.731396519578993e-05	0.0
-0.0009590816916897893	0.0
0.0	0.0
0.0	0.0
-0.0048675271682441235	0.0
0.0	0.0
0.0	0.0
0.0	0.0
0.0	0.0
0.0	0.0
0.0	0.0
-0.028889885172247887	0.0
0.0	0.0
0.0	0.0
0.0	0.0
-0.0004916853504255414	0.0
0.0	0.0
0.0	0.0
0.0	0.0
0.0	0.0
-0.00014390962314791977	0.0
0.0	1.0
-0.00010937039041891694	0.0
0.0	0.0
-0.006030121352523565	0.0
0.0	0.0
0.0	0.0
-7.652354838683095e-07	0.0
-1.4584491509594955e-05	0.0
-0.0005605374462902546	1.0
-0.004281320609152317	0.0
-0.005654416047036648	0.0
0.0	0.0
0.0	0.0
-0.0005961990682408214	0.0
-0.0006497929571196437	0.0
-0.004753863904625177	0.0
0.0	0.0
-0.004578688647598028	0.0
0.0	0.0
0.0	0.0
0.0	0.0
0.0	0.0
-0.00013647133891936392	1.0
-0.0007034582085907459	0.0
-1.0122588491867646e-06	1.0
-6.795924491598271e-06	1.0
-0.005723048932850361	0.0
-2.398116123458749e-07	0.0
0.0	0.0
-7.750954682705924e-05	0.0
-1.300066543308276e-07	0.0
-7.030060800161664e-08	0.0
0.0	0.0
-0.014465860091149807	0.0
-0.02361537143588066	0.0
0.0	0.0
0.0	0.0
0.0	0.0
0.0	0.0
0.0	0.0
0.0	0.0
-0.0011311315465718508	0.0
0.0	0.0
-6.695739284623414e-05	0.0
0.0	0.0
-2.3155049348133616e-05	0.0
0.0	0.0
0.0	0.0
-0.0002339516213396564	0.0
-3.8278935221569554e-07	0.0
-0.0027295181062072515	0.016
0.0	0.016
0.0	0.016
-0.002084690611809492	0.0
0.0	0.0
-1.0733681392594008e-06	0.0
-9.325821156380698e-05	0.0
0.0	0.0
0.0	0.0
0.0	0.0
0.0	0.0
0.0	0.0
0.0	0.0
-5.375701675802702e-06	0.0
0.0	0.0
0.0	0.0
0.0	1.0
-1.1150048521813005e-05	0.0
-2.5078972612391226e-05	1.0
-3.5982018289359985e-06	1.0
0.0	1.0
-7.627939112872604e-15	0.0
0.0	0.0
0.0	1.0
0.0	1.0
0.0	0.0
-0.025165418162941933	0.0
-0.009660198353230953	0.0
0.0	1.0
0.0	1.0
-0.0027575178537517786	1.0
0.0	0.0
0.0	1.0
-6.70583758619614e-05	0.0
0.0	0.0
-0.011192582547664642	0.0
-0.0008411237504333258	0.0
0.0	0.0
0.0	0.0
0.0	0.0
0.0	0.0
0.0	0.0
0.0	0.0
0.0	0.0
0.0	0.0
-0.013550353236496449	0.0
0.0	0.0
0.0	0.0
-0.0003267397696617991	0.0
-0.00011406418343540281	0.0
0.0	0.0
0.0	0.0
0.0	0.0
0.0	0.0
-0.0013745157048106194	0.0
-0.0007552429451607168	0.0
-1.3470956794492395e-08	0.0
0.0	0.0
-0.007773787714540958	0.0
0.0	0.0
0.0	0.0
-0.0043686768040061	0.0
0.0	0.0
-1.8850533634040545e-10	0.0
0.0	0.0
-3.003098925091763e-08	0.0
0.0	0.0
-0.0019388477085158229	0.0
-8.913182227843208e-07	0.0
0.0	0.0
-5.756304744863883e-06	0.0
-2.4703319922991795e-07	0.0
0.0	0.0
-4.6144275984261185e-05	0.0
-0.0009022510494105518	0.0
0.0	0.0
-0.00019240847905166447	0.0
0.0	0.0
-0.0007525496766902506	0.0
-3.5514572118700016e-06	0.0
0.0	0.0
-1.9580379984063256e-08	0.0
-1.1406613339204341e-05	1.0
0.0	1.0
0.0	0.0
0.0	0.0
-1.4570704479410779e-05	0.0
-6.755058711860329e-05	0.0
0.0	1.0
-0.019738778471946716	0.0
0.0	0.0
-0.0001115669947466813	0.0
0.0	0.0
0.0	0.0
-0.0033928898628801107	0.0
0.0	0.0
0.0	0.0
0.0	0.0
0.0	0.0
0.0	1.0
0.0	0.219
0.0	1.0
0.0	0.0
0.0	1.0
0.0	0.0
0.0	0.003
-0.000796697975602001	0.0
0.0	0.0
-0.00019354898540768772	0.0
0.0	0.0
0.0	0.0
-4.542700438037173e-09	0.0
0.0	0.0
-1.2718458037852542e-06	0.0
0.0	0.0
0.0	0.0
0.0	0.0
0.0	0.0
0.0	0.0
-0.0012038564309477806	0.0
-0.006051499862223864	0.0
0.0	0.0
0.0	0.0
-8.475319918943569e-05	0.0
0.0	1.0
-0.003915882669389248	1.0
0.0	1.0
-2.9813800210831687e-05	0.0
-0.0024821695405989885	0.0
0.0	1.0
0.0	1.0
-4.884284862782806e-05	0.001
0.0	1.0
0.0	1.0
-9.064760888577439e-06	1.0
-9.40525860642083e-05	1.0
0.0	0.0
0.0	0.0
-9.580054211255629e-06	0.0
0.0	0.0
0.0	1.0
-0.004071640316396952	0.0
-8.987960609374568e-05	0.0
-2.6309768145438284e-05	0.0
0.0	0.0
0.0	1.0
-3.9008773455861956e-07	1.0
0.0	0.0
0.0	1.0
0.0	1.0
-0.00012795337534043938	0.0
0.0	0.0
-0.00016050506383180618	1.0
0.0	0.0
0.0	0.0
0.0	0.0
0.0	0.0
0.0	0.0
-0.0009717437787912786	1.0
0.0	0.0
0.0	0.0
0.0	0.0
-1.3641960450172519e-08	0.0
0.0	0.0
-0.0015227313851937652	1.0
-1.0541317351453472e-05	0.0
-0.00022534106392413378	0.0
0.0	0.0
-6.756283255526796e-05	0.0
0.0	0.0
-2.930715368165693e-07	0.0
0.0	0.0
-9.162093192571774e-05	0.0
-5.155071630724706e-05	0.0
0.0	0.0
0.0	0.0
-0.0022935287561267614	0.0
0.0	0.0
0.0	0.0
0.0	0.0
-4.48986056666989e-11	0.0
-0.0003966358199249953	0.0
-2.1059087885078043e-05	0.0
0.0	0.0
0.0	0.0
0.0	0.0
-0.003721098182722926	0.0
-2.1310668507634745e-11	0.0
0.0	0.0
-0.004369143862277269	0.0
0.0	0.0
-3.41968203754206e-10	0.0
0.0	0.0
0.0	0.0
-0.012147325091063976	0.0
0.0	0.0
0.0	0.0
-3.39433060651817e-12	0.0
-0.00037045261706225574	0.0
0.0	0.0
0.0	0.0
0.0	0.0
0.0	0.0
-7.826173487046617e-09	0.135
0.0	0.0
-5.225020345278608e-07	0.0
0.0	0.0
0.0	0.0
-0.0011186039773747325	0.0
0.0	0.0
0.0	0.0
0.0	0.0
0.0	0.0
0.0	1.0
-0.00013990429579280317	0.0
0.0	0.0
0.0	0.0
-0.0062908451072871685	0.0
-1.9124532627756707e-05	0.0
-0.0022426904179155827	0.0
0.0	0.0
-0.0003081312752328813	0.0
0.0	0.0
0.0	0.0
0.0	0.0
0.0	0.0
0.0	0.0
-6.219703152510192e-08	0.0
-0.003680179128423333	0.0
0.0	0.0
0.0	0.0
-0.006457597948610783	0.0
0.0	0.0
0.0	0.0
0.0	0.0
0.0	1.0
0.0	1.0
0.0	0.0
0.0	0.0
-0.0004406065563671291	0.0
0.0	0.0
0.0	0.0
-0.0039307791739702225	0.0
-4.290938250051113e-06	0.0
0.0	0.0
0.0	0.0
-4.04845159209799e-05	0.0
0.0	0.0
0.0	0.0
-0.0006580960471183062	0.0
-0.0001123367837863043	0.0
0.0	0.0
0.0	0.0
0.0	0.0
-0.0002944163861684501	0.0
0.0	0.0
-0.00043049646774306893	0.0
-0.0006694216863252223	0.0
0.0	0.0
-1.2841518355344306e-06	0.0
-1.071990407552903e-08	0.002
-0.00028743516304530203	0.002
0.0	0.0
-1.524143300457581e-08	0.0
0.0	0.0
0.0	0.0
0.0	0.0
0.0	0.0
-1.112374992118248e-08	0.0
0.0	0.0
0.0	0.0
0.0	0.0
0.0	0.0
-0.005783212371170521	0.0
0.0	0.0
0.0	0.0
-0.0009282425744459033	0.0
0.0	0.0
-2.6248842915866863e-14	0.0
-0.002997279167175293	0.0
0.0	0.0
0.0	0.0
-0.0002815903862938285	0.0
0.0	0.0
-0.006866839714348316	0.0
-1.5420864656334743e-05	1.0
0.0	0.0
0.0	0.0
0.0	0.0
0.0	0.0
0.0	0.0
0.0	0.0
0.0	0.0
0.0	0.0
0.0	0.0
-3.473242759355344e-05	0.002
-1.822382046157145e-06	0.0
-2.083388426399324e-05	0.002
0.0	0.002
-0.0006298895459622145	0.0
0.0	0.0034071550255536627
0.0	0.0
-2.6281393729732372e-05	0.002
-3.50357765910303e-07	0.002
-9.746727300807834e-05	0.0
0.0	0.0
-1.3256248543314086e-08	0.002770083102493075
0.0	0.0
0.0	0.0
0.0	0.278
0.0	0.0
0.0	0.278
0.0	0.0
-4.906101366941584e-06	0.0
-0.001918321824632585	0.278
0.0	0.0
0.0	0.278
-0.0030517566483467817	0.0
0.0	0.278
0.0	0.0
0.0	0.0
0.0	0.0
-0.019785569980740547	0.0
0.0	0.0
-0.0004748747160192579	0.0
-0.0018834259826689959	0.0
0.0	0.0
0.0	0.0
-1.2218486666881745e-08	0.0
0.0	0.0
-0.001024198834784329	0.0
