-0.0013733628438785672	0.0
0.0	0.0
-0.0004635267541743815	0.0
-0.000799106084741652	0.0
-0.0013939699856564403	0.0
0.0	0.001
0.0	0.001
-0.001378625980578363	0.0
-0.0007602159166708589	0.0
0.0	0.003
0.0	0.0
0.0	0.0
0.0	0.0
0.0	0.0
-0.00020325281366240233	0.0
0.0	0.0
-3.860442120640073e-06	0.0
-1.840880941017531e-05	0.0
0.0	0.0
-1.2699913440883392e-06	0.0
0.0	0.0
0.0	0.0
0.0	0.0
0.0	0.0
-1.4486172403849196e-05	0.0
0.0	0.0
-0.0010659561958163977	0.0
-0.016774488613009453	0.0
-4.073918898939155e-05	0.0
-0.00924478005617857	0.0
0.0	0.0
-3.2806121453177184e-05	0.0
0.0	1.0
-6.50142396807496e-07	1.0
0.0	0.0
0.0	1.0
0.0	1.0
0.0	1.0
-9.126488293986768e-05	1.0
-0.0018661265494301915	1.0
0.0	0.0
-6.309258424153086e-06	0.0
0.0	0.0
0.0	0.0
0.0	0.0
-0.004077192395925522	0.0
-0.1996793895959854	0.0
-0.002004066249355674	0.0
0.0	0.0
0.0	0.0
-0.01718367636203766	0.0
0.0	0.0
-9.701496310299262e-05	0.025
0.0	0.025
0.0	0.0
0.0	0.0
0.0	0.025
0.0	0.0
0.0	0.0
0.0	0.025
0.0	0.0
-7.373085827566683e-05	0.0
-7.662694088139688e-07	0.0
-3.7030175008112565e-05	0.0
0.0	0.0
-0.00014624869800172746	0.0
-0.015675019472837448	0.025
-8.468077430734411e-05	0.0
-1.2005631333522615e-07	0.025
-3.29912153027833e-17	0.0
-0.0005890126922167838	0.0
-6.990951806074008e-05	0.025
0.0	1.0
-1.794866832938169e-08	1.0
0.0	1.0
-7.017821189947426e-05	0.0
-0.0002725872036535293	0.0
-4.817763965547783e-06	0.0
0.0	0.0
-9.433101126887777e-07	0.004
0.0	0.004
0.0	0.0
-9.43075178838626e-07	0.0
-0.003962278366088867	0.0
-4.8490190238226205e-05	0.0
-3.721298222776051e-15	0.0
0.0	0.0
0.0	0.0
-0.0037144895177334547	0.0
-0.002555136103183031	0.0
0.0	1.0
0.0	0.0
0.0	0.0
0.0	0.0
-0.0010304246097803116	0.0
0.0	0.0
-0.002305080648511648	0.0
0.0	0.0
0.0	0.0
-0.009066900238394737	0.0
0.0	1.0
0.0	0.0
0.0	0.0
0.0	0.0
-0.0003174227604176849	0.0
-0.002222625305876136	0.0
0.0	0.0
0.0	0.0
-1.5698852848800016e-06	0.0
-3.4808877558134554e-07	0.0
-2.449917246849509e-06	0.0
0.0	0.0
-0.0006385489250533283	0.0
-0.0026386301033198833	0.0
-0.0016635736683383584	0.0
-0.0007946104742586613	0.0
0.0	0.0
0.0	0.0
0.0	0.0
0.0	0.0
-5.007796843869983e-08	0.0
0.0	0.0
-3.596741180444951e-07	0.0
0.0	0.0
-0.0007049493142403662	0.0
-0.00012768885062541813	0.0
-0.0007971978629939258	0.0
0.0	0.0
-6.600869824069378e-07	0.0
-0.0013534456957131624	0.0
0.0	0.0
-1.2159037396486383e-05	0.0
0.0	0.0
-0.0034878933802247047	0.0
0.0	0.0
-6.14144082646817e-05	0.0
0.0	0.0
-1.4200443843037647e-07	0.0
0.0	0.0
0.0	0.0
-2.193332164779349e-07	0.0
-9.033840797201265e-06	0.0
-0.008835763670504093	0.0
0.0	0.0
-0.0002098894474329427	0.0
0.0	0.0
0.0	0.0
-0.00413564732298255	0.0
0.0	1.0
-0.00670560821890831	0.0
0.0	1.0
0.0	1.0
-0.004862678702920675	0.0
0.0	1.0
0.0	1.0
-2.3583321406839275e-10	1.0
-2.390321242273785e-06	1.0
0.0	1.0
0.0	0.0
0.0	0.0
-0.00015715972403995693	0.0
0.0	0.005
0.0	0.005
0.0	0.0
0.0	0.005
0.0	0.005
-5.532930572371697e-06	0.005
0.0	0.0
-0.0014466028660535812	0.0
0.0	0.005
-4.452722635051032e-07	0.005
-0.001126572024077177	0.0
0.0	0.0
-6.624556192491582e-08	0.0
-0.00044252851512283087	0.0
-0.003711947938427329	0.0
0.0	0.0
-0.00014939677203074098	1.0
0.0	0.0
-0.0011735818115994334	1.0
0.0	0.005
0.0	0.005
0.0	0.005
-1.3443006537272595e-05	1.0
0.0	0.0
-0.0007116859778761864	0.0
-0.009573078714311123	0.0
0.0	0.0
0.0	0.0
-0.016005419194698334	0.0
-1.3316227231996436e-08	0.0
0.0	0.0
0.0	0.0
0.0	0.0
-0.002462228760123253	0.0
0.0	0.0
0.0	0.0
0.0	0.0
0.0	0.0
-0.0008203347679227591	0.0
0.0	0.0
-6.519563612528145e-05	0.0
0.0	0.0
-0.023795567452907562	0.0
-0.00980959553271532	0.0
0.0	0.0
0.0	0.0
0.0	0.0
-1.8600231896925834e-06	0.0
0.0	0.0
0.0	0.0
0.0	0.0
-0.017671696841716766	0.0
0.0	1.0
-2.004429370572325e-05	0.0
0.0	0.0
0.0	1.0
-6.124948465080493e-11	0.0
-0.005628915037959814	0.0
0.0	0.0
0.0	0.0
0.0	0.0
-0.0034208553843200207	0.0
-5.18774855972487e-13	0.0
0.0	0.0
-3.5735800452130206e-07	0.0
-0.0022546995896846056	0.0
-1.2597740806086222e-07	0.0
0.0	0.0
0.0	1.0
0.0	0.0
0.0	0.0
0.0	0.0
-0.0010872946586459875	0.0
0.0	0.0
0.0	0.0
0.0	0.0
-1.2406634596118238e-05	0.0
-0.0003793513460550457	0.0
-4.220286882627988e-06	0.0
0.0	0.0
0.0	0.0
0.0	0.0
0.0	0.004
-0.00011089704639744014	0.004
0.0	0.0
-0.003552243346348405	0.0
0.0	0.0
0.0	0.0
-0.0007699240813963115	0.0
-0.0002262732305098325	0.0
0.0	1.0
-6.591891974494501e-07	0.0
-0.004072464071214199	0.0
-1.8190601167589193e-06	0.0
0.0	0.0
0.0	0.0
0.0	0.0
0.0	0.0
-9.481909302166969e-08	0.0
-5.656258128539093e-09	0.0
0.0	0.0
0.0	0.0
0.0	0.0
-0.00017648472567088902	0.0
0.0	0.0
0.0	0.0
-0.00035548099549487233	0.0
0.0	0.0
0.0	0.0
0.0	0.0
-9.813617651843742e-08	0.0
0.0	1.0
0.0	1.0
0.0	0.0
-2.836462499544723e-06	0.0
-0.003950835671275854	0.0
-3.518077210173942e-05	0.0
0.0	0.0
0.0	0.0
-4.143526894040406e-06	0.0
0.0	0.0
0.0	0.0
0.0	0.0
-0.0054546850733459	0.0
0.0	0.0
0.0	0.0
-4.053976681461791e-06	0.0
0.0	0.0
-3.045867060791352e-06	0.0
-1.3487408978107851e-05	0.0
-0.0018728156574070454	0.0
0.0	0.0
0.0	0.0
-1.2657102921309615e-08	0.0
0.0	0.0
-7.512924639740959e-06	0.0
0.0	0.0
0.0	0.0
0.0	0.0
0.0	0.0
0.0	0.0
-1.6728252376196906e-05	0.0
0.0	0.0
0.0	0.0
-0.011854961514472961	0.0
0.0	0.0
0.0	0.0
0.0	0.0
0.0	0.0
0.0	0.0
-1.5028845723463746e-08	0.0
-5.882892583031207e-05	0.0
0.0	0.0
0.0	0.0
-5.03149832908889e-09	0.0
-0.00025625599664635956	0.0
0.0	0.0
0.0	0.0
0.0	0.0
0.0	0.0
-7.852051453483e-09	0.0
0.0	0.0
-0.010153073817491531	0.0
-3.6640088740824694e-09	0.0
0.0	0.0
0.0	0.0
0.0	0.0
0.0	0.0
0.0	0.0
0.0	0.0
0.0	0.0
0.0	0.0
0.0	0.0
0.0	0.0
0.0	0.0
0.0	0.0
-2.43813178713026e-06	0.0
0.0	0.0
-5.6052849686238915e-05	0.0
-0.00019146791601087898	0.0
-4.778355784510781e-14	0.0
0.0	0.0
-1.4162252967575562e-11	0.0
0.0	0.0
0.0	0.0
-0.00019583529501687735	0.0
0.0	0.0
-6.076973932067631e-06	0.0
0.0	0.0
0.0	0.0
0.0	0.0
-0.00013506751565728337	0.0
-5.657295187866396e-10	0.0
-0.0202473271638155	0.0
-0.005875078961253166	0.0
0.0	0.0
-0.003212977899238467	0.0
-3.4675094866543077e-06	0.0
0.0	0.0
-0.016352776437997818	0.0
-0.000951995374634862	0.0
0.0	0.0
-3.783558349823579e-05	0.0
0.0	0.0
0.0	0.0
-0.00979915726929903	0.0
-0.0087521867826581	0.0
-0.0010476456955075264	0.0
-9.590585250407457e-07	0.0
0.0	0.0
-0.00968428049236536	0.0
0.0	0.0
0.0	0.0
0.0	0.0
0.0	0.0
0.0	0.0
-0.0060959248803555965	0.0
0.0	0.0
0.0	0.0
0.0	0.0
-0.001692871912382543	0.0
-7.374780125246616e-06	0.0
-0.011182171292603016	0.0
0.0	0.0
-0.006981758866459131	0.0
-0.0016619438538327813	0.0
-4.585248825605959e-05	0.0
0.0	0.0
0.0	0.0
0.0	0.0
0.0	0.0
0.0	0.0
0.0	0.0
0.0	0.0
-0.00021817395463585854	0.0
-0.008809632621705532	0.0
0.0	0.0
0.0	0.0
-2.480435910001688e-07	0.0
-4.477594848140143e-05	0.0
-0.04431784525513649	0.0
0.0	0.0
-0.0037279429379850626	0.0
-3.211519288015552e-05	0.0
-0.0014942432753741741	0.0
-1.0741370715550147e-05	0.0
-0.0001003886281978339	0.0
-0.00020756748563144356	0.0
0.0	0.0
0.0	0.0
0.0	0.0
-0.04119984433054924	0.0
-0.00039952510269358754	0.0
0.0	0.0
-0.0005938634276390076	0.0
0.0	0.0
-4.092951712664217e-06	0.0
-2.4114780899253674e-05	0.0
-2.5337627107546723e-07	0.0
0.0	0.0
0.0	0.0
-0.0003242001694161445	0.0
-0.0008155056275427341	0.0
0.0	0.0
0.0	0.0
0.0	0.0
0.0	0.0
0.0	0.0
0.0	0.0
0.0	0.0
0.0	0.0
0.0	0.0
0.0	0.0
0.0	0.0
0.0	0.0
0.0	0.0
0.0	0.0
-7.320998633986164e-07	0.0
-0.0016506629763171077	0.0
0.0	0.0
-0.0004984749830327928	0.0
-1.2553078931887285e-07	0.0
0.0	1.0
-0.00046605392708443105	0.0
0.0	0.0
-0.0026863310486078262	0.0
0.0	0.0
0.0	0.0
-0.0013186538126319647	0.0
-5.1285504014231265e-05	0.0
0.0	0.0
0.0	0.0
0.0	0.0
-0.009913471527397633	0.0
-0.0028590750880539417	0.0
0.0	0.0
0.0	0.0
-0.0010550121078267694	0.0
-0.1910959929227829	0.0
0.0	0.0
-0.002543830778449774	0.0
-0.0002979462151415646	0.0
-0.0007916950271464884	0.0
0.0	0.0
-1.2136143595853355e-05	0.0
-1.6216768926824443e-05	0.0
0.0	0.0
-2.483961907273624e-05	0.0
0.0	0.0
0.0	0.0
-0.00023036741185933352	0.0
0.0	0.0
0.0	0.0
-0.002103972714394331	0.0
0.0	0.0
0.0	0.0
0.0	0.0
-2.0428830068558446e-13	0.0
0.0	0.0
0.0	0.0
0.0	1.0
-0.0004957215278409421	0.0
0.0	0.0
0.0	1.0
0.0	0.0
-6.655067608107856e-09	0.0
0.0	0.0
-8.28975032618473e-07	0.0
-0.0002035023208009079	0.0
-1.3313024282979313e-06	0.0
-0.0012978313025087118	0.0
-0.027177531272172928	0.0
-3.511437898851e-05	0.0
0.0	0.0
0.0	0.0
0.0	0.0
0.0	0.0
0.0	0.0
-1.6031375852472093e-14	0.0
-0.0001234305091202259	0.0
0.0	0.0
-0.0008081090054474771	0.0
-4.3051986722275615e-06	0.0
0.0	0.0
-0.006414692383259535	0.0
0.0	0.0
-2.998583852331649e-07	0.0
0.0	0.0
0.0	0.0
-0.00018581224139779806	0.0
-0.006470697000622749	0.0
0.0	0.0
0.0	0.0
0.0	0.0
-0.0032225560862571	0.0
-0.0006266137352213264	0.0
-3.279860549820768e-10	0.0
0.0	0.0
0.0	0.0
-2.359699237786117e-06	0.0
0.0	0.0
0.0	0.0
0.0	0.0
-4.469737859835732e-07	0.0
0.0	0.0
-0.008946852758526802	0.0
0.0	0.0
-0.00042632457916624844	0.0
0.0	0.0
0.0	0.0
-0.0010793040273711085	0.0
0.0	0.0
0.0	1.0
-0.0007440427434630692	0.0
0.0	1.0
-0.0020997528918087482	0.0
-1.3711674910155125e-05	0.0
-2.5280776299041463e-06	0.0
-4.7241746869985946e-06	0.0
-7.129519303816778e-07	0.0
0.0	0.0
-8.087183687166544e-07	0.0
0.0	0.0
-8.837982022669166e-06	0.0
-2.4865710656740703e-05	0.0
-2.1821105633534899e-07	0.0
-9.441774454899132e-05	0.0
0.0	0.0
0.0	0.0
0.0	0.0
-5.143333510204684e-06	0.0
0.0	0.0
0.0	0.0
-0.011309110559523106	0.0
0.0	0.0
0.0	0.0
-0.002131666289642453	0.0
0.0	0.0
0.0	0.0
-0.002464201534166932	0.0
0.0	0.0
-0.001710368087515235	0.0
0.0	0.0
-0.0022034295834600925	0.0
0.0	0.0
-0.0027069856878370047	0.0
-0.0019766585901379585	0.0
0.0	0.0
0.0	0.0
0.0	0.0
0.0	0.0
-0.0014497317606583238	0.0
0.0	0.0
0.0	0.0
0.0	0.0
-8.340824911171399e-15	0.0
0.0	1.0
-0.00025958314654417336	1.0
0.0	0.0
0.0	0.0
-2.519475629014778e-06	1.0
-2.3406038963003084e-05	0.0
0.0	0.0
0.0	0.0
0.0	0.0
0.0	0.0
0.0	0.0
-2.6988875561073655e-06	0.0
0.0	0.0
-0.0021995895076543093	0.0
0.0	0.0
0.0	0.0
-0.00044052835437469184	0.0
-3.829060801763262e-08	0.0
0.0	0.0
-0.0033978570718318224	0.0
0.0	0.0
-0.0013893382856622338	0.0
0.0	0.0
0.0	0.0
0.0	0.0
0.0	0.0
0.0	0.0
-0.002535465406253934	0.0
0.0	0.0
-5.806691842735745e-05	0.0
-3.524128987919539e-05	0.005
-7.770605066070857e-07	0.005
-9.094532060771598e-08	0.0
-9.370833886634955e-09	0.0
0.0	0.0
0.0	0.0
0.0	0.0
-0.0005104573792777956	0.0
-5.486584541358752e-06	0.0
0.0	0.0
0.0	0.0
0.0	0.0
0.0	0.0
0.0	0.0
0.0	1.0
-0.0023625295143574476	1.0
0.0	1.0
-0.0046398816630244255	0.0
0.0	0.0
-0.003194379387423396	0.0
-0.0007856945157982409	0.0
-2.618561190104174e-08	0.0
0.0	0.0
0.0	0.0
0.0	0.0
-0.0035857013426721096	0.0
-9.03286854736507e-06	0.0
-8.33722083370958e-07	0.0
0.0	0.0
0.0	0.0
0.0	0.0
0.0	0.0
-0.0009487478528171778	1.0
-7.4840485808636e-08	1.0
0.0	1.0
0.0	1.0
-2.1640891091514422e-16	1.0
0.0	1.0
0.0	1.0
0.0	1.0
0.0	0.0
-0.0006578158936463296	1.0
-0.0024597214069217443	0.0
0.0	1.0
-0.012422512285411358	0.0
-0.06199580803513527	0.0
-4.5236090429057185e-09	0.0
0.0	1.0
-0.000816267158370465	0.0
0.0	0.0
-1.6954400052782148e-05	0.0
0.0	0.0
0.0	0.0
-8.569238096889364e-10	0.0
-0.0005317471805028617	0.0
0.0	0.0
0.0	0.0
-3.243542323616566e-06	0.0
0.0	0.0
0.0	0.0
-0.0005514996591955423	0.0
0.0	0.0
-0.0011717678280547261	0.0
0.0	0.0
-1.6151755062310258e-06	1.0
0.0	0.0
-1.6213414255616954e-07	0.0
-0.000602604472078383	1.0
0.0	0.0
-1.4168162643102278e-08	0.0
0.0	0.0
0.0	0.0
-0.002558757783845067	0.0
0.0	0.0
0.0	0.0
0.0	0.0
-3.1018476676081264e-08	0.0
0.0	1.0
0.0	0.0
0.0	0.0
0.0	0.0
-0.0018411019118502736	0.0
-5.495438745128922e-05	0.0
0.0	0.0
0.0	0.0
0.0	1.0
-0.011503217741847038	0.0
0.0	0.0
0.0	0.0
-0.04987170174717903	0.0
0.0	0.0
-0.003838363802060485	0.0
-6.089804571729474e-08	0.0
0.0	0.0
0.0	0.0
-0.0011888646986335516	0.0
0.0	1.0
0.0	1.0
-0.000710511056240648	0.0
-2.806674729072256e-06	0.0
0.0	0.0
0.0	0.016
-0.0005374736501835287	0.0
0.0	0.0
-0.013167396187782288	0.016
0.0	0.016
0.0	0.016
-0.004809422418475151	0.0
0.0	0.016
0.0	0.017
0.0	0.0
0.0	0.0
-2.4763965100760288e-08	0.0
-2.3036598406633857e-08	1.0
0.0	0.0
-0.0074529522098600864	0.0
-4.2326541915826965e-07	1.0
0.0	0.0
-1.010975414494908e-09	1.0
-0.0020930389873683453	0.0
-0.0020839241333305836	1.0
0.0	0.0
0.0	0.0
0.0	0.0
-0.000326916720950976	1.0
-0.00031206978019326925	1.0
-0.0016438186867162585	1.0
-0.00030056803370825946	1.0
0.0	1.0
0.0	1.0
0.0	1.0
0.0	0.0
0.0	1.0
0.0	0.0
0.0	0.0
-0.0001685240858932957	0.0
0.0	0.0
0.0	0.0
0.0	0.0
0.0	0.0
0.0	0.0
0.0	0.0
-2.495633452781476e-06	0.0
0.0	0.0
0.0	0.0
-1.1624588580616546e-07	0.0
-1.9321703348396113e-06	0.0
-5.512105190064176e-07	0.0
-1.6650599263812182e-06	0.0
-0.00590716814622283	0.0
0.0	0.0
0.0	0.0
-1.2940915894432692e-06	0.0
-1.8939368828796432e-06	0.0
-0.0016379054868593812	0.0
-8.587120100855827e-05	0.0
-1.110806309156942e-07	0.0
-2.8334628950688057e-05	0.0
0.0	0.0
0.0	0.0
0.0	0.0
0.0	0.0
-0.0009711635648272932	0.0
0.0	0.0
-3.949009260395542e-05	0.0
0.0	0.0
0.0	0.0
0.0	0.0
0.0	0.0
0.0	0.0
0.0	0.0
0.0	0.0
-6.463981844717637e-05	0.0
-0.000888829177711159	0.0
0.0	0.0
0.0	0.0
0.0	0.0
0.0	0.0
0.0	0.0
0.0	0.0
0.0	0.0
-0.00012932320532854646	0.0
0.0	0.0
0.0	0.0
-0.009543363936245441	0.0
0.0	0.0
0.0	0.0
-0.00035264212056063116	0.0
-1.6065027921285946e-06	0.0
0.0	0.0
0.0	0.0
0.0	0.0
-2.1648185793310404e-05	0.0
0.0	0.0
-5.35151506442233e-11	0.0
-1.8423559595248662e-05	0.0
0.0	0.0
-3.022439841515734e-06	0.0
0.0	0.0
-8.713377935842814e-11	0.0
-7.28490631445311e-05	0.001
-1.1404588803998195e-05	0.001
-0.00013359922741074115	0.0
0.0	0.001
-0.002743977587670088	0.0
0.0	0.001
-4.3373159286375085e-08	0.0
-0.13665519654750824	0.0
0.0	0.0
0.0	0.012746234067207415
-1.0694632956997907e-09	0.0
0.0	0.0
0.0	0.0
0.0	0.0
0.0	0.0
-3.2565960282227024e-05	1.0
0.0	0.0
-1.3088087769119738e-07	0.0
0.0	1.0
0.0	0.0
0.0	0.0
0.0	0.0
-0.0016582361422479153	0.0
0.0	1.0
-5.266263997327769e-06	0.001
0.0	0.0
-3.5079305234830827e-05	0.0
0.0	0.0
-0.0019868584349751472	0.0
-0.002523401053622365	0.0
-4.958080612738058e-10	0.0
0.0	0.0
0.0	0.0
0.0	0.0
-4.600617558025988e-07	0.0
0.0	0.0
0.0	0.0
-0.0006979726604185998	0.0
-1.1388677876311704e-06	0.0
0.0	0.0
0.0	0.0
0.0	0.0
-0.00032966979779303074	0.0
-0.0012205836828798056	0.0
-0.0018674712628126144	0.0
0.0	0.0
-4.9731097533367574e-05	0.0
0.0	0.0
0.0	0.0
-6.808403668401297e-06	0.0
-2.3740847609587945e-05	0.0
-0.000515321153216064	0.0
-9.37629806685436e-07	0.0
0.0	0.0
0.0	0.0
-1.1150129921588814e-06	0.0
0.0	0.0
-3.8271118683042005e-05	0.0
0.0	0.0
-0.0034457745496183634	0.0
-8.461501499468227e-10	0.0
