0.0	0.0
0.0	1.0
-1.1577334589674138e-05	0.0
0.0	1.0
-0.0011695307912304997	1.0
0.0	1.0
-0.012272548861801624	0.0
-0.0004083390231244266	0.0
-0.001108890282921493	0.0
0.0	0.0
0.0	0.0
0.0	0.0
0.0	0.0
0.0	0.0
-8.276128210127354e-05	0.0
0.0	0.0
0.0	0.0
-8.20263521745801e-05	0.0
0.0	0.0
-0.0011696680448949337	0.0
0.0	0.0
-1.4471418507966405e-10	0.0
-6.104144995333627e-05	0.0
-0.001390771591104567	0.0
0.0	0.0
0.0	0.0
0.0	1.0
0.0	0.0
0.0	0.0
-0.009814153425395489	0.0
0.0	0.0
-2.8432876206352375e-05	0.0
0.0	0.0
-0.01570633053779602	0.0
0.0	0.0
-2.7797387502914717e-08	0.0
0.0	0.0
0.0	0.0
0.0	0.0
0.0	0.0
0.0	0.0
0.0	0.0
-6.950540143435546e-10	0.0
-0.009148155339062214	0.0
-0.00039782264502719045	0.0
-1.849942964327056e-05	1.0
-6.193468654602796e-11	1.0
-0.00018663537048269063	0.0
-6.483143079094589e-05	0.0
-8.660334424348548e-05	0.0
-1.7660118828644045e-05	0.0
0.0	0.0
-0.008903016336262226	0.0
0.0	0.0
0.0	0.0
-0.0014853968750685453	0.0
0.0	0.0
-0.0025824469048529863	0.0
0.0	0.0
0.0	1.0
-4.337391601438867e-08	0.0
-5.207566573517397e-07	0.0
-7.066909893183038e-05	0.0
-0.0021356139332056046	0.0
0.0	0.0
0.0	0.0
0.0	0.0
0.0	0.0
0.0	0.0
-0.04248960688710213	0.0
-0.00029141257982701063	0.0
-1.010216601571301e-05	0.0
0.0	0.0
0.0	0.0
0.0	0.0
0.0	0.0
0.0	0.0
-2.735370263629022e-10	0.0
-0.0002925962908193469	0.0
-3.602056676754728e-05	0.0
-0.0003845320316031575	0.0
-0.004623818211257458	0.0
0.0	0.0
0.0	1.0
0.0	1.0
0.0	0.0
0.0	0.0
0.0	0.0
0.0	0.0
0.0	0.0
0.0	0.0
0.0	0.0
0.0	0.0
0.0	0.0
0.0	0.0
0.0	0.0
0.0	0.0
-6.442857358734955e-09	0.0
0.0	0.0
0.0	0.0
-1.8214570900454419e-06	0.0
0.0	0.0
-6.878016392874997e-06	0.0
-3.5370030673220754e-05	0.0
-2.5571021978976205e-05	0.0
0.0	0.0
0.0	0.0
0.0	0.0
0.0	0.0
-5.470429109699637e-10	0.0
0.0	0.0
-2.1346280846046284e-05	0.0
0.0	0.0
0.0	0.0
-0.0005194598925299942	0.0
-0.0012648862320929766	0.0
0.0	1.0
0.0	1.0
0.0	1.0
0.0	1.0
-0.002243579365313053	0.0
-0.0017174072563648224	0.0
-0.0025807085912674665	0.0
0.0	0.0
-0.0002239658060716465	1.0
0.0	1.0
-7.015322626102716e-05	0.0
-0.00019761768635362387	0.0
0.0	0.0
0.0	0.0
0.0	0.0
0.0	0.0
0.0	0.0
0.0	0.0
-6.493554974440485e-05	0.0
0.0	0.005
0.0	0.005
-1.4082046391195036e-06	0.005
0.0	0.005
-0.0006104579078964889	0.0
-6.916369255094423e-09	0.0
-0.0019988808780908585	0.0
0.0	0.008064516129032258
0.0	0.005
0.0	0.005
0.0	0.0
0.0	0.0
0.0	0.0
-4.220681148581207e-05	0.0
-0.005474638193845749	0.0
0.0	0.0
-0.037014223635196686	0.0
-0.00690379086881876	0.0
-0.005586852785199881	0.0
0.0	0.0
0.0	0.0
0.0	1.0
0.0	0.0
-1.3631624717902469e-08	0.0
-3.399450724828057e-05	0.0
-0.003207760164514184	1.0
0.0	0.0
-1.3908918461424946e-09	0.0
0.0	0.0
-2.3566835807287134e-06	1.0
-0.0004680084530264139	0.0
0.0	0.0
0.0	0.0
-9.132433786151886e-18	0.0
0.0	0.0
0.0	0.0
-1.815446921682451e-05	0.0
0.0	0.0
0.0	0.0
0.0	0.0
0.0	0.0
-7.740950991319551e-07	0.0
0.0	0.0
0.0	0.0
0.0	0.0
0.0	0.0
0.0	0.0
0.0	0.0
0.0	0.0
-9.63225943451107e-10	0.0
0.0	0.0
0.0	0.0
0.0	0.0
0.0	0.0
0.0	0.0
0.0	0.0
0.0	0.0
0.0	1.0
-0.0048493617214262486	0.0
0.0	0.0
0.0	0.0
0.0	0.0
0.0	0.0
0.0	0.0
-0.006207723170518875	0.0
0.0	0.0
-0.00035580224357545376	1.0
-1.609214677955606e-06	1.0
0.0	1.0
0.0	0.0
0.0	1.0
0.0	0.0
0.0	0.0
0.0	0.0
0.0	1.0
0.0	0.0
0.0	0.0
-0.0030833177734166384	0.0
-0.007840239442884922	0.0
0.0	0.0
-0.005079770460724831	0.0
-0.00013931353169027716	0.0
0.0	0.0
0.0	0.0
0.0	0.0
0.0	0.0
0.0	0.0
0.0	0.0
-6.367862170009175e-06	0.0
-0.00011010685557266697	0.0
-0.002171827247366309	0.0
-1.9282897500971785e-09	0.0
0.0	0.0
-4.558005741728266e-07	0.0
0.0	0.0
0.0	0.0
-5.863230789771023e-09	0.0
0.0	0.0
0.0	0.0
0.0	0.0
-0.0005229387315921485	0.0
0.0	0.0
0.0	0.0
0.0	0.0
-0.0012124350760132074	0.0
0.0	0.0
-1.581042306497693e-05	0.0
0.0	0.0
-0.0038849557749927044	0.0
0.0	0.0
0.0	0.0
0.0	0.0
0.0	0.0
-0.00011060199176426977	0.0
0.0	0.0
0.0	0.0
0.0	0.0
0.0	0.0
0.0	0.0
0.0	0.0
-2.1644398273679144e-08	0.0
0.0	0.0
0.0	0.0
0.0	0.0
0.0	0.0
-0.0038099053781479597	0.0
0.0	0.0
-3.989231481682509e-05	0.0
-6.209387493072427e-08	0.0
-2.5887933588819578e-05	0.0
0.0	0.002
0.0	0.0
-0.004057887010276318	0.0
0.0	0.0
0.0	0.0
-0.10791458934545517	0.0
0.0	0.0
0.0	0.0
-6.0053494962630793e-05	0.0
-0.003582993056625128	0.0
-1.1530488785993498e-09	0.0
0.0	0.0
0.0	0.0
0.0	0.006
-7.816841502972238e-07	0.0
0.0	1.0
-9.548074558551889e-06	1.0
0.0	0.0
-0.003167020156979561	0.0
0.0	0.0
-0.0015332363545894623	0.0
0.0	0.0
0.0	0.0
-2.67716732196277e-05	0.0
0.0	0.0
-0.0009782558772712946	0.0
-0.003985424991697073	0.0
-0.011569862253963947	0.0
0.0	0.0
0.0	0.0
-0.007730346173048019	0.0
-2.489654980308842e-05	0.0
0.0	0.0
-0.0004758084542118013	0.0
0.0	0.0
0.0	0.0
0.0	0.0
0.0	0.0
-9.607661013433244e-06	0.0
0.0	0.0
-1.20675804282655e-06	0.0
-3.6664598610514076e-06	0.0
0.0	0.0
0.0	1.0
0.0	0.0
-0.00010499592463020235	0.0
0.0	1.0
0.0	0.0
0.0	0.0
0.0	0.0
-0.0009698824142105877	0.0
-1.1509577145518701e-11	0.0
-8.314853039337322e-05	1.0
0.0	0.0
-1.0755275781093587e-08	0.0
-0.00026282950420863926	0.0
-3.241969892542329e-08	0.0
0.0	0.0
-7.948819984449074e-06	0.0
0.0	0.0
-8.064846497291001e-07	0.0
0.0	0.0
-0.0005630244268104434	0.0
0.0	0.0
0.0	0.0
-5.698515451513231e-06	0.0
-0.0015798811800777912	0.0
0.0	0.0
0.0	0.0
0.0	0.0
-4.891523713013157e-05	0.0
0.0	0.0
0.0	0.0
-0.011070461012423038	0.0
-0.010851839557290077	0.0
0.0	0.0
-1.5360003089881502e-05	0.0
0.0	0.0
0.0	0.0
-7.324291573240771e-07	0.0
0.0	0.0
0.0	0.0
0.0	0.0
-0.004624644294381142	0.0
0.0	0.0
-2.379162651777733e-05	0.0
-0.0022484189830720425	0.0
0.0	0.0
-0.008202554658055305	0.0
0.0	1.0
0.0	0.0
0.0	0.0
0.0	0.0
0.0	0.0
0.0	0.0
0.0	0.0
-0.0007379065500572324	0.0
0.0	0.0
-0.0013944364618510008	0.0
0.0	0.0
0.0	1.0
0.0	1.0
-0.0007468204712495208	1.0
-2.100323763443157e-05	0.0
0.0	0.0
0.0	0.0
0.0	0.0
0.0	0.0
0.0	0.0
0.0	0.0
0.0	0.0
0.0	0.0
0.0	0.0
0.0	0.0
0.0	0.0
-0.001771104522049427	0.0
-0.011497363448143005	0.0
0.0	0.0
0.0	0.0
-0.0005654703709296882	0.0
0.0	0.0
0.0	0.0
0.0	0.0
-1.454533579703455e-16	0.0
-0.000142831850098446	0.0
-0.00015711804735474288	0.0
-0.0009778913808986545	0.0
-1.1010620681872751e-07	0.0
-2.630155904626008e-05	0.0
-0.0028416926506906748	0.0
0.0	1.0
0.0	0.0
0.0	0.0
0.0	1.0
-0.00025796820409595966	0.0
-0.0011786582181230187	1.0
0.0	0.0
0.0	0.0
-2.9215596441645175e-05	1.0
0.0	0.0
-0.00047910722787491977	1.0
0.0	0.0
0.0	0.0
-2.7821161552310514e-07	0.0
0.0	0.0
0.0	0.0
0.0	0.0
0.0	0.0
-0.0008208118961192667	0.0
-0.00039468720206059515	0.0
-0.0002456701186019927	0.0
-9.45995361689711e-06	0.0
0.0	0.0
-0.00023719276941847056	0.0
-1.650431840971578e-06	0.0
-0.006248060613870621	0.0
-0.0007862279890105128	0.0
-0.01576547883450985	0.0
0.0	0.0
0.0	0.0
0.0	0.0
0.0	0.0
-7.642939016047623e-13	0.0
-0.0001302674791077152	0.0
0.0	0.0
0.0	0.0
0.0	0.0
-6.583737558685243e-05	0.0
0.0	0.0
0.0	1.0
0.0	0.0
-0.0018545965431258082	0.0
-9.757553584024102e-15	1.0
-2.4477398596900457e-07	1.0
0.0	0.0
-0.027296749874949455	0.0
-2.8605631996470038e-06	0.0
0.0	0.0
0.0	0.0
-1.5162084309849888e-05	0.0
0.0	0.0
0.0	0.0
0.0	0.0
0.0	0.0
0.0	0.0
-3.014736478235136e-07	0.0
0.0	0.0
0.0	0.0
0.0	0.0
0.0	0.0
-0.0012589950347319245	0.0
-0.011658933013677597	0.0
0.0	0.0
-4.092613380635157e-06	0.0
0.0	0.0
-0.0035790656693279743	0.0
0.0	0.0
0.0	0.0
0.0	0.0
0.0	0.0
-0.00037284838617779315	0.0
0.0	0.0
0.0	1.0
-1.1261877541635101e-10	0.0
-0.0013830590760335326	0.0
0.0	0.0
0.0	0.0
0.0	0.0
0.0	0.0
0.0	0.0
0.0	0.0
0.0	0.0
0.0	1.0
0.0	1.0
-1.1943176104978193e-05	0.0
0.0	0.0
0.0	0.0
0.0	0.0
0.0	0.0
-0.00029589366749860346	0.0
0.0	0.0
0.0	0.0
-1.4183300436343416e-06	0.0
0.0	0.0
-0.000891227216925472	0.0
0.0	0.0
0.0	0.0
-0.016948305070400238	0.0
-1.1021235877706204e-05	1.0
0.0	0.0
-5.840150151925627e-06	1.0
-0.0005017071380279958	0.0
0.0	0.0
-0.007883628830313683	0.0
-0.00016050141130108386	0.0
0.0	0.0
0.0	1.0
0.0	0.0
0.0	1.0
-0.0002576875267550349	0.0
0.0	0.0
0.0	0.0
-0.009502863511443138	0.0
0.0	0.0
0.0	0.0
-0.0043672118335962296	0.0
0.0	0.0
-2.449794192216359e-05	0.0
0.0	0.0
-0.0020213874522596598	0.0
-7.636139343958348e-05	0.0
-0.05441656336188316	0.0
0.0	0.0
-4.416503361426294e-05	0.0
0.0	0.0
0.0	0.0
-0.0008990522474050522	0.0
-0.0006151267443783581	1.0
-0.0009500152082182467	0.0
0.0	1.0
0.0	1.0
-0.0008504472207278013	1.0
0.0	1.0
-5.231436443864368e-05	0.0
0.0	1.0
0.0	0.0
0.0	1.0
-0.00017067365115508437	0.0
-0.007159281987696886	0.0
0.0	0.0
-2.103334963976522e-06	0.0
0.0	0.0
0.0	0.0
0.0	0.0
0.0	0.0
-2.457386187870725e-07	0.0
-2.520454813748074e-07	0.0
0.0	0.0
0.0	0.0
-0.0004915807512588799	0.0
-7.278888006112538e-06	0.0
0.0	0.0
0.0	0.0
-0.00019604760746005923	0.0
-0.0006257748464122415	0.0
0.0	0.0
0.0	0.0
-4.7528734285151586e-05	0.0
0.0	0.0
-3.808145993389189e-05	0.0
0.0	0.0
-6.902246968820691e-05	0.0
-0.0006671362207271159	0.0
0.0	0.0
0.0	0.0
0.0	0.0
0.0	0.0
0.0	0.0
0.0	0.0
0.0	0.0
-1.0578943054895262e-08	1.0
0.0	0.0
0.0	0.0
-2.009159331961552e-11	0.0
0.0	0.0
0.0	0.0
0.0	0.0
0.0	0.0
0.0	0.0
0.0	0.0
-0.007999054156243801	0.0
-6.386967470461968e-07	0.0
0.0	0.0
-0.007313630543649197	0.0
-0.0023792870342731476	0.0
0.0	0.0
0.0	0.0
0.0	0.0
0.0	0.0
0.0	0.0
0.0	0.0
-2.517278119285038e-07	0.0
0.0	0.0
0.0	0.0
0.0	0.0
-0.0002893551718443632	0.0
0.0	0.0
-8.303347840410424e-07	0.1411764705882353
0.0	0.012
0.0	0.0
0.0	0.0
-1.7661909623711836e-06	0.0
0.0	0.0
-2.1877458493690938e-06	0.0
-1.90343962458428e-05	0.0
0.0	0.0
-3.7259957252899767e-07	0.0
0.0	0.0
0.0	0.0
0.0	0.0
-6.552289050887339e-06	0.0
0.0	0.0
-1.5175796817118448e-12	0.0
-0.002248540986329317	0.0
-2.385493935719296e-08	0.0
-5.623601140314349e-09	0.0
-0.0009442816372029483	0.0
0.0	0.0
0.0	0.0
-2.3342702011770744e-13	0.0
-8.90301294020901e-07	0.0
0.0	0.0
-0.0005457340157590806	0.0
0.0	0.0
-2.2017560695530847e-05	0.0
0.0	0.0
-9.038943971972913e-06	0.0
-2.337995397283521e-07	0.0
0.0	0.0
-2.8507218303275295e-05	0.0
-1.1963717042817734e-05	0.0
0.0	0.0
0.0	0.0
-6.7046007643511984e-06	0.0
0.0	0.0
-4.6076525904936716e-05	0.0
0.0	0.0
0.0	0.0
-1.0583448784018401e-05	0.0
0.0	0.0
0.0	0.0
-0.0002606302441563457	0.0
0.0	0.0
-0.00015387500752694905	0.0
0.0	0.0
-1.5674735550419427e-05	0.0
0.0	0.0
-0.002840932924300432	0.0
-0.003333168337121606	0.0
-0.0007275620009750128	0.0
-0.0005246078362688422	0.0
-0.0035265928599983454	0.0
0.0	0.0
-2.945141689119496e-14	0.0
0.0	0.0
-1.0320887668058276e-05	0.0
0.0	0.0
0.0	1.0
0.0	0.0
0.0	1.0
0.0	1.0
-0.0008401783416047692	0.0
0.0	0.0
0.0	0.0
-0.006107719615101814	0.0
0.0	0.0
0.0	0.0
-0.019111627712845802	0.0
0.0	0.0
-1.1338140204486535e-08	0.0
-0.045556776225566864	0.0
-1.6459109075661615e-10	0.0
-5.9838275774382055e-05	0.0
0.0	0.0
0.0	0.0
-5.9185982536291704e-05	0.0
-5.773474185843952e-06	0.0
0.0	0.0
-3.3109618016169406e-06	0.0
-0.002473864471539855	0.0
0.0	0.0
0.0	0.0
-0.0019528623670339584	0.0
0.0	0.0
0.0	0.0
0.0	0.0
-0.004406885709613562	0.0
-0.0014631830854341388	0.0
-8.07452025242128e-08	0.0
0.0	0.0
-6.336545538943028e-06	0.0
-0.00011879231169587001	0.0
-8.476313087157905e-05	1.0
0.0	0.0
0.0	0.0
-1.052740685736353e-07	0.0
0.0	0.0
-0.0009767854353412986	0.0
-2.0832517293456476e-06	0.0
-1.1644113328657113e-05	0.0
-4.209484671946484e-08	0.0
-0.00010685287998057902	0.0
-0.0056820278987288475	0.0
-1.1858379167506428e-08	0.0
0.0	0.0
0.0	0.0
-0.04090477526187897	0.0
0.0	0.0
-0.0016617465298622847	0.0
0.0	0.0
0.0	0.0
-0.00043276435462757945	0.0
0.0	0.0
-0.0014162181178107858	1.0
-0.0001384562492603436	0.0
-0.0004610911710187793	0.0
-0.001177082653157413	0.0
-3.160827645842801e-06	0.0
-9.333464549854398e-05	0.0
-0.0028553572483360767	0.0
-0.003682202659547329	0.0
-0.0012725277338176966	0.0
0.0	0.0
0.0	1.0
-5.452728510135785e-05	0.0
0.0	0.0
0.0	0.0
0.0	0.0
0.0	0.0
-2.8774474003512296e-07	0.0
-2.142553467976427e-09	0.0
-0.00021721929078921676	0.0
-1.8409695989873853e-09	0.0
-0.003129224991425872	0.0
-0.0008259851601906121	0.0
0.0	0.0
0.0	0.0
0.0	0.0
0.0	0.0
0.0	0.0
0.0	0.0
0.0	0.0
-0.00044665238237939775	0.0
0.0	0.0
0.0	0.0
0.0	0.0
0.0	0.0
0.0	0.0
-0.001755548408254981	0.0
0.0	0.0
-6.162871812875892e-08	0.0
0.0	0.0
-2.120642648151261e-06	0.0
0.0	0.0
-8.614967555331532e-06	0.0
-0.00010136642958968878	0.0
-4.786174789828124e-10	0.0
-2.8411236598913092e-06	0.0
0.0	0.0
0.0	0.0
0.0	0.0
-0.012899587862193584	0.0
0.0	0.0
0.0	0.0
0.0	0.0
0.0	0.0
0.0	0.0
-6.916118582012132e-05	0.0
0.0	0.0
-0.00027880221023224294	0.0
-3.2827159884618595e-05	0.0
0.0	0.0
0.0	0.0
-0.00014490736066363752	0.0
-0.00027286435943096876	0.0
0.0	0.0
0.0	0.0
0.0	0.0
0.0	0.0
0.0	0.0
0.0	0.0
-0.005643367301672697	0.0
0.0	0.0
0.0	0.0
-3.4528296964708716e-05	0.0
0.0	0.0
0.0	1.0
0.0	0.0
0.0	1.0
-1.1096182788605802e-05	1.0
-0.00043124568765051663	0.019
-0.00921535398811102	0.0
0.0	0.0
0.0	1.0
0.0	0.0
0.0	0.0
-5.8792288655240554e-06	0.0
-1.7198772961357633e-10	0.0
0.0	0.0
0.0	0.0
-0.000398353673517704	0.0
-0.008574943989515305	0.0
-0.002036679768934846	0.0
0.0	0.0
0.0	0.0
0.0	0.0
0.0	0.0
-8.26294217404211e-06	0.0
0.0	0.0
0.0	0.0
0.0	0.0
-0.0003886826743837446	0.0
-0.0034817587584257126	0.0
0.0	1.0
0.0	1.0
0.0	0.0
-0.0008533494547009468	1.0
-0.00706302048638463	0.031
-0.003808967536315322	0.0
-0.0011869047302752733	0.0
-3.414206417584609e-10	0.0
0.0	0.0
0.0	0.0
0.0	0.0
-3.7212664949493046e-08	1.0
0.0	1.0
-3.8637326724710874e-06	0.0
0.0	0.001
0.0	0.0
-1.9588981103879632e-06	0.0
-0.0016142255626618862	0.0
-6.176053091166978e-08	0.0
-8.362109156223596e-07	0.0
0.0	0.0
-2.162248893000651e-05	0.0
0.0	0.0
0.0	0.0
-3.539150972287075e-09	0.0
0.0	0.0
-0.003581892466172576	0.0
0.0	0.0
-1.964271632459713e-06	0.0
0.0	0.0
0.0	0.0
0.0	0.0
0.0	0.0
-0.00025570442085154355	0.0
0.0	1.0
-0.0020493308547884226	1.0
-0.00042413530172780156	0.0
-1.0909105441214706e-07	0.0
-8.227886428358033e-05	0.0
-2.8369152513252338e-11	1.0
0.0	1.0
-5.161746230442077e-08	1.0
0.0	0.0
-0.006560589652508497	0.0
-3.311120622129238e-07	0.0
-5.780844691827269e-09	0.0
-0.012461306527256966	0.0
0.0	0.0
0.0	0.0
-0.00046973113785497844	0.0
0.0	0.0
-0.00020453361503314227	0.0
0.0	0.0
0.0	0.0
-0.0014598607085645199	0.0
0.0	0.0
0.0	0.36
-0.0008504961733706295	0.0
-4.175921830551488e-10	0.0
0.0	0.0
0.0	0.0
0.0	0.0
0.0	0.0
0.0	0.0
-0.0008711055270396173	0.0
-0.0023237743880599737	0.0
0.0	0.0
0.0	1.0
-3.2137140806298703e-06	1.0
0.0	0.0
0.0	0.0
-0.0001882276264950633	0.0
-0.0058402931317687035	0.0
0.0	0.0
-0.0004750509688165039	0.0
0.0	0.0
0.0	0.0
-0.0003261965175624937	0.0
-0.00027448791661299765	0.0
-0.0002770462306216359	0.0
0.0	0.0
-0.0015155093278735876	0.0
0.0	0.0
0.0	0.0
-0.0023066173307597637	0.0
0.0	0.0
-0.006019018590450287	0.0
0.0	0.0
-2.2771660951548256e-05	0.0
0.0	0.002
0.0	0.0
0.0	0.002
0.0	0.0
-1.5855017636567936e-06	0.0
0.0	0.0
-1.1569546813916531e-06	0.0
0.0	0.0
-4.5531592718361935e-08	0.0
0.0	0.0
-5.950245395069942e-05	0.0
0.0	0.0
0.0	0.0
-3.142703644698486e-05	0.0
0.0	0.0
0.0	0.0
0.0	0.0
0.0	0.005
-4.612847881446669e-09	0.005
0.0	0.005
0.0	0.005
-0.0008791452273726463	0.0
-0.0006659187492914498	0.0
0.0	0.0
0.0	0.0
0.0	0.0
-0.0001603271666681394	0.0
0.0	0.0
0.0	0.0
0.0	0.0
0.0	0.0
0.0	0.0
0.0	0.0
0.0	0.0
0.0	0.0
-1.011841732179164e-06	0.0
