-4.481162250158377e-05	0.0
-0.0018025749595835805	0.0
0.0	0.0
-1.275403292311239e-06	0.0
0.0	0.0
-4.283781163394451e-05	0.0
-5.9921960200881585e-05	0.0
0.0	0.0
-4.248324330546893e-05	0.0
-1.7216159164945566e-08	0.0
-0.0010827276855707169	0.0
-7.752016244921833e-05	0.0
0.0	0.0
0.0	0.0
0.0	0.0
0.0	0.0
0.0	0.0
-0.0011647490318864584	0.0
0.0	0.0
-0.0038890866562724113	0.0
0.0	0.0
-0.0007900953060016036	0.0
-0.0021103937178850174	0.0
-1.286687734136649e-07	0.0
0.0	0.0
0.0	0.0
-7.483338393399208e-09	0.0
-9.65682374953758e-06	0.0
0.0	0.0
-4.1112311919278e-06	0.0
0.0	0.0
0.0	0.0
0.0	0.0
-1.8786933272084416e-13	1.0
-0.007633563131093979	0.0
0.0	0.0
0.0	0.0
-0.007205248810350895	0.0
-3.154447040287778e-05	0.0
-6.738908268744126e-06	0.0
-0.005334209185093641	0.0
0.0	0.0
0.0	0.0
0.0	0.0
-0.00015788705786690116	0.0
-1.7713848876610427e-07	0.0
0.0	0.0
0.0	0.0
-0.0032636348623782396	0.0
-0.012330884113907814	0.0
0.0	0.0
-1.838944143628396e-07	0.0
-2.907083762693219e-05	0.0
0.0	0.0
-2.1116983717206494e-08	0.069
0.0	0.0
0.0	0.08961038961038961
0.0	0.0
-0.0003001117438543588	1.0
0.0	1.0
0.0	1.0
0.0	0.0
-0.0005028299055993557	1.0
-8.382795613215421e-08	1.0
-7.825437933206558e-05	0.0
0.0	1.0
-0.02590249292552471	0.0
-0.0014619996072724462	0.0
-7.302744961634744e-06	0.0
-2.0992935167996052e-10	0.905
-0.0005237191217020154	0.0
0.0	0.905
-1.1837544207082829e-06	0.905
0.0	0.905
0.0	0.905
0.0	0.0
0.0	0.905
0.0	0.905
0.0	0.0
-0.002250419231131673	0.0
-2.5586929041310214e-05	0.0
-0.007124321069568396	0.0
0.0	0.0
-1.409933884133352e-05	0.0
0.0	0.0
-0.01608165353536606	0.0
0.0	0.09
0.0	0.09
0.0	0.0
-2.8755473522323882e-06	0.0
-4.783806798513979e-05	0.0
0.0	0.09
-0.0008262735791504383	0.09
0.0	0.09
-3.444319418122177e-06	0.0
-0.0009877642150968313	0.09
-2.0631321604014374e-05	0.0
0.0	0.0
-0.00022174508194439113	0.0
-2.1687486878363416e-05	0.0
-0.0005050007021054626	0.0
-0.001610543578863144	0.0
0.0	0.0
-0.0005451366305351257	0.0
0.0	0.0
0.0	0.0
-3.589018717775616e-07	0.0
-0.0025986088439822197	0.0
0.0	0.0
-0.006177613046020269	0.0
0.0	0.0
-2.3478298771806294e-07	0.0
0.0	1.0
-0.006369710899889469	0.0
-0.00011646134953480214	0.0
0.0	0.0
0.0	0.0
-3.34428023052169e-08	1.0
-3.195901444996707e-05	0.0
0.0	1.0
0.0	1.0
0.0	1.0
0.0	0.0
-1.1941587217734195e-05	0.0
-0.00027837982634082437	0.0
0.0	0.0
0.0	0.0
0.0	0.0
0.0	0.0
-0.0006289960001595318	0.0
0.0	0.0
-4.813651685253717e-05	0.0
-0.0002505478623788804	0.0
0.0	0.0
-3.4023796615656465e-05	0.0
-1.5089126748080162e-07	0.0
0.0	0.0
0.0	0.0
-4.61101699329447e-05	0.0
-0.0032161492854356766	0.0
0.0	0.0
0.0	0.0
-0.0007271519280038774	0.0
-9.254732867702842e-05	0.0
-3.636855763033964e-05	0.0
-1.5989755411283113e-05	0.0
-6.24917902314337e-06	0.0
0.0	0.0
0.0	0.0
0.0	0.0
0.0	0.0
0.0	0.0
0.0	0.0
0.0	0.0
0.0	0.0
-0.00017870304873213172	0.0
0.0	0.0
0.0	0.0
-4.950654783897335e-06	0.0
0.0	0.0
0.0	0.0
0.0	0.0
0.0	0.0
0.0	0.0
-0.0016677723033353686	0.0
0.0	0.0
0.0	0.0
0.0	0.0
0.0	0.0
-9.254599717678502e-05	0.0
-0.0002665212959982455	0.0
0.0	0.0
0.0	0.0
-0.0023448076099157333	0.0
0.0	0.0
0.0	0.0
-7.032563189568464e-06	0.0
-0.00016095800674520433	0.0
-0.0005598361021839082	0.0
-1.384055821063157e-07	0.0
0.0	0.0
0.0	0.0
0.0	0.0
-1.842368213544887e-08	0.0
0.0	0.0
0.0	0.0
0.0	0.0
-0.0007680246490053833	0.0
0.0	0.0
0.0	0.0
0.0	0.0
0.0	0.0
0.0	0.0
-7.005644988566928e-07	0.0
-0.0027555644046515226	0.0
0.0	0.0
0.0	0.0
0.0	0.0
0.0	0.0
0.0	1.0
0.0	0.0
0.0	0.0
-0.0032617247197777033	0.0
0.0	0.0
-0.0002186121855629608	0.0
0.0	0.0
-0.0014300799230113626	0.0
0.0	0.0
-4.260517272314246e-09	0.0
0.0	0.0
0.0	0.0
0.0	1.0
0.0	1.0
0.0	0.0
-1.9472647636575857e-06	0.0
0.0	0.0
-0.0002747617254499346	0.0
0.0	0.0
0.0	0.0
0.0	0.0
-9.653205052018166e-05	0.0
0.0	0.0
-0.0012635895982384682	0.0
0.0	0.0
-0.0016624239506199956	0.0
0.0	0.0
0.0	1.0
0.0	0.0
0.0	0.0
-0.0005383383831940591	1.0
0.0	0.0
0.0	0.0
-0.0014189498033374548	0.0
-7.841520073270658e-07	0.0
-6.535249212902272e-07	0.0
0.0	0.0
-8.085958688752726e-05	0.0
0.0	1.0
0.0	1.0
0.0	1.0
-9.306442620982125e-07	1.0
0.0	0.0
0.0	0.0
-5.17594855864445e-07	0.0
0.0	0.272264631043257
0.0	0.0
0.0	0.107
0.0	0.0
-0.0003896949638146907	0.061
-0.0044608707539737225	0.0
0.0	0.062
0.0	0.062
0.0	0.062
0.0	0.0
-0.0006092213443480432	0.062
-0.006857275031507015	0.0
-4.191952939436305e-06	0.062
0.0	0.0
0.0	0.0
0.0	0.061
0.0	0.0
-0.00018856166570913047	0.061
-2.6286198107072778e-08	0.061
-0.00554407574236393	0.0
-0.008228533901274204	0.0
-1.0624030951852936e-12	0.0
0.0	0.0
0.0	0.0
-0.0014014561893418431	0.0
-0.00011095947411376983	0.0
-0.0001455469464417547	0.0
0.0	0.0
0.0	0.0
0.0	0.0
0.0	0.0
-0.00011028608423657715	0.0
0.0	0.0
0.0	0.0
0.0	0.0
0.0	0.0
0.0	0.003
-0.001917557674460113	0.003
-2.182268690376077e-05	0.0
0.0	0.0
-2.152450724679511e-05	0.0
-0.0017858735518530011	0.0
-0.005538675934076309	0.0
0.0	0.0
-0.001878143404610455	0.0
0.0	0.0
0.0	0.0
0.0	0.0
0.0	0.0
0.0	0.0
0.0	0.0
-0.00018361590628046542	0.0
-3.419131098780781e-05	0.0
0.0	0.0
0.0	0.0
0.0	0.0
0.0	0.0
-0.0033038021065294743	0.0
0.0	0.0
-0.0002618793223518878	0.0
-0.005248066037893295	0.0
0.0	0.0
0.0	0.0
-0.004901434760540724	0.0
0.0	0.0
0.0	0.0
-0.001468503032810986	0.0
-5.766120011685416e-06	0.0
0.0	0.0
0.0	0.0
-2.860469976440072e-05	0.0
-1.574446832819376e-05	0.0
-2.7396422908054774e-08	0.0
0.0	0.0
-3.271149395800421e-08	0.0
-3.300201569800265e-07	0.0
-0.0009325810824520886	0.0
0.0	0.0
-0.004097513854503632	0.0
0.0	0.0
0.0	0.0
-2.3168902352210807e-09	0.0
0.0	0.0
-0.0006312282057479024	0.0
-2.367587512708269e-05	0.0
0.0	0.0
0.0	0.0
0.0	0.0
0.0	0.0
0.0	0.0
-0.004345909226685762	0.0
-7.512355182370811e-10	0.0
-0.004359936807304621	0.0
-1.9658132066613376e-10	0.0
-0.010719533078372478	0.0
-0.00241302908398211	0.0
-0.000732077460270375	0.0
0.0	0.0
0.0	0.0
0.0	0.0
0.0	0.0
0.0	0.0
0.0	0.0
0.0	0.0
-0.000201443734113127	0.0
0.0	0.0
0.0	0.0
0.0	0.0
-2.4590290692572125e-08	0.0
0.0	0.0
0.0	0.0
0.0	0.0
-0.031094590201973915	0.0
0.0	0.0
-1.1419943803048227e-05	0.0
-0.0010128413559868932	0.0
0.0	0.0
0.0	0.0
0.0	0.0
0.0	0.0
-0.0035701475571841	0.0
-4.4144066180251684e-08	0.0
-8.595111285103485e-05	0.0
-1.5151755178521853e-05	0.0
0.0	0.0
-0.011699794791638851	0.0
-0.00021402885613497347	0.0
-0.004672339651733637	0.0
-0.001891309511847794	0.0
0.0	0.0
-7.013237336650491e-05	0.0
0.0	0.0
0.0	0.0
0.0	0.0
0.0	0.0
0.0	0.0
0.0	0.0
-0.00010629402822814882	0.0
-0.00033963925670832396	0.0
0.0	0.0
-0.00110056612174958	0.0
0.0	0.0
-0.010745440609753132	0.0
0.0	0.0
-0.00025963166262954473	0.0
-0.01270433608442545	0.0
0.0	0.0
0.0	0.0
0.0	0.0
-0.022861843928694725	0.0
0.0	0.0
-8.779567792771559e-07	0.0
0.0	0.0
0.0	0.0
0.0	0.0
0.0	0.0
0.0	0.0
0.0	0.0
0.0	0.0
0.0	0.0
0.0	0.0
0.0	0.0
0.0	0.0
0.0	0.0
0.0	0.0
-0.007154129911214113	0.0
0.0	0.0
0.0	0.0
-0.002291866345331073	0.0
-0.0023634687531739473	0.0
0.0	0.0
-8.769937994657084e-05	0.0
-0.0006332157063297927	0.003
0.0	0.0
0.0	0.003
0.0	0.003
-0.00033277180045843124	0.003
0.0	0.0
-0.0015697195194661617	0.0
-0.0007464085938408971	0.0
-0.010222720913589	0.0
0.0	0.0
-0.0011028944281861186	0.0
0.0	0.0
-0.00392527598887682	0.0
-0.10075905174016953	0.0
-1.7342684941468178e-06	0.0
-0.004971371963620186	0.0
-5.563151717069559e-07	0.0
0.0	0.0
-7.429541704073728e-11	0.0
-2.043025233433582e-05	0.0
-0.0007995864143595099	0.0
0.0	0.0
0.0	0.0
-0.00014955943333916366	0.0
0.0	0.0
0.0	0.0
-7.175509381340817e-05	0.0
0.0	0.0
-1.6501674053870374e-06	0.0
-4.6667377318954095e-05	0.0
0.0	0.0
0.0	0.0
0.0	0.0
0.0	0.0
-1.4549155821441673e-05	0.0
0.0	0.0
-0.01141449436545372	0.0
-2.2991276637185365e-05	0.0
0.0	0.0
-0.002532016485929489	0.0
0.0	0.0
0.0	0.0
-0.000307441659970209	0.0
-6.813307663833257e-06	0.0
-0.00918344035744667	0.0
0.0	0.0
-0.0026163889560848475	0.0
-2.5659954189904965e-05	0.0
-2.1919220216659596e-08	0.0
0.0	0.0
0.0	0.0
0.0	0.0
-1.8298371287528425e-05	1.0
-0.003577964147552848	0.0
0.0	0.0
0.0	0.0
-2.5361574444104917e-05	0.0
0.0	0.0
0.0	0.0
0.0	0.0
0.0	0.0
0.0	0.0
0.0	0.0
0.0	0.0
0.0	0.0
0.0	0.0
-9.058463978917075e-10	0.0
0.0	1.0
0.0	0.0
0.0	0.0
-0.001684564515016973	0.0
0.0	0.0
0.0	0.0
-0.03307027369737625	0.0
0.0	0.0
-0.0015670061111450195	0.0
-3.15069553780134e-10	0.09509509509509509
-0.00027436346863396466	0.09509509509509509
0.0	0.0
0.0	0.095
0.0	0.0
0.0	0.0
0.0	0.0
-0.008185464888811111	0.0
0.0	0.095
-2.703744712562184e-07	0.095
0.0	1.0
0.0	1.0
0.0	0.0
0.0	0.0
0.0	1.0
0.0	0.0
-1.2653010861285452e-09	0.0
0.0	0.0
0.0	0.0
0.0	0.0
0.0	0.0
0.0	0.0
0.0	0.0
0.0	0.0
0.0	0.0
0.0	0.0
0.0	0.0
-0.0020212375093251467	0.0
-0.00054278684547171	0.0
-3.6729475141328294e-06	0.0
-5.150913580109773e-07	0.0
0.0	0.0
-0.00041656201938167214	0.0
0.0	0.0
-4.192843334749341e-05	0.0
-0.00016231928020715714	0.0
0.0	0.0
0.0	0.0
0.0	0.0
0.0	0.0
0.0	0.0
0.0	0.0
0.0	0.0
-6.909567309776321e-05	0.0
0.0	0.0
-3.4095765100161657e-10	0.0
0.0	0.0
-0.000933800358325243	0.0
0.0	0.0
0.0	0.0
-0.00047000640188343823	0.0
-0.0005941275740042329	0.0
-0.002279935171827674	0.0
-0.009123343043029308	0.0
0.0	0.0
0.0	0.0
0.0	0.0
0.0	0.0
0.0	0.0
-0.00018454344535712153	0.0
0.0	0.0
0.0	0.0
0.0	0.0
-4.269408236723393e-06	0.0
0.0	0.0
0.0	0.0
0.0	0.0
0.0	0.032
0.0	0.0
0.0	0.0
0.0	0.0
0.0	0.0
-0.00011559145787032321	0.0
-1.4686484064441174e-05	0.0
-0.001685631345026195	1.0
0.0	1.0
-0.00021140376338735223	1.0
-5.803075691801496e-05	0.0
0.0	0.0
0.0	0.0
-1.0342515821548659e-07	0.0
-0.003900136100128293	0.0
0.0	0.0
-5.407524895417737e-06	0.0
-0.00010550738079473376	0.003
0.0	0.003
0.0	0.0
-0.00023880667868070304	0.0
0.0	0.0
0.0	0.0
0.0	0.0
0.0	0.0
-5.804678266940755e-07	0.0
0.0	0.0
0.0	0.0
0.0	0.0
-0.00259583443403244	0.0
-0.0027002717833966017	0.0
0.0	0.0
-0.00146180868614465	0.0
0.0	0.0
0.0	0.0
-5.866936797493949e-11	0.0
-0.0013335351832211018	0.0
0.0	0.0
0.0	1.0
-7.235968686472865e-19	0.0
-0.0008659190498292446	0.0
0.0	0.0
0.0	1.0
0.0	0.0
-0.0014409066643565893	0.0
0.0	1.0
0.0	1.0
0.0	0.0
0.0	0.0
-0.0007445780793204904	0.0
0.0	0.0
0.0	0.0
0.0	0.0
-1.6933678637087723e-07	0.0
-0.005314134061336517	0.0
0.0	0.0
-0.0059465630911290646	0.0
0.0	0.045
-0.000942814105655998	0.045
0.0	0.045
-8.65562643781459e-09	0.0
0.0	0.0
0.0	0.0
-1.7041205637724488e-06	0.0
0.0	0.0
0.0	0.0
0.0	0.0
0.0	0.0
0.0	0.0
0.0	0.0
-5.647416813528186e-17	0.0
0.0	0.0
0.0	0.0
-0.02996688522398472	0.0
0.0	0.0
0.0	0.004
0.0	0.0
0.0	0.0
-0.00013994552136864513	0.0
0.0	0.0
-1.888474793210193e-10	0.0
0.0	0.0
0.0	0.0
0.0	0.0
0.0	0.0
-0.0001186777517432347	0.0
-0.0009349873871542513	0.0
0.0	0.0
0.0	0.0
0.0	0.0
0.0	0.0
-5.621735965632979e-08	0.0
-0.00021222780924290419	0.0
-8.739872432543538e-13	0.0
0.0	0.0
-0.00022066991368774325	0.0
0.0	0.0
0.0	0.0
0.0	0.0
-7.687120159971528e-06	0.0
0.0	0.0
-2.316443351446651e-05	0.0
0.0	0.0
0.0	0.0
-2.7198714391829526e-08	0.0
0.0	0.0
-3.110758916591294e-05	0.0
0.0	0.0
-0.0028088155668228865	0.0
-6.097460300225066e-06	0.0
0.0	0.0
0.0	0.0
0.0	0.0
-0.002537971595302224	0.0
-3.0344097012857674e-08	0.0
0.0	0.0
0.0	0.0
0.0	0.0
0.0	0.0
-0.0012455459218472242	0.0
0.0	0.0
0.0	0.0
-9.305034473072737e-05	0.0
-0.003533615730702877	0.0
0.0	0.0
0.0	0.0
0.0	0.0
0.0	0.0
0.0	0.0
0.0	1.0
0.0	0.0
0.0	0.0
0.0	0.0
-2.14418207633571e-08	0.0
-0.01155789289623499	0.0
0.0	0.0
-0.03227973356842995	0.0
0.0	0.0
-6.491757744697679e-07	0.0
0.0	0.0
0.0	0.0
0.0	0.0
0.0	0.0
-0.00043536178418435156	0.0
-0.000993487425148487	0.0
-2.5058964183699572e-06	0.0
-2.8315506384046785e-08	0.0
0.0	0.0
0.0	0.0
-5.113406587042846e-08	0.0
-8.126995817292482e-05	0.0
0.0	0.0
0.0	0.0
-1.4593902051274199e-05	0.0
0.0	0.0
-1.0097054570223918e-07	0.0
-0.0024232484865933657	0.0
-0.0002476669615134597	0.0
0.0	0.0
0.0	0.0
-0.005826795939356089	0.0
0.0	1.0
-0.010336008854210377	0.0
-0.004773629829287529	0.0
0.0	0.0
0.0	0.0
0.0	1.0
0.0	0.0
-0.010473581962287426	0.0
-0.0011951322667300701	0.0
-8.19955221231794e-06	0.0
0.0	0.0
0.0	0.0
0.0	0.0
0.0	0.0
0.0	0.0
-0.0029130331240594387	0.0
0.0	0.0
0.0	0.0
0.0	0.0
0.0	0.0
-0.00011987268953816965	0.0
0.0	0.0
-0.0006031839293427765	0.0
-0.034926947206258774	0.0
0.0	0.0
0.0	0.0
-0.0001291403459617868	0.0
-0.007916126400232315	0.0
0.0	0.0
0.0	0.0
0.0	0.0
-4.296753104426898e-05	0.0
0.0	0.0
-1.1321887996018631e-06	0.0
-1.9849916498060338e-05	0.0
0.0	0.0
0.0	0.0
-0.002303285291418433	0.0
0.0	0.0
-0.0017709427047520876	0.0
0.0	0.0
-1.6148764188983478e-05	0.0
0.0	0.0
-0.0006859769928269088	0.0
0.0	0.0
-0.003983363974839449	0.0
0.0	0.0
-0.003632067237049341	0.0
-0.000348227855283767	0.0
0.0	0.0
0.0	0.0
-5.300190969137475e-05	0.0
0.0	0.0
-0.0035827085375785828	0.0
-8.93471963081538e-08	0.0
0.0	0.0
0.0	0.0
0.0	0.0
-0.007302399259060621	0.0
0.0	0.0
-0.0003685014962684363	0.0
-2.733202274605481e-17	0.0
0.0	0.0
-0.011142006143927574	0.0
0.0	0.0
0.0	0.0
0.0	0.0
-2.2683682345814304e-06	0.0
-0.00017641970771364868	0.0
0.0	0.0
-0.00390573195181787	0.0
-0.0015748742735013366	0.0
-1.2763114227709593e-06	0.0
-0.00011128266487503424	0.0
0.0	0.0
0.0	0.0
0.0	0.0
-5.5399642207021316e-08	0.0
0.0	0.007
0.0	0.0
-0.0003610900603234768	0.007
-0.01579427905380726	0.007
-0.004692723974585533	0.007
0.0	0.007
-0.00023697945289313793	0.007
0.0	0.007
0.0	0.0
0.0	0.0
0.0	0.0
-2.7888502618367284e-09	0.0
0.0	0.0
0.0	0.0
-5.879908712813631e-05	0.007
-9.615697535991785e-07	0.007021063189568706
-1.212390685623177e-07	0.0
-0.0023133831564337015	0.0030211480362537764
0.0	0.0
0.0	0.0030211480362537764
0.0	0.0030211480362537764
0.0	0.0030211480362537764
0.0	0.0
0.0	0.0
0.0	0.0
-1.432244334864663e-05	0.007
-7.59776668246559e-08	0.0
0.0	1.0
0.0	0.0
0.0	0.0
0.0	0.0
0.0	0.0
0.0	0.0
0.0	1.0
-2.3547127057099715e-05	0.0
-1.091262402042048e-05	0.0
0.0	0.0
-2.680915827113495e-07	0.0
-7.753976768391097e-15	0.001
-0.004757701884955168	0.0
0.0	0.0
0.0	0.0
0.0	0.0
0.0	0.0
0.0	0.0
-1.826635343604721e-05	1.0
0.0	0.0
0.0	0.0
0.0	0.0
-3.988727712567197e-06	1.0
0.0	1.0
0.0	1.0
0.0	0.001
-1.2897067414030516e-08	1.0
-4.577032541419612e-06	1.0
0.0	0.0
0.0	0.0
-0.0016930972924456	0.0
0.0	0.0
0.0	0.0
-0.002573783276602626	0.027
0.0	0.0
0.0	0.0
-9.47703665588051e-06	0.044
0.0	0.0
-0.000194761116290465	0.0
0.0	0.044
-0.000926174980122596	0.044
-0.009241520427167416	0.0
-0.0009730898891575634	0.044
-0.007257095538079739	0.0
-7.112186722224578e-06	0.0
0.0	0.0
0.0	0.01878453038674033
-3.4080183013429632e-06	0.0
-0.0007838092860765755	0.0
0.0	0.0
0.0	0.0
-3.3154935863421997e-07	0.0
-0.00010769972868729383	0.0
-0.00010874464351218194	0.0
-5.821635440383943e-08	0.0
0.0	0.0
-0.00023088278248906136	0.0
-1.0103042313858168e-06	0.0
-0.010407737456262112	0.0
0.0	0.0
0.0	0.0
0.0	0.0
0.0	0.0
0.0	0.0
0.0	0.0
-0.022813158109784126	0.0
-0.0006877699634060264	0.0
0.0	0.0
-4.036659447592683e-05	0.0
-5.28755845152773e-06	0.0
-5.919927207287401e-05	0.0
0.0	0.0
0.0	0.0
-2.6790814899868565e-07	0.0
0.0	0.0
0.0	0.0
-0.003626967314630747	0.0
-0.012396047823131084	0.0
0.0	0.0
-9.29308298509568e-05	0.0
0.0	0.0
0.0	0.0
-5.517899262486026e-05	0.0
0.0	0.0
0.0	0.0
0.0	1.0
0.0	1.0
-8.063939516134155e-10	0.0
0.0	0.0
0.0	0.0
0.0	0.0
0.0	1.0
0.0	0.0
0.0	1.0
-0.0032882883679121733	0.0
0.0	0.0
