-6.609517731703818e-05	0.0
0.0	0.0
0.0	0.0
-2.5062257918762043e-05	0.0
-0.00017813754675444216	0.0
-0.00038778845919296145	0.0
0.0	0.0
-8.79436920513399e-05	0.0
0.0	0.0
0.0	0.0
0.0	0.0
0.0	0.0
0.0	0.0
-0.00151851458940655	0.0
-1.2841689567721914e-05	0.0
-8.640065061626956e-05	0.0
0.0	0.0
0.0	0.0
-0.0001450790005037561	0.0
0.0	0.0
0.0	0.0
-6.026763799127366e-07	0.0
-0.00011722697672666982	0.055
0.0	0.05511022044088176
0.0	0.0
0.0	0.0
-5.856289135408588e-06	0.002
0.0	0.002
-0.0001028182014124468	0.0
0.0	0.0
0.0	0.0
0.0	0.002
0.0	0.002
0.0	0.0
-0.012627054005861282	0.0
0.0	0.0
0.0	0.002
-1.0299579145112148e-07	0.0
-0.0005405718693509698	0.0
0.0	0.0
0.0	0.0
0.0	0.007
0.0	0.007
0.0	0.007
-6.726375431753695e-06	0.0
0.0	0.005
0.0	0.0
0.0	0.005
0.0	0.0
0.0	0.005
-0.009151412174105644	0.0
0.0	0.0
-0.00011875183554366231	0.0
0.0	0.0
0.0	0.0
0.0	0.0
0.0	0.0
0.0	0.0
-4.727088764866494e-08	0.0
0.0	0.0
-3.630401624832302e-05	0.0
0.0	0.0
0.0	0.0
-0.00013636892253998667	0.0
0.0	0.0
0.0	0.0
-0.0003486799541860819	0.0
-7.701628987888398e-07	0.0
0.0	0.0
-0.001872037653811276	0.0
-7.849101280044124e-07	0.0
0.0	0.0
-5.273700026009465e-06	0.0
0.0	0.0
-0.00020571245113387704	0.0
0.0	0.0
-0.00013590841263066977	0.0
0.0	0.0
0.0	0.0
-0.007572852075099945	0.0
0.0	0.0
0.0	0.0
0.0	0.0
0.0	0.0
0.0	0.0
0.0	0.0
0.0	0.0
-6.687251880066469e-05	0.0
0.0	0.0
0.0	0.0
0.0	0.0
0.0	0.0
-0.001400586450472474	0.0
-1.978020698623073e-11	0.0
0.0	0.0
0.0	0.0
0.0	0.0
0.0	0.0
-3.44756044796668e-05	0.0
-1.102414216802572e-06	0.0
0.0	0.0
-3.957003355026245e-05	0.0
0.0	0.0
-0.003860608907416463	0.0
0.0	0.0
0.0	0.0
-2.845865128620062e-05	0.0
-0.022674737498164177	0.0
-0.004048662725836039	0.0
-0.00018804748833645135	0.0
0.0	0.0
-0.0033249438274651766	0.0
-0.00025435618590563536	0.0
0.0	0.0
0.0	0.0
0.0	0.0
-0.011986395344138145	0.0
-7.527454727096483e-05	0.0
-0.0012848174665123224	0.0
0.0	0.0
-0.006651902571320534	0.0
-0.05951210856437683	0.0
-0.01731073297560215	0.0
-1.1205031114513986e-05	0.0
0.0	1.0
0.0	0.0
0.0	0.0
-0.0002118141856044531	0.0
0.0	0.0
-8.025127317523584e-05	0.0
-0.004185793921351433	0.0
0.0	0.0
-1.1947418897761963e-05	0.0
-1.1684709306791774e-06	1.0
-0.0010660277912393212	0.0
-0.011213324964046478	0.0
-0.0002459143288433552	0.0
0.0	0.0
-1.894897832244169e-05	0.0
0.0	0.0
0.0	0.0
0.0	0.0
-1.2977244523426634e-06	0.0
-0.00289393262937665	0.0
-0.020445186644792557	0.0
0.0	0.0
0.0	0.0
-0.00026016763877123594	0.0
-0.002079881029203534	0.0
0.0	0.0
0.0	0.0
0.0	0.0
-0.00011670513777062297	0.0
-0.005526287481188774	0.0
0.0	0.0
-1.9956703718753175e-16	0.0
0.0	0.0
0.0	0.0
0.0	0.0
0.0	0.0
0.0	0.0
-0.0009180739289149642	0.0
-4.398645160108572e-06	0.0
0.0	0.0
0.0	0.0
-0.00011255765275564045	0.0
-7.165391480157268e-08	0.0
0.0	0.0
0.0	0.0
-7.74252930568764e-06	0.0
-0.0015949902590364218	0.0
0.0	0.0
0.0	0.0
0.0	0.0
-0.0008141703438013792	0.0
0.0	0.0
-0.0005074446089565754	0.0
0.0	0.0
0.0	0.0
0.0	0.0
0.0	0.0
0.0	0.0
0.0	0.0
-0.0023967588786035776	0.0
-1.2756330436403118e-09	0.0
0.0	0.0
-5.860810101121494e-12	0.0
0.0	0.0
-0.0007398145389743149	0.0
0.0	0.0
-0.0006889424985274673	0.0
-4.538725079328287e-06	0.0
0.0	0.0
-1.1624645246399723e-08	0.0
-0.004431369714438915	0.0
0.0	0.0
-0.004145356826484203	0.0
0.0	0.0
-0.0026106892619282007	0.0
0.0	0.0
0.0	0.0
-2.366019047350676e-10	0.0
-5.5030863421734466e-08	0.0
0.0	0.0
0.0	0.0
0.0	0.0
0.0	0.0
0.0	0.0
-3.0721037092007464e-07	0.0
-0.0013792524114251137	0.0
0.0	0.0
-0.014335238374769688	0.0
0.0	0.0
0.0	0.0
0.0	0.0
0.0	0.0
0.0	0.0
0.0	0.0
-1.7432171262043994e-08	0.0
0.0	0.0
-0.0002807865384966135	0.0
0.0	0.0
0.0	0.0
0.0	1.0
-3.0102349057870015e-08	0.0
0.0	0.0
-0.0006345285219140351	0.0
-0.001086571952328086	0.0
-0.0003733173361979425	0.0
-0.0006519944872707129	0.0
-0.003345973091199994	0.0
0.0	0.0
-0.010547555983066559	0.0
-5.8077832363778725e-05	0.0
0.0	0.0
-0.0001027791149681434	0.0
0.0	0.0
0.0	0.494
-0.0018998427549377084	1.0
0.0	0.494
-0.005067938938736916	0.0
0.0	0.0
0.0	0.0
-0.0024687983095645905	0.494
0.0	0.0
0.0	0.0
0.0	0.0
0.0	0.0
0.0	0.0
0.0	0.0
0.0	0.0
-0.01012596394866705	0.0
0.0	0.0
0.0	0.0
-0.010145694948732853	0.0
0.0	0.0
0.0	0.0
-5.905037596676266e-07	1.0
0.0	0.012953367875647668
0.0	0.0
-7.316419896596926e-07	0.0
-0.00014344828377943486	1.0
-1.0839710995469432e-07	1.0
0.0	1.0
-0.0016132837627083063	0.0
-0.001059842761605978	0.0
-0.018770569935441017	0.0
-0.002357327379286289	1.0
-1.778712004352201e-07	1.0
0.0	1.0
0.0	0.0
-0.0003885294427163899	0.0
0.0	0.0
0.0	0.0
-1.2973659689954897e-12	0.0
0.0	0.0
0.0	0.0
-0.0022857023868709803	0.0
-0.0010310616344213486	0.0
0.0	0.0
0.0	0.002
0.0	0.004048582995951417
-0.0010416785953566432	0.0
0.0	0.0
0.0	0.0
-0.0017433929024264216	0.0
0.0	1.0
0.0	1.0
-0.0018337512155994773	0.0
-2.557572406658437e-05	0.0
0.0	0.0
0.0	0.0
-0.0011512580094859004	1.0
0.0	0.0
-0.001043240656144917	0.0
-3.5956862120656297e-05	0.0
0.0	1.0
-0.0020949309691786766	0.0
-3.122523776255548e-05	0.0
0.0	0.0
-0.00025433715200051665	0.0
-6.0168375057401136e-05	0.0
-0.0005256307777017355	0.0
-4.4949865696253255e-06	0.0
-0.0030902617145329714	0.0
-0.0013906984822824597	0.0
0.0	0.0
0.0	0.0
0.0	0.0
0.0	0.0
0.0	0.0
0.0	0.0
0.0	0.0
0.0	0.0
0.0	0.0
-0.00042622879846021533	0.0
0.0	0.0
0.0	0.0
-0.0019020837498828769	1.0
-4.594530977897193e-09	0.0
-0.0001915934553835541	0.0
0.0	0.108
-0.0017660981975495815	0.0
-0.013693503104150295	0.0
0.0	0.0
-6.9182524384814315e-06	0.108
-0.0008508749888278544	0.0
-0.0005917679518461227	0.108
0.0	0.0
0.0	0.0
0.0	0.0
-1.1449306839494966e-05	0.004
0.0	0.0
-0.0019338824786245823	0.0
-0.008854130282998085	0.0
0.0	0.0
0.0	0.0
0.0	0.0
0.0	1.0
0.0	0.0
-2.3533784769824706e-05	0.0
0.0	0.0
-0.005549324210733175	0.0
0.0	0.0
-0.0006725660641677678	0.0
0.0	0.0
0.0	0.0
0.0	0.0
-6.921805470483378e-05	0.0
0.0	0.0
0.0	0.0
-1.3724256859859452e-06	0.0
0.0	0.0
0.0	0.0
-7.12757071141823e-07	0.0
0.0	0.0
0.0	0.0
0.0	0.0
0.0	0.0
0.0	0.0
-9.168506039713975e-06	0.0
0.0	0.0
0.0	1.0
0.0	0.0
0.0	0.0
0.0	0.0
-2.2237520624912577e-06	0.0
0.0	1.0
0.0	0.0
-0.005617612972855568	0.0
-8.106478155411878e-09	0.0
0.0	1.0
-0.0002026223373832181	0.0
0.0	0.0
0.0	1.0
0.0	1.0
0.0	1.0
0.0	0.0
0.0	0.0
0.0	0.0
0.0	0.0
0.0	0.0
0.0	0.0
-0.001491093309596181	0.0
0.0	1.0
0.0	0.0
0.0	0.0
-3.868916337523842e-06	0.0
0.0	0.0
0.0	0.0
0.0	0.0
0.0	0.0
-0.0016618925146758556	0.0
-0.00021998559532221407	0.0
-1.8066590200760402e-05	0.0
0.0	0.0
-3.129327743114918e-12	0.0
0.0	0.0
0.0	0.0
-8.342078945133835e-05	0.0
0.0	0.0
-0.0009769242024049163	0.0
-0.0010175314964726567	0.0
0.0	0.0
0.0	0.0
0.0	0.0
0.0	0.0
0.0	1.0
0.0	1.0
-5.189097282709554e-05	0.0
0.0	1.0
-2.2463019888618874e-07	1.0
0.0	0.0
0.0	0.0
-0.001844104495830834	0.0
-2.701892844925169e-05	0.0
-0.0002459852839820087	0.0
0.0	0.0
-2.494053852331035e-08	0.0
-0.00020386629330459982	0.0
0.0	0.0
0.0	0.0
0.0	0.0
-0.003354939864948392	0.0
-0.00018794488278217614	0.0
0.0	0.0
0.0	0.0
0.0	0.0
0.0	0.0
0.0	0.0
0.0	0.0
0.0	0.0
0.0	0.0
0.0	0.0
-0.00161895586643368	0.0
0.0	0.0
0.0	0.001
0.0	0.001
0.0	0.0
0.0	0.0
0.0	0.0
-0.03973187133669853	0.0
-0.0005835037445649505	0.0
0.0	0.0
-6.816201675974298e-06	0.0
0.0	1.0
0.0	0.0
-5.013095142203383e-05	1.0
-9.231152034772094e-06	0.0
0.0	0.0
-1.7578196320755524e-07	0.0
0.0	0.0
0.0	0.0
-0.0024008420296013355	0.0
-4.0529659489640935e-11	0.0
0.0	0.0
0.0	0.0
0.0	0.0
0.0	0.0
-0.00018211055430583656	0.0
0.0	0.0
-0.00014345854287967086	0.0
0.0	0.0
0.0	0.0
0.0	0.0
0.0	0.0
0.0	0.0
0.0	0.0
-1.5081941455719061e-05	0.0
0.0	0.0
-0.008881432935595512	0.0
-2.0134288680750956e-10	0.0
-6.132209364295704e-06	0.0
-4.883574729319662e-05	0.0
-0.00041896497714333236	0.0
0.0	0.0
0.0	0.0
-0.003832748858258128	0.0
-1.556063011776132e-06	0.0
-0.06741224974393845	0.0
0.0	0.0
0.0	0.0
-3.263561154653871e-08	0.0
-0.00038633932126685977	0.0
-0.0002584351459518075	0.0
0.0	0.0
0.0	0.0
-0.008062608540058136	0.0
-0.0013066752580925822	0.0
-0.00017589393246453255	0.0
0.0	0.0
-2.516109702810354e-07	0.0
0.0	1.0
-7.321075099753216e-05	1.0
-0.000479645881569013	0.0
-1.906330362544395e-05	1.0
0.0	0.0
0.0	0.0
0.0	0.0
-5.396417236624984e-06	0.0
0.0	0.0
0.0	0.0
0.0	0.0
-2.232087354059331e-05	0.0
0.0	0.0
-7.042221454867104e-07	0.0
0.0	0.0
0.0	0.0
-0.0017773843137547374	0.0
0.0	0.0
0.0	0.0
-1.6749747373978607e-05	0.0
-2.8317053875070997e-06	0.0
0.0	0.0
0.0	0.0
-0.003726466791704297	0.0
-0.007787197362631559	0.0
0.0	0.0
-2.0276472412206203e-07	0.0
0.0	1.0
0.0	0.0
-0.0009856977267190814	0.002
-0.00048012027400545776	0.0
-0.00037997064646333456	1.0
0.0	0.0
0.0	0.0
0.0	0.0
-0.0002669849491212517	0.0
0.0	1.0
-0.0021870953496545553	0.0
-5.644536486215657e-06	0.0
0.0	0.0
0.0	0.0
0.0	0.0
0.0	0.0
-9.893847163766623e-07	0.0
0.0	0.0
0.0	0.0
-1.2799958994946792e-06	0.0
-0.00019656019867397845	0.0
0.0	0.0
0.0	0.0
0.0	0.0
0.0	0.0
-2.748385213635629e-06	0.0
0.0	0.0
0.0	0.0
-2.6841822545975447e-05	0.0
0.0	0.0
-0.00020036072237417102	0.0
0.0	0.0
-5.192953622668028e-09	0.0
0.0	0.0
-6.643287633778527e-05	0.0
0.0	1.0
-3.001202841801387e-09	0.0
-0.0021312653552740812	0.0
-1.0254593689751346e-06	1.0
-0.00033339220681227744	1.0
-0.0002935654192697257	0.0
0.0	1.0
0.0	0.0
0.0	1.0
0.0	0.0
0.0	0.0
0.0	0.12
0.0	0.0
0.0	0.0
0.0	0.0
0.0	0.0
0.0	0.0
0.0	0.0
0.0	0.0
0.0	0.0
0.0	0.0
-0.0075556072406470776	0.0
0.0	0.0
0.0	0.0
-0.004807611461728811	0.0
0.0	0.0
-0.00021729276340920478	0.0
0.0	0.0
0.0	0.0
0.0	0.0
0.0	0.0
0.0	0.506
-2.9900053988285435e-08	0.0
0.0	0.0
-1.4968604133969166e-09	0.0
0.0	0.0
0.0	0.0
-0.008973021991550922	0.0
-0.0023664457257837057	0.0
-0.0016007029917091131	0.0
-0.004179693758487701	0.0
-0.0016213348135352135	0.0
-0.0006790744373574853	0.0
-0.01155769731849432	0.0
-7.109287980711088e-05	0.0
0.0	0.0
0.0	0.0
-0.015754681080579758	0.0
0.0	0.045454545454545456
0.0	0.0
-0.00312350457534194	0.023
0.0	0.023
0.0	0.0
0.0	0.023
0.0	0.023
0.0	0.0
-0.0028931417036801577	0.0
0.0	0.0
0.0	0.0
0.0	0.0
0.0	1.0
-0.004999545868486166	0.0
0.0	1.0
0.0	1.0
-0.0002270092227263376	0.0
-0.0005556062678806484	1.0
-0.00012822194548789412	0.0
0.0	0.0
-6.327382379822666e-06	0.0
0.0	0.0
0.0	0.0
0.0	0.0
-7.054455181787489e-06	0.0
-0.00010382854816270992	0.0
0.0	0.0
0.0	0.0
-0.0019525719108060002	0.0
0.0	0.155
-2.7246338518693847e-09	0.155
0.0	0.0
0.0	0.0
0.0	0.0
0.0	0.0
-0.0035683531314134598	0.0
0.0	0.0
0.0	0.0
-0.00044539893860928714	0.0
-0.00011147562327096239	0.0
0.0	0.0
0.0	0.0
0.0	0.0
0.0	0.0
-0.002951229689642787	0.0
0.0	0.0
0.0	0.0
0.0	0.0
0.0	1.0
0.0	1.0
0.0	1.0
0.0	0.0
0.0	0.0
0.0	0.0
-2.5870956505968934e-06	0.0
-0.0004390928370412439	0.0
0.0	0.0
0.0	0.0
0.0	0.0
-0.00021616854064632207	1.0
0.0	0.0
0.0	0.0
-0.0025185381527990103	0.0
0.0	0.0
0.0	0.0
0.0	0.0
0.0	0.0
0.0	0.0
0.0	0.0
-0.0004006407398264855	0.0
-0.0010450161062180996	0.0
-0.00032169127371162176	0.0
0.0	0.0
-2.006645544172514e-10	0.0
-3.1263309665519046e-06	0.0
-0.004277925007045269	0.0
-7.041414846753469e-06	0.0
0.0	0.0
0.0	0.0
-3.3670105040073395e-05	0.0
0.0	0.0
0.0	0.0
-0.007271051872521639	0.0
-0.0017671382520347834	0.0
0.0	0.0
0.0	0.0
0.0	0.0
0.0	0.0
-1.715324106044136e-05	1.0
0.0	1.0
0.0	0.0
0.0	0.0
-8.761605567997321e-05	0.0
-0.005258528515696526	0.0
0.0	0.0
-2.9262484531500377e-05	0.0
-0.00017151565407402813	0.0
-6.53564100616677e-08	0.0
-0.0007222460699267685	0.0
0.0	0.0
-2.026461288551218e-06	0.0
-0.0005592131637968123	0.0
0.0	0.0
0.0	0.0
0.0	0.0
-0.0031812265515327454	0.0
0.0	0.0
-4.804970740224235e-05	0.0
-9.178657637676224e-05	0.0
-9.610992856323719e-05	0.0
0.0	0.0
0.0	0.0
0.0	0.0
0.0	0.0
-0.00849022064357996	0.0
-4.688457556767389e-05	0.0
0.0	0.0
-0.003691246034577489	0.0
-0.008165214210748672	0.0
0.0	0.0
0.0	0.0
-7.41879944143875e-08	0.0
0.0	0.0
0.0	0.0
-1.2424527085386217e-05	0.0
-0.0026256295386701822	0.0
-0.004579650703817606	0.0
0.0	0.0
0.0	0.0
0.0	0.0
0.0	0.0
0.0	0.0
0.0	0.0
-2.191521097927307e-08	0.0
-0.00047957486822269857	0.0
0.0	0.0
0.0	0.0
-0.0007869856199249625	0.0
-0.000184601653018035	0.0
-1.25829810713185e-05	0.0
0.0	0.0
-2.5688779714982957e-05	0.0
-0.0008314678561873734	0.0
0.0	1.0
0.0	0.0
0.0	0.0
-0.000780897622462362	0.0
-0.002085379557684064	0.0
-0.0006873736856505275	0.0
0.0	0.0
-1.9991737190139247e-06	0.0
0.0	0.0
0.0	0.0
-1.0100927738676546e-07	0.0
0.0	0.0
-0.0003442251472733915	0.0
0.0	0.0
-5.494882771017728e-07	0.0
0.0	0.0
0.0	0.0
0.0	0.012
0.0	0.0
0.0	0.0
-3.089871825068258e-05	0.0
-3.105711527950916e-07	0.0
0.0	0.0
0.0	0.0
-9.685049917607103e-06	0.012
0.0	0.012
-0.0004849166434723884	0.0
0.0	0.012
-1.0260295724151547e-08	0.0
-0.0012908821227028966	1.0
-3.1273075795645866e-10	0.0
-5.448625415738206e-06	0.0
0.0	0.0
-7.732573067187332e-06	0.0
0.0	0.0
-8.084721775958315e-05	0.0
-2.2315385743518737e-17	0.0
-2.7413185307523236e-05	0.0
0.0	0.0
0.0	0.0
0.0	0.0
0.0	0.0
0.0	0.0
-0.003439889755100012	0.0
0.0	0.0
-2.987809466503677e-06	0.0
-0.004047540947794914	0.0
0.0	0.0
0.0	0.0
-0.0002927113091573119	0.0
-0.005976248998194933	0.0
0.0	0.0
-0.0029810641426593065	0.0
-0.006143308710306883	0.0
0.0	0.0
0.0	0.0
0.0	0.0
0.0	0.0
-3.2376121783528333e-09	1.0
0.0	0.0
0.0	1.0
0.0	0.0
-0.00040476155118085444	0.0
0.0	0.0
-2.8842416099905677e-07	0.0
0.0	0.0
-2.300157939316705e-05	0.0
-0.0009795663645491004	1.0
-8.287555175456873e-08	0.0
-3.123952652117623e-08	0.0
0.0	0.0
-0.00030948646599426866	0.0
0.0	0.0
-0.011874731630086899	0.0
-0.00818376149982214	0.0
-0.0032983170822262764	0.0
0.0	0.0
-0.0011632870882749557	0.0
-0.03113514930009842	0.0
-2.243573078430927e-07	0.0
0.0	0.0
-0.03219719976186752	0.0
-0.00019868055824190378	0.0
-2.0349909391370602e-05	0.0
-0.0004279111744835973	0.0
0.0	0.0
0.0	0.0
-5.359547139960341e-05	0.0
0.0	0.0
0.0	0.0
0.0	0.0
0.0	0.0
-0.015962598845362663	0.0
0.0	0.0
-0.0022553785238415003	0.0
-8.02412927214391e-08	0.0
0.0	0.0
-3.5504101106198505e-05	0.0
-2.113451591867488e-05	0.0
-0.0001588396989973262	0.0
0.0	0.0
0.0	0.0
-0.002344920765608549	0.0
-0.009882870130240917	0.0
0.0	0.0
0.0	0.0
-0.0006000061403028667	0.0
-0.0034397330600768328	0.0
-0.00016755603428464383	0.0
-5.128088673700404e-07	0.0
-0.0001683348964434117	1.0
-7.896772331150714e-06	1.0
-2.3110146685212385e-08	0.0
0.0	0.0
-0.00030896536190994084	0.0
-8.530107152182609e-05	0.0
0.0	0.0
0.0	0.0
0.0	0.0
-0.00025611158343963325	0.0
0.0	0.0
0.0	0.0
0.0	0.0
-0.00043364070006646216	0.0
0.0	0.0
0.0	0.0
-2.0692525140475482e-05	0.0
0.0	1.0
0.0	1.0
0.0	1.0
0.0	0.0
0.0	0.0
-0.0017243053298443556	0.0
0.0	0.0
-0.0005189261282794178	0.0
-0.0003794421791099012	0.0
0.0	0.0
0.0	0.0
0.0	0.0
0.0	0.0
-2.974166454805527e-05	0.0
-0.007537161931395531	0.0
0.0	0.0
-9.716727072373033e-05	0.0
0.0	0.0
-4.076492587046232e-06	0.006
-3.2786936117190635e-06	0.006
0.0	0.0
-0.0008674113778397441	0.006
0.0	0.006
0.0	0.006
-5.651165224662691e-07	0.0
0.0	0.0
-6.315618250596344e-09	0.0
0.0	0.0
0.0	0.0
0.0	0.006
0.0	0.006
0.0	0.0
0.0	1.0
0.0	1.0
-7.459413609467447e-05	0.0
-5.253665280591235e-10	0.0
-1.2877261212906888e-07	0.0
-4.361589526524767e-05	0.0
0.0	0.0
0.0	0.0
0.0	0.0
-4.161668766755611e-05	0.0
0.0	0.0
-6.268604920478538e-06	0.0
-8.075257937889546e-05	0.0
-1.2581826069890667e-07	0.0
0.0	0.0
0.0	0.0
-7.143409311538562e-05	0.0
0.0	0.0
0.0	0.0
0.0	0.0
0.0	0.0
-0.0026692626997828484	0.0
-0.004761128220707178	0.0
0.0	0.0
0.0	0.0
-0.005296453833580017	0.0
0.0	0.0
-0.001485050073824823	0.0
0.0	0.0
0.0	0.0
-0.0007227567839436233	0.0
-2.2217569494387135e-05	0.0
0.0	0.0
0.0	0.0
0.0	0.0
-0.00011392334999982268	0.0
0.0	0.0
0.0	0.0
0.0	0.0
0.0	0.0
-0.00029873286257497966	0.0
0.0	0.0
-3.85683924832847e-05	0.0
0.0	0.0
0.0	0.0
-0.0003612791479099542	0.0
-9.929272346198559e-05	0.0
-0.013322255574166775	0.0
-7.020451331385402e-09	0.0
-2.081121920127771e-06	0.0
