-1.3465404435919481e-07	0.0
0.0	0.0
-0.001421521883457899	0.0
-0.006498860660940409	0.0
-4.765829089592444e-06	0.0
-0.00013846108049619943	0.0
-5.345387243949062e-09	0.0
-0.005257644224911928	0.0
-8.851681195665151e-05	0.0
0.0	0.0
-1.9519768557074713e-06	0.0
-5.014419435234174e-10	0.0
0.0	0.0
-0.005350728053599596	0.0
0.0	0.0
0.0	0.0
0.0	0.0
-0.00014942775305826217	0.0
0.0	0.0
0.0	0.0
-0.0007130345911718905	0.0
0.0	0.0
-0.0004342832835391164	0.0
0.0	0.0
0.0	0.0
-0.003847014857456088	0.0
-0.0032343948259949684	0.0
0.0	0.0
0.0	0.0
0.0	0.0
-1.4539019730364089e-06	1.0
-0.0005358675844036043	1.0
0.0	0.0
0.0	0.037
0.0	0.037
0.0	0.0
-0.00048469332978129387	0.0
0.0	0.037
0.0	0.037
0.0	0.037
0.0	0.0
0.0	0.037
-0.005896551068872213	0.037
0.0	0.0
-0.001647596014663577	0.006
0.0	0.0
-0.009105045348405838	0.0
0.0	0.0
0.0	1.0
-2.4924306174511912e-08	0.0
0.0	1.0
-0.01611732691526413	0.0
0.0	1.0
0.0	1.0
0.0	0.0
-4.817222575698166e-12	0.0
0.0	0.0
0.0	0.0
-1.9895631339750253e-05	0.0
-6.047339411452413e-07	0.0
0.0	0.0
0.0	0.0
0.0	0.0
-9.642859367886558e-06	0.0
0.0	0.0
-0.0019612759351730347	0.0
-6.469469371950254e-05	0.0
-6.2401836657954846e-06	0.0
-0.0001394707796862349	1.0
0.0	1.0
0.0	0.0
0.0	0.0
-0.0005858670920133591	0.0
-2.287497346761553e-14	0.0
-0.003794125746935606	0.0
0.0	0.0
-0.000333312782458961	0.0
0.0	0.0
0.0	0.0
0.0	0.0
0.0	0.0
-6.967260560486466e-05	0.0
0.0	0.0
0.0	0.0
0.0	0.0
0.0	0.0
-0.00022320167045108974	0.0
0.0	0.0
0.0	0.0
-1.539021695862175e-06	0.0
-0.006193053442984819	0.0
-0.0025684908032417297	0.0
0.0	0.0
0.0	0.0
-2.1671768990927376e-05	0.0
0.0	0.0
-2.623290251690946e-09	0.0
0.0	0.0
0.0	0.0
0.0	0.0
0.0	0.0
0.0	0.0
-6.992001726757735e-05	0.0
0.0	0.0
-0.002058868296444416	0.0
-1.5395322634503827e-06	0.0
0.0	0.0
0.0	0.0
0.0	0.0
-5.397096103365584e-10	0.0
-0.004885838367044926	0.0
0.0	0.0
-0.0005259814788587391	0.0
-0.002557203406468034	0.0
-0.0009384099976159632	0.0
-0.0011004639090970159	0.0
0.0	0.0
0.0	0.0
-2.870867632509544e-08	0.0
0.0	0.0
0.0	0.0
0.0	0.0
0.0	0.0
0.0	0.0
-1.2690325235098499e-08	0.0
0.0	0.0
0.0	0.0
0.0	0.0
-0.00017287491937167943	0.0
0.0	0.0
0.0	1.0
0.0	0.0
0.0	0.0
0.0	0.0
0.0	0.0
0.0	1.0
-8.238281168360118e-08	1.0
0.0	0.0
-2.0703905647678766e-06	1.0
-1.829061124780651e-09	0.0
-0.0032617163378745317	0.0
-3.891449978254968e-06	0.0
0.0	0.0
0.0	0.0
-0.00021308280702214688	0.0
0.0	0.0
0.0	0.0
-0.002841163892298937	0.0
-0.051302555948495865	0.0
-3.442942642095659e-08	1.0
0.0	0.0
0.0	0.0
0.0	0.0
0.0	0.0
0.0	0.0
0.0	1.0
0.0	0.0
0.0	0.0
-0.007558392360806465	0.0
0.0	0.0
-0.0003256333584431559	0.0
0.0	0.0
0.0	0.0
0.0	0.0
0.0	0.0
0.0	0.0
0.0	0.0
0.0	0.0
0.0	0.0
0.0	0.0
-0.0006961813778616488	0.0
0.0	0.0
-0.0023947260342538357	0.0
0.0	0.0
-0.00014139861741568893	0.0
-1.6362235177869167e-10	0.0
0.0	0.0
-8.603435162513051e-06	0.0
-0.0009718633373267949	0.0
-1.5916501070023514e-05	0.0
-0.0001301446172874421	0.0
-0.0018072392558678985	0.0
-0.00016428707749582827	1.0
-8.986085049400572e-06	0.0
0.0	1.0
0.0	1.0
0.0	0.0
0.0	0.0
0.0	0.0
0.0	0.0
-3.328917227918282e-05	0.0
-6.073510583348707e-09	0.0
0.0	1.0
0.0	0.0
0.0	1.0
0.0	1.0
0.0	1.0
-1.8802072745960352e-11	0.0
0.0	0.0
-4.205056029604748e-05	0.0
0.0	0.0
-0.0032111473847180605	0.0
0.0	0.0
0.0	0.0
-0.002551616868004203	0.0
-0.0002799532376229763	0.0
0.0	1.0
0.0	1.0
-0.0016941874055191875	1.0
-0.0004573226033244282	0.0
-4.704817911260761e-05	0.0
-0.0006725603016093373	0.0
0.0	0.0
0.0	0.0
0.0	0.0
0.0	0.768
0.0	0.0
0.0	0.0
0.0	0.0
0.0	0.768
-0.0023359283804893494	0.0
-3.032204222108703e-05	0.0
0.0	0.0
0.0	0.0
-0.006709354929625988	0.0
0.0	0.0
0.0	0.0
-0.001180902705527842	0.0
0.0	0.0
-0.0007817255682311952	0.0
0.0	0.0
-0.0001260384451597929	0.0
-0.0005150127108208835	0.0
-4.048223090080683e-09	0.0
0.0	0.0
-0.0002716722374316305	0.0
0.0	0.0
0.0	0.0
0.0	0.0
-0.0002481591945979744	0.0
0.0	0.0
0.0	0.0
-0.05005834996700287	0.0
0.0	0.0
-0.000952661968767643	0.0
0.0	0.0
0.0	0.0
-0.010880833491683006	0.0
0.0	0.0
-9.869146015262231e-05	0.0
-0.003269972512498498	0.0
0.0	0.0
0.0	0.0
0.0	0.0
-8.49867137731053e-06	0.0
-0.0006936305435374379	0.0
-1.644400617806241e-05	0.0
0.0	0.0
-7.282748271109085e-08	0.0
-0.0004750457883346826	0.0
0.0	0.0
0.0	0.0
0.0	0.0
-0.0005419367225840688	0.0
0.0	0.0
-0.003363335970789194	0.0
-2.101984080127295e-07	0.0
0.0	0.0
0.0	0.0
0.0	0.0
0.0	0.0
0.0	0.0
0.0	0.0
0.0	0.0
0.0	0.0
-3.2008827020035824e-06	0.0
-0.00020917395886499435	0.0
-8.70821822900325e-05	0.0
0.0	0.0
0.0	1.0
0.0	0.0
-0.0006603450165130198	0.0
0.0	0.0
0.0	0.0
-0.001659844070672989	0.0
0.0	0.0
-1.619993916790463e-08	0.0
-0.00016910879639908671	0.0
-0.001186115201562643	0.0
-0.0029325003270059824	0.0
-1.5296291167032905e-05	0.0
-5.946851160842925e-06	0.0
0.0	0.0
-0.010159085504710674	0.0
-0.00010748037311714143	0.0
-0.009452941827476025	0.0
0.0	0.0
0.0	0.0
0.0	0.0
0.0	0.0
-3.19632598166919e-10	0.0
-2.711794593324157e-07	0.0
0.0	1.0
0.0	0.0
0.0	0.0
-2.68556548527199e-11	0.0
0.0	0.0
0.0	0.0
-3.116558218607679e-06	0.0
0.0	0.0
-0.0005052611813880503	0.0
0.0	0.0
0.0	0.0
-2.6751267796498723e-06	0.0
0.0	0.0
0.0	0.0
-0.002088791923597455	0.0
0.0	0.0
0.0	0.0
0.0	0.0
0.0	0.0
-0.005112849175930023	0.0
0.0	0.0
-0.0029154226649552584	0.0
-0.0017256077844649553	0.0
0.0	0.045
0.0	0.0
0.0	0.045
-2.599596319458053e-12	0.0
0.0	0.0
0.0	0.0
-0.0007417260785587132	0.0
0.0	0.0
0.0	0.0
-0.0007048852858133614	0.0
-0.00047852631541900337	0.0
0.0	0.0
-0.0005864655831828713	0.0
0.0	0.0
0.0	0.0
0.0	0.0
0.0	0.0
-0.11863640695810318	0.0
-0.0009706434211693704	0.0
0.0	0.0
-1.8350472430483933e-07	0.0
0.0	0.0
-5.388385761762038e-05	0.0
0.0	0.0
-0.003765359753742814	0.0
0.0	0.0
-7.664730219403282e-05	0.0
-2.773423148028087e-05	1.0
-0.0014898537192493677	1.0
0.0	0.0
0.0	0.0
-0.0037666710559278727	0.0
0.0	0.0
-0.01210539136081934	0.0
0.0	0.0
-0.0007946718251332641	0.0
-0.005424019880592823	0.0
0.0	0.0
0.0	0.0
-3.056635250686668e-05	0.0
-0.009594649076461792	0.0
0.0	0.0
-0.0016365974443033338	0.0
0.0	0.0
0.0	0.0
-0.0003729531017597765	0.0
-0.0004923552041873336	0.0
-6.759120151400566e-05	0.0
-0.002240573288872838	0.0
-1.673975566518493e-05	0.0
0.0	0.0
-9.226882095673803e-17	0.0
0.0	0.0
0.0	0.0
-0.0009383651777170599	0.0
0.0	0.0
-0.0015714908950030804	0.0
-1.0212968959422142e-07	0.0
-2.723302532103844e-05	0.0
0.0	0.0
-0.0012058144202455878	0.0
-0.002571694552898407	0.0
0.0	0.0
0.0	0.0
0.0	0.0
-2.606854286568705e-05	0.0
-0.0002621466701384634	0.0
-3.0138526199152693e-06	0.0
0.0	0.0
-2.4702131895537605e-07	0.0
-8.74616889632307e-05	0.0
0.0	0.0
0.0	0.0
0.0	0.0
0.0	0.0
-0.0051237065345048904	0.0
-0.005628017242997885	0.0
-0.0005658253212459385	0.0
0.0	0.0
-0.00615439610555768	0.0
-9.55988184614398e-07	1.0
0.0	0.0
-6.050222509657033e-05	0.0
0.0	0.0
0.0	0.0
0.0	0.0
0.0	0.0
-0.0003398086701054126	0.0
0.0	0.0
-2.9538964554376435e-06	0.0
-0.007780373562127352	0.0
-0.003421346889808774	0.0
-7.57493567871137e-10	0.0
0.0	0.0
0.0	0.0
0.0	0.0
-9.890005969737103e-08	0.0
0.0	0.0
0.0	0.0
0.0	0.0
0.0	1.0
-1.0469804692547768e-05	0.0
0.0	0.0
-2.4009209482755978e-06	0.0
0.0	0.0
-4.692675793194212e-05	0.0
-0.00011473914491944015	0.0
-6.309147283900529e-05	0.0
0.0	0.0
0.0	0.0
0.0	1.0
0.0	0.0
0.0	0.0
0.0	0.0
-3.967038355767727e-05	0.0
0.0	0.0
-0.00010443055361974984	0.0
0.0	0.0
0.0	0.0
0.0	0.0
0.0	0.0
0.0	0.0
0.0	0.0
-0.008202326484024525	0.0
0.0	0.0
0.0	0.0
-3.1661231332691386e-05	0.0
0.0	0.0
-0.006651577539741993	0.0
0.0	1.0
-0.001973051344975829	0.0
-0.00012511713430285454	0.0
0.0	0.0
-3.840873432636727e-06	0.0
-5.469203648994503e-12	0.0
-0.00018370406178291887	0.0
0.0	0.0
0.0	0.0
0.0	0.0
-1.8830796297275576e-11	0.0
0.0	0.0
-3.7518418594117975e-06	0.0
0.0	0.0
-0.0006607315153814852	0.0
0.0	0.0
0.0	0.0
0.0	0.0
-0.0010125936241820455	0.0
0.0	1.0
-0.0007907113176770508	1.0
0.0	0.0
0.0	0.0
-8.849747973727062e-05	0.0
-0.003388202516362071	0.0
0.0	0.0
-6.528416997753084e-05	0.0
0.0	0.0
0.0	0.0
0.0	0.0
-8.587849398625225e-13	0.0
0.0	0.0
-0.023826908320188522	0.0
0.0	0.0
0.0	1.0
-0.021084532141685486	0.0
0.0	1.0
0.0	0.0
0.0	0.0
0.0	0.0
0.0	0.0
0.0	0.0
0.0	0.0
0.0	0.0
0.0	0.0
-1.0059200121759204e-06	0.0
0.0	0.0
-0.0002579833671916276	0.0
0.0	0.0
-0.0020387175027281046	0.0
-0.0003683227114379406	0.0
0.0	0.0
-7.057792572595645e-06	0.0
-2.323435950302155e-07	0.0
-9.768181818969879e-09	0.0
-4.5458081743277035e-09	0.0
-0.0010239932453259826	0.0
0.0	0.0
0.0	0.0
0.0	0.0
-3.0874968380556478e-12	1.0
-1.7753714928403497e-05	0.0
-3.2090401873574592e-06	0.0
-0.0038696653209626675	0.0
0.0	0.0
0.0	0.0
0.0	0.0
-4.571499448502436e-05	0.0
-6.4829018810996786e-06	0.0
0.0	0.0
-8.621562301414087e-05	0.0
0.0	0.0
-0.003200565231963992	0.0
0.0	0.0
0.0	0.0
-7.872918104112614e-06	0.0
0.0	0.0
0.0	0.0
0.0	0.0
-0.0019211373291909695	0.0
-2.3640646773515073e-08	0.0
0.0	0.0
-2.430182099999456e-08	0.0
-1.7920040562557915e-08	0.0
-0.0031052648555487394	0.0
0.0	0.0
-6.685718744847691e-06	0.0
-1.903541306091938e-05	0.0
0.0	1.0
0.0	0.0
-8.877992785372157e-10	1.0
0.0	1.0
-3.7792528928548563e-06	1.0
0.0	1.0
0.0	1.0
0.0	0.0
-0.0013489921111613512	0.0
0.0	0.0
-4.443191770064914e-08	0.0
-0.0011067850282415748	0.0
0.0	0.0
0.0	0.0
-1.0751041372714099e-05	0.0
-0.008053917437791824	0.0
0.0	0.0
-3.195352519469452e-06	0.0
0.0	0.0
0.0	0.0
-0.0015803489368408918	0.0
-4.2554511026082764e-08	0.0
0.0	0.0
0.0	0.0
-0.0007555644260719419	0.0
0.0	0.0
0.0	0.0
-2.1816557449483298e-08	0.0
0.0	0.0
0.0	0.0
-0.0001458117039874196	0.0
-1.5808395801286679e-06	0.0
0.0	0.0
0.0	0.0
0.0	0.0
-2.244305687781889e-05	0.0
0.0	0.0
-7.725843897787854e-05	0.0
0.0	0.0
0.0	0.0
-0.0005673245177604258	0.0
-0.0021685610990971327	0.0
0.0	1.0
-8.230344064941164e-06	0.0
0.0	0.0
0.0	0.0
-0.001734327175654471	0.0
0.0	0.0
0.0	0.0
0.0	0.0
0.0	0.0
-2.5279643978137756e-06	0.0
-0.007371644023805857	0.0
-0.007303792517632246	0.0
0.0	0.0
0.0	0.0
-1.679249635344604e-06	1.0
0.0	1.0
0.0	0.0
0.0	0.0
-7.360185463767266e-06	1.0
0.0	0.0
0.0	0.0
0.0	0.0
-1.3255217936603003e-06	0.0
0.0	0.0
0.0	0.0
0.0	0.0
-0.0019419259624555707	0.0
-0.00044859395711682737	0.0
-0.004642708692699671	0.0
-4.0701845136936754e-05	0.0
-5.925555342400912e-06	0.0
-0.006932445801794529	0.0
-2.0661239830133127e-08	0.0
-0.002565548289567232	0.0
-0.013031275011599064	0.0
-0.00017524883151054382	0.0
0.0	0.0
0.0	0.0
-0.003448431147262454	0.0
0.0	0.0
-1.7915389207701082e-06	0.0
0.0	0.0
0.0	0.0
-0.0004993848851881921	0.0
0.0	0.0
-0.0007088414276950061	0.0
0.0	0.0
0.0	0.125
-0.00021056974946986884	0.0
-1.976641979697617e-21	0.125
0.0	0.125
-0.002528725191950798	0.125
0.0	0.0
-0.00017536543600726873	0.0
0.0	0.0
0.0	0.0
0.0	0.0
0.0	0.0
0.0	0.0
0.0	0.0
-1.5772388906043489e-06	0.010040160642570281
0.0	0.0
0.0	0.00404040404040404
0.0	0.00404040404040404
-0.0005770622519776225	0.0
-0.00273518287576735	0.0
-0.0042005982249975204	0.0
0.0	0.0
0.0	0.0
-1.2382142813294195e-05	0.0
0.0	0.0
0.0	0.0
-9.240971121471375e-05	0.0
-0.001510331523604691	0.0
0.0	0.0
-0.0014852478634566069	0.0
-9.540958672005218e-06	0.0
-0.0027328880969434977	0.0
-3.3490661735413596e-05	0.0
-0.004118224140256643	0.0
0.0	0.0
0.0	0.0
0.0	0.0
0.0	0.0
-0.0006681581726297736	0.0
0.0	1.0
0.0	0.0
-0.00014012765313964337	0.0
0.0	0.001
0.0	0.0013020833333333333
-0.0018056887201964855	0.0
-0.0019105037208646536	0.001
0.0	0.0
0.0	0.0
-4.585758688335773e-06	0.0
0.0	0.0
0.0	0.0
-1.337099547527032e-05	0.0
0.0	0.0
-0.03875592723488808	0.0
-5.420484967544326e-07	1.0
0.0	1.0
-2.257929190818686e-05	0.0
-0.02105342410504818	0.0
-0.004561916925013065	0.0
0.0	0.0
-0.0024338550865650177	0.0
0.0	0.0
-6.071616553526837e-06	0.0
-0.0007688922923989594	0.0
-0.0020396183244884014	0.0
0.0	0.0
0.0	0.0
-0.0028143925592303276	0.0
-0.00011524198635015637	0.0
0.0	0.0
-3.631008803495206e-05	0.0
0.0	0.0
0.0	0.0
-6.628365372307599e-05	0.0
-7.627155440559363e-08	0.0
-8.98501184565248e-06	0.0
0.0	0.0
-0.0014969238545745611	0.0
-0.00039844796992838383	0.0
0.0	0.0
0.0	0.0
-0.004043177235871553	0.0
-2.0914679765837718e-08	0.0
0.0	0.0
0.0	0.0
0.0	0.0
-0.005238966550678015	0.0
0.0	0.0
0.0	0.0
0.0	0.0
0.0	0.0
0.0	0.0
0.0	0.0
0.0	0.0
0.0	0.0
-0.0002975402749143541	0.0
-9.725731069920585e-05	0.0
-0.0013391345273703337	0.0
0.0	0.0
-0.004485877230763435	0.0
0.0	0.0
0.0	1.0
0.0	1.0
-0.0004416664014570415	0.0
0.0	0.0
0.0	0.0
-4.2115695464417513e-07	0.0
-0.0011141184950247407	0.0
0.0	0.0
-0.0010856963926926255	0.0
-0.00044226201134733856	1.0
0.0	0.0
-0.0009571887203492224	0.0
0.0	0.0
-0.0008589992648921907	0.0
0.0	0.0
0.0	0.0
0.0	0.0
-1.0703723773985985e-06	0.0
0.0	0.0
0.0	0.0
-0.0002212634135503322	0.0
0.0	0.0
-0.005993125028908253	0.0
-9.352061169920489e-05	0.0
0.0	0.0
0.0	0.0
0.0	0.0
-1.1197970195553353e-07	0.0
0.0	0.0
0.0	0.0
0.0	0.0
-0.0014946494484320283	0.0
0.0	0.0
0.0	0.0
0.0	0.0
-0.0009068771032616496	0.0
0.0	0.0
0.0	0.0
-0.00028059491887688637	0.0
-0.00910893827676773	0.0
0.0	0.0
-0.0007009400869719684	0.0
-4.335450284997933e-06	0.0
0.0	0.0
0.0	0.0
0.0	0.0
0.0	0.0
-0.003022329416126013	0.0
0.0	0.0
-4.7273089876398444e-05	0.0
0.0	0.0
0.0	0.0
-0.0013249071780592203	0.0
0.0	0.0
0.0	0.0
-0.012843391858041286	0.0
0.0	0.0
0.0	0.0
0.0	0.0
0.0	0.0
0.0	0.0
-8.453187911072746e-05	0.0
0.0	0.0
0.0	0.0
0.0	0.0
-1.5608065950800665e-05	0.0
-8.526504502448518e-10	0.0
-2.5603225594326984e-13	0.0
0.0	0.0
0.0	0.0
0.0	0.0
-4.187937156530097e-05	0.0
0.0	0.0
-0.0002820085210260004	0.0
0.0	0.0
-0.0003177867620252073	0.0
-5.219717422733083e-06	0.0
-3.237429666569369e-07	0.0
-0.0030445351731032133	0.0
-2.7322232654114487e-07	1.0
0.0	0.0
-3.9171973997831344e-10	0.0
-5.528050678549334e-06	0.0
0.0	0.0
0.0	0.0
0.0	0.0
-1.0053303611812225e-07	0.0
0.0	0.0
-0.000250680634053424	0.0
0.0	1.0
0.0	0.0
0.0	1.0
-3.584522119126632e-07	0.0
0.0	0.0
0.0	0.0
0.0	0.0
-0.014126609079539776	0.0
0.0	0.0
0.0	0.0
-7.300589641090482e-05	0.0
-0.002094988478347659	0.091
0.0	0.0
-4.5001780080156095e-11	0.0
0.0	0.0
0.0	0.0
0.0	0.0
0.0	0.0
0.0	0.0
-4.3677978985370847e-13	0.0
-0.0006246858974918723	0.0
0.0	0.0
0.0	0.0
0.0	0.0
-0.00033590078237466514	0.0
0.0	0.0
0.0	0.0
-0.0776369720697403	0.0
0.0	0.0
-4.675200398196466e-05	1.0
0.0	0.0
-0.003616823349148035	0.0
0.0	0.0
0.0	0.0
0.0	0.0
-2.1732290406362154e-05	0.0
-2.5941667445295025e-06	0.0
0.0	0.0
0.0	0.0
0.0	0.0
0.0	0.0
0.0	0.0
0.0	0.0
0.0	0.0
-2.4974676762212766e-06	0.0
-0.00120728078763932	0.0
0.0	0.0
-9.059514013642911e-06	0.0
-1.1967094870612982e-08	0.0
0.0	0.0
-0.0008787514525465667	0.0
-7.409000681946054e-05	0.0
-0.0012293014442548156	1.0
-0.0023006785195320845	0.0
0.0	1.0
0.0	0.0
0.0	0.0
-1.4272605449935916e-13	0.0
0.0	0.0
0.0	0.0
0.0	0.0
0.0	0.0
-2.841927926056087e-05	0.0
-0.005940438713878393	0.0
0.0	0.0
-2.6537887265476456e-07	0.0
0.0	0.0
0.0	1.0
-0.0018462860025465488	0.0
0.0	0.0
0.0	0.0
0.0	0.0
0.0	0.0
0.0	0.0
-0.001270184526219964	0.0
-0.0006414327071979642	0.0
-0.022889362648129463	0.0
-1.8676165609576856e-06	0.0
0.0	0.0
0.0	0.0
-0.000525873270817101	0.0
-4.594563870341517e-05	0.0
