-0.005326379556208849	0.0
0.0	0.0
-1.230434976129402e-09	0.0
0.0	0.0
0.0	0.0
0.0	0.0
0.0	0.0
0.0	0.0
-1.561288081575185e-05	0.0
0.0	0.0
0.0	0.0
0.0	0.0
0.0	0.0
0.0	1.0
0.0	1.0
-0.0011301848571747541	0.0
-9.746288469614228e-07	0.0
0.0	0.0
0.0	1.0
0.0	1.0
0.0	0.0
0.0	0.0
0.0	0.0
0.0	0.0
0.0	0.0
-0.0023641688749194145	0.0
-0.0002931753406301141	0.0
-0.009650587104260921	0.0
-0.005628043785691261	0.0
0.0	0.0
0.0	0.0
0.0	0.0
0.0	0.0
-2.3125664938561385e-06	0.0
0.0	0.0
0.0	0.0
-0.002182974247261882	0.0
0.0	0.0
-1.3303461855684873e-05	0.0
-1.0305192432724652e-07	1.0
-4.411795089254156e-06	0.0
0.0	0.004
0.0	1.0
0.0	0.0
0.0	0.0
0.0	1.0
0.0	1.0
0.0	0.0
0.0	0.0
-2.5883551643346436e-05	0.0
0.0	0.0
0.0	0.0
0.0	0.0
0.0	0.0
0.0	0.0
-2.9339786124182865e-05	0.0
-0.0001817057200241834	0.0
0.0	0.0
-0.0006095127901062369	0.0
-9.437133485334925e-06	0.0
0.0	1.0
-0.002427519764751196	0.0
0.0	1.0
-0.0015611003618687391	0.0
-0.049093909561634064	0.0
-0.003125912742689252	0.0
0.0	0.0
-0.00010631434997776523	0.0
0.0	0.0
-1.6294181477860548e-05	0.0
-3.225890759495087e-05	1.0
-4.3231091694906354e-05	0.0
0.0	0.0
-1.697590596450027e-05	0.0
0.0	0.0
0.0	0.0
0.0	0.0
-6.164852675283328e-05	0.0
-0.006178596056997776	0.0
0.0	0.0
-0.0012791409390047193	0.0
-2.1213757008808898e-06	0.0
-1.1844625078083482e-05	0.004
0.0	0.0
-0.00014912876940798014	0.0
0.0	0.004
0.0	0.0
0.0	0.0
-0.0008442084072157741	0.0
0.0	0.0
0.0	0.0
0.0	0.0
0.0	0.0
-8.159961907949764e-06	0.0
-1.5218357475532684e-05	0.0
0.0	0.0
-2.429682353977114e-05	0.0
-0.0017517030937597156	0.0
-6.4481298078789e-10	0.0
0.0	0.0
-0.0017026228597387671	0.0
-0.0017530384939163923	0.0
0.0	0.0
-0.0004082754603587091	0.0
0.0	0.0
0.0	1.0
-5.181322731973026e-11	0.0
-0.00012725502892863005	0.006
0.0	0.0
-0.003476150566712022	0.006
-0.005252443253993988	0.0
0.0	0.0
0.0	0.0
-0.002543474081903696	0.0
0.0	0.0
0.0	0.0
0.0	0.0
-1.0108698006661143e-05	1.0
-1.2876298638442307e-10	0.0
-0.00312184845097363	0.0
0.0	1.0
-2.8717009627143852e-05	0.0
-0.00042549482895992696	1.0
0.0	0.0
0.0	0.0
-0.00055314926430583	0.0
0.0	0.0
0.0	0.0
0.0	0.0
0.0	0.0
-0.00019854694255627692	0.0
-0.0003222899395041168	0.0
-5.564888851949945e-07	0.0
0.0	0.0
0.0	0.0
0.0	0.0
0.0	0.0
-1.2304931260587182e-05	0.0
0.0	0.0
0.0	0.0
0.0	0.0
0.0	0.0
0.0	0.0
0.0	0.0
-0.005432524252682924	0.0
-7.255697710206732e-05	1.0
-1.0458979460281626e-08	0.0
-2.149407237084233e-06	0.0
0.0	0.0
0.0	0.0
-3.26752160617616e-05	0.0
0.0	0.0
0.0	0.0
-0.00034471412072889507	0.0
0.0	0.0
0.0	0.0
-1.7324596228718292e-06	0.0
0.0	0.0
-4.7804333007661626e-06	0.0
0.0	0.0
0.0	0.0
0.0	0.0
-0.0017579523846507072	0.0
-0.0003090511600021273	0.0
0.0	0.0
-0.0035422383807599545	0.0
-0.0034415952395647764	0.0
-0.00039040480623953044	0.0
0.0	0.0
-0.00012210111890453845	0.0
0.0	0.0
0.0	0.0
0.0	0.0
0.0	0.0
0.0	0.0
-0.00015648054250050336	0.0
0.0	0.0
0.0	0.0
0.0	0.0
0.0	0.0
0.0	0.0
-3.270162778790109e-06	0.0
0.0	0.0
-0.0021237304899841547	0.0
0.0	0.0
0.0	0.0
0.0	0.0
-0.006016522645950317	0.0
-0.015278285369277	0.0
0.0	0.0
-5.282728681582638e-12	0.0
-0.03874493017792702	0.0
-0.0012402720749378204	0.0
0.0	0.0
0.0	0.0
0.0	0.0
-0.00029102800181135535	0.0
0.0	0.0
0.0	0.0
-0.0009786058217287064	0.0
-0.0004908700939267874	0.0
0.0	0.0
0.0	0.0
0.0	0.0
0.0	0.0
0.0	0.0
0.0	0.0
-0.00030793872429057956	0.0
-0.0002628666115924716	0.0
-5.184007477510022e-06	1.0
-8.882792030817654e-07	0.0
0.0	0.0
0.0	0.0
0.0	0.0
-2.2027682007319527e-06	0.0
0.0	0.0
-8.867927503430906e-10	0.0
-0.0022610167507082224	0.0
0.0	0.0
-7.849701546547294e-07	0.0
0.0	0.0
-5.562082492360787e-07	0.0
0.0	1.0
0.0	0.0
-0.005567544139921665	0.0
0.0	0.0
0.0	0.0
0.0	0.0
0.0	0.0
-0.0006184900412335992	0.0
0.0	0.0
-0.0010636723600327969	0.0
-0.0003686805139295757	0.0
0.0	0.0
0.0	0.0
0.0	0.0
0.0	0.0
0.0	1.0
0.0	0.0
0.0	0.0
-2.6978412722127726e-14	0.0
-1.3089928074805357e-07	0.0
-0.0002644458145368844	0.0
0.0	0.0
0.0	0.0
0.0	0.0
0.0	0.0
-0.00018168754468206316	0.0
0.0	0.0
-0.001424914225935936	0.0
-2.1942679617747984e-10	0.0
0.0	0.0
0.0	0.0
-0.02682661823928356	0.0
0.0	0.0
0.0	0.0
-0.0005404899129644036	0.0
-1.049840978040173e-10	0.0
-1.6527837942703627e-07	0.0
-0.0011960152769461274	0.0
0.0	0.0
0.0	0.0
0.0	0.0
0.0	0.0
0.0	0.0
0.0	0.0
0.0	0.0
0.0	0.0
-0.0024659752380102873	0.0
0.0	0.0
0.0	0.0
0.0	0.0
0.0	0.0
0.0	0.0
0.0	0.0
-0.0897078812122345	0.0
0.0	0.0
-0.00010752567322924733	0.0
-7.853607712604571e-06	0.0
0.0	0.0
0.0	0.0
0.0	0.0
0.0	0.0
0.0	0.0
-0.016396522521972656	0.0
0.0	0.0
-7.957786147017032e-05	0.0
0.0	0.0
0.0	0.0
0.0	0.0
-0.004459274932742119	0.0
0.0	0.0
0.0	0.0
0.0	0.0
0.0	0.0
0.0	0.0
0.0	0.0
-9.86126615316607e-05	0.0
0.0	0.0
0.0	0.001
0.0	0.0
0.0	0.001
-0.00014231308887246996	0.0
0.0	0.001
-4.817743359808446e-08	0.001
0.0	0.0
-0.0026361686177551746	0.0
0.0	0.0
-0.004208295606076717	0.0
0.0	0.0
-4.194155553705059e-05	0.0
-0.000551563105545938	0.0
0.0	0.0
0.0	0.0
0.0	0.0
0.0	0.0
0.0	0.0
0.0	0.0
0.0	0.0
-0.00022979977075010538	0.0
0.0	0.0
0.0	0.0
-1.5234492833915425e-10	0.0
0.0	0.0
0.0	0.0
0.0	0.0
0.0	0.0
-6.695235697407043e-06	0.0
0.0	0.0
-0.006051488220691681	0.0
-7.181293767644092e-05	0.0
0.0	0.0
0.0	0.0
0.0	0.0
0.0	0.0
0.0	0.0
0.0	0.0
-0.00022145551338326186	0.0
0.0	0.0
0.0	0.0
0.0	0.0
0.0	0.0
0.0	0.0
-1.8237010124266817e-08	1.0
0.0	0.0
0.0	0.0
-0.002501455834135413	0.0
-0.004653072915971279	0.0
0.0	0.0
0.0	0.0
0.0	0.0
-0.035665348172187805	0.0
0.0	0.0
0.0	0.0
-2.8413256814019405e-07	0.0
0.0	0.0
0.0	0.0
0.0	0.0
-0.0002790901926346123	0.0
-1.6963447535545129e-07	0.0
0.0	0.0
0.0	0.0
0.0	0.0
-0.0015346065629273653	0.0
0.0	0.0
0.0	0.0
-0.0025766980834305286	0.0
0.0	0.0
0.0	0.0
0.0	0.0
0.0	0.0
0.0	0.0
0.0	0.0
-2.5436267492295883e-07	0.0
-0.0011402468662708998	0.0
-0.0006926268106326461	0.0
0.0	0.0
0.0	0.0
-0.0012644579401239753	0.0
0.0	0.0
0.0	0.0
-0.0015425500459969044	0.002
-7.742658453935292e-06	0.0
0.0	0.002
-2.1966718122712336e-05	0.002
-1.8367116354056634e-05	0.002
-7.953455565257173e-07	0.002
0.0	0.0
0.0	0.0022148394241417496
-0.0003839507407974452	0.09719438877755511
0.0	0.0022148394241417496
-7.216480746308207e-09	0.002
0.0	0.0
0.0	0.002
0.0	0.0
0.0	0.0
0.0	1.0
0.0	0.0
-6.308458644355142e-09	0.002
0.0	0.0
0.0	0.0
0.0	0.002
0.0	0.0
0.0	0.0
0.0	1.0
0.0	0.0
0.0	0.0
-0.0006703833350911736	0.0
0.0	0.0
-3.4678575957514113e-06	0.0
0.0	0.0
0.0	0.0
0.0	0.0
-7.767301246630609e-10	0.0
0.0	0.0
0.0	0.0
-3.998351985501358e-06	0.0
0.0	0.0
0.0	0.0
0.0	0.0
-5.351178181123295e-11	0.0
0.0	0.0
-0.0223634522408247	0.0
0.0	0.0
-0.0011576118413358927	0.0
-0.00023702101316303015	0.0
0.0	0.0
0.0	0.0
0.0	0.0
0.0	0.0
-0.0004442341160029173	0.0
-4.251489008311182e-05	0.0
0.0	0.0
0.0	0.0
-0.0001120819360949099	0.0
-0.0001988817093661055	0.0
0.0	0.0
0.0	0.0
0.0	0.0
0.0	0.0
0.0	0.0
0.0	0.0
0.0	0.0
0.0	0.0
-0.0008477144874632359	0.0
-0.008442247286438942	0.0
0.0	0.0
0.0	0.0
-0.004306024871766567	0.0
-7.819555321475491e-05	0.0
0.0	0.0
0.0	0.0
-0.00430822791531682	0.0
-0.0005626947386190295	0.0
-6.048346676834626e-07	0.0
0.0	0.0
-0.00015691471344325691	0.0
0.0	1.0
0.0	0.0
0.0	0.0
-0.006053454242646694	0.0
0.0	0.0
0.0	0.0
0.0	0.0
-3.593202677620866e-07	0.0
0.0	0.0
0.0	0.0
-0.0003070965758524835	0.0
0.0	0.0
-0.004705414175987244	0.0
0.0	0.0
-7.35290313969017e-06	0.0
-1.8450640709488653e-05	0.0
-0.003018464194610715	0.0
0.0	0.0
0.0	0.0
0.0	0.0
-0.0004281652218196541	0.0
-0.013527271337807178	0.0
0.0	0.0
0.0	0.0
-0.0013281736755743623	0.0
-1.4416414160223212e-06	0.0
-0.002758303191512823	0.0
0.0	0.0
0.0	0.0
0.0	0.0
0.0	0.0
0.0	0.0
0.0	0.0
0.0	0.0
0.0	0.0
-5.032284025219269e-05	0.0
0.0	0.0
0.0	0.0
-0.0026276016142219305	0.0
0.0	0.0
0.0	1.0
0.0	0.0
0.0	0.0
0.0	1.0
-0.002615597564727068	0.0
0.0	0.0
-5.631793555949116e-06	0.0
0.0	0.0
0.0	0.0
-0.031097412109375	0.0
0.0	0.0
0.0	0.0
-0.0003226222179364413	0.0
0.0	0.0
-0.00015833596989978105	0.0
-4.2172803205176024e-07	0.023
0.0	0.0
0.0	0.0
0.0	0.0
-0.0020122635178267956	0.0
0.0	0.0
0.0	0.0
0.0	0.0
0.0	0.0
-1.064982370735379e-05	0.0
0.0	0.0
0.0	0.0
0.0	0.0
0.0	0.0
-1.2499888271122472e-06	0.0
0.0	0.0
-8.14259510661941e-06	0.0
0.0	0.0
0.0	0.0
-1.1281669685558882e-05	0.003
-3.3695847378112376e-05	0.003
0.0	0.003
0.0	0.003
0.0	0.0
0.0	0.003
-5.851388777955435e-05	0.0
0.0	0.003
0.0	0.0
-0.000588105118367821	0.003
-1.7323283827863634e-05	0.003
0.0	0.003
0.0	0.0
-0.0008655976271256804	0.0
0.0	0.0
-0.019655639305710793	0.0
-2.646455143917592e-08	0.0
0.0	0.0
-3.7117526517249644e-05	0.0
-0.015015867538750172	0.0
0.0	0.0
0.0	0.0
-0.0018220427446067333	0.0
-0.00025575500330887735	0.0
0.0	0.0
0.0	0.0
0.0	0.0
0.0	0.0
-6.236514309421182e-06	0.0
0.0	0.0
0.0	0.0
0.0	0.0
0.0	0.0
0.0	0.0
0.0	0.0
0.0	0.0
0.0	0.0
-0.0013242013519629836	0.0
0.0	0.0
0.0	0.0
0.0	0.0
-0.0002772236766759306	0.0
0.0	0.0
0.0	0.0
0.0	0.0
0.0	0.0
0.0	0.0
-0.00010290993668604642	0.0
-0.0001107230709749274	0.0
0.0	0.0
0.0	0.0
0.0	0.0
-0.004458355251699686	0.0
-1.4147094873351307e-07	0.0
-1.0163244468230914e-07	0.0
0.0	0.0
-0.0008160171564668417	0.0
0.0	0.0
-0.0002489049220457673	1.0
0.0	0.0
-2.0087711618543835e-06	0.0
-0.009948321618139744	0.0
0.0	0.0
0.0	1.0
0.0	1.0
0.0	0.0
-5.8504501794232056e-05	0.0
0.0	0.0
0.0	0.0
-0.009126485325396061	0.0
-0.00010185923019889742	0.0
-0.007257276214659214	0.0
0.0	0.0
-1.6655631043249741e-06	0.0
0.0	0.0
-0.0033174692653119564	0.0
0.0	0.0
0.0	0.0
0.0	0.0
0.0	0.0
0.0	0.0
0.0	0.0
-8.362982953258324e-06	0.0
0.0	0.0
0.0	0.002
-0.0002866543363779783	0.0
-0.00042194611160084605	0.0
-0.0006496800342574716	0.0
-1.4166134860715829e-05	0.0
-0.00043885663035325706	0.0
0.0	0.0
0.0	0.0
-0.0019724362064152956	0.0
0.0	0.0
-2.9472137157426914e-06	0.0
-2.768579543044325e-05	0.0
0.0	0.0
-7.284344974323176e-06	0.0
0.0	0.0
0.0	0.0
-0.00235956278629601	0.0
0.0	0.0
-0.00012362688721623272	0.0
-7.182976696640253e-05	0.0
0.0	0.0
0.0	0.0
-0.00017836039478424937	0.0
0.0	0.0
0.0	0.0
-2.5797093258006498e-05	0.0
0.0	0.0
0.0	0.0
-2.559224640208413e-06	1.0
-2.7696387405740097e-05	0.0
-0.00012320282985456288	0.0
-1.307923724880311e-07	0.0
0.0	0.0
-1.6375708582927473e-05	0.0
0.0	0.0
-0.00015565079229418188	0.0
0.0	0.0
-0.0034772250801324844	0.0
-0.005770370829850435	0.0
0.0	0.0
0.0	1.0
0.0	1.0
0.0	1.0
0.0	1.0
-0.013462153263390064	0.0
-0.011923260055482388	0.0
0.0	0.0
-0.0020935088396072388	0.0
0.0	0.0
0.0	0.0
0.0	0.0
0.0	0.0
-0.00296147377230227	0.0
0.0	0.0
0.0	0.0
-0.0006649740389548242	0.0
-0.0016175693599507213	0.0
-0.006568626966327429	0.0
-0.00748045789077878	0.0
0.0	0.0
0.0	0.0
0.0	0.0
0.0	0.0
0.0	0.0
-9.567881209537887e-12	0.0
0.0	0.0
-0.0004834233259316534	0.0
-2.975317556774826e-06	0.0
0.0	1.0
0.0	0.0
0.0	0.0
0.0	0.0
-0.031357187777757645	0.0
0.0	0.0
0.0	0.0
0.0	0.0
-0.005655813962221146	0.0
0.0	0.0
0.0	0.0
0.0	0.0
0.0	0.0
-0.01716398075222969	0.0
0.0	0.0
0.0	0.0
0.0	0.0
0.0	0.0
0.0	0.0
0.0	0.0
-8.614089892944321e-05	0.0
-7.5951525104756e-06	0.0
0.0	0.0
-1.598170456418302e-05	0.0
-3.3204508032014246e-09	0.0
0.0	0.0
0.0	0.0
0.0	1.0
0.0	0.0
-1.47725259012077e-05	0.0
-0.0011545512825250626	0.0
0.0	0.0
-0.00029837197507731616	0.0
0.0	1.0
0.0	0.0
0.0	0.0
0.0	0.0
-0.0008785762474872172	0.0
-9.436836262466386e-05	1.0
-0.00012183555372757837	0.0
-0.00036430975887924433	1.0
0.0	1.0
0.0	0.0
0.0	0.0
0.0	0.0
0.0	0.0
0.0	0.0
0.0	0.0
0.0	0.0
0.0	0.0
0.0	0.0
-3.21444062478804e-08	0.005
-0.025636641308665276	0.0
0.0	0.0
0.0	0.0
-0.0009824298322200775	0.0
0.0	0.0
0.0	0.0
0.0	0.0
-0.026145722717046738	0.0
0.0	1.0
-5.186456473893486e-05	0.0
-0.0012320198584347963	0.0
0.0	0.0
0.0	0.0
-0.00011711905244737864	0.0
0.0	0.0
-3.849460306071251e-09	0.0
-0.0003429421631153673	0.0
0.0	0.0
-1.4971395103202667e-05	0.0
0.0	0.0
0.0	0.0
-3.470536569238902e-08	0.0
-5.329933969733247e-07	0.0
-0.006416807882487774	0.0
0.0	1.0
-0.01218318473547697	0.0
-0.003443074645474553	0.0
0.0	1.0
-9.362476703245193e-06	1.0
0.0	0.0
-0.00013406082871370018	0.0
0.0	0.0
0.0	0.0
0.0	0.0
-2.3505035642301664e-06	0.0
-1.7373184846292133e-06	0.0
0.0	0.0
0.0	0.0
-0.00014326148084364831	0.0
0.0	0.0
0.0	0.0
0.0	0.0
0.0	0.0
0.0	0.0
-0.0002409449516562745	0.0
-0.007083254866302013	0.0
0.0	0.0
0.0	0.0
-5.6888557082857005e-06	0.0
-0.0007492827135138214	0.0
0.0	0.0
-0.0027246284298598766	0.0
0.0	0.0
0.0	0.0
0.0	0.0
0.0	0.0
-5.778618401564017e-07	0.0
-1.002450972009683e-06	0.0
0.0	0.0
-5.9685389715014026e-05	0.0
-4.0470687963534147e-05	0.0
-2.869497279789357e-07	0.0
0.0	0.0
-7.82434108259622e-06	0.0
0.0	0.0
-3.045798848688719e-06	0.0
0.0	0.0
0.0	0.0
-5.354948734748177e-05	0.0
0.0	0.0
-0.0037597217597067356	0.0
-4.850639470532769e-06	0.0
-0.00020124440197832882	0.0
0.0	0.0
0.0	0.0
0.0	0.0
0.0	0.0
0.0	0.0
-7.636918653020075e-09	0.0
-2.6409992642584257e-05	0.0
0.0	0.0
-3.728900628630072e-05	0.0
0.0	0.0
0.0	0.0
0.0	0.0
-5.3694916459789965e-06	0.0
0.0	0.0
0.0	0.0
-4.317913408158347e-05	0.0
0.0	0.0
0.0	0.0
0.0	0.0
0.0	0.0
0.0	0.0
0.0	0.0
-0.004344086162745953	0.0
0.0	0.0
0.0	0.0
0.0	0.0
-4.297563194199938e-08	0.0
-1.5182534118807212e-09	0.0
0.0	0.0
0.0	0.0
-0.010228214785456657	0.0
0.0	0.0
0.0	0.0
0.0	0.0
0.0	0.0
0.0	0.0
0.0	0.038
0.0	0.0
-2.2910464394954033e-05	0.0
-0.0012341157998889685	0.0
-0.0007970915175974369	0.038
0.0	0.0
0.0	0.0
-5.756483574259619e-07	0.0
0.0	0.0
-0.0007708019111305475	0.0
-0.00017937325173988938	0.0
-0.0012852547224611044	0.0
-4.07167954108445e-06	0.0
0.0	0.0
0.0	0.0
-0.0008592567755840719	0.0
0.0	0.0
-8.971959687187336e-06	0.0
0.0	0.0
0.0	0.0
-9.049147706718941e-07	0.0
0.0	0.0
-0.004607376642525196	0.0
0.0	0.0
0.0	0.0
0.0	0.0
0.0	0.0
0.0	0.0
0.0	0.0
0.0	0.0
0.0	0.0
0.0	0.0
-8.523689842832027e-08	0.0
0.0	0.0
0.0	0.0
-2.8070515327272005e-05	0.0
0.0	0.0
-0.00014582231233362108	0.0
0.0	0.0
-0.004456283058971167	0.001
0.0	0.0
0.0	1.0
0.0	0.0
-0.004531449172645807	0.0
-9.209093210227337e-11	0.0
0.0	0.0
0.0	0.0
-0.0005722044152207673	0.0
-1.4976407101130462e-06	0.0
-0.005432165693491697	0.0
0.0	0.0
0.0	0.0
0.0	0.0
-0.00013983262761030346	0.0
-7.922950118199878e-08	0.0
0.0	0.0
0.0	0.0
0.0	1.0
0.0	0.0
0.0	0.0
-9.013982889882755e-06	0.0
0.0	0.0
0.0	0.0
0.0	0.0
-4.9407190090278164e-05	0.0
0.0	0.0
-0.00295030465349555	0.0
0.0	0.0
-1.0970240509777796e-05	0.0
-5.183747816772666e-06	0.0
-9.836212200298178e-08	0.0
