-0.00023394795425701886	0.0
0.0	0.0
0.0	0.0
0.0	0.0
-0.022455720230937004	0.0
-0.005514682736247778	0.0
0.0	0.0
0.0	0.0
0.0	0.0
0.0	0.0
0.0	0.0
0.0	0.0
-0.04203913360834122	0.0
-0.003096279688179493	0.0
0.0	0.0
0.0	0.0
0.0	0.0
0.0	0.0
0.0	0.0
-0.0013350987574085593	0.0
0.0	0.0
0.0	0.0
0.0	0.0
0.0	0.0
-0.001848116284236312	0.0
0.0	0.0
-5.86721171202953e-07	1.0
0.0	1.0
-1.8214003603134188e-06	1.0
-9.409796803083736e-06	1.0
-8.095012731246243e-07	1.0
0.0	0.0
-3.562669371603988e-05	0.0
-0.0055249775759875774	0.0
0.0	0.0
0.0	1.0
0.0	0.0
0.0	0.0
0.0	1.0
0.0	0.0
0.0	0.0
-0.0015654887538403273	0.0
0.0	0.0
0.0	0.0
0.0	0.0
0.0	0.0
-0.00038875514292158186	0.0
0.0	0.0
-1.3000184253542102e-06	0.0
-6.492291868198663e-05	0.0
-0.0028305421583354473	0.0
0.0	0.0
0.0	0.0
0.0	0.0
0.0	0.0
-0.00017393133020959795	0.0
0.0	0.0
-0.0009845774620771408	0.0
0.0	0.0
0.0	0.0
0.0	0.0
0.0	1.0
0.0	1.0
0.0	0.0
-0.00019282136054243892	1.0
0.0	1.0
0.0	1.0
-0.0008858953369781375	0.0
-2.6615668957674643e-07	0.0
-6.628387200180441e-05	0.0
0.0	0.0
-1.2972321201232262e-05	0.0
0.0	0.0
-0.00013004314678255469	0.0
0.0	0.0
0.0	0.0
-5.280086406855844e-05	0.0
-0.009580496698617935	0.0
0.0	0.0
0.0	0.0
0.0	0.0
-0.00439640786498785	0.0
-0.007864722982048988	0.0
-1.4792890246084767e-09	0.0
0.0	0.0
0.0	0.0
-0.0009029673528857529	0.0
0.0	0.0
-0.002475301269441843	0.0
0.0	0.0
0.0	0.0
0.0	0.07
0.0	0.07
-1.2291461644053925e-06	0.07
0.0	0.07
-0.006050851196050644	0.07
-7.2208417805086356e-06	0.07
-6.852916703792289e-05	0.0
-0.0007750282529741526	0.0
-0.0004488923877943307	1.0
0.0	0.0
-4.4414696920291874e-10	0.0
0.0	0.0
0.0	0.0
0.0	0.0
-3.2731252304074587e-06	0.0
-0.0015094270929694176	0.0
0.0	0.0
0.0	0.0
0.0	0.0
-0.008898478001356125	0.0
0.0	0.0
-0.0050101615488529205	0.0
0.0	0.0
0.0	0.0
-0.001079063513316214	0.0
-1.6477844866358282e-08	0.0
0.0	1.0
0.0	0.0
0.0	1.0
0.0	0.0
0.0	0.0
-3.487617486475081e-11	0.0
0.0	0.0
-0.0005959756090305746	0.0
0.0	0.0
-6.413913979486097e-06	0.0
0.0	0.0
0.0	0.0
0.0	1.0
-2.2593376343138516e-05	0.0
-3.667715873234556e-07	0.0
0.0	0.0
0.0	0.0
0.0	0.0
0.0	0.0
0.0	1.0
-0.0005458107916638255	0.0
0.0	0.0
0.0	0.0
-0.000576299149543047	0.0
-0.015203668735921383	0.0
-1.056911514751846e-06	0.0
0.0	0.0
0.0	0.0
-0.011874734424054623	0.0
0.0	0.0
0.0	0.0
0.0	1.0
0.0	0.0
0.0	0.0
-0.0005305318627506495	0.0
0.0	1.0
-2.6415471438667737e-05	0.0
-0.0013430403778329492	0.0
0.0	1.0
0.0	0.0
0.0	0.0
-2.644259984663222e-05	0.0
-1.601761869096663e-05	0.0
0.0	0.0
-0.010633313097059727	0.0
0.0	0.0
-4.190408071735874e-05	0.0
0.0	0.0
-0.0004757240239996463	0.0
-5.0833268261385456e-08	0.0
0.0	0.0
-0.00010387366637587547	0.0
0.0	0.0
0.0	0.0
0.0	0.0
0.0	0.0
0.0	0.0
-0.00011008433648385108	0.0
-2.5318934149254346e-06	0.0
0.0	0.0
0.0	1.0
-0.0033279997296631336	0.0
-0.0026554916985332966	0.0
0.0	1.0
0.0	0.0
-2.5753432055353187e-05	0.0
-0.0011645574122667313	1.0
0.0	1.0
-2.4803312044241466e-06	0.0
0.0	1.0
-3.096394038948347e-06	1.0
0.0	0.0
0.0	1.0
0.0	0.0
0.0	1.0
-0.004143080674111843	0.0
-0.0031172537710517645	0.0
0.0	0.0
0.0	0.0
0.0	0.0
0.0	0.0
-2.002956023261504e-07	0.0
-4.6957732841024225e-11	0.0
0.0	0.0
-0.0006380434497259557	0.0
0.0	0.0
0.0	0.0
0.0	0.0
0.0	1.0
0.0	0.0
-6.529960600021312e-11	1.0
0.0	1.0
0.0	0.0
-0.0027749633882194757	1.0
-4.941798010804632e-07	0.0
0.0	0.0
0.0	0.0
-1.9468579648255525e-14	0.0
-4.330321462475695e-05	0.0
0.0	0.0
-3.701324385474436e-05	0.0
0.0	0.0
-2.0268240419341055e-09	0.0
-0.003191846190020442	0.0
-1.7391188521287404e-05	0.0
-0.035319723188877106	0.0
0.0	0.0
0.0	0.0
0.0	0.0
0.0	0.0
-2.7676971967594e-06	0.0
-0.011091175489127636	0.0
0.0	0.0
0.0	0.0
-0.0034177936613559723	0.0
0.0	0.0
0.0	0.0
-1.1445736163295805e-06	0.0
0.0	0.0
-0.0005139976856298745	0.0
0.0	0.0
0.0	0.0
0.0	0.0
0.0	0.0
0.0	0.0
0.0	0.0
-0.012126430869102478	0.0
-3.931523337996623e-07	0.0
0.0	0.0
-0.002266779774799943	0.0
0.0	0.0
0.0	0.0
0.0	0.0
0.0	0.0
0.0	0.0
0.0	0.0
-4.796327630174346e-05	0.0
-0.0008627506322227418	0.0
0.0	0.0
0.0	0.0
0.0	0.0
-9.233903983840719e-05	0.0
0.0	0.0
-5.984638846712187e-07	0.0
-0.000514168874360621	0.0
0.0	0.0
-4.4001007282190585e-09	0.0
0.0	0.0
0.0	0.0
0.0	0.0
0.0	0.0
-0.0014334532897919416	0.0
0.0	0.0
-0.0002590064541436732	1.0
0.0	0.0
-1.5575335075498908e-12	0.0
0.0	0.0
0.0	0.0
0.0	0.0
0.0	0.0
0.0	0.0
0.0	0.0
0.0	0.0
0.0	1.0
-0.008747536689043045	0.0
0.0	1.0
-0.007579977624118328	0.0
-3.6793051094718976e-06	0.0
0.0	0.0
0.0	0.0
0.0	1.0
-2.3053208647594303e-12	0.0
0.0	0.0
0.0	0.0
-0.0013158725341781974	0.0
0.0	0.0
0.0	0.0
-2.0942152332281694e-05	1.0
0.0	0.008
-0.012670762836933136	0.0
0.0	0.008
-3.735621794476174e-05	0.008
0.0	0.012096774193548387
-1.6952304804362939e-06	0.0
-0.0018516801064833999	0.0
-5.285949737299234e-05	0.0
0.0	0.0
-0.0008285094518214464	0.0
0.0	0.0
-3.1833467801334336e-05	0.0
-0.001766486675478518	0.0
0.0	0.0
0.0	0.0
-0.0007371950196102262	0.0
0.0	0.0
0.0	0.0
0.0	0.0
0.0	0.0
-1.1697338777594268e-05	0.0
-0.018489353358745575	0.0
0.0	0.0
0.0	0.0
0.0	0.0
0.0	0.0
0.0	0.0
0.0	0.0
-0.00012038869317620993	0.0
0.0	0.0
-0.002783319214358926	0.0
0.0	0.0
-0.0011923148995265365	0.0
0.0	0.0
0.0	0.0
0.0	0.0
0.0	0.0
-0.00010070914140669629	0.0
0.0	0.0
-0.0005076261004433036	0.0
-2.572016637714114e-05	0.0
-0.00010687363828765228	0.0
-0.00010824142373166978	0.0
-0.0006706038839183748	0.0
0.0	0.0
0.0	0.0
-7.399211881420342e-06	0.0
0.0	0.0
-0.00012207147665321827	1.0
-2.4387352823396213e-05	0.0
-0.003219049656763673	0.013
0.0	0.0
0.0	0.0
0.0	0.0
0.0	0.0
-0.0008939509280025959	0.0
0.0	0.0
0.0	0.0
0.0	0.0
-0.00019608669390436262	0.0
0.0	0.0
0.0	0.0
-4.413060651131673e-06	0.0
-2.7289046556688845e-05	0.0
-0.00013715589011553675	0.0
-0.00046383668086491525	0.0
0.0	0.0
0.0	0.0
-0.00044253800297155976	0.0
0.0	0.0
0.0	1.0
-9.216035323333926e-06	0.0
0.0	0.0
0.0	0.0
-0.00022797900601290166	0.0
0.0	0.002
-3.8140253764140652e-06	0.002
-2.403719463472953e-06	0.0
0.0	0.0
0.0	0.0
0.0	0.0
-1.4906610203979653e-06	0.0
0.0	0.0
0.0	0.0
-2.6943856937577948e-05	0.0
-0.00023145033628679812	0.0
-6.425314040825469e-06	0.0
-1.816597318793356e-06	0.0
0.0	0.0
-0.0009281632374040782	0.0
0.0	0.0
0.0	0.0
0.0	0.0
-0.0018683432135730982	0.0
-2.410037950539845e-06	0.0
0.0	0.0
0.0	0.0
-0.0002514854131732136	0.0
-3.0182675914147694e-08	0.0
-0.006157273892313242	0.0
0.0	0.0
0.0	0.0
0.0	0.007
0.0	0.0
0.0	0.0
-4.2179888737337023e-07	0.0
0.0	0.0
0.0	0.0
0.0	0.0
-7.160090298441446e-09	0.0
0.0	0.0
0.0	0.0
-0.00012644680100493133	0.0
0.0	0.0
-0.00020856567425653338	0.0
0.0	0.0
-0.001451988471671939	0.0
0.0	0.0
0.0	0.0
0.0	0.0
0.0	0.0
0.0	0.0
0.0	1.0
0.0	0.0
0.0	1.0
-2.298986873938702e-05	1.0
0.0	0.0
0.0	0.0
-0.00027445037267170846	0.0
0.0	0.0
0.0	1.0
-0.00016020674956962466	0.0
0.0	0.0
-0.004890883341431618	0.0
-0.00028271341579966247	0.0
0.0	0.0
0.0	0.0
0.0	0.0
0.0	0.0
-2.390988518286008e-09	1.0
0.0	1.0
0.0	1.0
-2.817280297939817e-10	1.0
0.0	1.0
-0.0004143562982790172	0.0
-0.00015946154599078	1.0
-7.126164746296126e-06	0.0
-8.189093153587734e-11	0.0
-0.0014094667276367545	0.0
0.0	0.0
0.0	0.0
-3.80172896257136e-05	0.0
0.0	0.0
0.0	0.0
-0.0010195671347901225	0.0
0.0	0.0
0.0	0.0
-5.493546268553473e-06	0.0
-0.0004507055564317852	1.0
-1.0485021448403131e-05	0.07
0.0	0.0
-2.339243292226456e-05	0.5338983050847458
-0.001306012156419456	0.007
-0.005201277323067188	0.0
0.0	0.0
0.0	0.0
0.0	0.0
0.0	0.0
-1.3184592306814125e-13	1.0
-1.5348838132922538e-05	0.0
0.0	0.0
0.0	0.0
0.0	0.0
0.0	0.0
-5.549425623030402e-06	0.0
0.0	0.0
0.0	1.0
-0.00679346639662981	0.0
0.0	0.0
0.0	0.0
-0.0006830347701907158	0.0
0.0	0.0
-2.1427380758609615e-08	0.0
-0.0002527952892705798	0.0
0.0	0.0
-2.1421230655960244e-07	0.0
-0.00010634709178702906	0.0
0.0	0.0
-0.00011170638026669621	0.0
0.0	0.0
0.0	0.0
-0.0016786797204986215	0.0
-2.275645783811342e-06	0.0
0.0	0.0
0.0	0.0
0.0	0.0
-0.002835400402545929	0.0
0.0	0.0
-0.010584756731987	0.0
-6.213193870507894e-08	0.0
-8.871932368492708e-05	0.0
-0.00010731947259046137	0.0
0.0	0.0
0.0	0.0
0.0	0.0
0.0	0.0
0.0	0.0
-0.0033674724400043488	1.0
-1.5115469068405218e-05	0.0
-5.008800872019492e-05	0.0
-1.2073512152710464e-05	0.0
-0.0003520333848427981	0.0
-1.321526923447891e-07	0.0
-7.331709160141378e-14	0.0
-7.820007835723786e-11	0.0
0.0	0.0
0.0	0.0
0.0	0.0
-6.460832082666457e-05	0.0
0.0	0.0
0.0	0.0
0.0	0.0
-0.0015551908873021603	0.0
0.0	0.0
-0.0006483425968326628	0.0
0.0	1.0
0.0	0.0
0.0	0.0
0.0	0.0
0.0	0.0
0.0	0.0
0.0	0.0
0.0	0.0
0.0	0.0
-1.6374942580273805e-13	0.0
0.0	0.0
0.0	0.0
-0.006824614945799112	0.0
0.0	0.0
-0.0004086777043994516	0.0
-5.0221638957737014e-05	0.0
-0.0001137473009293899	0.0
0.0	0.0
0.0	0.0
-4.6714163204342185e-08	0.0
-0.00034134762245230377	0.0
0.0	0.0
0.0	0.0
-0.005005359649658203	0.0
0.0	0.0
0.0	0.0
-5.0804391943382043e-11	0.0
0.0	0.0
0.0	0.0
0.0	0.0
0.0	1.0
-1.5422698197653517e-05	1.0
0.0	0.0
0.0	0.0
-0.0005544584710150957	0.0
0.0	0.0
0.0	0.0
-9.400105045642704e-05	0.0
0.0	0.0
-3.930938328267075e-05	0.0
0.0	0.0
-0.0008157806587405503	0.0
0.0	0.0
-0.00010300220310455188	0.0
-3.054477204500472e-08	0.0
0.0	0.0
0.0	0.0
0.0	0.0
-0.0005694880383089185	0.0
-7.71455646031427e-08	0.0
0.0	0.0
-5.193028755456908e-06	0.0
0.0	0.0
-0.0006768700550310314	0.0
0.0	0.88
-0.000740205287002027	0.88
0.0	0.0
-8.02821887191385e-05	0.0
0.0	0.0
0.0	0.0
0.0	0.0
-9.882004405881162e-07	0.0
-0.001250186818651855	0.0
-0.011738387867808342	0.0
0.0	0.0
0.0	0.0
-0.0005199224106036127	0.0
-0.002276891842484474	0.0
0.0	0.0
-0.0003642606607172638	0.0
-1.5820398402865976e-05	0.0
0.0	0.0
-0.031135447323322296	0.0
-0.001298749353736639	0.0
0.0	0.0
0.0	0.0
-0.0034229729790240526	0.0
-0.007468376308679581	0.0
-0.005434932187199593	0.0
0.0	0.0
-0.0005150024662725627	0.0
-4.558753062156029e-05	0.0
0.0	0.0
-0.001340130576863885	0.0
0.0	0.0
-5.883543417439796e-05	0.0
0.0	1.0
-0.0016209172317758203	0.0
-2.048281162736476e-11	0.0
0.0	0.0
0.0	1.0
0.0	1.0
-0.00020062019757460803	1.0
0.0	1.0
0.0	1.0
-1.0988282639345925e-07	1.0
-6.004025635775179e-06	0.0
0.0	1.0
0.0	0.0
-5.0810608627216425e-06	1.0
0.0	0.0
0.0	0.0
-0.0005857293726876378	1.0
-5.7651368479127996e-06	1.0
0.0	1.0
0.0	1.0
0.0	1.0
0.0	0.0
-2.790260644758291e-08	1.0
0.0	1.0
-0.00010651216871337965	0.0
-0.00026752115809358656	0.0
-0.0005290395929478109	0.0
0.0	1.0
-1.0317176020180341e-05	0.0
-0.0010797599097713828	0.0
-0.06512632220983505	0.0
-0.0037945150397717953	0.0
0.0	0.0
-0.0003850098291877657	0.0
-0.0030533482786267996	0.0
0.0	0.0
0.0	0.0
-0.000819296867121011	0.0
0.0	0.0
-0.0018534427508711815	0.0
0.0	0.0
-5.4837499192217365e-05	0.0
-0.001142089138738811	0.0
0.0	0.0
0.0	0.0
0.0	0.0
-0.0005159469437785447	0.0
-0.0007117639761418104	0.0
-0.0031093894504010677	0.0
0.0	0.0
0.0	0.0
-0.000260038097621873	0.0
-0.0008643862092867494	0.0
0.0	0.0
-2.8749577249561308e-15	0.0
0.0	0.0
0.0	0.0
0.0	1.0
0.0	0.01
0.0	0.0
-3.546716834534891e-05	0.0
-0.000691685127094388	0.0
-0.00013609507004730403	0.003
0.0	0.003
-0.000614408403635025	0.0
0.0	0.0
0.0	0.0
0.0	0.0
-0.00016942100774031132	0.0
-2.4365224362554727e-06	0.003
-1.4904314866726054e-06	1.0
0.0	0.0
-9.485144255449995e-05	1.0
-0.0009816853562369943	0.0
-3.8560236248486035e-07	0.0
0.0	0.0
0.0	0.0
0.0	0.0
-0.004279566463083029	0.0
0.0	0.0
-0.000595835386775434	0.0
0.0	0.0
0.0	0.0
-6.108618254074827e-05	0.0
0.0	0.0
0.0	0.0
-1.9435082432295303e-09	0.0
0.0	0.0
0.0	0.0
-1.5395815178287364e-10	0.0
-0.00011470691970316693	1.0
0.0	0.0
0.0	0.0
0.0	1.0
-4.675105174101191e-06	0.0
0.0	1.0
0.0	0.0
-0.00013721350114792585	0.0
0.0	0.88
-0.0002703411446418613	0.0
0.0	0.88
0.0	0.0
0.0	0.0
0.0	0.0
-0.008849909529089928	0.0
0.0	0.0
-1.641260391482824e-11	0.0
0.0	0.0
-0.0018552320543676615	0.0
0.0	0.0
0.0	0.0
-3.016690789081622e-05	0.0
-0.0005343644297681749	0.0
-0.0015588279347866774	0.0
0.0	0.0
0.0	0.0
0.0	0.0
-0.004439621698111296	0.0
0.0	0.0
0.0	0.0
0.0	1.0
-0.002241360954940319	0.0
0.0	0.0
0.0	0.0
0.0	0.0
0.0	0.0
0.0	0.0
0.0	0.0
0.0	0.0
-4.912403164780699e-05	0.0
0.0	0.0
-0.05335892736911774	0.0
0.0	0.0
-0.0005154056125320494	0.0
-1.8581958727281744e-07	0.0
0.0	0.0
0.0	0.0
0.0	0.0
0.0	0.0
0.0	0.0
-0.0020846999250352383	0.0
0.0	0.007
0.0	0.0
0.0	0.0
0.0	0.0
-0.011497852392494678	0.0
0.0	0.0
-0.0003099425812251866	0.0
-9.06460115857044e-08	0.0
-3.739959356607869e-05	0.0
0.0	0.0
-3.478018697933294e-05	0.0
0.0	1.0
-3.061342431465164e-05	1.0
0.0	0.0
-2.08188839678769e-06	0.0
0.0	0.0
-1.1576586302908254e-06	0.0
-3.1253439374268055e-05	0.0
-0.0006868647178635001	0.0
-0.0006647311965934932	0.0
0.0	0.0
0.0	0.0
-0.0029119846876710653	0.0
0.0	0.0
0.0	0.0
0.0	0.0
0.0	0.0
0.0	0.0
0.0	0.0
0.0	0.0
0.0	0.0
0.0	0.0
0.0	0.0
0.0	0.0
0.0	0.0
0.0	0.0
0.0	0.0
0.0	0.0
0.0	0.0
0.0	0.0
-0.0003031544911209494	0.0
0.0	0.0
0.0	0.0
0.0	0.0
-2.3313324604146146e-08	0.0
0.0	0.0
0.0	0.0
-1.8882530955499632e-11	0.0
-0.001161042833700776	0.0
0.0	0.0
0.0	0.0
-2.0243530798325082e-06	0.0
0.0	0.0
-0.00011301653285045177	0.0
-0.000822494737803936	0.0
-0.0012022177688777447	0.0
-0.003078043693676591	0.0
-0.0018172372365370393	0.0
-0.0006622729124501348	0.0
0.0	0.0
-0.00020771984418388456	0.0
0.0	0.0
0.0	0.0
0.0	0.0
0.0	0.0
0.0	0.0
0.0	0.0
0.0	0.0
0.0	0.0
0.0	0.0
-0.00036816330975852907	0.0
0.0	1.0
0.0	0.0
0.0	0.0
-3.1927072541293455e-06	0.0
0.0	0.0
-5.368176061892882e-06	0.0
0.0	0.0
-0.003464646404609084	0.0
-1.5173219125586e-08	0.0
0.0	0.001
0.0	0.0
-2.6237970129905364e-11	0.0
0.0	1.0
-0.002703178208321333	1.0
0.0	0.0
-7.905969687271863e-05	0.0
-2.8284744985285215e-05	1.0
0.0	1.0
0.0	1.0
0.0	0.0
-3.0579354643123224e-05	0.0
-1.1961509471802856e-07	0.0
-0.00019571633310988545	0.0
-0.010518904775381088	0.0
0.0	0.0
0.0	0.0
0.0	0.0
0.0	0.0
0.0	0.0
0.0	0.0
0.0	0.0
0.0	0.0
0.0	0.0
0.0	0.0
-0.0020679065492004156	0.0
0.0	0.0
0.0	0.0
0.0	0.0
0.0	0.0
0.0	0.0
0.0	0.0
-3.438957037360524e-06	0.0
0.0	0.0
-0.0005532071809284389	0.0
-0.00036643221392296255	0.0
-7.442685273417737e-06	0.0
0.0	0.0
-2.9583929972432088e-08	0.0
-1.5953730326145887e-05	1.0
0.0	0.0
0.0	1.0
0.0	0.0
-1.1348786756570917e-05	0.0
0.0	0.0
-0.00019524895469658077	0.0
-6.99449117291806e-07	0.0
-0.0005850896704941988	0.0
-0.0004206530284136534	0.0
-2.8600945611856332e-08	0.0
-3.841782472591149e-06	0.0
-1.7804262597564957e-06	0.0
0.0	0.0
0.0	0.0
-0.0010451029520481825	0.0
0.0	0.0
-0.0008864414412528276	0.0
0.0	0.0
0.0	0.0
-0.013545368798077106	0.0
0.0	0.0
-0.003278139280155301	0.0
-2.6068595616379753e-05	0.0
0.0	1.0
0.0	0.0
-7.207823728094809e-06	0.0
-0.0018381187692284584	0.0
0.0	0.0
-0.00459415465593338	0.0
-0.018551532179117203	0.0
0.0	0.0
-1.034925833920397e-08	0.0
