-0.002470149891451001	0.0
0.0	0.0
0.0	0.0
-0.00010709923662943766	0.0
0.0	0.0
-0.00019083292863797396	0.0
0.0	0.0
0.0	0.0
0.0	0.0
0.0	0.0
0.0	0.0
0.0	0.0
0.0	0.0
0.0	0.0
0.0	0.0
0.0	0.0
0.0	0.0
0.0	0.0
-0.001130749355070293	0.0
0.0	0.0
-0.00013342604506760836	0.0
0.0	0.0
-0.008148018270730972	0.0
-3.6830115277552977e-06	0.0
0.0	0.0
0.0	0.0
0.0	0.0
0.0	0.0
0.0	0.0
-0.00011116237146779895	0.0
0.0	0.0
-0.004209375474601984	0.0
-8.076232916209847e-05	0.0
0.0	0.0
0.0	0.0
0.0	0.0
-0.00016847315418999642	0.0
0.0	0.0
-0.0005032069166190922	0.0
-1.1824742614408024e-05	0.0
-0.0006155841983854771	0.0
-4.7768085096322466e-06	0.0
-4.252834332874045e-05	0.0
0.0	0.0
-0.0004128369328100234	0.0
-0.0008906684815883636	0.0
0.0	0.0
0.0	0.0
0.0	0.0
0.0	0.0
0.0	0.0
0.0	0.0
0.0	0.0
-0.00020684425544459373	0.0
0.0	0.0
-3.852746885968372e-07	0.0
-8.575198444304988e-05	0.0
-2.4709245849408035e-07	0.0
0.0	0.0
-0.002394562354311347	0.0
0.0	0.0
0.0	0.0
0.0	0.0
-1.1465364917442509e-15	0.0
0.0	0.0
-0.00038963850238360465	0.0
0.0	0.0
0.0	0.0
0.0	0.0
0.0	0.0
0.0	0.0
-0.002539421431720257	0.0
-0.002546832198277116	0.0
0.0	0.0
-0.00045732338912785053	0.0
0.0	0.0
0.0	0.0
-4.967118002241477e-06	0.0
-0.001358686131425202	0.0
0.0	0.055
0.0	0.0
0.0	0.0
-1.1229471056140028e-05	0.0
-0.0014716375153511763	0.055
-0.0004949208232574165	0.055
0.0	0.0
-0.0016224216669797897	0.0
0.0	0.0
0.0	0.0
0.0	0.0
0.0	0.0
-8.63154436814284e-09	0.0
0.0	0.0
0.0	0.0
-1.1548807465899813e-09	0.0
0.0	0.0
-0.000421547272708267	0.0
0.0	0.0
-4.599969543050975e-06	0.0
0.0	0.0
0.0	0.0
0.0	0.0
-0.00020286801736801863	0.0
-2.2470061594503932e-05	0.0
0.0	0.0
0.0	0.0
0.0	0.0
0.0	0.0
0.0	0.0
0.0	0.0
0.0	0.0
-7.446481049555587e-06	0.0
0.0	0.0
0.0	0.0
0.0	0.0
-0.004821932874619961	0.0
-0.00298511004075408	0.0
0.0	0.0
0.0	0.0
0.0	0.0
0.0	0.0
0.0	1.0
-2.9808333579239843e-07	0.0
-1.0971349411192932e-06	1.0
0.0	1.0
-0.0013365750201046467	0.0
0.0	0.0
0.0	0.0
-2.8718857265630504e-06	0.0
0.0	0.0
0.0	0.0
-0.0007806740468367934	0.0
0.0	0.0
0.0	0.0
-0.03175673633813858	0.0
-1.1829150935227517e-05	1.0
0.0	1.0
0.0	0.0
-1.0115127224707976e-06	0.0
-0.002765210112556815	0.0
0.0	0.0
0.0	0.0
0.0	0.0
-5.849895751453005e-05	0.0
0.0	0.0
0.0	0.0
0.0	1.0
0.0	0.0
-1.0483071264388855e-06	0.0
0.0	0.0
-1.7247799405595288e-05	0.0
0.0	0.0
-0.00020923172996845096	0.0
0.0	0.0
0.0	0.0
0.0	0.0
-0.0005743761430494487	0.0
-0.0017607223708182573	0.0
-0.0001628849422559142	0.0
-1.5562352473352803e-06	0.0
0.0	0.0
-0.00012293472536839545	1.0
0.0	0.0
-0.0010575188789516687	0.0
0.0	0.0
-0.00041830609552562237	0.0
0.0	0.0
-3.595608006889961e-07	0.0
0.0	0.0
-0.0012085471535101533	0.0
-3.869965894409688e-06	0.0
0.0	0.0
-0.0001067721750587225	0.0
0.0	0.0
0.0	1.0
0.0	0.0
-1.7414177477803605e-07	0.0
0.0	0.0
-2.0264364138711244e-05	1.0
-4.714434908237308e-05	0.0
-0.0003811578790191561	0.0
-1.4139419590719626e-07	0.0
-5.22814916621428e-05	1.0
0.0	1.0
-4.169891862360053e-12	1.0
-1.473547763453098e-05	1.0
-0.0004059516650158912	0.0
-2.231540383945685e-05	1.0
0.0	0.0
0.0	0.0
-6.712143090226164e-07	1.0
0.0	0.0
0.0	1.0
0.0	0.0
-1.2861084996984573e-06	1.0
-0.0014895697822794318	1.0
0.0	0.0
-1.9607782633102033e-06	0.0
0.0	0.0
-0.00013059095363132656	0.0
0.0	0.0
0.0	0.0
0.0	0.0
0.0	0.0
0.0	0.0
-0.004736686125397682	0.0
-0.00012436659017112106	0.0
-0.00944896973669529	0.0
0.0	0.0
0.0	0.0
0.0	0.0
0.0	0.0
0.0	0.0
0.0	0.0
-0.0010519713396206498	0.0
0.0	0.0
-0.0003762881096918136	0.0
0.0	0.0
0.0	0.0
-0.0008024330018088222	0.0
-0.0022059467155486345	0.0
0.0	0.004
0.0	0.004
-4.65535805460604e-07	0.004
0.0	0.0
0.0	0.0
-1.286418182644411e-06	0.0
-4.032619127514181e-09	0.0
0.0	0.0
0.0	0.0
-0.00010490866407053545	0.0
0.0	0.0
-0.0034825457260012627	0.0
-0.01563507504761219	0.0
0.0	0.0
0.0	0.0
0.0	0.0
0.0	0.0
0.0	0.0
-1.7399324860889465e-05	0.0
0.0	0.0
0.0	1.0
0.0	1.0
0.0	1.0
0.0	0.0
0.0	0.0
0.0	0.0
0.0	0.0
0.0	0.0
0.0	1.0
-6.38846309186647e-09	1.0
0.0	1.0
-0.0001308949285885319	0.0
0.0	0.0
0.0	0.0
0.0	0.0
0.0	0.0
0.0	0.0
0.0	0.0
-3.111374826403335e-05	0.0
-0.0004472419968806207	0.0
0.0	0.0
-0.0005298439646139741	0.0
-3.7906997022219e-05	0.0
-0.006303390488028526	0.0
0.0	0.0
-3.8845755625516176e-05	0.0
-0.0004191623884253204	0.0
0.0	0.0
0.0	0.0
0.0	0.0
0.0	0.0
-0.005689620040357113	0.0
0.0	0.0
0.0	0.0
-0.0005418916116468608	0.0
-0.006924011744558811	0.0
-0.0024099440779536963	0.0
-0.0001328949729213491	0.0
0.0	0.0
0.0	0.0
0.0	0.0
0.0	0.0
-1.6529751178939733e-10	1.0
0.0	0.0
0.0	0.0
0.0	0.0
-0.0004319146100897342	0.0
-0.00409339927136898	0.0
0.0	0.0
0.0	0.0
-0.00016561243683099747	0.0
0.0	0.0
0.0	0.0
0.0	0.0
0.0	0.0
0.0	0.0
-0.0014703780179843307	0.0
0.0	0.0
0.0	0.0
0.0	0.0
0.0	0.0
-3.127344825770706e-05	0.0
0.0	0.0
0.0	0.0
0.0	0.0
0.0	0.008
0.0	0.008
0.0	0.008
0.0	0.008
0.0	0.0
-1.765094384609256e-05	0.008032128514056224
-2.375688812339405e-10	0.0
0.0	0.004032258064516129
0.0	0.004032258064516129
-0.00040596493636257946	0.0
0.0	0.0
-0.0018147178925573826	0.0
0.0	0.0
0.0	0.0
0.0	0.0
-0.003247842425480485	0.0
-0.004236780572682619	0.0
-5.9864745708182454e-05	0.0
0.0	0.0
0.0	0.0
-0.0030258630868047476	0.0
-0.00018588297825772315	0.0
-1.1511928050822462e-06	0.0
-0.0004193909699097276	0.0
-0.007188108749687672	0.0
0.0	0.0
-0.0002605823683552444	0.0
-0.00022544313105754554	0.0
0.0	0.0
0.0	0.0
0.0	0.0
0.0	0.0
0.0	0.0
0.0	0.0
0.0	0.0
0.0	0.0
-1.802367296477314e-05	0.0
0.0	0.0
0.0	0.0
-1.0612887308525387e-05	0.0
-0.0005282486672513187	0.0
-0.0002391673333477229	0.0
-0.0002496780944056809	0.0
0.0	0.0
0.0	0.0
0.0	0.0
-0.007897913455963135	0.0
-0.00010338469292037189	0.0
-0.013236316852271557	0.0
-0.004843925591558218	0.0
-6.775177462259308e-05	0.0
-0.009132872335612774	0.0
-0.013374974951148033	0.0
-1.073020484909648e-05	0.0
-0.0011979194823652506	0.0
-2.9178633553783584e-07	0.0
-0.0001750488008838147	0.0
-5.565334859625182e-08	0.0
0.0	0.0
0.0	0.0
0.0	0.0
0.0	0.0
-5.777069844725702e-08	0.0
-0.003251100890338421	0.0
0.0	1.0
-1.7851563143267413e-06	0.0
-9.35011194087565e-05	1.0
0.0	1.0
-7.401641255455615e-07	1.0
0.0	1.0
-0.0005686688818968832	1.0
0.0	0.597
-0.0033533081877976656	0.0
-5.990159479551949e-08	1.0
0.0	0.597
0.0	0.597
0.0	0.0
0.0	0.597
-0.0018092544050887227	0.597
0.0	0.597
0.0	0.597
0.0	0.597
-1.2524349131126655e-06	0.0
-8.145393803715706e-05	0.0
0.0	0.0
-1.7822394227096083e-07	0.0
-2.316390055057127e-05	0.0
0.0	0.0
-0.0005271871341392398	0.0
0.0	0.0
0.0	0.0
0.0	0.0
0.0	1.0
-9.229412171407603e-06	1.0
0.0	1.0
0.0	0.0
-0.0008674344862811267	0.0
-0.0082475570961833	0.0
-0.006685549858957529	0.0
-9.772828343557194e-05	0.0
-0.00013918611512053758	0.0
0.0	0.0
-0.0012263039825484157	0.0
0.0	0.0
0.0	0.0
0.0	0.0
0.0	0.0
-2.08687979466049e-05	0.0
0.0	0.0
-8.780086879767168e-09	0.0
0.0	0.0
-0.0002365715045016259	0.0
0.0	0.0
-0.0006463851314038038	0.0
-0.00046595450839959085	0.0
-0.002168179489672184	0.0
0.0	0.0
-0.00013560742081608623	1.0
-0.0024722712114453316	0.0
-0.0010533634340390563	0.0
0.0	0.0
0.0	0.0
0.0	0.0
0.0	0.0
-8.39329368318431e-06	0.0
-0.004976829048246145	0.0
0.0	0.0
0.0	0.0
0.0	0.002
0.0	0.0
-0.011078773997724056	0.0
0.0	0.0
-1.567259278090205e-05	0.0
-0.00037256075302138925	0.0
-2.29345587285934e-05	0.0
0.0	0.0
-6.670238508377224e-05	0.0
-5.538006164762521e-10	0.0
0.0	0.0
-0.0054817162454128265	0.0
0.0	0.0
-1.203814719019647e-07	0.0
-0.0005656214780174196	0.0
0.0	0.0
0.0	0.0
0.0	0.0
0.0	0.0
-0.0012654325691983104	0.0
0.0	0.0
-0.003617027075961232	0.0
-0.005488093942403793	0.0
-0.001691552926786244	0.0
0.0	0.0
-0.04622509703040123	0.0
-1.5854944024340512e-07	0.0
0.0	0.0
0.0	0.0
0.0	0.0
0.0	0.0
-9.175376908387989e-05	0.0
-1.2627085197891574e-05	1.0
-0.0004686510073952377	0.0
-0.0009242832311429083	1.0
0.0	0.076
0.0	0.0
0.0	0.0
0.0	0.0
-3.5077989124499e-11	0.0
0.0	0.0
0.0	0.0
-0.000516085303388536	0.0
-0.0034178239293396473	0.0
0.0	0.0
0.0	0.0
-0.0021334821358323097	0.0
-2.328660875239308e-11	0.0
0.0	0.0
0.0	0.0
0.0	0.0
0.0	0.0
-0.0012385390000417829	0.002
0.0	0.0
0.0	0.0
0.0	1.0
0.0	0.0
-0.0062852827832102776	0.0
0.0	0.0
0.0	0.0
0.0	0.0
-1.3112216390789855e-12	0.0
0.0	0.0
0.0	0.0
0.0	0.0
0.0	0.0
0.0	0.0
0.0	0.0
0.0	0.0
0.0	0.0
0.0	0.0
0.0	0.0
0.0	0.0
-1.885159235825995e-06	0.0
0.0	0.0
0.0	0.0
0.0	0.0
0.0	0.0
0.0	0.0
-0.0008532267529517412	0.0
-1.1965629564112713e-14	0.0
-0.003582930425181985	0.0
0.0	0.0
0.0	0.0
-0.0012524471385404468	0.0
-0.0005206770147196949	0.0
-0.0006543429335579276	0.0
0.0	0.0
-0.0023518367670476437	0.0
0.0	0.0
0.0	0.0
-0.0037147265393286943	0.0
0.0	0.0
0.0	0.0
0.0	0.0
0.0	0.0
0.0	0.0
0.0	0.0
0.0	0.0
-3.237033888581209e-05	0.0
-8.731229900149629e-05	0.0
0.0	0.0
0.0	0.0
-0.00019258081738371402	0.0
0.0	0.0
0.0	0.0
-1.4718347074449412e-07	0.0
-0.0036736500915139914	0.0
0.0	0.0
0.0	0.0
-2.4687768274134214e-08	0.0
0.0	0.0
-0.006353278178721666	0.0
0.0	0.0
0.0	0.0
0.0	0.0
-0.00014147718320600688	0.0
0.0	0.0
-1.8642583654582268e-07	0.0
-6.695967385894619e-06	0.0
0.0	0.0
0.0	0.0
0.0	0.0
-6.949224916752428e-05	0.0
0.0	0.0
-8.804132676232257e-07	0.0
0.0	0.0
0.0	0.0
0.0	0.0
-3.656836997834034e-05	0.0
-0.0002783222298603505	0.0
-0.0026442937087267637	0.0
0.0	0.0
0.0	0.0
-5.036415677750483e-05	0.0
0.0	0.0
0.0	0.082
0.0	0.0
0.0	0.0
0.0	0.0
0.0	0.082
0.0	0.082
-0.003922763746231794	0.0
-0.007821070961654186	0.0
0.0	0.0
0.0	0.0
0.0	0.0
0.0	0.0
0.0	0.0
-4.345098932390101e-05	0.0
-3.3252322282351088e-06	0.0
0.0	0.0
-0.002660100581124425	0.0
0.0	0.0
0.0	0.0
0.0	0.0
0.0	0.0
0.0	0.0
0.0	0.0
0.0	0.0
0.0	0.0
0.0	0.0
-5.612532163468131e-07	0.0
0.0	0.0
0.0	0.0
-0.029502516612410545	0.0
-1.7199263879774662e-07	0.0
0.0	1.0
0.0	0.0
-1.9261231898326514e-07	1.0
0.0	0.0
-1.2736579568795037e-09	1.0
-0.015689490363001823	0.0
0.0	0.031
0.0	0.0
0.0	0.031
-0.0015932858223095536	0.031
0.0	0.031
0.0	0.0
0.0	0.031
0.0	0.0
0.0	0.0
0.0	0.0
0.0	0.0
0.0	0.0
-0.0015531686367467046	0.0
-0.002867046045139432	0.0
0.0	0.0
0.0	0.0
0.0	0.0
0.0	0.0
0.0	0.0
-0.027442730963230133	0.0
0.0	0.0
0.0	0.0
-6.746905256704849e-10	0.0
-0.0053155869245529175	0.0
0.0	0.0
0.0	0.0
0.0	0.0
-2.5008086595335044e-05	0.0
0.0	0.0
-0.001481938175857067	0.0
0.0	0.0
0.0	0.0
0.0	0.0
-4.89670128445141e-07	0.0
0.0	0.0
-2.238805478782524e-07	0.0
0.0	0.0
-3.9092596125556156e-05	0.0
0.0	0.0
-8.269582758657634e-05	0.0
-0.0019625273998826742	0.0
0.0	0.0
0.0	0.0
0.0	0.0
-0.005394178442656994	0.0
-2.198184347435017e-06	0.0
0.0	0.0
0.0	0.002
0.0	0.0
-5.0022116226955404e-08	0.002
0.0	0.002
0.0	0.0
0.0	0.002
0.0	0.0
0.0	0.0
0.0	0.0
-2.3691465685260482e-05	0.0
-0.0077688563615083694	0.0
0.0	0.0
0.0	0.0
-0.00014907491276971996	0.0
-8.064594112511259e-06	0.0
0.0	1.0
0.0	0.0
-1.148343420354081e-09	0.0
-0.00720268115401268	0.0
0.0	0.0
0.0	0.0
-2.5774053938221186e-05	0.0
-0.01759772002696991	0.0
0.0	1.0
-0.0004169970052316785	0.0
-0.00014530833868775517	1.0
0.0	0.0
-9.325921723757347e-07	0.0
-8.752584835747257e-05	0.319
0.0	0.319
-1.9894052911695326e-06	0.0
0.0	1.0
-0.0012885549804195762	0.0
0.0	1.0
0.0	1.0
0.0	0.0
-0.0005355759640224278	1.0
-0.011882082559168339	0.0
0.0	1.0
0.0	1.0
0.0	1.0
0.0	0.0
-1.1070948602309727e-08	1.0
0.0	0.0
0.0	1.0
-1.7292550182901323e-05	1.0
-7.618202289449982e-06	0.0
0.0	1.0
0.0	1.0
-2.9581869966932572e-05	0.0
0.0	0.0
-1.4472287830358255e-06	1.0
-1.5149182218010537e-05	1.0
0.0	0.0
-2.1887946786591783e-05	0.0
-0.0018007425824180245	0.0
0.0	0.0
-1.2631051760081391e-08	0.0
0.0	0.0
-0.0008949124021455646	0.0
0.0	1.0
0.0	0.0
-0.0008075787336565554	0.0
0.0	0.0
-4.019362265239579e-08	1.0
-4.573345904645976e-06	0.0
0.0	1.0
0.0	1.0
0.0	1.0
0.0	0.0
0.0	0.0
-0.0007695977110415697	0.0
0.0	0.0
0.0	0.0
0.0	0.0
0.0	0.0
-2.5266115699196234e-05	0.0
0.0	0.0
0.0	0.0
-3.412562364246696e-05	0.0
-2.864967996174528e-07	0.0
-4.878686013398692e-06	0.0
0.0	0.0
0.0	0.0
0.0	0.0
-4.075228332567349e-07	0.0
0.0	0.0
0.0	0.0
-0.008783084340393543	0.001
0.0	0.0
0.0	0.0
-2.4158769519999623e-05	0.0
-0.0005694763967767358	0.0
-2.65067637883476e-06	0.0
-0.007350815925747156	0.0
0.0	0.0
-0.0001697739353403449	0.0
0.0	0.0
0.0	0.0
0.0	0.0
0.0	0.0
0.0	0.0
0.0	0.0
-0.004811114631593227	0.0
-0.001449252711609006	0.0
0.0	0.0
-7.469948286598083e-06	0.0
-0.00011797900515375659	0.0
0.0	0.0
-0.0027730269357562065	0.0
0.0	0.0
-0.059600137174129486	0.0
0.0	0.0
0.0	0.0
0.0	0.0
0.0	0.0
0.0	0.0
-5.334420620783931e-07	0.0
-1.4117401692104181e-09	0.0
0.0	0.0
0.0	0.0
0.0	0.0
0.0	0.0
0.0	0.0
0.0	0.0
0.0	0.0
0.0	0.0
-0.0026337862946093082	0.0
-0.0004584172856993973	0.0
0.0	0.0
-2.417844552837778e-05	0.0
-0.00037004807381890714	0.0
0.0	0.0
-2.4254447339444596e-08	0.0
0.0	0.0
0.0	0.0
0.0	0.0
0.0	0.0
0.0	0.0
0.0	0.0
0.0	0.0
-3.2402818760601804e-05	0.0
0.0	0.0
0.0	0.0
-0.008489461615681648	0.0
0.0	0.0
-0.008833769708871841	0.0
0.0	0.0
0.0	0.0
0.0	0.0
-0.007782413624227047	0.0
-0.00034749219776131213	0.0
0.0	0.321
-0.0022433949634432793	0.321
0.0	0.0
-0.002187986159697175	0.0
0.0	0.0
0.0	0.0
0.0	0.0
0.0	0.0
0.0	0.0
0.0	0.0
0.0	0.0
-0.002549125347286463	0.0
0.0	0.0
-0.00014284485951066017	0.0
0.0	0.0
0.0	0.0
-5.552555376198143e-05	0.0
-7.882469071773812e-05	0.0
-1.791726504052349e-06	0.0
0.0	0.0
-0.0026503889821469784	0.0
-0.002507244935259223	0.0
0.0	0.0
-1.1404603128539748e-06	0.082
0.0	0.0
-0.0009064818150363863	0.082
-0.0042256517335772514	0.0
-0.0006644480745308101	0.0
0.0	0.0
0.0	0.0
0.0	0.0
-0.003102334449067712	0.0
0.0	0.0
-0.005053664091974497	0.082
0.0	0.0
0.0	0.082
0.0	0.0
0.0	0.082
-1.5004932019113681e-10	0.082
0.0	0.0
0.0	0.0
-8.827095371088944e-06	0.0
0.0	0.0
0.0	1.0
0.0	0.0
0.0	0.0
0.0	0.0
-0.003136496990919113	0.0
-0.0011019688099622726	0.0
0.0	0.0
-2.4686734832357615e-05	0.0
-0.005169512704014778	0.0
-0.001340558403171599	0.0
-0.0003086481592617929	0.0
0.0	0.0
-6.634432736518647e-08	0.0
0.0	0.0
-3.611836291383952e-05	0.0
-8.667309884913266e-05	0.0
0.0	0.0
