0.0	0.0
-0.0005208677612245083	0.0
-8.409081601712387e-06	0.0
-0.0021000311244279146	0.0
0.0	0.0
0.0	0.0
0.0	0.0
0.0	0.0
-6.887783820275217e-05	0.0
-0.0007770543452352285	0.0
-0.032670021057128906	0.0
0.0	0.0
0.0	0.0
-2.280274020449724e-05	0.0
0.0	0.0
-0.000693060050252825	0.0
-9.463199967285618e-05	0.0
0.0	0.0
0.0	0.0
0.0	0.0
0.0	0.0
-0.0006312468321993947	0.0
0.0	0.0
0.0	0.0
0.0	0.0
0.0	0.0
-0.00040396975236944854	0.0
-0.00011479215754661709	0.0
0.0	0.0
-0.0006756579969078302	0.0
0.0	0.0
-0.010843613184988499	0.0
0.0	0.0
-9.753991616889834e-05	0.0
-0.0060551585629582405	0.0
0.0	1.0
0.0	0.0
-0.00012716285709757358	1.0
-7.54442808101885e-05	0.0
-3.547611413523555e-06	1.0
0.0	0.0
0.0	0.0
-4.890358104603365e-05	0.0
-0.0037841047160327435	0.0
-2.3342090413325245e-11	0.0
-0.009405417367815971	0.0
0.0	0.0
-0.0028529264964163303	0.0
-9.60144170676358e-05	0.0
-1.8514796806812228e-07	0.0
0.0	0.0
-5.785730536445044e-05	0.0
-1.2872977094957605e-05	0.0
0.0	0.0
0.0	0.0
-2.1350545775788987e-09	0.0
0.0	0.0
0.0	0.0
0.0	0.0
0.0	0.0
0.0	0.021
0.0	0.0
0.0	0.0
-0.0001979054941330105	1.0
0.0	0.0
-0.0007562302052974701	0.0
0.0	1.0
-1.803600525818183e-06	0.0
-3.58646025233611e-06	0.0
0.0	0.0
-1.0520915338929626e-07	0.0
0.0	0.0
0.0	0.0
0.0	0.0
0.0	0.0
0.0	0.0
0.0	0.0
0.0	0.0
-0.0012599671026691794	0.0
-2.5719074983499013e-05	0.0
-0.0006326999282464385	1.0
-0.00029506138525903225	0.0
-0.0059469714760780334	0.0
0.0	0.0
-0.004387525375932455	0.0
0.0	0.0
0.0	0.0
0.0	0.0
0.0	0.0
-0.0024089831858873367	0.0
0.0	0.0
0.0	1.0
0.0	0.0
0.0	0.0
-2.8520886189653538e-05	0.0
0.0	0.0
0.0	0.0
0.0	0.0
-0.0024727771524339914	0.0
-2.4447126634186134e-07	0.0
0.0	0.0
0.0	0.0
-1.2433534202216379e-08	0.0
0.0	0.0
0.0	0.0
-0.00024426268646493554	0.0
-1.290591598035462e-07	0.0
-0.000716492417268455	0.0
0.0	0.0
0.0	0.0
-1.4476868273050059e-06	0.0
0.0	0.0
-0.00048245713696815073	0.025
0.0	0.025
-0.000733427528757602	0.0
0.0	0.0
0.0	0.0
-1.906330112433352e-06	0.0
0.0	0.0
-0.00018310548330191523	0.0
-0.0007641396368853748	0.0
0.0	0.0
-4.0224672375188675e-06	0.0
0.0	0.0
0.0	0.0
-4.04812368515195e-07	0.0
0.0	0.0
0.0	0.0
0.0	0.0
0.0	0.0
0.0	0.17
-0.05597264692187309	0.0
0.0	0.0
0.0	0.0
-8.821025403449312e-05	0.0
0.0	0.0
0.0	0.0
0.0	0.0
-1.5683470167004998e-07	0.0
0.0	0.0
0.0	0.0
-0.0005737305618822575	0.0
0.0	1.0
0.0	0.0
-0.01114706415683031	0.0
0.0	0.0
-1.90957507584244e-05	0.0
0.0	0.0
0.0	0.0
-4.261091746116108e-08	0.0
0.0	0.0
0.0	0.0
0.0	0.0
-0.002079211175441742	0.0
-2.044094344455516e-06	0.0
0.0	0.0
-1.2048352004967455e-07	0.0
0.0	0.0
0.0	0.0
-6.780914674209271e-08	0.0
0.0	0.0
0.0	0.0
0.0	0.0
-0.0001755742559907958	0.0
-7.387826883586968e-08	0.0
0.0	0.0
-0.0014288316015154123	0.0
0.0	0.0
0.0	0.0
-4.838457190459167e-09	0.0
0.0	0.0
-0.0003103609196841717	0.0
0.0	0.0
-1.2565546693432683e-11	0.0
-0.00020353296713437885	0.0
-0.0023003744427114725	0.0
-0.0005467919982038438	0.0
0.0	0.0
-3.6024473502038745e-06	0.0
0.0	0.0
-5.7680797908687964e-05	0.0
-1.8961179648613324e-06	0.0
-6.74753391649574e-06	0.0
0.0	0.0
-1.2641753244224674e-07	0.0
0.0	0.0
0.0	0.0
-0.00139787164516747	0.0
0.0	0.0
0.0	1.0
0.0	0.0
-0.0005772100412286818	0.0
0.0	0.0
0.0	1.0
-0.0002739632618613541	0.0
-1.0466806088516023e-05	0.0
0.0	0.0
0.0	0.0
0.0	0.0
0.0	1.0
-3.112404556304682e-08	0.0
0.0	0.0
0.0	0.0
0.0	0.0
-1.4142747204459738e-05	1.0
0.0	1.0
-8.376931787124064e-11	1.0
0.0	1.0
0.0	0.0
0.0	0.0
-0.00028604266117326915	0.0
0.0	0.0
0.0	0.0
0.0	0.0
0.0	0.0
0.0	0.0
0.0	0.0
0.0	0.0
0.0	0.0
0.0	0.0
0.0	0.0
0.0	0.0
-3.820619376426748e-09	0.0
-1.2392697534835406e-08	0.0
0.0	0.0
-0.00014140787243377417	0.0
0.0	0.0
0.0	0.005
0.0	0.0
-5.034037897644339e-08	0.0
-1.3503278495363702e-08	0.0
0.0	0.0
-2.348832094867248e-05	0.0
0.0	0.0
0.0	0.0
-2.1328638410977874e-07	0.0
0.0	0.0
0.0	0.0
-0.00019587208225857466	0.0
-5.188972522773838e-07	0.0
0.0	0.0
0.0	0.0
0.0	0.0
0.0	0.0
0.0	0.003
0.0	0.0
0.0	0.0
-5.068741302238777e-07	0.0
0.0	0.0
0.0	0.0
0.0	0.0
0.0	0.0
0.0	0.0
0.0	0.0
0.0	0.0
-0.0010748611530289054	0.0
0.0	0.0
-0.0015875236131250858	0.0
-0.0036840627435594797	0.0
0.0	0.0
-0.0003620638162828982	0.0
-6.265363228230569e-10	0.0
0.0	0.0
-0.0018058600835502148	0.0
0.0	0.0
0.0	0.0
-3.825879169028212e-09	0.0
0.0	0.0
-1.306081287566485e-07	0.0
0.0	0.0
0.0	0.0
0.0	0.0
0.0	0.0
0.0	0.0
0.0	0.0
0.0	0.0
0.0	0.0
0.0	0.0
-0.005611761007457972	0.0
-5.7712724810699e-05	0.0
-0.0004969324800185859	0.0
-0.00015027057088445872	0.0
0.0	0.0
0.0	0.0
0.0	0.0
0.0	0.0
-2.187618156312965e-05	0.0
0.0	0.0
0.0	0.0
-2.8107706384616904e-06	0.0
0.0	0.0
0.0	0.0
-0.00021534020197577775	0.0
0.0	0.0
-0.005767993628978729	0.0
0.0	0.0
0.0	0.0
0.0	0.0
-5.3444036751670865e-08	0.0
0.0	0.0
-0.00038876687176525593	0.0
-0.0018544674385339022	0.0
0.0	0.0
-5.595924656813522e-13	0.0
0.0	0.0
0.0	0.0
0.0	0.0
-1.0522127169565465e-08	0.0
-2.0245277028152486e-06	0.0
-0.00011729280231520534	0.0
-0.0005059462855570018	1.0
0.0	1.0
0.0	1.0
-5.064174547442235e-05	1.0
0.0	1.0
0.0	1.0
0.0	0.0
0.0	0.0
-0.0014067903393879533	0.011
0.0	0.011
-4.723980964627117e-06	0.0
0.0	0.011
0.0	0.0
0.0	0.011
0.0	0.0
0.0	0.0
0.0	0.0
-0.0030407896265387535	0.0
0.0	0.0
0.0	0.0
0.0	0.0
-0.0044081262312829494	0.0
0.0	0.0
0.0	0.0
0.0	0.0
-9.076385140360799e-06	0.0
0.0	0.0
0.0	0.0
0.0	0.0
-0.0008124227169901133	0.014
0.0	0.014
0.0	0.014
-0.0029017338529229164	0.014
-9.981345647247508e-05	0.014
-0.0006238629575818777	0.0
-0.00010532342275837436	0.0
0.0	0.0
0.0	0.0
0.0	1.0
-8.794173567139296e-08	0.0
-9.199537453241646e-05	0.0
0.0	0.0
0.0	0.0
0.0	0.0
0.0	0.0
-1.95873809616387e-07	0.0
-4.057729256601306e-06	0.0
0.0	0.0
0.0	0.0
0.0	0.0
0.0	0.0
-2.3997916287044063e-05	0.0
-3.76592595330294e-07	0.0
-0.0031147662084549665	0.0
-0.0013857469893991947	0.0
0.0	0.0
-0.00046838793787173927	0.0
0.0	0.0
0.0	0.0
0.0	0.0
-0.004064737819135189	0.0
0.0	0.0
-9.380541676762277e-09	1.0
0.0	0.0
0.0	1.0
0.0	0.0
-5.551079084398225e-06	0.0
0.0	0.0
-1.0411999795678639e-07	0.0
0.0	0.0
0.0	1.0
-0.001341577502898872	0.0
0.0	0.0
0.0	0.0
0.0	0.0
-0.0004417938180267811	0.0
0.0	1.0
0.0	0.0
0.0	0.0
0.0	0.0
-0.0032552173361182213	0.0
0.0	1.0
0.0	0.0
-0.000680657452903688	1.0
0.0	0.0
0.0	1.0
-0.001739070052281022	0.0
-0.006980031728744507	0.0
-2.3042581233312376e-05	0.0
-1.4731311239302158e-05	0.0
0.0	0.0
-0.0008046842995099723	0.0
-0.0013488981639966369	0.0
-0.0005531581118702888	1.0
0.0	1.0
0.0	1.0
-3.1908217579257325e-07	1.0
0.0	0.0
0.0	0.0
0.0	0.0
0.0	0.0
-2.65512917394517e-05	0.0
0.0	0.0
-0.008109469898045063	0.0
-0.004804204683750868	0.0
-4.965408152202144e-05	0.0
-0.0005793954478576779	0.0
0.0	0.0
0.0	0.0
0.0	1.0
0.0	0.0
0.0	0.0
0.0	0.0
0.0	0.0
0.0	0.0
-0.011341276578605175	0.0
0.0	0.0
0.0	0.0
0.0	0.0
-1.4015062333783135e-05	0.0
-0.055831290781497955	0.0
0.0	0.0
0.0	0.0
-0.004602192435413599	0.0
-0.0008407167042605579	0.0
0.0	0.0
0.0	0.0
0.0	0.0
0.0	0.0
0.0	0.0
0.0	0.0
0.0	0.0
-0.0007671989733353257	0.0
-4.5045333536108956e-05	0.0
0.0	1.0
0.0	1.0
-2.6063605673698476e-06	1.0
-1.3498969337888411e-06	0.0
0.0	1.0
0.0	0.0
0.0	0.0
0.0	0.0
-0.0013442824129015207	0.0
-7.079846545821056e-05	0.0
-0.0027841841802001	0.0
-0.0019100150093436241	0.0
-1.0202717930951621e-05	0.0
0.0	0.0
0.0	0.0
0.0	0.0
0.0	0.0
0.0	0.0
0.0	0.0
0.0	0.0
0.0	0.0
0.0	0.0
0.0	0.0
0.0	0.0
-2.582828983577201e-06	0.0
-2.7967319127242263e-08	0.0
0.0	0.0
-0.0018734458135440946	0.0
0.0	0.0
-2.3231177692650817e-05	0.0
0.0	0.0
-0.0004935326869599521	0.0
-1.4833815839665476e-05	0.0
0.0	0.0
-8.272287959698588e-05	0.0
-5.116940542393422e-07	0.0
0.0	0.0
-0.00186613027472049	0.0
0.0	0.0
-0.0009516481659375131	0.0
-0.000603298656642437	0.0
0.0	0.0
-5.620549927698448e-06	0.0
0.0	0.0
0.0	0.0
-6.025765486583623e-08	0.0
-0.0006910820957273245	0.0
-9.568698056128255e-10	0.0
-1.4840638958078627e-14	1.0
0.0	1.0
0.0	0.0
0.0	1.0
0.0	1.0
0.0	0.0
0.0	0.0
-0.00413362355902791	0.0
-0.00014114734949544072	0.0
0.0	0.0
0.0	0.0
0.0	0.0
-5.000445071345894e-07	0.0
0.0	0.0
0.0	0.0
0.0	0.0
0.0	0.0
0.0	0.0
0.0	0.0
-0.001475801574997604	0.0
-7.266671104844136e-07	0.0
-0.0008792709559202194	0.0
-0.0003445385955274105	0.0
0.0	0.0
-0.0003530965477693826	0.0
-0.0006477666320279241	0.0
0.0	0.0
0.0	0.0
0.0	0.0
0.0	0.0
-0.0009078682633116841	0.0
0.0	0.0
0.0	0.0
-4.45964906248264e-05	0.0
-0.004113692324608564	0.0
-0.042255863547325134	0.0
-0.0003759308310691267	0.0
0.0	0.0
0.0	1.0
0.0	0.0
-0.0008527261670678854	1.0
-1.1380438813546334e-09	0.0
-0.007682959083467722	0.0
0.0	1.0
0.0	0.0
-9.405395394423977e-05	0.0
0.0	0.0
0.0	0.0
-0.00023751918342895806	0.0
-9.825878805713728e-05	0.0
-0.0035242417361587286	0.0
0.0	0.0
0.0	0.0
0.0	0.0
-0.00027953769313171506	0.0
0.0	0.0
-0.006975674070417881	0.0
-0.0012593950377777219	0.0
0.0	0.0
-1.5118615692699677e-07	0.0
0.0	0.0
0.0	0.0
0.0	0.0
-3.242650564061478e-05	0.0
0.0	0.0
0.0	0.0
0.0	0.0
-4.730278391207321e-08	0.0
-4.477469701669179e-06	0.0
-0.0008640876039862633	1.0
0.0	0.0
0.0	0.0
0.0	0.0
0.0	0.0
0.0	0.0
-0.00015019549755379558	0.0
-0.0008328970288857818	0.0
0.0	0.0
-2.0080139506717387e-07	0.0
0.0	0.0
0.0	0.0
0.0	0.0
0.0	0.0
-1.4160133510188189e-08	0.0
0.0	0.0
-0.00021811779879499227	0.0
-3.497745842961919e-11	0.0
-1.3117541129759047e-05	0.0
-0.005306103732436895	0.0
-1.0396979632787406e-06	0.0
-0.005325178150087595	0.0
0.0	0.0
0.0	0.0
-0.0033125628251582384	0.0
-0.0008144276216626167	0.0
0.0	0.0
0.0	0.0
0.0	0.0
-0.01202838122844696	0.0
0.0	0.0
-0.0003102458140347153	0.0
0.0	0.0
0.0	0.0
0.0	0.0
0.0	1.0
0.0	1.0
0.0	0.0
0.0	0.0
-0.0010803588666021824	0.0
-0.001760411192663014	0.0
0.0	1.0
-0.003475089790299535	0.0
0.0	0.0
0.0	0.0
-0.013574213720858097	0.0
0.0	0.0
0.0	0.0
-0.054421450942754745	0.0
-0.004801077768206596	0.0
-0.0010174703784286976	0.042
-0.010875063017010689	0.0
0.0	0.0
-6.636707894358551e-08	0.0
-0.0006106749060563743	0.042
0.0	0.0
-0.0010225356090813875	0.0
0.0	0.042
-0.006303651724010706	0.0
-6.478087470895844e-07	0.042
0.0	0.0
-2.248927785331034e-06	0.0
-1.695812534308061e-05	0.0
0.0	0.0
-0.00023964499996509403	0.0
0.0	0.0
-0.0008823942625895143	0.0
0.0	0.0
-0.009448162280023098	0.0
-3.390754500287585e-05	0.0
-2.9962782832626544e-07	0.0
-0.0001973513135453686	0.0
-0.00010048418334918097	0.0
0.0	0.0
0.0	0.0
0.0	0.0
0.0	1.0
0.0	0.0
0.0	1.0
-0.00013283049338497221	0.0
0.0	0.0
0.0	1.0
-9.341434292764461e-10	0.0
0.0	1.0
0.0	0.0
-0.00012144052016083151	0.0
-4.923477717966307e-06	0.0
-0.0013212490594014525	0.0
-0.0037126874085515738	0.0
-0.004880421329289675	0.0
-0.026364348828792572	0.0
0.0	0.0
0.0	0.0
-0.0012537353904917836	0.0
0.0	0.0
-0.0003263139515183866	0.0
0.0	0.0
0.0	0.0
-0.00029697551508434117	0.0
0.0	0.0
-0.0007753385580144823	0.0
0.0	0.043
-1.0361514796386473e-05	0.0
0.0	0.0
0.0	0.043
0.0	0.0
-3.138211013720138e-06	0.0
-2.6796458769240417e-05	0.0
-0.00021646282402798533	0.0
0.0	0.0
0.0	0.0
0.0	0.0
0.0	0.0
0.0	0.0
-0.002239455236122012	0.0
0.0	0.0
-1.288035127799958e-05	0.0
-4.181974590840992e-13	0.0
-7.800843013683334e-05	0.0
-1.2993756399737322e-06	0.0
-0.0021186256781220436	0.0
-0.0023264691699296236	0.0
-0.0004384986823424697	0.0
-2.0032113752677105e-05	0.0
-0.0001301390875596553	0.0
-1.0168271558086417e-07	0.0
-0.0001343200565315783	0.0
-9.193792749329077e-08	1.0
-2.9532897394962676e-13	0.0
-0.0015212638536468148	0.11
-0.00029742156038992107	0.043
-0.00013830536045134068	0.0
-0.006043721921741962	0.0
-0.031457606703042984	0.0
-6.448136264225468e-05	0.0
-4.128360615140991e-06	0.0
0.0	1.0
0.0	0.0
-0.003127620555460453	0.0
-0.007936417125165462	0.0
0.0	0.0
0.0	0.0
-0.005782074760645628	0.0
-0.0021924907341599464	0.0
0.0	0.0
0.0	0.351
0.0	0.0
0.0	0.0
-0.00031164009124040604	0.0
-0.002624567598104477	0.0
-0.0002058294485323131	0.0
-0.00012793444329872727	0.0
0.0	0.0
-2.5518804847024512e-09	0.0
-0.0007533239549957216	0.0
-0.005580829922109842	0.0
0.0	0.0
-0.003189565846696496	0.0
0.0	0.0
0.0	0.0
-2.5293079488619696e-06	0.0
-0.00023484758276026696	0.0
0.0	0.0
0.0	0.0
-0.00026060271193273365	0.0
0.0	0.0
0.0	0.0
0.0	0.0
-3.5311822355055256e-09	0.0
-2.8112615837017074e-05	0.0
0.0	0.0
0.0	0.0
0.0	0.0
0.0	0.0
0.0	0.0
0.0	0.0
-0.001564772566780448	0.0
-0.002598176244646311	0.0
-4.432473051790842e-12	0.0
-1.1231226886010415e-11	0.0
0.0	0.0
0.0	0.0
0.0	0.0
-1.7845986803877167e-05	0.0
0.0	0.0
0.0	0.0
0.0	0.0
-0.0007324820617213845	0.0
0.0	0.0
0.0	0.08955223880597014
0.0	0.0
0.0	0.0
0.0	0.0
-0.0033171859104186296	0.0
0.0	0.0
-3.1669042499515854e-08	0.0
0.0	0.0
0.0	0.0
-0.00038259298889897764	0.0
0.0	0.0
0.0	0.0
0.0	0.0
-0.0003874836547765881	0.0
0.0	0.0
0.0	0.0
-8.232335858338047e-06	0.0
0.0	0.0
-0.00011320313933538273	0.0
0.0	0.0
-1.0080067113449331e-05	0.0
0.0	0.0
0.0	1.0
-0.07470009475946426	0.0
0.0	0.0
0.0	0.0
0.0	0.0
-0.0024805357679724693	0.0
0.0	0.0
-0.0001715271209832281	0.0
0.0	0.0
-0.0012444313615560532	0.0
0.0	0.0
0.0	0.0
0.0	0.0
-0.04514265060424805	0.0
0.0	0.0
0.0	0.0
0.0	0.0
0.0	0.0
0.0	0.0
0.0	0.0
0.0	0.0
0.0	0.0
-0.00027658382896333933	0.0
0.0	0.0
0.0	0.0
-1.7919266070975937e-08	0.0
-0.00038964461418800056	0.0
0.0	0.0
0.0	0.0
-4.902729529021599e-07	0.0
-0.0016512954607605934	0.0
0.0	0.0
-0.00027135518030263484	0.0
0.0	0.0
-0.002217201516032219	0.0
0.0	0.0
0.0	0.0
-0.012738589197397232	0.0
-0.00019082998915109783	0.0
0.0	0.0
-1.1811566976501365e-14	0.0
-0.0006569590186700225	0.0
0.0	0.0
0.0	0.0
0.0	0.0
0.0	0.0
-2.278900637975312e-06	0.0
-0.0005680643953382969	0.0
-0.0004935090546496212	0.0
-0.00012792031338904053	0.0
0.0	0.0
0.0	0.0
0.0	0.0
0.0	0.0
-0.006292413454502821	0.0
-1.3490393030224368e-05	0.0
0.0	0.0
0.0	0.0
-0.0010706031462177634	0.0
0.0	0.0
0.0	0.0
-6.711979949614033e-05	0.0
0.0	0.0
0.0	0.0
0.0	0.0
-0.0010366170899942517	0.0
-7.687061588512734e-05	0.0
0.0	0.0
-0.005404788535088301	0.0
-0.00012286563287489116	0.0
0.0	0.0
0.0	0.0
0.0	0.0
0.0	0.0
-6.82014251651708e-06	0.0
-3.7117097235750407e-06	0.0
0.0	0.0
-0.002914775162935257	0.0
-3.066413410124369e-05	0.0
0.0	0.0
-0.005399562418460846	0.023
0.0	1.0
-2.005590795306489e-05	1.0
-0.003385979915037751	0.0
-0.0016611574683338404	0.0
0.0	0.0
0.0	0.0
0.0	0.0
-9.41563360612463e-09	0.0
0.0	0.0
-1.1219826774322428e-06	0.0
0.0	0.0
0.0	0.0
0.0	0.0
0.0	0.0
-1.5077648640726693e-05	0.0
-0.00040754792280495167	0.0
-0.0011346476385369897	0.0
-6.052794560673647e-06	0.0
0.0	0.0
0.0	0.004
-1.6441976669057112e-09	0.0
-1.0456711606821045e-05	0.045180722891566265
0.0	0.013071895424836602
0.0	0.0
0.0	0.004188481675392671
0.0	0.0
0.0	0.045
-0.0011100361589342356	0.0
-0.002290432108566165	0.0
0.0	0.01
-0.00026970350882038474	0.0
0.0	0.0
-5.079298352939077e-05	0.0
0.0	0.0
-1.3063180637033767e-13	0.0
-1.112459528940235e-07	0.0
-0.00015157347661443055	0.0
-1.70947966893209e-08	1.0
0.0	0.0
0.0	0.0
-2.3633192824945581e-07	0.0
-1.7840702639659867e-05	0.0
0.0	0.0
0.0	0.0
0.0	0.0
0.0	0.0
0.0	0.0
0.0	0.0
0.0	0.0
0.0	0.0
0.0	0.003
0.0	0.003
0.0	0.003
-0.00014519931573886424	0.0
0.0	0.003
0.0	0.003
-0.003614113200455904	0.0
0.0	0.0
0.0	0.0
-0.0025023033376783133	0.0
0.0	0.0
0.0	0.0
0.0	0.0
0.0	0.0
