-1.0407613899587886e-06	0.0
-0.0004227613680996001	0.0
-0.002992484252899885	0.0
-8.799133502179757e-05	0.118
0.0	0.0
0.0	0.118
0.0	0.0
0.0	1.0
0.0	0.0
0.0	0.0
-2.1263792859826935e-06	1.0
0.0	1.0
0.0	0.0
-0.012752888724207878	0.0
0.0	0.0
0.0	0.0
0.0	0.0
-0.004279729910194874	0.0
0.0	0.0
-6.589073731078088e-11	0.0
0.0	0.0
0.0	0.0
0.0	0.0
0.0	1.0
-4.235545816300146e-07	0.0
-0.00030324707040563226	0.0
0.0	0.0
-1.798932862584479e-05	0.0
0.0	0.0
0.0	1.0
0.0	0.0
0.0	0.0
-0.006471322849392891	0.0
-0.002373653696849942	0.002
0.0	0.002
-0.000319911225233227	0.0
0.0	0.0
0.0	1.0
0.0	0.0
-1.8519457398724626e-06	0.002
0.0	0.002
0.0	0.002
0.0	0.002
-0.00026005966356024146	0.0
0.0	0.0
-0.0003422450099606067	0.0
0.0	0.0
0.0	0.0
-0.0007770248921588063	0.0
0.0	0.0
0.0	0.0
0.0	0.0
-0.0004986125277355313	0.0
0.0	1.0
0.0	0.0
-3.829448402825619e-08	1.0
-2.237163243989926e-05	0.0
0.0	1.0
0.0	0.0
0.0	0.0
-0.004031494725495577	0.0
-0.0023788593243807554	0.0
0.0	0.0
-0.0031332483049482107	0.0
0.0	0.0
0.0	0.0
-0.015076790936291218	0.0
-0.000548503128811717	0.0
0.0	0.0
-1.7951958852790995e-07	0.0
0.0	0.0
0.0	0.0
-0.0001351801911368966	0.0
0.0	0.0
0.0	0.0
0.0	0.0
-1.778728619683534e-05	0.0
0.0	0.0
0.0	0.0
-0.008029493503272533	0.0
-0.002968141343444586	0.015
0.0	0.015
0.0	0.0
0.0	0.0
0.0	0.0
0.0	0.0
0.0	0.0
-2.6316374426849087e-11	0.0
-0.0012896285625174642	0.0
-7.586692873928769e-08	0.0
-1.3616905789604061e-06	0.0
-0.0004928238340653479	0.0
0.0	0.0
-9.508197763352655e-06	0.0
0.0	0.0
0.0	0.0
0.0	0.0
0.0	0.014
0.0	0.0
-2.233340455859434e-05	0.0
0.0	0.0
-1.0196332667078423e-08	0.0
-2.35340894505498e-06	0.0
0.0	0.0
0.0	0.0
0.0	0.0
0.0	0.0
0.0	0.0
-9.02986812434392e-07	0.0
0.0	0.0
0.0	0.0
0.0	0.0
0.0	0.0
-1.761106176445537e-07	0.0
0.0	0.0
0.0	0.0
0.0	0.0
-2.100988467645948e-06	0.0
0.0	1.0
0.0	1.0
0.0	1.0
0.0	1.0
0.0	1.0
0.0	0.0
0.0	0.0
-5.733622856496368e-07	0.0
-0.006420218385756016	0.0
-2.4795504941721447e-05	0.0
-0.0021713506430387497	0.0
0.0	0.0
0.0	0.0
0.0	0.0
0.0	0.0
0.0	0.0
0.0	0.0
-9.601149940863252e-05	0.0
0.0	0.0
0.0	0.0
0.0	0.0
0.0	0.0
-1.5370345352039294e-07	0.0
0.0	0.0
-2.5039445972652175e-05	0.0
0.0	0.0
-0.001633889740332961	0.0
0.0	0.0
-0.0003051171370316297	0.0
0.0	0.0
-0.0020194698590785265	0.0
0.0	0.0
0.0	0.0
0.0	0.0
0.0	0.0
0.0	0.016
0.0	0.0
0.0	0.016016016016016016
0.0	0.0010162601626016261
-9.139053145190701e-05	0.0
-0.0067168837413191795	0.0
0.0	0.02702702702702703
-0.0006295234197750688	0.0010277492291880781
0.0	0.0
0.0	0.0
-0.002563649322837591	0.0
0.0	0.0
-0.006703178398311138	0.0
-0.002791509497910738	0.0
-0.0002680089382920414	0.0
-4.3444815887166977e-13	0.0
0.0	0.0
-1.9347493434906937e-05	0.0
-3.979692337452434e-05	0.0
-1.6050790918598068e-06	0.0
-0.01999051496386528	0.0
-3.356628440087661e-05	0.0
-0.00941341370344162	0.0
-0.012908455915749073	0.0
-0.03827577456831932	0.0
-1.5314175470848568e-05	0.0
-0.00031503677018918097	0.0
-4.808527592103928e-05	0.0
-0.0004941271035932004	0.0
0.0	0.0
0.0	0.0
0.0	0.0
0.0	0.0
0.0	0.0
0.0	0.0
0.0	0.0
-1.8844376654669759e-06	0.0
0.0	0.0
-0.0006790775805711746	0.0
-3.173508230247535e-05	0.0
0.0	0.0
0.0	0.0
0.0	1.0
0.0	0.079
-0.012853306718170643	0.0
0.0	0.0
0.0	0.0
-6.966695946175605e-05	0.079
-0.00519447261467576	0.0
0.0	0.0
-0.000559513398911804	0.0
-2.768228455352073e-07	0.0
0.0	0.2507936507936508
-5.470575104027375e-10	0.0
-0.0069082193076610565	0.0
0.0	0.0
0.0	0.0
-0.0011473852209746838	0.0
0.0	0.0
0.0	0.0
-0.0005465821013785899	0.0
0.0	0.0
0.0	0.0
0.0	0.0
0.0	0.0
-3.212342614133945e-10	0.0
0.0	0.0
-0.007486467715352774	0.0
0.0	0.0
0.0	0.0
-0.003325597383081913	0.0
0.0	0.0
0.0	0.0
0.0	0.0
-6.081252862388808e-11	0.0
0.0	0.0
0.0	0.0
0.0	0.0
0.0	0.0
-0.0007750157383270562	0.0
0.0	1.0
-1.0545237500991789e-06	0.0
0.0	0.0
-9.276186005990894e-07	0.0
-0.00041125004645437	0.0
0.0	1.0
0.0	1.0
-0.0004928043344989419	0.0
-0.0026345234364271164	1.0
-1.4961582564865239e-05	0.0
0.0	0.0
-0.003588200779631734	0.0
-0.005180838983505964	0.0
-0.0008959252154454589	0.0
0.0	0.0
0.0	0.0
-0.0015674747992306948	0.0
-0.0184048879891634	0.0
0.0	0.0
0.0	0.0
-0.05434168130159378	0.0
0.0	0.0
0.0	0.0
0.0	0.0
0.0	0.0
0.0	0.0
0.0	0.0
-0.00020503223640844226	0.0
-3.0440869522863068e-06	0.0
0.0	0.0
0.0	0.0
-2.113671826009522e-06	0.0
-0.00022400291345547885	0.0
0.0	0.0
0.0	0.0
0.0	1.0
-0.023801662027835846	0.0
0.0	1.0
0.0	1.0
0.0	0.0
0.0	1.0
-8.891391303222917e-07	1.0
0.0	0.0
0.0	1.0
-5.9090274589834735e-05	0.0
-0.00018280214862897992	0.0
0.0	0.0
0.0	0.0
0.0	0.0
-0.0067367879673838615	0.0
0.0	0.0
-0.0027357188519090414	0.0
0.0	0.0
0.0	0.0
-0.006533742416650057	0.0
-4.960341935547022e-16	0.0
-0.0002507027529645711	0.0
-2.423256592010148e-05	0.0
0.0	0.0
0.0	0.0
-0.00019878671446349472	0.0
-1.0130807304165046e-08	0.0
-6.358287560150133e-18	0.0
-6.741236575180665e-05	0.0
0.0	0.0
0.0	0.0
-1.1740038644347806e-05	0.0
0.0	0.0
-0.010495884343981743	0.0
-0.0036062761209905148	0.0
0.0	0.0
0.0	0.0
0.0	0.0
-0.00019362970488145947	0.0
0.0	0.0
0.0	0.0
-0.002363033127039671	0.0
0.0	0.0
0.0	0.0
0.0	0.0
0.0	0.0
0.0	0.0
0.0	0.0
0.0	0.0
0.0	0.0
0.0	0.0
0.0	0.0
-1.7654581085935206e-07	0.0
-0.000353501905919984	0.0
-8.925286465455429e-07	0.0
-4.4096259443904273e-07	0.0
-0.0007540055667050183	0.0
0.0	0.0
0.0	0.0
0.0	0.0
0.0	0.0
0.0	0.0
-0.005491817370057106	1.0
-0.0007987804128788412	0.0
0.0	0.0
0.0	0.0
0.0	0.0
-0.0013268858892843127	1.0
0.0	1.0
-2.5014811399159953e-05	1.0
0.0	0.0
0.0	0.0
-4.418102435010951e-07	0.0
-3.963147537433542e-05	0.0
-0.0019707416649907827	0.0
-6.882148184672587e-09	0.0
0.0	0.0
-4.58082139928595e-12	0.0
-5.459780368255451e-05	0.0
-1.7422563391988888e-10	0.001
-3.740074680536054e-05	0.001
-3.109874887741171e-05	0.001
0.0	0.0
-6.298796961345943e-06	0.001
0.0	0.0
0.0	0.0
-0.008850286714732647	0.0
-0.0025873419363051653	0.0
0.0	0.0
-0.001136056031100452	0.0
0.0	0.001
-0.00041590805631130934	0.0
-0.00016530900029465556	0.0
0.0	0.0
-0.00024140994355548173	0.0
0.0	0.0
0.0	0.0
0.0	0.0
-8.856998192641186e-07	0.0
0.0	0.0
0.0	0.0
0.0	0.0
-0.00026427090051583946	0.008
0.0	0.0
0.0	0.008
0.0	0.0
-5.6306595070054755e-05	0.008
-0.001940595218911767	0.0
0.0	0.0
-0.00019810906087514013	0.008
0.0	0.0
0.0	0.0
-0.00020589448104146868	0.008
0.0	0.0
-0.016504541039466858	0.0
-9.828584097704152e-07	0.0
-0.001972791738808155	0.0
-2.4249902708106674e-06	1.0
-0.00024388241581618786	1.0
0.0	0.0
0.0	0.0
0.0	0.0
0.0	0.0
-0.0006125784711912274	0.0
-2.7483149089846393e-10	1.0
-9.751226215382047e-11	0.0
-0.00015056114352773875	0.0
-0.0016546521801501513	0.0
0.0	0.0
-1.9594522200350184e-06	0.0
0.0	0.0
0.0	0.0
0.0	0.0
0.0	0.0
0.0	0.0
-0.000481084396596998	0.0
0.0	0.0
0.0	0.0
0.0	0.0
0.0	0.0
0.0	0.079
0.0	0.0
0.0	0.0
0.0	0.0
-0.00011712915147654712	0.0
0.0	0.0
0.0	0.0
0.0	0.0
0.0	0.0
-0.001971080433577299	0.0
-0.00018100747547578067	0.0
-0.005375493783503771	0.0
0.0	0.0
0.0	1.0
0.0	1.0
0.0	0.0
-0.001565721700899303	0.0
0.0	1.0
0.0	0.0
0.0	0.0
0.0	0.0
-0.0015803237911313772	0.0
0.0	0.0
0.0	0.0
-0.000883743166923523	1.0
-0.0016745750326663256	0.0
-3.8047197392643284e-08	1.0
0.0	1.0
0.0	0.0
0.0	1.0
-8.678746235091239e-05	0.0
0.0	1.0
0.0	0.0
0.0	0.0
0.0	0.024
0.0	0.0
0.0	0.0
-0.06769169867038727	0.0
-0.0008015473722480237	0.0
0.0	0.0
-1.0139027835975867e-05	0.0
-0.0001598801463842392	0.0
0.0	0.0
-7.374167498852557e-09	0.0
-5.821528611704707e-05	0.0
0.0	0.0
-9.594076573193888e-07	0.0
0.0	0.0
0.0	0.0
-0.0007484913221560419	0.0
0.0	0.0
0.0	0.0
0.0	0.0
-2.0277937437640503e-05	0.0
-0.0010780906304717064	0.0
0.0	0.0
0.0	0.0
-3.912716504961278e-12	0.0
0.0	0.0
0.0	0.0
0.0	0.0
0.0	0.0
0.0	0.0
-3.571969864424318e-05	0.0
0.0	0.0
0.0	0.0
0.0	0.0
0.0	0.0
-5.304545993567444e-07	0.0
-0.0010310037760064006	0.685
-0.0024546529166400433	0.0
0.0	0.0
0.0	0.0
-0.0025422978214919567	0.685
0.0	0.0
0.0	0.0
0.0	0.0
-0.0032857172191143036	0.0
-8.197749679084154e-08	0.0
0.0	0.0
0.0	0.0
-0.00018499957513995469	0.0
0.0	0.0
0.0	0.0
-4.1884749890641615e-08	0.0
-1.8254911537951557e-07	0.0
0.0	0.0
-8.17187637003336e-12	0.0
0.0	0.0
-0.0002582887827884406	0.0
0.0	0.0
0.0	0.0
-4.0161543438443914e-05	0.0
0.0	0.0
0.0	0.0
0.0	0.0
-1.5806557712494396e-05	0.0
-1.4123392588771821e-07	0.0
0.0	0.0
0.0	0.0
0.0	0.0
-6.201648222736722e-11	0.0
0.0	0.0
0.0	0.0
-0.0023224065080285072	0.0
0.0	0.0
0.0	0.0
-0.0002208939113188535	0.0
0.0	0.0
0.0	0.0
-0.0013621258549392223	0.0
-0.0017935199430212379	0.0
0.0	0.0
-0.00012704097025562078	0.0
0.0	0.0
0.0	0.0
-1.2784234391591265e-15	0.0
-0.0013556515332311392	0.0
0.0	0.0
0.0	0.0
0.0	0.0
-0.00017435953486710787	0.0
-0.008281963877379894	0.0
0.0	0.0
-2.3135695300879888e-05	0.0
0.0	0.0
-0.001666090334765613	0.0
0.0	0.0
-3.2059552235175204e-10	0.0
-0.003906811121851206	0.0
-6.642516154897748e-07	0.0
-1.1212882395316131e-14	1.0
0.0	0.0
-0.0012650019489228725	0.0
-9.015608520712703e-05	0.0
0.0	0.0
-2.771809590740304e-07	0.0
-0.0019885010551661253	0.0
-0.0003205569228157401	0.0
0.0	0.0
0.0	1.0
0.0	0.0
-0.027319079264998436	0.0
0.0	1.0
-0.0014302573399618268	1.0
-0.00043345364974811673	1.0
0.0	1.0
0.0	0.0
-1.0030240815694924e-07	0.0
-9.580564437783323e-06	0.0
0.0	0.0
0.0	0.0
-0.00035439961357042193	0.0
0.0	0.0
-7.177693078119773e-06	0.0
0.0	0.0
-0.011274119839072227	0.0
-0.0021186023950576782	0.0
0.0	0.0
-2.542228321544826e-05	0.0
-0.007278094068169594	0.0
0.0	0.0
-1.78287154994905e-05	0.0
-0.00038281510933302343	0.0
0.0	0.0
0.0	0.0
0.0	0.0
-1.5201354131022526e-07	0.0
0.0	0.0
0.0	0.0
-4.657869467905584e-08	0.0
0.0	0.0
0.0	0.0
0.0	0.0
-4.634463834918279e-08	0.0
0.0	1.0
-0.00010880291665671393	0.0
-7.593027112307027e-05	0.0
0.0	0.0
-0.006338499020785093	0.0
0.0	0.0
0.0	0.0
-0.004677281714975834	0.0
0.0	0.0
-1.264948309653846e-06	0.0
-5.611566666630097e-05	0.0
0.0	0.0
-1.023780532705132e-05	0.0
0.0	0.0
-0.0011482591507956386	0.0
0.0	0.0
0.0	0.0
-4.841875579586485e-06	0.0
0.0	0.0
-0.0002175064873881638	0.0
0.0	0.0
0.0	0.0
-0.01142415963113308	0.0
-2.5005215675832915e-08	0.0
-0.005061031319200993	0.0
0.0	1.0
-0.0009512670221738517	1.0
0.0	0.0
0.0	1.0
0.0	0.0
0.0	1.0
0.0	0.0
0.0	0.0
0.0	0.0
-0.000340199563652277	1.0
0.0	1.0
0.0	0.0
0.0	0.0
0.0	0.0
0.0	0.0
-8.592674566898495e-05	0.0
-0.00048221947508864105	0.0
0.0	0.0
0.0	0.0
-1.8850511196433217e-07	0.0
0.0	0.0
0.0	0.0
0.0	0.0
0.0	0.0
-9.561557817505673e-06	0.0
0.0	0.0
0.0	0.0
0.0	0.0
0.0	1.0
0.0	0.0
-0.009321213699877262	0.0
0.0	0.00145985401459854
-0.0003136287850793451	0.0
0.0	0.0
-5.3502262744586915e-05	0.0
0.0	0.316
-0.02293572574853897	0.0
0.0	0.001
0.0	0.0
-0.001955583691596985	0.0
-9.99329699880036e-07	0.0
0.0	0.0
0.0	0.001
-0.0001769862719811499	0.0
-6.674193836486708e-11	0.0
-0.00014349084813147783	0.0
-0.004604927729815245	0.0
-0.0030288202688097954	0.001
0.0	0.001
-0.00985055323690176	0.0
-0.00021903077140450478	1.0
0.0	0.00145985401459854
0.0	0.001
-4.0850000715408896e-08	0.0
-0.000689943612087518	0.0
0.0	0.0
0.0	0.0
0.0	0.0
0.0	0.0
0.0	0.0
0.0	1.0
-2.621720386359466e-13	1.0
-0.00018518658180255443	0.0
0.0	1.0
0.0	0.0
-6.77985735819675e-06	0.0
-1.13120272260403e-07	0.0
0.0	0.0
0.0	0.0
0.0	0.0
-0.0005802990053780377	1.0
-0.0004609377356246114	0.0
0.0	1.0
-1.0650892363628373e-06	1.0
0.0	1.0
0.0	0.0
-1.4250013669059314e-10	0.0
0.0	1.0
0.0	0.0
-0.0004890933632850647	1.0
0.0	1.0
-1.008168570848511e-08	0.0
0.0	0.0
-3.938581665668961e-12	0.0
-0.00029744720086455345	0.0
0.0	0.0
0.0	0.0
0.0	1.0
-0.02869715914130211	0.0
0.0	0.0
0.0	0.0
0.0	0.0
0.0	0.0
0.0	0.0
-0.0026473437901586294	0.0
0.0	0.0
0.0	0.0
0.0	0.0
-4.099331363249803e-08	0.0
0.0	0.0
0.0	0.0
-0.0030304593965411186	0.0
-0.017815537750720978	0.0
0.0	0.0
0.0	0.0
0.0	0.0
-0.0013422640040516853	0.0
-0.0010652848286554217	0.0
-0.00035050875158049166	0.0
-0.0014949036994948983	0.0
0.0	0.0
0.0	0.0
0.0	0.0
-7.137751254049363e-06	0.0
-2.3657160113526882e-15	0.0
-0.008462646044790745	0.0
-1.8981377252202947e-06	0.0
0.0	0.0
-6.563655006175395e-07	0.0
0.0	0.0
0.0	0.0
0.0	0.0
0.0	0.0
0.0	0.0
0.0	0.0
0.0	0.0
-0.030352815985679626	0.0
-0.00011712295963661745	0.0
-0.005728263407945633	0.0
-0.0012704621767625213	0.0
-1.873987943989963e-12	0.0
-0.008039490319788456	0.0
-9.233655873686075e-06	0.0
0.0	0.0
0.0	0.0
-4.2359839426353574e-05	0.0
-4.717037154478021e-05	0.0
0.0	0.007
0.0	0.0
-0.006743097212165594	0.007
0.0	0.0
0.0	0.0
0.0	0.0
-6.229889095266117e-06	0.0
0.0	0.0
0.0	0.0
-0.0002181840973207727	0.0
0.0	0.0
0.0	0.0
0.0	0.0
0.0	0.0
-0.0002679960452951491	0.0
-0.0283571295440197	0.0
-0.0031191054731607437	0.0
0.0	0.0
-5.996869845148467e-07	0.006
-0.02038523368537426	0.006
-0.00485403323546052	0.0
0.0	0.0
0.0	0.0
-0.00013815853162668645	0.0
0.0	0.0
-0.00014034492778591812	0.0
-0.002793816849589348	0.0
0.0	0.0
0.0	0.0
0.0	0.0
0.0	0.0
0.0	0.0
-6.166168464716293e-09	1.0
-2.295096237503458e-06	1.0
-1.038906066241907e-05	0.0
-1.9063496438320726e-05	0.0
0.0	0.0
-3.811704424316886e-11	0.0
0.0	0.0
-6.359719972870437e-10	0.0
0.0	0.0
0.0	1.0
0.0	0.0
0.0	0.0
-0.00375741976313293	0.0
-0.011644809506833553	0.0
0.0	0.0
0.0	0.0
0.0	0.0
-0.009497157298028469	0.0
0.0	0.0
-3.7336943933041766e-05	0.0
0.0	0.0
0.0	0.0
0.0	0.0
-0.004028656519949436	0.0
0.0	0.0
0.0	0.0
0.0	0.0
0.0	0.0
-0.11806675046682358	0.0
0.0	0.0
0.0	0.0
0.0	0.0
0.0	0.0
-0.0018086256459355354	0.0
-0.0002582079032436013	0.0
0.0	0.0
0.0	0.0
-2.4854160074028187e-05	0.0
0.0	0.0
-5.854301434737863e-06	0.0
0.0	0.0
0.0	0.0
-0.0010340196313336492	0.0
0.0	0.0
0.0	0.0
0.0	0.0
0.0	0.0
-0.0005697206361219287	0.0
-0.00544072175398469	0.0
0.0	0.0
-0.00015252242155838758	0.0
-0.0008339874912053347	0.0
0.0	0.0
-5.471381882671267e-06	0.0
-1.5921677913866006e-05	0.0
0.0	0.0
-2.3972568669705652e-05	0.0
-1.3329373871329153e-07	0.0
0.0	0.0
-0.0003196716425009072	0.0
0.0	0.0
0.0	0.0
-0.02060224860906601	0.0
0.0	0.0
0.0	0.0
-0.000476241169963032	1.0
0.0	1.0
0.0	0.0
-6.361610793703676e-09	1.0
0.0	0.0
0.0	0.0
-0.00033901052665896714	0.0
0.0	0.0
0.0	0.0
0.0	0.0
0.0	0.0
0.0	0.0
0.0	0.0
0.0	0.0
-5.182440872886218e-05	0.0
-0.0030144175980240107	0.0
0.0	0.0
-3.375052983756177e-05	0.0
0.0	0.0
0.0	0.0
0.0	0.0
0.0	0.0
-0.0011848220601677895	0.0
-2.6479541702428833e-05	0.0
-2.0259762756325017e-09	0.0
-7.041708727228979e-08	0.0
0.0	0.0
-0.0027249243576079607	0.0
-1.8982569827130646e-06	0.0
0.0	0.01
-0.00017988195759244263	0.0
-3.3856917269758924e-08	0.01
0.0	0.0
0.0	0.0
0.0	0.01
-0.0001712942321319133	0.0
0.0	0.01
-0.0006911110831424594	0.0
0.0	0.0
0.0	0.0
-0.0015403958968818188	0.01
-4.774302215082571e-05	0.0
-2.3145090381149203e-05	0.0
-7.253309013321996e-05	0.0
-5.119588422530796e-06	1.0
-0.005022087134420872	0.0
-0.0007192805060185492	1.0
0.0	1.0
-0.002223998075351119	1.0
0.0	1.0
0.0	0.0
-5.456117264657223e-07	0.0
-5.2151328418403864e-05	0.0
0.0	0.0
0.0	0.0
0.0	0.0
-0.0003361533163115382	0.0
0.0	0.0
0.0	0.0
-5.129648798174458e-06	0.0
0.0	1.0
0.0	0.0
-0.0006211612490005791	0.0
0.0	0.0
0.0	0.0
0.0	0.0
0.0	0.0
0.0	0.0
0.0	0.0
-2.7019532353733666e-05	0.0
0.0	0.0
0.0	0.0
0.0	0.0
0.0	0.0
0.0	0.0
0.0	0.0
-2.3501039322582074e-05	0.0
0.0	0.0
0.0	0.0
-0.0020840619690716267	0.0
-0.00010816959547810256	0.0
0.0	0.0
-5.296127092435654e-09	0.0
-0.00015588336100336164	0.0
-0.0013712435029447079	0.0
0.0	0.0
0.0	0.0
-0.00028454948915168643	0.0
0.0	0.0
-0.0016530186403542757	0.0
-1.3275878529839247e-07	0.0
-0.007149604149162769	0.0
0.0	0.0
0.0	0.0
-3.715316779562272e-06	0.0
-0.012466908432543278	0.0
0.0	0.0
0.0	0.0
-0.003267513355240226	0.0
-0.0058960020542144775	0.0
-0.0005676745204254985	0.0
0.0	0.0
0.0	0.0
0.0	0.0
-1.6121504131660913e-09	0.0
0.0	0.0
0.0	0.0
0.0	0.0
-0.0007705954485572875	0.0
-0.0003203765081707388	0.0
-8.163134879168865e-08	0.0
-2.91433877031011e-10	0.0
0.0	0.0
-1.4971147720643785e-05	0.0
-0.00018292716413270682	0.0
-0.0001311993255512789	0.0
-0.00011025178537238389	0.0
-0.00018383604765404016	0.0
-2.1989160359225934e-07	0.0
0.0	0.0
0.0	0.0
0.0	0.0
0.0	0.0
0.0	0.0
-0.00044002311187796295	0.0
0.0	0.0
0.0	0.0
0.0	0.0
0.0	0.0
-0.00036521139554679394	0.0
0.0	0.0
-1.0332681995350868e-05	0.0
0.0	0.0
-0.060183245688676834	0.0
-2.9770857508992776e-05	0.0
-2.9693502767713653e-08	0.0
-0.0001361439353786409	0.0
-0.0018841383280232549	0.0
0.0	0.0
-3.048049279641418e-07	0.0
0.0	0.0
0.0	0.0
-4.16767534261453e-06	0.685
0.0	0.0
-0.0035176665987819433	0.0
0.0	0.685
0.0	0.0
-6.20894127223437e-07	0.0
-0.0010334517573937774	0.0
-0.0033127947244793177	0.0
0.0	0.0
0.0	0.0
-0.00031445102649740875	0.0
