0.0	0.0
0.0	0.001
-4.5406832214212045e-06	0.001
0.0	0.0
-0.0004821518959943205	0.0
0.0	0.001
0.0	0.001
0.0	0.001
-0.0003742061380762607	0.0
0.0	0.0
-1.9023906361326226e-07	0.0
0.0	0.001
0.0	0.0
0.0	0.001
-0.0068017966113984585	0.0
0.0	0.0
0.0	0.0
-0.0007642374839633703	0.0
0.0	0.0
0.0	0.0
0.0	0.0
0.0	0.0
0.0	0.0
-0.0031641097739338875	0.0
0.0	0.0
0.0	0.0
-0.0013696333626285195	0.001
-0.0005071171908639371	0.0
-0.011908827349543571	0.0
0.0	0.0
0.0	1.0
-0.0015134920831769705	0.0
0.0	0.0
0.0	0.0
0.0	1.0
-8.509089821018279e-05	1.0
0.0	0.0
0.0	0.0
0.0	0.0
-2.1421916244435124e-05	0.0
0.0	1.0
-2.1317933715181425e-05	1.0
-6.1681905243193835e-12	0.0
-5.229328507994069e-06	0.0
0.0	0.0
0.0	0.0
0.0	0.0
0.0	0.0
-0.0015035143587738276	0.0
-0.0034625569824129343	0.0
-0.000638863886706531	0.0
0.0	0.0
0.0	0.0
-6.744036454620073e-06	0.0
-5.997440894134343e-05	0.0
0.0	0.0
0.0	1.0
-0.0034730585757642984	0.0
-0.003857247531414032	0.0
-1.2067679335814319e-06	1.0
0.0	1.0
0.0	1.0
0.0	1.0
0.0	0.0
0.0	0.0
0.0	0.002
0.0	0.002
-0.00012055082333972678	0.0
0.0	0.0
-4.9970816462519e-07	1.0
0.0	0.0
0.0	1.0
-7.802243635524064e-05	0.0
-0.0013664541766047478	0.0
0.0	0.0
-0.000893387827090919	0.0
0.0	0.0
0.0	0.0
0.0	0.0
0.0	0.0
0.0	0.0
-0.000356627453584224	0.0
0.0	0.0
0.0	0.0
0.0	0.0
-0.0028915745206177235	0.0
0.0	0.0
0.0	0.0
-0.0035476703196763992	0.0
0.0	0.0
0.0	0.0
0.0	0.0
0.0	0.0
0.0	0.0
0.0	0.0
0.0	0.0
0.0	1.0
0.0	1.0
0.0	0.0
0.0	0.0
0.0	0.0
0.0	0.0
0.0	0.0
-0.0010128620779141784	0.0
0.0	0.0
0.0	0.0
0.0	0.0
0.0	0.0
-1.1508385355796236e-08	0.0
0.0	0.0
-0.003017749870195985	0.0
0.0	0.0
-3.456770718912594e-05	0.0
0.0	0.0
0.0	0.0
0.0	0.0
-0.0033447977621108294	0.0
0.0	0.0
-0.021123087033629417	0.0
0.0	0.0
0.0	0.0
0.0	0.0
0.0	0.0
0.0	0.0
0.0	0.0
-1.1417992773488095e-08	0.0
-0.0013241592096164823	0.0
-0.0030711940489709377	0.0
-0.00022375874686986208	0.0
0.0	0.0
-7.016158633632585e-06	0.0
0.0	0.0
-2.9517304938053712e-06	0.0
-0.004511713050305843	0.0
-0.008343958295881748	0.0
0.0	0.0
-0.00048730551498010755	0.0
-0.0019258386455476284	0.0
-0.0004744333273265511	0.0
0.0	0.0
0.0	0.0
0.0	0.0
-6.03680350153013e-09	0.006153846153846154
0.0	0.0
-0.012121506035327911	0.004
0.0	0.0
0.0	0.004
0.0	0.0
0.0	0.004
0.0	0.004
-0.0008971553179435432	0.004
-0.018396809697151184	0.0
0.0	0.004
0.0	0.0
-0.001324289944022894	0.004
0.0	0.0
-0.0005964143201708794	0.0
0.0	0.0
0.0	0.0
0.0	0.0
-0.003412628546357155	0.0
-0.00014423007087316364	0.0
0.0	0.0
0.0	0.0
0.0	0.0
0.0	0.0
-9.329349995823577e-05	0.0
0.0	1.0
0.0	0.0
0.0	0.0
-0.0004138904332648963	0.0
0.0	0.0
0.0	0.0
0.0	0.0
-3.5268649867248314e-07	0.0
-0.0009533234988339245	0.0
0.0	0.0
-0.00024579724413342774	0.0
0.0	0.0
0.0	0.0
0.0	0.0
-0.0007290134089998901	0.0
0.0	0.0
-0.001206143875606358	0.0
-2.1171728259439249e-10	0.0
0.0	0.0
0.0	0.0
0.0	0.0
-0.0006780207040719688	0.0
0.0	0.0
0.0	0.0
0.0	0.0
0.0	0.0
-2.48732199281676e-08	0.0
0.0	0.0
-0.011825953610241413	0.0
0.0	0.0
0.0	0.0
-0.005602944176644087	0.0
0.0	0.0
-3.6523109884001315e-05	0.0
0.0	0.0
-0.010642540641129017	0.0
0.0	0.0
-0.00016500518540851772	0.0
0.0	0.0
-0.00032569089671596885	0.0
-0.00023133635113481432	0.0
0.0	0.0
-4.000439446372184e-07	0.0
-2.8506556191132404e-06	0.0
-5.5518816225230694e-05	0.0
-0.007400882430374622	0.0
-0.00218756590038538	0.0
-5.091589173389366e-06	0.0
-0.0032099438831210136	0.0
-0.0002899112587329	0.0
0.0	0.0
0.0	0.0
0.0	0.0
0.0	0.0
0.0	0.0
0.0	0.0
0.0	0.0
0.0	0.0
0.0	0.0
0.0	0.0
0.0	0.0
0.0	0.0
-2.3419886474584928e-06	0.0
0.0	0.0
0.0	0.0
0.0	0.0
-8.404133404837921e-05	0.0
0.0	0.0
-8.334293397638248e-07	0.0
0.0	0.0
-0.006239129230380058	0.0
0.0	0.0
0.0	0.0
-0.00036479582195170224	0.0
-0.01080631185323	0.0
0.0	0.0
0.0	0.0
-2.019100520556094e-06	0.0
0.0	0.0
-6.67548420096864e-06	0.0
-1.6386347851948813e-06	0.0
0.0	0.0
0.0	0.0
0.0	0.0
0.0	0.0
0.0	0.0
-3.700354864122346e-05	0.0
0.0	0.0
0.0	0.0
0.0	0.0
0.0	0.0
0.0	0.0
0.0	1.0
-9.855829557636753e-05	0.0
0.0	0.0
-0.00013075521565042436	1.0
0.0	1.0
-7.425757212331519e-05	0.0
-0.010400609113276005	0.0
-0.005047988146543503	0.0
-2.0245664700269117e-07	1.0
0.0	0.0
0.0	0.0
-6.626942922594026e-05	0.0
0.0	0.0
-0.0005220022285357118	0.0
0.0	0.0
0.0	0.0
0.0	0.0
-0.008110642433166504	0.0
0.0	0.0
0.0	0.0
0.0	0.0
0.0	0.0
-0.01064268033951521	0.0
0.0	0.0
-2.523085962380378e-09	0.0
-0.00023707293439656496	0.0
-4.963364386156854e-09	0.0
0.0	0.0
0.0	0.0
0.0	0.0
0.0	0.0
0.0	0.0
0.0	0.0
0.0	0.0
0.0	0.0
0.0	0.0
-2.6070658350363374e-05	0.0
0.0	0.0
0.0	0.0
0.0	0.0
-0.0002537426189519465	0.0
0.0	0.0
0.0	0.0
0.0	1.0
-9.336622497357894e-06	0.0
-0.0003121898917015642	1.0
-0.00019379128934815526	0.0
0.0	0.0
0.0	0.0
-1.186986509082999e-08	0.0
0.0	0.0
-0.00035788712557405233	0.0
0.0	0.0
0.0	0.0
0.0	0.0
0.0	0.0
0.0	0.0
-0.0009308587177656591	0.0
0.0	0.0
-8.07588094176026e-06	0.0
-0.0001582664845045656	0.0
0.0	0.0
-2.7942805900238454e-06	0.0
0.0	1.0
-6.325266440398991e-05	0.0
-0.004861339461058378	0.0
0.0	0.0
-0.001366235432215035	0.0
0.0	0.0
0.0	0.0
0.0	0.0
0.0	0.0
0.0	0.0
0.0	0.0
-1.8655430977787546e-08	0.0
-0.002675503259524703	0.0
0.0	0.0
-3.0748235531063983e-06	0.0
0.0	0.0
0.0	0.0
-9.5079526474251e-09	0.0
-0.0007427094969898462	0.0
0.0	0.0
0.0	0.0
0.0	0.0
0.0	0.0
-0.0005615526461042464	0.0
-3.743202978512272e-05	0.0
0.0	0.0
0.0	0.0
-0.0007071297732181847	0.0
-4.4403157517081127e-05	0.0
-0.0017768057296052575	0.0
0.0	0.0
0.0	0.0
-3.381705028004944e-05	0.0
-0.0017933821072801948	0.0
-2.153304376406595e-05	0.0
0.0	0.0
0.0	0.0
0.0	0.0
0.0	0.0
0.0	0.0
-0.0003863003512378782	0.0
0.0	0.0
0.0	0.005
0.0	0.0
0.0	0.0
-5.8589500895323e-07	0.005
-0.02284468151628971	0.0
0.0	0.0
0.0	0.0
0.0	0.0
0.0	0.005
-1.1371355867595412e-05	0.0
-1.142890937444463e-06	0.005
0.0	0.0
0.0	0.0
0.0	0.0
0.0	0.0
0.0	0.0
0.0	0.0
0.0	0.0
0.0	0.0
0.0	0.0
0.0	0.0
0.0	0.0
0.0	0.019
0.0	0.0
0.0	0.019
0.0	0.0
0.0	0.019
0.0	0.0
0.0	0.0
0.0	0.0
0.0	0.0
-0.0067619443871080875	0.0
-5.537710239877924e-05	0.0
-1.7411207409168128e-06	0.0
0.0	0.0
-3.97201188606644e-10	0.0
-0.000541165703907609	0.0
-0.0032907051499933004	0.0
0.0	0.0
0.0	0.0
-0.00039861700497567654	0.0
0.0	0.0
0.0	0.0
0.0	0.0
-0.0006255768239498138	0.0
0.0	0.0
-1.1160355306572e-08	0.0
0.0	1.0
0.0	1.0
0.0	0.0
-0.0004347054345998913	1.0
-8.364046152564697e-06	0.0
-0.00022214600176084787	0.0
0.0	0.0
-2.22383079062638e-07	0.0
0.0	0.0
-1.1763735818792753e-11	0.0
0.0	0.0
0.0	0.0
0.0	0.0
0.0	0.0
0.0	0.0
-3.074275127801229e-07	0.0
-2.7087939088232815e-05	0.0
-0.00046092155389487743	0.0
0.0	0.0
-9.31004251469858e-06	0.0
-0.002607460832223296	0.0
0.0	0.0
0.0	0.0
-0.0006925021298229694	0.0
-8.004379196790978e-06	0.0
0.0	0.0
-9.972058023777208e-07	0.0
-4.5805183617630973e-05	0.0
-0.0001462193176848814	0.0
0.0	0.0
0.0	0.0
0.0	0.0
-3.20163817377761e-05	0.0
0.0	0.0
-0.004683063831180334	0.0
0.0	0.0
0.0	0.0
0.0	0.0
0.0	0.0
-2.84039060716168e-07	0.0
0.0	0.0
-0.00114960758946836	0.0
0.0	0.0
0.0	0.0
0.0	0.0
0.0	0.0
0.0	0.0
-0.00013009774556849152	0.0
0.0	0.0
-1.7823900634539314e-05	0.0
-4.259262368577765e-06	0.0
-0.0003705365234054625	0.0
0.0	0.0
0.0	0.0
0.0	0.0
-3.185690729878843e-05	0.0
0.0	0.0
-0.0010737827979028225	0.0
-1.6367025068575458e-07	0.0
-0.0015480603324249387	0.0
-0.002687981352210045	0.0
0.0	0.0
-0.001198406214825809	0.0
-0.0006412634975276887	0.0
0.0	0.0
0.0	0.0
-0.0010449326364323497	0.0
0.0	0.0
-0.0006073281983844936	0.0
-0.0237799771130085	0.0
0.0	0.0
0.0	0.0
0.0	0.0
0.0	0.0
0.0	0.0
-0.0016197364311665297	0.0
-0.0006727958680130541	0.0
0.0	1.0
0.0	0.0
-0.003911044914275408	0.044
-6.015884082444245e-06	0.0
0.0	0.0
-0.002427139086648822	0.0
0.0	0.0
0.0	0.0
0.0	0.793
0.0	0.793
0.0	0.793
0.0	0.0
-0.0014224270125851035	0.0
0.0	0.793
0.0	0.0
0.0	0.0
0.0	0.0
-3.501644096104428e-05	0.0
0.0	0.0
-1.1535495332282153e-06	0.0
0.0	0.0
0.0	0.0
-7.649188837888232e-09	0.0
0.0	0.0
0.0	0.003
0.0	0.0
-8.50670039653778e-06	0.0
0.0	0.0
-1.487954068579711e-05	0.0
0.0	0.0
-0.0005327016115188599	0.0
-0.00011110505147371441	0.0
-5.1209048251621425e-05	0.0
-5.4734286095481366e-05	0.0
0.0	0.0
0.0	0.0
0.0	0.0
-0.00012742719263769686	0.0
0.0	0.0
0.0	0.0
-0.00020460135419853032	0.0
-0.00369513058103621	0.0
-0.004020915366709232	0.0
0.0	0.0
-1.893291118904017e-05	1.0
0.0	0.0
-1.2344798051344696e-05	0.0
-2.1405367078841664e-06	0.0
0.0	1.0
0.0	1.0
-0.0017825025133788586	0.0
0.0	0.0
-0.00021367569570429623	1.0
-0.0026515359058976173	0.0
-0.00476110028102994	0.0
-4.606967607401202e-08	1.0
0.0	0.0
0.0	0.0
-0.0005504690343514085	0.0
-5.995375573775164e-08	0.0
0.0	0.0
0.0	0.0
0.0	0.0
0.0	0.0
-0.010727424174547195	0.0
-4.798468467015482e-07	0.0
0.0	0.0
-0.0001412221899954602	0.0
-0.010453345254063606	0.0
-1.4568334039122277e-10	0.0
-0.0001449206320103258	0.0
0.0	0.0
-0.010304979979991913	0.0
0.0	0.0
-6.6983320721192285e-06	0.0
-3.0123856049613096e-05	0.0
0.0	0.0
-0.005208096466958523	0.0
0.0	0.0
0.0	0.0
0.0	0.0
0.0	0.0
0.0	0.0
0.0	1.0
-4.4071108277421445e-05	1.0
0.0	0.0
0.0	0.0
-0.0021997701842337847	0.0
-0.0013828816590830684	0.0
-4.886024385086785e-07	0.0
-0.00020798901095986366	0.0
0.0	0.0
-0.0008209730149246752	0.0
0.0	0.0
0.0	1.0
0.0	1.0
0.0	1.0
-1.951413919343281e-09	1.0
0.0	0.0
-0.0002642264880705625	0.0
0.0	0.0
0.0	0.0
-0.0022221722174435854	0.0
0.0	0.0
-0.03416028991341591	0.0
0.0	0.0
0.0	0.0
-0.0010011576814576983	0.0
0.0	0.0
-3.63642811862519e-06	0.0
0.0	0.0
-0.00019940975471399724	0.0
-0.00023782005882821977	0.0
0.0	0.0
0.0	0.0
0.0	0.0
-0.0012469779467210174	0.0
0.0	0.0
-2.418373469481594e-06	0.0
0.0	0.0
0.0	0.0
-1.2361957715256722e-06	0.0
-0.02122326008975506	0.0
-1.6277788145169225e-11	1.0
0.0	1.0
0.0	0.0
0.0	0.0
0.0	0.0
-0.0009009332861751318	0.0
0.0	1.0
0.0	0.0
0.0	0.0
-0.004255053587257862	0.0
-6.839903932132074e-08	0.0
0.0	0.0
0.0	0.0
0.0	0.0
0.0	0.0
-0.006005205679684877	0.0
-8.358209015568718e-05	0.0
0.0	0.0
0.0	0.0
-1.300071961196636e-08	0.0
-4.3204545363551006e-05	0.0
-4.707565608441655e-07	0.0
-0.011363538913428783	0.0
0.0	0.0
-0.0012030934449285269	0.0
0.0	0.0
0.0	0.0
0.0	0.0
0.0	0.0
-0.0029129229951649904	0.0
0.0	0.0
0.0	0.0
0.0	0.0
0.0	0.0
0.0	1.0
-0.000327746121911332	0.0
0.0	0.0
0.0	1.0
0.0	0.0
0.0	0.0
0.0	0.0
0.0	0.0
0.0	0.0
0.0	0.006
-0.004603731445968151	0.0
0.0	1.0
0.0	1.0
0.0	0.0
0.0	0.0
0.0	0.0
0.0	0.0
-0.0005363289965316653	0.0
0.0	0.0
-6.033019417372998e-06	0.0
0.0	0.0
0.0	0.0
0.0	0.0
-0.004484342411160469	0.0
-1.1806279871962033e-05	0.0
0.0	0.0
0.0	0.0
-0.014507651329040527	0.0
-1.0026063819168485e-06	0.0
-4.763565812027082e-06	0.0
0.0	0.0
0.0	0.0
0.0	0.0
-0.0006895324913784862	0.0
-0.00965459831058979	0.0
0.0	0.0
0.0	0.137
0.0	0.0
-4.907313723379048e-06	0.0
-0.00012987511581741273	0.0
-0.0005412651808001101	0.002
-7.38005345723991e-09	0.002
0.0	0.002
-7.526973604399245e-07	0.0
-0.005129371769726276	0.0
0.0	0.0
0.0	0.0
-0.024279937148094177	0.0
-3.287366052973084e-05	0.0
-9.374614393141759e-14	0.0
0.0	1.0
-0.0004375512362457812	1.0
0.0	0.0
0.0	0.0
-7.353470721227495e-08	0.0
0.0	0.0
0.0	0.0
0.0	0.0
0.0	0.0
0.0	0.0
-0.007433576975017786	0.0
0.0	0.0
-0.00011527310562087223	0.0
-1.1236031241423916e-05	0.0
0.0	0.079
0.0	0.0
0.0	0.0
0.0	1.0
0.0	0.0
-1.882139777364955e-09	0.0
0.0	0.0
-1.319749087791422e-09	0.0
-1.0163551222774145e-20	0.0
0.0	0.0
-0.000578491308260709	0.0
0.0	1.0
-7.719400119121644e-10	1.0
-2.0134342193500743e-08	0.0
-1.1704959490543843e-07	0.0
-0.002303113229572773	0.0
0.0	0.0
0.0	0.0
-0.004336570855230093	0.0
-0.010105177760124207	0.0
-2.782047158689238e-05	0.0
0.0	0.0
-1.6041608010474925e-14	0.0
-3.632811058196239e-05	0.0
0.0	0.0
0.0	0.0
0.0	0.0
-0.0003801510902121663	0.0
-7.356685728154844e-06	0.0
-0.0025737304240465164	0.0
-1.0679349543352146e-05	0.0
0.0	0.0
-0.00014571379870176315	0.0
0.0	0.0
-6.206404214026406e-05	0.0
-0.0001766773493727669	0.0
0.0	0.0
-0.00925367046147585	0.0
-4.1568112240351635e-15	0.0
0.0	0.0
-0.003108235774561763	0.0
0.0	0.0
0.0	0.0
0.0	0.0
0.0	0.0
0.0	0.0
0.0	0.0
-0.005113721825182438	0.0
0.0	0.0
0.0	1.0
0.0	0.0
0.0	1.0
0.0	1.0
0.0	1.0
0.0	1.0
0.0	0.0
0.0	1.0
-6.732851716151345e-07	1.0
-5.421383320936002e-06	1.0
0.0	0.0
-8.890000572137069e-06	0.0
0.0	0.0
-8.844887634040788e-05	0.0
-0.009787828661501408	0.0
-0.0001424326910637319	0.006
0.0	0.006
0.0	0.0
0.0	0.0
-0.00018011510837823153	0.0
-0.0007113288738764822	0.0
-0.004219352267682552	0.0
-0.0005942374118603766	0.0
0.0	0.0
-0.00019950870773755014	0.0
0.0	0.0
-0.0009922838071361184	0.0
0.0	1.0
-2.5248323397286665e-12	1.0
0.0	1.0
0.0	0.0
0.0	0.0
0.0	1.0
0.0	0.0
-1.143835248740288e-08	0.0
0.0	0.0
0.0	0.0
0.0	0.0
0.0	0.0
-0.0030797021463513374	0.0
0.0	0.0
-0.0030290649738162756	0.0
0.0	0.0
-0.0030595913995057344	0.0
0.0	0.0
0.0	0.0
0.0	0.009
0.0	0.0
0.0	0.009
0.0	0.0
0.0	0.0
-1.1948124267746607e-07	0.0
0.0	0.0
-7.66871016821824e-06	0.0
0.0	0.0
-2.172489075746853e-05	0.0
0.0	0.0
-1.3391988906708008e-11	0.0
0.0	0.0
0.0	0.0
0.0	0.0
-0.0047477358020842075	0.0
0.0	0.0
0.0	0.0
-0.002704354003071785	0.0
0.0	0.0
0.0	0.0
0.0	0.0
0.0	0.0
0.0	0.0
0.0	0.0
0.0	0.0
0.0	0.0
-9.775980288395658e-06	0.0
0.0	0.0
0.0	0.0
-0.00035006756661459804	0.0
0.0	0.0
0.0	0.0
-2.892466284265538e-07	0.0
0.0	0.0
-0.000680187193211168	0.0
-0.002225171774625778	0.0
0.0	0.0
-2.835154919011984e-05	0.0
-0.0007960591465234756	1.0
0.0	1.0
-0.0007185242138803005	1.0
0.0	1.0
0.0	0.0
0.0	0.0
-0.00035012749140150845	0.0
-0.0005679105524905026	0.0
-2.263034366478678e-05	0.0
0.0	0.0
-4.9948923219744756e-08	0.0
0.0	0.0
0.0	0.0
0.0	0.0
-0.0005490977200679481	0.0
0.0	0.0
-4.7176663429127075e-06	0.0
0.0	1.0
-0.0006355580990202725	0.0
0.0	0.0
0.0	0.0
-0.027329126372933388	0.0
0.0	0.0
-2.6196141334366985e-05	0.0
-7.298353352780396e-07	0.0
-0.0017804458038881421	0.0
0.0	0.0
-0.00035298222792334855	0.0
0.0	0.0
0.0	0.0
0.0	0.0
0.0	0.0
0.0	0.0
-3.0647818221041234e-06	0.0
0.0	0.0
0.0	0.0
-0.022929375991225243	0.0
0.0	0.0
0.0	0.0
0.0	0.0
-5.838828656123951e-05	0.0
0.0	1.0
0.0	0.0
-0.0011610242072492838	0.0
-4.0008944779401645e-06	0.0
-4.344591616245452e-06	0.0
-0.0005030148313380778	0.0
0.0	0.0
0.0	0.0
0.0	0.0
-1.4438952348427847e-05	0.0
0.0	0.0
-3.0464470910374075e-05	0.0
0.0	0.0
0.0	0.0
-0.0003545100043993443	0.0
0.0	0.0
-0.025793373584747314	0.0
0.0	0.058
0.0	0.0
-4.715664545074105e-05	0.0
0.0	0.0
0.0	0.0
0.0	0.0
0.0	0.0
-0.003482897998765111	0.0
-6.934870011576777e-09	0.0
-3.160759121101364e-08	0.0
-4.661505954572931e-07	0.0
0.0	0.0
0.0	0.0
-5.1264574807419194e-08	0.0
-0.004363684915006161	0.0
-0.0014455767814069986	0.0
-0.0026726473588496447	0.0
0.0	0.0
0.0	0.0
0.0	0.0
0.0	0.0
-0.009945286437869072	0.0
-0.001162744127213955	0.0
-0.002609419636428356	0.0
-0.0011087815510109067	0.0
0.0	0.0
