-2.855237880794448e-06	0.0
0.0	0.0
0.0	0.0
0.0	0.0
0.0	0.0
-0.00016191475151572376	0.003
0.0	0.0
-0.0009295626077800989	0.0
0.0	0.0
-1.5954252376104705e-05	0.003
0.0	0.0
-0.000947969441767782	0.003
0.0	0.003
0.0	0.003
0.0	1.0
-4.263797563908156e-06	0.003
-9.905055776471272e-05	0.0
0.0	0.0
-5.34255626405411e-08	0.0
-5.942590178165119e-06	0.0
0.0	0.0
-1.8390643174992505e-10	0.0
-7.979750080266967e-05	0.0
0.0	0.0
0.0	0.0
0.0	0.0
-0.0004313114914111793	0.0
0.0	0.0
-0.0017337704775854945	0.0
0.0	0.0
0.0	0.0
0.0	0.0
-0.0033577810972929	0.0
-0.001960642170161009	0.0
-1.0342203040636377e-06	0.0
0.0	0.0
-2.1496592700342987e-11	0.0
0.0	0.0
0.0	0.0
0.0	0.0
0.0	0.0
0.0	0.0
0.0	0.0
0.0	0.0
0.0	0.0
0.0	0.0
0.0	0.0
0.0	0.0
-3.688405922730453e-05	0.0
0.0	0.0
0.0	0.0
0.0	0.0
0.0	0.0
0.0	0.0
0.0	0.0
0.0	0.0
-3.5161101550329477e-05	0.0
0.0	0.0
-0.002449953928589821	0.0
0.0	0.0
-4.287236166078401e-08	0.0
0.0	0.0
0.0	0.0
-1.46184238474234e-05	0.0
-0.003026538295671344	0.0
0.0	0.0
0.0	0.0
-1.7668239138401987e-07	0.0
-3.358654865337485e-08	0.0
0.0	0.0
-0.0002835493069142103	0.0
0.0	0.0
-4.4580287067219615e-05	0.0
-0.009531443938612938	0.0
0.0	0.0
-4.28362136517535e-06	0.0
-3.739004331843043e-12	0.0
0.0	0.0
0.0	0.0
-0.00011360578355379403	0.0
0.0	0.0
-0.022767826914787292	0.0
0.0	0.0
-0.006460433825850487	0.0
0.0	0.0
-0.00016253581270575523	0.0
0.0	0.0
-4.4062375081921346e-07	0.0
0.0	0.0
0.0	0.0
-0.00020399554341565818	1.0
0.0	0.0
0.0	0.0
-0.0001295414986088872	1.0
-7.845510481274687e-06	0.0
-1.3211494660936296e-05	1.0
0.0	1.0
0.0	1.0
0.0	1.0
0.0	0.0
0.0	0.0
-7.2784498428291045e-09	0.0
0.0	0.0
0.0	0.0
0.0	0.0
-0.05802326649427414	0.0
-2.1281197405187413e-05	0.0
0.0	1.0
-0.022517062723636627	0.0
0.0	0.0
0.0	0.0
-0.00010698960977606475	0.0
-6.5609860939730424e-06	0.0
0.0	0.0
0.0	0.0
0.0	0.0
0.0	0.0
0.0	0.0
-1.0766912535153939e-11	0.0
-0.0008398645441047847	0.006
0.0	0.006
-3.4468328522052616e-05	0.0
0.0	0.006
-0.0003311165201012045	0.0
-5.081155541120097e-05	0.0
0.0	0.0
-0.0003472865791991353	0.0
0.0	0.0
-6.0006764215359e-06	0.0
0.0	0.0
-9.537699270367739e-07	0.0
-4.061103595631721e-07	0.0
-1.2181151269954893e-12	0.0
0.0	0.0
0.0	0.0
0.0	0.0
0.0	0.0
0.0	0.0
-1.3583400897132503e-11	0.0
0.0	0.0
-1.4411912161449436e-05	1.0
0.0	0.0
-0.0001227780303452164	0.0
-0.00019499839982017875	0.0
0.0	0.0
0.0	0.0
-1.4725898154210881e-06	0.0
-0.0012762700207531452	0.0
-0.0008389106369577348	0.0
-0.0011819242499768734	0.0
0.0	0.0
-7.432739221258089e-05	0.0
0.0	0.0
0.0	0.0
0.0	0.0
0.0	0.0
-0.0008952289936132729	0.0
-5.032626722822897e-05	0.0
0.0	0.0
0.0	0.0
-1.1656678680083132e-06	0.0
-0.00015287472342606634	0.0
-4.777076355821919e-06	0.0
0.0	0.0
0.0	0.0
0.0	0.0
0.0	0.0
0.0	0.0
-0.00023328991665039212	0.0
0.0	0.0
-0.00022533052833750844	0.0
-5.303580473992042e-05	0.0
0.0	0.0
0.0	0.0
0.0	0.0
0.0	1.0
-0.00014421518426388502	0.0
0.0	1.0
0.0	0.0
-2.788850530718867e-12	1.0
0.0	0.0
-0.0001508153509348631	1.0
-8.841651037982956e-07	0.0
0.0	1.0
0.0	0.0
-0.0025681324768811464	0.0
0.0	0.0
0.0	1.0
0.0	0.0
0.0	0.0
-0.0013617678778246045	0.0
-0.06289339810609818	0.0
0.0	0.0
0.0	0.0
0.0	0.0
0.0	0.0
0.0	0.0
-0.002920763101428747	0.0
0.0	0.0
0.0	0.0
0.0	0.0
-0.0022732496727257967	0.0
0.0	0.0
-0.0003046682686544955	0.0
0.0	0.0
-0.005960442125797272	0.0
0.0	0.0
-9.416915418114513e-06	0.0
-4.710683398911897e-09	0.0
0.0	0.0
-6.967665285628755e-06	0.0
0.0	1.0
-0.00020570836204569787	0.0
0.0	1.0
-0.00013974095054436475	1.0
0.0	1.0
-8.39220083435066e-05	0.0
0.0	0.0
0.0	0.0
-1.6363135728170164e-05	0.0
0.0	0.0
-4.1231749491998926e-05	0.0
-0.0019266816088929772	0.0
-9.580241567164194e-06	0.0
0.0	0.0
-0.0033279890194535255	0.0
-1.7718537492328323e-05	0.0
0.0	0.0
-2.6788564355229028e-05	0.0
-0.01869211532175541	0.0
-2.0622615920729004e-05	0.0
0.0	0.0
0.0	0.0
0.0	0.0
0.0	0.0
-1.4097087212838755e-12	0.0
0.0	0.0
0.0	0.0
-0.0004199925169814378	0.0
-0.0652439147233963	0.0
0.0	0.0
0.0	0.002
0.0	0.002
0.0	0.0
-2.3580518245580606e-05	0.0
-2.1423149519250728e-05	0.0
-0.006229574326425791	0.002
0.0	0.0
0.0	0.0
0.0	0.0
0.0	0.0
-0.001126522896811366	0.0
0.0	0.002
0.0	0.0
0.0	0.0
0.0	0.0
-0.0024748672731220722	0.0
0.0	0.003
-0.00010022494825534523	0.003
0.0	0.0
-0.0002033246710198	0.0
-1.6981471784305313e-09	0.0
-1.3681625819252086e-13	0.0
-1.2582768249558285e-05	0.0
-0.004819039721041918	0.0
0.0	0.0
-0.0022355972323566675	0.003
-0.0037397348787635565	0.0
0.0	0.001
0.0	0.0
0.0	0.0
-0.005463283974677324	0.0
0.0	0.0
-3.944213403883623e-06	0.0
-0.004655872471630573	0.0
0.0	0.0
-0.004724874626845121	0.0
0.0	0.0
0.0	0.0
0.0	0.0
-0.001619021873921156	0.0
0.0	0.0
0.0	0.0
0.0	0.0
0.0	0.0
-8.248064453653114e-09	0.0
-0.0012048380449414253	0.0
-0.00047878993791528046	0.0
-4.107842599410105e-08	0.0
-2.5295919840573333e-05	0.0
0.0	0.0
0.0	0.0
-0.00023540588153991848	0.0
-2.57405680104128e-10	0.0
-5.6927005061879754e-05	0.0
-0.007241775281727314	0.0
0.0	0.0
0.0	0.0
0.0	0.0
0.0	0.0
-0.00018838107644114643	0.0
-2.117159601766616e-05	0.0
0.0	0.0
0.0	0.0
0.0	0.0
0.0	0.0
-3.313632259960286e-05	0.0
-0.00010240489064017311	0.0
-4.5948063132073e-09	0.002
0.0	0.0
0.0	0.0
0.0	0.005
-3.4219826972048395e-10	0.17386934673366833
-1.5946986877679592e-06	0.0
0.0	0.173
-4.417607215145836e-06	0.0
0.0	0.173
-0.0013868056703358889	0.0
-0.0007596180657856166	0.0
0.0	0.0
0.0	0.0
0.0	0.0
-0.018543029204010963	0.0
0.0	0.0
-5.9907273680437356e-05	0.0
0.0	0.0
-5.958921246929094e-05	0.0
0.0	0.0
0.0	0.0
-0.00021180878684390336	0.0
0.0	0.0
-5.069384314992931e-06	0.0
0.0	0.0
0.0	1.0
-0.0009920302545651793	0.0
0.0	0.0
-0.0059608109295368195	0.0
0.0	0.0
-1.499296970212602e-13	0.0
-1.2432010407792404e-05	0.0
-0.029676685109734535	0.0
-2.410227170912549e-05	0.323
-0.0018308149883523583	0.0
0.0	0.0
-3.244165611704375e-07	0.0
-0.000272425968432799	0.0
0.0	0.0
0.0	0.0
-2.3564605726278387e-05	0.0
-1.7056325264500522e-16	0.0
0.0	0.0
-0.002813470782712102	0.0
0.0	0.0
-0.00025061139604076743	0.0
-0.0006601745262742043	0.0
-0.00023607439652550966	0.0
0.0	0.0
-0.001111476682126522	0.0
0.0	0.0
0.0	0.0
-1.3349111895877286e-06	0.0
0.0	0.0
0.0	0.0
0.0	0.0
0.0	0.0
-0.0003425101167522371	0.0
-0.0005188619834370911	0.0
0.0	1.0
0.0	0.0
0.0	0.0
-0.0016903708456084132	0.0
-0.002566226525232196	0.0
0.0	0.0
-0.00035784102510660887	0.0
0.0	0.0
-7.563293183920905e-05	0.0
-0.0005600104341283441	0.0
-0.0010947678238153458	0.0
-5.219760623731418e-06	0.0
0.0	0.0
-0.0005685266805812716	0.0
-0.0019099035998806357	0.0
0.0	0.0
0.0	0.0
0.0	0.0
-0.0006432813825085759	0.0
-0.00039176855352707207	0.0
0.0	0.0
-1.0378656867260361e-07	0.0
0.0	0.0
0.0	0.0
0.0	0.0
0.0	0.0
-3.95629484728488e-07	0.0
-1.5056776646815706e-05	0.0
-0.0007118770736269653	0.0
-7.624983595633239e-07	0.0
0.0	0.0
0.0	0.0
0.0	0.0
-0.0034615416079759598	0.0
0.0	0.0
-0.0011693384731188416	0.0
-0.00668971985578537	0.0
-1.0291612397850258e-06	0.0
0.0	0.0
0.0	0.0
0.0	0.0
0.0	0.0
-1.4661892237199936e-05	0.0
-0.0016874974826350808	0.0
-9.740425133131225e-10	0.0
-9.982358273319392e-10	0.0
0.0	0.0
-5.65022963312789e-13	0.0
0.0	0.0
0.0	0.0
0.0	0.0
0.0	0.0
-0.0001687546173343435	0.0
0.0	0.0
0.0	0.0
0.0	0.0
0.0	0.0
-0.00029446487314999104	0.0
-0.0031046124640852213	0.0
-0.006386416498571634	0.0
0.0	1.0
0.0	0.0
-1.976649510737616e-09	0.0
-2.725327931329957e-06	0.0
0.0	0.0
0.0	0.0
0.0	0.0
0.0	0.0
0.0	0.0
-0.0030632498674094677	0.0
0.0	0.0
0.0	0.0
-8.696235909155803e-07	0.0
0.0	0.0
0.0	0.0
0.0	0.0
-0.0008851183811202645	0.0
0.0	0.0
0.0	0.0
0.0	0.0
0.0	0.002
0.0	0.002
0.0	0.0
-0.0009543805499561131	0.0
0.0	0.0
0.0	0.002
0.0	0.002
-2.6177631585441773e-15	0.002
0.0	0.0
-0.0004840808396693319	0.0
0.0	0.0
0.0	0.0
0.0	0.0
0.0	0.0
0.0	0.0
-0.0004946609842590988	0.0
0.0	0.0
-0.00549191702157259	0.0
-3.306524740764871e-05	0.0
-0.007020558696240187	0.0
0.0	0.0
0.0	0.0
-0.0005259918980300426	0.0
-2.8200322503835196e-06	0.0
0.0	0.0
0.0	0.0
-0.00045351500739343464	0.0
0.0	0.0
-0.00044430120033212006	0.0
-3.6772526073036715e-05	0.0
0.0	0.0
0.0	0.0
0.0	0.0
-0.0026209126226603985	0.0
-0.013345714658498764	0.0
0.0	0.0
0.0	0.0
0.0	0.0
-1.541511846880894e-05	0.0
-0.004256803076714277	0.0
-0.0009431392536498606	0.0
0.0	0.0
0.0	0.0
0.0	0.0
-1.7195377566281422e-08	0.0
-0.0016211410984396935	0.0
0.0	0.0
0.0	0.0
-4.500067518620199e-07	0.0
0.0	1.0
-6.009343906043796e-06	1.0
0.0	0.0
0.0	0.0
0.0	0.0
-0.0005273068672977388	0.0
-7.155084313126281e-05	0.0
0.0	0.005
-4.906312096863985e-05	0.0
0.0	0.0
0.0	0.0
-0.012961694970726967	0.0
0.0	0.0
0.0	1.0
0.0	0.0
-0.012464801780879498	0.0
-7.671636922168545e-06	0.0
-0.0009196142782457173	0.0
0.0	0.0
0.0	0.0
-5.9998046708642505e-06	0.0
0.0	0.0
0.0	0.0
-0.0029861642979085445	0.0
-4.3077420741610695e-06	0.0
-7.727812203484064e-07	0.0
-0.0013700303388759494	0.0
0.0	0.0
-2.80830718679681e-08	0.0
-0.0005398227367550135	0.0
-1.3937506260219834e-08	0.0
0.0	0.0
0.0	0.0
-0.005163826048374176	0.0
-0.003148414893075824	0.0
-2.147057057300117e-05	0.0
0.0	0.0
0.0	0.0
0.0	0.0
-0.0016261799028143287	0.0
0.0	0.0
0.0	0.0
0.0	0.0
0.0	0.0
0.0	0.0
-0.007012403570115566	0.0
0.0	0.0
0.0	0.0
-3.224439026894288e-08	0.0
0.0	0.0
-0.0021273274905979633	0.0
0.0	0.0
0.0	0.0
0.0	0.0
-0.001881041331216693	0.0
-0.002373049734160304	0.0
0.0	0.0
-0.025140151381492615	0.0
0.0	0.0
0.0	0.0
-2.4526400466129417e-06	1.0
-2.4162088996249054e-11	0.0
-0.0010235713561996818	0.0
0.0	0.0
-0.007056035101413727	0.0
-0.006925790570676327	0.0
0.0	0.0
-0.006553741171956062	0.0
-2.8904767646054097e-07	0.0
0.0	0.0
0.0	0.0
0.0	0.0
0.0	1.0
0.0	0.0
0.0	0.0
0.0	0.0
0.0	0.002
0.0	0.002
-1.853358480730094e-05	0.0
0.0	0.0
0.0	0.019
-0.0006589550757780671	0.019
0.0	0.019
0.0	1.0
0.0	0.0
0.0	1.0
0.0	0.0
0.0	0.0
-0.00035710353404283524	1.0
0.0	1.0
-0.008070571348071098	0.0
-0.0013399046147242188	0.002
0.0	0.0
0.0	0.002
0.0	0.002
-0.01263568364083767	0.002
-0.02229543775320053	0.01282051282051282
0.0	0.002
0.0	0.002
-0.00010891852434724569	0.0
-7.046808969679574e-11	0.002
0.0	0.0
-4.190972504147794e-06	0.002
0.0	0.0
-0.0026446215342730284	0.0
-0.0030604174826294184	0.0
0.0	0.0
0.0	0.0030349013657056147
-0.0018082319293171167	0.002
-3.22161364252338e-09	0.0
0.0	0.0
0.0	0.0
0.0	0.0
-0.0004590597818605602	0.0
0.0	0.0
-9.011881047626957e-05	0.0
0.0	0.0
-8.087122114375234e-05	0.0
0.0	0.0
0.0	0.0
-0.00012584369687829167	0.0
-1.5378836906165816e-06	0.0
0.0	0.0
0.0	0.0
-0.01324851717799902	0.0
-1.6494826695634401e-06	0.0
-2.2936637833481655e-06	0.0
0.0	0.0
-7.071063737384975e-05	0.0
0.0	0.0
0.0	0.0
0.0	0.0
0.0	0.0
0.0	0.0
0.0	0.0
-4.0376909282713314e-07	0.0
-0.001665669959038496	0.0
0.0	0.0
0.0	0.0
-0.001157875289209187	0.0
0.0	0.0
0.0	0.0
0.0	0.0
-0.00010286045289831236	0.0
0.0	0.0
-8.421021391313843e-08	0.0
0.0	0.0
-2.4254510208265856e-05	0.0
-0.003956830594688654	0.0
-6.9357834036054555e-06	0.0
0.0	0.0
0.0	0.0
-1.4106545904724044e-06	0.0
-9.038088319357485e-05	0.0
0.0	1.0
0.0	0.0
0.0	0.0
0.0	0.0
-0.001263538608327508	0.0
0.0	0.0
0.0	0.0
-7.826196087989956e-05	0.0
-0.0005044616991654038	0.0
0.0	0.0
0.0	0.0
0.0	0.0
-9.50947742239805e-06	0.0
0.0	0.0
0.0	0.0
-0.0006317453226074576	0.0
-0.001181752304546535	0.0
-0.004183982033282518	0.0
-7.015889025296929e-08	0.0
-4.874032910606729e-08	0.0
0.0	0.0
-1.3716422442300313e-09	0.0
-5.4444451961899176e-05	0.0
0.0	0.0
0.0	0.0
-1.2284102762181004e-17	0.0
0.0	0.0
0.0	0.0
-0.00019877809972967952	0.0
0.0	0.0
0.0	0.0
-8.798589988145977e-05	0.0
0.0	0.0
-4.525037979874469e-07	0.0
0.0	0.0
-1.2849638020284715e-10	0.0
-1.9199806047254242e-05	0.0
0.0	0.0
0.0	0.0
0.0	0.0
0.0	0.0
-0.0006651865551248193	0.0
-0.0032296418212354183	0.0
-0.0014276838628575206	0.0
0.0	0.0
-0.005650191567838192	0.0
0.0	0.0
-0.00305482791736722	0.0
0.0	0.0
-3.3358632522961784e-10	0.0
0.0	0.0
0.0	0.0
0.0	0.0
-3.184654531196429e-07	0.0
0.0	0.0
-0.006369436625391245	0.0
-0.0030812304466962814	0.0
-9.93647045106627e-05	0.0
0.0	0.0
0.0	0.0
-0.0004108633438590914	0.0
-0.004107189830392599	0.0
0.0	0.0
0.0	0.0
0.0	0.0
-2.8596088668564335e-05	0.0
0.0	0.0
-4.7168461605906487e-05	0.0
-0.006233601365238428	0.0
0.0	0.0
-3.534442657837644e-05	0.0
-9.235150173481088e-07	0.0
-3.824393843387952e-06	0.0
0.0	1.0
0.0	0.0
-0.00014275360445026308	0.0
0.0	0.0
-0.01805669255554676	0.0
-2.1595883481495548e-07	0.132
-7.814695663910243e-07	0.0
0.0	0.0
0.0	0.0
0.0	0.0
0.0	0.0
-4.488826743909158e-05	0.0
-7.907836191423101e-11	0.0
0.0	0.0
-2.691966074053198e-05	0.0
-0.0007927815313450992	0.0
-0.0009512414108030498	0.0
0.0	0.0
0.0	0.0
0.0	0.0
0.0	0.0
0.0	0.0
0.0	0.0
-0.0006723189144395292	0.0
0.0	0.0
-2.057035999314394e-06	1.0
0.0	0.0
0.0	0.0
0.0	0.0
-0.00027605961076915264	0.0
-1.537440880383656e-06	0.0
0.0	0.0
0.0	0.0
0.0	0.0
-4.0283379348693416e-05	0.0
-1.5618621773683117e-07	0.0
0.0	0.0
-0.000506492389831692	0.0
-0.0006882938905619085	0.0
0.0	0.0
0.0	0.0
-6.129385496933537e-07	0.0
-0.016803400591015816	0.0
-2.3055989004205912e-05	0.0
0.0	0.0
-0.00043518331949599087	0.0
0.0	0.0
0.0	0.0
-7.990444828465115e-06	0.0
0.0	0.0
0.0	0.0
-3.750014730030671e-05	0.0
0.0	0.0
0.0	0.0
-0.00024575419956818223	0.0
-4.886947522209084e-07	0.0
0.0	0.0
-0.0006054694531485438	0.0
0.0	0.0
0.0	0.0
0.0	0.0
-0.003176840953528881	0.0
0.0	0.0
0.0	0.0
-0.00042960976134054363	0.0
0.0	0.009
-1.8119537344318815e-05	0.009
-7.447779353242368e-05	0.0
-3.213704621884972e-05	0.0
-0.0012981892796233296	0.0
-6.30665954304277e-06	0.0
-1.2390902748293797e-09	0.0
-0.0025072707794606686	0.0
0.0	0.0
0.0	0.0
0.0	0.0
0.0	0.0
0.0	0.0
-0.01077989861369133	0.0
-0.0008783259545452893	0.0
0.0	0.0
0.0	0.0
0.0	0.0
0.0	0.0
0.0	0.0
0.0	0.0
0.0	0.0
0.0	0.0
0.0	0.0
-1.3710085113416426e-05	0.0
0.0	0.0
0.0	0.0
0.0	0.0
0.0	0.0
-0.006877575069665909	0.0
0.0	0.0
0.0	0.0
0.0	0.0
0.0	0.0
-3.533186099957675e-05	0.0
0.0	0.0
-0.00010527987615205348	0.0
-0.004271782469004393	0.0
0.0	0.0
0.0	0.0
-3.1167421074562718e-12	0.0
0.0	0.0
-0.007428888231515884	0.0
0.0	0.0
0.0	0.0
0.0	0.0
0.0	0.0
-0.0010453807190060616	0.0
0.0	0.0
0.0	0.0
0.0	1.0
-0.0001957406202564016	1.0
-0.0016627098666504025	0.0
-0.00041226009489037097	1.0
-0.0007348465151153505	0.0
0.0	0.0
0.0	1.0
-0.0011819072533398867	0.0
0.0	0.0
0.0	0.0
0.0	0.0
-3.5726219493881217e-07	0.0
0.0	0.0
-3.25131622957997e-05	0.0
0.0	0.0
0.0	1.0
-5.071244595455937e-05	0.0
0.0	0.0
0.0	0.0
0.0	0.0
-0.00028031645342707634	0.0
0.0	0.0
0.0	0.0
-3.0240278192650294e-07	0.0
0.0	0.0
-2.2849117158330046e-05	0.0
-0.0005286898813210428	0.0
-0.00019159968360327184	1.0
-0.0064480300061404705	0.0
0.0	0.0
0.0	0.0
-0.0009082619217224419	0.0
-3.5956522879132535e-06	0.0
-0.0003462527529336512	0.0
-0.0003117416927125305	0.0
-0.00014167976041790098	0.0
0.0	0.0
0.0	0.0
-7.92483518807785e-08	0.0
0.0	0.0
-0.00029880425427109003	0.0
0.0	0.0
0.0	0.0
0.0	0.0
-0.0003513924893923104	0.0
-0.0013612795155495405	0.0
0.0	0.0
-0.0006571147823706269	0.0
0.0	0.0
-0.00020578119438141584	1.0
0.0	1.0
0.0	1.0
0.0	0.0
0.0	0.0
-2.882540039994552e-10	0.0
0.0	0.0
0.0	0.0
0.0	0.0
-0.000450594030553475	0.0
0.0	1.0
0.0	1.0
0.0	1.0
0.0	1.0
-6.816667882958427e-05	0.0
0.0	0.0
0.0	1.0
-1.4543823034784964e-08	0.0
-4.466370739919512e-07	0.0
-0.00543287442997098	0.0
-3.09414327492874e-10	1.0
0.0	1.0
-0.0017344580264762044	0.0
-0.00208442029543221	0.0
-0.0007533420575782657	0.0
-2.159187260986073e-06	0.0
0.0	1.0
0.0	1.0
0.0	0.0
0.0	0.0
0.0	1.0
-1.8531514797359705e-05	0.0
0.0	0.0
0.0	0.0
0.0	0.0
0.0	0.0
0.0	0.0
-1.893815770870333e-09	0.0
-3.037803480765433e-06	0.0
-0.002410499146208167	0.0
-0.0013196056243032217	0.001
0.0	0.0
-0.0003679332439787686	1.0
0.0	0.0
-1.068388701241929e-05	0.0
0.0	0.0
0.0	0.001
-6.092488911235705e-05	1.0
0.0	0.0
0.0	0.0
-0.002526825061067939	0.0
0.0	0.0
-1.306924968957901e-05	1.0
0.0	0.0
-0.0031487024389207363	0.0
-0.005927178077399731	0.0
-1.1274172493358492e-06	0.0
-0.004627058282494545	0.0
-4.353795520728454e-05	0.0
-0.01316289883106947	0.0
0.0	0.0
0.0	0.0
0.0	0.0
-0.0003738339291885495	1.0
-0.00016851408872753382	0.0
0.0	0.0
-0.003846920793876052	0.0
-0.006543762981891632	0.0
-0.0004945460823364556	0.0
0.0	0.0
-3.9813166949898005e-06	0.001
0.0	0.001
0.0	0.001
-2.9308441298780963e-05	0.0
0.0	0.001
0.0	0.001002004008016032
-2.9726968932664022e-05	0.0
-1.3513483281712979e-05	0.0
-1.7736542790025567e-10	0.0
0.0	0.0
-0.007021878380328417	0.0
-1.2367513591016177e-06	0.0
0.0	0.0
-0.0008029307937249541	0.0
