0.0	0.0
-5.9859862631128635e-06	0.0
-8.177811317011674e-09	0.0
-7.889552193773852e-07	1.0
0.0	1.0
0.0	1.0
-0.0010068102274090052	0.0
-2.334188820896088e-06	0.0
0.0	1.0
-0.0005972881917841733	1.0
-0.00010677547834347934	0.0
0.0	1.0
-8.129867445916261e-09	0.0
0.0	1.0
0.0	0.0
0.0	0.0
0.0	0.0
0.0	0.0
0.0	1.0
-0.0019249855540692806	1.0
0.0	1.0
0.0	1.0
0.0	0.0
-0.00013083673547953367	0.0
-0.0004339381994213909	0.0
-0.0063427225686609745	0.0
0.0	0.0
0.0	1.0
-2.42631443825303e-08	0.0
0.0	0.0
-0.06012527272105217	0.0
-8.536809764336795e-05	0.0
-0.0007796329446136951	0.0
0.0	0.0
0.0	0.0
0.0	0.0
-0.001408961252309382	0.0
0.0	0.0
0.0	0.0
-0.0010025276569649577	0.0
0.0	0.0
-5.93940512771951e-06	0.063
-0.0002677862357813865	0.063
0.0	0.0
0.0	0.0
-0.0006113403360359371	0.0
0.0	0.0
-1.2581534747369005e-06	0.0
-9.918409887177404e-06	0.0
0.0	0.0
0.0	0.0
0.0	0.0
-0.0029876616317778826	0.0
0.0	0.0
0.0	0.0
0.0	0.0
-2.7207298103348876e-07	0.0
0.0	0.0
0.0	0.0
-0.00044565953430719674	0.0
-0.000455540488474071	0.0
0.0	0.0
0.0	0.0
0.0	0.0
0.0	0.0
0.0	0.0
-2.5899653337546624e-05	0.0
-1.723164331224325e-07	0.0
0.0	0.0
0.0	0.0
-1.1387968612552868e-07	0.0
0.0	0.0
-3.770193472973915e-07	0.0
-1.8643814270191683e-10	0.0
0.0	0.0
0.0	0.0
-0.0024225518573075533	0.0
0.0	0.0
0.0	0.0
0.0	0.0
0.0	0.0
0.0	0.0
0.0	0.0
0.0	0.0
0.0	0.0
0.0	0.0
0.0	0.0
0.0	0.0
-1.087781600905835e-11	0.0
-0.0007378347218036652	0.0
-0.00016030542610678822	0.0
0.0	0.0
0.0	0.0
0.0	1.0
0.0	0.0
0.0	0.0
0.0	0.0
0.0	0.0
0.0	0.0
0.0	0.0
0.0	0.0
-7.482170076400507e-06	0.0
0.0	0.0
-0.0004434076836332679	0.0
-7.103973587163637e-08	0.0
0.0	0.0
-0.0022719225380569696	0.0
0.0	0.0
0.0	0.0
0.0	0.0
0.0	0.0
-2.1961501261102967e-05	0.0
0.0	0.0
-0.0006763040437363088	0.0
0.0	0.0
0.0	0.0
-6.97663769203688e-13	0.0
0.0	0.0
-0.011667692102491856	0.0
0.0	0.0
0.0	0.0
0.0	0.0
-0.00031299504917114973	0.0
0.0	0.0
0.0	0.0
-6.937693251529709e-05	1.0
-0.0003448805073276162	0.0
0.0	0.0
-2.0491136565325974e-10	1.0
-0.020297152921557426	0.0
-0.00048766040708869696	0.0
0.0	0.0
-0.00020052386389579624	1.0
0.0	1.0
0.0	0.0
-1.2644483682322516e-08	0.0
0.0	0.0
0.0	0.0
-4.17014307458885e-05	1.0
0.0	0.0
-1.134450030804146e-06	1.0
0.0	0.0
0.0	0.0
-2.8340400604065508e-06	0.0
0.0	0.0
-0.0002641961327753961	1.0
-0.009661792777478695	0.0
-0.003381377551704645	0.0
0.0	0.0
-0.0009676937479525805	0.0
-5.60889041878454e-08	0.0
0.0	0.0
0.0	0.0
0.0	0.0
0.0	0.0
0.0	0.0
-0.0025817921850830317	0.0
-0.05134391039609909	0.0
0.0	0.0
0.0	1.0
0.0	0.0
-5.806619446957484e-05	0.0
0.0	0.0
0.0	0.0
-1.128504391090246e-05	0.0
0.0	0.0
-0.0005018203519284725	0.0
0.0	0.0
0.0	0.0
-0.039417367428541183	0.0
0.0	0.0
0.0	0.0
0.0	0.0
-0.0016545058460906148	0.0
0.0	0.0
0.0	0.0
0.0	0.0
0.0	0.0
-0.0008542658179067075	0.0
0.0	0.0
-2.9166675585140522e-12	1.0
0.0	0.0
-4.482787062443094e-06	1.0
0.0	0.0
0.0	0.0
-0.00039666975499130785	0.0
-2.1148935047676787e-05	0.0
0.0	0.0
0.0	1.0
0.0	0.0
0.0	0.0
0.0	0.002
0.0	0.0
0.0	0.0
0.0	0.0
-8.842091119731776e-06	0.0
0.0	0.0
-0.00020108431635890156	0.0
0.0	0.0
-2.98845549195903e-07	0.0
0.0	0.0
0.0	0.0
0.0	0.0
-0.0016942921793088317	0.0
0.0	0.0
0.0	0.0
-3.140832268400118e-05	0.0
-0.0007112800376489758	0.0
0.0	0.0
0.0	0.001
-0.005377020686864853	0.001
-4.5082642827765085e-06	0.001
-1.6212728937148313e-08	0.0
0.0	0.0
0.0	0.0
-1.691398807679434e-07	0.0
0.0	0.0
-4.435095490862295e-08	0.0
-6.101663075241959e-06	0.0
-0.0011738587636500597	0.0
-2.2988208002061583e-05	0.0
-1.2139715863668243e-06	0.0
0.0	0.0
-1.5997396758393734e-06	0.0
-5.303647299115255e-07	0.0
-0.006795275490731001	0.0
-1.841610242081515e-06	0.0
0.0	0.0
0.0	0.0
0.0	0.135
-1.7473024854552932e-05	0.0
0.0	0.0
-1.0926272331346354e-08	0.0
0.0	0.0
0.0	0.0
-0.0011444861302152276	0.0
-4.164697747910395e-05	0.0
0.0	0.0
-0.0005265881773084402	0.0
-0.00020587733888532966	0.0
-3.928932346752845e-05	0.0
-0.008460134267807007	0.0
-3.7824334867764264e-05	0.0
-2.492602561687818e-06	0.0
0.0	1.0
0.0	0.0
0.0	0.0
0.0	0.0
0.0	1.0
-0.017316073179244995	0.0
-0.0033952228259295225	0.0
-0.00020462300744839013	1.0
0.0	0.0
0.0	0.0
0.0	0.0
0.0	0.0
0.0	0.0
-0.0009211488650180399	0.0
0.0	0.0
0.0	0.0
0.0	0.0
0.0	0.134
-0.00010516163456486538	0.134
0.0	0.134
0.0	0.134
-5.658088412019424e-06	0.134
0.0	0.0
0.0	0.0
0.0	0.0
-2.1062089217593893e-05	0.0
0.0	0.0
0.0	0.0
0.0	0.0
0.0	0.0
-4.876789898844436e-05	0.0
-0.007081305142492056	0.0
0.0	0.0
-0.00536517146974802	0.0
0.0	0.0
0.0	0.0
-1.1245372661505826e-05	0.0
0.0	0.0
0.0	0.0
-1.1729314351380249e-12	0.0
-0.0007746798801235855	0.0
0.0	0.0
0.0	0.0
-0.0003895707195624709	0.0
0.0	0.0
-0.003375273197889328	0.0
-0.008114156313240528	0.0
0.0	0.0
0.0	0.0
-0.0003573556605260819	0.0
0.0	0.0
-0.0046730428002774715	0.0
-0.002026880392804742	0.0
-0.0017628299538046122	0.0
0.0	0.0
0.0	0.0
-3.3527909337749406e-09	0.0
0.0	0.0
0.0	0.0
-0.005458543077111244	0.0
-0.0019394485279917717	0.0
0.0	0.0
0.0	0.0
-0.0020599323324859142	0.0
0.0	0.0
-1.1490746132380991e-08	0.0
0.0	0.0
0.0	0.0
-0.0022679446265101433	0.0
0.0	0.0
0.0	0.0
0.0	0.0
-0.0006461320444941521	0.0
-5.410192329691199e-07	0.0
0.0	0.0
0.0	0.0
0.0	0.0
-0.016583289951086044	0.0
0.0	0.0
-0.00020024146942887455	0.0
0.0	0.0
0.0	0.0
0.0	0.0
-1.8973449186887592e-05	0.0
0.0	0.0
-0.0007433097925968468	0.0
0.0	0.0
0.0	0.0
-0.0001594631321495399	0.0
-0.0008196203853003681	0.0
-1.0433311159463443e-10	0.0
0.0	0.0
-0.0002187456702813506	0.0
-7.461989071089192e-08	0.0
0.0	0.0
-0.015624628402292728	0.0
0.0	0.0
0.0	0.0
0.0	0.0
0.0	0.0
0.0	0.0
0.0	0.0
-2.9566781023504518e-08	0.0
0.0	0.0
0.0	0.0
0.0	0.0
0.0	0.0
-0.007216270547360182	0.0
-7.296008698176593e-05	0.0
0.0	0.0
0.0	0.0
0.0	0.0
-0.0002903100976254791	0.0
0.0	0.0
0.0	0.0
0.0	0.0
-3.3921108411050227e-07	0.0
-9.388389116793405e-06	0.0
0.0	0.0
0.0	0.0
0.0	0.0
-0.0002293346478836611	0.0
-1.2459506706363754e-06	1.0
0.0	0.0
0.0	0.0
-0.00041208413313142955	0.0
-0.001801848877221346	0.0
0.0	0.0
-0.011540105566382408	0.0
-0.000483944546431303	0.0
0.0	0.0
0.0	0.0
0.0	0.0
0.0	0.0
-3.4759989375743316e-07	1.0
0.0	0.0
0.0	0.0
0.0	0.0
0.0	0.0
0.0	0.0
0.0	0.0
-7.92148853179242e-08	0.0
0.0	0.0
-0.00034349242923781276	0.0
-0.0011693995911628008	0.0
-0.008952157571911812	0.0
-0.00011637650459306315	0.0
-0.00025912397541105747	0.0
0.0	0.0
-8.411142893294254e-10	0.0
0.0	0.0
-1.8832399462098692e-07	0.0
-2.205503879840979e-14	0.0
-0.001012296648696065	0.0
0.0	0.0
0.0	0.0
-0.00028862967155873775	0.0
0.0	0.0
-0.00017883567488752306	0.0
-5.616352154902415e-06	0.0
0.0	0.0
-9.382542884850409e-06	0.001
-0.02754102647304535	0.0
0.0	0.0
-6.831424315123513e-09	0.0
0.0	0.0
0.0	0.0
0.0	0.0
0.0	0.0
0.0	0.0
0.0	0.0
-0.0017852176679298282	0.0
-4.932135925628245e-05	0.0
0.0	0.0
0.0	0.0
-0.009036381728947163	0.0
0.0	0.0
-0.0010778855066746473	0.0
0.0	0.0
0.0	0.0
0.0	0.0
-0.009624193422496319	0.0
-5.35087710886728e-05	0.0
-7.171901961200433e-10	0.0
0.0	0.0
-4.2208141452604417e-16	0.0
-0.04309898614883423	0.0
-0.0017537233652547002	0.0
0.0	0.001
0.0	0.001
0.0	0.0
0.0	0.0
0.0	0.0
0.0	0.0
0.0	0.0
0.0	0.0
-0.001100524328649044	0.0
-0.0014968893956393003	0.0
0.0	0.0
0.0	0.0
-1.161484277645286e-07	0.0
-1.255022652912885e-05	0.0
0.0	0.0
-0.0030721863731741905	0.0
0.0	0.0
0.0	0.0
0.0	0.0
-0.00024047373153734952	0.0
0.0	0.0
0.0	0.0
0.0	0.0
0.0	0.0
-7.32513508410193e-05	0.007407407407407408
-0.010953547433018684	0.001
0.0	0.001
0.0	0.0
0.0	0.0
-2.4946943995018955e-06	0.0
0.0	0.001
0.0	0.0
-0.0021548704244196415	0.001
-0.0017989720217883587	0.0
-0.0006261395174078643	0.001
-0.0019454924622550607	0.0
-2.078825722673372e-10	0.0
0.0	0.0
0.0	0.0
0.0	0.001
-0.0008516289526596665	0.0
0.0	0.0
-4.76477543998044e-06	0.0
0.0	0.001
-1.2182806585769868e-06	0.0
-0.0035009675193578005	0.0
0.0	0.0
-2.2107324184617028e-05	0.0
0.0	0.0
-0.004161633551120758	0.0
-0.020436616614460945	0.0
0.0	0.0
-0.000749068392906338	0.0
-4.255830845067976e-06	0.0
-4.5793338739053e-12	0.0
0.0	0.0
0.0	0.0
0.0	0.0
0.0	0.0
0.0	0.0
0.0	0.0
-0.0017042754916474223	0.0
-0.00901984702795744	0.0
0.0	0.0
0.0	0.0
0.0	0.0
0.0	0.0
0.0	0.0
0.0	0.0
0.0	0.0
0.0	0.0
-0.0015123254852369428	0.0
0.0	0.0
-0.0013494367012754083	0.0
0.0	0.0
0.0	0.0
0.0	0.0
0.0	0.0
-0.0009384288568980992	0.0
-0.0005395518383011222	0.0
0.0	0.0
0.0	0.0
0.0	0.0
0.0	0.0
-0.008999617770314217	0.0
0.0	0.0
0.0	0.0
0.0	0.0
-9.936658898368478e-06	0.0
0.0	0.0
0.0	0.0
-1.2056820253292244e-07	0.0
0.0	0.0
-1.8345432181376964e-05	0.0
-2.5379677026649006e-05	0.0
0.0	0.0
-0.0007909525302238762	0.0
-8.856763452058658e-05	0.0
0.0	0.0
0.0	0.0
0.0	0.0
-0.0014332428108900785	0.0
0.0	0.0
-0.005599993281066418	0.0
0.0	0.0
0.0	0.0
-0.0036747497506439686	0.0
0.0	0.0
0.0	0.0
-0.0002622918109409511	0.0
0.0	0.0
0.0	0.0
0.0	0.0
-0.00017196009866893291	0.0
0.0	0.0
0.0	0.0
-0.002764913020655513	0.0
0.0	0.0
-0.0028907344676554203	0.0
0.0	0.0
-1.2332807273196522e-05	1.0
-0.040969137102365494	0.0
-2.8846139684901573e-05	0.0
-5.650171601701004e-07	0.0
-0.016491901129484177	0.0
0.0	0.0
0.0	0.0
-6.796859906899044e-06	0.0
0.0	0.0
-0.021628692746162415	0.0
-0.0017828887794166803	0.0
-1.9780092770815827e-05	0.0
-0.0006797657697461545	0.0
-0.00013180305541027337	0.0
-0.004135921131819487	0.0
0.0	0.0
-5.5274945225392e-06	0.0
0.0	0.0
0.0	0.0
-0.0010364089393988252	0.0
0.0	0.0
0.0	0.0
-0.003067823126912117	0.0
0.0	0.0
-3.886353017179545e-09	0.0
0.0	0.0
0.0	0.0
0.0	0.0
0.0	0.0
0.0	0.0
-1.729786845316994e-06	0.0
-0.021105356514453888	0.0
-0.006185411009937525	0.0
0.0	1.0
-0.00033498936682008207	0.0
0.0	0.0
0.0	0.0
-2.3035711365082534e-06	0.0
-0.0019173198379576206	0.0
0.0	1.0
0.0	1.0
0.0	0.0
-7.59914883019519e-06	0.0
-0.0018896892433986068	0.004
0.0	0.0
0.0	0.0
0.0	0.0
-1.0488264479135978e-08	0.0
-0.0005697196465916932	0.0
0.0	0.0
0.0	0.0
-1.3893089153074745e-12	0.0
-0.0009924025507643819	0.0
0.0	0.0
0.0	0.0
0.0	0.0
-5.739676271332428e-05	0.0
0.0	0.0
0.0	0.0
-6.239773938432336e-05	0.0
-1.3834442924576251e-08	0.0
0.0	0.0
-0.009840818122029305	0.0
0.0	1.0
0.0	0.0
0.0	1.0
0.0	0.0
0.0	0.0
0.0	0.258
-0.0019627080764621496	0.0
0.0	0.0
-0.000831674609798938	0.0
0.0	0.0
0.0	0.0
-0.0003214221796952188	0.0
-0.0009144702344201505	0.0
0.0	0.0
-0.0023346405941993	0.0
0.0	0.0
0.0	0.0
0.0	0.0
0.0	0.0
0.0	0.0
0.0	0.0
-0.00010921549255726859	0.0
-0.0011556854005903006	0.0
0.0	0.0
-0.00034349344787187874	1.0
0.0	0.0
0.0	0.0
-8.503920253133401e-05	1.0
0.0	1.0
-0.001007108949124813	0.0
-4.710063177155999e-13	0.0
-0.000328415451804176	0.0
0.0	1.0
-0.006837432272732258	0.0
-0.00013748659694101661	0.0
-0.00011280269973212853	0.0
-0.0009200536296702921	0.0
-0.005301696714013815	0.0
0.0	0.0
-3.963623740332878e-08	0.0
-2.673918061191216e-05	0.0
0.0	0.0
-0.00021748337894678116	0.0
0.0	0.0
0.0	0.004
0.0	0.004
0.0	0.0
-0.00012777859228663146	0.0
-6.760696123819798e-05	0.0
-0.0011949441395699978	0.0
-5.03575211041607e-06	0.0
-0.0005705725634470582	1.0
0.0	0.0
-0.0012677826453000307	0.0
-0.0005347646656446159	0.0
0.0	0.0
0.0	0.0
-0.00026489311130717397	0.0
-0.0012771902838721871	0.0
-0.0002442130644340068	0.0
-4.9340478369686025e-09	0.0
0.0	0.0
0.0	0.0
-1.6909161786315963e-06	0.0
-0.00755434762686491	0.0
0.0	0.0
0.0	0.0
0.0	0.0
0.0	0.0
-0.002359281061217189	0.0
-2.644075607349805e-07	0.0
0.0	0.0
-4.292151970730629e-06	0.0
0.0	0.0
0.0	0.0
0.0	0.0
-0.0015089494409039617	0.0
-1.1325124660288566e-06	0.0
0.0	1.0
-0.0029317974112927914	0.0
-0.019866345450282097	0.0
-0.0016865532379597425	0.0
0.0	0.0
0.0	0.0
0.0	1.0
-1.4538573850586545e-05	0.0
0.0	0.0
-4.880764663539594e-07	0.0
-0.001299364841543138	0.0
0.0	0.0
0.0	0.0
0.0	1.0
-0.031667668372392654	0.0
-0.0006381176644936204	0.0
-3.0790605620723e-08	0.0
-8.308444989779673e-07	0.0
0.0	0.0
0.0	0.0
0.0	0.0
0.0	0.0
-1.965396161790478e-12	0.0
-0.00033162266481667757	0.0
0.0	0.0
0.0	0.0
-0.0004509448481258005	0.0
-2.1293085410434287e-06	0.0
0.0	0.0
-0.0012798504903912544	0.0
0.0	1.0
-0.0012730126036331058	0.0
0.0	1.0
-1.0432684575789608e-05	0.0
0.0	0.0
0.0	0.0
0.0	1.0
-4.966354026691988e-06	1.0
0.0	0.0
0.0	0.0
-0.0008589315693825483	0.0
-1.1123853838057585e-08	0.0
0.0	0.0
0.0	0.0
-0.015593772754073143	0.0
0.0	0.0
0.0	0.0
-0.0008159220451489091	0.0
-6.270610174397007e-05	0.0
-0.00026002037338912487	0.0
-0.0017883219989016652	0.0
0.0	0.0
0.0	0.0
-0.0033215018920600414	0.0
0.0	0.0
0.0	0.0
0.0	0.0
0.0	0.0
0.0	0.0
0.0	0.0
-4.637614983948879e-05	0.0
-0.00142890855204314	0.0
0.0	0.0
0.0	0.0
-2.5079645027403785e-08	0.0
-2.923307692981325e-05	0.0
0.0	1.0
0.0	0.0
-0.002491311402991414	0.0
0.0	1.0
-0.006968710105866194	0.0
0.0	1.0
0.0	0.0
0.0	0.0
0.0	0.0
0.0	0.0
0.0	0.0
0.0	0.0
-3.4824120583726303e-12	0.0
0.0	0.0
0.0	0.0
-0.0026726513169705868	0.0
-2.8336285140539985e-07	1.0
-0.00019954401068389416	1.0
-0.006065155379474163	0.0
0.0	0.0
0.0	0.0
0.0	0.0
0.0	0.0
-0.0036873756907880306	0.0
-0.0006124154897406697	0.0
-4.5373710344520646e-10	0.0
-3.7125801100046374e-07	0.0
0.0	0.0
0.0	0.0
-0.00013657765521202236	0.0
-0.0007578097865916789	1.0
0.0	1.0
-0.0006052558310329914	0.0
-5.465289518724603e-07	0.0
-8.665624773129821e-05	0.0
0.0	0.0
0.0	0.0
0.0	0.0
-6.036381819285452e-06	0.0
-0.0037241524551063776	0.0
0.0	0.0
-0.0005105615127831697	0.0
0.0	0.0
-0.024209104478359222	0.0
-0.0007620491669513285	0.0
-0.010755078867077827	0.0
0.0	0.0
-5.204944500292186e-06	0.0
0.0	0.0
0.0	0.0
-1.5985527568318503e-07	0.0
-0.001689727883785963	0.0
0.0	0.0
-0.00023751863045617938	0.0
-0.0019613434560596943	0.0
0.0	0.0
-4.394726147438632e-06	0.0
0.0	0.0
-0.00011532264034030959	0.0
0.0	0.0
0.0	0.0
-0.001036289380863309	1.0
0.0	0.0
0.0	0.0
0.0	0.0
0.0	1.0
-1.9514079667715123e-06	0.0
0.0	0.0
-5.952616675131139e-07	0.0
0.0	0.0
-0.000282471242826432	0.0
-0.0031936101149767637	0.0
-6.396473395398061e-07	0.0
0.0	0.0
0.0	0.0
-2.7545047487365082e-05	1.0
-0.006007513031363487	0.0
0.0	0.0
0.0	0.0
0.0	1.0
0.0	0.0
0.0	0.0
-5.520884951693006e-05	0.0
-0.00035285906051285565	0.0
0.0	0.0
0.0	0.0
-0.0013396976282820106	0.0
0.0	0.0
-0.015388892963528633	0.0
0.0	0.0
-0.00021304597612470388	0.0
0.0	0.0
0.0	0.0
0.0	0.0
0.0	0.0
-0.0037921913899481297	0.0
-3.903690259932091e-09	0.0
-0.0012981528416275978	0.0
-2.395921910647303e-05	0.0
0.0	0.0
-0.0234305988997221	0.0
0.0	1.0
-0.0023262950126081705	0.0
0.0	0.0
0.0	1.0
-1.5557880033156835e-05	0.0
0.0	1.0
-9.294820483773947e-05	0.0
0.0	0.0
0.0	0.0
0.0	0.0
-0.0005628367071039975	0.0
0.0	0.0
-0.0009667014237493277	0.0
0.0	0.0
0.0	0.0
-0.0004753069079015404	0.0
-0.006104770116508007	0.0
0.0	0.0
0.0	0.0
0.0	0.0
0.0	1.0
-0.00030152202816680074	1.0
-2.608804550163768e-08	0.0
0.0	0.0
-0.01642950437963009	0.0
-0.003595722373574972	0.0
0.0	0.0
0.0	0.0
0.0	0.0
0.0	0.0
0.0	0.0
-0.00024112811661325395	0.0
0.0	0.0
0.0	0.0
0.0	0.0
-1.7541308405810696e-09	0.0
0.0	0.0
-0.000617474433965981	0.0
-0.0019251512130722404	0.0
-6.749719716481195e-08	0.0
-0.005810081027448177	0.0
0.0	0.0
0.0	0.0
-0.0007656986708752811	0.0
