0.0	0.0
0.0	0.0
-1.791555526153843e-08	0.0
0.0	0.0
-2.4574488634243608e-05	1.0
-1.0854882930289023e-06	0.0
0.0	0.0
0.0	0.0
0.0	0.0
0.0	0.0
0.0	0.0
0.0	0.0
0.0	0.0
0.0	0.0
0.0	0.0
-0.0012002422008663416	0.0
0.0	0.0
0.0	0.0
-6.793742159061367e-06	0.0
0.0	0.0
0.0	0.0
-0.00048180893645621836	0.0
-7.430453115375713e-05	0.0
0.0	0.0
0.0	0.0
0.0	0.0
0.0	0.0
0.0	0.0
-0.0006535543943755329	0.0
0.0	0.0
0.0	0.0
-0.0004969113506376743	0.0
0.0	0.0
0.0	0.0
0.0	0.0
0.0	0.0
0.0	0.0
0.0	0.0
0.0	0.0
0.0	1.0
-7.389593381645909e-09	0.0
0.0	0.0
0.0	0.0
-0.00010560449300101027	0.0
0.0	1.0
0.0	1.0
0.0	0.0
-0.002641664119437337	0.0
0.0	0.0
-0.0002050336915999651	0.0
0.0	0.0
0.0	0.0
0.0	0.0
-2.4638504783069948e-06	0.0
-1.999736820579301e-09	0.0
0.0	0.0
-0.00013864913489669561	0.0
-0.0003672224993351847	0.0
-9.99687472358346e-06	0.0
-0.0023504304699599743	0.0
-0.0015757804503664374	0.0
0.0	0.0
0.0	0.0
0.0	0.0
0.0	0.0
0.0	0.0
0.0	0.0
0.0	0.0
0.0	0.0
0.0	0.0
-1.2442876595741836e-06	0.0
0.0	0.102
-0.006544248200953007	0.0
0.0	0.0
0.0	0.0
0.0	0.0
-0.0011698385933414102	0.0
-0.0001232340873684734	0.0
0.0	0.0
-0.0001548933214507997	0.0
-0.002721480093896389	0.0
0.0	0.0
0.0	0.0
0.0	0.0
-6.620859494432807e-05	0.0
-1.3010263005819311e-11	0.0
0.0	0.0
-5.468193080560013e-07	0.0
0.0	1.0
0.0	0.0
0.0	0.0
0.0	0.0
0.0	0.0
0.0	0.0
-0.0001543096441309899	0.0
-2.2949642186631536e-07	0.0
0.0	0.0
0.0	0.0
-5.326335781319358e-07	0.0
-9.29459656617837e-06	1.0
-0.00042231555562466383	0.0
-1.800326109979017e-13	1.0
0.0	1.0
0.0	0.0
-0.0009365412988699973	0.0
0.0	0.042
0.0	0.0
-9.235993303491341e-09	0.0
0.0	0.0
0.0	0.0
-0.0018252893351018429	0.0
0.0	0.0
0.0	0.0
0.0	0.0
0.0	0.0
-1.7388925925843068e-06	0.0
0.0	0.0
-0.009381026960909367	0.0
-0.012507930397987366	0.0
0.0	0.0
0.0	0.0
0.0	0.0
0.0	0.0
-0.0002149106585420668	0.0
-0.013488848693668842	0.0
-1.1849671244235083e-09	0.0
0.0	0.0
-0.0011235536076128483	0.0
0.0	0.0
-1.351720868569828e-07	0.0
0.0	0.0
0.0	0.0
0.0	0.0
-0.009096921421587467	0.0
0.0	0.0
0.0	0.0
-0.0015076501294970512	0.0
-0.0004645775188691914	0.0
0.0	0.0
0.0	0.0
0.0	0.0
0.0	0.0
0.0	0.0
0.0	0.0
0.0	0.0
0.0	0.0
0.0	0.0
0.0	0.0
0.0	0.0
0.0	0.0
0.0	0.0
-0.0002641991595737636	0.0
0.0	0.0
0.0	0.0
0.0	0.0
-7.833983545424417e-05	0.0
-0.0009232726297341287	0.0
-2.024438117587124e-06	0.0
0.0	0.0
-1.2853971043114143e-07	0.0
-8.513973415169573e-10	0.0
0.0	0.0
0.0	0.0
-0.00013380621385294944	0.0
0.0	1.0
0.0	1.0
0.0	1.0
-0.0008740132325328887	0.0
0.0	0.0
-0.0012188771506771445	0.0
-6.752657100150827e-07	0.0
-6.713904099342471e-07	0.0
0.0	0.0
0.0	0.0
0.0	0.0
-1.8872886187182303e-07	0.0
0.0	0.0
-0.001701134373433888	0.0
0.0	0.0
-5.838343440700555e-06	0.0
-0.00016368819342460483	0.0
0.0	1.0
-5.402361580308934e-07	0.0
0.0	0.0
0.0	1.0
0.0	0.0
0.0	0.0
0.0	0.0
-0.0026634973473846912	0.0
0.0	0.0
0.0	0.0
0.0	0.0
0.0	0.0
0.0	0.0
0.0	0.0
0.0	0.0
0.0	1.0
0.0	0.0
-0.0009429738856852055	1.0
-0.0037891902029514313	0.0
-0.0019626645371317863	1.0
0.0	0.0
0.0	0.0
0.0	0.0
-4.584273849417286e-09	0.0
-2.238595697701129e-10	0.0
-0.005641201511025429	0.0
0.0	0.0
0.0	0.0
-0.009076385758817196	0.0
0.0	0.0
0.0	0.0
-0.005263674072921276	0.0
-0.001517450320534408	0.0
0.0	0.0
-0.00012040790170431137	0.0
0.0	0.0
-0.0053863502107560635	0.0
0.0	0.0
0.0	0.073
0.0	0.0
0.0	0.073
0.0	0.0
0.0	0.0
0.0	0.0
0.0	0.0
0.0	0.0
0.0	0.0
-0.0018344977870583534	0.0
0.0	0.0
0.0	0.0
0.0	0.0
0.0	0.0
0.0	0.0
-0.003113626968115568	0.0
0.0	0.0
-7.219268445624039e-05	0.005
0.0	0.005
0.0	0.0
-0.0033738610800355673	0.0
-3.612654109019786e-05	0.0
-8.388744276999205e-07	0.0
0.0	0.0
0.0	0.0
0.0	0.0
-0.006389692425727844	0.0
-1.8930203395939316e-06	0.0
0.0	0.0
0.0	0.0
0.0	0.0
-0.0008689949754625559	0.0
-3.634292079368606e-05	0.0
0.0	0.0
0.0	0.0
0.0	0.0
0.0	0.025078369905956112
0.0	0.0
0.0	0.043
0.0	0.0
-0.0020053228363394737	0.043
0.0	0.15555555555555556
0.0	0.043
-0.0051681059412658215	0.0
-9.851963689300192e-09	0.0
-6.311185279628262e-05	0.035
-0.004848750773817301	0.0
0.0	0.035
0.0	0.035
-2.001463705880724e-08	0.035
0.0	0.035
-0.0002748665865510702	0.0
0.0	0.0
-5.074268756288802e-07	0.0
-0.0004233775835018605	1.0
-0.00039621960604563355	0.0
0.0	0.0
-0.009766392409801483	0.0
0.0	0.0
0.0	0.0
0.0	0.0
0.0	0.0
-1.6623287137917941e-06	0.0
0.0	0.0
0.0	0.0
0.0	1.0
0.0	0.0
-0.016281474381685257	0.0
-0.001981720793992281	0.0
-0.0002603795437607914	0.0
0.0	0.0
0.0	0.0
-9.414944361196831e-05	0.0
0.0	0.0
-0.001468402217142284	0.0
0.0	1.0
-1.1966304782617954e-06	0.0
-3.139848813891663e-14	0.0
0.0	0.0
0.0	0.0
0.0	0.0
0.0	0.0
0.0	0.0
0.0	0.0
-2.0134747202860126e-08	0.0
-0.00032190841739065945	0.0
-1.3412481125740783e-09	0.014
0.0	0.0
-0.01440542470663786	0.0
-9.037882409757003e-05	0.0
-0.00016541460354346782	0.0
0.0	0.0
0.0	0.0
0.0	0.0
0.0	0.0
0.0	0.0
0.0	0.0
0.0	0.0
-2.302972825418692e-05	0.0
-0.0013379965675994754	0.0
-0.001107149524614215	0.0
0.0	0.0
0.0	0.0
-0.0004819142341148108	0.0
0.0	0.0
0.0	0.0
0.0	0.0
0.0	0.0
0.0	0.0
-1.951160629687365e-05	0.0
0.0	1.0
-0.0029032216407358646	0.0
0.0	0.0
-0.009046669118106365	0.0
-0.0012913787504658103	0.0
0.0	0.0
0.0	0.0
0.0	0.0
0.0	0.0
-0.001539910095743835	0.0
0.0	0.0
0.0	0.0
-2.0982390196877532e-05	0.0
-5.784185908019879e-10	0.0
-6.797370222244581e-09	0.0
0.0	0.0
0.0	0.0
0.0	0.0
-1.3616419103357202e-09	0.0
-0.06514132022857666	0.0
0.0	0.0
-0.004243850242346525	0.0
0.0	0.0
-1.8314065541868985e-11	0.0
-0.009126563556492329	0.0
0.0	0.0
0.0	0.0
-0.001247337437234819	0.0
0.0	0.0
-0.0003966866643168032	0.0
-1.0118331950081938e-08	0.0
0.0	0.0
-0.00016052373393904418	0.0
0.0	0.0
-0.0028578906785696745	0.0
-9.922984463628381e-05	0.0
0.0	0.0
-4.3738549493355094e-07	0.0
0.0	0.0
-9.478037243937365e-10	0.0
0.0	0.0
0.0	0.0
-2.9138518584659323e-06	1.0
0.0	0.0
0.0	0.0
0.0	0.0
-0.004149704240262508	0.0
0.0	0.0
0.0	0.0
0.0	0.0
0.0	0.0
0.0	0.0
-6.217800546437502e-05	0.0
0.0	0.0
0.0	0.0
0.0	0.0
0.0	0.0
0.0	0.0
-0.0029007229022681713	0.0
0.0	0.0
-0.002811079379171133	0.0
0.0	0.0
-0.002232304075732827	0.0
-1.9909648472093977e-06	0.0
-0.0015554862329736352	0.0
0.0	0.0
0.0	0.0
0.0	0.003
0.0	0.0
-5.611938149741036e-07	0.0
0.0	0.003
0.0	0.0
-4.691776481213772e-11	0.003
0.0	0.0
-1.116066954409689e-07	0.0
0.0	0.0
-0.0033819598611444235	0.0
-0.0004920708015561104	0.0
-0.0009133013081736863	0.0
-0.0014571711653843522	0.0
0.0	0.0
-1.154209242288165e-13	0.0
0.0	1.0
0.0	0.0
0.0	0.0
-0.002195428591221571	1.0
-9.296216063603424e-08	1.0
-0.018060579895973206	0.0
-2.025684125328553e-06	0.0
0.0	0.0
0.0	0.0
-0.003665278432890773	0.0
0.0	0.0
0.0	0.0
-0.00015197064203675836	0.0
0.0	0.0
0.0	0.0
0.0	0.0
0.0	0.0
0.0	1.0
0.0	1.0
0.0	1.0
0.0	1.0
-0.00018307646678294986	1.0
0.0	1.0
-0.0008458711672574282	0.0
0.0	0.0
0.0	0.0
-0.0026794839650392532	0.0
-0.0015616504242643714	0.0
-8.700599352096106e-09	0.0
-2.617790926251473e-07	0.0
0.0	0.0
0.0	0.0
-0.012841750867664814	0.0
-5.639907612930983e-05	0.0
0.0	0.0
-4.7081212528610195e-07	0.0
0.0	0.0
0.0	0.0
-8.758878539083526e-05	0.0
0.0	0.0
0.0	1.0
-0.0007851335685700178	0.0
-1.652986611588858e-05	1.0
-0.0019032375421375036	1.0
0.0	0.0
0.0	0.0
0.0	0.0
0.0	0.0
0.0	0.0
-2.2502565116155893e-05	0.0
-0.001274322858080268	0.0
-6.262555416469695e-06	0.0
0.0	0.0
0.0	0.0
0.0	0.0
0.0	0.0
-3.2184626075348888e-09	0.0
0.0	0.0
-1.463584226257808e-06	0.0
0.0	0.0
0.0	0.0
-0.0003530523681547493	0.0
0.0	0.0
-0.0006471796659752727	0.0
-0.0002934921358246356	0.003
0.0	0.003
-0.0006256737979128957	0.003
0.0	0.003
0.0	0.0
0.0	0.0
-2.078402576444205e-05	0.0
-1.965869671494147e-07	0.0
0.0	0.0
0.0	0.0
-0.0021576914004981518	0.006
0.0	0.0
0.0	0.0
0.0	0.0
0.0	0.0
0.0	0.0
0.0	0.0
0.0	0.0
0.0	0.0
-8.663763583172113e-05	0.0
-0.0013180950190871954	0.0
-7.636285772605333e-07	0.0
0.0	0.0
0.0	0.0
0.0	0.0
-0.0003116598236374557	0.0
-0.00023736609728075564	0.0
0.0	0.0
0.0	0.0
-1.1875990821863525e-06	0.0
-7.758603759455696e-10	0.0
-0.00014063385606277734	0.0
-0.0012475884286686778	0.0
-0.001446602400392294	0.0
-0.0014153745723888278	0.0
0.0	0.0
0.0	0.0
0.0	0.0
0.0	0.0
0.0	0.0
0.0	0.0
0.0	0.0
0.0	0.0
0.0	0.0
-0.008534649387001991	0.0
-1.2830270861741155e-05	0.0
0.0	0.0
-0.0001235901436302811	0.0
-2.6907146093435585e-06	0.0
0.0	0.0
0.0	0.0
-2.056088277413437e-08	0.0
0.0	0.0
-0.009284719824790955	0.0
0.0	0.0
-3.757132071768865e-05	0.0
0.0	0.0
0.0	0.0
0.0	0.0
-0.00024029341875575483	0.0
-0.0004084752581547946	0.0
-0.004906313493847847	0.0
0.0	0.0
0.0	0.0
-0.00519128143787384	0.0
-3.174693847540766e-05	0.0
0.0	1.0
0.0	0.0
-1.4058147826290224e-05	0.0
-0.0001945381663972512	0.0
-7.155968432925874e-06	0.0
-6.636628677370027e-05	0.0
-0.0006288740551099181	0.0
0.0	0.0
-3.348981772433035e-05	0.0
-1.1582141468124973e-07	0.0
0.0	0.0
-2.0396673505729268e-07	0.0
-1.4860914916425827e-06	0.0
-0.005231908522546291	0.0
-0.03691460192203522	0.0
0.0	0.0
-0.00029116260702721775	0.0
0.0	0.0
-1.088873432308901e-06	0.0
0.0	0.0
0.0	0.0
0.0	0.0
-0.015417075715959072	0.0
0.0	0.0
-0.017251286655664444	0.0
-4.328754812377156e-07	0.0
0.0	0.0
-3.245953394070966e-06	0.0
-0.002047843299806118	0.0
0.0	0.0
-0.006954587064683437	0.0
-0.007870162837207317	0.002
0.0	0.0
-1.8044714806819684e-06	0.0
0.0	0.0
0.0	0.0
-0.0009699462098069489	0.0
0.0	0.0
-0.0007259960402734578	0.0
-1.6071804509465437e-07	0.0
0.0	0.0
0.0	0.0
-0.00021622469648718834	0.0
-0.00016558609786443412	0.0
0.0	0.0
0.0	0.0
-5.16356885782443e-05	0.0
0.0	0.0
0.0	0.0
0.0	0.0
0.0	0.0
-0.0055726575665175915	0.0
0.0	0.0
-4.266120789964134e-09	0.0
0.0	0.0
0.0	0.0
-4.589873697113944e-06	0.0
-2.951252326965914e-07	0.0
0.0	0.0
0.0	0.0
0.0	0.0
0.0	0.0
0.0	0.0
-3.7710642573074438e-06	1.0
0.0	0.0
-5.3216659523513954e-08	1.0
-0.0038706674240529537	0.0
-0.0001484863751102239	0.0
0.0	0.0
-5.6979953200198e-08	0.0
0.0	0.0
0.0	0.0
0.0	0.0
-0.0003035096451640129	0.0
0.0	0.0
-2.9554632419603877e-05	0.0
-0.0002630537492223084	0.0
0.0	0.0
0.0	0.0
0.0	0.0
-2.163825385537166e-08	0.0
0.0	1.0
0.0	0.0
0.0	1.0
0.0	0.0
0.0	0.0
0.0	0.0
0.0	0.0
0.0	0.0
0.0	0.0
0.0	0.0
0.0	0.0
0.0	0.0
0.0	0.0
-1.088744102162309e-05	0.0
0.0	0.0
-0.002685075392946601	0.0
-0.006008925382047892	0.0
0.0	0.0
-0.00023801556380931288	0.0
-5.039402822148986e-06	0.0
-0.008654388599097729	0.0
-8.164048631442711e-05	0.0
0.0	0.0
0.0	0.0
-0.006017714273184538	0.0
0.0	0.0
0.0	0.0
0.0	1.0
0.0	0.0
-4.220596110826591e-06	0.319
0.0	0.319
0.0	0.0
0.0	0.0
0.0	0.0
0.0	0.0
0.0	0.0
0.0	0.0
-0.000159607850946486	0.0
-0.001024343422614038	0.0
-8.475244976580143e-05	0.0
-0.0016537448391318321	0.0
-4.790320531355974e-07	0.0
0.0	0.0
-0.0027967800851911306	0.0
-2.3522708943346515e-05	0.0
-2.698978107673611e-07	1.0
0.0	0.0
0.0	0.0
0.0	0.0
-0.002372453222051263	0.0
0.0	0.0
-0.013574909418821335	0.0
-3.6591394746210426e-05	0.0
-4.480898496694863e-05	0.0
-0.027612175792455673	0.0
-0.002569782081991434	0.0
0.0	0.0
0.0	0.0
-2.5268542231060565e-05	0.0
-1.370838390357676e-06	0.0
-3.821955397143029e-05	0.0
0.0	0.0
0.0	0.0
-0.0007258326513692737	0.0
0.0	0.0
-0.0004287139163352549	0.0
-8.365291570555655e-09	0.0
-0.00042901968117803335	0.0
0.0	0.0
0.0	0.319
-1.8590748368296772e-05	1.0
0.0	1.0
0.0	0.319
0.0	0.0
0.0	0.0
0.0	0.0
0.0	0.0
-5.7983463193522766e-05	0.0
-1.3204767057573008e-08	0.0
0.0	1.0
0.0	0.0
-1.1345042960630991e-10	1.0
-1.139663027061033e-06	0.0
0.0	1.0
0.0	1.0
-0.00020193197997286916	0.0
-2.1470210413099267e-05	0.0
0.0	0.0
0.0	0.0
0.0	0.0
-3.105272526227054e-06	0.0
-0.0028468016535043716	0.0
-7.033212909846043e-07	0.0
0.0	0.0
0.0	0.0
0.0	0.0
-0.00028454361017793417	0.0
0.0	1.0
-0.003830268746241927	0.0
-1.4499016742774984e-06	0.0
0.0	0.0
0.0	0.0
-6.089883390814066e-05	0.0
0.0	0.0
0.0	0.0
0.0	0.0
0.0	0.0
-1.6355682433411012e-11	0.0
0.0	0.0
0.0	0.0
0.0	0.0
0.0	0.0
-0.001638196874409914	0.0
-1.1100183883172576e-06	0.0
0.0	0.0
-0.004990145098417997	0.0
0.0	0.0
-7.28569648345001e-05	0.0
0.0	0.0
-0.0019526965916156769	0.0
0.0	0.0
-0.011992341838777065	0.0
0.0	0.0
-0.0004691469366662204	0.0
0.0	0.0
0.0	0.0
0.0	0.0
0.0	0.0
0.0	0.0
0.0	0.0
0.0	0.0
-0.007400320842862129	0.0
0.0	0.0
0.0	0.0
0.0	1.0
-0.00023701053578406572	1.0
0.0	0.0
-3.0472683647531085e-05	0.0
-0.00012786057777702808	1.0
0.0	1.0
0.0	0.0
0.0	1.0
-0.08064461499452591	0.0
0.0	0.0
-1.820480429159943e-05	0.0
0.0	0.058
-8.023531925666072e-13	0.0
-4.7230050768121146e-06	0.0
-0.0042806221172213554	0.0
-8.415663614869118e-05	1.0
-3.304175697849132e-05	0.0
-0.00010251752246404067	1.0
0.0	0.0
-0.00017537258099764585	0.0
-3.208994598935533e-07	0.0
-8.83808477791792e-12	0.0
0.0	0.0
0.0	0.0
0.0	0.0
-0.0035649698693305254	0.0
0.0	0.0
0.0	1.0
0.0	0.0
0.0	0.0
0.0	0.0
0.0	1.0
-0.0018041575094684958	0.0
0.0	0.0
0.0	0.0
0.0	0.0
-0.0009858031990006566	0.0
-0.0002014294295804575	0.0
0.0	0.0
-0.00024343359109479934	0.0
-0.002340647391974926	0.0
-0.00018145308422390372	0.0
0.0	0.0
0.0	0.0
-1.0512221138014866e-07	0.0
0.0	0.0
-0.00014193156675901264	0.0
0.0	0.0
-0.00554293068125844	0.0
0.0	0.0
0.0	0.0
0.0	0.0
-3.4437842799661667e-08	0.0
0.0	1.0
-4.927006557409186e-06	0.0
0.0	0.0
-2.6821624032891123e-06	0.0
-0.00029904875555075705	0.0
-0.0001050985956680961	0.0
0.0	0.0
-3.630121454989421e-06	0.0
-0.0004423182981554419	0.0
0.0	1.0
-0.0006513199186883867	0.0
0.0	0.0
-1.98021371033974e-05	0.0
0.0	0.0
0.0	0.0
-0.0015081246383488178	0.0
0.0	0.0
0.0	0.0
0.0	0.0
0.0	0.0
0.0	0.0
-0.0024251595605164766	0.0
0.0	0.0
0.0	1.0
-2.8307599677646067e-06	0.0
0.0	0.0
0.0	0.0
-1.954232435597003e-11	0.0
0.0	0.0
0.0	0.0
-7.811439828309119e-10	0.0
0.0	0.0
-5.542904091271339e-07	0.0
0.0	0.0
0.0	0.0
0.0	0.0
-0.0014668685616925359	1.0
-3.996879604528658e-05	1.0
-8.477442179355421e-07	1.0
0.0	1.0
0.0	0.0
-7.648466998944059e-05	0.0
0.0	0.0
0.0	0.0
0.0	0.0
0.0	0.0
0.0	0.0
0.0	0.0
0.0	0.0
-0.0013594209449365735	0.0
0.0	0.0
0.0	0.0
0.0	1.0
-0.0011914081405848265	1.0
0.0	0.0
0.0	1.0
0.0	0.0
0.0	0.0
-3.378318069735542e-08	0.0
0.0	0.0
0.0	0.0
-8.066343752943794e-07	0.0
0.0	0.0
0.0	0.0
0.0	0.0
0.0	0.0
-0.00011147791519761086	1.0
-4.2499250412220135e-06	0.0
-0.00011057992378482595	0.0
-2.4293456590385176e-05	1.0
0.0	0.0
0.0	0.0
0.0	0.0
0.0	1.0
-0.006602557376027107	0.0
0.0	0.0
0.0	0.0
0.0	1.0
0.0	0.0
0.0	1.0
-0.019957134500145912	0.0
0.0	0.0
-0.025235846638679504	0.0
0.0	0.0
-4.3110686461650394e-13	0.0
0.0	0.0
0.0	0.0
0.0	0.0
-0.000689420907292515	0.0
0.0	1.0
-0.004613883327692747	0.0
-0.0014652578392997384	0.0
-5.795293691335246e-05	1.0
0.0	1.0
0.0	1.0
0.0	0.0
0.0	0.0
0.0	0.001
0.0	0.0
0.0	0.0
-8.002438107723719e-07	1.0
-1.0299224584287003e-07	0.0
-2.3635191610082984e-05	0.0
0.0	0.0
-1.759437040504963e-08	0.0
-2.6237774363835342e-05	0.0
