0.0	0.0
0.0	0.0
-0.0020315039437264204	0.0
-0.004635785240679979	0.0
0.0	0.0
0.0	0.015
0.0	0.015
-0.00033711970900185406	0.03553299492385787
0.0	0.03553299492385787
-0.00013551849406212568	0.0
-0.001080466085113585	0.015544041450777202
0.0	0.03553299492385787
-1.3531929653254338e-05	0.01592356687898089
-5.769588369730627e-06	0.05888324873096447
0.0	0.05888324873096447
0.0	0.01592356687898089
-0.001457699341699481	0.0
-0.000905777036678046	0.0
0.0	0.0
0.0	0.0
-7.345590802287916e-07	0.0
-1.061946568370331e-05	0.0
-0.0003962056362070143	0.0
0.0	0.0
0.0	0.0
0.0	0.0
-0.003352448809891939	0.0
0.0	0.0
-0.0011440374655649066	0.0
-1.6733239793786936e-10	0.0
-0.0016238874522969127	0.0
0.0	0.0
0.0	0.0
-0.0014351982390508056	0.0
0.0	0.0
0.0	0.0
-8.284709807071522e-09	0.0
0.0	0.0
-0.0004723734164144844	0.0
0.0	0.0
0.0	0.0
-0.00012682446686085314	0.0
0.0	0.0
0.0	0.0
0.0	0.0
0.0	0.0
0.0	0.0
0.0	0.0
0.0	0.0
-3.835733082269144e-07	0.0
-1.507231218056404e-06	0.0
-0.000642087368760258	0.0
-0.0012018143897876143	0.0
0.0	0.0
0.0	0.0
0.0	0.0
-2.020810463410072e-10	0.0
-9.860164027486462e-07	0.0
-9.201557259075344e-05	0.0
-0.000649919908028096	0.0
-2.4868055334081873e-05	0.0
-0.005449719727039337	0.0
0.0	0.0
0.0	0.0
-0.009703580290079117	0.0
-0.049396805465221405	0.0
0.0	0.0
0.0	0.0
0.0	0.0
0.0	0.0
-3.097449519096074e-10	0.0
0.0	0.0
0.0	0.0
0.0	0.0
-0.0006908303475938737	0.0
0.0	0.0
0.0	0.0
0.0	0.0
0.0	0.0
0.0	0.0
-0.00010112812742590904	0.0
-4.153020682906572e-08	0.0
0.0	0.0
0.0	0.0
0.0	0.0
-1.1566447938093916e-05	0.0
0.0	0.0
0.0	0.0
0.0	0.0
0.0	0.0
0.0	0.0
0.0	0.0
0.0	0.0
-0.00037844516918994486	0.15
0.0	0.0
0.0	0.0
-0.00039607135113328695	0.0
0.0	0.0
-0.0006985332001931965	0.0
-0.002250806661322713	0.0
-0.007815098389983177	0.0
-0.0002289440162712708	0.0
0.0	0.0
0.0	0.0
-0.00018666725372895598	0.0
-0.00020856215269304812	0.0
0.0	0.0
-7.523280510213226e-05	0.0
-0.004758407827466726	0.0
0.0	0.0
-1.5911647555100217e-09	0.0
-1.9876576118349476e-07	0.0
0.0	0.0
-0.0024350027088075876	0.0
-6.754334026481956e-05	0.0
0.0	0.0
0.0	0.0
-9.420204878551885e-05	0.0
0.0	1.0
0.0	0.0
0.0	0.0
0.0	0.0
-0.00026253084070049226	0.0
0.0	1.0
-0.000386549043469131	0.0
-1.5844119843677618e-05	0.0
-0.0004910441930405796	0.0
0.0	0.0
0.0	0.0
-0.00035046355333179235	0.0
0.0	0.0
0.0	0.0
-1.7479064029490843e-10	0.0
0.0	0.0
-3.167777706813979e-10	1.0
0.0	0.0
0.0	1.0
0.0	1.0
-0.000540805165655911	1.0
0.0	0.0
-0.000762510986533016	0.0
0.0	0.0
0.0	0.0
-0.0008537214598618448	0.0
0.0	0.0
0.0	0.0
0.0	0.0
0.0	0.0
0.0	0.0
0.0	0.0
-0.0029610327910631895	0.0
-0.001088879187591374	0.0
-0.020331744104623795	0.0
0.0	0.0
-3.998512329417281e-05	0.0
0.0	0.0
-0.004340253304690123	0.0
0.0	0.0
0.0	0.0
0.0	1.0
0.0	0.0
-1.1808455383288674e-05	0.0
0.0	0.0
0.0	0.0
0.0	0.0
0.0	0.0
0.0	0.0
0.0	0.0
0.0	0.0
0.0	0.0
0.0	0.0
0.0	0.0
-0.0263838954269886	0.0
-5.808311698274338e-08	0.0
0.0	0.0
0.0	0.0
0.0	0.0
0.0	0.001
0.0	0.001
-0.0033441667910665274	0.0
0.0	0.0
-0.0008181886514648795	0.001
0.0	0.0
-0.00046978777390904725	0.0
0.0	0.0
0.0	0.0
0.0	0.0
0.0	0.0
-2.9137483579688706e-05	0.0
-0.0024112025275826454	0.0
0.0	0.0
-0.0024032879155129194	0.0
-0.0008933405624702573	0.0
0.0	0.0
0.0	0.0
0.0	0.0
0.0	0.0
0.0	0.0
-0.00029111135518178344	0.0
0.0	0.0
0.0	0.0
0.0	0.0
0.0	0.0
-0.006544726900756359	0.0
0.0	0.0
-2.4054742198131862e-08	0.0
0.0	0.0
0.0	0.0
0.0	1.0
-0.0011626372579485178	1.0
0.0	1.0
-2.5752829969860613e-05	0.0
-0.0001887455437099561	0.0
-0.0002902158594224602	0.0
0.0	0.0
0.0	1.0
-1.041676750901388e-05	1.0
-0.00635926378890872	0.0
0.0	1.0
0.0	1.0
0.0	0.0
0.0	1.0
0.0	0.0
-5.795948965214848e-08	0.0
0.0	0.0
0.0	0.0
0.0	0.0
0.0	0.0
0.0	0.0
0.0	1.0
0.0	1.0
-0.0002332243020646274	1.0
0.0	0.0
-2.5923866360244574e-06	1.0
-0.0008709083776921034	0.0
-9.90922011112616e-10	1.0
0.0	0.0
-4.113239629077725e-05	1.0
0.0	1.0
-0.0016141235828399658	0.0
-0.0025514387525618076	0.0
0.0	0.0
-6.684713298454881e-05	0.0
0.0	0.0
-0.000674882554449141	0.0
0.0	0.0
0.0	0.0
0.0	0.0
0.0	0.0
0.0	0.0
0.0	0.0
0.0	0.0
-7.685803575441241e-05	0.0
0.0	0.0
0.0	0.0
0.0	0.0
0.0	1.0
0.0	1.0
0.0	0.0
0.0	0.0
0.0	0.0
-0.003802939783781767	0.0
-6.974413281568559e-06	0.0
-0.010834410786628723	0.0
-6.007215051795356e-05	0.0
0.0	0.0
0.0	0.0
-0.006236657965928316	0.0
0.0	0.0
-1.5653395166737027e-05	0.0
0.0	0.0
-6.7246273829368874e-06	0.0
-0.00040588105912320316	0.0
0.0	0.0
-0.0017091733170673251	0.0
0.0	0.0
0.0	0.0
-4.809890015167184e-05	0.0
-0.0031940778717398643	0.0
0.0	0.0
0.0	0.0
-2.0754323770688643e-07	0.0
0.0	0.0
-0.002035168930888176	0.0
0.0	0.0
-1.920544928670745e-15	0.0
-1.769809750840068e-05	0.0
0.0	0.0
0.0	0.0
-7.56313147576293e-06	0.0
-9.82735728030093e-05	0.0
-4.232559604133712e-06	0.0
-2.1668512317774002e-07	0.0
0.0	0.0
0.0	0.0
-0.0007304757600650191	0.0
0.0	0.0
-0.00038819530163891613	0.0
-5.66520657230285e-06	0.0
-0.0019316838588565588	1.0
-0.003482087282463908	1.0
-0.014027418568730354	0.0
-0.015390979126095772	0.0
0.0	0.0
0.0	1.0
0.0	1.0
-4.9723468398266135e-11	1.0
0.0	1.0
-0.004736674949526787	1.0
0.0	0.0
0.0	1.0
0.0	0.0
0.0	0.0
0.0	0.0
-2.2754853489459492e-05	0.0
0.0	0.0
-0.025117116048932076	0.0
0.0	0.0
0.0	0.0
0.0	0.0
0.0	0.0
-3.855822069454007e-05	0.0
-0.0012114421697333455	1.0
-0.007434044033288956	0.0
0.0	0.0
-0.0005618708091787994	0.0
0.0	0.0
0.0	0.0
0.0	0.0
0.0	0.0
0.0	0.0
0.0	0.0
0.0	0.0
0.0	0.0
-1.1236991213081637e-06	0.0
0.0	0.0
0.0	0.0
-0.0033599850721657276	0.0
0.0	0.0
0.0	0.0
0.0	0.0
0.0	0.0
-0.007626925595104694	0.0
-2.7204907382838428e-05	0.0
-0.00017479798407293856	0.0
0.0	0.0
0.0	1.0
0.0	0.0
0.0	0.0
-0.00029159896075725555	0.0
-0.0012346099829301238	0.0
0.0	0.0
0.0	0.0
0.0	0.0
0.0	0.0
0.0	0.0
-0.006664723623543978	0.0
-2.707106432353612e-05	0.0
0.0	0.0
-0.0008225453784689307	0.0
-7.32267793068786e-08	0.0
-3.640473948962608e-07	1.0
-0.001416039071045816	0.0
0.0	0.0
0.0	0.0
-3.070594175369479e-05	0.0
-0.0011304888175800443	0.0
-5.4710570111637935e-05	0.0
0.0	0.0
0.0	0.0
0.0	0.0
0.0	0.0
-0.0001311034575337544	0.0
0.0	0.0
-1.6477302779094316e-05	0.0
0.0	0.0
0.0	0.0
0.0	0.0
-0.0004591265751514584	0.0
0.0	0.0
-1.1057942401748733e-06	0.0
-0.0036199407186359167	0.0
-0.0007465422968380153	0.0
-1.1710814078469411e-06	0.0
-4.069456143590555e-12	0.0
0.0	0.0
-5.798945039714454e-06	0.0
-2.9331471523619257e-05	0.0
-4.153255758865271e-06	0.0
0.0	0.0
-0.00018228203407488763	0.0
-0.00036363513208925724	0.0
0.0	0.0
0.0	0.0
-1.8184773864504677e-07	0.0
0.0	0.0
-7.805887435097247e-06	0.0
0.0	0.0
0.0	0.0
0.0	0.0
0.0	0.0
-7.508072030759649e-06	0.0
0.0	0.0
0.0	0.0
0.0	0.0
0.0	1.0
-0.006326643284410238	0.0
0.0	0.0
0.0	0.0
-0.0005285603692755103	1.0
0.0	0.0
0.0	0.0
-1.473150774700116e-07	0.0
0.0	0.0
0.0	0.0
-0.01819024607539177	0.0
0.0	0.0
0.0	0.0
-1.2247602398929303e-06	0.0
0.0	0.0
0.0	0.0
-0.007717597763985395	0.0
0.0	0.0
-4.898415895127073e-09	0.0
0.0	0.0
0.0	0.0
0.0	0.0
-0.003802191000431776	0.0
0.0	0.0
-1.5260780855896883e-05	0.0
-0.0002446901344228536	0.0
0.0	0.0
0.0	0.0
0.0	0.0
-3.8112164475023746e-05	0.0
0.0	0.0
-7.69134089750878e-08	0.0
0.0	0.0
0.0	0.0
-0.00018932016973849386	0.0
-9.33047861195746e-09	1.0
0.0	0.0
-4.605708454619162e-06	0.0
0.0	0.0
-9.531898831482977e-05	0.0
0.0	1.0
0.0	1.0
0.0	0.0
0.0	0.0
-0.00015687555423937738	1.0
0.0	0.0
-0.003656969638541341	0.0
-0.00044592228368856013	1.0
0.0	1.0
0.0	1.0
0.0	0.0
0.0	0.0
-4.749451363750268e-06	0.0
-0.00019926426466554403	0.0
-1.0992409239796164e-11	0.0
0.0	0.0
0.0	0.0
0.0	0.0
0.0	0.0
0.0	0.0
0.0	0.0
-0.00030192092526704073	0.0
0.0	0.0
0.0	0.0
-5.266006724014005e-07	0.0
-0.0006025236216373742	0.0
-1.0342131664953236e-11	0.0
0.0	0.0
0.0	0.0
0.0	0.0
-5.5838231816096595e-09	0.0
-1.4221722040019813e-06	1.0
0.0	1.0
0.0	0.0
0.0	0.0
0.0	0.0
0.0	0.0
-7.183140951383393e-06	0.0
0.0	0.0
-0.0001024187877192162	0.0
-0.0004287031479179859	0.007
0.0	0.007
-0.0003345419536344707	0.0
-0.00022789543436374515	0.0
0.0	0.0
-0.00021072133677080274	0.0
-0.0004045518580824137	0.0
-2.045474275291781e-06	0.0
0.0	0.0
-5.959184818493668e-06	0.0
0.0	0.0
0.0	0.0
0.0	0.0
0.0	0.0
0.0	0.0
0.0	0.0
-0.00016105560644064099	0.0
-0.03273344412446022	0.0
0.0	0.0
0.0	0.0
0.0	0.0
0.0	0.0
0.0	0.0
0.0	0.0
-0.0023798858746886253	0.0
0.0	0.0
0.0	0.0
-0.006136608310043812	0.0
0.0	0.0
0.0	0.0
-0.00011890634777955711	0.0
0.0	0.003
-0.004312330856919289	0.0
-0.0005800694925710559	0.0
-0.001001693424768746	0.0
-0.0014365949900820851	0.0
0.0	0.0
-8.69618816068396e-05	0.0
-4.0709288441576064e-05	0.0
-2.1624276996590197e-05	0.0
0.0	0.0
-1.6108408829040854e-08	0.0
0.0	0.0
-0.004189935512840748	0.0
0.0	0.0
-4.291845471016131e-06	0.0
0.0	0.0
-4.766173992244408e-17	1.0
0.0	1.0
-0.0001217300959979184	1.0
-1.6608904473969233e-08	1.0
0.0	0.0
-0.00042310357093811035	0.0
-0.0002823463873937726	0.0
0.0	0.0
0.0	0.0
-0.00014849577564746141	0.0
0.0	0.0
0.0	0.0
-0.0054814573377370834	0.0
-0.010008585639297962	0.0
0.0	0.0
0.0	0.0
0.0	0.0
0.0	0.03
-0.002269325079396367	1.0
0.0	1.0
0.0	0.0
0.0	0.0
-0.00010185740393353626	0.0
0.0	0.03
0.0	0.03
0.0	0.0
0.0	0.03
-3.771985802814015e-06	0.0
-7.569605077151209e-05	0.0
0.0	0.0
-0.00038481794763356447	0.0
-5.66305345728324e-07	0.03
0.0	0.03
0.0	0.0
-3.326189471408725e-05	0.0
-0.0004022607463411987	0.0
0.0	0.0
0.0	0.0
0.0	0.0
-4.1997165681095794e-05	0.0
-0.0021866578608751297	0.0
0.0	0.0
0.0	0.0
0.0	0.0
0.0	0.0
0.0	0.0
-4.478497430682182e-05	0.0
0.0	0.0
0.0	0.0
0.0	0.0
-6.62914487747912e-08	0.0
0.0	0.0
0.0	0.0
0.0	0.0
-7.363819167949259e-05	0.0
0.0	0.0
0.0	0.0
-1.3198559827287681e-05	0.0
-0.0005361890071071684	0.0
-5.527033941632453e-09	0.0
-0.014052215963602066	0.0
0.0	0.0
-0.01217735093086958	0.0
0.0	0.0
-0.0035082187969237566	0.0
-0.0008096914389170706	0.0
0.0	0.0
-0.0021210459526628256	0.0
0.0	0.0
0.0	0.0
-0.06728419661521912	0.0
0.0	0.015
-2.5828558136709034e-05	1.0
0.0	0.0
0.0	0.015
0.0	0.0
-8.542872092220932e-05	0.0
-0.0005102459690533578	0.0
0.0	0.0
0.0	0.0
0.0	0.0
0.0	0.0
-0.00758848711848259	0.0
-3.1261299104912155e-11	1.0
-0.001059585832990706	1.0
0.0	0.0
-3.941198656320921e-07	0.0
0.0	0.0
0.0	0.0
0.0	0.0
-1.9637454329313186e-08	0.0
0.0	0.0
0.0	0.0
-0.0008804776589386165	0.0
-0.00011334970622556284	0.0
0.0	0.0
0.0	0.0
-1.0180826848227298e-06	0.0
0.0	0.0
0.0	0.0
0.0	0.0
-0.00016678604879416525	0.0
0.0	0.0
0.0	0.0
-0.001778836245648563	0.0
-0.0001634485524846241	1.0
-0.001150421448983252	0.0
-0.0012893766397610307	0.0
0.0	0.0
0.0	0.0
0.0	0.0
-0.00030508716008625925	0.0
-0.00043246045242995024	0.0
0.0	0.0
0.0	0.0
0.0	0.0
0.0	0.0
0.0	0.0
-0.0013680707197636366	0.0
-1.4487027328868862e-05	0.0
0.0	0.0
-0.004227209370583296	0.0
0.0	0.0
-0.0018617486348375678	0.0
0.0	0.0
-0.00048096326645463705	0.0
0.0	0.0
0.0	0.0
0.0	0.0
0.0	0.0
-0.0014563006116077304	0.0
-0.00032309690141119063	0.0
0.0	0.0
0.0	0.0
-4.468996394280111e-06	0.0
0.0	0.0
0.0	0.0
0.0	0.0
-4.2665258661145344e-05	0.0
0.0	0.0
0.0	0.0
0.0	1.0
0.0	0.0
0.0	1.0
0.0	1.0
0.0	0.0
-0.0034070785623043776	0.0
0.0	0.0
-1.9423701758114476e-07	1.0
-9.044158200133268e-10	0.0
0.0	0.0
-8.113381773000583e-05	1.0
0.0	1.0
0.0	0.0
0.0	1.0
-6.154459697427228e-06	0.72
0.0	0.72
-0.0007837695302441716	1.0
-0.0025895931757986546	0.0
0.0	0.0
0.0	0.0
-2.49969843935105e-06	0.0
0.0	0.0
0.0	0.0
-0.018025528639554977	0.0
0.0	1.0
0.0	0.0
0.0	0.0
0.0	1.0
-4.29203964813496e-06	0.0
-4.124197948840447e-05	0.0
-0.0007079530623741448	0.0
0.0	0.0
0.0	0.0
0.0	0.0
0.0	0.0
-0.002585225272923708	0.0
0.0	0.0
0.0	0.0
0.0	0.0
-0.0007233197684399784	0.0
-3.028025885587482e-10	0.0
0.0	0.0
-0.000374240888049826	0.0
-0.0027525860350579023	0.0
0.0	0.0
-0.001946583273820579	0.0
-0.006817241199314594	0.0
0.0	0.0
-0.0033525757025927305	0.0
0.0	0.0
0.0	0.0
0.0	0.0
0.0	0.0
-0.0004503283998928964	0.0
-0.007412482984364033	0.0
0.0	0.0
0.0	0.0
-0.00046395734534598887	0.0
0.0	0.0
-9.6200528787449e-05	0.0
0.0	0.0
-5.515214525075862e-07	0.0
-0.003380655311048031	0.0
-5.275615330901928e-05	0.0
0.0	0.0
0.0	0.0
-4.61494067849344e-07	0.0
0.0	0.0
0.0	0.0
-0.0013795930426567793	0.0
0.0	0.0
0.0	0.0
-1.5354450155768973e-08	0.0
0.0	0.0
0.0	0.0
-1.5203400835162029e-05	0.0
0.0	0.0
-0.0060373637825250626	0.0
0.0	0.0
0.0	0.0
-0.001918305642902851	0.0
-0.009118384681642056	0.01
0.0	1.0
0.0	0.0
0.0	0.01
-0.00037806708132848144	0.0
0.0	0.01
0.0	0.0
-5.794755452370737e-06	0.01
-5.087794079372543e-07	0.01
-9.425375901628286e-05	0.0
0.0	0.0
0.0	0.0
-0.0025779185816645622	0.0
0.0	0.0
0.0	0.0
-0.0002333397715119645	0.0
-4.450069354788866e-06	0.0
0.0	0.0
-3.024087220637739e-07	0.0
0.0	0.0
0.0	0.0
-3.588380437236083e-08	0.0
0.0	0.0
0.0	0.0
0.0	0.0
-5.0368380470899865e-06	0.0
0.0	0.0
-2.0885324829578167e-06	0.0
-0.0008641874301247299	0.0
-1.1031936537619913e-06	0.0
0.0	0.0
0.0	0.0
0.0	0.0
0.0	0.0
0.0	0.0
0.0	0.0
0.0	0.0
0.0	0.0
0.0	0.0
-0.07483015954494476	0.0
-0.000320625927997753	0.0
0.0	0.0
0.0	0.0
-0.004753753077238798	0.0
-0.0008108605979941785	0.0
0.0	0.0
0.0	0.0
0.0	0.0
0.0	0.0
-0.000472105952212587	0.0
0.0	0.0
-1.6898042964896831e-09	0.0
0.0	0.0
0.0	0.0
0.0	0.0
-0.002313984092324972	0.0
-0.009997443296015263	0.0
-0.006971106864511967	0.0
-5.062267272037957e-11	0.0
-0.000320950523018837	0.0
-3.641220473582507e-06	0.0
0.0	0.0
0.0	0.0
0.0	0.0
-0.0002923895663116127	0.0
-3.450456915743416e-07	0.0
-4.519919438727982e-10	0.0
0.0	0.0
0.0	0.0
-0.0008133387891575694	0.0
-0.0003581227792892605	0.0
-2.0346903966128593e-06	0.0
0.0	0.0
0.0	0.0
-0.010905866511166096	0.0
0.0	0.0
-1.4848114005872048e-05	0.0
-0.0005378565401770175	0.0
0.0	0.0
0.0	0.0
-2.1068000933155417e-05	0.0
-1.495390122840945e-08	0.0
0.0	0.0
0.0	0.0
-0.0001047590994858183	0.0
-0.26526927947998047	0.0
0.0	0.0
0.0	0.0
0.0	0.0
-1.1624409125943203e-05	0.0
-0.0003032134263776243	0.0
0.0	0.0
0.0	0.0
0.0	0.0
-8.317592437379062e-05	0.015
-3.072036997764371e-05	0.0
-8.219523442676291e-05	0.0
0.0	0.0
-2.144363497791346e-05	0.056
0.0	0.0
0.0	0.0
-0.00011998406989732757	0.0
0.0	0.0
0.0	0.0
-6.628050414292375e-06	0.0
-5.504324144567363e-05	0.0
-7.980116060934961e-05	0.0
0.0	0.0
-5.46939299965743e-05	0.0
-2.318780161658651e-06	0.002
-0.00045578458230011165	0.0
-1.5013582044254292e-10	0.0
0.0	0.002
0.0	0.0
-1.3846854926669039e-05	0.002
-3.772299169213511e-05	0.0
0.0	0.0
-9.157162139672437e-08	0.0
-2.4762824978097342e-05	0.0
0.0	0.0
0.0	0.0
0.0	0.0
0.0	0.0
-2.117032408932573e-06	0.0
0.0	0.0
-0.0001492430455982685	0.0
-6.237296190647612e-08	0.0
0.0	0.0
-1.0880058631812517e-08	0.0
-1.4338302207761444e-05	0.0
0.0	0.0
-0.003609971608966589	0.0
-2.239365676359739e-05	0.0
0.0	0.0
0.0	0.0
0.0	0.0
-0.0019719223491847515	0.0
