-5.602663441095501e-05	0.0
0.0	0.0
0.0	0.0
-8.785149248069501e-07	0.0
-0.00044189533218741417	0.0
-0.000163302815053612	1.0
-0.0011428780853748322	0.0
0.0	0.0
-0.0001437252212781459	0.0
0.0	0.008
-4.8755970055935904e-05	0.008
0.0	0.0
0.0	0.008
-0.0096821254119277	0.0
0.0	0.0
0.0	0.0
-0.003302760189399123	0.0
-0.0007096598274074495	0.0
-2.8078025593458733e-07	0.0
0.0	0.0
0.0	0.0
0.0	0.0
0.0	0.0
-0.00026563351275399327	0.0
0.0	1.0
0.0	0.0
0.0	0.0
-9.018764103529975e-05	1.0
-1.4002483112562913e-05	0.0
0.0	1.0
-0.0005128395860083401	0.0
0.0	0.0
-0.006217097397893667	0.0
-0.00027674692682921886	0.0
0.0	0.0
0.0	0.0
0.0	0.0
-0.00022837304277345538	1.0
0.0	0.0
0.0	0.839
-0.00039815224590711296	0.0
0.0	0.0
-0.0006807114696130157	1.0
-0.0014610894722864032	0.0
-2.7124606560846587e-08	0.0
0.0	0.0
0.0	0.0
0.0	0.0
0.0	0.0
0.0	0.0
0.0	0.0
0.0	0.0
-0.004982324317097664	0.0
0.0	0.0
0.0	0.0
0.0	0.0
-2.212520732539769e-16	0.0
0.0	0.0
0.0	1.0
0.0	1.0
0.0	0.0
-3.5855141504725907e-06	0.0
-1.5944512199439487e-07	0.0
0.0	1.0
-0.0004493767919484526	1.0
-1.597914524609223e-05	0.0
-4.754577176413477e-08	1.0
0.0	1.0
0.0	0.0
-2.830780658769072e-06	0.0
0.0	0.0
0.0	1.0
-0.0021884434390813112	1.0
0.0	0.0
0.0	0.0
-2.033736564044375e-06	0.0
0.0	0.0
-0.0011165501782670617	0.0
-0.001473405514843762	0.0
-3.0077383144089254e-06	0.0
-3.785929948207922e-05	0.0
0.0	0.0
-1.1553478543646634e-05	0.0
0.0	0.0
-0.014746738597750664	0.0
-0.00010843895142897964	0.0
0.0	0.0
-5.9472447901498526e-05	0.0
0.0	0.0
0.0	0.0
0.0	0.0
0.0	0.0
-1.958101847776561e-06	0.0
-0.002211329760029912	0.0
-0.0025022169575095177	0.0
-0.006710021290928125	0.0
0.0	0.0
-0.014107268303632736	0.0
0.0	0.0
-0.018945079296827316	0.0
0.0	0.0
0.0	0.0
-1.5801980453034048e-06	0.0
-0.013387922197580338	0.0
0.0	0.0
0.0	0.0
0.0	0.0
-0.001915963483043015	0.0
0.0	0.0
-0.0015786988660693169	0.0
0.0	0.0
0.0	0.0
-9.11001261556521e-05	0.0
-0.0011215656995773315	0.0
-0.010035047307610512	0.0
0.0	0.0
0.0	0.0
-0.0013210282195359468	0.0
0.0	0.0
0.0	1.0
0.0	1.0
0.0	0.0
0.0	1.0
-0.0006139719625934958	0.0
0.0	1.0
-2.3637325341496762e-07	1.0
-2.215296035501524e-08	0.0
0.0	1.0
-0.0008345353999175131	0.839
0.0	0.0
-0.0008835174958221614	0.839
0.0	0.0
-0.0007079953793436289	0.0
-0.008397514931857586	0.0
0.0	0.0
0.0	0.0
-5.509299808181822e-05	0.0
0.0	0.0
0.0	0.0
-0.003590008709579706	0.0
-0.000764936616178602	0.0
-0.002489933278411627	0.0
-5.096697714179754e-05	0.0
0.0	0.0
0.0	0.0
0.0	0.0
0.0	0.0
0.0	0.0
-0.015167933888733387	0.0
0.0	0.0
0.0	0.0
0.0	0.0
0.0	0.0
0.0	0.0
0.0	0.0
-3.1386596674565226e-05	0.0
0.0	0.0
0.0	0.0
-0.0002553766535129398	0.0
0.0	0.0
0.0	0.0
0.0	0.0
-3.7618661735905334e-05	0.0
0.0	0.0
-3.0654401239615936e-09	0.081
0.0	0.081
0.0	0.0
-0.0033373036421835423	0.0
0.0	0.0
-0.0005454318015836179	0.0
0.0	0.0
0.0	0.0
0.0	0.0
-9.331984784921588e-08	0.0
0.0	0.0
0.0	0.0
-0.003251379355788231	0.0
-6.111576578149425e-09	0.0
-0.0035396162420511246	0.0
-0.0002730895357672125	0.0
-0.001056356937624514	0.0
0.0	0.0
0.0	0.0
0.0	0.0
0.0	0.0
0.0	0.0
-5.31613064680414e-09	0.0
0.0	0.0
0.0	0.0
0.0	0.0
0.0	0.0
-0.003200418781489134	0.0
0.0	0.0
0.0	1.0
0.0	0.0
-2.289441747294063e-09	0.0
0.0	0.0
0.0	0.029
-6.495427805930376e-05	0.029
-0.0005305905942805111	0.0
-0.0012359825195744634	0.029
-0.0004071646835654974	0.029
0.0	1.0
-0.000108133397588972	0.0
0.0	1.0
0.0	0.0
-0.004390456713736057	0.0
-0.007248258218169212	0.0
0.0	0.0
0.0	0.0
0.0	0.0
-0.00021952454699203372	0.0
0.0	0.0
-0.006506092380732298	0.002
0.0	0.0
-2.2717879346600967e-06	0.0
0.0	0.002
0.0	0.0
0.0	0.002
-3.0756742489757016e-05	0.0
0.0	0.0
0.0	0.0
-0.006034850608557463	0.0
-4.728091153083369e-05	0.019
-0.0025982148945331573	0.0
-0.003427068702876568	0.0
-0.0008827494457364082	0.0
0.0	0.0
-6.549933004862396e-06	0.0
0.0	0.0
-0.01580072194337845	0.0
-1.156664779955463e-06	0.0
0.0	0.0
-0.0018024526070803404	0.0
0.0	0.0
0.0	0.0
0.0	0.0
0.0	0.0
-0.04479736462235451	0.0
-0.0003120733017567545	0.0
0.0	0.0
-1.6064070962329424e-08	0.0
0.0	0.0
0.0	0.0
-0.0006021017325110734	0.0
-0.004462775308638811	0.0
-6.697208300465718e-05	0.0
0.0	0.0
0.0	0.0
-0.005304076708853245	0.0
0.0	0.0
-3.4892582334578037e-06	0.0
0.0	0.0
0.0	0.0
0.0	0.0
0.0	0.0
0.0	0.0
-0.00025567662669345737	0.0
-3.7494774005608633e-06	0.0
0.0	0.0
-8.100829290924594e-05	0.0
-0.00046794177615083754	0.0
-0.0012135258875787258	0.0
-0.002526272786781192	0.0
0.0	0.0
-0.0029955129139125347	0.0
0.0	0.0
-0.0003671589947771281	0.0
0.0	0.0
-7.003697533036757e-08	0.0
-0.002008296549320221	0.0
0.0	0.0
-0.019765444099903107	0.0
0.0	0.0
0.0	0.0
0.0	0.0
0.0	0.0
0.0	0.0
-0.0017796833999454975	0.0
0.0	0.0
0.0	0.0
-0.009075943380594254	0.0
0.0	0.0
-0.002039658837020397	0.0
-7.878139172134979e-07	0.0
-5.347885235096328e-06	0.0
-0.0009309810702688992	0.0
0.0	0.0
0.0	0.0
-9.510406925983261e-06	0.0
-3.534908754598831e-10	0.0
0.0	0.0
0.0	0.0
-0.0011452806647866964	0.0
0.0	0.0
0.0	0.0
-0.02534336969256401	0.0
0.0	0.0
0.0	0.0
0.0	0.0
0.0	0.0
-7.308941803785274e-06	0.0
0.0	0.0
0.0	0.0
-0.0010068702977150679	0.0
-5.872474503121339e-06	0.0
-1.2355835110611224e-07	0.0
-8.106185305223335e-07	0.0
0.0	0.0
0.0	0.0
-6.2217636696004774e-06	0.0
0.0	0.0
0.0	0.0
0.0	0.0
0.0	0.0
0.0	0.0
0.0	0.0
-0.0010284994496032596	0.0
0.0	0.0
0.0	0.0
-2.063100197347012e-07	0.0
-0.005668397061526775	0.0
-0.00014138584083411843	0.0
0.0	0.0
0.0	0.0
0.0	0.0
0.0	0.0
-0.0014004012336954474	0.0
0.0	0.0
-0.0003386341850273311	0.0
-0.006293999496847391	0.0
-8.948278923393005e-11	0.0
0.0	0.0
0.0	1.0
0.0	0.0
-0.00020235560077708215	0.0
0.0	0.0
0.0	0.0
0.0	1.0
-0.002866167575120926	0.0
-3.3360197448928375e-07	0.0
0.0	0.0
0.0	0.0
0.0	1.0
-1.2721553730443702e-06	0.0
-7.666527380933985e-05	0.0
0.0	0.0
0.0	0.0
-1.999410415010061e-05	0.0
0.0	0.0
-0.0011158559937030077	0.0
0.0	0.0
0.0	0.0
0.0	0.0
0.0	0.0
-6.456683081523806e-07	0.0
-0.00028569603455252945	0.0
-0.00815429538488388	0.0
0.0	0.0
-0.013084836304187775	0.0
0.0	0.006
0.0	0.0
0.0	0.006
-0.00010337322601117194	0.0
-0.0015578471357002854	0.0
-0.0006098560988903046	0.0
0.0	0.0
-8.053346184366816e-11	0.0
0.0	0.0
0.0	0.0
0.0	0.0
-0.00039267094689421356	0.0
0.0	0.0
-1.7034984693964361e-06	0.0
0.0	0.0
0.0	0.0
0.0	0.0
0.0	0.0
-4.2044325709866825e-06	0.003
0.0	0.0
-2.0285682467147126e-07	0.0
0.0	0.003
0.0	0.003575685339690107
-0.012334314174950123	0.0
0.0	0.0
0.0	0.0
0.0	0.0
-2.0241792617059495e-11	0.0
0.0	0.0
-0.0004997265059500933	0.0
-9.16082935873419e-05	0.0
-4.631169758795295e-06	0.0
-0.00011799381900345907	0.0
0.0	0.0
0.0	0.0
0.0	0.0
-0.0021772109903395176	0.0
-0.0010686104651540518	0.0
-5.390712431108113e-06	1.0
0.0	0.0
-0.0024979000445455313	0.0
0.0	0.0
0.0	0.0
-1.5071345842443407e-06	0.0
0.0	0.0
-0.000732371408957988	0.0
0.0	0.0
0.0	0.0
0.0	0.0
0.0	0.0
0.0	0.0
-0.001169789582490921	0.0
0.0	0.0
-1.2716010360236396e-06	0.0
-4.387145963846706e-05	0.0
-2.6097453087459144e-09	0.0
0.0	0.0
0.0	0.0
-0.0030399684328585863	0.0
-1.799762294751872e-08	0.0
0.0	0.0
0.0	0.0
-0.0002622311294544488	0.0
-0.00024742400273680687	0.0
-5.067131496616639e-07	0.0
0.0	0.0
-2.9076068130962085e-07	0.0
-0.0002704570069909096	0.0
-4.7138793888734654e-05	0.0
-0.004016134887933731	0.0
-0.005817014258354902	0.0
0.0	0.0
0.0	1.0
-2.4641720301588066e-05	0.0
0.0	0.0
-3.6573464967659675e-06	1.0
-5.264875539978675e-07	0.0
0.0	0.0
-0.00279180146753788	0.0
0.0	1.0
-4.345030447439058e-06	1.0
0.0	0.0
-1.2939771920628118e-07	0.0
-1.2270286788407248e-05	1.0
-4.4115303410308115e-08	0.0
-0.00012506265193223953	1.0
0.0	1.0
-0.001268492080271244	0.0
-0.0014643246540799737	0.0
-0.00013263033179100603	0.0
0.0	0.0
-0.001920968061313033	0.0
0.0	0.0
-2.278493411722593e-05	0.0
-0.0006374100339598954	0.0
0.0	0.0
0.0	0.0
0.0	0.0
0.0	0.0
0.0	0.0
-3.1799820135347545e-05	0.0
0.0	0.0
-0.022983282804489136	0.0
-3.264144106651656e-05	0.0
0.0	0.0
0.0	0.0
0.0	0.0
-2.7862719434779137e-05	1.0
0.0	0.0
0.0	0.0
0.0	1.0
0.0	0.0
0.0	1.0
0.0	0.0
0.0	0.0
0.0	0.0
-0.0002704850339796394	1.0
0.0	0.0
-0.00018811662448570132	0.0
-0.0008132694638334215	1.0
-2.4713590391911566e-06	0.0
0.0	0.0
-5.581259392783977e-05	0.0
0.0	1.0
-0.004485660698264837	0.0
0.0	0.0
0.0	0.0
0.0	0.0
-5.678312390955398e-06	0.0
0.0	1.0
-1.058217890204105e-06	1.0
0.0	0.0
-2.121560464729555e-05	0.0
-1.5416906080645276e-06	0.0
0.0	0.0
0.0	0.0
0.0	0.0
-6.68326975983291e-08	0.0
-0.0032400148920714855	0.0
0.0	0.0
0.0	1.0
0.0	0.0
0.0	0.0
-0.02597270905971527	0.0
0.0	0.0
0.0	0.0
0.0	0.0
0.0	0.0
-0.00160287506878376	0.0
0.0	0.0
-1.9541832898539724e-06	0.0
-0.0062978994101285934	0.0
0.0	0.0
0.0	0.0
0.0	0.0
0.0	0.0
0.0	0.0
-4.479725390638123e-08	1.0
-0.00046222980017773807	0.0
0.0	1.0
0.0	1.0
-2.2515433073522217e-08	0.0
0.0	0.0
-0.00026965385768562555	0.0
-0.0013285944005474448	0.0
0.0	0.0
-3.163993460475467e-05	0.001
0.0	0.001
0.0	0.001
-4.673598823501379e-07	0.0
0.0	0.001
0.0	0.0
0.0	0.0
0.0	1.0
0.0	0.839
0.0	1.0
-0.00018102065951097757	1.0
-0.0003319171373732388	0.0
-3.2392765660915757e-06	0.0
0.0	0.0
0.0	0.0
0.0	0.0
0.0	0.0
0.0	0.0
0.0	0.0
-0.002411452354863286	0.0
0.0	1.0
-0.0009808922186493874	0.0
0.0	0.0
0.0	0.0
-5.523387471839669e-07	0.0
0.0	0.003
-1.5099765732884407e-05	0.0
0.0	0.0
0.0	0.0
0.0	0.0
0.0	0.0
-6.491722359669438e-08	0.0
0.0	1.0
0.0	0.0
-0.003289397107437253	0.0
-0.002159400610253215	0.0
0.0	0.0
0.0	0.0
0.0	0.0
-0.0011946253944188356	0.0
-0.0013828437076881528	0.0
-1.2991046460797406e-08	0.0
0.0	0.0
-0.004614757373929024	0.0
0.0	0.0
-8.313485899691386e-09	0.0
0.0	0.0
0.0	0.0
0.0	1.0
-0.00023994894581846893	1.0
-1.5607141904183663e-05	1.0
0.0	1.0
0.0	0.0
0.0	0.0
0.0	0.0
0.0	0.0
0.0	0.0
-4.346614150563255e-05	0.0
-0.00012304008123464882	0.0
0.0	0.0
0.0	0.0
0.0	0.0
-0.003620229195803404	0.0
0.0	0.0
0.0	0.0
-0.040185779333114624	0.0
0.0	0.0
0.0	0.0
0.0	1.0
-0.000483502633869648	0.0
-0.00044238768168725073	0.0
0.0	0.0
0.0	0.0
-0.004383856430649757	0.0
-5.673811392625794e-05	0.0
0.0	0.0
0.0	0.0
0.0	0.0
-2.297092396474909e-05	0.0
-1.4765375588865481e-08	0.0
-0.00010062757064588368	0.0
-0.0028318786062300205	0.0
-3.6835535865975544e-06	0.0
-6.455577386077493e-05	0.0
-0.0005362957599572837	0.0
-1.2615768127943738e-06	0.0
0.0	0.0
0.0	0.0
-6.602932899113512e-06	0.0
-9.976390720112249e-05	0.0
-0.00014605667092837393	0.0
-2.1681790940419887e-07	0.0
0.0	0.0
-0.0003326335863675922	0.0
0.0	0.0
0.0	0.0
-0.0013575077755376697	0.0
-2.5118390567513416e-07	0.0
0.0	0.0
0.0	0.0
-0.004078741185367107	0.0
0.0	0.0
0.0	0.0
-5.132603473612107e-05	0.0
0.0	0.0
-5.381331902754027e-06	0.0
0.0	0.0
0.0	0.0
0.0	0.0
-4.122291647945531e-05	0.0
0.0	0.0
0.0	0.0
-0.00011135464592371136	0.0
-3.364378062542528e-05	0.0
-0.0005437385989353061	0.0
0.0	1.0
-7.182304671005113e-06	1.0
0.0	0.0
-2.2817348508397117e-06	0.0
0.0	0.0
0.0	0.0
0.0	0.001
-0.0001248581538675353	0.0011918951132300357
0.0	0.001
0.0	0.0
-0.0017522484995424747	0.0
0.0	0.001
-1.8672946680453606e-05	0.001
0.0	0.001
-0.00025938625913113356	0.001
0.0	0.001
-1.327022891928209e-05	0.0
-1.196077027998399e-05	0.001
0.0	0.0
0.0	0.0
-1.1668974366330076e-05	0.0
-8.25979805085808e-05	0.0
-6.342385313473642e-05	0.0
-0.00012308625446166843	0.0
0.0	0.0
-0.0017177361296489835	0.0
0.0	0.0
-1.7177286281366833e-05	0.0
-0.0010096946498379111	0.0
-4.779238679475384e-06	0.0
-9.337443771073595e-06	0.0
0.0	0.0
0.0	0.0
-0.0009444460738450289	0.0
0.0	0.0
0.0	0.0
0.0	0.0
0.0	0.0
0.0	0.0
0.0	0.0
-0.00041991498437710106	0.0
0.0	0.0
0.0	0.0
0.0	0.0
0.0	0.0
0.0	0.0
0.0	0.0
0.0	0.0
0.0	1.0
-0.002379369456321001	0.0
-6.824829057450188e-08	0.0
-0.009604498744010925	0.0
0.0	0.0
0.0	0.0
-7.132889550121035e-07	0.0
0.0	0.0
-4.4615515548684925e-07	0.0
-3.536714814345032e-07	0.0
-2.109795810278925e-10	0.0
-0.011071804910898209	0.0
-9.46742293308489e-05	0.0
-0.0006601460627280176	0.0
-0.006124353036284447	0.0
-1.010288451652741e-05	0.0
0.0	0.0
0.0	0.0
-0.00262903212569654	0.0
0.0	0.0
0.0	0.0
-0.0001734535035211593	0.0
-0.00031509011751040816	0.0
-4.047632629067266e-08	0.0
-2.882299668272026e-05	0.0
0.0	0.0
-2.9392527908095323e-12	0.0
0.0	0.0
-2.439600621073623e-06	0.0
-0.004592031240463257	0.0
0.0	0.0
-0.0002738345065154135	0.0
0.0	0.0
-0.0003344248980283737	0.0
0.0	0.0
-0.0020714078564196825	0.0
-0.0015548683004453778	0.839
-0.0331542082130909	0.0
0.0	0.0
0.0	0.0
-0.0010100111830979586	0.0
0.0	0.839
0.0	0.0
0.0	0.0
-4.234317430018564e-08	0.0
-0.0004077980120200664	0.0
-0.0006996192969381809	0.0
0.0	1.0
0.0	1.0
0.0	0.0
-7.154312243073946e-06	1.0
0.0	0.0
-1.4950597687857226e-05	0.0
-0.0003799523401539773	0.0
0.0	0.0
0.0	0.0
0.0	0.0
0.0	0.0
0.0	0.0
0.0	0.0
0.0	0.0
-0.0003211991861462593	0.0
-8.496993359585758e-06	0.132
-2.818428811224294e-06	0.0
0.0	0.0
0.0	0.0
0.0	0.0
0.0	0.0
-0.00010591794125502929	0.0
0.0	0.0
-0.0007854914292693138	0.0
-1.5569961760775186e-05	0.0
0.0	0.0
-0.0003104576899204403	0.0
-6.761279655620456e-05	0.0
0.0	0.0
0.0	0.0
0.0	0.0
0.0	0.0
-0.0002655317366588861	0.0
-0.0008530889172106981	0.0
-0.002913145814090967	0.0
-0.0016639560926705599	0.0
0.0	0.0
0.0	0.0
-0.023552358150482178	0.0
-0.0013861646875739098	0.0
0.0	0.0
-0.01059702504426241	0.0
0.0	0.0
0.0	0.0
0.0	0.0
-1.1258555865367725e-08	0.0
-0.000722910335753113	0.0
-4.124870974919759e-05	0.0
-0.0016521207289770246	0.0
-0.0002975138195324689	0.0
-0.0013972617452964187	0.0
-0.0014640118461102247	0.0
0.0	0.0
0.0	0.0
-0.0019993011374026537	0.0
-9.589479304850101e-06	0.0
0.0	0.0
0.0	0.0
0.0	0.0
0.0	0.0
0.0	0.0
0.0	0.0
0.0	0.0
-0.000576490187086165	0.0
0.0	0.0
0.0	0.0
-0.0005135934916324914	0.0
0.0	0.0
0.0	0.0
-0.006329969968646765	0.0
-4.856161339716891e-08	0.0
-1.6523837587101298e-07	0.0
-0.00012208506814204156	0.0
0.0	0.0
0.0	1.0
0.0	0.0
-0.0004928329726681113	0.0
0.0	0.0
0.0	0.0
0.0	0.0
0.0	0.0
0.0	0.0
-0.00023628291091881692	0.0
0.0	0.0
-0.0005996512481942773	0.0
0.0	0.0
0.0	0.0
0.0	0.0
0.0	0.0
0.0	0.0
-0.0009937387658283114	0.0
0.0	0.0
-8.540972658011015e-07	0.0
0.0	0.0
0.0	0.0
-0.0035741778556257486	0.0
-5.087828867544886e-06	0.0
-0.00010376398859079927	0.0
0.0	0.0
0.0	0.0
-0.0005689157405868173	0.0
-8.663753270354846e-09	1.0
-2.388092798355501e-05	1.0
0.0	0.0
0.0	0.0
0.0	0.0
0.0	0.0
0.0	0.0
-0.00013953581219539046	0.0
0.0	0.0
0.0	0.0
0.0	0.0
0.0	0.0
0.0	0.0
0.0	0.0
-4.430770732407295e-14	0.0
0.0	0.0
-5.622620733447548e-07	0.0
0.0	0.0
-0.00033617133158259094	0.0
0.0	0.0
-8.15497409184518e-12	0.0
0.0	0.0
0.0	0.0
-0.00046767701860517263	0.0
-0.004829700570553541	0.0
0.0	0.0
0.0	0.0
0.0	1.0
-7.575910785817541e-06	0.006
-0.00014015720807947218	0.0
0.0	0.0
0.0	0.0
-0.0008525878074578941	0.0
-9.340212272945791e-06	0.0
0.0	0.0
-0.00011284547508694232	0.0
-0.0019269350450485945	0.0
0.0	0.0
-0.0060858591459691525	0.0
0.0	0.0
-0.00040481906034983695	0.0
0.0	0.0
-4.564813480101293e-06	0.0
-6.307726341248099e-09	0.0
0.0	1.0
-0.006977940443903208	0.0
0.0	0.0
0.0	0.0
0.0	0.0
-6.930562027052112e-12	0.0
0.0	0.0
0.0	0.0
0.0	0.0
0.0	0.0
-0.00023762710043229163	0.0
