0.0	0.0
-0.0033774550538510084	0.0
-1.2198272258956422e-07	0.0
-0.0013819296145811677	0.0
-0.0009767208248376846	0.0
0.0	0.0
-0.000406756647862494	0.0
0.0	0.0
0.0	0.0
0.0	0.0
0.0	0.0
0.0	0.0
-0.0008443189435638487	0.0
-0.00037963432259857655	0.0
-1.8239435738934707e-16	0.0
-0.0008720861515030265	0.0
0.0	0.0
0.0	0.0
-0.0036510671488940716	0.0
-0.00047457407345063984	0.0
0.0	0.0
-8.937713573686779e-07	0.0
0.0	0.0
0.0	0.0
-7.330541507144517e-09	0.0
0.0	0.0
0.0	0.0
-0.001015536836348474	0.0
0.0	0.0
0.0	0.0
0.0	0.0
0.0	0.0
0.0	0.0
0.0	0.0
0.0	0.0
0.0	0.0
0.0	0.0
-0.0001362054463243112	0.0
0.0	0.0
0.0	0.0
-1.6005929865059443e-05	0.0
-3.072774916290655e-06	0.0
0.0	0.0
0.0	0.0
-6.956101827881866e-08	0.0
0.0	0.0
0.0	0.0
0.0	0.0
0.0	0.0
0.0	0.0
0.0	0.0
0.0	0.0
-4.018228719360195e-05	0.0
-1.1978164238257705e-08	0.0
0.0	0.0
-0.0022485333029180765	0.0
0.0	0.0
-0.0045201475732028484	0.0
0.0	0.0
-0.0003248030843678862	0.0
-2.865913847927004e-05	0.0
-1.8557944713393226e-05	0.0
0.0	0.0
0.0	0.0
0.0	0.0
0.0	0.0
-0.002113988157361746	1.0
0.0	0.0
-8.28483722598028e-12	0.0
0.0	0.0
-0.0036043289583176374	0.184
0.0	0.0
-0.019748136401176453	0.0
-1.1583827472350094e-05	0.0
0.0	0.0
-0.0004968614084646106	0.0
0.0	0.0
0.0	0.184
-0.000597176025621593	0.0
0.0	0.0
-4.6918199103629377e-08	0.0
0.0	0.0
-3.759030732908286e-06	0.0
0.0	0.0
-0.0012998335296288133	0.0
0.0	0.0
-0.0001704436435829848	0.0
0.0	0.0
-0.003036228008568287	0.0
0.0	0.0
-0.0028069198597222567	0.0
0.0	0.0
0.0	0.0
-2.7192257334718306e-09	1.0
0.0	1.0
-0.008525237441062927	0.0
0.0	1.0
-0.0015329808229580522	0.0
-2.9960678148199804e-05	0.0
-1.625957702344749e-05	0.0
0.0	0.0
0.0	0.0
0.0	0.0
0.0	0.0
-0.0016437656013295054	0.0
0.0	0.0
0.0	0.0
-1.0064884918392636e-05	0.0
-0.0046974364668130875	0.0
0.0	0.0
0.0	0.0
0.0	0.0
0.0	0.0
0.0	0.0
-0.0015890512149780989	0.0
-0.0002145323669537902	0.0
-6.806970486650243e-05	0.0
0.0	0.0
0.0	0.0
0.0	0.0
-9.473787976332915e-09	0.0
-2.4322764147655107e-05	0.0
0.0	0.0
-5.55604117380426e-07	0.0
-0.007657900452613831	0.0
-2.6380570261608227e-07	0.0
0.0	0.0
0.0	0.0
-0.0001750912342686206	0.0
0.0	0.0
0.0	0.0
-0.0001709860807750374	0.0
0.0	0.0
0.0	0.0
0.0	1.0
0.0	0.0
0.0	0.0
0.0	0.0
-0.00031826927443034947	1.0
-6.05209352215752e-05	1.0
0.0	0.0
-0.0007325739716179669	0.0
-0.00025110619026236236	0.0
-0.0008733718423172832	0.0
0.0	0.0
0.0	0.0
0.0	0.0
-0.002222105162218213	0.0
0.0	0.0
0.0	0.0
0.0	0.0
-3.1593910534866154e-05	0.0
-0.00020275112183298916	0.0
0.0	0.0
0.0	0.0
0.0	0.0
-0.0022489039693027735	0.0
-0.007216015364974737	0.0
-0.0020206293556839228	0.0
-0.0021682491060346365	0.0
0.0	0.0
0.0	0.0
0.0	0.0
0.0	0.0
-0.00016391932149417698	0.0
-1.3513128578779288e-05	0.0
-0.009634223766624928	0.0
-0.0018965499475598335	0.0
0.0	0.0
-0.0025220541283488274	0.0
-1.2541381693154108e-05	1.0
0.0	0.0
0.0	0.0
0.0	0.0
-0.00140086910687387	0.0
0.0	0.0
0.0	0.0
-5.212186079006642e-05	1.0
-8.488791891636538e-09	1.0
0.0	0.0
-0.002115681767463684	0.0
-0.007946357131004333	0.025
0.0	0.0
0.0	0.0
-7.903176447143778e-05	0.0
-0.004707199055701494	0.0
0.0	0.0
0.0	0.0
0.0	0.0
0.0	0.0
0.0	0.0
-6.255218522710493e-06	0.0
-3.127837317151716e-06	0.0
-1.7462170944781974e-05	0.0
0.0	1.0
0.0	0.0
-0.0010264227166771889	0.0
-0.0003176793979946524	0.0
-0.013946115039288998	0.0
0.0	0.0
-2.598535807103036e-13	0.0
-1.0324614940770971e-08	1.0
-0.0004148863663431257	0.0
0.0	0.0
0.0	0.0
0.0	0.0
-5.479518206362444e-13	0.0
-3.7203161440402255e-08	0.0
0.0	0.003
0.0	0.0
0.0	0.0
0.0	0.003
0.0	1.0
0.0	1.0
-0.0009906883351504803	0.0
-4.7562196414219216e-05	0.0
-0.0003913183754775673	0.016
0.0	0.0
0.0	0.0
-0.005073194392025471	0.0
0.0	0.016
-0.00030241100466810167	0.0
-0.0015917383134365082	0.0
0.0	0.016
-1.6739819329814054e-05	0.0
0.0	0.0
0.0	0.0
-0.0010986457346007228	0.0
0.0	0.0
0.0	1.0
0.0	0.0
-2.588143979664892e-05	0.0
-0.001416879124008119	0.0
0.0	0.0
0.0	1.0
0.0	0.0
0.0	1.0
0.0	0.002
0.0	0.002
-1.2931215678690933e-05	0.0
0.0	0.002
-8.983115549199283e-07	0.0
0.0	0.0
-1.285140740492352e-07	0.0
0.0	0.0
-1.7361237041768618e-05	0.0
-0.0038135512731969357	0.0
-1.0109087270393502e-05	0.0
0.0	0.0
0.0	0.0
0.0	0.0
0.0	0.0
0.0	0.0
0.0	0.0
0.0	0.0
0.0	0.0
-0.00024325191043317318	0.0
0.0	1.0
0.0	0.0
0.0	0.0
-0.002822487149387598	0.0
0.0	0.0
0.0	0.0
0.0	0.0
-5.989785023530203e-08	0.0
0.0	0.0
0.0	0.0
0.0	1.0
-5.545532258111052e-05	0.0
0.0	0.0
0.0	0.0
0.0	1.0
0.0	0.149
0.0	0.0
0.0	0.0
-0.20068569481372833	0.0
0.0	0.0
-0.00010011564154410735	0.0
0.0	0.0
0.0	0.0
-0.00018830288900062442	0.0
0.0	0.0
0.0	0.0
-0.0012597820023074746	0.0
0.0	0.0
0.0	0.0
0.0	0.0
-3.1997033911324024e-09	0.0
0.0	0.0
0.0	0.0
0.0	0.004
0.0	0.0
0.0	0.0
0.0	0.0
-0.0021514794789254665	0.0
-5.984004016314302e-15	0.0
0.0	0.0
0.0	0.0
0.0	0.0
0.0	0.0
0.0	0.0
0.0	0.0
0.0	0.0
0.0	0.0
0.0	0.0
0.0	0.0
-0.012672794051468372	0.0
0.0	0.0
0.0	0.0
-0.0001370003301417455	0.002
0.0	0.0
0.0	0.0
-8.053098099480849e-06	0.0
-5.3540020859702345e-15	0.0
-0.0029604420997202396	0.0
0.0	0.0
0.0	0.0
0.0	0.0
-7.4718991527333856e-06	0.0
0.0	0.0
-0.006567129399627447	0.0
-8.380880558434001e-07	1.0
-2.2837899192856233e-17	1.0
0.0	1.0
0.0	0.0
0.0	0.0
-0.0001736552658258006	0.0
0.0	0.0
-2.5080353225348517e-05	0.0
0.0	0.0
0.0	0.0
-4.7312292736023664e-05	0.0
0.0	0.0
0.0	0.0
0.0	0.0
0.0	0.0
0.0	0.0
-0.00011044616985600442	0.0
0.0	0.0
-0.005266156513243914	0.0
0.0	0.0
0.0	0.0
0.0	0.0
-0.0003431116056162864	0.0
0.0	0.0
0.0	0.0
0.0	0.0
0.0	0.0
-8.974197407951578e-05	0.0
-1.1896219120899332e-06	0.0
-1.261366833205102e-07	0.0
0.0	0.0
-0.00023176567628979683	0.0
-0.00026351495762355626	0.0
-0.00011144099698867649	0.0
0.0	0.0
0.0	0.0
0.0	0.0
0.0	0.0
0.0	0.0
-0.0005676649743691087	0.0
0.0	0.0
-0.0008109750924631953	0.0
-0.0010182488476857543	0.0
0.0	0.0
-0.0047918399795889854	0.0
-0.002642708830535412	0.0
-1.5989911844371818e-05	0.0
0.0	0.0
0.0	0.0
-0.0005835264455527067	0.0
0.0	0.0
-1.7568767418651987e-07	0.0
0.0	0.0
0.0	0.762
-0.0016702472930774093	0.0
-0.001839255215600133	0.0
-0.013579060323536396	0.0
0.0	0.0
-3.1758899954326125e-09	0.762
-0.0016302169533446431	0.0
-0.002891798969358206	0.0
-0.014200885780155659	0.0
0.0	0.0
-6.843699651426505e-08	0.0
0.0	0.0
-0.0004203438002150506	0.0
-7.743535673787605e-11	0.0
0.0	0.762
0.0	0.762
-2.1468849809025414e-08	0.0
0.0	0.0
0.0	0.762
0.0	0.0
0.0	0.0
-0.00013442724593915045	0.762
0.0	0.0
0.0	0.0
0.0	0.0
-1.5293644537450746e-06	1.0
0.0	0.0
-3.7313846235065284e-08	0.0
0.0	0.0
0.0	0.0
0.0	0.0
-1.591778163856361e-05	0.0
-2.2906966478331015e-05	0.0
0.0	0.0
0.0	0.0
0.0	0.0
0.0	0.0
0.0	0.0
-0.0006491349195130169	0.0
-9.766333164407115e-08	0.0
-4.1656294342828915e-06	0.0
0.0	0.0
-4.054962615684943e-11	0.0
0.0	0.0
0.0	0.001
0.0	1.0
-0.0012497039278969169	0.0
0.0	0.0
0.0	0.0
0.0	0.0
0.0	0.0
0.0	0.0
-5.009212600270985e-07	0.0
-0.0049170260317623615	0.0
0.0	0.0
0.0	0.0
-0.0015426590107381344	0.0
0.0	0.0
-0.0035765913780778646	0.0
-6.2340400290850084e-06	0.0
0.0	0.0
-0.00040476591675542295	0.0
0.0	0.0
0.0	0.0
0.0	0.0
0.0	0.0
-0.00047981026000343263	0.0
0.0	0.0
0.0	0.0
0.0	0.0
-5.249922196526313e-06	0.0
0.0	0.0
0.0	0.0
-0.005810455419123173	0.0
-0.000643125909846276	0.0
-0.0006117274169810116	0.0
-1.4483687209576601e-06	1.0
0.0	0.0
0.0	1.0
0.0	0.0
-0.00016040240006987005	0.0
-0.0006612350116483867	0.0
0.0	0.0
-0.0011066359002143145	0.0
-3.4750282793538645e-06	0.0
-7.64943688409403e-05	0.0
-0.003712907200679183	0.0
-8.753103486469627e-08	0.0
0.0	0.0
-1.266241866915152e-07	0.0
0.0	0.0
-0.0006458915304392576	0.0
0.0	0.0
0.0	0.0
-0.003890926018357277	0.0
0.0	0.049
-6.850530917290598e-05	0.0
-0.00014457912766374648	0.0
0.0	0.023
0.0	0.0
-0.0007752819219604135	0.0
-0.0006391051574610174	0.0
0.0	0.0
-0.0001769231748767197	0.0
0.0	0.0
0.0	0.0
-0.0003523573686834425	0.0
0.0	0.0
0.0	0.0
-0.0019854758866131306	0.0
0.0	0.0
0.0	0.0
0.0	0.0
-0.0016210383037105203	0.0
-0.003016566624864936	0.0
0.0	0.0
0.0	0.0
-0.0005557724507525563	0.0
0.0	0.0
-0.000301645282888785	0.0
0.0	0.0
0.0	0.0
-4.869249551120447e-06	0.0
0.0	1.0
0.0	0.0
0.0	0.0
0.0	0.0
0.0	0.001
-2.1822535098414697e-12	0.0
0.0	0.0
0.0	0.0
0.0	0.0
0.0	0.0
0.0	0.0
-2.3852706362958997e-05	0.0
0.0	0.0
0.0	0.0
0.0	0.0
0.0	0.0
-0.003408176591619849	0.0
-0.003912945277988911	0.0
-5.452525329019409e-06	0.0
-8.433289622189477e-05	0.0
0.0	0.0
-6.337292870739475e-05	0.0
-1.4195045423548436e-06	0.0
-1.2287113349884748e-05	0.0
0.0	0.0
0.0	0.0
0.0	0.0
-0.0009117053705267608	0.0
0.0	0.0
0.0	0.0
-2.8717353416141123e-05	0.0
0.0	0.0
0.0	0.0
0.0	0.0
0.0	0.0
-2.951406341544782e-10	0.0
0.0	0.0
0.0	0.0
0.0	0.0
-1.978737964236643e-05	0.0
0.0	0.0
0.0	0.0
0.0	0.0
0.0	0.0
-0.0008604616159573197	0.0
-0.001131529686972499	0.0
0.0	0.0
-0.0019198169466108084	0.0
-1.1605675531711768e-08	0.0
0.0	0.0
-1.1715476830431726e-05	0.0
0.0	0.0
-0.00043297826778143644	0.0
0.0	0.0
-1.5767061995575204e-05	0.0
0.0	0.0
0.0	0.0
-3.885613750753691e-06	0.0
0.0	0.0
0.0	0.0
0.0	0.0
-0.008433773182332516	0.0
0.0	0.0
-0.00034050102112814784	0.0
-0.004212633706629276	0.0
-0.0006144166691228747	0.0
-0.0010525468969717622	0.0
0.0	0.0
-5.355707197174375e-11	0.0
0.0	0.0
0.0	0.0
-7.153961632866412e-06	0.0
-0.003642227966338396	0.0
-0.003494200063869357	0.0
0.0	0.0
0.0	0.0
-1.7440376920418998e-09	0.0
0.0	0.0
0.0	0.0
0.0	0.0
0.0	0.0
-1.3526477232517209e-05	0.0
0.0	0.0
0.0	0.0
0.0	0.0
-4.400712896313053e-06	0.0
-0.00044121930841356516	0.0
0.0	0.0
-1.4238359824503277e-07	0.0
0.0	0.0
-1.8956288982963088e-08	0.0
0.0	0.0
0.0	0.0
-0.0002576557744760066	0.0
0.0	0.0
0.0	0.0
-0.01323560532182455	0.0
0.0	0.0
-0.00027961324667558074	0.0
-0.00011869589798152447	0.0
0.0	0.0
0.0	0.0
-4.164918721016875e-08	0.0
0.0	0.0
-3.361560811754316e-05	0.0
0.0	0.0
-0.0008249491220340133	0.0
-0.0032239079009741545	0.0
-0.00037739885738119483	0.0
0.0	0.0
0.0	0.0
0.0	0.0
-5.13583145220764e-05	0.238
-0.0030687195248901844	0.0
0.0	0.238
0.0	0.0
0.0	0.0
0.0	0.0
0.0	0.762
-0.004573063459247351	0.0
-0.0010961245279759169	0.762
0.0	0.762
0.0	0.762
-0.0004032383149024099	0.0
-0.00017658663273323327	0.762
-0.00011933081987081096	0.0
0.0	0.0
0.0	0.0
-1.2402828360791318e-05	0.762
0.0	0.762
0.0	0.762
0.0	0.762
0.0	0.0
-0.00041268288623541594	0.0
0.0	0.0
0.0	0.762
0.0	0.0
0.0	0.0
0.0	0.0
0.0	0.0
-1.4275209650804754e-05	0.0
0.0	0.0
-0.0013379318406805396	0.762
0.0	0.0
0.0	0.0
0.0	0.0
-0.0007715376559644938	0.0
0.0	1.0
0.0	1.0
-3.90557361242827e-05	1.0
0.0	0.0
0.0	1.0
-2.019108251261059e-06	0.0
-0.0015146405203267932	0.0
0.0	0.0
0.0	0.002
0.0	0.0
-0.0004538903012871742	0.0
0.0	0.0
0.0	0.0
0.0	0.0
0.0	0.0
0.0	0.0
0.0	0.0
0.0	0.0
-0.000176634915987961	0.0
0.0	0.0
0.0	0.0
0.0	0.0
-3.676873561175853e-08	0.0
0.0	0.0
-0.01210744772106409	0.0
0.0	0.0
0.0	1.0
0.0	0.0
-0.0004466581158339977	0.0
-0.0029870199505239725	0.0
0.0	0.0
0.0	0.0
0.0	0.0
-0.0004866061790380627	0.0
0.0	0.0
-0.002252392703667283	0.0
-0.0018352490151301026	0.0
0.0	0.0
-1.8289569197804667e-05	0.0
-0.00276033952832222	0.0
-0.010907480493187904	0.0
0.0	0.0
0.0	0.0
-0.002205131109803915	0.0
-3.0700932711624773e-06	0.0
0.0	0.0
0.0	0.0
0.0	0.0
0.0	0.0
0.0	0.0
-0.0207574013620615	0.0
0.0	0.0
0.0	0.0
-5.811518713016994e-05	0.0
0.0	0.0
-0.0013609264278784394	0.0
0.0	0.0
-0.0012861989671364427	0.0
-9.172124555334449e-05	0.0
-1.9702160614087916e-07	0.008
0.0	0.0
0.0	0.0
-0.0005990872741676867	0.008
0.0	0.008
-0.00014510974870063365	0.008
-0.0050458842888474464	0.008
0.0	0.0
0.0	0.0
-6.755986396456137e-05	0.0
-2.7825433335237904e-06	1.0
0.0	0.0
-3.782267299357045e-07	0.0
-5.6724502428551205e-06	0.0
0.0	0.0
-2.386304913670756e-05	0.0
0.0	0.0
-0.0032240385189652443	0.0
-6.611972639802843e-05	0.0
0.0	1.0
0.0	0.0
-1.7279486428378732e-06	0.0
-0.0031181704252958298	0.0
0.0	0.0
0.0	1.0
-0.0021438549738377333	0.0
-1.2785251328750746e-06	0.0
-0.009711907245218754	0.0
0.0	0.0
0.0	0.0
0.0	0.0
0.0	0.0
0.0	0.0
0.0	0.0
-4.0510127519155503e-07	0.0
-5.461870600242946e-08	0.0
-1.4790487512073014e-05	0.0
0.0	0.0
-1.147249076893786e-05	0.0
0.0	0.0
0.0	0.0
-0.008041691035032272	0.0
0.0	0.0
0.0	0.0
0.0	0.0
-0.000609829556196928	0.0
0.0	0.0
0.0	0.0
-4.374607787127616e-09	0.0
0.0	0.0
-0.00031845603371039033	0.0
0.0	0.0
-5.518607940757647e-05	0.0
0.0	0.0
0.0	0.0
0.0	0.0
-0.00011726423690561205	0.0
-4.236356107867323e-05	0.0
-0.00010808113438542932	0.0
0.0	0.0
0.0	0.0
0.0	0.0
-5.003350178611754e-09	0.0
0.0	0.0
-0.0002007468428928405	0.0
-3.013183800248953e-07	0.0
0.0	0.0
0.0	0.0
-0.017419515177607536	0.0
-0.0011098451213911176	0.0
0.0	0.0
0.0	1.0
-0.002035293262451887	0.0
0.0	0.0
0.0	0.0
0.0	0.0
-2.604889050417114e-05	0.0
0.0	0.0
0.0	0.0
-0.0009912789100781083	0.0
-0.00034219157532788813	0.0
0.0	0.0
-0.0004195776127744466	0.0
0.0	0.0
-0.003566710278391838	0.0
0.0	0.0
0.0	0.001
-6.7770709044623345e-09	0.0
-1.3197681255405769e-05	0.0
-0.00033333798637613654	0.0
-0.011806463822722435	0.0
0.0	0.0
0.0	0.0
-0.005365281831473112	0.0
0.0	0.0
-0.0017721580807119608	0.0
0.0	0.0
0.0	0.0
0.0	0.0
0.0	0.0
0.0	0.0
0.0	0.0
0.0	0.0
0.0	0.0
0.0	0.0
0.0	0.0
-6.3289260984755735e-12	0.0
0.0	0.0
-0.0020496200304478407	0.0
-6.030778240528889e-05	0.0
0.0	0.0
0.0	0.0
0.0	0.0
0.0	0.0
0.0	0.0
0.0	0.0
-0.0015200625639408827	0.0
0.0	0.0
0.0	0.0
0.0	0.0
-0.0010369931114837527	0.0
-2.9771925369459495e-07	0.0
-0.007576913572847843	0.0
0.0	0.0
0.0	1.0
0.0	0.0
0.0	1.0
-0.009219746105372906	0.0
-0.0012474755058065057	0.0
0.0	0.0
0.0	0.0
0.0	0.0
-0.0006278674118220806	0.0
-2.1789871240684988e-08	0.0
-1.44938694575103e-05	0.0
-0.00018590281251817942	0.016
0.0	0.0
0.0	0.0
0.0	0.016
-0.0002524957526475191	0.016
-0.0004913951852358878	0.0
0.0	0.0
0.0	0.0
0.0	0.0
-0.0001644805452087894	0.0
0.0	0.0
0.0	0.0
-5.48223324585706e-05	0.0
0.0	0.0
0.0	0.0
0.0	0.0
0.0	0.0
0.0	0.0
0.0	0.0
-9.757939523069581e-08	0.0
0.0	0.0
0.0	0.0
0.0	0.0
0.0	0.0
-4.0357290345127694e-06	0.0
0.0	0.0
-0.000851521675940603	0.0
0.0	0.0
-0.0007631626795046031	0.0
-0.0007227593450807035	0.0
0.0	0.0
-0.0017020670929923654	0.0
0.0	1.0
-2.859320034076518e-07	0.0
0.0	0.0
-0.000933030853047967	0.0
0.0	0.0
-9.649711864767596e-05	0.0
-0.003715020138770342	0.0
0.0	0.0
0.0	0.0
-1.4965634363761637e-05	1.0
-1.9491426428430714e-05	0.0
0.0	0.0
-1.1039592351380634e-07	0.0
0.0	0.0
-0.00022731571516487747	0.0
-0.0002695099974516779	0.0
-0.00223167659714818	0.0
0.0	0.0
-2.3118307581171393e-05	0.0
-3.2320464526947035e-08	0.0
0.0	0.0
0.0	0.0
0.0	0.0
-0.0035869553685188293	0.0
0.0	0.0
0.0	0.0
-0.002771297935396433	0.0
-0.0066999574191868305	0.0
-0.00017340635531581938	0.0
0.0	0.0
-0.0013127402635291219	0.0
0.0	0.0
-8.180224726761498e-12	0.0
-0.00012220870121382177	0.0
-0.00011040284152841195	0.0
0.0	0.0
-7.184365676948801e-05	0.0
0.0	0.0
-1.1349715123287751e-06	0.0
0.0	0.0
0.0	0.0
0.0	0.0
0.0	0.0
0.0	0.0
0.0	0.0
-6.894493253639666e-06	0.0
-4.280902066966519e-05	0.0
-0.009713059291243553	0.0
0.0	0.0
0.0	0.0
0.0	0.0
-5.432033503893763e-05	0.0
-4.467146936804056e-06	0.0
0.0	0.0
-0.001740922685712576	0.0
0.0	0.0
-0.0027686371468007565	0.0
-0.05900033190846443	0.0
0.0	0.0
0.0	0.0
-0.04129398614168167	0.0
0.0	0.0
-0.00010208710591541603	0.0
-1.2097780199837871e-05	0.0
0.0	0.0
0.0	0.0
0.0	0.0
-0.00045901871635578573	0.0
-4.51377991339541e-06	0.238
0.0	0.238
-1.0667439482858754e-06	0.0
-0.00028693562489934266	0.0
-1.44919454214687e-09	0.0
-0.003312407061457634	0.0
0.0	0.0
-0.00047726824413985014	0.0
-7.186565653682919e-07	0.0
0.0	0.0
-0.0002243889612145722	0.0
0.0	0.0
0.0	0.0
0.0	0.0
-0.00019691928173415363	0.238
-1.3236483578041996e-13	0.0
0.0	0.0
0.0	0.0
-1.1599280647089927e-08	0.0
-9.463097376283258e-05	0.0
-0.0013838413869962096	0.0
-0.0015573507407680154	0.0
-0.05678262189030647	0.0
0.0	0.0
0.0	0.0
-9.008318738779053e-05	0.0
-1.2367938617696694e-10	0.0
0.0	0.0
-0.0013682834105566144	0.0
-7.184505375334993e-05	0.0
0.0	0.0
0.0	0.0
0.0	0.0
0.0	0.0
0.0	0.0
-4.036616155644879e-05	0.0
-0.002183867385610938	0.0
-3.953240957343951e-05	0.0
-0.0024996574502438307	0.0
0.0	0.0
0.0	0.0
0.0	0.0
0.0	0.0
-4.887532486463897e-05	0.0
-0.00017613099771551788	0.0
0.0	0.0
0.0	0.0
0.0	0.762
-0.013374659232795238	0.0
0.0	0.0
-2.7133708044857485e-06	0.0
