-0.0001589939056430012	0.0
-0.003984222188591957	0.0
0.0	0.0
0.0	0.0
0.0	0.0
-8.981435257737758e-07	0.0
-0.0007944935350678861	0.0
-1.598135168023873e-05	0.0
-3.0630139917775523e-06	0.0
0.0	0.0
0.0	0.0
-0.0008483899873681366	0.0
0.0	0.0
-0.006471597123891115	0.0
-6.231938793135883e-13	0.0
0.0	0.0
0.0	0.0
-0.0029841100331395864	0.0
0.0	0.0
0.0	0.0
0.0	0.0
-0.0001312665845034644	0.0
-1.168924427474849e-06	0.0
0.0	1.0
0.0	0.0
0.0	1.0
0.0	0.0
0.0	0.0
-1.5953168785998173e-09	0.0
0.0	0.0
0.0	0.0
0.0	0.0
0.0	0.0
0.0	0.0
-0.0006120831822045147	0.0
-0.003601768985390663	0.0
-0.0002549905620981008	0.0
-0.004711806308478117	0.0
0.0	0.003
-0.0058349501341581345	0.003
-7.792016164243076e-12	0.0
-1.3473070659131281e-08	0.0
-0.0007883340585976839	0.003
0.0	0.0
-3.390217898413539e-05	0.0
-0.0005217220168560743	0.0
0.0	0.0
0.0	0.0
0.0	0.0
0.0	0.0
-0.0022655059583485126	0.0
0.0	0.0
-8.769101000893897e-09	0.0
-1.1469289347587619e-05	0.0
-1.365868342873e-07	1.0
0.0	0.0
0.0	0.0
0.0	0.0
-2.9922628527856432e-05	0.0
-0.0010011293925344944	0.0
0.0	0.0
0.0	0.0
0.0	0.0
-7.588512289657956e-07	0.0
0.0	0.0
-7.046006889055434e-09	0.0
0.0	0.0
0.0	1.0
-0.0007480913191102445	1.0
0.0	0.0
-0.002334864577278495	0.0
-0.0001711310469545424	0.0
-5.8409546909388155e-05	1.0
0.0	0.0
-6.326259608613327e-05	0.15474919957310565
0.0	1.0
0.0	0.0
0.0	0.0
0.0	0.0
-7.586130232084543e-05	0.0
0.0	0.0
0.0	0.0
-0.002368941670283675	0.0
-0.00036097047268413007	0.0
0.0	0.0
0.0	0.0
0.0	0.0
0.0	0.0
-0.007185632828623056	0.0
-0.0002629952214192599	0.0
-0.001266578445211053	0.0
-5.238036101218313e-05	0.0
0.0	0.0
0.0	0.0
-0.004551304038614035	0.0
0.0	1.0
0.0	0.0
-0.0009219200001098216	0.0
0.0	0.0
0.0	0.0
0.0	0.0
0.0	0.0
0.0	0.0
-1.1360989446984604e-05	0.0
0.0	0.0
-0.0015226361574605107	0.0
0.0	0.0
0.0	0.0
0.0	0.0
-0.0025732642970979214	0.0
0.0	0.0
-0.0005004249978810549	0.0
0.0	0.0
-0.006058029364794493	0.0
-1.084642281057313e-05	0.0
-0.00036119826836511493	0.0
-5.164391404832713e-05	0.0
0.0	0.0
0.0	0.0
-5.451116749100038e-07	0.0
-1.0723926635591852e-08	0.0
0.0	0.0
0.0	0.0
-7.971521699801087e-05	0.0
0.0	0.0
0.0	0.0
-8.390807693103852e-08	0.0
0.0	0.0
0.0	0.0
0.0	1.0
0.0	0.0
0.0	1.0
-1.7554124553953443e-07	1.0
0.0	0.0
0.0	0.0
0.0	0.0
-0.0026355390436947346	0.0
0.0	0.0
-2.864249609046965e-06	0.0
0.0	0.0
0.0	0.0
0.0	0.0
-0.0016499269986525178	0.0
0.0	0.0
-3.317415352838138e-12	0.0
0.0	0.0
-0.001199797261506319	0.0
-3.024918555638578e-07	0.0
0.0	1.0
-0.0023648105561733246	0.0
0.0	0.0
0.0	1.0
-4.2232436991973543e-10	0.0
0.0	1.0
-2.8723450668621808e-05	1.0
0.0	0.0
0.0	0.0
-0.004119262099266052	0.0
-0.00410406943410635	0.0
0.0	0.0
0.0	0.0
0.0	0.0
-2.8381390987375354e-11	0.0
-0.0011940167751163244	0.0
-0.001807962078601122	0.0
-0.0009720902307890356	0.0
0.0	0.0
0.0	0.001
0.0	0.0
0.0	0.0
0.0	0.001
0.0	0.0
0.0	0.0
-0.0009583517676219344	0.0
-1.3525956563829954e-19	0.0
0.0	0.0
0.0	0.0
-0.00026316812727600336	0.0
0.0	0.0
0.0	0.0
-0.002532042097300291	0.0
0.0	0.0
0.0	0.0
-0.00031669859890826046	0.0
-1.04763876151992e-06	0.0
-0.001107443356886506	0.0
-0.0009289555018767715	0.0
0.0	0.0
-4.102433013031259e-05	0.0
0.0	0.0
0.0	0.0
0.0	0.0
0.0	0.0
0.0	0.0
0.0	1.0
0.0	0.0
0.0	0.0
0.0	0.0
0.0	0.0
0.0	0.0
0.0	0.0
0.0	0.0
-2.6394201995572075e-05	0.0
-7.852939233998768e-06	0.0
-1.702156818272904e-11	0.0
-3.155970625812188e-05	0.0
0.0	0.0
-0.0017862891545519233	0.0
-1.9253559857546065e-10	0.0
0.0	0.0
0.0	0.0
0.0	0.0
0.0	0.0
0.0	0.0
0.0	0.0
0.0	0.0
0.0	0.0
0.0	0.0
-8.708911281019027e-08	0.0
-0.00041778114973567426	0.0
0.0	0.0
0.0	0.0
0.0	0.0
-0.003222848754376173	1.0
0.0	0.0
0.0	0.0
-2.3840080757508986e-05	0.0
-4.194893790554488e-06	1.0
0.0	0.0
0.0	0.0
-8.706015250936616e-07	0.0
0.0	0.0
-1.719460306048859e-05	0.0
0.0	0.0
0.0	0.0
0.0	0.0
0.0	0.0
-1.3174724244890967e-06	0.0
0.0	0.0
-5.61908646782433e-13	0.0
0.0	0.0
0.0	0.0
-0.0011216513812541962	0.0
0.0	0.0
0.0	0.0
0.0	1.0
-0.006832169834524393	0.0
0.0	1.0
-0.00011467431613709778	0.0
-0.00015708083810750395	0.0
-0.015916401520371437	0.0
0.0	0.0
0.0	0.0
0.0	0.0
-6.453258483141155e-10	1.0
0.0	0.0
-2.7390966351958923e-05	0.0
0.0	0.0
-0.009134645573794842	0.0
-1.983014925599491e-07	0.0
-3.0467369924735976e-06	0.0
0.0	0.0
0.0	0.0
0.0	0.0
-1.891595275083091e-05	0.0
-1.425233542295956e-10	0.0
0.0	0.0
0.0	0.0
-0.00013827314251102507	0.0
0.0	0.0
0.0	0.0
-0.0006164805381558836	0.0
-2.0232755559845828e-05	0.0
-0.004388655070215464	0.0
-0.00027250326820649207	0.0
0.0	0.0
-1.3159199625079054e-05	0.0
0.0	0.0
0.0	0.0
0.0	0.0
-1.8203289755547303e-06	0.0
0.0	0.0
0.0	0.0
0.0	0.0
0.0	0.0
-0.00019983040692750365	0.0
-8.232184336520731e-05	0.0
0.0	0.0
0.0	0.063
0.0	0.0
0.0	0.063
0.0	0.063
-0.0001254841045010835	0.063
-2.4222502476023422e-11	0.063
-4.829838196052094e-10	0.063
0.0	0.0
0.0	0.0
0.0	0.0
-0.004475131630897522	0.063
0.0	0.0
-0.11038774251937866	0.0
0.0	0.0
0.0	1.0
-0.00032668671337887645	0.0
0.0	0.0
0.0	0.0
0.0	0.0
-0.00013497557665687054	0.0
0.0	0.0
0.0	0.0
0.0	0.0
0.0	0.0
0.0	0.0
0.0	0.0
0.0	0.0
0.0	0.0
0.0	0.0
-0.047824837267398834	0.0
-2.0694569684565067e-05	0.0
-0.00043379771523177624	0.0
0.0	0.0
-3.883393715105321e-13	0.0
0.0	0.0
-2.543088157835882e-05	0.0
-0.0020129429176449776	0.0
0.0	0.0
0.0	0.0
-5.569941549765645e-06	0.0
0.0	0.0
0.0	0.0
0.0	0.0
-0.0002457723021507263	0.0
0.0	0.0
-0.0009129074169322848	0.0
0.0	0.0
0.0	0.0
0.0	0.0
0.0	0.0
0.0	0.0
-3.9628870581509545e-05	0.0
0.0	0.0
0.0	0.0
-1.0320822241283167e-07	0.0
0.0	0.0
0.0	0.0
0.0	0.0
-5.744556801801082e-06	0.0
0.0	0.0
-5.368281108530937e-06	0.0
0.0	0.0
0.0	0.0
-3.23456697515212e-05	0.0
0.0	0.0
-1.6057717857620446e-06	0.0
0.0	0.0
0.0	0.0
-2.4903811208787374e-05	0.0
-0.0007221217965707183	0.0
-0.0013869371032342315	0.0
-0.007139065768569708	0.0
-2.9379957595665473e-06	0.0
0.0	0.0
-2.392715759924613e-05	0.0
-0.0014802506193518639	0.0
0.0	0.0
0.0	0.0
0.0	0.0
0.0	0.0
-1.3836178368364926e-05	0.001
-3.299818404634003e-11	0.001
-0.0052052573300898075	0.0
-0.0001728130882838741	0.0
0.0	0.0
0.0	0.0
0.0	0.0
-5.781489107903326e-06	0.0
-0.00026469863951206207	0.0
0.0	0.0
0.0	0.0
-0.004208519589155912	0.0
-0.0006934834527783096	0.0
0.0	0.0
0.0	0.0
0.0	0.0
0.0	0.0
-2.8457423468353227e-05	0.0
-2.003605550271459e-05	0.0
0.0	0.0
0.0	0.0
0.0	0.0
0.0	0.0
-0.00012481253361329436	0.0
0.0	0.0
-0.005188614130020142	0.0
0.0	0.0
-1.2876128982486357e-11	0.0
-1.5903809980954975e-05	0.0
-0.0005422830581665039	0.0
-3.171701564497198e-06	0.0
-0.0005172425881028175	0.0
-0.0007742429152131081	0.0
-0.00043699733214452863	0.0
-6.909894323392507e-10	0.0
-2.0716923643249174e-07	0.0
0.0	0.0
0.0	0.0
-2.42808681605311e-07	0.0
0.0	0.0
0.0	1.0
0.0	0.0
-1.9340945511814311e-10	0.0
0.0	0.0
-0.0010174291674047709	0.0
-0.001995206344872713	0.0
0.0	0.0
-7.642548007424921e-05	0.0
0.0	0.0
0.0	0.0
0.0	0.0
0.0	0.0
-1.1132044164696708e-05	0.0
0.0	0.0
0.0	0.0
0.0	0.0
-2.1739179345559023e-08	0.0
0.0	0.0
-7.475273741874844e-05	0.0
0.0	0.0
0.0	0.0
0.0	0.0
-0.00672674598172307	0.0
0.0	0.0
-0.00018820242257788777	0.0
-9.741842222865671e-05	0.0
-0.0002346628753002733	0.0
0.0	0.0
-0.0008265842334367335	0.0
-4.907594188807707e-07	0.0
-0.0004106117703486234	0.0
-0.003087896853685379	0.0
0.0	0.0
0.0	0.0
0.0	0.0
-5.7257366847807134e-08	0.0
-8.85273720996338e-08	0.0
0.0	0.0
0.0	0.0
0.0	0.0
0.0	0.0
-0.00016817488358356059	0.0
-2.0187826521578245e-05	0.0
-4.2277384371125493e-10	0.0
0.0	0.0
0.0	0.0
-3.523843042785302e-05	0.0
0.0	0.0
-1.900631559692556e-06	1.0
-3.2251228597457438e-12	0.0
-3.593829944747995e-07	0.0
0.0	0.0
-0.0005055387737229466	0.0
-0.0014526107115671039	0.0
-8.696214877090824e-07	0.0
-1.551622335682623e-05	0.0
0.0	0.0
0.0	0.0
-0.0009151568519882858	0.0
-0.019685914739966393	0.0
-0.0011587662156671286	0.0
-0.001809505745768547	0.0
0.0	0.0
0.0	0.0
0.0	1.0
0.0	0.0
0.0	0.0
0.0	0.0
0.0	0.0
0.0	0.0
0.0	1.0
-5.153532401891425e-05	1.0
-2.4783705612207996e-06	1.0
-0.000640801852568984	0.0
0.0	0.603
0.0	0.603
0.0	0.0
0.0	1.0
0.0	0.0
-1.0890642554439722e-11	0.0
0.0	0.0
-0.002729990053921938	0.0
0.0	0.0
-0.00017754895088728517	0.0
-0.00011568362242542207	0.0
0.0	0.0
0.0	0.0
0.0	0.0
0.0	0.0
-1.6315392370458426e-09	1.0
0.0	0.0
0.0	0.0
-4.3479808198299e-08	0.0
0.0	0.0
0.0	0.0
0.0	0.0
0.0	0.0
0.0	0.0
0.0	0.0
-0.000316712714266032	0.063
0.0	0.0
0.0	0.0
-0.002182885305956006	0.0
0.0	0.0
-0.0005788602866232395	0.0
0.0	0.0
0.0	0.006
-9.835401897362317e-07	0.0
0.0	0.006
0.0	0.0
0.0	0.006
-0.00041998858796432614	0.0
-5.541726295632543e-06	0.0
0.0	0.006
0.0	0.006
-0.001378751709125936	0.006
-3.194877535861451e-07	0.006
0.0	0.0
-0.0003394635859876871	0.006
-1.2762634469254408e-05	0.0
0.0	0.0
-6.5651756813167594e-06	0.0
-0.001797132077626884	0.0
0.0	0.0
0.0	0.0
0.0	0.0
-0.0049378713592886925	0.0
-0.0003572498681023717	0.0
-0.021069202572107315	0.0
0.0	0.0
-0.0003125171933788806	0.0
0.0	0.0
0.0	0.0
-4.443757362082579e-08	0.063
-0.0004044059896841645	0.0
0.0	0.0
0.0	0.0
0.0	0.063
-1.794451577552536e-06	0.0
-0.0016219294629991055	0.0
0.0	0.0
0.0	0.0
-0.0030220807529985905	0.0
0.0	0.0
0.0	0.0
0.0	0.0
0.0	0.0
0.0	0.0
0.0	0.0
-8.729662113182712e-06	0.0
0.0	0.0
-0.0006398230325430632	0.0
-0.000291789008770138	0.0
0.0	0.0
0.0	0.0
-0.005695403553545475	0.0
0.0	0.0
-1.4433383377365772e-09	0.0
0.0	0.0
-1.050668470270466e-05	0.0
-0.003408799646422267	0.0
0.0	0.0
0.0	0.0
0.0	0.0
-0.00037231596070341766	0.0
-0.0021714800968766212	0.0
-0.0006535766879096627	0.034
0.0	0.0
0.0	1.0
-0.000190317805390805	1.0
-1.491401872044662e-05	0.0
-7.930055971883121e-07	0.0
-3.895086706506845e-07	0.0
0.0	0.063
-0.0005180796724744141	0.0
0.0	0.063
-3.095391321039642e-06	0.063
0.0	1.0
-0.02345935069024563	0.0
0.0	0.0
0.0	0.0
0.0	0.0
0.0	1.0
0.0	1.0
0.0	0.0
-0.03790435194969177	0.0
-0.0013394253328442574	0.006
-5.2235998737160116e-05	0.006
0.0	0.603
-7.530588132242944e-12	0.603
0.0	0.603
-3.660079892142676e-05	0.0
0.0	0.0
0.0	0.0
-2.252763087184917e-09	0.0
-0.0009803330758586526	0.0
-1.7683671194035355e-10	0.0
0.0	0.0
0.0	0.0
-0.001051215804181993	0.0
0.0	0.0
0.0	0.0
-0.012591748498380184	0.0
0.0	0.0
0.0	0.0
0.0	1.0
-1.5452251034275832e-07	0.0
0.0	0.0
0.0	1.0
0.0	0.0
0.0	0.0
0.0	0.0
0.0	0.0
0.0	0.0
0.0	1.0
-0.0028617684729397297	0.0
-0.0007617915398441255	0.0
-0.0001462331274524331	1.0
0.0	0.0
0.0	0.0
0.0	0.0
-0.01024372223764658	0.0
-0.002344717737287283	0.0
0.0	0.0
-1.012979851111595e-06	0.0
-5.673516056958761e-07	0.0
0.0	0.0
-0.0032401839271187782	0.0
0.0	0.0
-4.337370640428162e-08	0.0
-2.9303177484507614e-07	0.0
0.0	0.0
-0.0001267563784494996	0.0
-0.0016069605480879545	0.0
0.0	0.0
-0.00543560553342104	0.0
0.0	0.0
-0.0003988274547737092	0.0
-0.00044861456262879074	0.0
-2.0783483267727831e-10	0.0
0.0	0.0
0.0	0.0
0.0	0.0
0.0	0.0
0.0	0.0
0.0	0.0
0.0	0.0
-3.623341035563499e-05	0.0
-0.049910783767700195	0.0
0.0	0.0
-0.002667614258825779	0.0
0.0	0.0
0.0	0.0
0.0	0.0
-4.323305984144099e-05	0.0
-0.0044626821763813496	0.0
0.0	1.0
0.0	0.0
0.0	0.0
0.0	1.0
0.0	1.0
0.0	1.0
0.0	1.0
-3.906884558091406e-07	1.0
0.0	1.0
0.0	0.0
0.0	0.0
0.0	0.0
0.0	0.0
-0.000591601652558893	0.0
-0.0027938163839280605	0.0
0.0	0.0
0.0	0.0
0.0	0.0
-0.0006875257240608335	0.0
0.0	0.0
-0.0004295658436603844	0.0
-4.978637502262018e-10	0.0
0.0	0.0
-0.00644171005114913	0.0
0.0	0.0
0.0	0.0
0.0	0.0
-0.0013139394577592611	0.0
-8.617787733422588e-11	0.0
0.0	0.0
-3.1617355489288457e-06	0.0
0.0	0.0
0.0	0.0
-1.1040175884602377e-08	0.0
0.0	0.0
-0.0020596010144799948	0.0
-2.559424319770187e-05	0.0
-2.7464073355076835e-05	0.0
0.0	0.0
-0.0011796741746366024	0.0
0.0	0.0
0.0	0.0
-0.017041534185409546	0.0
-8.049612370086834e-05	0.0
0.0	0.0
0.0	0.0
-5.707972832169617e-06	0.0
-9.143336399120017e-08	0.0
0.0	0.0
0.0	0.0
0.0	0.0
0.0	0.0
0.0	0.0
-0.002874689409509301	0.009
0.0	0.0
0.0	0.009
0.0	1.0
0.0	1.0
-8.616378295300819e-07	0.0
-4.252086000633426e-06	0.0
0.0	0.0
0.0	0.0
-0.0002583384048193693	0.0
-2.6528032321948558e-05	0.063
-0.0001740605803206563	0.0
-4.11297551181633e-05	1.0
0.0	1.0
0.0	0.063
-0.00014891750470269471	1.0
-0.00022462918423116207	0.0
-0.00040443550096824765	0.0
0.0	0.0
0.0	0.0
-0.002756082220003009	0.0
0.0	0.0
0.0	0.0
0.0	0.0
0.0	0.0
-4.0633841535964166e-07	0.0
-0.00015510219964198768	0.0
0.0	0.0
-0.0004697367548942566	0.0
0.0	0.0
-1.612182859389577e-05	0.0
0.0	0.0
-0.0003547767410054803	0.0
-0.0015529391821473837	0.0
0.0	0.0
0.0	0.0
0.0	0.0
-0.0015043418388813734	0.0
-3.948453377233818e-05	0.0
0.0	0.0
-0.0010256603127345443	0.0
0.0	0.0
0.0	0.0
0.0	0.0
0.0	0.0
0.0	0.0
0.0	0.0
0.0	0.0
-5.457681254483759e-06	0.0
0.0	0.0
0.0	0.0
-0.0020110150799155235	0.0
-0.004034112207591534	0.0
-0.002475220477208495	0.0
0.0	0.0
0.0	0.0
0.0	0.0
-9.713473991723731e-05	0.0
0.0	0.0
-0.0008798107737675309	0.0
-0.0013093198649585247	0.0
0.0	0.0
0.0	0.0
0.0	0.0
-0.06047223135828972	0.0
-0.0007564262486994267	0.0
0.0	0.0
0.0	0.0
0.0	0.0
0.0	0.0
0.0	0.0
-2.4825565560604446e-05	0.0
0.0	0.0
0.0	0.0
0.0	0.0
0.0	0.0
0.0	0.0
0.0	0.0
0.0	0.0
-0.0001099796500056982	0.0
-3.015117711058224e-09	0.0
0.0	0.0
0.0	0.0
-0.00013391948596108705	1.0
-0.002275534439831972	0.0
0.0	0.0
-0.0016321551520377398	0.0
0.0	0.0
0.0	0.0
-0.004859660752117634	0.0
-0.016256175935268402	0.0
0.0	0.0
0.0	0.0
-2.2238449673750438e-05	0.0
0.0	0.0
-6.131682539489702e-08	0.0
0.0	0.0
0.0	0.0
0.0	0.0
-2.4890146050893236e-06	0.0
0.0	0.0
-0.0009921848541125655	0.0
0.0	0.0
-2.8505925001809373e-05	0.0
0.0	0.0
-6.215323082869872e-05	0.0
0.0	0.0
0.0	0.0
-0.0007256287499330938	0.0
-8.431736205238849e-06	0.0
0.0	0.0
-0.006380933336913586	0.0
-0.0005669392994605005	0.0
0.0	0.0
-1.1639636454674473e-07	0.0
-0.0009752603946253657	0.0
-4.201325282338075e-06	0.0
-0.003291893284767866	0.0
-0.00017607733025215566	0.0
0.0	0.0
0.0	0.0
-0.0006200534990057349	0.0
-7.119272777345031e-05	1.0
-0.0077728754840791225	0.0
-0.00030924694146960974	0.0
-1.2134842108935118e-06	1.0
0.0	1.0
-5.767125665911976e-11	0.0
-3.747100663531455e-06	0.0
-0.00559953274205327	0.0
0.0	0.0
0.0	0.0
-8.874691957316827e-06	0.0
0.0	1.0
0.0	1.0
-0.010821064002811909	0.0
-0.00016863425844348967	0.0
0.0	0.0
0.0	0.0
0.0	0.0
-2.5573426682967693e-06	0.0
-0.00016000500181689858	0.0
0.0	0.0
0.0	0.0
0.0	0.0
0.0	0.0
-8.98255645212509e-13	0.0
0.0	0.0
0.0	0.0
0.0	0.0
0.0	0.0
-0.0003430611395742744	0.0
-6.396669505193131e-07	0.0
0.0	0.0
-0.006698967888951302	0.0
0.0	0.0
-0.000394879694795236	0.0
-0.00010674812074285	0.937
-0.0006105673382990062	0.0
0.0	0.937
-8.422604150837287e-05	0.937
-0.0029867971315979958	0.937
-3.19390409231346e-07	0.0
-9.123967714685932e-08	0.0
0.0	0.0
-0.0003563433128874749	0.0
0.0	0.0
-0.000312208168907091	0.0
0.0	0.0
0.0	0.0
-0.0026570565532892942	0.0
-2.9964919576741522e-06	0.0
-3.840219142148271e-05	0.0
0.0	0.0
0.0	0.0
0.0	0.0
0.0	0.0
-0.005872012116014957	0.0
0.0	0.0
0.0	0.0
0.0	0.0
-9.051279448613059e-06	0.0
0.0	0.0
-8.139543439256158e-08	0.0
-1.5548969258816214e-06	0.0
0.0	0.0
-0.00022588600404560566	0.0
0.0	0.0
-0.0086465273052454	0.0
-0.008494437672197819	0.0
0.0	0.0
0.0	0.0
-9.62645518853833e-10	0.0
0.0	0.0
-0.008497207425534725	0.0
-0.00020111641788389534	0.0
0.0	0.0
0.0	0.0
-0.0023440951481461525	0.0
-2.0084914922335884e-06	0.0
0.0	0.0
-0.0077818105928599834	0.0
-1.5084334606049743e-12	0.0
-1.6657594414937194e-06	0.0
-0.0003096510481555015	0.0
0.0	0.0
0.0	0.0
0.0	0.0
0.0	0.0
0.0	0.0
-9.973964409937253e-08	0.0
0.0	0.0
0.0	0.0
0.0	0.0
-4.158332376391627e-05	0.0
-0.0017309411196038127	0.0
0.0	0.0
0.0	0.0
0.0	0.0
0.0	0.0
-3.261562960688025e-05	0.0
0.0	0.0
-0.005583707708865404	0.0
0.0	0.0
0.0	0.0
0.0	0.0
0.0	0.0
0.0	1.0
-0.007144953589886427	0.0
0.0	0.0
-3.613508306443691e-05	1.0
-0.004566694609820843	0.0
-2.794139959405584e-07	0.0
0.0	1.0
0.0	1.0
0.0	0.0
0.0	0.0
0.0	1.0
0.0	0.0
-0.0012559806928038597	0.0
-3.774217702812166e-06	0.0
0.0	0.0
0.0	1.0
-0.023318812251091003	0.0
0.0	0.0
0.0	0.0
-7.489278459615889e-07	0.0
0.0	0.0
0.0	0.0
0.0	0.0
0.0	0.0
