0.0	0.0
0.0	0.0
0.0	0.0
0.0	0.0
0.0	0.0
0.0	0.0
0.0	0.0
-0.0025305335875600576	0.0
0.0	0.0
0.0	0.0
0.0	0.0
-9.345579019282013e-05	0.0
0.0	0.0
0.0	0.0
-0.00028351566288620234	0.0
0.0	0.0
-0.0023892668541520834	0.0
-4.577145955408923e-05	0.0
0.0	0.0
-8.237464498961344e-05	0.0
-3.535208452376537e-05	0.0
0.0	0.0
0.0	0.0
0.0	0.0
-0.005731101613491774	0.0
0.0	0.0
0.0	0.0
0.0	0.0
-0.004271727055311203	0.0
-2.350094840952721e-10	0.0
0.0	0.0
-0.0001104719121940434	0.0
-6.627963671235193e-07	0.0
0.0	0.0
0.0	0.0
0.0	0.0
-4.915829049423337e-05	0.0
-4.4928074203198776e-05	0.0
0.0	0.0
0.0	0.0
-0.0029981338884681463	0.0
0.0	0.0
0.0	0.0
-2.641456220420224e-10	0.0
0.0	0.0
0.0	0.0
0.0	0.0
0.0	0.0
-4.900741146229848e-08	0.0
0.0	0.0
0.0	0.0
0.0	0.0
0.0	0.0
0.0	0.0
-0.009442874230444431	0.0
0.0	0.0
-0.009271571412682533	0.0
0.0	0.0
0.0	0.0
0.0	0.0
0.0	0.0
-0.0238229651004076	0.0
-5.905246780457674e-07	0.0
0.0	0.0
-0.001439219107851386	0.0
-8.149479981511831e-05	0.0
0.0	0.02
-0.00023681658785790205	0.0
0.0	0.0
0.0	0.0
-0.0005929130711592734	0.0
-0.0017234858823940158	0.0
-5.393858373281546e-07	0.0
-0.005697437562048435	0.0
-1.5032721734087318e-08	0.0
0.0	0.0
0.0	1.0
-0.0014469388406723738	0.0
0.0	0.0
0.0	0.0
0.0	0.0
0.0	0.0
-0.00042333948658779263	0.0
-4.905778183683651e-08	0.0
0.0	0.0
-0.0018521692836657166	0.0
0.0	0.0
0.0	0.0
-0.00044891631114296615	0.0
0.0	0.0
-0.0023525708820670843	0.0
-0.00014873500913381577	0.0
0.0	0.0
-0.0036647384986281395	0.0
0.0	0.0
-2.48713263317768e-07	0.0
0.0	0.0
-2.1659420212927216e-07	0.0
0.0	0.0
-0.00018347130389884114	0.0
0.0	0.0
-0.0019073374569416046	0.0
-0.0007089957362040877	0.0
0.0	0.0
0.0	0.0
0.0	0.0
0.0	0.0
-0.0009764543501660228	0.0
0.0	0.0
0.0	0.0
0.0	0.0
-8.637269957034732e-07	0.0
0.0	0.0
-0.005773089826107025	0.0
0.0	0.0
-0.0008570132195018232	0.0
-4.186139282436052e-11	0.0
0.0	0.0
-4.938864367431961e-05	1.0
0.0	0.0
0.0	1.0
-6.457557174144313e-05	1.0
0.0	1.0
0.0	1.0
0.0	0.0
0.0	0.0
0.0	0.0
-0.013592983596026897	0.0
0.0	0.0
0.0	0.0
-0.0014547042082995176	0.0
0.0	0.0
0.0	0.0
-0.00016686237358953804	0.0
0.0	0.0
0.0	0.0
0.0	0.0
-2.1726849208647536e-09	0.0
0.0	0.0
0.0	0.0
0.0	0.0
0.0	0.0
-0.00010406560613773763	0.0
0.0	0.0
0.0	0.0
0.0	0.0
0.0	0.0
0.0	0.0
-0.0011881694663316011	0.0
0.0	0.0
0.0	0.0
-1.3398024023558719e-08	0.0
-0.0005465553258545697	0.0
-4.1092600440606475e-05	0.0
0.0	0.0
-6.346976832993789e-10	0.0
-0.007242853287607431	0.0
0.0	0.0
-0.003198491409420967	0.0
-0.0022627911530435085	0.0
0.0	0.0
0.0	0.0
0.0	0.0
0.0	0.0
0.0	0.0
-0.0002734720765147358	0.0
0.0	0.0
-0.0023997281678020954	0.0
-0.0007596898358315229	0.0
-6.89328444423154e-05	0.0
0.0	0.0
0.0	0.0
0.0	0.0
0.0	0.0
0.0	0.0
0.0	0.0
-0.00017388533160556108	0.0
-0.005346971098333597	0.0
-0.00041093878098763525	0.0
-0.00014270075189415365	0.0
0.0	0.0
0.0	0.0
0.0	0.0
-1.6563987959017368e-09	1.0
0.0	0.0
0.0	1.0
0.0	0.0
-0.0010659549152478576	0.0
-0.0003387606702744961	0.0
0.0	1.0
0.0	1.0
-0.00024185173970181495	0.0
0.0	1.0
0.0	0.0
0.0	0.0
0.0	0.005
0.0	0.005
0.0	0.005
-0.008407911285758018	0.0
0.0	0.005
0.0	0.0
0.0	0.005
-1.8409267568131327e-06	0.005
0.0	0.005
0.0	0.0
0.0	1.0
0.0	0.0
0.0	0.0
0.0	0.0
-1.8543232727097347e-05	0.0
-0.0005503248539753258	0.0
0.0	0.0
-0.004607304465025663	0.0
0.0	0.0
0.0	0.0
0.0	0.0
0.0	0.0
0.0	0.0
0.0	0.0
-0.0001647013268666342	0.0
0.0	0.0
0.0	0.0
0.0	0.0
0.0	0.0
-2.5154909963021055e-05	0.0
-0.0008266819640994072	0.0
-7.671432058486971e-07	0.0
0.0	0.0
-0.0011827114503830671	0.0
0.0	0.0
-0.0004165258724242449	0.0
-0.0027608294039964676	0.0
-6.962145859823465e-10	0.0
0.0	0.0
0.0	0.0
0.0	0.0
-0.006807852070778608	0.0
-6.584569001155671e-10	0.0
-0.0014312048442661762	0.0
0.0	0.0
0.0	0.021
0.0	0.021
-0.0006357066449709237	0.021
0.0	0.02
-6.749389172000519e-07	0.0
-0.003235030919313431	0.0
-0.0014550777850672603	0.0
0.0	0.0
0.0	0.0
-8.175033144652843e-05	0.0
-2.0029435745527735e-06	0.0
-3.123434908047784e-06	0.0
0.0	0.0
0.0	0.0
0.0	0.0
0.0	0.0
0.0	0.0
-0.0001451722637284547	0.0
0.0	0.0
-2.2807401478530664e-07	0.0
-0.004371210467070341	0.0
-0.001930499798618257	0.0
-0.00034030716051347554	0.0
0.0	0.0
0.0	0.0
0.0	0.0
-4.4388830389152645e-09	0.0
0.0	0.0
0.0	0.0
0.0	0.0
0.0	0.0
0.0	0.0
0.0	0.0
-0.001322876545600593	0.0
-4.0927294321591035e-05	0.0
0.0	0.0
0.0	0.0
0.0	0.0
0.0	0.0
0.0	0.0
0.0	0.0
0.0	0.0
0.0	0.0
-0.00043184126843698323	0.0
0.0	0.0
0.0	0.0
0.0	0.0
-0.0021247288677841425	0.0
-2.1787383275295724e-07	0.0
-1.0198981499343063e-06	0.0
-0.0005226119537837803	0.0
0.0	0.0
0.0	0.0
-5.697665628190407e-08	0.0
-9.170354314846918e-05	0.0
-0.0016380449524149299	0.0
-0.00012743361003231257	0.0
-0.007833879441022873	0.0
0.0	0.0
-0.0006254340405575931	0.0
-4.7020787974361156e-07	0.0
0.0	0.0
-1.7913766026111944e-09	0.0
0.0	0.0
0.0	0.0
0.0	1.0
0.0	1.0
0.0	1.0
-0.0007547218119725585	0.0
0.0	0.0
-3.170450509060174e-05	0.0
-1.0482680501411323e-08	0.0
0.0	1.0
-0.00019613862968981266	0.0
0.0	0.0
-6.934084376553074e-05	0.0
0.0	0.0
-8.107210760499584e-07	0.0
-0.0013638981617987156	0.0
0.0	0.0
-0.00012518331641331315	0.0
-0.00021412911883089691	0.0
0.0	0.0
0.0	0.0
-3.669696990726834e-09	0.0
0.0	0.0
0.0	0.0
-1.6323365343851037e-05	0.0
0.0	0.0
-3.2450507205794565e-06	0.0
0.0	0.0
-5.63200842407241e-07	0.0
0.0	0.0
0.0	0.0
-4.613936539499264e-07	0.0
-1.5097050891199615e-05	0.0
-0.0002245379873784259	0.0
-8.892539335647598e-05	0.0
0.0	0.0
-0.001911248778924346	0.0
-0.001148443785496056	0.0
-7.165951956267236e-07	0.0
0.0	0.0
-0.0027669991832226515	0.0
-0.00010678967373678461	0.0
0.0	0.0
0.0	0.0
-0.0005413717008195817	0.0
0.0	0.0
0.0	0.0
-6.487916107289493e-05	0.0
0.0	0.0
0.0	0.0
0.0	0.0
-0.0006976061849854887	0.0
0.0	0.0
0.0	0.0
-1.467138758926012e-06	0.0
-0.0007026036037132144	0.0
0.0	0.001
0.0	0.001
0.0	0.0
0.0	0.001
-5.792925514280789e-11	0.0
-1.8741235180641524e-05	0.0
0.0	0.0
0.0	0.0
-0.0017163059674203396	0.0
-0.0009874171810224652	0.0
-0.003485489170998335	0.0
-2.6406723918626085e-07	0.0
0.0	0.0
0.0	0.0
-3.853617158711131e-07	0.0
-0.008782071992754936	0.0
-0.004174840170890093	0.0
-6.9344337134680245e-06	0.0
-0.000854526471812278	0.0
0.0	0.0
0.0	0.0
-0.00034473874256946146	0.0
0.0	0.0
0.0	0.0
-0.00028567560366354883	0.0
0.0	0.0
0.0	0.0
-0.00019401712052058429	0.0
-0.0016804607585072517	0.0
0.0	0.0
0.0	0.0
0.0	0.0
0.0	0.0
0.0	0.0
0.0	0.0
-1.954830395334284e-06	0.0
0.0	0.0
0.0	0.0
0.0	0.0
-5.08512016494933e-07	0.0
0.0	0.0
0.0	0.0
0.0	0.0
0.0	0.0
0.0	0.0
-3.0744266155124933e-07	0.0
-0.0034730243496596813	0.0
0.0	0.0
0.0	0.0
-6.742838820628094e-08	0.0
-0.0017593393567949533	0.0
0.0	0.0
-0.004252729006111622	0.0
0.0	0.0
-1.5891406292212196e-05	0.0
0.0	0.0
0.0	0.0
-5.733457328460645e-06	0.0
0.0	0.0
-0.00048777362098917365	0.0
0.0	0.0
-0.00021826908050570637	0.001
0.0	0.0
-5.130868885316886e-07	0.001
-0.00011002030805684626	0.0
-0.008836678229272366	0.001
-3.4536731163825607e-07	0.0
0.0	0.001
0.0	0.5335335335335335
-5.310180495143868e-05	0.533
-5.952308583800914e-06	0.533
-0.010553710162639618	0.0
0.0	0.0
-7.930174206194351e-07	0.533
-0.000939647201448679	0.533
0.0	0.0
0.0	0.533
-0.004674758296459913	0.0
-0.001232266309671104	0.0
0.0	0.0
-0.0015340592944994569	0.0
0.0	0.0
-0.004467919934540987	0.0
-0.0007425049552693963	0.0
-0.000948726141359657	0.0
0.0	0.0
0.0	0.0
0.0	0.0
0.0	0.0
0.0	0.0
0.0	0.0
-9.534599598737259e-08	0.0
0.0	0.0
0.0	0.0
0.0	0.0
0.0	0.0
-2.179934099899583e-08	0.0
0.0	0.0
0.0	0.0
0.0	0.0
-5.840956418978749e-06	0.0
-2.311814205313567e-05	0.0
-3.293618178190627e-08	0.029
-8.585597015553503e-07	0.029
-0.0010809639934450388	0.0
-1.976332532649394e-05	0.0
-0.009831772185862064	0.0
0.0	0.0
0.0	0.0
0.0	0.0
0.0	0.0
0.0	0.0
0.0	0.0
0.0	1.0
-2.224903816738788e-09	0.0
0.0	0.0
-1.2563687050715089e-06	0.0
-3.3359306144120637e-06	0.0
0.0	0.0
0.0	0.0
0.0	0.0
0.0	0.0
0.0	0.0
0.0	0.0
0.0	0.0
0.0	0.0
-0.0017980310367420316	0.0
0.0	0.0
-0.000562904286198318	0.0
0.0	0.0
0.0	0.0
-0.00071695726364851	0.0
-2.9443141258411742e-08	0.0
-0.0009846518514677882	0.0
0.0	0.0
0.0	0.0
-0.016534270718693733	0.0
0.0	0.0
-1.7061622202163562e-05	0.0
0.0	0.0
-0.004445548169314861	0.0
-0.0006773028871975839	0.0
0.0	0.0
-3.5933459002990276e-05	0.0
0.0	0.0
-0.00846095010638237	0.0
0.0	0.0
-5.756002792622894e-06	0.0
0.0	0.0
0.0	0.0
0.0	0.0
0.0	0.0
0.0	0.0
0.0	0.0
0.0	0.001
0.0	0.0
-0.0005707140662707388	0.0
-0.0030726082623004913	0.031
0.0	0.001
0.0	0.0
0.0	0.0
0.0	0.0
-1.8132648619939573e-05	0.0
0.0	0.0
-0.00019324867753311992	0.0
0.0	0.0
0.0	0.0
-5.175035882676662e-15	0.0
0.0	0.0
-0.0015202147187665105	0.0
-0.007965128868818283	0.0
-0.0003922980686184019	0.0
0.0	0.0
0.0	0.0
0.0	0.0
0.0	0.0
0.0	1.0
0.0	0.0
0.0	1.0
0.0	0.0
0.0	0.0
-0.1595350205898285	0.0
0.0	0.0
-0.009242125786840916	0.0
-3.663168172352016e-05	0.0
0.0	0.0
0.0	0.0
-0.000276827544439584	1.0
0.0	1.0
0.0	0.0
-0.0017562657594680786	0.0
0.0	0.0
0.0	0.0
0.0	0.0
0.0	0.0
0.0	0.0
0.0	0.0
0.0	0.0
-0.005778058432042599	0.0
0.0	0.0
-0.0018245799001306295	0.0
0.0	0.0
-1.5622117643943056e-05	0.0
0.0	0.0
-0.0011928274761885405	0.0
-0.001662770751863718	0.0
0.0	0.0
-2.2445220793088083e-08	0.0
-0.00015216009342111647	0.0
-0.0021608176175504923	0.0
0.0	0.0
0.0	0.0
-0.0018697489285841584	0.0
0.0	0.0
0.0	0.0
0.0	0.0
0.0	0.0
-2.3808341609310446e-07	0.0
-5.096056338516064e-05	0.0
0.0	0.0
0.0	1.0
0.0	0.0
0.0	0.0
-0.0007753026438876987	0.0
0.0	0.0
-0.0003706423449330032	0.0
0.0	1.0
-0.00010587657016003504	1.0
-0.0006604536902159452	1.0
0.0	0.0
-0.006140192039310932	0.0
-0.00025759663549251854	1.0
0.0	0.0
0.0	1.0
0.0	1.0
0.0	0.0
-3.367542740306817e-05	0.0
-0.001635020598769188	0.0
-8.918344246922061e-05	0.0
0.0	0.0
0.0	1.0
-0.0001242497528437525	0.0
-6.843286246294156e-05	0.0
0.0	0.0
-0.0005681701586581767	0.0
0.0	0.0
0.0	0.0
0.0	0.0
-9.071715612662956e-05	0.0
0.0	0.0
-2.264962795095471e-08	0.0
-0.0005311247077770531	0.0
-4.816347791347653e-05	0.0
-3.305755313931513e-08	0.0
-1.7423866516264042e-10	0.0
0.0	0.0
0.0	0.0
-7.950208964757621e-05	0.0
0.0	0.0
-3.083923729718663e-06	0.0
0.0	0.0
-4.188030118257302e-07	0.0
-6.610400049567033e-08	0.0
0.0	0.0
0.0	0.0
-0.00015827234892640263	0.0
0.0	0.0
-0.0028598210774362087	0.0
-0.009615255519747734	0.0
-0.00047521834494546056	0.0
-0.001572172623127699	0.0
0.0	0.0
-0.007426721043884754	0.0
0.0	0.0
0.0	0.0
0.0	1.0
0.0	0.0
-0.002383139682933688	0.0
0.0	0.0
0.0	0.0
0.0	0.0
-0.0008942833519540727	0.0
-0.00013405526988208294	1.0
0.0	0.0
-0.0012919611763209105	0.0
0.0	0.0
0.0	0.0
0.0	1.0
-0.0014998274855315685	0.0
0.0	0.0
-1.3337346782549275e-09	0.0
0.0	0.0
0.0	0.0
0.0	0.0
-6.556196694873506e-06	1.0
0.0	0.027
0.0	0.0
-6.331078413429711e-16	0.0
0.0	1.0
-0.00016175818745978177	0.0
0.0	0.027
-0.0005971335340291262	0.0
0.0	1.0
-0.024254795163869858	0.0
0.0	0.0
-0.002082133200019598	0.0
0.0	0.0
0.0	0.0
-5.833381146658212e-05	0.0
0.0	0.0
-0.00035436006146483123	0.0
0.0	0.0
0.0	0.0
0.0	0.0
0.0	0.0
-5.840814992552623e-06	0.0
0.0	0.0
0.0	0.0
0.0	0.0
-2.119274176948238e-05	0.0
-0.004520785063505173	0.0
-2.3903480723674875e-06	0.0
-0.005127893295139074	0.0
0.0	1.0
0.0	0.0
-1.0239598850603215e-05	0.0
-7.437240157059932e-09	0.0
-0.0032008253037929535	0.0
0.0	0.0
-0.0027411545161157846	0.0
-0.0017232437385246158	0.0
0.0	0.0
0.0	0.0
-0.018595626577734947	0.0
0.0	0.0
-4.130947127123363e-05	0.0
0.0	1.0
0.0	0.0
-3.2826728784129955e-06	1.0
0.0	0.0
0.0	0.0
0.0	0.009
0.0	0.0
0.0	0.0
-0.003438604064285755	0.0
0.0	0.0
-9.519812920188997e-06	0.0
0.0	0.0
0.0	0.0
-3.209807175608148e-08	0.0
-0.003481537103652954	0.0
0.0	0.0
0.0	0.0
0.0	0.0
0.0	0.0
0.0	0.0
0.0	0.0
-2.7126283384859562e-05	0.0
-0.002197135938331485	0.0
0.0	0.0
-0.022110072895884514	0.0
-0.0011321839410811663	0.0
0.0	0.0
-0.00014287666999734938	0.0
-9.7339749108305e-12	0.0
-0.0035013644956052303	0.0
0.0	0.0
-7.224164821906243e-09	0.0
0.0	0.0
0.0	0.0
-8.964471476247127e-08	0.0
-0.00047396778245456517	0.0
0.0	0.0
0.0	0.0
-0.0006303875125013292	0.0
-7.243576692417264e-05	0.0
-2.7615886210696772e-05	0.0
0.0	0.0
0.0	0.0
0.0	0.0
-4.747296407003887e-05	0.0
-0.0010858571622520685	0.0
0.0	0.0
-6.406972036108105e-15	0.0
0.0	0.0
0.0	0.0
-0.002311534946784377	0.0
0.0	1.0
-0.0013412210391834378	0.0
0.0	0.0
0.0	0.0
-0.008160050958395004	0.0
-7.077444479364203e-06	0.0
0.0	0.0
-9.040636683721459e-08	0.0
0.0	0.0
0.0	0.0
0.0	0.0
0.0	0.0
-0.00027107345522381365	0.0
-0.008722418919205666	0.0
-0.00328290113247931	0.0
-0.040694691240787506	0.0
-0.0021022320725023746	0.0
-0.0036509751807898283	0.0
0.0	0.0
0.0	0.0
0.0	0.0
0.0	0.0
0.0	0.0
0.0	0.0
0.0	0.0
0.0	0.0
-3.220944932991188e-08	0.0
0.0	0.0
0.0	0.0
-9.876626427285373e-05	0.0
-0.0008643574547022581	0.0
0.0	0.0
0.0	0.0
0.0	1.0
0.0	1.0
0.0	0.0
0.0	0.0
-1.234927026416699e-06	0.0
0.0	0.0
-0.008984464220702648	0.0
0.0	0.0
0.0	0.0
-1.839160745475965e-06	0.0
0.0	0.0
0.0	0.0
-2.222142938990146e-06	0.0
-0.0009814468212425709	0.0
0.0	0.0
0.0	0.0
0.0	1.0
-0.00011549888586159796	1.0
-8.361003710888326e-05	0.0
-0.0007246207096613944	1.0
0.0	0.0
0.0	0.0
0.0	1.0
0.0	0.0
0.0	1.0
0.0	1.0
-0.018968265503644943	0.0
0.0	0.0
0.0	0.0
0.0	0.0
-1.093232731363969e-05	0.0
0.0	1.0
0.0	1.0
0.0	0.0
0.0	0.0
-1.9854337551805656e-07	0.0
0.0	0.0
-4.019838684143906e-07	1.0
0.0	0.0
-0.004034516401588917	0.0
0.0	1.0
0.0	0.0
0.0	1.0
0.0	0.0
-0.0028998323250561953	0.079
-8.952602001954801e-06	0.0
0.0	0.0
-2.4556657081120647e-05	0.079
-0.0005061288829892874	0.079
0.0	0.0
0.0	0.0
0.0	0.0
0.0	1.0
-9.236335030138321e-10	1.0
0.0	0.0
-8.680378959979862e-05	0.0
0.0	0.0
0.0	0.0
-3.0038258955755737e-06	0.0
-8.296326126089326e-11	0.0
-0.00047765811905264854	0.0
0.0	0.0
-2.7984674133563203e-08	0.0
0.0	0.0
-3.0522187444148585e-05	0.0
-1.7714610294206068e-05	0.0
0.0	0.0
-0.0003032090316992253	0.0
0.0	0.0
-2.9242327549319064e-16	0.0
0.0	1.0
0.0	0.0
0.0	1.0
-0.003342926735058427	0.0
0.0	0.0
-1.2121472536819056e-05	0.0
-9.101390787691344e-06	1.0
0.0	1.0
0.0	0.0
0.0	0.0
0.0	0.0
0.0	1.0
0.0	0.0
0.0	0.0
-2.830518042173935e-07	0.0
0.0	0.0
-0.002187352627515793	0.0
-0.00032883172389119864	0.0
0.0	0.0
0.0	0.0
0.0	0.0
0.0	0.0
-0.007198906969279051	0.0
0.0	0.0
-0.0002641814644448459	0.0
-5.706613228539936e-05	0.0
0.0	0.0
0.0	0.0
0.0	0.0
0.0	0.0
-0.00023818718909751624	0.0
-0.002498680492863059	0.0
-0.0019549240823835135	0.0
0.0	0.0
0.0	0.0
0.0	0.0
-4.0687933022809375e-08	0.0
0.0	0.0
-0.00030988475191406906	0.0
-0.0006194307352416217	0.0
-0.0011869454756379128	0.0
0.0	0.0
-0.00035071096499450505	0.0
0.0	0.0
-8.537025678378996e-06	0.0
0.0	0.0
-0.0017724503995850682	0.0
-7.545792755081493e-07	0.0
-0.0008136799442581832	0.0
-6.983293943108038e-10	0.0
0.0	0.0
0.0	0.0
-7.565678242826834e-05	0.0
0.0	0.0
-2.044511347776279e-05	0.0
-4.065543901532465e-09	0.0
0.0	0.0
-0.00023756016162224114	1.0
-0.00012073314428562298	0.0
-8.214571607823018e-06	0.0
-0.0012977997539564967	0.0
-0.0002950948546640575	0.0
0.0	0.0
-5.347488354345842e-07	0.0
-0.0032186359167099	0.0
0.0	0.0
0.0	0.0
0.0	0.0
0.0	0.0
-1.2777325082424795e-06	0.0
0.0	0.0
-4.88417706279165e-09	0.0
0.0	0.0
-0.001096904743462801	0.0
0.0	0.0
0.0	1.0
0.0	0.0
0.0	0.0
0.0	0.0
-0.007615061476826668	0.0
0.0	0.0
0.0	0.003
0.0	0.0
0.0	0.003
-0.0122216260060668	0.003
0.0	0.0
-2.410192792012822e-06	0.0
-6.18594822299201e-06	0.0
0.0	0.0
0.0	0.003
-0.006095258519053459	0.0
0.0	0.0
0.0	0.003
0.0	0.0
0.0	0.0
-0.0014530336484313011	0.0
0.0	0.003
-4.140844467315219e-08	0.0
-0.0005482918350026011	0.0
0.0	0.0
-0.0003221173246856779	0.0
0.0	0.0
0.0	1.0
0.0	1.0
0.0	0.0
0.0	1.0
0.0	0.0
-0.00026926794089376926	0.0
0.0	1.0
0.0	1.0
0.0	1.0
0.0	1.0
0.0	1.0
0.0	0.0
0.0	0.0
0.0	0.0
0.0	0.0
0.0	0.0
-9.603330397567333e-08	0.0
-8.427425200352445e-06	0.0
