0.0	0.0
-4.4012782041136234e-07	0.0
0.0	0.0
0.0	0.0
-1.689238524704706e-05	0.0
0.0	0.0
0.0	0.0
-0.0021853544749319553	0.0
0.0	0.0
0.0	0.0
-2.3954498828970827e-08	0.0
-1.1070512506705654e-08	0.0
-0.0002202673495048657	0.0
-4.815575266547967e-06	0.0
0.0	0.0
0.0	0.0
-3.0334788903019216e-08	0.0
0.0	0.0
-1.7587408365216106e-06	0.0
-0.0053201280534267426	0.0
-0.006927545182406902	0.0
-3.5878161952496157e-07	0.0
0.0	0.0
-5.3824709446426144e-12	0.0
-5.906837085428718e-12	0.0
0.0	0.0
-0.0035357847809791565	0.0
0.0	0.0
0.0	0.0
0.0	0.0
0.0	0.0
0.0	0.0
-0.004074707627296448	0.0
0.0	0.0
0.0	0.0
0.0	0.0
0.0	0.0
0.0	0.0
0.0	0.0
0.0	0.0
0.0	0.0
-0.002894112840294838	0.0
-0.0006810523918829858	0.0
-0.0003350024635437876	0.0
0.0	0.0
0.0	0.0
-4.21886170443031e-06	0.0
-0.006155975162982941	0.0
-0.00033486896427348256	0.0
-2.4745586415519938e-05	0.0
0.0	0.0
-5.684568805008894e-06	0.0
0.0	0.0
0.0	0.0
0.0	0.005
-0.005845304112881422	0.005
0.0	0.005
0.0	0.005
0.0	0.005
0.0	0.0
0.0	0.005
-0.0027495757676661015	0.0
0.0	0.0
0.0	0.0
-0.0015410433989018202	0.0
-0.0008074648212641478	0.0
0.0	0.0
0.0	0.0
0.0	0.0
0.0	0.0
-8.59058602031837e-09	0.0
0.0	0.0
0.0	0.0
-1.4683848581498182e-09	0.0
0.0	0.0
0.0	0.0
0.0	0.0
0.0	0.0
-0.003412327729165554	0.0
-7.566840487527315e-09	0.0
-0.00012954641715623438	0.0
0.0	0.0
0.0	0.0
-0.0011288131354376674	0.0
0.0	0.0
-2.911611409217585e-05	0.0
-7.274367817444727e-05	0.0
0.0	0.0
-0.003095264546573162	0.0
-0.00011134998203488067	0.0
0.0	0.0
0.0	0.0
-0.0015942363534122705	0.0
-0.00010843289783224463	0.0
-0.0011450456222519279	0.0
-7.944818136707e-09	0.0
0.0	0.0
-2.95304913855432e-09	0.0
-0.006653063930571079	0.0
0.0	0.0
-8.04574756330112e-06	0.0
0.0	0.0
0.0	0.0
-0.00016535962640773505	0.0
0.0	0.0
0.0	0.0
0.0	0.0
0.0	0.0
0.0	0.0
0.0	0.0
0.0	0.0
0.0	0.0
0.0	0.0
0.0	0.0
0.0	0.0
0.0	0.0
0.0	0.0
0.0	0.0
-0.007108161225914955	0.0
0.0	0.0
-4.256423213888638e-09	0.0
-0.004223764408379793	0.0
-0.0053261928260326385	0.0
-0.01060910802334547	0.0
-2.2820502181275515e-06	0.0
0.0	0.0
0.0	0.0
-0.03971303999423981	0.0
-0.00015193800209090114	0.003
-0.0003072540566790849	0.0
-1.1685520542942212e-18	0.0
-3.335249402880436e-06	0.0
-0.0014977024402469397	0.0
0.0	0.0
0.0	0.0
0.0	0.0
0.0	0.161
0.0	0.0
0.0	0.161
0.0	0.0
-0.00036813353653997183	0.0
-7.842785976208688e-07	0.161
0.0	0.161
0.0	0.161
-0.006577290594577789	0.0
0.0	0.0
0.0	0.0
-1.869538161433648e-12	0.0
0.0	0.0
0.0	0.0
0.0	0.0
0.0	0.0
0.0	0.0
0.0	0.0
0.0	0.0
0.0	0.0
0.0	0.0
0.0	0.0
0.0	0.0
-0.003095868742093444	0.0
0.0	0.0
0.0	0.0
0.0	0.0
0.0	0.0
0.0	0.0
-0.003410844597965479	0.0
0.0	0.0
0.0	1.0
0.0	0.0
0.0	0.0
-3.780625661420345e-07	0.0
-0.0005594788235612214	0.0
-0.0002737916656769812	0.0
0.0	0.0
0.0	0.0
0.0	0.0
0.0	0.0
0.0	0.0
0.0	0.0
0.0	0.0
-8.521891686541494e-06	0.0
-0.0013321301667019725	0.001
0.0	0.0
-6.784545257687569e-05	0.001
0.0	0.0012091898428053204
0.0	0.0
0.0	0.0
0.0	0.001
-0.0005452847690321505	0.0
0.0	0.01
-1.0894072310918546e-08	0.0
-0.005511013325303793	0.01
0.0	0.0
0.0	0.0
-6.799895345466211e-05	1.0
0.0	1.0
-6.76797644700855e-05	0.0
-0.0033045934978872538	0.0
0.0	0.0
0.0	0.0
-3.433224992477335e-05	0.0
0.0	0.012
0.0	0.0
0.0	0.012
-0.0005769309937022626	0.012
0.0	0.012
0.0	0.0
-0.001476371195167303	0.01
-0.0012902611633762717	0.0
0.0	0.0
0.0	0.0
0.0	1.0
0.0	0.0
0.0	0.0
0.0	1.0
0.0	0.0
-1.7495340216555633e-05	0.0
0.0	0.0
0.0	0.0
-0.00048513832734897733	0.0
-1.499809165750321e-09	0.0
-0.0005100115668028593	0.248
-0.000617154233623296	0.248
0.0	0.248
-0.008860474452376366	0.0
-2.2686592274112627e-05	0.0
-1.3040535122854635e-05	1.0
-0.00031871089595369995	0.0
0.0	0.0
0.0	0.0
0.0	0.0
0.0	0.0
0.0	0.0
-0.0010436390293762088	0.0
-1.3744618627242744e-05	0.0
-0.00862689595669508	0.0
-0.0006685215630568564	0.0
0.0	0.0
-5.712491110898554e-05	0.0
0.0	0.0
-5.739796506532002e-06	0.0
-0.0015501623274758458	0.0
0.0	0.0
-0.0004684822342824191	0.0
-7.535997070817757e-08	0.0
0.0	0.0
-2.9798713496731466e-10	0.0
0.0	0.0
-7.994020023716075e-08	0.0
-6.807766567362705e-06	0.0
-0.006502931471914053	0.0
0.0	0.0
-0.0002865355636458844	0.0
0.0	1.0
-3.6529257840811624e-07	0.0
0.0	0.0
-9.8369446277502e-07	1.0
-0.012713906355202198	0.0
0.0	0.0
0.0	0.0
0.0	0.0
-0.0017041360260918736	1.0
-0.0006849988712929189	0.0
0.0	1.0
0.0	0.0
0.0	0.0
-7.497096521547064e-05	0.0
0.0	0.0
0.0	0.0
0.0	0.0
0.0	0.0
0.0	0.0
-1.719663167421004e-08	0.0
0.0	0.0
0.0	0.0
0.0	1.0
-0.002401894424110651	0.0
0.0	0.0
0.0	0.0
0.0	0.0
0.0	0.0
-0.001249560504220426	0.0
0.0	0.0
0.0	0.0
0.0	0.0
0.0	0.0
0.0	0.0
-0.00677515659481287	0.0
0.0	0.0
0.0	0.0
-0.02151668258011341	0.0
0.0	0.0
-0.005295313894748688	0.0
0.0	0.0
-0.00014076019579079002	0.0
-0.0002528495097067207	0.0
-0.0006067394861020148	0.0
0.0	0.0
0.0	0.0
0.0	0.0
-0.0011682298500090837	0.0
0.0	0.161
0.0	0.161
0.0	0.0
-0.0001622395939193666	0.0
0.0	0.0
-2.4484379537170753e-05	0.0
-0.00010326264600735158	0.0
0.0	0.0
0.0	0.0
0.0	0.0
0.0	0.0
-0.0016146170673891902	0.0
0.0	0.0
-0.0008783788071013987	0.0
-0.003916705492883921	0.0
-3.58637691988406e-07	0.0
0.0	0.0
0.0	0.0
0.0	0.0
-3.7647050703526475e-06	0.0
0.0	0.0
-0.0016741979634389281	0.0
0.0	0.0
-0.00024327017308678478	0.0
0.0	0.0
0.0	0.0
-0.0011015983764082193	0.0
-0.0003214700846001506	0.0
-4.572159983950996e-09	0.0
-0.002380512887611985	0.0
0.0	0.0
-1.5755390048166618e-10	0.0
0.0	0.0
-3.432179482842912e-07	0.0
0.0	0.0
0.0	0.0
-0.0005472046323120594	0.0
0.0	0.0
0.0	0.0
-2.7808760933112353e-05	0.0
-0.005096884910017252	0.0
-5.203302748668648e-07	0.0
0.0	0.0
0.0	0.0
0.0	0.0
0.0	0.0
0.0	0.0
0.0	0.0
0.0	0.0
-0.00014199480938259512	0.0
0.0	0.0
-0.0025399525184184313	0.0
0.0	0.0
0.0	0.0
0.0	0.0
-1.1799555977631826e-05	0.0
-0.0001906619145302102	0.0
-0.0005484717548824847	0.0
-1.5360560010141492e-16	0.0
0.0	0.0
0.0	0.0
-0.010438473895192146	0.0
0.0	0.0
0.0	0.0
0.0	0.0
0.0	0.0
-0.00010865498188650236	1.0
-0.0022485055960714817	0.0
0.0	0.0
-1.7723820633364085e-07	0.012
0.0	0.0
-0.001543759717606008	0.0
-1.927947232616134e-05	0.012
0.0	0.0
0.0	0.0
0.0	0.0
-0.00014141581777948886	0.0
0.0	0.0
0.0	0.0
0.0	0.0
0.0	0.0
0.0	0.0
0.0	0.0
-0.001712312689051032	0.0
0.0	0.0
-0.05301308259367943	0.0
-1.109143113353639e-06	0.0
-8.101735875243321e-05	0.0
0.0	0.0
0.0	0.0
-9.064996788765711e-07	0.0
0.0	0.0
0.0	0.0
0.0	0.0
0.0	0.0
-0.02259855531156063	0.0
0.0	0.0
-0.010912025347352028	0.0
0.0	0.0
0.0	0.0
-0.0016516221221536398	0.0
0.0	0.0
0.0	0.0
0.0	0.0
-5.230513693277317e-07	0.0
0.0	0.0
-0.00025436433497816324	0.0
0.0	0.0
-2.4064215509156384e-08	0.0
0.0	1.0
-0.0008825924596749246	0.0
-0.00035404093796387315	1.0
-1.7803120499593206e-05	0.0
0.0	0.0
0.0	0.0
0.0	0.0
-1.8752828623291862e-08	0.0
-0.005954608786851168	0.0
-1.6980256987153552e-06	0.0
-1.4411320989893284e-05	0.0
0.0	0.0
0.0	0.0
-0.0003790835908148438	0.0
0.0	0.0
0.0	0.021
0.0	0.021
-0.012627867981791496	0.021
0.0	0.0
-0.0003124253998976201	0.0
0.0	0.0
0.0	0.0
-3.0814906040177448e-06	1.0
0.0	0.0
0.0	0.021
0.0	0.0
0.0	0.0
0.0	0.0
0.0	0.0
-4.2487815221647907e-07	0.0
-6.164888759485621e-07	0.0
-0.001056572888046503	0.0
-4.971396629116498e-05	0.0
0.0	0.0
0.0	0.0
-0.0005915593937970698	0.0
0.0	0.0
0.0	0.0
-0.0015953704714775085	0.0
0.0	0.0
0.0	1.0
0.0	1.0
-1.0993898058586637e-07	0.0
-9.931383146977169e-07	1.0
0.0	0.0
0.0	0.0
-0.000579151208512485	0.0
0.0	0.0
0.0	1.0
-0.0033355511259287596	0.0
0.0	0.0
0.0	0.0
0.0	0.0
0.0	0.0
0.0	0.0
-2.640390448505059e-05	0.0
0.0	0.0
0.0	0.039
0.0	0.0
0.0	0.0
-0.013638604432344437	0.0
0.0	0.0
0.0	0.0
-2.1475692335570784e-07	0.0
0.0	0.0
0.0	0.0
-0.011926776729524136	0.0
0.0	0.0
-8.646594551464659e-08	0.0
0.0	0.0
0.0	0.0
0.0	0.0
0.0	0.0
0.0	0.0
0.0	0.0
0.0	0.0
0.0	0.0
0.0	0.0
-0.000324269465636462	0.0
-0.0001362689072266221	0.0
0.0	0.0
-0.0001538415381219238	0.012
-2.3277252694242634e-05	1.0
0.0	0.0
0.0	0.0
0.0	0.0
-0.0077293673530220985	0.0
0.0	0.0
-1.632131534279324e-05	0.0
-0.0009208422852680087	0.0
0.0	1.0
0.0	0.0
0.0	0.0
0.0	0.0
-0.002884499728679657	0.0
-0.007918066345155239	0.0
-0.0004982908139936626	0.0
0.0	0.0
0.0	1.0
-3.4341312129981816e-05	0.0
-0.01197105459868908	0.0
-0.005633900407701731	0.0
-0.0003337601956445724	1.0
0.0	0.0
0.0	1.0
0.0	0.0
0.0	0.0
-1.2233535017003305e-05	0.0
-0.00012732259347103536	1.0
-0.0008001611568033695	0.0
-0.003575380891561508	0.0
-0.0004061947693116963	0.0
-1.0997679055435583e-05	0.0
-9.8448454082245e-06	0.0
0.0	1.0
0.0	0.0
-0.0028919533360749483	0.0
0.0	0.0
0.0	0.0
0.0	1.0
-0.004685953725129366	0.0
0.0	1.0
0.0	0.0
0.0	0.0
0.0	0.0
-0.00218402873724699	0.0
0.0	0.0
0.0	0.0
-0.0004563567053992301	0.0
-0.001719560008496046	0.0
0.0	0.0
-6.388755718944594e-05	0.0
0.0	0.0
0.0	0.0
-0.0008843531250022352	0.0
0.0	0.0
0.0	0.0
-0.003046791534870863	0.0
0.0	0.0
0.0	0.0
-5.260238140181173e-06	0.0
0.0	0.0
0.0	0.0
-1.1582126717257779e-05	0.0
0.0	0.0
-0.00043330073822289705	0.0
-0.012832033447921276	0.0
0.0	0.0
-0.0027626510709524155	0.0
0.0	0.0
-0.0001981827081181109	0.0
0.0	0.0
0.0	0.0
-0.00018676882609724998	0.0
0.0	0.0
0.0	0.0
0.0	0.0
-0.007194675970822573	0.0
-0.00023883480753283948	0.0
0.0	0.0
-0.022104179486632347	0.0
-1.1676344001898542e-05	0.0
-8.530009836249519e-06	0.017
0.0	0.0
0.0	0.0
-1.0313711982234963e-06	0.0
-0.001710213953629136	0.0
0.0	0.0
0.0	0.0
-0.000592422264162451	0.0
-0.0002462367119733244	0.0
-0.0012463787570595741	0.0
0.0	0.0
0.0	0.0
0.0	0.0
0.0	0.0
0.0	0.0
0.0	0.0
0.0	0.0
-0.012322686612606049	0.0
0.0	0.0
0.0	0.0
-0.0028391131199896336	0.0
0.0	0.0
0.0	0.0
0.0	0.0
-0.0001287096820306033	0.0
-0.0003116139560006559	0.0
0.0	1.0
0.0	0.0
0.0	0.0
0.0	0.0
0.0	0.0
0.0	0.0
0.0	0.0
0.0	0.0
-7.846878361306153e-06	0.0
0.0	0.0
0.0	0.0
-0.00034019327722489834	0.0
0.0	0.0
0.0	0.0
-0.002901335246860981	0.0
0.0	0.0
0.0	0.0
-1.0143761386416372e-08	0.0
0.0	0.01
-6.015666440362111e-05	0.0
-0.00015097533469088376	0.0
-1.2665722124438616e-06	0.0
0.0	0.0
-1.208275898534339e-05	0.0
0.0	0.0
-0.001836158917285502	0.0
0.0	0.0
0.0	0.0
0.0	1.0
-0.00017468266014475375	1.0
0.0	1.0
-0.0003307390434201807	0.0
-1.6053504623414483e-06	0.0
0.0	0.0
0.0	0.0
0.0	0.0
0.0	0.0
0.0	0.0
-3.902074240613729e-05	0.0
0.0	0.0
-0.001980667468160391	0.0
-5.590413638856262e-05	0.0
0.0	1.0
-2.0310068066464737e-05	0.0
-5.9674216572602745e-06	1.0
-8.537116082152352e-05	0.0
0.0	1.0
0.0	1.0
-0.0019505303353071213	0.0
0.0	0.0
0.0	1.0
-0.00015907306806184351	1.0
0.0	1.0
0.0	0.0
-8.495212311387945e-10	1.0
-0.00021149344684090465	0.0
0.0	0.0
0.0	1.0
-9.588982356945053e-05	0.0
0.0	0.0
-1.0137954632227775e-05	0.0
0.0	1.0
0.0	1.0
-2.694993384011468e-07	1.0
0.0	0.0
0.0	1.0
0.0	1.0
0.0	0.0
-4.9812981160357594e-05	0.0
0.0	0.0
-0.0006277992506511509	0.0
0.0	0.0
-3.275124171864263e-09	0.0
0.0	0.0
-5.129214332555421e-05	0.0
0.0	0.0
-2.4424000457656803e-06	0.0
0.0	0.0
-2.5151441150228493e-05	0.0
0.0	0.0
0.0	0.0
0.0	0.0
0.0	0.0
-0.00023906922433525324	0.0
0.0	0.0
0.0	0.0
0.0	0.0
-8.068387842286029e-07	0.0
0.0	0.0
-0.0004160999960731715	0.0
-4.849319527205388e-15	0.0
0.0	0.0
0.0	0.0
-0.009657894261181355	0.0
-0.0007233631331473589	0.0
0.0	0.0
-1.0211444532615133e-05	0.0
0.0	0.0
-1.556571623950731e-05	0.0
0.0	0.0
-0.002184049692004919	0.0
0.0	0.0
0.0	0.0
-0.0001438782346667722	1.0
0.0	0.0
0.0	0.0
0.0	0.0
0.0	0.0
-1.1456148030219993e-07	0.0
-4.581783563661901e-10	0.0
-7.547292625531554e-06	0.0
0.0	0.0
0.0	0.0
0.0	0.0
0.0	0.0
-8.195247573894449e-06	0.0
-1.7498752669098394e-08	0.0
0.0	0.0
0.0	0.0
-0.00911275390535593	0.0
-0.0007342115859501064	0.0
0.0	0.0
0.0	0.0
-6.505109013232868e-06	0.0
0.0	0.0
0.0	0.0
-9.390590275870636e-05	0.0
0.0	0.0
0.0	0.0
-5.882996561012988e-07	0.0
-1.5526778952335007e-05	0.0
0.0	0.0
0.0	0.0
0.0	0.0
-1.969996446860023e-05	0.0
-0.0008786924881860614	0.0
0.0	0.0
0.0	0.0
-1.2430473361746408e-06	0.0
0.0	0.0
-9.838599623890332e-08	0.0
-2.221158326709549e-11	0.0
0.0	0.0
-2.5062299755518325e-06	0.0
0.0	0.0
-7.530485390816466e-07	0.0
0.0	0.0
0.0	0.0
0.0	0.0
-7.07695164692268e-07	0.0
0.0	0.0
-0.00022333094966597855	0.0
-0.0745091512799263	0.0
-1.8285140512830367e-08	0.0
-0.0004686937609221786	0.0
0.0	0.0
0.0	0.0
-0.0002174577966798097	0.0
-0.010942978784441948	0.0
0.0	0.0
-5.293976021447655e-11	0.0
0.0	0.0
0.0	0.0
0.0	0.0
0.0	0.0
-1.1670910993188954e-07	1.0
0.0	0.0
-4.410075504779343e-08	0.0
-0.0028839209116995335	0.0
0.0	0.0
-0.00015224232629407197	0.0
-9.846009163538838e-08	0.0
0.0	0.0
0.0	0.0
0.0	0.0
-4.1558800148777664e-05	0.0
0.0	0.0
0.0	0.0
0.0	0.0
0.0	0.0
0.0	0.0
0.0	0.0
0.0	1.0
-0.004126987885683775	0.0
0.0	0.0
0.0	1.0
-4.736136179417372e-05	1.0
0.0	0.0
-4.3965303619941665e-10	0.0
-6.295709340520261e-07	0.001
-5.156144834472798e-05	0.0
-0.0011962216813117266	0.0
-1.0784952486631028e-08	0.0
0.0	0.0
-7.588296284666285e-05	0.0
0.0	0.0
0.0	0.0
0.0	0.0
0.0	0.0
-0.00015718696522526443	0.0
-4.86110529607231e-09	0.0
-1.7293231083237437e-11	0.0
0.0	0.0
0.0	0.0
0.0	0.0
0.0	0.0
-0.002021455205976963	0.0
-5.432535181171261e-05	0.0
0.0	0.0
-0.0005387790151871741	0.0
0.0	0.0
-1.0425294050264711e-07	0.0
0.0	0.0
-0.00012940105807501823	0.0
-0.003204084699973464	0.0
0.0	0.0
-3.389747007531696e-07	0.0
0.0	0.0
-1.7184383978019468e-06	0.0
-0.006179287098348141	0.0
-5.525203505385434e-06	0.0
0.0	0.0
0.0	0.0
0.0	0.0
0.0	0.0
0.0	0.0
0.0	0.0
0.0	0.0
0.0	0.0
0.0	0.0
0.0	0.0
0.0	0.0
-0.0020992495119571686	0.0
0.0	0.0
-9.530955885628245e-11	0.0
-0.002528984099626541	0.0
0.0	0.0
0.0	0.0
0.0	0.0
-0.05050988122820854	0.0
0.0	0.0
0.0	0.0
0.0	0.0
0.0	0.0
-2.1479621864273213e-05	0.0
-0.0011055489303544164	0.0
-0.00015861030260566622	0.0
0.0	0.0
-1.2171262824267615e-05	0.0
-4.596770395437488e-06	0.0
-2.87165509149645e-08	0.0
0.0	0.0
0.0	0.0
0.0	0.0
0.0	0.827
-7.408920646412298e-05	0.0
0.0	0.827
0.0	0.0
-0.000187314348295331	0.0
-0.002341954270377755	0.0
0.0	0.827
0.0	0.827
-0.00011594637908274308	0.0
-4.265705501893535e-05	0.0
0.0	0.0
0.0	0.0
0.0	0.0
0.0	0.0
-0.0039010574109852314	0.0
0.0	0.0
0.0	0.0
-2.529272251194925e-06	0.0
0.0	0.0
0.0	0.0
-3.845351602649316e-05	0.0
0.0	0.0
0.0	1.0
0.0	0.0
0.0	0.0
0.0	0.0
0.0	0.0
0.0	0.0
0.0	0.0
0.0	0.0
0.0	0.0
-3.152673144768414e-08	0.0
0.0	1.0
0.0	0.0
0.0	1.0
-0.0004096913035027683	0.0
0.0	1.0
0.0	0.0
0.0	0.0
-0.006932757794857025	0.0
0.0	0.0
0.0	0.0
-0.0016015070723369718	0.0
-0.00018543940677773207	0.0
0.0	0.0
-3.476034393656846e-08	0.007
0.0	0.0
0.0	0.0
-5.321281264514255e-07	0.0
0.0	0.0
-1.203587180498289e-05	0.0
-0.00041280873119831085	0.0
