-4.677809192799032e-05	0.0
-0.01134653389453888	0.0
-0.0029151097405701876	0.0
0.0	0.0
0.0	1.0
0.0	0.0
-0.005776699632406235	0.0
0.0	0.0
-2.979800228786189e-06	0.0
0.0	0.0
-2.244801726192236e-05	0.0
0.0	0.0
0.0	0.0
-1.3528658655559411e-06	0.0
0.0	0.0
-5.913576387683861e-05	0.0
-0.0008653851691633463	0.0
-0.002260211855173111	0.0
-0.00012955960119143128	0.0
0.0	0.0
0.0	0.0
0.0	0.0
0.0	0.0
0.0	0.0
0.0	0.0
-0.0043775602243840694	0.0
-0.004679890349507332	0.0
-0.009487573057413101	0.0
-0.00021401065168902278	0.0
0.0	0.0
-0.0001946746779140085	0.0
0.0	0.0
0.0	0.0
-0.00048628344666212797	0.0
-0.00013594601477961987	0.0
-1.9972336284812542e-10	0.0
-4.863472895522136e-06	0.0
-0.003514826064929366	0.0
0.0	0.0
0.0	0.0
0.0	0.0
0.0	0.0
-0.006917485035955906	0.0
0.0	0.0
-8.482968041789718e-06	0.0
-0.00010374522389611229	0.0
-0.0037549168337136507	0.0
0.0	1.0
-0.0004125681007280946	0.0
-0.0007281315629370511	0.0
-1.4683344488730654e-05	0.0
-3.750914174815989e-06	0.0
0.0	0.0
0.0	0.0
-0.002338940743356943	0.0
-0.00576007692143321	0.0
0.0	0.0
-0.0015412555076181889	0.0
-0.01632748544216156	0.0
-0.018821917474269867	0.0
-0.00044473842717707157	0.0
0.0	0.0
-4.194222128717229e-05	1.0
0.0	1.0
0.0	1.0
-1.3416705257895956e-07	0.0
-5.714205144613516e-06	0.0
-0.0003209449059795588	0.0
0.0	0.0
0.0	0.0
-1.871447807388904e-06	0.0
0.0	0.0
0.0	0.0
-4.4004085793858394e-05	0.0
0.0	0.0
0.0	0.0
-0.010921143926680088	0.0
-4.733065606110642e-10	0.0
-1.2246764526935294e-06	0.004
0.0	0.0
-3.631504296208732e-05	0.0
0.0	0.0
-9.889109605865087e-06	0.0
0.0	0.0
0.0	0.0
0.0	0.0
-9.970022802008316e-05	0.0
0.0	0.0
-0.0012824985897168517	0.0
0.0	0.0
0.0	0.0
-3.346718358443468e-06	0.0
-1.2431662980816327e-05	0.0
-1.6542036973987706e-05	0.0
-0.001597483642399311	0.0
0.0	0.005
-8.49014577397611e-06	0.005
0.0	0.005
0.0	0.0
-4.910585630568676e-05	0.0
0.0	0.0
0.0	0.0
0.0	1.0
-0.00019789335783571005	0.0
-1.144486077464535e-06	0.0
0.0	0.0
0.0	0.0
-0.00011569780326681212	0.0
-4.800939859705977e-05	0.0
0.0	0.0
-2.1000607375754043e-05	0.0
0.0	0.0
-0.004239208996295929	0.0
-0.009716365486383438	0.0
-0.0001579637173563242	0.0
-7.287968037417158e-05	0.0
0.0	0.0
-3.911952444468625e-05	0.0
-0.00028712820494547486	0.0
-0.0007522824453189969	0.0
0.0	0.0
0.0	0.0
0.0	0.0
0.0	0.0
0.0	0.0
0.0	0.0
-4.4326054194243625e-05	0.0
-1.590076294633036e-06	0.0
0.0	0.047
0.0	0.0
-6.436883268179372e-05	0.0
-0.002229756908491254	0.0
-2.8332263468655583e-07	0.0
0.0	0.0
0.0	0.0
0.0	0.0
-1.195394270325778e-05	0.0
0.0	0.0
0.0	0.0
-0.00011883836123161018	0.0
-2.095532408930012e-06	0.0
-2.0918078007525764e-06	1.0
-1.416400863263334e-07	1.0
0.0	1.0
0.0	1.0
0.0	1.0
-4.688402896135813e-06	1.0
0.0	1.0
0.0	1.0
-7.958465721458197e-05	1.0
0.0	0.0
0.0	0.0
-9.134719754699469e-14	0.0
0.0	0.0
0.0	0.0
0.0	0.0
-7.5410712270240765e-06	0.0
0.0	0.0
-0.0002209531085100025	0.0
-0.01630605198442936	0.0
-0.00021696908515878022	0.0
0.0	0.0
-3.672699676826596e-05	1.0
0.0	1.0
0.0	0.0
-0.0027714648749679327	0.0
0.0	0.0
0.0	0.0
0.0	1.0
-7.4802105700655375e-06	0.0
0.0	1.0
-2.227884942840319e-05	0.0
0.0	0.0
0.0	1.0
-9.01240540409408e-22	1.0
0.0	1.0
0.0	1.0
-0.024761954322457314	0.0
0.0	0.0
0.0	1.0
-1.67864257605288e-07	0.0
0.0	0.0
0.0	0.0
0.0	0.0
0.0	0.0
-1.0867138371395413e-06	0.0
0.0	0.0
-0.002977491356432438	0.0
0.0	0.0
-0.0015109882224351168	0.0
0.0	0.0
0.0	0.0
-0.030796891078352928	0.0
-5.0742586608976126e-05	0.0
-0.00014983679284341633	0.0
0.0	0.0
-8.153701287483273e-07	0.0
0.0	0.0
0.0	1.0
0.0	0.0
0.0	0.0
0.0	0.0
0.0	0.0
-1.2861299865107867e-06	0.0
-9.70338805927895e-06	0.0
0.0	0.0
-0.0010619070380926132	0.0
0.0	0.0
-0.0070227449759840965	0.0
0.0	0.0
0.0	0.0
-0.00013985743862576783	0.0
0.0	0.0
0.0	1.0
0.0	0.0
0.0	1.0
-0.00025509382248856127	0.0
-9.151434454679475e-08	0.0
0.0	0.0
0.0	0.0
-0.0016536616021767259	0.0
-0.0005610271473415196	0.0
-0.00041083243559114635	0.0
-0.00010225245932815596	1.0
-0.0011861773673444986	1.0
0.0	0.0
-2.303213193499687e-07	0.0
0.0	0.0
-0.0018324536504223943	0.0
0.0	0.0
-1.6366548152291216e-05	0.0
-0.015257240273058414	0.0
0.0	0.0
0.0	0.0
-9.466275514569134e-07	0.0
0.0	1.0
0.0	0.0
0.0	0.0
-0.0001884443045128137	0.0
-7.835269207134843e-05	1.0
0.0	1.0
0.0	0.0
-9.032285674948071e-07	0.0
0.0	0.0
0.0	1.0
-8.641301246825606e-05	0.0
0.0	1.0
0.0	0.0
0.0	0.0
0.0	1.0
0.0	1.0
0.0	1.0
-9.451077494304627e-05	0.0
0.0	0.0
-0.0010363251203671098	0.0
0.0	0.0
0.0	0.0
0.0	0.0
-0.004515735432505608	0.0
0.0	0.0
0.0	0.0
0.0	0.0
0.0	0.0
0.0	0.0
0.0	0.0
0.0	0.0
0.0	0.0
-4.7194362196023576e-07	0.0
-4.2747618863359094e-05	0.0
0.0	1.0
-9.113841201724426e-07	0.0
0.0	0.0
0.0	0.0
0.0	0.0
-0.00192441965918988	0.0
-0.0007359713781625032	0.0
0.0	0.0
-4.636148878489621e-05	0.0
-4.372061448520981e-05	1.0
0.0	1.0
-5.3196203225525096e-05	0.0
0.0	1.0
0.0	0.0
0.0	0.0
-1.0364541367380298e-06	0.0
0.0	0.0
0.0	1.0
-0.0025169060099869967	0.0
0.0	1.0
0.0	1.0
0.0	1.0
0.0	1.0
0.0	0.0
-8.508209248248022e-09	0.0
0.0	0.0
0.0	0.0
-1.0907069025734017e-08	0.0
0.0	0.0
0.0	0.0
0.0	0.0
0.0	0.0
0.0	0.0
-0.06537113338708878	0.0
0.0	0.0
0.0	0.0
0.0	0.0
0.0	0.0
0.0	0.0
0.0	0.0
0.0	1.0
-4.131374566895829e-07	0.0
-1.3817778032887418e-08	0.0
0.0	0.0
-6.232513260329142e-05	1.0
-0.0003640517534222454	1.0
-9.052574499474747e-14	0.0
0.0	0.0
0.0	0.0
-0.0006326731527224183	0.0
-1.5352638627064152e-07	0.0
-0.001320952782407403	0.0
-1.0507905017220764e-06	0.0
0.0	0.0
0.0	0.0
-0.019987421110272408	0.0
0.0	0.012
0.0	0.0
0.0	0.0
-1.0792790817504283e-05	0.012
-5.294616494211368e-05	0.012
-0.000480484013678506	0.0
0.0	1.0
-9.97335955617018e-05	0.0
0.0	0.0
-0.0031378783751279116	0.0
0.0	0.0
-0.0013683577999472618	0.0
-4.152825283654238e-07	0.0
0.0	0.0
0.0	0.0
0.0	0.0
0.0	0.0
-0.004937209188938141	0.0
0.0	0.0
-0.004668764304369688	0.0
-4.547739081317559e-05	0.0
0.0	0.0
0.0	0.0
0.0	0.0
0.0	1.0
0.0	0.0
0.0	0.0
0.0	0.0
-0.0006663447129540145	0.0
-0.00783271063119173	0.0
0.0	0.0
-0.0007249913760460913	0.0
-0.0003338911628816277	0.0
-3.303074117866345e-05	0.0
0.0	1.0
0.0	1.0
0.0	0.0
0.0	0.0
0.0	0.0
-0.045125238597393036	0.0
0.0	1.0
0.0	0.0
0.0	0.0
-0.0023188821505755186	0.0
-0.00048481341218575835	0.0
-5.988565681036562e-05	0.0
0.0	0.0
-0.0067514157854020596	0.0
0.0	1.0
-5.741044901697023e-07	1.0
-8.651984952504549e-17	1.0
0.0	0.0
0.0	0.0
0.0	0.0
0.0	1.0
0.0	1.0
-0.002578410319983959	0.0
0.0	0.0
0.0	1.0
0.0	0.0
0.0	0.0
0.0	0.0
0.0	0.0
-2.48188225668855e-05	0.0
0.0	0.0
-0.0381302572786808	0.0
-0.0003080844471696764	0.0
0.0	0.0
0.0	0.0
0.0	0.0
-0.00033891116618178785	1.0
0.0	0.0
-8.368975613848306e-06	0.0
-6.549359386553988e-05	0.0
-4.753055549144847e-08	0.0
-1.1369633057256578e-06	0.0
0.0	0.0
0.0	0.0
-5.5962809710763395e-05	0.0
-0.00022011059627402574	0.0
-2.2050733461398409e-10	1.0
-2.8475209745693064e-08	1.0
-0.0051680682227015495	0.0
0.0	0.0
0.0	0.0
-1.9684139829223568e-07	0.0
0.0	0.0
0.0	0.0
0.0	0.0
0.0	0.0
0.0	0.0
0.0	0.0
-1.976344066179081e-08	0.0
0.0	0.0
0.0	0.0
-0.0023337171878665686	0.0
0.0	0.0
-0.0002807520504575223	0.0
0.0	0.0
-1.1342382322254707e-07	0.0
0.0	1.0
-2.256290487778756e-09	0.0
-0.0009103653719648719	0.0
-7.529532012995332e-05	0.0
-0.0002934682124760002	0.0
-0.0057974006049335	0.0
-4.3501422624103725e-06	0.0
0.0	0.0
0.0	0.0
-7.196053047664464e-05	0.0
0.0	0.0
0.0	0.0
0.0	0.0
0.0	0.0
-0.0036214045248925686	0.0
0.0	0.0
-6.068833499739412e-06	0.0
-0.0019155727932229638	0.0
0.0	0.0
-0.0005557007389143109	0.0
0.0	0.0
0.0	0.0
-0.0048851389437913895	0.0
-1.445331236027414e-05	0.0
0.0	0.035
0.0	0.0
-6.471885853898129e-07	0.035
0.0	0.035
0.0	0.035
-0.0002529790799599141	0.035035035035035036
0.0	0.0010362694300518134
-1.2486135346989613e-05	0.0
0.0	0.035
0.0	0.0
-0.0004688582557719201	0.0
0.0	0.0
-0.0029360931366682053	0.0
0.0	0.0
0.0	1.0
-3.2961800606676195e-13	0.0
-0.0016303231241181493	1.0
0.0	0.0
-2.986092511036986e-07	0.035
0.0	0.0
-0.0009140459587797523	0.0
-0.0020461895037442446	0.0
0.0	0.0
-5.4459721454680476e-11	0.0
-2.1965997802908532e-05	0.0
0.0	0.0
0.0	0.0
0.0	0.0
0.0	0.0
-9.371306987304706e-06	0.0
0.0	0.0
-4.1286588384537026e-05	0.0
0.0	0.0
-0.00035073436447419226	0.0
0.0	0.0
0.0	0.0
0.0	0.0
0.0	0.0
0.0	0.0
0.0	0.0
-0.0005266452208161354	0.0
0.0	0.0
-0.006105341948568821	0.0
-0.003198673715814948	0.0
0.0	0.0
0.0	0.0
-5.097788857710839e-09	0.0
0.0	0.0
0.0	0.0
0.0	0.0
-0.0019010994583368301	0.0
-0.0005011731991544366	0.0
-0.0024268124252557755	0.0
-0.0002394351758994162	0.0
0.0	0.0
0.0	0.0
0.0	0.0
0.0	0.0
0.0	0.0
-0.004357435740530491	0.0
0.0	0.0
0.0	1.0
-8.601189964256573e-13	0.0
0.0	0.0
0.0	0.0
-0.007006599102169275	0.0
-0.0014054762432351708	0.0
-0.0004919579369015992	0.0
0.0	0.0
-1.1222545026612352e-07	0.0
-0.00011961514974245802	0.0
0.0	0.0
0.0	0.0
0.0	0.0
-4.059579168824712e-06	0.0
-2.0836727898654317e-08	0.0
0.0	0.0
0.0	0.0
0.0	0.0
-6.205991212482331e-06	0.0
0.0	1.0
-0.000748434045817703	0.0
0.0	1.0
0.0	1.0
0.0	0.0
0.0	0.0
0.0	1.0
0.0	0.0
-0.00032395447487942874	0.0
0.0	0.0
0.0	0.0
0.0	0.0
0.0	0.0
0.0	0.0
0.0	0.0
0.0	0.0
-0.013386256992816925	0.0
0.0	0.0
0.0	0.0
-0.0016478304751217365	0.0
0.0	0.0
-0.0032459155190736055	0.0
-0.004837296437472105	0.0
0.0	0.0
-7.907947185969988e-09	0.0
0.0	0.0
0.0	0.0
0.0	0.0
0.0	0.0
0.0	0.0
0.0	0.0
-9.539211532683112e-06	0.017
0.0	0.017
0.0	0.0
-4.578431384016923e-12	0.0
0.0	0.017
-0.00040042257751338184	0.017
0.0	0.017
-0.00033410219475626945	0.0
0.0	0.0
0.0	0.0
-1.1369081221346278e-05	0.16346153846153846
0.0	0.017
-7.306830957531929e-05	0.0
-2.0756287313905553e-12	0.0
-9.067197242984548e-05	0.0
-1.7336262203571096e-07	0.0
0.0	0.0
0.0	0.0
-0.00018587446538731456	0.0
0.0	0.0
0.0	0.0
0.0	0.0
0.0	0.0
-1.997419937782574e-11	0.0
-2.7421020831752685e-07	0.0
0.0	0.0
-3.0634379072580487e-05	0.0
-0.0004653394571505487	0.0
0.0	0.0
-1.1381393223708347e-11	0.0
0.0	0.0
-0.0002654764102771878	0.0
-1.3585678971139714e-05	0.0
0.0	0.0
0.0	0.0
0.0	0.0
0.0	0.0
0.0	0.0
0.0	0.0
-0.000579729734454304	0.0
-1.5907305472850908e-09	0.0
0.0	0.0
-1.558171902615868e-07	0.0
-0.005137924570590258	0.0
0.0	0.0
0.0	0.0
0.0	0.0
-0.00013986739213578403	0.0
0.0	0.0
-0.0005731375422328711	0.0
-3.0111860227499676e-10	0.0
0.0	0.0
0.0	0.0
-7.654250111954752e-06	1.0
0.0	0.0
0.0	0.0
0.0	0.0
-0.0007979246438480914	1.0
0.0	1.0
0.0	0.0
-0.0033572681713849306	0.0
0.0	0.0
0.0	0.0
-0.00850528571754694	0.0
0.0	0.0
-0.001822513877414167	0.0
0.0	0.0
0.0	0.0
0.0	0.0
0.0	0.0
0.0	0.0
0.0	0.0
0.0	0.0
0.0	0.0
-0.010404437780380249	0.0
0.0	0.0
-0.0008947972673922777	0.0
0.0	0.0
0.0	0.0
0.0	0.0
0.0	0.0
0.0	0.0
-0.01868276670575142	0.0
0.0	0.0
0.0	0.0
0.0	0.0
-4.457864299922676e-09	0.0
0.0	0.0
-5.3463245421880856e-05	0.0
-0.039642877876758575	0.0
-0.00568782165646553	0.0
0.0	0.0
-0.00014501284749712795	0.0
0.0	0.0
0.0	0.003
0.0	0.003
-0.0018797963857650757	0.003
-2.0316152586019598e-05	0.003
-0.0030376091599464417	0.0
-0.0025837779976427555	0.0
-0.0012763380073010921	0.0
0.0	0.0
0.0	0.003
0.0	0.003
0.0	0.0
-2.4411612685071304e-05	0.003
-5.489601244335063e-05	0.0
0.0	0.0
-0.010382995940744877	0.003
0.0	0.0
0.0	0.0
-2.5929555249604164e-06	0.003
-0.0011797872139140964	0.0
-0.001638616668060422	0.003
0.0	0.0
0.0	0.0
0.0	0.0
0.0	0.0
0.0	0.0
-3.6731432118131124e-08	0.0
-7.044643757225799e-10	0.0
0.0	0.0
0.0	0.0
0.0	0.0
0.0	0.0
-0.0001273247180506587	0.0
-0.002663116902112961	0.0
-0.0001613925414858386	0.0
0.0	0.0
-1.116553206771849e-13	0.0
0.0	0.0
0.0	0.0
0.0	0.0
0.0	0.0
0.0	0.0
0.0	0.0
-1.9022153296965882e-10	0.0
0.0	0.0
-1.7610518625588156e-05	0.0
0.0	0.0
-8.820232324069366e-06	0.0
0.0	0.0
-4.3242521314823534e-06	0.0
-0.0001282919110963121	0.0
-2.9048717919977207e-07	0.0
0.0	0.0
0.0	0.0
0.0	0.0
0.0	0.0
-0.0017664612969383597	0.0
0.0	1.0
0.0	0.0
-0.0017138058319687843	0.0
-7.931804429972544e-05	0.0
-8.13476708572125e-06	0.0
0.0	0.0
-1.3113258319208398e-06	0.0
0.0	0.035
0.0	0.035
0.0	0.0
0.0	0.0
0.0	0.0
0.0	0.0
-2.4386203222093172e-05	0.0
-1.5008782838776824e-06	0.0
0.0	0.0
0.0	0.0
0.0	1.0
0.0	1.0
0.0	0.0
-0.00025051183183677495	0.0
0.0	1.0
0.0	0.0
0.0	1.0
0.0	1.0
-3.438195926719345e-05	0.0
0.0	1.0
-0.01272146962583065	0.0
0.0	0.0
-2.2262456695898436e-05	1.0
-0.0007092993473634124	0.0
0.0	0.0
0.0	0.0
-6.705093369419046e-09	0.0
0.0	0.0
0.0	0.0
0.0	0.0
-0.0002280920889461413	0.0
0.0	0.0
0.0	0.0
0.0	0.0
0.0	0.0
-0.0003987077798228711	0.0
-8.057395461946726e-05	0.0
-0.0016688170144334435	0.0
-0.00020262916223146021	0.0
0.0	0.0
-2.0593168301275e-05	0.0
-0.0003928038931917399	0.0
0.0	0.0
-1.8341575369618113e-08	0.0
-0.006615698803216219	0.0
0.0	0.0
-0.00762675516307354	0.0
-0.0012097099097445607	0.0
0.0	0.0
-2.8824097171309404e-05	0.0
0.0	0.0
-0.0006431920919567347	0.0
-0.0002244550414616242	0.0
0.0	0.0
-0.00027956897974945605	0.0
-5.651224000757793e-06	0.0
-0.00012469767534639686	0.0
-9.062973549589515e-05	0.0
-0.004544570576399565	0.0
0.0	0.0
0.0	0.0
0.0	0.0
0.0	0.0
-0.0011512013152241707	0.0
0.0	0.0
-2.409829676253139e-06	0.0
0.0	0.0
-0.0002382043603574857	0.0
-0.0001405132788931951	0.0
0.0	0.0
0.0	0.0
-2.084442530758679e-05	0.0
0.0	0.0
-0.0002680932520888746	0.0
-0.0005927132442593575	0.0
-1.5791231655626348e-09	0.0
0.0	0.0
0.0	0.0
0.0	0.0
0.0	0.0
0.0	0.0
0.0	0.0
0.0	0.0
0.0	0.0
0.0	0.0
-6.371408289851388e-06	0.0
0.0	0.0
0.0	0.0
0.0	0.0
-0.0002129370259353891	0.0
-5.635059530106901e-09	1.0
-0.00020450942975003272	1.0
0.0	0.0
0.0	0.0
-0.00037786902976222336	0.0
-1.5926761989248917e-05	0.0
-0.00019359755970072	0.0
0.0	0.0
0.0	0.0
-0.0018484697211533785	0.0
0.0	0.0
0.0	0.0
-1.644909275455575e-07	0.0
-3.0055076649659895e-08	0.0
-0.0005445031565614045	0.0
-3.1343716955234413e-07	0.0
0.0	0.0
-0.0018658146727830172	0.0
-4.962335879099555e-06	0.0
0.0	1.0
0.0	0.0
0.0	0.0
-4.03106096200645e-05	0.0
-1.7950214896700345e-05	0.0
-2.1428355466923676e-05	0.0
-0.0002396299532847479	0.0
0.0	0.0
0.0	0.0
-7.861337991167672e-13	0.0
0.0	0.0
0.0	0.0
0.0	0.0
0.0	0.0
0.0	0.0
-5.459826934384182e-05	0.0
-0.0006319587701000273	0.0
-7.887307162945945e-08	0.0
0.0	0.0
-9.97217466647271e-06	0.0
-3.572498826542869e-05	0.0
0.0	0.0
-0.0012434934033080935	0.0
0.0	0.0
-0.0033002193085849285	0.0
0.0	0.0
-0.006346697919070721	0.0
0.0	0.0
0.0	0.0
0.0	0.0
0.0	0.0
-5.5982534163945274e-09	0.0
0.0	0.0
0.0	0.0
0.0	0.0
-0.0030473070219159126	0.0
0.0	0.0
-3.497449870337732e-05	0.0
0.0	0.0
0.0	0.0
0.0	0.0
-8.9182822193834e-07	0.0
0.0	0.0
0.0	0.0
0.0	0.0
0.0	0.0
0.0	0.0
-3.4395407055853866e-06	0.0
0.0	0.0
0.0	0.0
0.0	0.0
-2.3249291189131327e-05	0.0
-0.00041798027814365923	0.0
0.0	0.0
