0.0	0.0
0.0	0.0
0.0	0.0
0.0	0.0
-0.003142337780445814	0.0
-9.900584700517356e-06	0.0
-1.3197989119362319e-06	0.0
0.0	0.0
-0.0037069155368953943	0.0
0.0	0.0
0.0	0.0
-7.394255021608842e-07	0.0
0.0	0.0
0.0	0.0
0.0	0.0
-0.002456720219925046	0.0
0.0	0.0
-3.250826694056741e-06	0.0
-6.109409150667489e-05	0.0
0.0	0.0
0.0	0.0
0.0	0.0
0.0	0.0
0.0	0.0
-7.364965858869255e-05	0.0
-0.0002098378463415429	0.0
-0.0007277425029315054	1.0
0.0	1.0
-0.001558133983053267	1.0
0.0	1.0
-1.7590649292742455e-07	1.0
0.0	0.0
0.0	1.0
0.0	0.0
-0.00017742709314916283	0.0
0.0	0.0
-2.3265887705292698e-07	0.0
-0.008388382382690907	0.0
-7.054740126477554e-05	0.0
-1.4783159940634505e-06	0.0
0.0	0.0
0.0	0.0
-0.0067598819732666016	0.0
-0.0013363446341827512	0.0
-1.0103202996436522e-11	0.0
-0.004659936763346195	0.0
-2.6152050850214437e-05	0.0
-0.00039074994856491685	0.0
-0.003665019990876317	0.0
0.0	0.0
-5.464618880068883e-05	0.0
-0.00016571245214436203	0.0
0.0	1.0
0.0	0.0
-5.641959887725534e-06	0.0
0.0	1.0
0.0	0.0
0.0	1.0
0.0	0.0
-3.76073304442226e-11	0.0
-1.270799003805223e-07	0.0
0.0	0.0
-0.00015783077105879784	0.0
-0.010740123689174652	0.0
-1.1402320199138671e-09	0.0
-2.2316920876619406e-05	0.0
-0.0005838724318891764	0.0
-0.015806162729859352	0.0
0.0	0.0
-0.00039107564953155816	0.0
0.0	0.0
0.0	0.0
0.0	0.0
0.0	0.0
0.0	0.0
0.0	0.0
-0.0037112226709723473	0.0
-3.8327671063598245e-05	0.0
-4.4415693992050365e-05	0.0
0.0	0.0
-0.00023512252664659172	0.0
0.0	0.0
-2.5530692937536514e-07	0.0
-0.002643389394506812	0.0
0.0	0.0
0.0	0.0
-0.00014564603043254465	0.0
0.0	0.0
0.0	1.0
0.0	1.0
0.0	0.0
0.0	0.0
-4.0705713217903394e-06	0.0
-5.911243715672754e-05	0.0
0.0	0.0
0.0	0.0
-0.007486675400286913	0.0
-0.0013402424519881606	0.0
-4.317395330133422e-09	1.0
-1.5503046597586945e-05	0.0
-1.1380745490896516e-05	0.0
0.0	0.0
0.0	0.0
0.0	0.0
0.0	0.0
-0.00011751513375202194	0.0
-5.733655780204572e-05	0.063
0.0	0.0
0.0	0.0
-0.03343343362212181	0.0
-0.007755723781883717	0.063
0.0	0.0
-0.007731087505817413	0.0
0.0	0.0
0.0	0.0
-1.4624852440192626e-07	0.0
0.0	0.0
-0.00041010379209183156	0.0
0.0	0.0
-1.6061190990512841e-06	0.0
0.0	0.0
-8.347848961420823e-06	0.0
-0.0005605800542980433	0.0
0.0	1.0
-7.048979114188114e-06	1.0
-0.0005616896669380367	1.0
0.0	1.0
0.0	1.0
0.0	1.0
0.0	0.0
-0.0011661811731755733	1.0
0.0	0.0
0.0	1.0
0.0	1.0
0.0	0.0
0.0	1.0
0.0	0.0
-0.0009564537322148681	0.0
-2.5947535959858214e-06	1.0
0.0	0.0
-3.678280791064026e-07	0.0
-3.7078672903589904e-05	0.0
-0.004313918296247721	0.0
0.0	0.0
-6.310353910521371e-07	0.0
0.0	0.0
0.0	0.0
0.0	0.0
-4.8697587772039697e-05	0.0
0.0	0.0
0.0	0.0
0.0	0.0
-0.00010474559530848637	0.0
-2.6591255846142303e-06	0.0
0.0	0.0
-0.0020244165789335966	0.0
-3.8302205211948603e-05	0.0
0.0	0.0
-8.356088073924184e-06	0.0
0.0	0.0
-1.211898137398748e-07	0.0
-0.008303822949528694	0.0
-0.0009579609031789005	0.0
-2.9387931135715917e-05	0.0
-0.0015168004902079701	0.0
-2.1461341020767577e-05	0.0
-0.005429526325315237	0.0
0.0	0.0
0.0	0.0
0.0	0.0
0.0	0.0
0.0	0.0
-2.3542585836366925e-07	0.0
0.0	0.0
0.0	0.0
-0.0004987191641703248	0.0
0.0	0.0
0.0	0.0
-8.561685717722867e-06	0.0
0.0	0.0
0.0	0.0
-0.0008059117826633155	0.0
-0.0027490626089274883	0.0
0.0	0.0
0.0	1.0
0.0	1.0
0.0	1.0
0.0	1.0
0.0	0.0
0.0	0.0
-0.0022785577457398176	0.0
0.0	0.0
0.0	0.0
0.0	0.0
0.0	0.0
0.0	0.0
-3.3230549888685346e-05	0.0
0.0	0.0
0.0	0.0
0.0	0.0
-9.306475840276107e-05	0.0
0.0	0.0
0.0	0.0
0.0	0.0
-0.00010389320232206956	0.0
0.0	0.0
0.0	0.0
-7.143671246012673e-05	0.0
0.0	0.001
-8.960139297187197e-09	0.0
-3.2484852585668023e-09	0.0
-0.00286513427272439	0.0
-3.0417897505685687e-05	0.0
0.0	0.0
0.0	0.0
-7.75467706262134e-05	0.0
-0.001609106664545834	0.084
0.0	0.084
0.0	0.0
0.0	0.0
-4.8025334820067656e-09	0.0
-4.877052560914308e-05	0.0
0.0	0.0
-0.0005027278675697744	0.0
-6.174186182761332e-06	0.0
0.0	0.0
0.0	0.0
0.0	0.0
-2.918141262853169e-06	0.0
0.0	0.0
0.0	0.0
-0.0007029552944004536	0.0
0.0	0.0
-0.03861520439386368	0.0
0.0	0.0
0.0	0.0
-3.244129131996232e-10	1.0
0.0	0.0
-0.0028779187705367804	0.0
0.0	0.0
-2.881181899283547e-05	1.0
-3.762666622719735e-08	0.0
-1.357649495048463e-07	0.0
0.0	0.0
-8.260999311460182e-05	0.0
0.0	0.0
0.0	0.0
0.0	0.0
0.0	0.0
0.0	1.0
0.0	1.0
0.0	0.0
0.0	0.0
0.0	0.0
0.0	0.0
-0.0019381537567824125	0.0
-3.5946914067608304e-06	0.0
0.0	0.0
0.0	0.0
0.0	0.0
0.0	0.0
-1.967081743714516e-06	0.0
-1.2747259248158116e-08	0.0
-0.00013655346992891282	0.0
0.0	0.0
-5.10198424308328e-06	0.0
-5.4800198995508254e-05	0.0
0.0	0.0
0.0	0.0
0.0	0.0
0.0	0.0
0.0	0.0
-0.0069074868224561214	0.0
0.0	0.0
0.0	0.0
0.0	0.0
-0.0009264234104193747	0.0
-5.770065763499588e-05	1.0
0.0	0.0
-0.00021275112521834671	0.036
-0.00010242045391350985	0.0
-0.0004844111099373549	0.0
0.0	0.0
0.0	0.0
0.0	0.0
0.0	0.036
0.0	0.036
-0.00626961886882782	0.0
0.0	0.036
0.0	0.0
-0.002268783748149872	0.0
-0.033601414412260056	0.0
-0.002279373351484537	0.0
0.0	0.0
0.0	0.0
-0.0006496089044958353	0.0
0.0	0.0
0.0	0.0
-0.0008483915589749813	0.0
-0.004372733179479837	0.0
0.0	0.0
-4.00567046199285e-09	0.0
0.0	0.0
0.0	0.0
0.0	0.0
-6.931510053431733e-12	0.0
-5.249590344647004e-07	0.0
0.0	0.0
0.0	1.0
0.0	1.0
-0.0010246633319184184	0.0
-0.0006044795154593885	0.0
0.0	0.0
0.0	0.0
0.0	0.0
0.0	0.0
-0.0005517184035852551	0.0
0.0	0.0
-0.0001253834052477032	0.0
0.0	0.0
0.0	0.0
0.0	0.0
-3.245491461711936e-05	0.0
-0.0010615597711876035	0.004
-8.330935088451952e-07	0.0
0.0	1.0
0.0	0.0
0.0	1.0
0.0	0.0
-7.777206519676838e-06	0.0
0.0	0.0
0.0	0.0
-3.459402796579525e-05	0.0
-0.001035577617585659	0.0
0.0	0.0
-0.0026227429043501616	0.0
0.0	0.0
0.0	0.0
-2.9667373002695285e-09	0.0
0.0	0.0
0.0	0.0
-0.00024514220422133803	0.0
0.0	0.0
0.0	1.0
-8.199062262459478e-11	1.0
0.0	0.0
0.0	1.0
-2.4244367523351684e-05	1.0
-3.384460796951316e-05	0.0
0.0	0.0
0.0	0.0
-0.00043586446554400027	0.0
-3.317766061883276e-10	1.0
0.0	0.0
0.0	0.0
0.0	0.0
-7.003172299846483e-07	0.0
0.0	0.0
-3.7218309444142506e-05	0.0
0.0	0.0
0.0	0.0
0.0	0.0
-0.06907358020544052	0.0
0.0	0.0
0.0	1.0
-0.001624746830202639	1.0
-0.0007633917266502976	0.0
0.0	0.0
0.0	0.0
-3.453206716130808e-07	0.0
0.0	0.0
-0.00035663394373841584	1.0
0.0	0.0
0.0	0.0
0.0	0.0
-4.6294360012133495e-10	0.0
0.0	0.0
0.0	0.0
0.0	0.0
-0.00038204347947612405	1.0
0.0	0.0
-5.046262003816082e-07	0.0
-0.004521461203694344	0.0
0.0	0.0
-0.00031947597744874656	0.0
0.0	0.0
-0.001056981272995472	0.0
0.0	0.0
0.0	1.0
-7.809283488313667e-06	0.0
0.0	0.0
0.0	0.001
0.0	1.0
0.0	0.0
0.0	0.0
0.0	0.0
-1.1211983292014338e-05	0.0
0.0	0.0
-6.434098759200424e-05	0.0
0.0	0.0
0.0	0.0
-0.00029990143957547843	0.0
-7.645400728506502e-06	0.0
0.0	0.0
-0.001559638069011271	0.0
0.0	0.0
-5.613707415585978e-11	0.0
0.0	0.0
-0.0014994635712355375	0.0
-0.0007914876332506537	0.0
-0.0004476633621379733	0.0
-0.0010408961679786444	0.0
0.0	0.0
0.0	0.0
-7.404000967881075e-08	0.0
-0.00011194046965101734	0.0
-0.00014010276936460286	0.0
0.0	0.0
0.0	0.0
-8.384366196878545e-07	0.0
0.0	0.0
-1.395989386310248e-07	0.0
-0.0009312232723459601	0.0
0.0	0.0
0.0	0.0
-3.2834707175410927e-11	0.001
-0.0004509850114118308	0.0
0.0	0.0
-0.0008218016009777784	0.0
-0.0031261451076716185	0.0
0.0	0.0
-0.003361911280080676	0.0
-3.594464942580089e-06	1.0
-1.0244110626445035e-07	0.0
0.0	0.0
-3.5973548619949725e-06	1.0
0.0	1.0
-2.3779586300065603e-08	0.0
0.0	0.0
-0.006577006541192532	0.0
0.0	0.0
0.0	0.0
-0.0013428330421447754	0.0
0.0	0.0
0.0	0.0
0.0	0.0
-0.00028056115843355656	0.0
0.0	0.0
0.0	0.0
0.0	0.0
-0.005405697505921125	0.0
0.0	0.0
0.0	0.0
0.0	0.0
-0.001993738114833832	0.0
-0.0010059574851766229	0.0
0.0	0.0
0.0	0.0
-0.01094950269907713	0.0
0.0	0.0
0.0	0.0
0.0	0.0
0.0	0.0
0.0	0.0
-0.00038950247108004987	0.0
0.0	0.0
0.0	0.0
0.0	0.0
-4.98627139577934e-10	0.0
0.0	0.0
-5.931417035753839e-05	0.0
0.0	0.0
0.0	0.0
-2.9762928122067933e-08	0.0
-9.824081131926121e-11	0.0
0.0	0.0
-0.00012886781769338995	0.0
0.0	0.0
0.0	0.0
0.0	0.0
0.0	0.0
0.0	0.0
0.0	0.0
-0.001642227522097528	0.0
0.0	0.0
0.0	0.0
0.0	0.0
0.0	0.0
0.0	0.0
-0.0032108924351632595	0.0
0.0	0.0
-8.759951128922694e-07	1.0
0.0	0.0
0.0	0.0
-0.0007365658530034125	0.0
0.0	0.0
-5.241506118025541e-10	0.0
0.0	0.0
-3.507374640321359e-05	0.0
-1.6665953808114864e-05	0.0
-1.88809099199716e-06	0.0
-0.0018265456892549992	0.0
-0.002042827196419239	0.0
-0.00042526377364993095	0.0
0.0	0.0
0.0	0.0
-2.333286097666587e-08	0.0
-3.3599168091313913e-05	0.0
0.0	0.0
0.0	0.0
-2.015824065892957e-06	0.0
-7.20218069211187e-12	0.0
0.0	0.001
0.0	0.001
0.0	0.0
-2.9324786154916183e-08	0.0
-4.4741200327935715e-11	0.0
0.0	0.0
-0.00043883523903787136	0.0
0.0	0.0
-0.0005360874347388744	0.0
-0.0003341675619594753	0.0
0.0	0.0
-1.9090437675117755e-08	0.0
-3.3628455922696254e-12	0.0
0.0	0.0
-4.3832488636971756e-13	0.0
-1.4410132962439093e-06	0.0
0.0	0.0
-6.462404144258471e-06	0.0
-0.0015599828911945224	0.0
0.0	0.0
-0.00017063856648746878	0.0
0.0	0.0
-0.00042852747719734907	0.0
0.0	0.0
0.0	0.0
0.0	0.0
-6.154606671771035e-05	0.0
-0.0010255881352350116	0.0
0.0	0.0
0.0	0.0
0.0	0.0
-9.756120562087744e-06	0.0
-5.373043677536771e-06	0.0
-1.1843404763567378e-06	0.0
-0.001980137312784791	0.0
-0.05156543850898743	0.0
0.0	0.0
-0.0021391762420535088	0.0
-8.473523848806508e-06	0.0
-0.0017872529570013285	0.0
-2.1381558745758866e-09	0.0
0.0	0.0
-5.343754764908226e-06	0.0
-0.0005273373099043965	0.0
0.0	0.0
-0.00015095352136995643	0.0
-1.7329991663928013e-08	0.0
-0.0019016297301277518	0.0
-1.2015653737762477e-05	0.0
-0.00579420942813158	0.0
0.0	0.0
0.0	0.0
-0.00046015504631213844	0.0
-0.0010103920940309763	0.0
-3.5150846997566987e-06	0.0
0.0	0.0
0.0	0.0
0.0	1.0
-0.0003262987593188882	0.0
0.0	0.0
0.0	0.0
-1.5394954971270636e-05	0.0
0.0	0.0
-0.002812191378325224	0.0
-2.7802385375252925e-05	0.0
0.0	0.0
-2.3869552023825236e-06	0.0
0.0	0.0
0.0	0.0
0.0	0.0
0.0	0.0
-0.00022746023023501039	0.0
-3.923517066795057e-11	0.0
0.0	0.0
0.0	0.0
0.0	0.0
-6.97550248673906e-08	0.0
0.0	0.0
0.0	0.0
-0.0037611655425280333	0.0
-0.00031649795710109174	1.0
0.0	1.0
0.0	1.0
-0.03377937152981758	0.0
-0.000464801472844556	0.0
0.0	0.0
-0.0005740030901506543	1.0
0.0	0.021
-9.343856072518975e-05	1.0
0.0	1.0
-6.398877303581685e-07	1.0
-1.7481253962614574e-05	0.0
-7.282846490852535e-05	0.0
0.0	0.0
-1.0610954781498094e-08	0.0
0.0	0.021
-0.009216049686074257	0.0
0.0	0.0
0.0	0.0
0.0	0.0
0.0	0.0
0.0	0.0
-2.466748472151892e-10	0.0
0.0	0.0
0.0	0.0
-7.556302995424466e-14	0.0
-0.0004754258261527866	0.0
0.0	0.0
0.0	1.0
0.0	0.0
0.0	1.0
0.0	0.0
0.0	1.0
0.0	0.0
0.0	0.0
0.0	1.0
-0.00019310752395540476	0.0
0.0	1.0
0.0	1.0
-2.306019996467512e-05	0.0
0.0	0.0
-2.215803613867645e-17	0.0
0.0	0.0
0.0	0.0
0.0	0.0
0.0	0.0
-0.0002032513584708795	0.0
-0.006721436511725187	0.0
-3.786818081330523e-10	0.0
-0.0048034838400781155	0.0
0.0	0.0
0.0	0.0
-0.005085366778075695	0.0
0.0	0.0
0.0	0.0
-1.5310690287151374e-05	0.0
-0.0003283567784819752	0.0
0.0	0.0
0.0	0.0
0.0	0.0
0.0	0.0
0.0	0.0
-3.2645820624566113e-07	0.0
0.0	0.0
-1.2133030395489186e-05	0.0
-0.0007896796450950205	1.0
-3.656758417491801e-05	0.0
-0.0035503485705703497	0.0
0.0	0.049
0.0	0.0
0.0	0.049
-0.011796046979725361	0.0
0.0	0.023
0.0	0.023
0.0	0.0
0.0	0.0
-1.0448277265595607e-07	0.0
-0.01876659132540226	0.0
0.0	0.0
0.0	0.0
0.0	1.0
0.0	1.0
0.0	1.0
0.0	0.0
-3.653019575722283e-08	0.0
0.0	0.0
0.0	0.0
-4.107822064725042e-07	0.0
-7.56842588600648e-10	0.0
0.0	0.0
0.0	0.0
-9.807531569094863e-07	0.0
0.0	0.0
-0.001962801208719611	0.0
0.0	0.0
0.0	0.0
-0.0010188582818955183	0.0
-9.890092769637704e-06	0.0
0.0	1.0
-1.6219295275732293e-06	0.0
0.0	0.0
0.0	0.0
0.0	0.0
-5.993237573420629e-05	0.0
-7.783270028483003e-09	0.0
-0.0063963038846850395	0.0
0.0	0.0
-0.00013642723206430674	0.0
0.0	0.0
-0.0011394912144169211	0.0
-4.4860686898573476e-07	0.0
0.0	0.0
0.0	0.0
-0.0031202107202261686	0.0
-0.017657604068517685	0.0
0.0	0.0
0.0	0.0
-1.3866419067198876e-05	0.0
0.0	0.0
-1.3907121854117577e-07	0.0
0.0	0.0
-0.0021275472827255726	0.0
-0.00023384248197544366	0.0
0.0	0.0
-7.217769598355517e-05	0.0
-1.0383702829130925e-05	0.0
0.0	0.0
-0.00010077087790705264	0.0
-1.604724104709021e-07	0.0
0.0	1.0
0.0	0.0
-0.00035082819522358477	0.0
-0.00011676602298393846	0.0
-0.0011517072562128305	0.0
0.0	0.0
0.0	0.0
-4.436357414761005e-08	0.0
-1.071617407433223e-05	0.0
-1.7012119143955395e-11	0.0
-0.0016193613409996033	0.0
-5.174380479644469e-09	0.0
0.0	0.0
0.0	0.0
0.0	0.0
0.0	0.0
0.0	1.0
0.0	0.0
0.0	0.0
0.0	0.0
0.0	0.0
0.0	0.0
0.0	0.0
0.0	0.0
0.0	1.0
0.0	0.0
0.0	0.0
0.0	0.0
0.0	0.0
0.0	0.0
-6.0937013586226385e-06	0.0
-7.331395863729995e-06	0.0
-1.3713397604975253e-11	0.0
0.0	0.0
0.0	0.0
0.0	0.0
0.0	0.0
-0.0007644259603694081	0.0
0.0	0.0
-3.9277860963693456e-08	0.0
-0.00011288753739790991	0.0
0.0	0.0
0.0	0.0
0.0	0.0
-5.141408223607868e-07	0.0
0.0	0.0
-0.004400419536978006	0.0
0.0	0.0
0.0	0.0
-0.00011471378093119711	0.005
-0.010477937757968903	0.0
-3.129180913674645e-05	0.0
0.0	1.0
0.0	0.0
-0.00018428558541927487	0.0
0.0	0.0
-4.9264394874626305e-06	1.0
-5.158778549230192e-06	1.0
0.0	0.0
0.0	1.0
0.0	1.0
-2.754024535533972e-05	1.0
-1.9417088515391936e-14	1.0
0.0	0.0
-0.001889452920295298	0.0
-0.00023074923956301063	1.0
0.0	1.0
0.0	0.0
0.0	0.0
-0.00032158498652279377	1.0
0.0	0.0
-0.00017480994574725628	0.0
-0.01305389404296875	0.0
0.0	1.0
0.0	0.0
-0.04166341572999954	0.0
-8.19319367906246e-08	1.0
-0.043120939284563065	0.0
0.0	0.0
-8.217995883796902e-08	0.0
-0.00029295956483110785	0.0
0.0	0.0
-9.990653637714786e-09	0.0
0.0	0.0
0.0	0.0
-5.80780258954694e-12	0.0
-8.403105988818993e-10	0.0
-0.00201542885042727	0.0
0.0	0.0
0.0	0.0
0.0	0.0
0.0	0.0
0.0	0.0
0.0	0.0
-8.710806014278205e-07	0.0
0.0	0.0
0.0	0.0
0.0	0.0
-3.067314173677005e-05	0.0
0.0	0.0
0.0	0.0
-5.4042051488067955e-05	0.0
-1.2981674899492646e-06	0.0
-0.0002364512620260939	0.0
-0.0009096867870539427	0.0
0.0	0.0
-3.0667502869619057e-05	0.0
-1.3649440916196909e-05	0.0
0.0	0.0
0.0	0.0
0.0	0.0
-0.0003355270600877702	0.0
0.0	1.0
0.0	1.0
0.0	0.0
-5.797650828753831e-06	0.0
0.0	0.0
0.0	0.0
-7.608333518760446e-09	0.0
-3.884813850163482e-05	0.0
-0.00015789363533258438	0.0
0.0	0.0
0.0	0.0
-0.00010576502972980961	0.0
-1.9380790945433546e-06	0.0
-8.010528773638725e-08	0.0
0.0	0.0
0.0	0.0
-4.519964263982601e-11	0.0
0.0	0.0
-2.9835584882675903e-06	0.0
-0.0005077916430309415	0.0
-0.0009538712329231203	0.0
0.0	0.0
0.0	0.0
-0.004141340497881174	0.0
0.0	0.0
-9.789160593243196e-09	0.001
-0.0003589708067011088	0.0
-0.0005357288755476475	0.0
0.0	0.0
-0.00023529879399575293	0.0
0.0	0.001
0.0	0.0
0.0	0.001
0.0	0.0
-0.0004132027388550341	1.0
0.0	0.0
0.0	0.0
0.0	0.0
0.0	0.0
0.0	0.0
-0.010690665803849697	0.0
0.0	0.0
0.0	0.0
-0.00013968894199933857	0.0
0.0	0.0
-0.006097842939198017	0.0
-0.002821624744683504	0.0
0.0	0.0
-1.833159217312641e-06	0.0
-5.486551213351731e-09	0.0
0.0	0.0
0.0	0.0
-0.00011512362107168883	0.0
0.0	0.0
-0.0017222610767930746	0.0
0.0	0.0
-0.0018931245431303978	0.0
0.0	0.0
0.0	0.0
0.0	0.0
0.0	0.0
0.0	0.0
0.0	0.0
-0.0011419029906392097	0.0
0.0	0.0
-1.703345333226025e-05	0.104
0.0	0.104
-0.0017243565525859594	0.0
-1.221599814016372e-05	0.0
-1.7562021836781128e-09	0.104
0.0	0.0
-5.3301658198279256e-08	0.104
0.0	0.0
-8.485138209834986e-07	0.0
0.0	0.0
0.0	0.0
-1.6840962416608818e-05	0.0
0.0	0.0
0.0	0.0
0.0	0.0
-7.315074412872491e-07	0.0
0.0	0.0
-3.1187710192170925e-09	0.0
-0.006173832342028618	0.0
