-0.0003402230504434556	0.0
0.0	0.0
-0.00021843508875463158	0.0
-0.000841605244204402	0.0
0.0	0.0
-0.0012466697953641415	0.0
0.0	0.0
-3.072863421493821e-07	0.0
0.0	0.0
-0.00017453069449402392	0.0
0.0	0.0
0.0	0.0
0.0	0.0
-1.788000008673407e-05	0.0
0.0	0.0
0.0	0.0
0.0	1.0
-0.00020584223966579884	0.0
-2.6254067051922902e-05	0.0
0.0	0.0
0.0	0.0
-0.0021102353930473328	0.0
-0.0013252320932224393	0.0
-1.3974162357044406e-05	0.0
-0.00869790930300951	0.0
-0.0028769487980753183	0.0
0.0	0.0
-4.871725778343716e-08	0.0
-1.2615439572982723e-06	0.0
0.0	0.0
0.0	0.0
-0.002519589150324464	0.0
0.0	0.0
-0.00010125326662091538	0.0
-0.016927193850278854	0.0
0.0	0.0
0.0	0.0
0.0	0.0
0.0	1.0
-0.006269908510148525	0.0
-9.431034300177998e-07	1.0
-4.241752776579233e-06	1.0
-0.0011568672489374876	0.0
0.0	1.0
-2.1556973024416948e-06	0.0
0.0	0.0
0.0	0.0
0.0	0.0
-0.0007238275720737875	0.0
-1.28367184970557e-06	0.0
0.0	0.0
0.0	0.0
-0.0002736790047492832	0.0
-0.002776115434244275	0.0
0.0	0.0
0.0	0.0
0.0	0.0
0.0	0.0
-8.961422281572595e-06	0.0
-2.993049483510439e-17	0.0
-1.6886842786334455e-05	0.0
-0.011186175048351288	0.0
-0.00030408272868953645	0.0
0.0	0.0
0.0	0.0
-0.006658410653471947	0.0
0.0	0.0
0.0	0.0
-1.161413479167095e-06	0.0
0.0	0.0
-0.00011876814824063331	0.0
0.0	0.0
0.0	0.0
0.0	0.0
-1.3085294995107688e-05	0.0
-0.0028369284700602293	0.0
-0.00023749041429255158	0.0
0.0	0.0
-0.00016051623970270157	0.0
-2.537012733228039e-07	0.0
0.0	0.0
-0.0002038468956016004	0.0
0.0	0.0
-2.2073885774798185e-10	0.0
0.0	0.0
0.0	0.0
-3.723970849023317e-06	0.0
0.0	0.0
0.0	0.0
0.0	0.0
0.0	0.0
0.0	0.0
-7.49691971577704e-05	0.0
-0.00011346444807713851	0.0
-0.004697836469858885	0.0
-1.7849742349682605e-16	0.0
0.0	0.0
-3.0720879294676706e-05	0.0
0.0	0.0
0.0	0.0
-6.897743878653273e-05	0.0
0.0	0.0
-1.0363023505988167e-07	0.0
0.0	0.0
0.0	0.0
0.0	0.0
-0.004683575127273798	0.0
0.0	0.0
-7.744777121843072e-07	0.0
0.0	0.0
0.0	0.0
0.0	0.0
-9.71692588791484e-06	0.0
0.0	0.0
0.0	0.0
0.0	0.0
-0.0016190374735742807	0.0
-0.0015015816316008568	0.0
0.0	0.0
-8.825149416225031e-05	0.0
-4.928391263092635e-06	0.0
0.0	0.0
0.0	0.0
0.0	0.0
-1.507211067064418e-08	0.0
0.0	0.0
0.0	0.0
-9.491773766967526e-08	1.0
0.0	0.0
0.0	0.0
0.0	0.0
0.0	0.0
-0.0034221902024000883	0.0
-0.0039643398486077785	0.0
0.0	0.0
0.0	0.0
-0.000579838000703603	0.0
-0.0007975929183885455	0.0
0.0	0.0
0.0	0.04336043360433604
0.0	0.0
0.0	0.0
-0.008207269012928009	0.0
-3.597626573537127e-06	1.0
-0.0005047951126471162	0.0
0.0	0.0
0.0	0.0
-0.005256811156868935	0.0
0.0	0.0
-0.00029186299070715904	0.0
0.0	0.0
0.0	0.0
-0.004011298064142466	0.0
-0.00024122121976688504	0.0
0.0	0.0
-0.0004555398190859705	0.0
-8.46940019982867e-05	0.0
-0.0007901271455921233	0.5504291845493562
0.0	0.0
0.0	0.0
-1.990630664749915e-07	0.0
0.0	0.0
0.0	0.0
0.0	0.0
-0.00015712002641521394	0.0
0.0	0.0
0.0	0.0
0.0	0.0
0.0	0.0
0.0	0.0
-0.000714375579264015	0.0
-1.6251567558356328e-06	0.0
0.0	0.0
-0.0003506408247631043	0.0
0.0	0.0
0.0	0.001
0.0	0.0
0.0	0.0
-0.004098267760127783	0.001
-0.0028429748490452766	0.0
-2.2528647106471664e-14	0.0
0.0	0.0
0.0	0.0
0.0	0.0
0.0	0.0
0.0	0.0
-5.9260371926939115e-05	0.0
0.0	0.0
0.0	0.0
-0.00017914081399794668	0.0
-1.628532299946528e-05	0.0
-0.0018747443100437522	0.0
0.0	1.0
-0.00013111175212543458	0.0
0.0	0.0
0.0	1.0
0.0	1.0
0.0	0.0
0.0	0.0
-0.0007562088430859149	0.0
0.0	1.0
-0.00018949613149743527	1.0
-5.2503291954053566e-05	0.0
0.0	0.0
-0.0047881766222417355	0.0
-2.0550776298478013e-06	0.0
0.0	0.0
-1.6832310620884527e-06	0.0
0.0	0.0
0.0	0.0
0.0	0.0
-0.006295838858932257	0.0
-1.6581090676481836e-05	0.0
0.0	0.0
-2.695879629754927e-05	0.0
0.0	0.0
-0.0003468749928288162	0.0
0.0	0.0
0.0	1.0
0.0	1.0
0.0	1.0
-2.9758200525975553e-06	1.0
0.0	0.0
-2.7309253709972836e-05	0.0
-0.00014893706247676164	1.0
0.0	0.0
0.0	1.0
-4.82077339256648e-05	1.0
0.0	0.0
0.0	0.0
0.0	0.0
-1.7044052583514713e-05	0.0
-0.0009832410141825676	0.0
-0.00033648230601102114	0.0
0.0	0.0
0.0	0.0
0.0	0.0
-2.92711854754657e-10	0.0
-0.003999135456979275	0.0
-0.00026245214394293725	0.0
-0.00010420586477266625	0.0
-7.3333553700649645e-06	0.0
-0.001487735309638083	0.0
0.0	0.0
0.0	0.0
-5.621794844046235e-05	0.0
0.0	0.0
-0.0070045520551502705	0.0
0.0	0.0
0.0	0.0
0.0	0.0
-0.0022050198167562485	0.0
-0.00013059905904810876	0.0
-0.015006761997938156	0.0
-0.0004286422044970095	0.0
0.0	0.0
0.0	0.0
-1.8871904103434645e-05	0.0
0.0	0.0
-1.6105846043501515e-06	0.0
0.0	0.0
-5.088577381684445e-05	0.0
-0.004698486067354679	0.0
-1.1615071571213775e-06	0.0
-0.013540140353143215	0.0
0.0	0.0
-1.1345172801213721e-08	0.0
0.0	0.0
0.0	0.0
-1.6965456950401858e-07	0.0
-3.38637619279325e-07	0.0
0.0	0.0
-0.00018480446306057274	0.0
0.0	0.0
0.0	0.0
-0.00010366054630139843	0.0
-0.0004498042690102011	0.0
-0.00047282606828957796	1.0
0.0	0.0
0.0	0.0
-0.010815317742526531	0.0
0.0	1.0
0.0	1.0
-2.8176823434478138e-06	0.0
0.0	1.0
0.0	1.0
-0.002882496453821659	0.0
0.0	1.0
0.0	0.0
0.0	0.0
0.0	1.0
-1.1385826610421645e-06	0.0
0.0	0.0
0.0	0.0
0.0	0.0
0.0	0.0
-0.0007980377413332462	0.0
-0.009670383296906948	0.0
0.0	0.0
0.0	0.0
0.0	0.0
-7.394500426016748e-05	0.0
-7.231740539737075e-08	0.0
-1.2730846492559067e-06	0.0
-0.07545091956853867	0.0
0.0	0.0
-0.0026561927516013384	0.008880994671403197
0.0	0.0
-2.3013615820422113e-14	0.0
-0.002003475558012724	0.0
-3.332093001517933e-07	0.005
0.0	0.005
0.0	0.0
0.0	0.0
0.0	0.0
0.0	0.0
0.0	0.0
0.0	0.0
0.0	0.0
-0.0006707913707941771	1.0
0.0	0.0
0.0	1.0
-6.542111350427149e-07	0.0
-0.00046722666593268514	0.0
0.0	0.0
0.0	0.0
-1.847738673177446e-08	0.0
-1.8630636589023197e-07	0.0
0.0	0.0
-7.388541234831791e-06	0.121
-1.8687060219235718e-06	0.121
0.0	0.0
0.0	1.0
0.0	0.0
0.0	0.0
-0.020923275500535965	0.0
0.0	0.0
0.0	0.0
-0.0008862565737217665	0.0
0.0	0.0
-8.213029900616675e-07	0.0
-9.805927447814611e-08	0.0
0.0	0.0
0.0	0.0
0.0	0.0
0.0	0.0
-0.004503084812313318	0.023
-5.338617548034108e-09	0.023
0.0	0.0
0.0	1.0
0.0	1.0
-0.0025669990573078394	0.0
0.0	1.0
-0.010796060785651207	0.0
0.0	1.0
0.0	0.0
-1.3436840163194574e-05	0.023
-0.053263209760189056	0.0
-4.653324140235782e-06	0.0
0.0	0.0
0.0	0.0
0.0	0.0
0.0	0.0
0.0	0.0
0.0	0.0
-0.0001631801133044064	0.0
0.0	0.0
-1.4467204891843721e-05	0.0
-0.00021815519721712917	0.0
0.0	0.0
-0.015854693949222565	0.0
-1.4528860674545285e-06	0.0
0.0	0.018
0.0	0.018
0.0	0.0
0.0	0.018
0.0	0.0
-1.500917278463021e-06	0.0
-4.526358679868281e-06	0.0
-0.0014678370207548141	0.0
-3.345995082781883e-06	0.0
-1.8875653040595353e-05	0.0
0.0	0.0
-0.0012405099114403129	0.0
-2.143751316907583e-06	0.0
0.0	0.0
-4.3003325117751956e-05	0.0
-0.01046097930520773	0.0
0.0	0.0
0.0	0.0
0.0	0.0
-0.010168429464101791	0.0
-2.036582600339898e-06	0.0
0.0	0.0
0.0	0.0
0.0	0.0
0.0	0.0
-0.0015935646370053291	0.0
0.0	0.0
0.0	0.0
0.0	0.0
-0.0014859333168715239	0.0
0.0	0.0
-0.0003398187691345811	0.0
-5.935523290645506e-07	0.0
0.0	1.0
0.0	0.0
-0.00011206903582205996	0.0
-0.01615257002413273	0.0
0.0	1.0
-0.0011920705437660217	0.0
0.0	0.0
-0.0003580188495106995	0.0
-0.0001535879709990695	0.0
-0.00018120229651685804	0.0
0.0	0.0
-0.001680784160271287	0.0
-0.0007622033008374274	0.0
0.0	0.0
0.0	1.0
0.0	0.0
-0.00018551378161646426	0.0
-1.876518945209682e-05	0.563
-0.00022400394664146006	0.563
-1.5582794731017202e-05	0.563
-0.0002676802105270326	0.0
0.0	1.0
-0.006751138251274824	0.0
0.0	0.563
0.0	0.0
0.0	0.563
-0.0002544863964430988	0.0
0.0	0.0
-0.003269386477768421	0.0
-0.00033431683550588787	1.0
-0.03860018774867058	0.0
0.0	0.0
0.0	0.0
0.0	0.0
0.0	0.0
0.0	1.0
0.0	1.0
-0.008560922928154469	0.0
-1.7948153981706128e-05	1.0
-0.0032075827475637197	0.0
0.0	0.0
0.0	0.0
0.0	0.0
0.0	0.0
-2.2274296895830048e-07	1.0
0.0	0.0
0.0	0.0
-0.0021504012402147055	0.0
-0.0053037917241454124	0.0
0.0	0.0
0.0	0.0
-3.191693394910544e-05	0.0
0.0	0.0
-1.0692483556340449e-06	0.0
-2.879452836168639e-07	0.0
-3.691753500123518e-12	0.0
0.0	0.0
0.0	0.0
-0.001792581519111991	0.0
0.0	0.0
0.0	0.0
-0.0062631783075630665	0.0
0.0	0.0
-8.871759928297251e-05	0.02
-6.53859315207228e-05	1.0
0.0	1.0
0.0	0.0
0.0	1.0
-0.00034674149355851114	1.0
0.0	1.0
0.0	1.0
-8.520230077024848e-10	1.0
0.0	0.0
0.0	1.0
0.0	0.0
0.0	1.0
-1.6673155911473003e-11	0.0
0.0	0.0
-0.0038858773186802864	0.0
0.0	0.0
0.0	0.0
0.0	0.0
-8.595789404353127e-05	0.0
-0.0005567626212723553	0.0
0.0	0.0
0.0	0.0
0.0	0.0
0.0	0.0
-3.675785137602361e-06	0.0
0.0	0.0
0.0	0.0
-0.0008115012315101922	0.0
0.0	0.0
0.0	0.0
0.0	0.0
0.0	0.0
-7.340699426094943e-08	0.0
0.0	0.0
-1.3674342214109458e-10	0.0
0.0	0.0
0.0	0.0
0.0	0.0
0.0	0.0
0.0	0.0
0.0	0.0
0.0	0.0
0.0	0.0
0.0	0.0
0.0	0.0
0.0	0.0
-0.0016683150315657258	0.0
0.0	0.0
0.0	0.0
-3.417866878407949e-09	0.0
-0.002111445413902402	0.0
-0.00013428802776616067	0.0
0.0	0.0
-2.084890365949832e-05	0.0
-1.962458554771729e-06	0.0
-0.0026876528281718493	0.0
0.0	1.0
-0.00021569411910604686	0.0
-0.0014709982788190246	0.0
0.0	0.0
0.0	0.0
0.0	0.0
0.0	0.0
0.0	0.0
-5.7278721214970574e-05	0.0
-0.001174748525954783	0.0
-0.0036112340167164803	0.0
0.0	0.0
-6.318367377389222e-05	0.0
0.0	0.0
-3.4497384948650733e-09	0.0
0.0	0.0
0.0	0.0
0.0	0.0
-0.000501198461279273	0.0
0.0	0.0
-3.7669744301638275e-07	0.0
-0.0047882553189992905	0.001
-0.016471073031425476	0.001
-0.003369757439941168	0.001
-0.018208589404821396	0.0
0.0	0.001
-1.0166519132326357e-05	0.0
-5.125010602569091e-07	0.0
-0.0030920710414648056	0.0
-0.00023674660769756883	0.0
0.0	0.0
-0.000214945845073089	0.0
0.0	0.0
0.0	0.0
0.0	0.0
0.0	0.0
0.0	0.0
-0.002981005934998393	0.0
-4.280115758342751e-12	0.0
-4.172967692284146e-06	0.0
-0.007547518704086542	0.0
-5.208666607359191e-06	0.0
-3.0704443361173617e-06	0.0
-9.414532655682706e-07	0.0
-0.00032573938369750977	0.0
0.0	0.0
0.0	0.0
0.0	0.0
0.0	0.0
0.0	0.0
0.0	0.0
0.0	0.0
-0.0006027681520208716	0.0
0.0	0.0
-0.0015278245555236936	0.0
0.0	0.0
0.0	0.0
0.0	0.0
0.0	0.0
-7.304903556359932e-05	0.0
-7.158806170082244e-07	0.0
-0.007270106114447117	0.0
0.0	0.0
0.0	1.0
-7.673350216771022e-17	1.0
-1.2042613661833457e-07	0.0
0.0	1.0
-0.0005534933297894895	1.0
0.0	0.0
-2.958810728159733e-05	1.0
-9.956565918400884e-06	0.016
-2.4748032956267707e-05	0.0
0.0	1.0
0.0	0.0
0.0	0.0
-2.5429772065876932e-08	0.0
-7.747725612716749e-05	0.0
-0.005810192786157131	0.0
0.0	0.0
0.0	0.0
-0.0004170909815002233	0.0
0.0	0.0
-2.4600874894531444e-05	0.369
0.0	0.0
0.0	0.0
0.0	0.0
-0.00013383824261836708	0.0
0.0	0.0
-1.0411080886285617e-09	0.0
-0.0006110614631325006	0.02
0.0	0.02
0.0	0.0
0.0	0.0
0.0	0.0
0.0	0.02
0.0	0.0
-0.020606331527233124	0.0
-0.004922353196889162	0.0
0.0	0.0
0.0	0.0
-0.011345477774739265	0.0
0.0	0.0
-0.0036665843799710274	0.0
-0.004757972434163094	0.0
0.0	0.0
-0.0026707472279667854	0.002
-6.432012611412574e-08	0.0
0.0	0.0
-0.0031028653029352427	0.0
0.0	0.0
0.0	0.0
-0.000415969843743369	0.0
-2.8471458790590987e-07	0.0
0.0	0.005
0.0	1.0
0.0	0.005
0.0	0.0
-4.922352309222333e-05	1.0
0.0	0.0
-0.042753394693136215	0.0
-0.0234200581908226	0.0
0.0	1.0
-0.0032795467413961887	0.0
0.0	0.0
-1.9394873207456698e-10	0.0
0.0	0.0
0.0	0.0
-1.9984764065839045e-08	0.0
-9.600693374522962e-06	0.0
0.0	0.0
-0.00015954139234963804	0.0
0.0	0.0
-4.996218763153593e-07	0.0
0.0	0.0
0.0	0.0
0.0	0.0
-1.5440836109714695e-11	0.0
0.0	0.0
0.0	0.0
0.0	0.0
-3.6810597237035836e-08	0.0
0.0	0.0
0.0	0.0
0.0	1.0
-8.745657396502793e-05	0.0
0.0	0.0
-0.0004418317985255271	0.0
0.0	0.0
-6.484419338287362e-12	0.0
0.0	0.0
0.0	0.0
0.0	0.0
-0.00011616081610554829	0.0
0.0	0.0
-1.729107879100411e-08	0.0
0.0	0.0
0.0	0.0
0.0	0.0
0.0	0.0
0.0	0.0
-0.0017904745182022452	0.0
-1.2430938500784805e-09	0.0
0.0	0.0
0.0	0.0
0.0	0.0
0.0	0.012
0.0	0.0
0.0	0.0
0.0	0.0
0.0	0.0
-0.009439869783818722	0.0
-2.0123995625453972e-07	1.0
0.0	0.0
-2.1614237084577326e-06	0.0
0.0	0.0
-2.254529135825578e-06	0.0
0.0	0.0
0.0	0.0
-0.0026277750730514526	0.0
0.0	0.0
-2.628515538560805e-08	0.0
-2.969815859898972e-08	0.0
0.0	0.0
0.0	0.0
-7.028248364804313e-05	0.0
0.0	0.0
-0.0067193033173680305	0.0
-0.00033074780367314816	0.0
0.0	0.0
0.0	0.0
0.0	0.0
-3.666104362309852e-07	0.0
0.0	0.0
0.0	0.0
0.0	0.0
-1.774409099652985e-07	0.0
0.0	0.0
0.0	0.0
-1.7539564467483615e-08	0.0
0.0	0.0
0.0	0.0
0.0	0.0
0.0	0.0
0.0	0.0
0.0	0.0
0.0	0.0
-0.0015011448413133621	0.0
0.0	0.0
-0.00035995710641145706	0.0
0.0	0.001
-2.6878602511715144e-05	0.001
0.0	0.0
0.0	0.001
0.0	0.0
0.0	0.0
-0.0005851597525179386	0.0
0.0	0.0
-0.0019268332980573177	0.0
0.0	0.0
0.0	0.0
-0.00652480311691761	0.0
-0.0005626276251859963	0.0
0.0	0.0
0.0	0.0
0.0	0.0
0.0	0.0
0.0	0.0
0.0	0.0
0.0	0.0
0.0	0.0
0.0	0.0
0.0	0.0
0.0	0.0
-0.005119980778545141	0.0
-0.0018780227983370423	0.0
-0.0026513012126088142	0.0
0.0	0.0
0.0	0.0
-0.0001669795165071264	0.0
-0.0003154296719003469	0.0
-1.6846233847900294e-06	0.0
0.0	0.0
-1.8252088921144605e-05	0.0
0.0	0.0
0.0	0.0
-1.497655193816172e-05	0.0
-0.005368839018046856	0.0
-1.3547102106770126e-08	0.0
0.0	0.0
0.0	0.0
0.0	0.0
0.0	0.0
-8.610476243120502e-08	0.0
0.0	0.0
0.0	0.0
0.0	0.0
0.0	0.0
0.0	0.0
0.0	0.0
0.0	0.0
0.0	0.0
-0.008754123002290726	0.0
0.0	0.0
0.0	0.0
0.0	0.0
0.0	0.0
-0.004392056725919247	0.0
0.0	0.0
-7.289501979812485e-08	0.0
-0.000734402914531529	0.0
0.0	0.0
0.0	0.0
0.0	0.0
0.0	0.0
-3.7001304917794187e-06	0.0
0.0	0.0
-1.0112617587765271e-07	0.0
0.0	1.0
0.0	0.0
-0.002205963246524334	0.0
0.0	0.05
-0.0078009990975260735	0.0
-0.0008635098347440362	0.0
-5.458562736748718e-05	0.05
0.0	0.0
0.0	0.05
0.0	0.0
0.0	0.0
0.0	0.0
0.0	0.0
-0.001285842969082296	0.0
0.0	0.0
-8.11755598988384e-05	0.0
0.0	0.0
-5.27492875335156e-06	0.0
0.0	0.0
-0.0006185627426020801	0.0
0.0	0.007
-0.00034971869899891317	0.0
0.0	0.0
0.0	0.0
-3.0175729079928715e-06	0.0
-0.0002660575264599174	0.0
0.0	0.0
0.0	0.0
-2.4416036126240215e-07	0.068
0.0	0.0
-0.02727823704481125	0.0
0.0	0.068
0.0	0.0
0.0	1.0
-4.876984530710615e-05	0.068
-2.251599084956979e-07	0.068
0.0	0.0
0.0	0.0
0.0	0.0
0.0	0.0
-2.078551369777415e-05	0.0
0.0	0.0
0.0	1.0
0.0	1.0
0.0	0.0
0.0	1.0
0.0	0.0
0.0	1.0
-0.0016217443626374006	0.0
0.0	0.0
-2.8962938813492656e-05	0.0
0.0	0.0
-0.0005414886982180178	0.0
-0.053164292126894	0.0
-0.004273903556168079	0.0
-0.0006499239825643599	0.0
0.0	0.0
-0.0013308421475812793	0.0
-1.4163737432681955e-05	0.0
0.0	0.0
