0.0	0.0
-0.0013387220678851008	0.0
0.0	0.0
-0.0004724911705125123	0.0
0.0	0.0
0.0	0.0
-0.0008795039029791951	0.0
0.0	0.0
0.0	0.0
0.0	0.0
-0.0008893116610124707	0.0
-2.5187973733409308e-05	0.0
0.0	0.0
-0.0012898721033707261	0.0
0.0	0.0
0.0	0.0
-0.0001657426037127152	0.0
0.0	0.0
-0.0006077820435166359	0.0
-0.0016456644516438246	0.0
0.0	0.0
-0.008386664092540741	0.0
-2.6540154962617635e-08	0.0
0.0	0.0
-0.003266519634053111	0.0
0.0	0.0
0.0	0.0
0.0	0.0
0.0	0.0
0.0	0.0
-0.0003800452977884561	0.0
0.0	0.0
-3.6373007787915412e-06	0.0
0.0	0.0
0.0	0.0
0.0	0.0
-0.0003346825542394072	0.0
0.0	0.0
0.0	0.0
0.0	0.0
0.0	0.0
-0.02365785278379917	0.0
-0.001122269663028419	0.0
0.0	0.0
0.0	0.0
-2.682269951037597e-06	0.0
0.0	0.0
0.0	0.0
0.0	0.0
0.0	1.0
-0.0022395409177988768	0.0
0.0	1.0
-6.56575575703755e-05	1.0
0.0	1.0
-1.8009013729169965e-06	1.0
-0.009042088873684406	0.0
0.0	0.0
0.0	0.001
-0.001059532631188631	0.0
-0.0002596970007289201	0.0
0.0	0.001
0.0	0.001
0.0	0.001
0.0	0.0
-0.00685818400233984	0.0
0.0	0.0
0.0	0.0
0.0	0.0
0.0	0.0
-0.00040372120565734804	0.0
-7.728207492618822e-06	0.0
-0.006197404582053423	0.0
0.0	0.0
0.0	0.0
0.0	0.0
0.0	0.0
-5.577381216426147e-06	0.0
-3.1700231328812833e-09	0.0
0.0	0.0
0.0	0.0
0.0	0.0
0.0	0.0
0.0	0.0
-1.642605275264941e-05	0.0
0.0	0.0
-0.0009867087937891483	0.0
-0.01485617645084858	0.0
0.0	0.001
0.0	0.001
0.0	0.0
-2.0100771962461295e-06	1.0
-0.0035496698692440987	0.006
-5.76521692607912e-08	0.0
0.0	1.0
-0.004711552988737822	0.0
0.0	0.006
0.0	0.006
0.0	0.005
-2.1272253403203933e-10	0.0
-0.00010830571409314871	0.0
0.0	0.0
0.0	0.0
0.0	0.0
0.0	0.0
0.0	0.0
-3.239180841774214e-06	0.0
-9.119766036747023e-05	0.0
0.0	0.0
-0.0005886783474124968	0.0
0.0	0.0
-5.55083024664782e-05	0.0
-0.0003180979983881116	0.0
-9.119085007114336e-06	0.0
0.0	0.0
0.0	0.0
-0.00015440963034052402	0.0
0.0	0.0
-1.050724563356198e-06	0.0
0.0	0.0
-2.7296696316625457e-06	0.0
-3.753824628915936e-08	0.0
0.0	0.0
0.0	0.0
-1.6901830690585484e-07	0.0
0.0	0.0
0.0	0.0
-0.002682657679542899	0.0
-0.0011781957000494003	1.0
0.0	1.0
0.0	0.0
-0.011209974065423012	0.0
-7.2549314609204885e-06	0.0
-7.625863496230068e-09	0.0
0.0	0.0
0.0	0.0
0.0	0.0
-3.4242073070345214e-06	0.0
-0.0008111313218250871	0.0
-1.5940637698719229e-09	0.0
0.0	1.0
-0.001359535031951964	0.0
-1.9123926904285327e-06	0.0
0.0	0.0
0.0	0.0
-1.6854035493452102e-05	0.0
-8.504703146172687e-05	0.0
0.0	0.0
0.0	0.0
0.0	0.0
-0.001168880145996809	0.0
0.0	0.0
-0.00022970777354203165	0.0
-1.468973476193014e-08	0.0
-0.006829088553786278	0.0
-8.38346932141576e-06	0.0
0.0	0.004
0.0	0.0
0.0	0.0
-1.157658591210975e-08	0.004
0.0	0.004
0.0	0.004
-0.0002674392599146813	0.0
-0.0015707091661170125	0.004
0.0	0.0
0.0	0.0
-0.0016207766020670533	0.0
0.0	0.0
0.0	0.0
0.0	0.0
-1.9443510268501996e-07	0.0
0.0	0.0
0.0	0.0
0.0	0.0
0.0	0.0
0.0	0.0
0.0	1.0
-0.006468004547059536	0.0
-0.0008660291787236929	0.007
0.0	1.0
-0.0012309825979173183	0.0
-0.029302092269062996	0.0
0.0	0.0
0.0	0.0
-0.0014640033477917314	0.0
0.0	0.0
0.0	0.0
0.0	0.0
0.0	0.0
-0.003181485692039132	0.0
0.0	0.0
0.0	0.0
-0.004485961049795151	0.0
0.0	0.0
0.0	0.0
-8.777140125815208e-10	1.0
-1.1355704820914525e-08	0.0
-0.007912354543805122	0.0
-0.0041601769626140594	0.0
-4.668515884986846e-07	0.0
-0.00044066773261874914	1.0
0.0	1.0
0.0	1.0
0.0	0.0
0.0	1.0
-0.0009816093370318413	1.0
0.0	1.0
0.0	1.0
0.0	0.0
-0.0005153436213731766	0.0
0.0	0.0
0.0	0.0
-0.004087746609002352	0.0
0.0	0.0
0.0	0.0
0.0	0.0
0.0	0.0
0.0	0.0
0.0	0.0
-0.003674907609820366	0.0
-7.955781597956957e-07	0.0
0.0	0.0
-9.30539897581184e-07	0.0
-5.700537076336332e-05	0.0
0.0	0.0
0.0	1.0
0.0	0.0
0.0	0.0
-7.76888191467151e-05	0.0
0.0	0.0
0.0	1.0
0.0	1.0
0.0	1.0
0.0	0.0
0.0	0.0
-3.4427746413712157e-06	0.0
0.0	0.0
0.0	1.0
0.0	1.0
0.0	0.0
-0.0015979015734046698	0.0
-3.6363389881444164e-06	0.0
-0.00018970569362863898	1.0
-0.0025814448017627	0.0
0.0	0.0
0.0	0.006
0.0	0.006
0.0	0.006
0.0	0.0
0.0	0.039
-0.002021283842623234	0.0
0.0	0.0
-0.002847951138392091	0.0
0.0	0.0
-1.7242350622836966e-06	0.0
-0.0005038261297158897	0.0
0.0	0.0
0.0	0.0
-0.0012469772482290864	0.0
-9.556554232403869e-07	1.0
0.0	1.0
0.0	0.0
-6.601530988525894e-10	0.0
-0.001412832411006093	0.0
-0.015157886780798435	0.0
0.0	0.0
-0.040843408554792404	0.0
0.0	0.0
-1.5644904124201275e-05	0.0
-9.901499424813665e-07	0.0
0.0	0.0
-3.57995503463826e-07	0.0
0.0	0.0
-0.004298672545701265	0.0
-0.0033603908959776163	0.0
-0.0014617745764553547	0.0
-0.0058371527120471	0.0
-0.0005677497829310596	0.0
-0.0006756006041541696	0.0
-4.940493791849576e-09	0.0
0.0	0.0
0.0	1.0
0.0	0.0
0.0	0.0
-0.0011206394992768764	0.0
0.0	0.0
0.0	0.0
0.0	0.0
-0.00448800902813673	0.0
0.0	0.0
-4.858412012254121e-06	0.0
-6.46272063642428e-11	0.0
0.0	0.0
-1.8321326251680148e-06	0.0
-2.043161941855942e-07	0.0
0.0	0.0
-0.0024952199310064316	0.0
-1.6789732399047352e-05	0.0
0.0	0.0
0.0	0.0
0.0	0.0
0.0	0.0
-0.00038699866854585707	0.0
0.0	0.0
0.0	0.0
0.0	0.0
0.0	0.0
0.0	0.0
-0.02360384538769722	0.0
0.0	1.0
0.0	0.0
-0.0008488651365041733	0.0
0.0	1.0
-0.0023085111752152443	0.0
0.0	0.0
0.0	0.0
-9.439043537895486e-07	0.0
0.0	0.0
-2.483924845364527e-06	0.0
-6.366718298522756e-05	0.0
-0.006567560136318207	0.0
0.0	0.0
-9.068638284759345e-09	0.0
-2.263054921058938e-05	0.0
0.0	0.0
-0.01991741731762886	0.0
0.0	0.0
0.0	0.0
0.0	0.0
-0.00022539758356288075	0.0
-0.0006686197593808174	0.0
0.0	0.0
0.0	0.0
-0.0003450149670243263	0.0
0.0	0.0
0.0	0.0
-8.415092906943755e-07	0.0
-0.003296507056802511	0.0
0.0	0.0
-6.120913894847035e-06	0.0
-2.254594982931124e-10	0.0
0.0	0.0
0.0	0.0
0.0	1.0
0.0	1.0
-0.0066637909039855	0.0
-5.9884619986405596e-05	0.0
-0.0028072090353816748	0.0
0.0	0.0
-2.09117861231789e-05	1.0
-0.002763844793662429	0.0
-0.00039887515595182776	0.0
-0.0043956381268799305	0.0
0.0	0.0
0.0	0.0
0.0	0.0
0.0	0.0
-0.0016972686862573028	0.0
-0.0012443707091733813	0.001
0.0	0.0
0.0	0.0
-6.455263132920663e-07	0.0
-0.00026213869568891823	0.0
-0.007025498431175947	0.0
0.0	0.0
0.0	0.0
-3.003962046932429e-05	0.0
-0.00033375396742485464	0.0
-5.0904116505989805e-05	0.0
-0.0004545577394310385	0.0
-0.01802445389330387	0.0
0.0	0.0
-7.842099876143038e-07	0.0
-0.00022430691751651466	0.0
0.0	0.0
0.0	0.0
0.0	0.0
-2.405597479082644e-05	0.0
-0.0026502064429223537	0.0
-0.0026399039197713137	0.0
-0.0036207097582519054	0.0
0.0	0.0
-4.751664528157562e-05	0.0
-1.7389833146808087e-06	0.0
-0.007720098830759525	0.0
0.0	0.0
0.0	0.0
0.0	0.0
0.0	0.0
-0.02822520211338997	0.0
-0.008376648649573326	0.0
-3.185029709129594e-05	0.0
0.0	0.0
0.0	0.0
0.0	1.0
-0.0030521214939653873	1.0
0.0	0.0
0.0	0.0
-0.00023601148859597743	0.0
0.0	0.0
-3.0339151635416783e-07	1.0
-0.005612174514681101	0.0
-0.0016797056887298822	0.0
0.0	0.0
-8.601656190876383e-06	0.0
0.0	0.0
-1.4134777302388102e-05	0.0
0.0	0.0
-6.193942581056433e-10	0.0
0.0	1.0
-5.981686990708113e-05	0.0
0.0	1.0
-2.187775635320577e-06	1.0
-4.952261406288017e-06	0.0
-2.2489813017532306e-13	0.0
-0.0014168157940730453	0.0
0.0	0.0
0.0	0.0
0.0	0.0
0.0	0.0
0.0	0.0
-0.0003083676565438509	0.001
0.0	0.0
-0.007619606796652079	0.0
-0.0058633568696677685	0.0
0.0	0.001
-1.4490149624180049e-05	0.001
-1.2049139513692353e-05	0.0
-3.8693625015184807e-07	0.0
-0.00013419249444268644	0.0
-0.0009399251430295408	0.0
-1.3947790145074634e-10	0.0
0.0	0.0
0.0	0.0
0.0	0.0
0.0	0.0
0.0	0.0
0.0	0.0
0.0	0.0
0.0	0.0
-1.6485224477946758e-05	0.0
0.0	0.0
0.0	0.0
-0.009168622083961964	0.0
0.0	0.0
0.0	0.0
0.0	1.0
-3.4811113437172025e-05	1.0
-0.00032266313792206347	0.0
0.0	1.0
0.0	1.0
0.0	0.0
0.0	0.0
0.0	0.0
-9.47519485094972e-09	0.0
0.0	0.0
-1.103557423220991e-07	0.0
0.0	0.0
-1.6341886177606568e-10	0.0
0.0	0.0
0.0	0.0
-0.0027348885778337717	0.0
0.0	0.0
0.0	0.0
0.0	1.0
0.0	0.0
0.0	0.0
-1.1523702170279648e-07	0.0
0.0	0.0
0.0	0.0
0.0	0.0
-0.005111806094646454	0.0
-0.00023064440756570548	0.0
0.0	0.0
-9.579564903106075e-06	0.0
-0.001199621707201004	0.0
-7.195437206064526e-07	0.0
0.0	0.0
-0.00011470430035842583	0.0
0.0	0.0
0.0	0.0
-5.198641864212483e-11	0.0
0.0	0.0
-4.499361807575042e-07	0.0
0.0	0.0
0.0	0.0
-0.0005999046843498945	0.0
0.0	0.0
-0.0004953289753757417	0.0
0.0	0.0
0.0	0.0
0.0	0.0
0.0	0.0
0.0	0.0
0.0	0.0
0.0	0.0
0.0	0.0
-0.0028328655753284693	0.0
-0.0036186829674988985	0.0
-0.00048664771020412445	0.0
-2.1765356184033635e-09	0.0
-8.210831583710387e-05	0.0
0.0	0.0
0.0	0.0
-0.009476534090936184	0.0
0.0	0.0
0.0	0.0
0.0	0.0
0.0	1.0
-3.1061113986652344e-05	0.0
0.0	0.0
0.0	0.0
0.0	0.0
0.0	0.0
-0.0002108936896547675	0.0
-2.2214568161871284e-05	0.0
0.0	1.0
0.0	0.0
0.0	0.0
-0.004003687296062708	0.0
0.0	0.0
0.0	0.0
-9.433367813471705e-05	0.0
-0.000189528102055192	0.0
0.0	0.0
0.0	0.0
0.0	0.0
-3.1863339245319366e-05	0.0
-4.872771387454122e-05	0.0
0.0	0.0
-0.0007716523832641542	0.0
0.0	0.0
0.0	0.016
0.0	0.0
0.0	0.016
0.0	1.0
-8.613623236897183e-08	0.0
0.0	0.0
-9.56881862634873e-08	0.0
0.0	0.0
0.0	0.0
0.0	0.0
0.0	0.0
-0.0004822376067750156	0.0
0.0	0.0
-4.880467167822644e-05	0.0
0.0	0.0
0.0	0.0
0.0	0.0
0.0	0.0
0.0	0.0
0.0	0.0
0.0	0.0
0.0	0.0
-7.730819456819304e-12	0.0
-1.1274231610514107e-06	0.0
-0.00032217276748269796	0.0
-4.156119004505854e-09	0.0
-0.00020040177332703024	0.0
-0.010515665635466576	0.0
0.0	0.0
-1.075261207006406e-05	0.0
0.0	0.0
-0.00012668906128965318	0.0
0.0	0.0
0.0	0.0
0.0	0.0
0.0	0.0
-7.447595635312609e-06	0.0
-0.003969110082834959	0.0
0.0	0.0
-1.7635837821217137e-06	0.0
0.0	0.0
-0.00011800854554167017	0.0
-0.0005817741039209068	0.0
-4.9268375732935965e-05	0.032
0.0	0.0
0.0	0.0
-1.172705992757983e-06	0.0
-0.003081281203776598	0.0
-0.002308709779754281	0.0
0.0	0.0
-5.323963137016108e-07	0.0
-0.00023006470291875303	0.0
0.0	0.0
0.0	0.0
0.0	0.0
0.0	0.0
0.0	0.0
0.0	0.0
0.0	0.0
0.0	0.0
0.0	0.0
0.0	0.0
0.0	0.0
0.0	0.0
0.0	0.0
0.0	0.0
0.0	0.0
0.0	0.0
0.0	0.0
-0.0007026645471341908	0.0
0.0	0.0
0.0	1.0
0.0	0.0
0.0	0.0
-0.0039590829983353615	0.0
0.0	1.0
0.0	1.0
-0.010647395625710487	0.0
0.0	0.0
-0.0019078339682891965	0.0
0.0	0.0
0.0	0.0
-0.018151212483644485	0.0
0.0	0.0
0.0	0.0
-0.01664803735911846	0.0
0.0	0.0
0.0	1.0
-2.4030039639910683e-05	0.0
0.0	0.0
0.0	0.0
0.0	0.0
0.0	0.0
0.0	0.0
0.0	0.0
0.0	0.0
0.0	0.0
0.0	0.0
0.0	0.0
-0.0014125435845926404	0.0
-0.00034558982588350773	0.0
-3.774125545419338e-08	0.0
0.0	0.0
0.0	0.0
0.0	1.0
-2.2538661141879857e-05	1.0
0.0	0.0
-0.000735537032596767	1.0
0.0	0.0
-7.752391617543708e-09	0.0
0.0	0.0
0.0	0.0
0.0	0.001
0.0	0.0
-0.004623085260391235	0.0
0.0	0.0
0.0	0.0
0.0	0.0
-0.007885231636464596	0.0
0.0	0.0
-0.004266798961907625	0.0
-0.005779957864433527	0.002
-4.907496531814104e-06	0.002
0.0	0.002
0.0	1.0
0.0	0.002
0.0	0.002
0.0	0.002
0.0	0.0
0.0	0.0
0.0	0.0
0.0	0.0
-2.3754632820782717e-06	0.0
-0.00678149564191699	0.0
0.0	0.0
-0.0006548267556354403	0.0
0.0	0.0
0.0	0.0
-0.0011179823195561767	0.0
-0.0013945408863946795	0.0
-0.00018671418365556747	0.0
0.0	0.0
0.0	0.0
0.0	0.0
-8.878297376213595e-05	0.0
0.0	0.0
0.0	1.0
0.0	0.0
0.0	1.0
0.0	1.0
0.0	0.0
-0.0009978602174669504	0.0
-7.178339842539572e-07	0.0
-0.00038235069951042533	1.0
-1.857876100075373e-06	0.0
0.0	1.0
-0.0010237206006422639	0.0
0.0	1.0
0.0	0.0
-0.0002538972476031631	0.0
-3.484823878352472e-07	0.0
-0.0008947417954914272	0.0
0.0	0.0
-4.688238550443202e-05	0.0
0.0	0.0
-6.9035042439546945e-12	0.0
0.0	0.0
0.0	0.0
0.0	0.0
-0.008405795320868492	0.0
-0.002310909330844879	0.0
0.0	0.0
-2.4515052245988045e-06	0.0
-0.005664991680532694	0.0
0.0	0.0
0.0	0.0
-5.0899684538308065e-06	0.0
0.0	0.0
0.0	0.0
0.0	1.0
0.0	1.0
0.0	1.0
0.0	1.0
0.0	1.0
0.0	0.0
0.0	1.0
-0.0008155478863045573	0.0
0.0	1.0
-0.0019542935770004988	0.0
-7.835936412448063e-05	1.0
-0.00014605878095608205	0.213
0.0	1.0
0.0	0.0
0.0	0.0
0.0	0.0
0.0	0.0
0.0	0.0
-0.0006468274514190853	0.0
0.0	0.0
-0.0018350098980590701	0.0
0.0	0.0
0.0	0.0
-0.0009931059321388602	0.0
0.0	0.0
0.0	0.0
-3.6334011383587494e-05	0.0
0.0	0.0
0.0	0.0
0.0	0.0
0.0	0.0
-2.6492691374002675e-10	0.0
0.0	0.0
-0.008044006302952766	0.0
0.0	0.0
0.0	0.0
0.0	0.0
0.0	0.0
0.0	0.0
-0.0037165863905102015	0.0
0.0	0.0
-0.0001749859075061977	0.0
0.0	0.0
-8.030001907854967e-08	0.0
-0.0018572789849713445	0.0
-5.399056135502178e-07	0.0
0.0	0.0
-0.003991975914686918	0.0
0.0	0.0
-0.0011733431601896882	0.0
-9.78558659880946e-07	0.0
-8.156744115694892e-06	0.0
-3.537478296400387e-11	0.0
0.0	0.0
0.0	0.0
0.0	0.0
-0.0010051801800727844	0.0
0.0	0.0
-0.001202637911774218	0.0
0.0	0.0
0.0	0.0
0.0	0.0
0.0	0.0
0.0	0.0
-0.0002379755605943501	0.0
0.0	0.0
0.0	0.0
-0.0012473154347389936	0.0
0.0	0.0
0.0	0.0
-4.244744559400715e-06	0.0
0.0	0.0
-1.1224996931957776e-08	0.0
-0.0005989671917632222	0.0
0.0	0.0
-5.764653451478807e-06	0.0
-0.003682630369439721	0.0
-0.0005852975300513208	0.0
-0.0009441563743166625	0.0
-8.118960295178113e-07	1.0
0.0	0.0
-0.005406680516898632	0.0
0.0	0.0
0.0	0.0
-0.0007593266200274229	0.0
0.0	0.0
0.0	0.0
-0.05395207181572914	0.0
0.0	1.0
0.0	1.0
0.0	0.0
0.0	1.0
0.0	0.0
-9.364655852550641e-05	0.0
0.0	0.0
0.0	1.0
-0.0036365878768265247	0.0
0.0	0.0
-0.012284099124372005	0.0
0.0	0.0
-0.000916154938749969	0.0
-0.0002820476656779647	0.0
-2.2145345610624645e-06	0.0
0.0	1.0
0.0	0.0
0.0	0.0
-0.01404383685439825	0.0
-0.00028947796090506017	0.0
0.0	0.0
0.0	0.0
-7.113379979273304e-05	0.0
-0.0014054466737434268	0.0
-0.00026433044695295393	0.0
0.0	0.0
0.0	0.0
0.0	0.0
0.0	0.0
-1.7440370356780477e-05	0.0
-0.002388069173321128	0.0
0.0	0.0
-1.0598679978102155e-07	0.0
0.0	0.0
-0.006462414283305407	0.0
-9.235222387360409e-05	0.0
-4.848440227078754e-08	0.0
0.0	0.0
0.0	0.0
-6.303579880295729e-08	0.013
0.0	0.0
0.0	0.0
-0.0015980598982423544	0.0
-0.0004144132253713906	0.0
-1.4013996860740008e-06	0.0
0.0	0.0
0.0	0.0
-0.0007521148072555661	0.0
-0.002502273302525282	0.0
-0.0011748421238735318	0.0
-0.009354865178465843	0.0
-3.201268782504485e-06	0.0
0.0	0.0
-0.0010147893335670233	0.0
0.0	0.0
-0.0006643540691584349	0.0
-0.0002899355604313314	0.0
-1.182953397460551e-07	0.0
0.0	0.0
