0.0	1.0
-1.3750044158822305e-10	1.0
0.0	1.0
0.0	1.0
-0.0001503965468145907	1.0
-0.013140750117599964	0.0
0.0	1.0
0.0	1.0
0.0	0.0
0.0	0.0
0.0	1.0
-0.00020301442418713123	1.0
0.0	1.0
0.0	1.0
0.0	1.0
0.0	1.0
0.0	1.0
0.0	1.0
-0.00011097743845311925	0.23076923076923078
-0.0011240290477871895	1.0
0.0	1.0
0.0	1.0
0.0	1.0
-0.000381750229280442	1.0
0.0	1.0
-0.000507549790199846	0.0
-0.0024621274787932634	0.0
-0.0001442144566681236	0.8908045977011494
-0.0051042623817920685	0.5167785234899329
0.0	1.0
0.0	0.5906040268456376
0.0	1.0
0.0	1.0
0.0	1.0
-9.61418891165522e-07	1.0
0.0	1.0
0.0	1.0
0.0	1.0
0.0	0.0
0.0	1.0
-1.2218425808896427e-06	1.0
-0.002047976478934288	1.0
-1.7990591004490852e-05	1.0
0.0	1.0
0.0	0.0
-6.485490303020924e-05	1.0
-1.618737712760776e-07	1.0
-4.00283124690759e-06	1.0
0.0	0.0
0.0	1.0
-1.6998761339509505e-12	1.0
-0.0017599484417587519	1.0
-4.7480094167440257e-07	1.0
-0.00027332635363563895	1.0
-2.512757964723278e-05	1.0
0.0	1.0
-6.374606442705044e-08	1.0
0.0	0.0
0.0	1.0
0.0	1.0
-0.01637888513505459	0.0
0.0	1.0
0.0	0.0
0.0	0.05084745762711865
0.0	1.0
0.0	1.0
-1.1576979375149676e-09	1.0
0.0	1.0
-7.049422129057348e-05	1.0
0.0	1.0
-0.001027783378958702	0.08333333333333333
0.0	1.0
0.0	1.0
0.0	0.0
-0.00027274442254565656	1.0
-8.525102748535573e-05	1.0
-0.013386591337621212	0.0
0.0	1.0
0.0	1.0
0.0	0.1
-9.242678515875014e-07	1.0
0.0	1.0
0.0	1.0
-2.6397285182611085e-05	0.0
0.0	1.0
0.0	0.07142857142857142
0.0	0.0
-1.5585777873639017e-05	1.0
-1.764366847067933e-10	0.0
0.0	1.0
0.0	0.0
0.0	1.0
0.0	1.0
-1.9652047456020227e-07	1.0
-0.001393727376125753	1.0
-2.8731358270306373e-07	1.0
-5.284816779749235e-07	1.0
0.0	1.0
0.0	1.0
0.0	1.0
0.0	1.0
0.0	0.0
-0.02617885358631611	0.0
0.0	0.0
0.0	1.0
-1.0804124030983075e-05	0.0
-2.8574322641361505e-05	1.0
-1.557912037242204e-05	1.0
-3.241103968321113e-06	1.0
-0.0008845625561662018	0.6654804270462633
0.0	1.0
0.0	1.0
-0.013036529533565044	0.0
0.0	1.0
0.0	1.0
0.0	1.0
0.0	1.0
-0.0004303290625102818	1.0
0.0	1.0
0.0	1.0
0.0	1.0
-3.540138277458027e-05	1.0
0.0	1.0
-0.0005466737784445286	1.0
0.0	1.0
-0.011690666899085045	1.0
-1.873354715711123e-13	0.0
0.0	1.0
0.0	1.0
0.0	1.0
-4.432452556102362e-07	1.0
0.0	1.0
0.0	0.0
-0.00799949374049902	0.0
0.0	1.0
-9.299047815147787e-05	1.0
-3.9677717722952366e-05	1.0
0.0	0.0
-0.00010324836330255494	1.0
-0.0009795260848477483	1.0
-0.00019624785636551678	0.7132352941176471
0.0	1.0
-0.0008598185959272087	1.0
-1.3947717425466521e-09	1.0
-5.046755235937894e-10	1.0
0.0	1.0
0.0	0.0
-0.009189455769956112	0.5555555555555556
-5.132385627604208e-10	1.0
0.0	1.0
0.0	1.0
0.0	1.0
0.0	1.0
-2.2038282310177237e-09	1.0
0.0	1.0
-0.024815930053591728	0.0
0.0	0.0
0.0	1.0
-1.3487250726029743e-05	1.0
0.0	1.0
-1.4622565380761898e-08	0.2637795275590551
-6.9509216160668075e-09	1.0
0.0	1.0
-2.4491484509781003e-05	1.0
0.0	1.0
0.0	1.0
0.0	1.0
-4.309657963830205e-09	0.0
0.0	1.0
-1.3812542420055252e-05	1.0
-4.509579775574535e-12	1.0
-0.006450502667576075	0.0
-0.004189129453152418	1.0
-0.0006656237528659403	1.0
0.0	1.0
0.0	1.0
0.0	1.0
-1.6042344929139037e-14	1.0
0.0	1.0
-5.896286126017003e-09	1.0
0.0	1.0
-0.00022628161241300404	0.0
0.0	1.0
0.0	1.0
0.0	0.05056179775280899
0.0	1.0
0.0	1.0
0.0	1.0
-2.6060155278173625e-07	1.0
-0.002758501563221216	0.0
0.0	1.0
0.0	1.0
0.0	1.0
0.0	1.0
-1.7519895256778995e-11	1.0
0.0	0.0
0.0	1.0
0.0	1.0
0.0	1.0
0.0	1.0
0.0	1.0
0.0	1.0
0.0	1.0
0.0	1.0
-0.0010853271232917905	0.0
0.0	1.0
0.0	0.0
0.0	1.0
-4.2044648580485955e-05	1.0
0.0	1.0
0.0	1.0
0.0	1.0
0.0	1.0
0.0	1.0
-1.6530518678337103e-06	1.0
0.0	0.0
0.0	1.0
-0.0003728992014657706	0.0
0.0	1.0
0.0	1.0
0.0	1.0
0.0	1.0
-5.467097707878565e-06	1.0
0.0	1.0
-7.303631122113075e-08	1.0
0.0	1.0
0.0	0.0
0.0	1.0
-1.2819085668525076e-06	1.0
0.0	1.0
0.0	1.0
-1.2284951480978634e-05	1.0
-1.39285418754298e-06	1.0
0.0	0.0
0.0	0.0
0.0	0.11186440677966102
-1.989648581002257e-06	1.0
0.0	1.0
-2.3946347482706187e-06	0.0
-7.36304500605911e-05	1.0
-0.0036273724399507046	0.0
-0.02545119635760784	0.0
0.0	1.0
-0.014087929390370846	0.0
0.0	1.0
0.0	1.0
0.0	0.0
-0.00019302433065604419	1.0
0.0	1.0
0.0	1.0
-0.0005313692963682115	1.0
-0.0009458994027227163	1.0
0.0	1.0
0.0	1.0
-0.003848461899906397	1.0
0.0	1.0
0.0	1.0
-0.0012942219618707895	0.0
0.0	0.8793565683646113
-9.241217412636615e-06	1.0
0.0	1.0
0.0	1.0
0.0	1.0
0.0	1.0
-2.0355666492832825e-05	1.0
0.0	1.0
-0.0004784379852935672	1.0
-8.660251296532806e-06	0.5789473684210527
0.0	1.0
0.0	1.0
0.0	1.0
0.0	1.0
0.0	1.0
0.0	1.0
0.0	1.0
0.0	1.0
-1.6193432372801908e-07	1.0
0.0	1.0
0.0	1.0
-9.643454177421518e-07	1.0
0.0	1.0
0.0	1.0
-2.9791465294692898e-08	1.0
-0.00014298802125267684	1.0
0.0	1.0
0.0	1.0
0.0	1.0
0.0	1.0
0.0	0.0
-0.000221582391532138	1.0
0.0	1.0
0.0	1.0
-1.88227300412791e-08	1.0
0.0	1.0
0.0	1.0
0.0	1.0
0.0	1.0
0.0	1.0
0.0	1.0
-1.0770604026710817e-11	0.0
0.0	1.0
-8.615101978648454e-05	1.0
-0.00012210171553306282	1.0
0.0	1.0
0.0	1.0
0.0	0.0
-0.0008427769644185901	1.0
-2.0193745342567126e-08	1.0
-0.0004975151387043297	0.0
0.0	0.0
-0.0002977320982608944	1.0
-0.007527323439717293	0.0
0.0	1.0
0.0	0.0
-0.0010276437969878316	0.0
0.0	0.030303030303030304
-4.700761564890854e-06	0.2600732600732601
0.0	0.0
0.0	1.0
-0.0010682933498173952	1.0
0.0	1.0
0.0	0.0
-0.007082806434482336	0.0
0.0	1.0
0.0	0.05084745762711865
0.0	1.0
0.0	0.0
0.0	0.0
0.0	1.0
0.0	0.8065173116089613
-3.8829650605975985e-08	1.0
0.0	1.0
0.0	1.0
0.0	0.4017094017094017
0.0	1.0
-0.0018175847362726927	1.0
0.0	1.0
-0.00017887589638121426	0.0
-0.014733698219060898	0.0
0.0	1.0
-0.00027720112120732665	0.0
0.0	1.0
0.0	1.0
-5.188945942791179e-05	1.0
-2.736082649335003e-07	1.0
0.0	1.0
0.0	0.0
0.0	1.0
-0.0007884976803325117	0.0
0.0	1.0
0.0	1.0
-0.18129590153694153	0.0
0.0	0.0
0.0	1.0
0.0	1.0
0.0	1.0
-0.0004691671347245574	1.0
-1.301920201512985e-05	1.0
0.0	1.0
0.0	1.0
0.0	0.0
0.0	1.0
0.0	1.0
0.0	0.0
-0.07864630967378616	0.25
0.0	1.0
0.0	1.0
0.0	1.0
-6.750196512861351e-10	1.0
-8.390635031219063e-08	1.0
0.0	1.0
0.0	1.0
0.0	1.0
0.0	1.0
-8.798273221088948e-09	1.0
0.0	0.0
-0.0001953552127815783	1.0
-0.0011206736089661717	1.0
-3.781766455546176e-09	0.0
0.0	1.0
0.0	1.0
-1.9737241018447094e-05	1.0
-0.0008246517973020673	1.0
-0.044589608907699585	0.0
-0.0019833080004900694	1.0
0.0	1.0
0.0	1.0
-1.2925180925549284e-08	0.0
0.0	1.0
0.0	1.0
-0.0005982014117762446	0.08
0.0	1.0
0.0	1.0
-0.00046991606359370053	0.0
0.0	1.0
-1.1169004920930092e-07	0.0
-0.00043934621498920023	0.0
0.0	1.0
-1.7906461380334804e-06	1.0
-7.754414400551468e-05	1.0
-2.696836418181192e-06	1.0
-3.3546792110428214e-05	1.0
0.0	1.0
-6.822334853495704e-06	1.0
-0.0005616002599708736	1.0
0.0	1.0
0.0	0.007352941176470588
0.0	0.06846846846846846
0.0	1.0
-0.0002515767700970173	1.0
-0.0009677874040789902	1.0
-0.00031923630740493536	1.0
0.0	0.4878048780487805
-0.007378173992037773	0.0
0.0	1.0
0.0	1.0
-9.978293746826239e-06	0.0
0.0	1.0
0.0	1.0
-0.02532707341015339	0.06666666666666667
0.0	1.0
0.0	1.0
0.0	0.0
0.0	1.0
-0.05598187446594238	0.0
0.0	1.0
-4.491768663683615e-07	1.0
0.0	0.0
0.0	1.0
-0.00014955917140468955	0.004672897196261682
0.0	0.015625
0.0	1.0
0.0	1.0
-0.0002320037892786786	1.0
-2.9093897069287777e-08	1.0
-4.907244147034362e-05	1.0
0.0	1.0
-1.2386994058033451e-05	1.0
-6.93459560352494e-06	0.0
0.0	0.09523809523809523
-0.00012034275277983397	1.0
0.0	0.0
-2.6527115437602333e-07	1.0
0.0	1.0
0.0	1.0
0.0	1.0
-0.00042300429777242243	1.0
0.0	1.0
0.0	1.0
0.0	1.0
0.0	1.0
-1.505827640357893e-06	1.0
0.0	1.0
-4.960098110018407e-09	1.0
0.0	1.0
0.0	1.0
0.0	1.0
0.0	1.0
0.0	1.0
0.0	1.0
0.0	1.0
0.0	1.0
0.0	0.0
0.0	1.0
0.0	1.0
0.0	1.0
-1.4945641169106239e-06	1.0
0.0	1.0
-0.00042196374852210283	1.0
0.0	1.0
-4.6119082981022075e-05	1.0
0.0	1.0
0.0	1.0
-7.942412048578262e-05	1.0
-0.0030676578171551228	1.0
-3.32073905155994e-05	1.0
-1.5662323597353395e-13	1.0
0.0	1.0
-0.0006212118896655738	1.0
-0.000553601305000484	1.0
0.0	1.0
0.0	1.0
0.0	1.0
0.0	1.0
0.0	1.0
-0.00012728424917440861	1.0
0.0	1.0
-0.00042375249904580414	0.0
-0.0003318699891678989	0.0
-0.00018563351477496326	0.014084507042253521
-2.940248577942839e-06	1.0
-2.4410310288658366e-06	0.0
0.0	1.0
0.0	1.0
0.0	0.0
0.0	1.0
0.0	1.0
-3.549751636455767e-05	1.0
-4.5940176107706066e-08	0.0
0.0	1.0
0.0	1.0
0.0	1.0
-0.00010290334466844797	1.0
0.0	1.0
0.0	0.024390243902439025
0.0	1.0
0.0	1.0
0.0	0.0
-0.0004536607302725315	1.0
0.0	1.0
0.0	1.0
0.0	1.0
0.0	1.0
0.0	1.0
0.0	1.0
0.0	1.0
0.0	1.0
0.0	1.0
-0.0004312098608352244	0.0
-9.457687156100292e-06	0.0
0.0	1.0
0.0	1.0
0.0	1.0
0.0	1.0
0.0	1.0
