0.0	1.0
0.0	0.0
0.0	1.0
0.0	1.0
0.0	0.0
-9.480248991167173e-06	1.0
-1.684306698734872e-05	0.03867403314917127
-7.504330490348821e-10	1.0
0.0	1.0
0.0	0.1111111111111111
0.0	1.0
0.0	1.0
0.0	0.0
0.0	1.0
0.0	0.0
0.0	1.0
-0.04196901619434357	0.0
-2.5249166355933994e-05	1.0
-0.00034973269794136286	0.0
0.0	1.0
-0.0044579035602509975	0.0
-0.0002592647506389767	1.0
0.0	1.0
0.0	1.0
-0.033477671444416046	0.0
0.0	0.0
0.0	1.0
0.0	0.0
-1.229586293893803e-10	1.0
-2.0545232359836518e-07	1.0
-1.0265539113207822e-10	1.0
0.0	1.0
0.0	1.0
-1.4936282468624995e-06	1.0
0.0	1.0
0.0	1.0
0.0	1.0
-1.2770727153110784e-05	0.0
0.0	1.0
0.0	1.0
0.0	1.0
-4.230658703363588e-07	1.0
-0.00011202229507034644	1.0
-5.154974860488437e-05	1.0
-1.2483911632443778e-05	1.0
0.0	1.0
-0.0032698435243219137	0.23333333333333334
0.0	0.0
-0.00588458264246583	0.518796992481203
-0.0007191689219325781	1.0
0.0	1.0
0.0	1.0
-2.004247932063663e-07	1.0
0.0	0.7664041994750657
0.0	1.0
0.0	1.0
-2.2919957487488318e-08	1.0
-2.977401436510263e-06	0.5
-3.2438475727758487e-07	1.0
0.0	1.0
-2.1690686480724253e-05	1.0
0.0	1.0
0.0	0.0
-1.9428730624326818e-08	1.0
0.0	1.0
0.0	0.5581395348837209
0.0	1.0
0.0	1.0
-0.00045226069050841033	1.0
-0.004807878285646439	0.19736842105263158
0.0	1.0
0.0	0.0
0.0	1.0
0.0	0.1292517006802721
0.0	1.0
0.0	1.0
0.0	1.0
0.0	1.0
0.0	1.0
0.0	0.0
0.0	1.0
-7.974244340402947e-07	1.0
0.0	1.0
0.0	1.0
0.0	1.0
0.0	1.0
0.0	0.0
0.0	0.0
0.0	0.0
-0.0036359329242259264	1.0
0.0	1.0
0.0	1.0
0.0	1.0
0.0	0.0
-5.363143600334297e-07	1.0
0.0	1.0
0.0	1.0
-2.4118849069054704e-06	1.0
0.0	0.0
0.0	1.0
0.0	0.0
0.0	1.0
-2.35392440117721e-06	1.0
-0.00025705117150209844	0.24022346368715083
0.0	1.0
-5.8342811826150864e-05	1.0
0.0	1.0
0.0	1.0
-3.943958759577981e-08	0.0
0.0	1.0
-3.428960100563839e-17	1.0
-1.1861114757039104e-08	1.0
0.0	1.0
-3.299532545497641e-05	1.0
0.0	1.0
0.0	1.0
-0.0001357077999273315	1.0
-4.040311250719242e-05	1.0
-6.430198482121341e-06	1.0
-0.0005644478369504213	0.0
0.0	1.0
-0.003411425743252039	0.72
-0.0018844909500330687	1.0
0.0	1.0
0.0	1.0
0.0	1.0
-3.018084839823132e-07	0.0
0.0	1.0
0.0	1.0
0.0	1.0
0.0	1.0
0.0	1.0
0.0	1.0
-0.0018010007916018367	0.16455696202531644
0.0	0.0
0.0	1.0
-2.2380569619784296e-11	1.0
0.0	1.0
-5.137476222216719e-09	1.0
-0.0033781721722334623	0.0
0.0	1.0
0.0	1.0
0.0	0.024390243902439025
0.0	1.0
0.0	1.0
0.0	1.0
0.0	1.0
-3.53930499132192e-19	1.0
0.0	1.0
0.0	1.0
0.0	1.0
-4.536140477284789e-05	1.0
-0.05740615725517273	0.0
0.0	1.0
-1.4000962664795225e-06	1.0
0.0	1.0
-0.0023577858228236437	0.0
-0.013119797222316265	0.17647058823529413
0.0	1.0
0.0	1.0
0.0	1.0
0.0	1.0
-1.5897332559688948e-05	1.0
0.0	1.0
0.0	1.0
0.0	0.0
-2.164824081773986e-06	1.0
-1.2144818484216557e-10	1.0
0.0	1.0
0.0	1.0
-2.708621195779415e-06	1.0
0.0	1.0
-5.446209456749784e-07	1.0
-0.08869455754756927	0.0
0.0	1.0
0.0	1.0
0.0	1.0
-8.299974041392488e-08	1.0
-4.311297743697651e-06	1.0
0.0	0.0
0.0	1.0
0.0	1.0
0.0	1.0
0.0	0.0
0.0	1.0
-1.9844537746394053e-07	0.0
0.0	1.0
0.0	1.0
0.0	0.0
0.0	1.0
0.0	1.0
0.0	0.0
-6.776926511520287e-06	1.0
0.0	1.0
0.0	1.0
0.0	1.0
0.0	1.0
0.0	1.0
0.0	0.22093023255813954
-0.002924887463450432	1.0
0.0	1.0
0.0	1.0
-0.0015223553637042642	1.0
0.0	0.0
-0.04057729244232178	0.0
0.0	1.0
-4.835434879169043e-07	0.0
0.0	0.0
0.0	1.0
0.0	1.0
0.0	0.0
0.0	1.0
0.0	0.0
-3.64312763849739e-05	1.0
0.0	1.0
-2.2946476747165434e-05	1.0
-1.307269625883123e-09	0.025423728813559324
0.0	1.0
-0.004630036186426878	0.06666666666666667
-0.00018429139163345098	1.0
0.0	1.0
-0.001606174511834979	1.0
-2.1263136318339093e-07	1.0
-0.0025428731460124254	1.0
0.0	1.0
0.0	1.0
-4.075518234003539e-08	0.0
-0.0007327451603487134	0.0
0.0	1.0
0.0	0.0
0.0	0.0
0.0	1.0
-0.002471933839842677	0.0
0.0	0.0
-0.00242305314168334	1.0
-1.30585999613686e-06	1.0
0.0	1.0
-0.0215217974036932	0.0
0.0	1.0
0.0	1.0
0.0	1.0
0.0	1.0
0.0	1.0
0.0	1.0
0.0	1.0
-4.702399110101396e-06	1.0
0.0	1.0
0.0	1.0
-0.05958070978522301	0.0
0.0	1.0
0.0	0.06666666666666667
-4.138695658184588e-06	1.0
0.0	1.0
-0.0005913100903853774	1.0
0.0	1.0
-0.0007458636537194252	0.14583333333333334
0.0	1.0
-1.994578981145967e-11	1.0
-0.0009998376481235027	1.0
0.0	0.029411764705882353
-3.922570249415003e-05	1.0
0.0	1.0
0.0	1.0
0.0	1.0
0.0	0.10687022900763359
0.0	1.0
0.0	1.0
0.0	1.0
0.0	1.0
0.0	1.0
0.0	1.0
0.0	1.0
-0.00020405746181495488	1.0
-7.917911659660604e-08	1.0
0.0	1.0
-1.4699979900001381e-08	0.12944983818770225
-2.9132481813576305e-06	1.0
0.0	1.0
0.0	1.0
-7.245215329021448e-06	1.0
0.0	1.0
0.0	1.0
0.0	0.0
0.0	1.0
-5.604113084700657e-06	1.0
-0.0006511824321933091	1.0
-5.422589765657904e-06	0.0
-5.415595865088108e-07	1.0
0.0	0.0
-0.013354911468923092	0.0
-2.2884534701006487e-05	0.013289036544850499
-7.591363828396425e-05	1.0
-0.00025989822461269796	1.0
0.0	0.0
-0.0004741806769743562	1.0
0.0	1.0
0.0	1.0
-0.00044738451833836734	1.0
0.0	1.0
-0.0020377596374601126	0.0
-0.0038688902277499437	0.0821917808219178
-0.002340891631320119	1.0
0.0	1.0
-2.6382864234619774e-05	1.0
0.0	1.0
0.0	1.0
0.0	1.0
0.0	0.0
-0.0003157669852953404	0.08571428571428572
0.0	0.0
-1.2079333828296512e-05	1.0
-2.89244600493177e-10	0.5827338129496403
0.0	0.2777777777777778
-0.00021374966308940202	1.0
0.0	1.0
0.0	1.0
0.0	1.0
-4.005801801376663e-10	1.0
-0.0031299367547035217	0.0
0.0	1.0
0.0	1.0
-0.0001773545955074951	1.0
0.0	1.0
0.0	1.0
-3.84236273021088e-07	1.0
0.0	1.0
-0.00014730387192685157	1.0
0.0	1.0
0.0	0.9133858267716536
0.0	1.0
0.0	1.0
0.0	1.0
0.0	1.0
0.0	1.0
0.0	1.0
0.0	1.0
0.0	1.0
0.0	1.0
0.0	1.0
-1.0637566447257996e-05	1.0
-7.029895527921326e-07	1.0
0.0	1.0
-0.0006733778864145279	0.14886164623467601
-0.009990419261157513	0.0
0.0	0.0
0.0	0.036036036036036036
0.0	1.0
0.0	0.0
0.0	1.0
0.0	1.0
0.0	0.21621621621621623
0.0	1.0
0.0	1.0
0.0	1.0
0.0	0.0
0.0	0.0
0.0	1.0
-0.0009864430176094174	1.0
0.0	1.0
-6.464187754318118e-05	1.0
0.0	1.0
-0.0018479125574231148	0.0
-0.0004979739896953106	1.0
0.0	1.0
-0.00481316726654768	0.328
0.0	1.0
-0.0016620061360299587	1.0
0.0	1.0
0.0	1.0
0.0	1.0
-1.4856849475108902e-06	1.0
-3.986905358033255e-05	0.0
-4.043354056193493e-05	1.0
-0.0001870551786851138	1.0
0.0	1.0
0.0	0.025
-6.683555693598464e-05	0.0
0.0	1.0
0.0	1.0
-0.00047397069283761084	0.09878682842287695
0.0	1.0
0.0	1.0
0.0	1.0
-3.9940809074323624e-05	1.0
-0.001129976473748684	1.0
-0.000590458745136857	1.0
-0.004526470322161913	0.4647887323943662
-1.516705651738448e-06	0.0
-0.0016416729195043445	0.0
0.0	1.0
-0.0003638349589891732	1.0
0.0	0.0
-8.763790406409972e-19	1.0
-3.8409554690588266e-05	1.0
0.0	1.0
0.0	1.0
-9.933361297953525e-07	1.0
0.0	1.0
-0.00017970379849430174	1.0
-0.00012212895671837032	1.0
0.0	0.037037037037037035
0.0	0.0
0.0	1.0
-0.00022269587498158216	1.0
-0.0006308421725407243	1.0
0.0	1.0
-0.00010343491157982498	1.0
-1.1489343705761712e-05	0.20512820512820512
0.0	1.0
0.0	1.0
0.0	1.0
-0.014474508352577686	0.0
0.0	0.027777777777777776
0.0	1.0
-3.1099818897928344e-07	1.0
0.0	1.0
0.0	1.0
-0.00776584492996335	0.0
-3.6966914649383398e-06	1.0
0.0	1.0
-7.540845491170022e-15	1.0
0.0	1.0
0.0	0.15
0.0	1.0
0.0	1.0
-0.0002208265505032614	1.0
0.0	1.0
-1.3858966196877986e-09	1.0
0.0	1.0
0.0	1.0
-1.138903280661907e-05	1.0
0.0	1.0
0.0	1.0
-0.0005730001721531153	1.0
0.0	1.0
0.0	0.0
0.0	0.0
0.0	0.16666666666666666
0.0	0.0
0.0	1.0
-2.3258145631643856e-07	1.0
0.0	1.0
0.0	0.0
-0.009168869815766811	0.0
0.0	1.0
0.0	1.0
0.0	0.0
-0.0003638704656623304	1.0
0.0	1.0
-0.00040681404061615467	1.0
0.0	1.0
0.0	0.02564102564102564
-8.656747377244756e-05	1.0
-9.484143083682284e-05	1.0
0.0	1.0
-2.141570976476703e-15	1.0
-0.00023743401106912643	1.0
-0.017238778993487358	0.0
0.0	0.0
0.0	1.0
-2.138705212928471e-06	1.0
0.0	1.0
0.0	1.0
0.0	1.0
-0.0392291322350502	0.0
0.0	0.8926174496644296
0.0	1.0
0.0	1.0
0.0	1.0
-0.0023590584751218557	0.13432835820895522
0.0	1.0
-0.0002014166966546327	0.47761194029850745
-1.5435212844749913e-05	1.0
-2.5446559448027983e-05	1.0
-6.909234070917591e-05	1.0
0.0	1.0
0.0	0.02564102564102564
0.0	1.0
-0.012007537297904491	1.0
-6.20017308392562e-05	0.0
0.0	1.0
-7.902165634732228e-06	1.0
0.0	1.0
-0.0008170082001015544	1.0
0.0	1.0
-0.001726898248307407	0.0
-0.001827090629376471	0.12121212121212122
0.0	1.0
-9.132376362686045e-06	1.0
0.0	1.0
0.0	1.0
0.0	1.0
0.0	1.0
-8.455380884697661e-05	1.0
0.0	1.0
-0.00028359555290080607	1.0
-4.865561550104758e-06	1.0
0.0	1.0
0.0	1.0
-0.0013874914729967713	0.013333333333333334
0.0	1.0
0.0	1.0
-4.5886175939813256e-05	1.0
0.0	1.0
0.0	1.0
-0.0005151135846972466	1.0
0.0	1.0
0.0	1.0
0.0	1.0
0.0	1.0
-0.00011023932893294841	1.0
0.0	1.0
0.0	1.0
0.0	1.0
0.0	0.04878048780487805
0.0	1.0
0.0	1.0
0.0	1.0
-0.0002967702748719603	0.0
-0.00027228615363128483	0.08823529411764706
-3.410910442980253e-09	1.0
0.0	0.0
0.0	1.0
-0.0020071263425052166	0.0
0.0	0.0
-0.0009359425748698413	0.0
