0.0	1.0
0.0	1.0
0.0	1.0
0.0	1.0
0.0	0.0
0.0	1.0
0.0	1.0
0.0	1.0
0.0	1.0
0.0	1.0
-0.00041232796502299607	0.045454545454545456
-2.690369547053706e-05	1.0
0.0	1.0
0.0	0.7093023255813954
-6.038811051212178e-08	1.0
0.0	0.0
-0.0001548038999317214	1.0
-4.398583541842527e-08	1.0
0.0	0.0
0.0	1.0
-1.3737214885622961e-06	1.0
-0.009711610153317451	0.0
0.0	0.0
0.0	1.0
-0.009737626649439335	0.0
-9.012862847157521e-07	1.0
0.0	1.0
0.0	0.0
-0.0001137225772254169	1.0
-0.0002104572340613231	1.0
-6.284034981263176e-08	1.0
0.0	1.0
-2.3470821020055155e-07	1.0
0.0	1.0
0.0	1.0
0.0	1.0
-1.7512122667540098e-06	1.0
0.0	1.0
-8.408902795054018e-05	1.0
-0.0019298935076221824	0.0
0.0	1.0
-0.0008325385861098766	0.8288393903868698
0.0	1.0
-0.00371195818297565	0.0
-0.004912125412374735	1.0
-5.9731243388927435e-12	1.0
-3.601130416086562e-08	0.0
0.0	1.0
-0.0001545587001601234	1.0
0.0	0.15789473684210525
-1.7934840798261575e-05	1.0
-0.0001857662427937612	1.0
0.0	1.0
-0.0003547706874087453	0.9571428571428572
0.0	1.0
-9.842605619425626e-10	1.0
0.0	1.0
-1.1588558557207307e-08	1.0
0.0	1.0
-0.0003735558711923659	1.0
-7.917072798591107e-05	1.0
0.0	1.0
0.0	1.0
0.0	0.0
0.0	0.0
0.0	1.0
0.0	1.0
0.0	1.0
0.0	0.0
-1.9064993139750186e-08	0.0
-0.00021571996330749243	0.049019607843137254
0.0	1.0
0.0	1.0
-9.713345860973277e-08	1.0
0.0	1.0
-1.358228018943919e-07	0.0
0.0	1.0
0.0	1.0
0.0	1.0
0.0	1.0
0.0	0.0
0.0	0.5
0.0	0.0
-0.0005200343439355493	1.0
-2.2155729766382137e-06	1.0
-5.5284690603230047e-08	0.03571428571428571
0.0	1.0
0.0	0.9699248120300752
-1.8235662082588533e-06	1.0
0.0	1.0
-8.425258783972822e-06	1.0
0.0	1.0
0.0	0.0
0.0	1.0
0.0	0.0
-1.4449504925906353e-09	1.0
-6.515000859508291e-05	1.0
0.0	1.0
0.0	0.08955223880597014
0.0	0.0
0.0	1.0
-0.00017702193872537464	1.0
0.0	1.0
-0.003668127115815878	0.0
0.0	0.0
0.0	1.0
-1.8014186808912314e-09	1.0
-1.6099540971481474e-06	0.40804597701149425
-0.00017849571304395795	1.0
0.0	1.0
0.0	1.0
0.0	1.0
-5.762331511505181e-06	1.0
0.0	1.0
0.0	0.012658227848101266
0.0	1.0
0.0	1.0
-0.0005068788304924965	0.0
-9.252060408471152e-06	1.0
0.0	1.0
0.0	1.0
0.0	1.0
0.0	0.0
0.0	1.0
-0.03891550377011299	0.0
0.0	1.0
-0.0006905213813297451	1.0
0.0	0.0
-0.006129699759185314	0.0
0.0	1.0
-0.00024195638252422214	1.0
0.0	1.0
0.0	1.0
-0.002034328645095229	1.0
0.0	1.0
-0.0014689713716506958	1.0
-0.010246655903756618	0.0
-1.886045174614992e-05	1.0
0.0	1.0
-0.001257457653991878	0.9111111111111111
-2.398289622451699e-10	1.0
-1.3479306559815996e-08	1.0
0.0	1.0
-8.386113847791421e-08	0.0
0.0	1.0
0.0	1.0
0.0	0.13793103448275862
0.0	1.0
0.0	1.0
0.0	1.0
-0.0023923974949866533	1.0
-0.0002561628061812371	1.0
-5.451747711049393e-05	1.0
0.0	0.15517241379310345
0.0	0.023255813953488372
0.0	1.0
-0.0014144671149551868	1.0
-0.0015776517102494836	1.0
-6.514157702836032e-12	1.0
-0.014501873403787613	0.0
0.0	1.0
0.0	1.0
-0.00014225835911929607	0.0
-8.779719173901412e-09	1.0
-0.0004359559097792953	1.0
0.0	1.0
-0.0010478745680302382	1.0
0.0	0.0
-8.74014658620581e-05	1.0
0.0	1.0
-3.0104718717893775e-08	1.0
0.0	1.0
0.0	1.0
0.0	1.0
-0.00020747700182255358	1.0
-0.0007426468073390424	1.0
0.0	0.0
0.0	0.0
-0.0025900087784975767	1.0
0.0	0.0
0.0	1.0
0.0	0.8304093567251462
-8.988788522401592e-07	1.0
-2.592955752334092e-06	1.0
0.0	1.0
0.0	1.0
0.0	1.0
-0.010061804205179214	0.0
-0.0016087659168988466	1.0
-3.8972596851094554e-12	1.0
0.0	1.0
-1.4403135537577327e-05	0.07017543859649122
-0.005467194598168135	0.0
0.0	0.0
0.0	1.0
-0.03453359380364418	0.0
-0.005235488526523113	0.0
-0.002203300828114152	1.0
-0.000518279557581991	1.0
0.0	1.0
-0.00028706411831080914	1.0
0.0	0.0
0.0	1.0
0.0	1.0
-0.0001330523082287982	1.0
-4.577421464091458e-08	1.0
0.0	1.0
0.0	1.0
0.0	1.0
0.0	1.0
0.0	1.0
0.0	1.0
-0.002905039582401514	0.0
0.0	1.0
-2.8363454475766048e-05	1.0
0.0	0.0
-0.0006567997625097632	0.0
0.0	1.0
-0.005111088976264	0.0
-0.00044925333349965513	1.0
-2.452571301603257e-08	1.0
0.0	1.0
0.0	1.0
0.0	1.0
-4.75146844109986e-05	1.0
0.0	1.0
0.0	1.0
0.0	0.0
0.0	0.0
0.0	0.01639344262295082
-1.5605894532200182e-07	0.0
-8.51056256578886e-07	0.0
0.0	1.0
0.0	0.0
0.0	1.0
-1.5545175147124723e-09	1.0
-1.6955838191279327e-06	0.0
-2.523796638342901e-06	0.0
0.0	0.5964912280701754
0.0	1.0
-1.3239426266409282e-07	1.0
0.0	1.0
0.0	1.0
0.0	1.0
-4.558241198537871e-05	0.7378190255220418
0.0	0.0
0.0	1.0
0.0	1.0
0.0	1.0
0.0	1.0
0.0	1.0
0.0	1.0
0.0	1.0
-2.938583634204406e-07	1.0
0.0	1.0
0.0	1.0
0.0	1.0
-3.5207219752919627e-06	1.0
0.0	1.0
0.0	1.0
0.0	1.0
0.0	1.0
0.0	0.29914529914529914
0.0	1.0
0.0	1.0
-0.01855967938899994	0.0
0.0	0.39097744360902253
0.0	1.0
-2.240757930849213e-05	1.0
0.0	1.0
0.0	1.0
0.0	1.0
0.0	0.0
-0.002908193040639162	1.0
-1.3978244169265963e-05	1.0
0.0	1.0
0.0	1.0
-0.0002650157257448882	1.0
0.0	1.0
0.0	0.0
0.0	1.0
0.0	0.0
0.0	0.06338028169014084
-0.003109017387032509	0.0
-5.815500480821356e-05	1.0
-1.0918825843475588e-09	1.0
-0.017341695725917816	0.0
0.0	1.0
0.0	1.0
0.0	1.0
-0.00011110525520052761	1.0
0.0	1.0
0.0	1.0
-0.0001032764557749033	1.0
0.0	1.0
0.0	1.0
-0.0002599168219603598	1.0
-4.4629534386331216e-05	1.0
0.0	0.4308300395256917
-0.04030025750398636	0.0
0.0	1.0
0.0	1.0
0.0	1.0
0.0	0.0
-0.000757107394747436	1.0
-1.0600184907616494e-07	1.0
-0.014382080174982548	0.0
0.0	0.8067444876783398
-0.0030085428152233362	0.0
-0.040104471147060394	0.0
0.0	1.0
0.0	1.0
0.0	1.0
0.0	0.0
-1.863204261098872e-06	1.0
0.0	1.0
0.0	1.0
-0.00018234536400996149	1.0
0.0	1.0
0.0	1.0
0.0	0.0
0.0	1.0
-0.005230677779763937	0.0
0.0	1.0
0.0	1.0
-5.972368199991251e-08	1.0
0.0	1.0
0.0	1.0
0.0	0.0
-0.0002136112452717498	1.0
0.0	0.13636363636363635
-7.365949568338692e-05	1.0
-0.00102517893537879	0.0
0.0	1.0
0.0	1.0
-0.01375691406428814	0.32710280373831774
0.0	1.0
0.0	1.0
-4.450740743777715e-05	1.0
-1.1108039871032815e-05	1.0
-8.93394917511614e-06	1.0
0.0	0.0
0.0	1.0
0.0	1.0
-1.4862059288134333e-05	0.0
0.0	0.0
0.0	1.0
0.0	1.0
0.0	1.0
0.0	1.0
-9.108059202844743e-06	1.0
0.0	1.0
0.0	0.0
0.0	1.0
0.0	1.0
0.0	1.0
-0.006864072754979134	0.0
0.0	0.0
-0.0003230244037695229	1.0
-0.001040969043970108	1.0
-3.322520569781773e-07	0.0
0.0	1.0
0.0	1.0
0.0	1.0
-0.00023241185408551246	0.0
-8.459246600978076e-06	1.0
-1.3946296917310974e-07	1.0
-2.895438456107513e-06	0.6285714285714286
0.0	1.0
0.0	0.045454545454545456
0.0	1.0
0.0	1.0
0.0	1.0
-7.842345479611157e-13	0.0
0.0	1.0
-2.261816620701871e-15	1.0
0.0	0.06542056074766354
0.0	1.0
0.0	1.0
0.0	1.0
0.0	1.0
-1.949050101757166e-06	1.0
-3.2959032836288316e-08	1.0
0.0	1.0
0.0	1.0
-5.239795086708909e-07	0.0
-9.124876854116337e-09	1.0
-0.0016995450714603066	1.0
-3.0828534818283515e-06	1.0
-8.802046795608476e-05	1.0
-0.00017031229799613357	0.0
-1.1959583900988946e-07	1.0
0.0	1.0
0.0	0.0
-0.02309761382639408	0.0
-6.563669739989564e-05	1.0
0.0	1.0
-0.00013428185775410384	1.0
0.0	1.0
0.0	0.0
-1.2701158755377279e-13	0.0
0.0	1.0
0.0	0.0
0.0	1.0
0.0	1.0
-0.00013367092469707131	1.0
-6.961650456105417e-07	0.32142857142857145
-6.761240365449339e-05	1.0
0.0	1.0
-0.0005526129971258342	1.0
0.0	0.0
-1.4967830793466419e-05	1.0
0.0	0.0
-0.0006550545222125947	1.0
0.0	1.0
0.0	1.0
-0.00028215398197062314	1.0
0.0	1.0
-8.255331140905042e-11	1.0
0.0	1.0
0.0	1.0
0.0	1.0
-2.4167016476894787e-07	1.0
-0.0009905030019581318	0.16666666666666666
-2.2609283405472524e-05	1.0
0.0	1.0
0.0	1.0
0.0	1.0
-0.007285410072654486	0.0
-0.0022132224403321743	0.058823529411764705
0.0	1.0
-8.868885124951512e-21	0.0
0.0	1.0
0.0	1.0
0.0	1.0
0.0	1.0
-0.0023993183858692646	0.33766233766233766
0.0	1.0
-0.0004968746216036379	1.0
-9.76264136198779e-09	1.0
0.0	1.0
-4.807545701623894e-05	1.0
0.0	1.0
-7.75592343416065e-05	1.0
-2.7760884222516324e-06	1.0
0.0	0.0
0.0	1.0
-1.6175553341213345e-08	0.0
0.0	0.0
0.0	1.0
0.0	1.0
0.0	1.0
0.0	1.0
-2.4005890736589208e-05	1.0
0.0	1.0
-2.7779909942182712e-05	1.0
-2.7011437850887887e-05	0.0
-0.00022482816711999476	1.0
0.0	1.0
0.0	1.0
-0.0025310246273875237	1.0
0.0	1.0
0.0	1.0
-3.2579441722191405e-06	1.0
-0.00012294662883505225	0.0
-0.0012023241724818945	1.0
-8.169291731974226e-07	1.0
0.0	1.0
0.0	1.0
0.0	1.0
-0.002361428691074252	0.0
0.0	1.0
0.0	1.0
0.0	0.0
0.0	1.0
0.0	1.0
0.0	1.0
0.0	1.0
-0.0034421891905367374	0.0
-1.6846402104420122e-06	0.0
0.0	1.0
0.0	1.0
0.0	1.0
0.0	0.0
0.0	1.0
0.0	1.0
0.0	1.0
0.0	1.0
-3.6976223327656044e-06	1.0
0.0	1.0
0.0	1.0
-4.310741217108949e-13	1.0
0.0	0.29508196721311475
0.0	1.0
0.0	1.0
0.0	0.0
0.0	1.0
-0.00633583776652813	0.0
-2.2060508975130233e-10	1.0
-0.00038438537740148604	0.0
0.0	1.0
-1.14364484034013e-05	1.0
-0.00030478654662147164	1.0
0.0	1.0
-2.849425800377503e-05	1.0
-0.0009425458265468478	1.0
-0.0008435779018327594	1.0
0.0	1.0
-0.0012593141291290522	0.0
-2.972816162127856e-07	1.0
0.0	0.0
-0.00023903809778857976	1.0
0.0	1.0
-3.42912353517022e-05	0.0
0.0	1.0
-0.0001843819482019171	1.0
-0.0005274842260405421	1.0
0.0	1.0
0.0	1.0
0.0	1.0
0.0	0.0
0.0	1.0
0.0	1.0
0.0	1.0
