0.0	1.0
-3.0949919164413586e-05	1.0
-0.0001388169766869396	0.0
0.0	1.0
-2.114649987561279e-06	1.0
0.0	1.0
0.0	1.0
0.0	1.0
0.0	1.0
0.0	0.0
-0.002158960560336709	1.0
-6.106447835918516e-05	1.0
0.0	1.0
-4.40375629295886e-08	1.0
-3.3293239276588338e-09	1.0
0.0	1.0
0.0	1.0
0.0	1.0
-7.152638090701657e-07	0.07692307692307693
0.0	1.0
0.0	1.0
-5.377910565584898e-05	0.0
0.0	1.0
0.0	1.0
-0.033707424998283386	0.0
0.0	1.0
-1.2164260484309741e-12	1.0
-0.00021670710702892393	1.0
0.0	1.0
0.0	1.0
-0.0013970060972496867	1.0
0.0	1.0
-3.593974540194722e-08	1.0
0.0	0.0
-4.4096896090195514e-07	1.0
-0.0003979609173256904	1.0
-0.00014936726074665785	1.0
0.0	0.11764705882352941
0.0	1.0
-0.0049801175482571125	1.0
0.0	1.0
0.0	1.0
0.0	1.0
-3.714963168022223e-05	1.0
-9.526076759011626e-14	1.0
-2.8935573936905712e-05	0.0
-1.0107150046678726e-05	1.0
-2.5049726737336186e-09	1.0
0.0	1.0
-2.249285716970917e-05	1.0
0.0	1.0
0.0	1.0
-0.00037869944935664535	1.0
0.0	0.0
-1.4860368082736386e-06	1.0
0.0	1.0
0.0	1.0
0.0	1.0
0.0	1.0
0.0	1.0
0.0	1.0
-0.00010250393825117499	0.0
0.0	0.2857142857142857
0.0	0.0
0.0	1.0
-0.0007186467410065234	1.0
-0.009996728040277958	0.0
-0.0004989330191165209	0.0
0.0	1.0
-8.709106964488456e-07	0.0
0.0	1.0
0.0	1.0
0.0	1.0
-5.860250098521647e-07	1.0
0.0	1.0
0.0	1.0
0.0	1.0
-3.880685108015314e-05	1.0
-0.0012724252883344889	1.0
-2.2181527725706474e-09	1.0
0.0	1.0
0.0	1.0
-2.0003806611157415e-08	1.0
-0.008186300285160542	0.0
0.0	1.0
0.0	1.0
0.0	1.0
0.0	1.0
-0.0001227201137226075	0.0
0.0	1.0
-6.126778316684067e-05	1.0
0.0	1.0
0.0	1.0
-0.00022152111341711134	1.0
0.0	1.0
-0.0011989190243184566	0.019230769230769232
-3.766152076423168e-05	0.5865921787709497
0.0	1.0
0.0	1.0
-7.60787655096351e-10	0.06382978723404255
0.0	1.0
-0.019178658723831177	0.0
-2.502769120837911e-06	1.0
0.0	0.0
0.0	1.0
0.0	1.0
0.0	1.0
0.0	0.0
0.0	1.0
-1.7477302938218031e-09	1.0
0.0	1.0
0.0	1.0
0.0	0.0
0.0	1.0
-2.531792700835589e-12	1.0
0.0	1.0
-1.7302847481914796e-05	1.0
0.0	1.0
0.0	0.0
0.0	1.0
-5.660106694449496e-07	1.0
0.0	0.0
0.0	1.0
-0.0015628159744665027	0.0
-3.833506401207387e-09	0.6388888888888888
-0.001955796731635928	1.0
0.0	0.0
0.0	1.0
0.0	1.0
0.0	1.0
0.0	1.0
0.0	1.0
0.0	1.0
0.0	1.0
-7.838427222850441e-07	1.0
-0.03646150976419449	0.0
0.0	1.0
0.0	1.0
0.0	1.0
-0.0003980246256105602	1.0
0.0	0.0
0.0	1.0
-0.046710699796676636	0.0
0.0	1.0
0.0	1.0
0.0	0.29
0.0	1.0
-3.209199661569073e-08	1.0
-0.0003499634040053934	1.0
0.0	1.0
0.0	1.0
0.0	0.08742004264392324
-8.844200237945188e-06	1.0
0.0	1.0
0.0	0.0
-0.00044969114242121577	1.0
0.0	1.0
-1.4812129300878496e-10	1.0
0.0	1.0
0.0	1.0
0.0	1.0
0.0	1.0
0.0	0.0
0.0	0.0
0.0	1.0
0.0	1.0
0.0	1.0
0.0	0.022727272727272728
0.0	1.0
0.0	0.0
0.0	1.0
0.0	1.0
-0.018735671415925026	0.0
0.0	1.0
0.0	1.0
0.0	1.0
0.0	0.0
0.0	1.0
0.0	1.0
0.0	1.0
-1.2237918554092175e-06	1.0
-0.00010510763240745291	1.0
0.0	1.0
0.0	1.0
0.0	1.0
-0.023228248581290245	0.0
0.0	0.0
-2.8698254936898593e-06	1.0
0.0	1.0
0.0	1.0
-0.000612849195022136	1.0
-6.841203867224976e-05	1.0
0.0	1.0
0.0	0.32142857142857145
-0.0003597759932745248	0.7551546391752577
0.0	1.0
0.0	1.0
0.0	1.0
-1.254879293810518e-06	1.0
0.0	1.0
-0.0003404881863389164	0.0
-6.226303230505437e-05	1.0
-3.083994926100786e-08	1.0
-2.145677717635408e-05	1.0
-6.343393033603206e-05	0.0
-1.5932604583213106e-05	1.0
0.0	1.0
0.0	0.0
0.0	1.0
-3.505259371650027e-07	1.0
0.0	0.0
0.0	1.0
0.0	0.8214285714285714
-1.4765105333935935e-06	1.0
0.0	1.0
0.0	1.0
-2.6509158033150015e-06	1.0
-0.0012082259636372328	1.0
0.0	1.0
0.0	1.0
0.0	1.0
0.0	1.0
0.0	1.0
0.0	1.0
0.0	1.0
0.0	1.0
-0.0005937017849646509	1.0
0.0	1.0
0.0	1.0
0.0	1.0
-0.0011900110403075814	1.0
0.0	1.0
0.0	1.0
-2.8344783231659676e-07	0.0
-2.3908669488648115e-10	1.0
0.0	1.0
-5.2652037993539125e-05	1.0
0.0	1.0
0.0	1.0
-1.5288344002328813e-05	1.0
-0.0012572711566463113	1.0
-8.581803601082072e-10	1.0
0.0	1.0
0.0	0.0
0.0	1.0
-2.539057106787368e-07	1.0
0.0	1.0
0.0	0.0
0.0	0.8346839546191248
-0.0003861890872940421	1.0
-1.2382509240183026e-08	1.0
-1.4706126876262715e-06	1.0
-1.8163518293454672e-15	1.0
0.0	1.0
-1.2258067272341577e-06	1.0
0.0	1.0
0.0	0.0
0.0	1.0
0.0	1.0
0.0	1.0
-0.0035349386744201183	0.0
0.0	1.0
-7.3214796429965645e-06	0.0136986301369863
0.0	1.0
0.0	1.0
0.0	0.0
0.0	1.0
0.0	1.0
0.0	1.0
0.0	1.0
-1.116151437940971e-08	1.0
0.0	0.0
-1.1577485565794632e-06	1.0
-1.162561329692835e-05	1.0
0.0	0.0
0.0	1.0
-0.0006845608004368842	1.0
0.0	1.0
0.0	0.8264150943396227
-0.00011528732284205034	1.0
-1.1291580170880167e-10	0.5681818181818182
-3.007869418070186e-05	1.0
-8.149218899689004e-08	1.0
0.0	0.0
-4.507486437432817e-07	1.0
-2.546781274759269e-08	1.0
0.0	1.0
-0.01640574261546135	0.0
0.0	1.0
0.0	1.0
-1.4992338037700392e-06	0.0
-7.551921044068877e-06	0.0
0.0	1.0
-0.09285689145326614	0.0
-0.02247762307524681	0.0
-0.00011749227269319817	1.0
0.0	1.0
0.0	1.0
0.0	1.0
-0.0008034183410927653	1.0
-1.9985194740002044e-05	1.0
-0.0040436782874166965	0.0
-6.808523903600872e-05	1.0
-6.98017743161472e-07	1.0
-5.340972620615503e-06	0.0
-0.0006325025460682809	1.0
-1.0629684766172431e-05	1.0
0.0	1.0
0.0	1.0
0.0	1.0
0.0	1.0
0.0	1.0
-4.876405364484526e-05	1.0
0.0	0.017543859649122806
0.0	1.0
0.0	1.0
0.0	1.0
-0.010636051185429096	0.0
0.0	1.0
0.0	0.0
0.0	1.0
-0.0009086841018870473	0.0
0.0	0.0
-1.8269181964569725e-05	1.0
-1.1405013538023923e-06	1.0
0.0	1.0
0.0	1.0
-0.00010016049782279879	0.0
0.0	0.0
0.0	0.0
-0.034558337181806564	0.0
-0.0009798804530873895	1.0
0.0	1.0
0.0	0.038461538461538464
-0.02089625969529152	0.0
0.0	1.0
0.0	1.0
0.0	1.0
-8.653721124574076e-06	1.0
-0.0022217181976884604	1.0
-3.375948654138483e-05	1.0
-2.030516498052748e-06	0.35294117647058826
-0.00032111734617501497	1.0
0.0	1.0
0.0	1.0
0.0	1.0
0.0	1.0
-0.05183809995651245	0.0
0.0	1.0
0.0	1.0
0.0	1.0
-0.0007077259360812604	1.0
0.0	1.0
0.0	0.0
0.0	0.0
-0.00017419687355868518	0.0
-0.02868703380227089	0.0
-0.0021834748331457376	1.0
0.0	1.0
-1.9047582955344922e-11	1.0
-0.0002455882786307484	0.09090909090909091
-3.961569018429145e-05	0.0625
0.0	1.0
0.0	1.0
-0.00011708665988408029	1.0
0.0	1.0
0.0	1.0
0.0	1.0
0.0	1.0
-0.00013216283696237952	1.0
-4.92283788844361e-06	0.5707434052757794
0.0	1.0
0.0	1.0
-0.00023970198526512831	1.0
0.0	1.0
0.0	0.0
0.0	0.1774193548387097
0.0	1.0
-3.077539361129311e-07	1.0
0.0	1.0
0.0	0.0
-3.816948810708709e-05	1.0
0.0	1.0
0.0	0.0
0.0	1.0
0.0	0.0
0.0	1.0
0.0	1.0
-6.967240187805146e-05	1.0
0.0	1.0
0.0	1.0
0.0	1.0
-7.077928243504061e-10	1.0
0.0	0.0
-0.000519534747581929	0.830166270783848
0.0	0.0
0.0	0.0
0.0	1.0
0.0	1.0
0.0	1.0
-0.0009970683604478836	1.0
0.0	1.0
-0.004330612253397703	0.125
-0.0004910629941150546	1.0
0.0	1.0
0.0	1.0
0.0	1.0
0.0	1.0
-5.299564509186894e-05	1.0
0.0	0.0
-2.034915951298899e-06	1.0
-0.0004096992197446525	0.0
0.0	1.0
0.0	1.0
-0.0017907448345795274	1.0
0.0	1.0
-2.020759893639479e-06	1.0
0.0	1.0
0.0	1.0
0.0	1.0
-0.001914839493110776	1.0
0.0	1.0
0.0	0.0
-3.852959964967262e-11	1.0
-0.0002922769926954061	1.0
-0.002242080634459853	0.0
-0.0009990890976041555	1.0
0.0	0.0
-2.8232173008291284e-06	0.05555555555555555
-0.0005325410165823996	1.0
0.0	1.0
0.0	1.0
-7.661826373350777e-08	1.0
0.0	0.0
-6.068046900509216e-07	1.0
-1.9054499489357113e-06	1.0
0.0	0.07142857142857142
-1.3559164457888073e-08	1.0
0.0	1.0
0.0	1.0
-0.000636668351944536	1.0
0.0	1.0
0.0	1.0
0.0	1.0
-0.009159989655017853	0.0
-0.0017638045828789473	1.0
-0.0005229935050010681	1.0
0.0	0.6519337016574586
-0.0008818794740363955	0.0
-0.0018515940755605698	1.0
-0.004623441956937313	0.1346153846153846
0.0	1.0
0.0	0.0
0.0	1.0
0.0	1.0
-0.0074008251540362835	0.0
0.0	1.0
0.0	0.0
-0.0023406969849020243	1.0
0.0	1.0
0.0	1.0
-0.00024031342763919383	1.0
0.0	1.0
0.0	1.0
-4.0927434952209296e-07	1.0
0.0	1.0
0.0	1.0
0.0	1.0
0.0	1.0
0.0	1.0
0.0	0.0
-3.299707896076143e-05	1.0
0.0	1.0
0.0	0.0
-0.0006128674722276628	1.0
0.0	1.0
0.0	0.0
-1.8339895859753597e-06	0.0
0.0	1.0
0.0	0.6785714285714286
-3.900669980794191e-06	1.0
-0.0001528516149846837	1.0
-0.00024402579583693296	1.0
-0.005895636044442654	0.01282051282051282
0.0	1.0
-0.00011292067938484251	0.01282051282051282
0.0	1.0
0.0	1.0
0.0	1.0
0.0	1.0
0.0	1.0
0.0	1.0
0.0	1.0
-0.0009203545050695539	1.0
0.0	1.0
0.0	1.0
0.0	0.3497536945812808
0.0	1.0
0.0	0.0
0.0	1.0
0.0	1.0
-3.0434630389208905e-05	1.0
-2.0976209270884283e-05	1.0
0.0	1.0
-4.554553015623242e-06	1.0
0.0	1.0
-0.0007493385346606374	0.0
0.0	1.0
0.0	1.0
-8.89501825440675e-06	1.0
-0.0002541095018386841	1.0
-0.0013038039905950427	0.11428571428571428
-0.0008658178267069161	1.0
0.0	1.0
0.0	1.0
0.0	1.0
0.0	1.0
0.0	1.0
-0.00022734206868335605	1.0
-0.15103614330291748	0.0
0.0	0.0
-0.00019011141557712108	0.0
0.0	1.0
0.0	1.0
-7.113732749530755e-07	1.0
0.0	1.0
0.0	1.0
0.0	0.18181818181818182
0.0	1.0
-1.932259920067736e-06	1.0
0.0	1.0
0.0	1.0
0.0	1.0
