0.0	1.0
0.0	1.0
0.0	1.0
-5.527933808480157e-06	0.0
0.0	1.0
0.0	1.0
0.0	1.0
-0.0008699586032889783	0.0
0.0	1.0
0.0	1.0
-0.018725018948316574	0.0
0.0	1.0
0.0	1.0
0.0	1.0
-2.2157955470447632e-09	0.0
-0.0007278542616404593	1.0
0.0	1.0
0.0	1.0
-0.00029791510314680636	1.0
0.0	1.0
0.0	1.0
-6.0697831941070035e-05	0.035398230088495575
0.0	0.0
-0.048521995544433594	0.0
0.0	1.0
0.0	1.0
0.0	1.0
-2.6593677830533125e-05	1.0
0.0	0.0
0.0	0.006369426751592357
0.0	1.0
-8.039410914761902e-08	1.0
0.0	1.0
-0.00020223269530106336	1.0
-2.195545494032558e-05	1.0
0.0	0.0
0.0	1.0
-9.417078399565071e-05	1.0
0.0	1.0
0.0	0.0
0.0	1.0
0.0	1.0
-2.3652529934636846e-10	1.0
0.0	1.0
0.0	1.0
-0.0063612330704927444	0.5033557046979866
0.0	1.0
0.0	1.0
0.0	0.0
-5.26132055256312e-07	0.0
0.0	0.3426791277258567
0.0	1.0
-9.60370925895404e-06	1.0
0.0	1.0
0.0	1.0
0.0	1.0
-0.0007662394782528281	0.0
0.0	1.0
0.0	1.0
0.0	1.0
-0.0003028334758710116	1.0
0.0	1.0
0.0	1.0
-1.383310745950439e-07	0.09565217391304348
-6.394901902240235e-06	1.0
0.0	1.0
0.0	1.0
0.0	1.0
-2.84778002423991e-06	1.0
0.0	1.0
0.0	1.0
-6.0303773352643475e-05	1.0
-1.5725447156000882e-05	0.0
0.0	0.36363636363636365
-0.0014789983397349715	1.0
0.0	1.0
-0.0001576735230628401	1.0
0.0	1.0
-0.000223518829443492	0.018072289156626505
-5.60624357603956e-06	1.0
0.0	1.0
0.0	1.0
0.0	1.0
0.0	1.0
0.0	1.0
0.0	1.0
0.0	0.047619047619047616
0.0	0.0
-9.175910236081108e-05	0.17647058823529413
-0.002045018831267953	1.0
-0.00041902760858647525	0.0
-0.0037653890904039145	0.0
-2.7544220415620657e-07	1.0
0.0	1.0
-3.100237881881185e-05	1.0
-0.0005521171260625124	1.0
0.0	1.0
0.0	1.0
0.0	1.0
0.0	1.0
-0.00027153652627021074	1.0
0.0	0.0
0.0	1.0
0.0	0.0
0.0	1.0
-0.00016175875498447567	0.0
0.0	1.0
0.0	1.0
-0.0024001726415008307	1.0
-1.0288790690538008e-06	0.0
-0.00015005722525529563	1.0
0.0	1.0
0.0	0.0
0.0	1.0
0.0	0.0
-5.6199103710241616e-05	1.0
-0.00028527056565508246	1.0
-5.928631253482308e-06	1.0
-0.002917530480772257	0.0
0.0	1.0
-0.000247059331741184	1.0
-5.068077939540672e-07	0.0
0.0	1.0
-1.6943998204510535e-08	0.8375
0.0	1.0
-0.0002508668985683471	1.0
0.0	1.0
0.0	0.0
0.0	1.0
0.0	0.0
0.0	1.0
0.0	1.0
0.0	1.0
-0.0008168466738425195	1.0
0.0	1.0
0.0	1.0
-2.416682218608912e-05	1.0
-2.9400107237620432e-08	0.0
-0.0001234208612004295	0.0
0.0	1.0
0.0	1.0
-1.5932354244796443e-06	1.0
-0.016360487788915634	0.21428571428571427
-1.3523612785171224e-11	1.0
0.0	1.0
0.0	0.0
0.0	1.0
-0.0023254775442183018	0.0
0.0	1.0
0.0	1.0
-1.2227978913870174e-05	1.0
0.0	1.0
0.0	1.0
0.0	0.0
-0.0001530962181277573	1.0
0.0	1.0
0.0	1.0
0.0	0.0
0.0	1.0
0.0	1.0
0.0	0.0
0.0	0.5274725274725275
-0.007162242196500301	0.0
0.0	1.0
0.0	1.0
0.0	1.0
-3.501295213936828e-05	1.0
-0.0021778391674160957	1.0
0.0	1.0
-0.03038751520216465	0.0
0.0	1.0
0.0	1.0
0.0	1.0
-2.26368982225722e-07	1.0
0.0	1.0
-1.994226659007836e-05	1.0
0.0	1.0
-2.1235342501313426e-05	0.8666666666666667
0.0	1.0
0.0	1.0
-5.587789564742707e-05	1.0
0.0	1.0
0.0	0.0
-6.210471474332735e-05	1.0
-0.0039865197613835335	0.0
0.0	1.0
0.0	0.0
-3.591262384361471e-06	1.0
0.0	1.0
-6.764099680367508e-07	1.0
-0.0003222633677069098	1.0
0.0	1.0
0.0	1.0
-3.6833619105891557e-06	1.0
-0.0003996926243416965	1.0
-0.0011342272628098726	1.0
-7.35665817046538e-05	1.0
0.0	1.0
-7.647268830623943e-06	0.1326530612244898
0.0	1.0
0.0	1.0
-0.00032601968268863857	1.0
0.0	1.0
0.0	1.0
0.0	1.0
0.0	0.025423728813559324
0.0	1.0
-0.00030506361508741975	1.0
-0.002172590931877494	0.0
0.0	1.0
0.0	1.0
0.0	0.20634920634920634
-0.00013519269123207778	0.05351170568561873
0.0	1.0
0.0	1.0
0.0	1.0
0.0	0.6260623229461756
0.0	1.0
0.0	0.3076923076923077
0.0	0.045454545454545456
0.0	1.0
-0.010216032154858112	0.0
0.0	1.0
0.0	1.0
-0.012362044304609299	0.0
-4.039502528030425e-05	1.0
0.0	1.0
0.0	1.0
0.0	1.0
-0.03075174055993557	0.0
0.0	1.0
0.0	1.0
-1.0790757869472145e-06	1.0
0.0	1.0
-6.004969691275619e-06	1.0
0.0	0.0
-0.00023374371812678874	1.0
-0.0004802421317435801	1.0
-3.092171518837006e-10	1.0
0.0	1.0
0.0	1.0
0.0	1.0
0.0	0.0
0.0	1.0
0.0	1.0
0.0	1.0
-0.013612342067062855	0.0
-0.00016474105359520763	1.0
-0.007814044132828712	0.0
-0.00034748046891763806	0.0
0.0	0.7515923566878981
-5.24592433066573e-05	1.0
0.0	1.0
-0.012444131076335907	0.0
0.0	0.0
0.0	1.0
0.0	1.0
-2.0342902189440792e-06	1.0
-4.176387164989137e-07	1.0
0.0	1.0
0.0	1.0
-0.008052746765315533	0.0
-0.00010175588977290317	1.0
-0.00031146881519816816	1.0
0.0	1.0
-2.7949899958912283e-06	1.0
0.0	1.0
-3.3830746537510947e-10	1.0
-3.731664977024707e-11	1.0
-0.0001946013217093423	0.0
0.0	1.0
0.0	1.0
0.0	1.0
0.0	0.0
0.0	1.0
-0.005674801301211119	0.15763546798029557
0.0	1.0
-0.0009941981406882405	0.4666666666666667
0.0	1.0
-0.00011224894842598587	1.0
-0.0005992528167553246	0.0
-0.00894470140337944	0.0
-0.0005837772041559219	1.0
-0.0010533019667491317	0.0
-0.0009698474896140397	1.0
0.0	0.25165562913907286
-0.00024308256979566067	1.0
0.0	1.0
-3.568834290490486e-05	1.0
0.0	1.0
0.0	1.0
-3.175532956706771e-14	1.0
-0.00019117470947094262	1.0
-1.8570445203293373e-14	1.0
0.0	0.0
0.0	1.0
0.0	1.0
0.0	1.0
0.0	1.0
0.0	0.045454545454545456
0.0	1.0
0.0	1.0
-7.428575532486548e-09	1.0
0.0	1.0
0.0	1.0
0.0	1.0
0.0	1.0
0.0	0.0
0.0	1.0
-2.891545818783925e-06	1.0
-7.360886229434982e-05	1.0
0.0	1.0
0.0	1.0
0.0	1.0
0.0	1.0
0.0	1.0
-1.7167727719424875e-06	1.0
0.0	1.0
0.0	0.0
-3.4638952683963e-07	1.0
0.0	0.0
0.0	1.0
-1.5838010902768929e-09	1.0
0.0	1.0
0.0	0.0
0.0	1.0
0.0	1.0
0.0	0.4166666666666667
-0.00023224057804327458	1.0
-0.0008484101272188127	1.0
0.0	1.0
0.0	1.0
0.0	1.0
-0.0006514494307339191	1.0
-2.3019714134875358e-08	1.0
0.0	1.0
0.0	1.0
0.0	0.5341614906832298
-0.00026101915864273906	1.0
0.0	1.0
0.0	1.0
0.0	1.0
-4.743852696265094e-05	1.0
0.0	1.0
0.0	1.0
-0.00041886360850185156	1.0
0.0	0.12931034482758622
0.0	1.0
0.0	0.5227272727272727
0.0	1.0
0.0	1.0
-9.754360507940874e-05	1.0
0.0	1.0
0.0	1.0
0.0	1.0
0.0	1.0
-3.0527618832820735e-07	0.0
0.0	1.0
-1.7344082152703777e-06	1.0
0.0	0.5225225225225225
0.0	1.0
0.0	1.0
-0.08284541219472885	0.0
0.0	1.0
0.0	1.0
-3.397090219674636e-21	1.0
0.0	0.0
0.0	0.0
-6.901995948283002e-05	1.0
-0.0001435749582014978	1.0
0.0	1.0
0.0	1.0
0.0	0.0
-3.745641095065366e-07	1.0
0.0	1.0
0.0	1.0
0.0	0.0
-0.0001520337536931038	0.0
0.0	1.0
-0.0447416752576828	1.0
0.0	0.006802721088435374
0.0	0.46153846153846156
-7.809907742739597e-08	1.0
0.0	1.0
0.0	1.0
-0.008054682053625584	0.0
0.0	1.0
0.0	0.0
0.0	0.0
0.0	1.0
-1.918135785672348e-05	1.0
-0.0013992340536788106	1.0
0.0	1.0
0.0	1.0
0.0	1.0
-1.3649760148837231e-06	0.0
0.0	1.0
0.0	1.0
0.0	1.0
0.0	1.0
0.0	1.0
0.0	1.0
0.0	1.0
-0.0010067622642964125	1.0
-4.259174602339044e-06	1.0
0.0	0.005555555555555556
0.0	1.0
-0.005687554832547903	0.0
0.0	1.0
0.0	1.0
0.0	1.0
-3.2082421967061237e-05	1.0
0.0	0.0
0.0	1.0
0.0	1.0
0.0	0.0
0.0	0.024390243902439025
-0.0008260196191258729	1.0
0.0	1.0
0.0	0.011764705882352941
-0.0008032818441279233	1.0
0.0	1.0
0.0	1.0
-0.01850276067852974	0.23076923076923078
0.0	0.0
0.0	1.0
-5.018702722736634e-06	1.0
-9.417915134690702e-05	1.0
0.0	1.0
-1.2891028688954975e-07	1.0
0.0	1.0
-0.0005377815687097609	1.0
0.0	1.0
-0.013086059130728245	0.5130434782608696
0.0	1.0
0.0	1.0
0.0	1.0
-0.00534207746386528	0.07142857142857142
0.0	1.0
0.0	1.0
-2.2786850877309917e-06	0.0
0.0	1.0
0.0	1.0
-0.0001378748711431399	0.0
0.0	0.0
0.0	1.0
0.0	1.0
0.0	1.0
0.0	1.0
0.0	1.0
-5.056734053709988e-08	0.0
-0.05102741718292236	0.0
-1.6553163959542871e-06	1.0
-9.095059067476541e-05	1.0
0.0	1.0
0.0	0.013157894736842105
-0.01336723193526268	0.030612244897959183
0.0	1.0
0.0	0.0
-4.664818334276788e-05	1.0
0.0	0.0
-0.000604162341915071	1.0
0.0	1.0
0.0	1.0
0.0	1.0
0.0	1.0
0.0	0.0
0.0	0.09580838323353294
0.0	1.0
0.0	1.0
0.0	1.0
-1.129514475906035e-05	0.9428172942817294
-1.9290589989395812e-05	0.0
-1.3645523821992356e-08	1.0
0.0	1.0
-0.000521878304425627	0.015873015873015872
0.0	0.0
0.0	0.0
0.0	1.0
0.0	1.0
-0.0006014877581037581	1.0
0.0	1.0
-0.0010792019311338663	1.0
0.0	1.0
-3.900508716014883e-08	1.0
-0.0003225559485144913	1.0
-1.3606120774056762e-05	1.0
0.0	1.0
-1.0221332331639132e-06	1.0
-1.1530966048667324e-06	1.0
-7.407723501273722e-08	1.0
0.0	0.0
0.0	1.0
0.0	1.0
0.0	1.0
0.0	1.0
0.0	1.0
0.0	1.0
0.0	1.0
-0.00016188299923669547	0.3132530120481928
-0.0009981408948078752	0.0
-6.554887477250304e-06	1.0
0.0	1.0
-1.3421013136394322e-05	1.0
-0.0001589388120919466	1.0
-3.811512578977272e-05	0.0847457627118644
0.0	0.0
0.0	1.0
0.0	1.0
-1.1930414338737205e-13	0.0
0.0	1.0
0.0	1.0
0.0	1.0
0.0	1.0
0.0	0.0
-3.4887897015778435e-08	1.0
-0.0012506044004112482	1.0
-0.00020381259673740715	1.0
0.0	1.0
0.0	0.0
-4.3153861042810604e-05	1.0
0.0	1.0
-0.0012374145444482565	1.0
0.0	1.0
-0.0018730399897322059	1.0
0.0	1.0
0.0	1.0
0.0	1.0
0.0	0.06349206349206349
0.0	0.0
0.0	1.0
0.0	0.0
0.0	1.0
0.0	1.0
-0.00534189073368907	0.0
0.0	1.0
-7.058706978568807e-05	1.0
-2.777548252197448e-05	1.0
0.0	1.0
0.0	0.0
-0.0003107652300968766	1.0
0.0	1.0
0.0	1.0
0.0	1.0
0.0	0.0
0.0	1.0
0.0	1.0
0.0	1.0
-4.6663350076414645e-05	0.0
0.0	1.0
0.0	1.0
0.0	1.0
0.0	0.28593272171253825
0.0	1.0
0.0	1.0
0.0	1.0
0.0	1.0
0.0	1.0
0.0	0.0375
0.0	1.0
0.0	0.0
-0.0009824661538004875	1.0
