0.0	1.0
0.0	1.0
0.0	1.0
-0.00012003666051896289	1.0
0.0	1.0
0.0	0.2911392405063291
0.0	1.0
0.0	1.0
0.0	1.0
-0.0005051873158663511	1.0
0.0	1.0
-1.1375329904694809e-06	1.0
0.0	0.0
0.0	1.0
-1.6640350963825767e-07	0.0
-8.694673306308687e-05	0.0
0.0	1.0
-1.255303232028382e-06	1.0
0.0	1.0
0.0	1.0
0.0	1.0
0.0	1.0
0.0	1.0
0.0	1.0
0.0	1.0
0.0	1.0
-0.0069023375399410725	0.0
-0.051735155284404755	0.0
-2.373496135987807e-05	1.0
0.0	1.0
0.0	1.0
-4.502028241404332e-05	1.0
-0.0013348001521080732	0.0
0.0	0.4652173913043478
-7.639894647581968e-06	1.0
0.0	1.0
0.0	1.0
-1.0181489429328394e-08	1.0
0.0	0.0
0.0	1.0
-0.0001345270429737866	1.0
0.0	1.0
-0.000149678933667019	1.0
0.0	1.0
0.0	1.0
0.0	1.0
0.0	0.026923076923076925
-0.0026945772115141153	0.0
-2.4681574359419756e-05	0.0
-0.00035231286892667413	1.0
0.0	0.0
0.0	1.0
0.0	0.0
-0.0011883281404152513	1.0
-2.9963018732814817e-06	1.0
0.0	1.0
-0.0001720618747640401	1.0
-0.001279131625778973	1.0
0.0	1.0
0.0	1.0
0.0	1.0
0.0	0.16532258064516128
-0.0014684101333841681	1.0
0.0	1.0
0.0	1.0
0.0	0.5142857142857142
-6.25862812739797e-05	1.0
-0.0017204853938892484	1.0
0.0	0.22281167108753316
-0.00016409465752076358	0.05555555555555555
-0.0027303332462906837	1.0
0.0	1.0
-3.476164238236379e-06	1.0
0.0	1.0
-0.0007883636862970889	1.0
-3.511094746500021e-06	0.02
0.0	0.0
-0.00018450611969456077	1.0
0.0	1.0
0.0	1.0
-0.00021333835320547223	1.0
0.0	1.0
0.0	0.0
-1.6247309275740918e-08	1.0
0.0	1.0
-2.0862408689481526e-07	1.0
-1.0713439735354768e-07	0.7333333333333333
-9.14179690880701e-05	1.0
0.0	1.0
0.0	1.0
0.0	1.0
0.0	0.04941860465116279
-0.0003078456793446094	1.0
-3.280216333223507e-06	1.0
0.0	0.0
0.0	1.0
-1.3187040167395025e-05	1.0
0.0	1.0
0.0	0.0
0.0	0.0
0.0	1.0
-1.3596418284578249e-05	1.0
-0.004062428139150143	0.0
0.0	1.0
0.0	1.0
0.0	1.0
0.0	1.0
-1.9624498293069337e-07	1.0
0.0	1.0
0.0	0.06719367588932806
0.0	1.0
0.0	1.0
-0.00409057829529047	0.0
-2.2992024241830222e-05	0.0
0.0	1.0
0.0	1.0
0.0	1.0
0.0	1.0
0.0	1.0
0.0	1.0
-0.010878846049308777	0.00684931506849315
0.0	0.30714285714285716
0.0	1.0
-1.796897231542971e-05	1.0
0.0	1.0
0.0	0.0
0.0	1.0
-0.0003599835908971727	1.0
0.0	1.0
0.0	1.0
0.0	1.0
-0.00424346886575222	0.0
0.0	1.0
0.0	1.0
0.0	0.0
-1.698978631392567e-11	0.0
-7.835385673615747e-08	1.0
0.0	1.0
-2.3740708456898574e-06	1.0
0.0	1.0
0.0	1.0
0.0	1.0
0.0	1.0
-2.2222700408747187e-06	1.0
0.0	1.0
0.0	1.0
-0.020597681403160095	0.0
-0.013188356533646584	0.0
0.0	1.0
0.0	1.0
0.0	0.9852941176470589
0.0	1.0
0.0	1.0
0.0	1.0
-0.00078781001502648	0.0
0.0	1.0
0.0	1.0
-0.00013193856284487993	1.0
0.0	0.0
-7.42350093787536e-05	1.0
-7.496406033169478e-05	0.0
-0.0031217883806675673	1.0
0.0	0.0
0.0	1.0
-4.12682879868953e-07	1.0
0.0	1.0
0.0	1.0
-0.0016986493719741702	0.0
0.0	1.0
-1.5241981543567817e-07	1.0
0.0	1.0
0.0	1.0
0.0	1.0
0.0	0.0
0.0	1.0
0.0	1.0
0.0	1.0
0.0	1.0
0.0	1.0
-9.368635801365599e-05	1.0
0.0	1.0
0.0	1.0
0.0	0.0
-0.010048513300716877	0.0
-4.53307649195267e-08	1.0
-1.516961489755886e-08	1.0
0.0	1.0
0.0	0.0
0.0	1.0
-2.8869512789242435e-06	0.0
-1.7969976397580467e-05	1.0
0.0	1.0
-0.0011894975323230028	1.0
0.0	0.0
0.0	1.0
0.0	1.0
-7.336585986195132e-05	0.49101796407185627
-0.0005520543199963868	1.0
-0.00019945930398534983	1.0
-0.0010698363184928894	1.0
-0.008155442774295807	1.0
-0.0007932105218060315	1.0
-8.226859790738672e-05	1.0
0.0	1.0
0.0	1.0
0.0	1.0
-0.008485665544867516	0.034482758620689655
-2.265491960695698e-10	1.0
-8.097562385955825e-06	1.0
-0.025701608508825302	0.0
0.0	1.0
0.0	1.0
0.0	1.0
0.0	0.0
0.0	1.0
0.0	1.0
-1.2158043318777345e-06	1.0
0.0	1.0
0.0	1.0
-0.00046457513235509396	0.4375
-5.6553548347437754e-05	1.0
0.0	0.017543859649122806
-2.3117411131899537e-16	1.0
0.0	1.0
0.0	1.0
0.0	1.0
-9.614929695089813e-06	0.0
0.0	1.0
0.0	0.0
-5.9723961385316215e-06	1.0
0.0	0.0
-0.0197281651198864	0.0
-0.0012187345419079065	1.0
-0.012514450587332249	0.0
0.0	0.5238095238095238
0.0	1.0
0.0	1.0
-9.057053102878854e-05	1.0
0.0	1.0
-0.010901394300162792	0.020689655172413793
-9.277400386054069e-05	1.0
-6.166996172396466e-05	1.0
-3.6709309370053234e-08	1.0
0.0	1.0
0.0	1.0
0.0	1.0
-1.4351089489949426e-14	1.0
-3.265840859967284e-06	1.0
-2.6135498387876155e-13	1.0
0.0	1.0
0.0	0.0
0.0	1.0
-0.05421879515051842	0.0
0.0	0.16374269005847952
-3.101595939369872e-05	1.0
0.0	1.0
-0.0008342317887581885	1.0
0.0	0.0
0.0	1.0
-0.00029192937654443085	0.0
0.0	1.0
-0.0013936051400378346	1.0
-2.7151431822858285e-06	1.0
0.0	0.0
0.0	1.0
-0.014947628602385521	0.0
0.0	1.0
0.0	1.0
-2.9445800464600325e-08	1.0
0.0	0.0
-4.0770668420009315e-05	1.0
0.0	1.0
-0.0011320064077153802	1.0
-2.2195695237314794e-07	1.0
-0.0023611991200596094	1.0
0.0	1.0
0.0	1.0
0.0	1.0
0.0	1.0
0.0	1.0
-0.0002896748192142695	1.0
-0.0013770896475762129	1.0
0.0	0.9307692307692308
0.0	1.0
0.0	1.0
0.0	1.0
0.0	0.0
0.0	0.0
0.0	1.0
-1.7788797990192506e-08	1.0
0.0	1.0
0.0	1.0
0.0	1.0
-1.2374726243713496e-10	1.0
0.0	1.0
0.0	1.0
0.0	1.0
0.0	0.0
0.0	1.0
0.0	0.0
-0.060052208602428436	0.0
0.0	1.0
-0.08443066477775574	0.0
-0.007824653759598732	0.0
0.0	1.0
0.0	1.0
-9.478753781877458e-06	1.0
0.0	0.0
0.0	1.0
0.0	0.0
-5.125939278073643e-13	1.0
-0.002434768481180072	1.0
0.0	1.0
0.0	1.0
0.0	0.7615384615384615
0.0	1.0
-3.7133597174943134e-07	1.0
-3.5061069070252415e-07	1.0
0.0	1.0
0.0	0.0
0.0	1.0
-0.030274929478764534	0.19230769230769232
0.0	1.0
0.0	1.0
-0.0006769697065465152	1.0
-6.201367341418518e-06	1.0
-0.0011327476240694523	0.0
0.0	1.0
-6.51632362860255e-05	0.04
-9.778133062354755e-06	1.0
0.0	1.0
-2.503241557860747e-05	1.0
-0.0013294658856466413	1.0
0.0	1.0
0.0	1.0
-0.030836965888738632	0.0
-0.0005447221919894218	1.0
-1.4791161447647028e-05	1.0
-1.9186552435712656e-06	1.0
-0.00015663205704186112	1.0
0.0	1.0
0.0	1.0
0.0	1.0
0.0	1.0
-0.010012384504079819	0.0
0.0	1.0
0.0	1.0
0.0	1.0
0.0	1.0
-0.05604735389351845	0.0
0.0	1.0
-1.7909216694533825e-05	1.0
0.0	1.0
0.0	1.0
0.0	1.0
-5.672882996687889e-11	0.0
0.0	0.0
0.0	1.0
0.0	1.0
0.0	1.0
-3.5895498058380326e-06	1.0
0.0	0.25084745762711863
-5.495967343449593e-06	1.0
0.0	0.0
0.0	1.0
0.0	1.0
0.0	0.07142857142857142
0.0	1.0
-0.0016196162905544043	1.0
-0.0024222885258495808	0.0
-1.1294840078335255e-05	1.0
0.0	0.0
-1.9345879991305992e-05	1.0
-6.5499630181875546e-06	1.0
-3.397309046704322e-05	1.0
-0.007589335553348064	0.3104325699745547
0.0	0.0
-6.432187404925571e-08	1.0
0.0	1.0
0.0	0.0
-3.1575959269503073e-07	1.0
0.0	1.0
0.0	1.0
0.0	1.0
0.0	1.0
-2.269903461638023e-06	1.0
-0.03762996941804886	0.7
-0.024644702672958374	0.0
-0.0049880556762218475	0.0
0.0	1.0
0.0	0.0
0.0	0.11834319526627218
0.0	1.0
0.0	0.10926365795724466
0.0	1.0
0.0	0.0
0.0	1.0
0.0	1.0
-0.0011098247487097979	1.0
-0.0002502865681890398	1.0
0.0	1.0
0.0	1.0
-0.0006432048394344747	0.0
0.0	1.0
0.0	0.0
0.0	1.0
0.0	1.0
-0.00021251669386401772	1.0
0.0	1.0
0.0	1.0
0.0	1.0
0.0	1.0
-0.00323899881914258	0.0
0.0	0.0
-5.377361594582908e-05	1.0
0.0	1.0
-2.025689354923088e-06	0.05442176870748299
-1.2950041536896606e-06	1.0
0.0	0.2
-0.00030921530560590327	1.0
0.0	0.8156028368794326
-3.6115710599915474e-07	1.0
0.0	1.0
-0.015094251371920109	0.0
-0.0015387601451948285	1.0
0.0	0.0
0.0	1.0
0.0	1.0
-0.0008210240630432963	1.0
0.0	0.22285714285714286
0.0	1.0
0.0	1.0
0.0	1.0
0.0	1.0
0.0	1.0
0.0	1.0
0.0	1.0
-1.6162081010406837e-05	1.0
0.0	1.0
-0.00030593376141041517	1.0
-0.0006235525943338871	1.0
0.0	1.0
-4.39180621469859e-06	0.0070921985815602835
-1.8679482309380546e-05	1.0
0.0	0.15463917525773196
0.0	1.0
-0.0008215549169108272	1.0
0.0	0.0
0.0	1.0
-0.019783129915595055	0.18181818181818182
0.0	1.0
0.0	1.0
0.0	1.0
-0.0008927297894842923	1.0
0.0	1.0
0.0	1.0
0.0	1.0
-5.6419212342007086e-05	1.0
-2.178315753553761e-06	1.0
0.0	1.0
-2.038000639004167e-05	1.0
0.0	1.0
0.0	1.0
0.0	1.0
-0.001940153306350112	0.0
0.0	1.0
-0.005337635055184364	0.0
-1.1374349924153648e-05	1.0
-3.463142638793215e-05	1.0
0.0	1.0
0.0	1.0
0.0	1.0
0.0	1.0
-5.59366480956669e-06	0.0
0.0	1.0
-2.700029654079117e-06	1.0
0.0	1.0
-0.00699443556368351	0.0
0.0	1.0
0.0	1.0
0.0	1.0
0.0	1.0
0.0	0.0
-3.6420173273654655e-05	1.0
0.0	1.0
0.0	1.0
0.0	0.0
-3.519800884532742e-06	1.0
0.0	1.0
0.0	0.0
0.0	1.0
-0.000729082734324038	1.0
0.0	1.0
-0.0002519715635571629	1.0
0.0	1.0
0.0	0.07142857142857142
0.0	0.0
0.0	1.0
-2.4680596197868e-06	1.0
-3.3209809771506116e-05	0.012048192771084338
0.0	1.0
0.0	1.0
0.0	0.16666666666666666
0.0	0.0
0.0	1.0
-2.014191159105394e-05	0.9107981220657277
0.0	1.0
0.0	1.0
-0.0009235996985808015	1.0
0.0	1.0
-0.0029782576020807028	1.0
0.0	1.0
-1.1157739209011197e-05	1.0
0.0	1.0
0.0	0.0
0.0	1.0
0.0	1.0
0.0	1.0
0.0	1.0
0.0	1.0
0.0	0.2127659574468085
-3.113965431111865e-05	1.0
-1.217950625687081e-06	1.0
0.0	1.0
0.0	1.0
-0.0013181298272684216	0.21081081081081082
0.0	1.0
0.0	1.0
0.0	1.0
-0.0002922050771303475	0.1641025641025641
0.0	1.0
0.0	1.0
0.0	0.0
-0.00027222640346735716	0.0
