-0.00030883229919709265	1.0
0.0	1.0
0.0	1.0
0.0	0.0
-0.0022632929030805826	1.0
0.0	0.0
-2.387934182479512e-05	1.0
0.0	1.0
-0.0019220326794311404	0.0
-0.014248518273234367	0.0
-0.0005047648446634412	0.006872852233676976
-0.0011960751144215465	1.0
0.0	1.0
0.0	1.0
0.0	0.0
0.0	1.0
-2.2610133765255114e-09	1.0
-3.2885476684896275e-05	1.0
0.0	1.0
-6.0893198678968474e-06	1.0
0.0	0.0
0.0	1.0
0.0	0.0
0.0	1.0
-0.0006178747280500829	1.0
0.0	0.07216494845360824
0.0	1.0
-2.9890721009451227e-08	1.0
0.0	1.0
0.0	1.0
0.0	1.0
0.0	1.0
0.0	1.0
0.0	1.0
0.0	1.0
0.0	1.0
0.0	1.0
-3.696851047507721e-09	1.0
0.0	0.0
0.0	0.0
0.0	0.0
0.0	1.0
-0.00031802745070308447	1.0
0.0	1.0
0.0	1.0
0.0	0.4626865671641791
0.0	1.0
0.0	0.0
-0.00018138372979592532	1.0
-3.567273409998961e-08	0.0
-6.384419066307601e-06	1.0
-0.0020451447926461697	0.0
0.0	1.0
0.0	1.0
-9.35014850256266e-06	1.0
0.0	0.7825112107623319
-5.700376558585504e-14	1.0
0.0	0.0
-0.0004959120415151119	1.0
-0.00020489218877628446	1.0
0.0	1.0
0.0	0.0
-2.8053997084498405e-05	1.0
0.0	1.0
0.0	1.0
-1.2732290088024456e-05	1.0
0.0	0.0
-7.117673703760374e-07	1.0
0.0	1.0
-1.4374928468896542e-05	1.0
0.0	1.0
-2.42654596149805e-06	1.0
0.0	1.0
0.0	1.0
-6.9656430241593625e-06	0.0
0.0	1.0
0.0	1.0
0.0	1.0
0.0	1.0
-0.0011213812977075577	1.0
0.0	1.0
0.0	1.0
0.0	0.0
0.0	0.08597285067873303
0.0	1.0
0.0	1.0
0.0	1.0
0.0	0.0
-4.752658242068719e-06	1.0
0.0	1.0
0.0	0.0
0.0	1.0
0.0	1.0
0.0	1.0
0.0	1.0
0.0	1.0
0.0	1.0
-8.88294744072482e-05	0.4375
-0.0002621810417622328	1.0
-6.866944772809802e-07	0.0
0.0	1.0
0.0	1.0
0.0	1.0
0.0	0.0
-0.0003491395618766546	1.0
0.0	1.0
0.0	1.0
0.0	1.0
-3.592026769183576e-05	0.0
-0.0003251865564379841	0.015625
0.0	0.0
0.0	1.0
0.0	1.0
0.0	1.0
0.0	0.0
0.0	1.0
0.0	1.0
0.0	0.8977777777777778
-0.0003180236089974642	1.0
0.0	0.0
-1.7937513803190086e-06	1.0
0.0	1.0
-5.7886132708517835e-05	1.0
-2.675465111678932e-05	1.0
0.0	1.0
0.0	1.0
-0.00016109611897263676	1.0
-0.0005251941620372236	0.0
0.0	1.0
-0.005326172336935997	0.38305084745762713
0.0	0.0
0.0	1.0
0.0	1.0
-1.0774268048407976e-05	1.0
0.0	0.6836734693877551
0.0	1.0
0.0	1.0
0.0	1.0
0.0	1.0
0.0	1.0
-0.0014246504288166761	1.0
0.0	1.0
0.0	0.0
-0.0014795152237638831	1.0
0.0	1.0
0.0	0.0
-8.787769911577925e-05	1.0
-2.6116142137766474e-08	1.0
-3.4904150680858947e-09	1.0
0.0	1.0
0.0	1.0
0.0	1.0
0.0	1.0
-0.0003816241805907339	1.0
-0.0008966067107394338	1.0
0.0	1.0
0.0	0.7209302325581395
0.0	0.5783132530120482
0.0	1.0
0.0	1.0
0.0	1.0
0.0	1.0
0.0	1.0
0.0	1.0
0.0	1.0
0.0	1.0
-0.01241154782474041	0.0
-1.1901307516382076e-05	0.0
0.0	1.0
0.0	1.0
0.0	1.0
0.0	1.0
-0.00015717379574198276	1.0
-5.019328818889335e-05	1.0
0.0	0.0
0.0	0.0
0.0	0.043478260869565216
-2.421948465780588e-06	0.0
-3.923372332792496e-06	0.0
0.0	1.0
0.0	0.0
-0.0018121987814083695	1.0
0.0	0.0
0.0	1.0
-2.5758303308975883e-05	1.0
0.0	1.0
-0.00015270635776687413	1.0
-9.494497498963028e-05	0.0
-3.706795936864182e-08	0.0
-0.00019723908917512745	0.0
-0.009396533481776714	0.0
0.0	0.0
-0.016329120844602585	0.0
-1.7214197214343585e-06	1.0
-0.002101100981235504	1.0
0.0	1.0
-0.024112172424793243	0.0
0.0	1.0
0.0	1.0
-1.1015343943654443e-06	1.0
0.0	1.0
-0.00010743314487626776	1.0
-1.0998287507391069e-05	0.0
0.0	1.0
-1.0144679436052684e-05	0.0
0.0	1.0
-0.00048601164598949254	1.0
0.0	1.0
0.0	0.8308823529411765
0.0	1.0
-2.8056449536961736e-06	1.0
0.0	0.0
-6.436694377498497e-08	1.0
0.0	1.0
-0.0032097098883241415	0.8458646616541353
-4.048989649163559e-05	1.0
0.0	1.0
0.0	1.0
0.0	1.0
0.0	1.0
0.0	0.0
0.0	0.0
-0.00020851829322054982	1.0
0.0	1.0
-1.8297816495760344e-05	1.0
-2.558122333753965e-12	1.0
-0.0044113812036812305	1.0
-3.069388185394928e-05	1.0
-0.0004144274571444839	0.0
0.0	1.0
0.0	1.0
0.0	1.0
0.0	1.0
0.0	0.0
0.0	0.0
-1.5149136743275449e-05	0.0
-0.00033961355802603066	0.0
0.0	1.0
0.0	1.0
-0.00023908262664917856	1.0
-1.9545215764082968e-05	1.0
0.0	1.0
-7.807886868249625e-05	1.0
0.0	1.0
-0.00045618260628543794	1.0
0.0	0.0
-7.653418372145782e-14	1.0
-2.2948355763219297e-05	0.0
0.0	1.0
-9.845926979323849e-05	0.0
-0.006483106408268213	0.5192307692307693
0.0	1.0
-3.175734661908791e-07	1.0
0.0	1.0
-6.872071389807388e-05	0.0
-3.414104909893467e-08	1.0
0.0	1.0
0.0	1.0
-3.899835732124046e-10	1.0
-6.478458658421005e-07	0.09859154929577464
-2.1615836885757744e-05	1.0
0.0	1.0
0.0	1.0
-1.6495359886903316e-06	1.0
-0.006432218477129936	0.0
-8.004326446098275e-06	1.0
0.0	1.0
-1.1220317901461385e-06	1.0
-6.306510476861149e-05	0.0
-0.05918453633785248	0.0
-0.0002711824781727046	0.0
0.0	1.0
-8.202027674997225e-05	1.0
0.0	1.0
0.0	0.398576512455516
-2.775780330921407e-06	1.0
-7.340321239723835e-09	1.0
0.0	1.0
0.0	1.0
0.0	1.0
0.0	0.0
-0.006450278218835592	0.0
0.0	1.0
0.0	1.0
0.0	0.0
0.0	1.0
-0.00022899814939592034	1.0
0.0	1.0
-6.519067063948114e-09	1.0
-1.0873088285734411e-05	1.0
0.0	1.0
0.0	1.0
-3.937782457796857e-05	1.0
0.0	1.0
0.0	1.0
-0.005433154292404652	0.04608294930875576
0.0	0.0
-3.594760045189105e-09	1.0
0.0	0.0
0.0	1.0
-0.0005647228681482375	0.32592592592592595
0.0	1.0
0.0	1.0
0.0	0.0
-2.17877168324776e-05	1.0
-0.00014903991541359574	1.0
-4.512380087362544e-07	1.0
0.0	0.6986301369863014
0.0	1.0
-6.049742182767659e-07	1.0
-0.001386549323797226	1.0
0.0	1.0
0.0	1.0
0.0	1.0
0.0	1.0
0.0	0.23376623376623376
-0.00037785532185807824	1.0
0.0	0.037037037037037035
0.0	0.0
0.0	1.0
-0.00012346742732916027	1.0
-0.0008713226998224854	1.0
0.0	0.8241758241758241
0.0	1.0
-2.0459865481825545e-05	0.0
-2.4218686576205073e-06	1.0
0.0	1.0
-0.00485137989744544	0.0
0.0	1.0
0.0	1.0
0.0	0.0
0.0	1.0
0.0	1.0
0.0	1.0
-0.002724273828789592	1.0
0.0	1.0
0.0	1.0
0.0	1.0
0.0	1.0
0.0	1.0
0.0	1.0
0.0	0.5376884422110553
0.0	0.07407407407407407
0.0	1.0
0.0	1.0
0.0	1.0
-5.3087962442077696e-05	1.0
-0.00018451473442837596	0.0989010989010989
0.0	1.0
0.0	1.0
0.0	1.0
0.0	1.0
0.0	1.0
-9.232107345269469e-07	1.0
-0.0001991604221984744	1.0
-1.5394780916722084e-07	0.0
0.0	1.0
-4.1190105548594147e-07	1.0
0.0	1.0
-1.233602233696729e-06	1.0
-2.3096383301890455e-05	0.4
-2.0143610527156852e-05	1.0
0.0	1.0
0.0	1.0
-2.3233498723129742e-05	1.0
0.0	1.0
0.0	1.0
0.0	1.0
-0.0003696988569572568	1.0
-1.6896296074264683e-05	0.0
-0.0011423316318541765	1.0
0.0	1.0
-1.4062435411688057e-06	0.0
-9.59539829636924e-05	1.0
0.0	1.0
0.0	1.0
-0.0015466324985027313	0.0
0.0	1.0
0.0	1.0
0.0	1.0
0.0	1.0
-0.00020858935022260994	0.0
0.0	1.0
-7.379080670943949e-06	1.0
-0.0007083340315148234	0.0
-3.79149369678089e-08	1.0
0.0	1.0
0.0	0.0
0.0	1.0
0.0	1.0
0.0	1.0
0.0	1.0
0.0	1.0
-0.0008561158902011812	1.0
0.0	0.2601626016260163
0.0	1.0
0.0	1.0
0.0	1.0
0.0	1.0
0.0	1.0
-1.8246162653667852e-05	1.0
0.0	0.0
0.0	1.0
0.0	1.0
0.0	1.0
0.0	1.0
-0.014453714713454247	0.0
-8.437002207983824e-09	1.0
-3.1425004265450696e-10	1.0
0.0	1.0
0.0	1.0
-0.000620311766397208	1.0
0.0	1.0
-3.0331872039823793e-05	0.0
0.0	1.0
0.0	1.0
0.0	1.0
0.0	0.1111111111111111
0.0	1.0
-2.205575277969274e-09	1.0
0.0	1.0
0.0	1.0
0.0	1.0
0.0	1.0
-1.4542830939490159e-08	0.0
0.0	1.0
0.0	1.0
0.0	1.0
0.0	1.0
0.0	1.0
0.0	0.6994219653179191
-0.001942213624715805	1.0
0.0	1.0
0.0	1.0
0.0	1.0
0.0	0.0
0.0	1.0
0.0	1.0
-8.306684229353323e-10	1.0
-6.518631562357768e-05	1.0
0.0	1.0
-3.371917500771815e-06	1.0
0.0	1.0
0.0	0.3449367088607595
0.0	1.0
-0.0005289342952892184	1.0
-0.000714327150490135	1.0
-0.0004821670881938189	1.0
0.0	1.0
-2.64904770119756e-07	1.0
0.0	1.0
0.0	1.0
-7.353031605816795e-08	0.0
0.0	1.0
-0.004184007178992033	0.2
0.0	1.0
0.0	1.0
0.0	1.0
0.0	0.48923076923076925
0.0	1.0
0.0	0.0
-2.0251232513146533e-07	0.0
-5.2240768127376214e-05	1.0
0.0	1.0
-3.8134845281589946e-10	1.0
-3.714208105520811e-06	1.0
0.0	1.0
0.0	0.0
0.0	1.0
0.0	0.8302583025830258
-0.0022851862013339996	0.0
0.0	1.0
0.0	1.0
-0.0012858069967478514	1.0
-0.0016409886302426457	1.0
-0.0008481235709041357	0.0
0.0	1.0
0.0	1.0
0.0	1.0
0.0	1.0
0.0	1.0
0.0	1.0
-0.0009232087177224457	0.0
-0.00021376009681262076	1.0
0.0	0.0
-0.00011441574315540493	1.0
0.0	1.0
0.0	1.0
0.0	1.0
-9.49913555814419e-06	1.0
0.0	1.0
-2.334763848921284e-06	1.0
0.0	0.0
-0.0028307365719228983	0.0
0.0	1.0
0.0	0.8092485549132948
