0.0	1.0
-9.551589380540904e-11	0.0
-1.08402509795269e-05	1.0
0.0	1.0
0.0	1.0
-1.1138635045426781e-06	1.0
0.0	1.0
-1.0078591913043056e-05	1.0
0.0	0.0
0.0	1.0
0.0	0.0
-0.0015223989030346274	0.0
-0.010338894091546535	0.02702702702702703
0.0	1.0
-6.426492745958967e-06	1.0
-3.382759482549241e-15	1.0
0.0	1.0
0.0	1.0
0.0	1.0
0.0	1.0
0.0	1.0
-0.00014524314610753208	1.0
-3.072952677030116e-05	0.0
0.0	1.0
0.0	1.0
-0.0004879514453932643	1.0
0.0	1.0
0.0	1.0
-0.00037530207191593945	1.0
-0.13334304094314575	0.0
0.0	1.0
0.0	1.0
0.0	1.0
0.0	1.0
0.0	1.0
-0.00019664085994008929	1.0
-8.471447154878575e-11	1.0
-1.4505114886986803e-09	1.0
-0.0008486827136948705	1.0
0.0	1.0
-2.443897244575055e-07	0.0
0.0	1.0
0.0	1.0
-8.21622452349402e-05	0.0
0.0	1.0
-0.0008701914339326322	1.0
0.0	1.0
0.0	1.0
0.0	0.0
-0.000730461033526808	1.0
0.0	1.0
0.0	0.189873417721519
0.0	1.0
-4.863218782702461e-05	0.0
0.0	1.0
-0.000547371688298881	1.0
-3.4864151530200616e-05	1.0
-7.998410467280337e-08	1.0
0.0	1.0
-6.520084525618586e-07	1.0
0.0	1.0
-0.0005817151977680624	1.0
0.0	1.0
-1.4744049394721515e-06	1.0
-0.0001265175815206021	0.0
-0.00020631105871871114	1.0
0.0	1.0
0.0	1.0
0.0	1.0
0.0	1.0
0.0	1.0
-0.006101491395384073	0.0
-0.00011116611131001264	1.0
-1.562132112553627e-08	0.0
0.0	1.0
-1.6953265458141686e-06	0.7616033755274262
-0.005253931041806936	1.0
0.0	0.6610526315789473
0.0	1.0
0.0	1.0
0.0	0.21875
0.0	1.0
-0.002024594694375992	1.0
-0.0003402196743991226	1.0
0.0	1.0
0.0	1.0
-0.010674181394279003	0.0
0.0	1.0
0.0	1.0
0.0	0.06756756756756757
0.0	1.0
0.0	1.0
0.0	1.0
0.0	1.0
-0.028336793184280396	0.0038461538461538464
0.0	1.0
-0.0004936892073601484	1.0
0.0	1.0
0.0	1.0
0.0	1.0
-0.0027202488854527473	1.0
-0.0031432881951332092	0.0
-0.0024140351451933384	1.0
0.0	1.0
0.0	1.0
0.0	1.0
-0.004741373471915722	1.0
-0.00035014640889130533	1.0
0.0	0.987146529562982
0.0	1.0
-2.1842254227522062e-06	1.0
-0.0009660829091444612	1.0
-6.188674160512164e-05	1.0
0.0	0.0
-0.00020124480943195522	1.0
0.0	1.0
0.0	1.0
0.0	1.0
0.0	1.0
-2.11509941436816e-05	1.0
-1.1909884051419795e-05	1.0
0.0	1.0
0.0	1.0
-0.0008644267218187451	1.0
0.0	1.0
0.0	0.0
0.0	1.0
-8.364726818399504e-05	1.0
0.0	1.0
0.0	1.0
-0.00019388148211874068	0.0
-0.0014251071261242032	1.0
-0.0007601832039654255	0.0
0.0	1.0
0.0	0.0
0.0	1.0
0.0	1.0
-0.000360725010978058	1.0
0.0	1.0
0.0	1.0
0.0	1.0
0.0	1.0
-0.00024408764147665352	0.11396011396011396
-1.2350534234428778e-05	1.0
0.0	1.0
0.0	1.0
0.0	1.0
0.0	1.0
0.0	0.0
0.0	1.0
0.0	1.0
-7.579026382181775e-13	1.0
0.0	1.0
-2.746297286648769e-05	1.0
0.0	1.0
0.0	1.0
0.0	1.0
-0.0009213184239342809	1.0
-0.0003222624945919961	1.0
0.0	1.0
-8.602216257713735e-05	1.0
-8.685500688443426e-06	1.0
0.0	1.0
0.0	1.0
-0.0006538910674862564	1.0
0.0	0.17843866171003717
-0.0013555326731875539	1.0
-0.003917064517736435	1.0
0.0	1.0
0.0	1.0
0.0	1.0
0.0	0.0
-0.014316498301923275	0.10869565217391304
-0.0007185758440755308	1.0
0.0	1.0
0.0	1.0
0.0	0.0
-3.20447099966259e-08	1.0
0.0	1.0
0.0	1.0
-0.00122303597163409	1.0
-9.493706602370366e-05	1.0
-0.017634045332670212	0.0
-0.000622269231826067	1.0
0.0	1.0
0.0	0.29508196721311475
-7.802589607308619e-06	1.0
-0.0011853062314912677	1.0
-3.939491788340632e-10	1.0
0.0	0.0
0.0	1.0
0.0	0.0
0.0	1.0
0.0	1.0
0.0	1.0
0.0	1.0
0.0	1.0
0.0	1.0
-0.0023217510897666216	1.0
-2.4359158246056722e-08	1.0
0.0	1.0
-4.0680529167502755e-08	1.0
-0.0010084694949910045	1.0
-5.088405696795917e-09	1.0
-1.0629836424413952e-06	1.0
-0.0036866229493170977	0.0
0.0	0.05405405405405406
-8.724480267119361e-07	0.0
-2.97605834020942e-06	1.0
0.0	1.0
0.0	1.0
-0.0007815022254362702	1.0
-0.00032786178053356707	1.0
0.0	1.0
0.0	1.0
-8.327481191372499e-05	1.0
0.0	1.0
-6.316655344562605e-05	1.0
-1.0170269888476469e-05	1.0
0.0	1.0
-3.635804262103193e-07	1.0
0.0	0.0
-0.00011347298277541995	0.0
0.0	1.0
0.0	1.0
-0.0006936559220775962	0.6646216768916156
0.0	1.0
-0.0015415676170960069	1.0
0.0	1.0
0.0	1.0
-0.0008176171104423702	0.0
0.0	1.0
0.0	1.0
-0.12049022316932678	0.0
0.0	1.0
-0.000615367665886879	0.0
0.0	1.0
0.0	1.0
0.0	0.0
-0.00046118555474095047	1.0
0.0	1.0
0.0	0.0
0.0	1.0
-0.08650927990674973	0.0
0.0	1.0
0.0	0.21052631578947367
0.0	1.0
0.0	1.0
0.0	1.0
0.0	1.0
-7.214626899371135e-12	1.0
0.0	1.0
0.0	1.0
0.0	1.0
0.0	1.0
-0.0020307861268520355	1.0
-0.007738747168332338	0.0
0.0	1.0
0.0	0.0
0.0	1.0
0.0	1.0
-1.295645118970512e-10	1.0
-0.0002842618268914521	1.0
0.0	1.0
0.0	1.0
0.0	0.0
0.0	1.0
0.0	1.0
0.0	1.0
0.0	1.0
-0.0063249594531953335	0.0
0.0	1.0
0.0	1.0
-0.000576190825086087	0.0
-3.9029426261549816e-05	0.007194244604316547
-0.003461180254817009	0.0
-1.2756456158058427e-07	1.0
0.0	1.0
-0.0006604345981031656	0.0
-0.0001306746416958049	1.0
0.0	1.0
0.0	1.0
-0.0003733570920303464	1.0
0.0	1.0
0.0	1.0
0.0	1.0
0.0	1.0
-5.209937171457568e-06	0.06349206349206349
-0.009503125213086605	0.0
0.0	1.0
-4.012935050923261e-08	1.0
0.0	1.0
0.0	1.0
-0.00012580264592543244	0.0
0.0	1.0
-0.0005704601062461734	1.0
0.0	1.0
-0.025360168889164925	0.20588235294117646
0.0	1.0
0.0	1.0
0.0	1.0
0.0	1.0
0.0	1.0
0.0	1.0
0.0	1.0
0.0	1.0
0.0	1.0
0.0	1.0
0.0	1.0
0.0	1.0
0.0	1.0
0.0	1.0
0.0	1.0
-0.0001423689245712012	1.0
0.0	1.0
0.0	0.0
0.0	1.0
-0.00010636879596859217	1.0
-0.0019720245618373156	1.0
-0.00048277387395501137	1.0
0.0	0.0
0.0	1.0
-0.000152593944221735	1.0
0.0	1.0
-0.00035908143036067486	0.0
0.0	1.0
0.0	1.0
0.0	1.0
0.0	1.0
0.0	1.0
-0.008277545683085918	0.014035087719298246
0.0	1.0
0.0	1.0
0.0	1.0
0.0	1.0
0.0	0.0
-0.00032137130619958043	1.0
0.0	1.0
0.0	1.0
-0.04110344871878624	0.0
0.0	1.0
0.0	0.0
-0.000762749055866152	0.047244094488188976
0.0	1.0
0.0	1.0
0.0	1.0
0.0	1.0
0.0	1.0
0.0	1.0
-5.691255910988957e-09	1.0
0.0	1.0
0.0	1.0
0.0	1.0
0.0	0.0
0.0	1.0
0.0	1.0
-0.0009214028832502663	0.0
-6.641192157985643e-05	1.0
0.0	0.33620689655172414
0.0	1.0
-4.590079333866015e-05	1.0
0.0	0.0
0.0	1.0
0.0	1.0
-9.149891297965951e-07	1.0
0.0	0.0
0.0	1.0
0.0	1.0
0.0	1.0
0.0	1.0
-0.0011892076581716537	1.0
0.0	1.0
0.0	1.0
0.0	1.0
0.0	0.0
-2.3912718461360782e-05	1.0
0.0	1.0
-2.4236601348093245e-06	0.24719101123595505
0.0	1.0
0.0	1.0
-0.00010609773744363338	1.0
-0.0002636717399582267	1.0
0.0	1.0
0.0	1.0
0.0	0.0
-8.215787966037169e-05	0.8157894736842105
0.0	1.0
0.0	0.42063492063492064
0.0	1.0
0.0	1.0
0.0	0.0
-1.0116640858370829e-08	0.918918918918919
-0.0025992761366069317	1.0
-4.137669748160988e-05	1.0
0.0	1.0
-1.4458998975896975e-07	1.0
0.0	1.0
0.0	1.0
0.0	1.0
0.0	1.0
-0.0012837040703743696	0.0
0.0	1.0
0.0	1.0
-0.058976493775844574	0.0
0.0	1.0
0.0	1.0
0.0	1.0
0.0	1.0
0.0	1.0
0.0	1.0
-1.5519297448918223e-05	1.0
-0.00018444763554725796	0.22777777777777777
0.0	1.0
0.0	1.0
0.0	1.0
0.0	1.0
0.0	1.0
-0.00044791807886213064	1.0
0.0	1.0
0.0	0.7560975609756098
0.0	0.6479481641468683
0.0	1.0
0.0	1.0
-9.782149390957784e-06	1.0
-0.0003349746984895319	1.0
0.0	1.0
0.0	0.0
-0.0038372245617210865	0.0
0.0	1.0
-2.087645725623588e-06	0.7007874015748031
0.0	1.0
-0.0010221642442047596	0.0
0.0	1.0
0.0	0.1368421052631579
-3.442326601543755e-07	0.0
-4.693253231380368e-06	1.0
0.0	1.0
0.0	0.0
-0.002624414162710309	0.0
0.0	1.0
-1.4032509170647245e-05	1.0
0.0	0.06382978723404255
0.0	1.0
0.0	0.0
0.0	1.0
0.0	1.0
0.0	1.0
0.0	0.30708661417322836
0.0	0.0
0.0	1.0
0.0	0.0
0.0	1.0
-0.00010972705786116421	1.0
0.0	1.0
0.0	1.0
-1.9623410480562598e-05	1.0
-3.520447577898267e-08	0.0
0.0	1.0
0.0	1.0
0.0	1.0
0.0	0.018292682926829267
0.0	1.0
-8.246864240391005e-07	1.0
0.0	1.0
-0.00037956444430164993	0.0
-0.0011917148949578404	1.0
0.0	0.05649717514124294
-4.604170499078464e-06	1.0
0.0	1.0
-7.013099821051583e-05	1.0
0.0	1.0
0.0	1.0
0.0	1.0
0.0	0.0
0.0	1.0
0.0	1.0
-1.0007105402110028e-06	0.0
0.0	1.0
-0.0002974805829580873	1.0
-0.00012597403838299215	1.0
0.0	1.0
-1.3000123644246742e-08	0.08786610878661087
-3.575551659196208e-07	1.0
0.0	1.0
-0.0026754839345812798	0.0
0.0	1.0
0.0	0.2951388888888889
0.0	0.21359223300970873
0.0	1.0
0.0	1.0
0.0	1.0
-0.00028346621547825634	1.0
-0.00019819535373244435	1.0
0.0	1.0
0.0	1.0
-0.00046269618906080723	0.0
0.0	1.0
-0.00030106486519798636	1.0
0.0	1.0
-1.467481865802256e-06	1.0
0.0	1.0
0.0	0.0
0.0	1.0
0.0	1.0
0.0	1.0
0.0	1.0
-8.955748489825055e-05	1.0
-8.879540473571979e-06	1.0
0.0	1.0
-0.001029609702527523	1.0
0.0	1.0
0.0	1.0
0.0	1.0
0.0	1.0
-0.0010715386597439647	1.0
0.0	1.0
-8.24998915049946e-06	1.0
-0.00012423965381458402	1.0
0.0	1.0
0.0	1.0
0.0	1.0
0.0	0.14642857142857144
-0.0001610578765394166	1.0
0.0	1.0
-1.0562346830500502e-10	0.032520325203252036
-0.0002853945770766586	1.0
0.0	1.0
0.0	1.0
0.0	1.0
0.0	1.0
0.0	1.0
-2.3702952489657036e-07	0.0
0.0	1.0
0.0	1.0
0.0	0.27807486631016043
0.0	1.0
-0.00024589302483946085	1.0
-7.115705102478387e-06	1.0
0.0	0.0
0.0	1.0
0.0	1.0
-0.05052942410111427	0.0
-1.7551810742588714e-06	1.0
0.0	1.0
-7.27558508515358e-05	1.0
-1.2875253787569818e-06	1.0
0.0	0.0
