-0.007107317913323641	0.0
-5.923680873820558e-06	1.0
0.0	1.0
0.0	0.0345679012345679
0.0	0.005988023952095809
0.0	1.0
0.0	1.0
0.0	1.0
0.0	1.0
0.0	1.0
0.0	1.0
0.0	0.0
0.0	0.0
0.0	1.0
-2.1951504436401592e-07	1.0
-5.151681762072258e-05	1.0
0.0	1.0
0.0	1.0
-9.332883564638905e-06	1.0
-6.81460733176209e-05	0.027777777777777776
0.0	1.0
0.0	1.0
-1.6143263392720542e-09	1.0
0.0	1.0
-9.957852853403892e-06	0.08571428571428572
-2.6999545298167504e-05	1.0
-6.351926458592061e-06	0.0
-3.6877916045341408e-06	0.0
0.0	0.0
-0.001445552334189415	1.0
0.0	1.0
0.0	0.0
-0.008364214561879635	0.0
0.0	1.0
-0.0005199547740630805	1.0
0.0	0.0
-0.03688965365290642	0.0
0.0	1.0
0.0	1.0
0.0	1.0
0.0	1.0
0.0	1.0
-0.000654750270769	0.0
0.0	1.0
0.0	0.0
-3.959707100875676e-06	1.0
0.0	0.0955223880597015
0.0	1.0
0.0	1.0
0.0	1.0
0.0	0.4358974358974359
-9.078605216927826e-05	0.41729323308270677
0.0	1.0
-0.000641650112811476	0.0
-0.00016092360601760447	0.0
0.0	1.0
0.0	1.0
0.0	0.04433497536945813
0.0	1.0
-0.00040189988794736564	1.0
-6.587086986975521e-10	1.0
-5.290400508783932e-07	1.0
0.0	0.0
0.0	1.0
-0.001260436954908073	1.0
-0.05160830169916153	0.0
-0.0004511043953243643	1.0
0.0	1.0
0.0	1.0
-4.590503158397041e-05	1.0
-6.565076910192147e-05	0.0
0.0	1.0
-5.064414310140819e-08	0.0
0.0	1.0
0.0	0.043478260869565216
-1.2753793043884798e-07	1.0
0.0	1.0
0.0	1.0
0.0	1.0
0.0	1.0
-1.3892209835830727e-06	1.0
-0.03113069012761116	0.0
0.0	1.0
0.0	1.0
0.0	1.0
0.0	1.0
-0.0017761943163350224	0.0
0.0	1.0
0.0	1.0
0.0	1.0
0.0	1.0
-7.633792120032012e-05	1.0
0.0	1.0
0.0	1.0
0.0	1.0
-6.001707220093522e-07	1.0
-0.007612323854118586	0.0
0.0	0.0
0.0	1.0
-0.014991248957812786	0.0
0.0	1.0
-5.820055548610981e-07	1.0
-7.115715572325598e-09	1.0
-3.944208947359584e-05	1.0
0.0	1.0
0.0	1.0
0.0	1.0
0.0	1.0
-0.0278121680021286	0.0
-4.233740913406336e-09	1.0
-0.0003320158866699785	1.0
0.0	1.0
-3.5122047847835347e-07	1.0
-0.003555313916876912	0.0
0.0	1.0
0.0	1.0
-1.1316255488225124e-08	0.0
-4.876010279986076e-05	1.0
0.0	0.0
-3.3540078808909357e-13	0.0
0.0	1.0
0.0	1.0
-5.0902815296183235e-09	1.0
0.0	0.0
0.0	0.0
-0.00017956574447453022	0.0
-5.537821312628921e-10	0.056919642857142856
0.0	1.0
-0.0001104172260966152	0.07692307692307693
-0.0036917547695338726	0.02830188679245283
0.0	1.0
0.0	1.0
-0.04793693497776985	0.0
0.0	0.0
0.0	1.0
-8.21538342279382e-05	1.0
-0.00106252811383456	1.0
-0.0003972211270593107	1.0
-0.0002557112311478704	0.334841628959276
-1.8679340740845873e-08	0.0
-5.061449428467313e-07	1.0
-7.956675744935637e-07	0.01910828025477707
-0.005925781559199095	0.0
-1.541384087033748e-08	1.0
0.0	1.0
0.0	1.0
0.0	1.0
-5.128134805687523e-09	1.0
-0.00011437453213147819	1.0
0.0	1.0
-0.0017019592924043536	1.0
0.0	1.0
0.0	1.0
0.0	1.0
0.0	1.0
0.0	1.0
0.0	1.0
0.0	0.0
-0.0016527188709005713	1.0
0.0	1.0
-0.0032471248414367437	1.0
0.0	1.0
0.0	1.0
0.0	1.0
-0.00013353557733353227	1.0
0.0	0.5100502512562815
-0.00044089744915254414	0.0
-0.0007158106309361756	1.0
0.0	1.0
-9.251032717649821e-10	0.0
0.0	1.0
-3.5112284422211815e-06	0.006944444444444444
0.0	1.0
0.0	1.0
0.0	1.0
-0.0002776343608275056	1.0
-0.00027174290153197944	1.0
-0.00021085763000883162	0.0
0.0	1.0
0.0	1.0
0.0	1.0
-2.554597085691057e-05	1.0
-0.0004635778022930026	1.0
0.0	0.0
0.0	1.0
0.0	1.0
-0.000950747518800199	1.0
0.0	1.0
-2.531412519601872e-07	1.0
-1.703364796412643e-05	1.0
-2.074087933578994e-05	1.0
0.0	1.0
-1.6474876247229986e-05	1.0
0.0	0.0
0.0	1.0
0.0	1.0
0.0	1.0
-1.02487219919567e-05	1.0
0.0	1.0
0.0	1.0
0.0	1.0
0.0	1.0
-0.0002483384741935879	1.0
0.0	1.0
-0.011634865775704384	0.0
-2.178858949264395e-06	1.0
0.0	1.0
0.0	1.0
0.0	1.0
-2.6360846838713314e-10	1.0
0.0	1.0
-0.0007431530393660069	1.0
0.0	1.0
-1.239876110048499e-05	1.0
0.0	1.0
-0.0002915956429205835	1.0
-1.8014683291767142e-06	1.0
-0.0004170980828348547	1.0
0.0	1.0
0.0	1.0
0.0	1.0
-0.0005317435716278851	0.0
-0.00010118488717125729	0.0
0.0	1.0
0.0	1.0
0.0	1.0
0.0	1.0
-2.97816549199581e-09	1.0
-0.0001687112671788782	1.0
0.0	1.0
-0.0013984546530991793	1.0
0.0	1.0
0.0	1.0
0.0	1.0
0.0	0.0
0.0	0.0
0.0	0.08333333333333333
0.0	1.0
0.0	0.0
0.0	1.0
0.0	1.0
0.0	1.0
0.0	1.0
0.0	1.0
0.0	1.0
0.0	1.0
0.0	1.0
0.0	1.0
0.0	1.0
0.0	1.0
0.0	1.0
0.0	1.0
-0.0001441867061657831	1.0
0.0	0.0
-4.933384616379044e-07	1.0
0.0	0.0
-4.353925760369748e-06	0.0
0.0	1.0
-0.00013804914487991482	1.0
0.0	1.0
0.0	1.0
-7.313116657314822e-05	1.0
0.0	0.0
-0.00018344576528761536	1.0
0.0	1.0
0.0	0.0
-1.4455545593004826e-14	1.0
0.0	1.0
0.0	0.2727272727272727
-3.110287434537895e-05	1.0
-3.19011382998724e-06	1.0
0.0	1.0
0.0	1.0
0.0	1.0
0.0	1.0
0.0	1.0
0.0	1.0
0.0	1.0
0.0	1.0
-7.0501992013305426e-06	1.0
0.0	1.0
-1.7963136755838605e-08	1.0
0.0	1.0
-0.01341928355395794	0.0
-3.113987622782588e-05	1.0
-0.0005794693133793771	1.0
0.0	1.0
0.0	1.0
-0.0011448838049545884	0.0
-0.0009501142776571214	1.0
0.0	1.0
-4.808851008419879e-05	1.0
0.0	1.0
0.0	1.0
-6.730002111154931e-10	0.0
0.0	1.0
0.0	1.0
0.0	0.23076923076923078
0.0	1.0
-5.381694791140035e-05	0.0
-2.7360350941307843e-05	1.0
0.0	0.0
-0.0002912194759119302	1.0
-1.8113589517199102e-09	1.0
-5.019604643052844e-08	1.0
0.0	1.0
-0.00023076109937392175	0.0
-1.9766641798923956e-06	0.0
0.0	0.1
-7.289899599527416e-07	1.0
0.0	1.0
-0.0008158169803209603	1.0
0.0	1.0
0.0	1.0
0.0	1.0
-5.306494495016523e-05	0.005405405405405406
0.0	1.0
0.0	0.0
0.0	1.0
-0.003988879267126322	0.0
0.0	0.189718482252142
0.0	1.0
-1.8364371499046683e-06	1.0
0.0	1.0
-0.029805516824126244	0.0
0.0	1.0
0.0	1.0
0.0	1.0
0.0	1.0
-0.0006347227026708424	0.0
0.0	0.0
-3.146887138427701e-06	1.0
-0.0038947120774537325	0.0
0.0	0.0
-6.048384966561571e-05	1.0
-6.455955769979482e-09	1.0
0.0	1.0
-0.0014329793630167842	1.0
-2.5157089567073854e-07	1.0
-6.811927596572787e-05	1.0
-0.000953112612478435	1.0
-3.88100485082532e-09	1.0
-0.0004629935137927532	1.0
-1.6224505072770512e-09	1.0
-0.0002934688818641007	1.0
0.0	1.0
0.0	1.0
0.0	0.009852216748768473
-0.0001382947084493935	1.0
-0.00023517810041084886	1.0
-1.1343683581799269e-05	1.0
0.0	1.0
0.0	0.0
-0.002979076700285077	0.5223880597014925
0.0	1.0
0.0	1.0
0.0	0.02830188679245283
-0.0026483936235308647	1.0
0.0	1.0
0.0	1.0
0.0	1.0
0.0	1.0
0.0	0.0
0.0	1.0
0.0	0.0
0.0	1.0
-5.803837329106454e-17	1.0
0.0	0.0
0.0	1.0
0.0	1.0
0.0	1.0
-2.0652753391914302e-06	1.0
-2.9483025798526796e-08	1.0
-0.0023659304715692997	0.0
0.0	1.0
0.0	1.0
0.0	1.0
0.0	1.0
-1.7389679385360068e-07	1.0
-0.005632245447486639	0.0
0.0	1.0
0.0	1.0
0.0	1.0
-6.3108013819146436e-06	1.0
-4.178798196363687e-09	1.0
0.0	1.0
0.0	1.0
-0.00018647241813596338	1.0
-0.00011379492207197472	1.0
0.0	1.0
0.0	0.0
0.0	1.0
0.0	1.0
0.0	1.0
-6.94458719863178e-07	1.0
-7.820047187578893e-08	1.0
0.0	0.0
-6.021679291734472e-05	0.0
0.0	1.0
-0.0018074264517053962	0.0
-0.000825148425064981	1.0
0.0	1.0
0.0	0.6768149882903981
0.0	0.706199460916442
0.0	1.0
0.0	1.0
0.0	1.0
0.0	1.0
0.0	1.0
0.0	0.0
-3.025702710601763e-08	1.0
-0.020875927060842514	0.0
0.0	1.0
-1.8540778228270938e-06	1.0
-1.265699029318057e-05	1.0
0.0	0.0
-0.00012743953266181052	0.0
0.0	1.0
0.0	1.0
-2.1110679881530814e-05	1.0
0.0	1.0
0.0	1.0
0.0	0.9166666666666666
0.0	1.0
0.0	1.0
0.0	1.0
-0.0021631389390677214	0.0
0.0	1.0
0.0	0.018867924528301886
0.0	0.0
-0.00020115304505452514	1.0
0.0	1.0
0.0	0.0
0.0	1.0
0.0	1.0
0.0	1.0
0.0	0.0
0.0	1.0
-1.1391612133593298e-06	1.0
-4.214803084323648e-06	1.0
0.0	1.0
0.0	1.0
0.0	1.0
0.0	1.0
0.0	1.0
-9.499166253590374e-08	1.0
0.0	1.0
0.0	0.0
0.0	1.0
0.0	1.0
-9.78240932703045e-10	1.0
-0.00017296586884185672	1.0
0.0	0.48845470692717585
-1.3610724636237137e-06	1.0
0.0	1.0
-9.085376404982526e-06	1.0
0.0	1.0
-0.21932347118854523	0.0
0.0	1.0
0.0	1.0
0.0	1.0
0.0	1.0
0.0	1.0
0.0	1.0
-0.010215217247605324	0.0
0.0	1.0
0.0	1.0
-0.005872513633221388	1.0
0.0	1.0
0.0	1.0
-0.016942864283919334	0.0
0.0	1.0
0.0	1.0
0.0	1.0
0.0	1.0
0.0	1.0
0.0	1.0
0.0	1.0
-0.0001704865717329085	1.0
0.0	1.0
0.0	1.0
-7.963063239913026e-07	1.0
0.0	1.0
-6.612956349272281e-05	1.0
-0.0006516112480312586	1.0
-0.0004990774905309081	0.11290322580645161
0.0	1.0
0.0	1.0
-6.43436869722791e-05	1.0
-3.0468800105154514e-07	1.0
0.0	0.7448275862068966
0.0	1.0
0.0	1.0
-0.0008597654523327947	1.0
0.0	0.23311546840958605
0.0	1.0
-7.458781328750774e-05	1.0
0.0	1.0
-0.00024325908452738076	1.0
-0.0003176743630319834	1.0
0.0	1.0
0.0	1.0
0.0	0.0
0.0	1.0
0.0	1.0
0.0	1.0
-9.687718147688429e-07	1.0
0.0	1.0
0.0	0.0
0.0	0.0
0.0	1.0
-1.0503773410164285e-05	0.0
0.0	1.0
0.0	1.0
-1.7261183529626578e-05	1.0
-1.0179831977374931e-10	1.0
0.0	0.0
0.0	1.0
-0.00016538023191969842	1.0
-0.0043305763974785805	0.0
-0.0005556225660257041	0.0
0.0	1.0
0.0	1.0
-4.273945464206008e-08	1.0
0.0	0.08333333333333333
0.0	1.0
-0.00010174900671700016	1.0
0.0	1.0
0.0	1.0
0.0	1.0
0.0	1.0
0.0	1.0
0.0	1.0
-2.4493479941156693e-05	1.0
-0.00030237302416935563	1.0
0.0	1.0
0.0	1.0
0.0	0.0
0.0	1.0
0.0	1.0
0.0	1.0
0.0	0.0
-6.012926974108268e-07	1.0
0.0	1.0
-4.896832592748979e-07	0.0
0.0	0.20359281437125748
-0.0009090146631933749	1.0
0.0	0.0
