0.0	0.0
0.0	1.0
-0.00026118283858522773	0.0
-2.886876700358698e-06	1.0
0.0	1.0
0.0	1.0
-0.006966431625187397	0.0
-4.182926140877674e-12	1.0
-1.96906898963789e-06	1.0
-4.961649210599717e-06	1.0
-1.2322656402830034e-05	1.0
-5.5639913625782356e-05	1.0
-0.004412888083606958	0.1111111111111111
0.0	1.0
-0.004257269203662872	0.0
-2.055937642353456e-07	1.0
-0.0003639628121163696	0.0
-7.33362455207498e-08	1.0
0.0	1.0
-6.518030204460956e-07	0.0
0.0	0.11764705882352941
0.0	1.0
0.0	1.0
0.0	1.0
0.0	1.0
-0.001157211372628808	1.0
-0.00013533278251998127	1.0
0.0	1.0
-2.634846984692074e-12	1.0
-2.3073502234183252e-05	1.0
0.0	1.0
0.0	1.0
-7.49044701819912e-08	1.0
0.0	1.0
-8.475121285300702e-05	1.0
0.0	1.0
0.0	0.0
-3.959125024266541e-06	1.0
0.0	0.6816143497757847
-0.048860128968954086	0.0
0.0	1.0
0.0	1.0
-0.004119154065847397	1.0
0.0	1.0
0.0	1.0
0.0	1.0
0.0	1.0
-2.8823138672898554e-14	0.0
0.0	1.0
0.0	1.0
0.0	1.0
0.0	1.0
0.0	1.0
-0.001230247667990625	1.0
0.0	1.0
0.0	1.0
0.0	1.0
0.0	1.0
0.0	1.0
0.0	1.0
-4.256056854501367e-06	1.0
0.0	1.0
0.0	0.0
0.0	1.0
0.0	1.0
0.0	1.0
0.0	1.0
0.0	1.0
0.0	0.0
-3.3737527701305225e-05	1.0
0.0	1.0
-0.024639584124088287	0.0
0.0	1.0
-7.585345883853734e-05	1.0
0.0	1.0
0.0	1.0
0.0	1.0
-1.036602270687581e-06	1.0
0.0	1.0
0.0	1.0
0.0	1.0
0.0	0.0
-0.0003349213511683047	1.0
0.0	1.0
-0.0021059608552604914	0.0
0.0	1.0
0.0	1.0
0.0	0.034334763948497854
0.0	1.0
0.0	1.0
-0.00022864430502522737	1.0
-1.6514897652086802e-05	1.0
-5.270784185995581e-06	1.0
0.0	1.0
0.0	1.0
-9.13778567337431e-05	1.0
-7.240360719151795e-05	1.0
-0.00019429775420576334	1.0
0.0	0.3008474576271186
0.0	0.30952380952380953
-0.0001695067185210064	1.0
0.0	0.07692307692307693
0.0	1.0
0.0	1.0
-8.281337795779109e-05	0.0
0.0	1.0
0.0	0.0990990990990991
0.0	1.0
0.0	1.0
-0.006109617184847593	0.0
-0.034963712096214294	0.0
-9.224097448168322e-05	1.0
0.0	1.0
-1.3985119551307434e-07	1.0
0.0	1.0
0.0	1.0
-2.060450015051174e-06	0.07272727272727272
-0.0004961734521202743	0.425531914893617
0.0	1.0
0.0	1.0
0.0	0.6235011990407674
0.0	1.0
-2.155375256052139e-08	1.0
0.0	1.0
-3.421093424549326e-05	1.0
0.0	1.0
0.0	0.0
0.0	1.0
0.0	1.0
-4.821466781379513e-09	1.0
-0.023463906720280647	0.1111111111111111
0.0	1.0
0.0	1.0
-0.00046014843974262476	1.0
0.0	1.0
0.0	0.0
-7.61904317414519e-09	1.0
-2.7413335601522704e-07	1.0
-1.1089157396781957e-06	1.0
-5.691889327863464e-06	1.0
0.0	1.0
-3.3444125246973044e-09	1.0
-7.101130447551007e-12	1.0
0.0	0.0
-0.004542721901088953	1.0
0.0	1.0
-1.456362838325731e-06	0.0
0.0	1.0
0.0	1.0
0.0	1.0
0.0	1.0
0.0	0.26778242677824265
0.0	1.0
0.0	1.0
-0.0007660844712518156	1.0
0.0	1.0
0.0	1.0
-0.00021109770750626922	0.0
-0.00036752544110640883	1.0
0.0	1.0
-0.0011605742620304227	1.0
-1.8191867638961412e-06	0.0
0.0	1.0
0.0	1.0
0.0	1.0
-0.0002572782977949828	1.0
0.0	1.0
0.0	0.3125
0.0	1.0
-2.1718685729865683e-06	1.0
-6.338985258480534e-05	1.0
0.0	1.0
-0.0018713820027187467	0.0
0.0	1.0
0.0	1.0
-0.06161876767873764	0.0
-0.015163117088377476	0.0
-5.340801362763159e-05	1.0
-0.00037311427877284586	0.02109704641350211
-0.0005566543550230563	1.0
0.0	1.0
-0.0001947445998666808	0.0
-0.0030103696044534445	1.0
-0.0007300474680960178	1.0
0.0	1.0
-1.1030991799998446e-06	1.0
0.0	1.0
-1.3166841483780445e-07	1.0
0.0	1.0
0.0	0.0
0.0	0.0
0.0	1.0
0.0	1.0
0.0	1.0
0.0	0.0
0.0	1.0
-0.00023207170306704938	1.0
0.0	1.0
0.0	0.047337278106508875
-1.4058210240364133e-07	0.0
0.0	1.0
-0.0004103129613213241	1.0
-0.0007975902990438044	1.0
0.0	0.014925373134328358
0.0	1.0
0.0	1.0
0.0	1.0
-0.012060048058629036	0.0
-1.9651340608106693e-06	1.0
0.0	1.0
0.0	1.0
-0.005282073747366667	0.0
0.0	1.0
0.0	1.0
-1.1530886245836314e-09	1.0
0.0	1.0
-0.016601886600255966	0.010752688172043012
0.0	1.0
0.0	0.4235294117647059
-3.183736771461554e-05	1.0
-8.407035056734458e-05	1.0
0.0	1.0
0.0	1.0
-2.8743321308866143e-05	1.0
-4.171513137407601e-05	0.0
0.0	1.0
0.0	1.0
0.0	1.0
0.0	0.0625
-1.4388728232006542e-05	1.0
0.0	1.0
0.0	1.0
-0.003362470306456089	1.0
0.0	0.12280701754385964
-0.0008050557225942612	1.0
0.0	1.0
-7.046209304917284e-08	0.0
0.0	1.0
0.0	0.0
0.0	1.0
0.0	1.0
0.0	1.0
0.0	0.0
0.0	1.0
0.0	0.0
0.0	1.0
0.0	1.0
0.0	1.0
-1.520618155836928e-07	1.0
0.0	0.0
0.0	0.21025641025641026
-0.0015241644578054547	0.0
0.0	1.0
0.0	1.0
0.0	1.0
-0.00032060942612588406	1.0
-5.051968514635519e-07	1.0
0.0	1.0
0.0	1.0
-3.196450279574492e-06	1.0
0.0	1.0
-9.328200576419476e-06	1.0
0.0	1.0
0.0	1.0
0.0	1.0
0.0	1.0
0.0	1.0
0.0	1.0
0.0	0.0
0.0	0.4117647058823529
0.0	1.0
-0.0004652385541703552	1.0
0.0	1.0
0.0	0.0
0.0	1.0
0.0	1.0
-0.0008136898977681994	1.0
-0.007676239591091871	0.0
0.0	1.0
0.0	1.0
0.0	1.0
0.0	1.0
0.0	1.0
-9.447509796700615e-08	0.0
-6.164317483126069e-07	1.0
0.0	1.0
0.0	1.0
0.0	1.0
0.0	1.0
0.0	1.0
0.0	0.0
0.0	1.0
0.0	1.0
-0.006284074392169714	0.0
-5.516642431757646e-06	1.0
0.0	1.0
-1.373277143043583e-12	1.0
-1.1818730172308278e-07	1.0
0.0	1.0
-5.660618990077637e-05	0.0
0.0	1.0
0.0	0.016129032258064516
0.0	1.0
-0.005544712301343679	0.12686567164179105
0.0	1.0
0.0	1.0
0.0	1.0
0.0	1.0
-3.0159388320072367e-09	0.0
0.0	1.0
0.0	1.0
-0.00023371126735582948	1.0
0.0	1.0
-1.896132857837074e-06	1.0
0.0	0.0
0.0	1.0
0.0	1.0
0.0	1.0
0.0	1.0
0.0	1.0
0.0	1.0
0.0	0.0
-3.970493708038703e-06	1.0
0.0	0.0
0.0	0.6495098039215687
0.0	1.0
0.0	1.0
-2.123828370115266e-11	1.0
0.0	0.09090909090909091
0.0	1.0
0.0	0.7018348623853211
0.0	1.0
0.0	0.0
0.0	1.0
0.0	1.0
0.0	1.0
0.0	1.0
0.0	1.0
0.0	1.0
-2.6500909370952286e-05	1.0
0.0	1.0
-0.009258739650249481	0.07407407407407407
-3.964088591601467e-06	1.0
-0.018322817981243134	0.061224489795918366
0.0	0.29347826086956524
-8.664846973260865e-05	1.0
0.0	1.0
-1.7030748722390854e-07	1.0
0.0	1.0
0.0	0.0
-4.555174459852651e-09	1.0
-0.0049110050313174725	0.017857142857142856
0.0	0.0
0.0	1.0
0.0	1.0
-0.00022524669475387782	1.0
-0.024587780237197876	0.6666666666666666
-0.00048545756726525724	0.0
0.0	1.0
-6.174330337671563e-05	1.0
-0.0008346611866727471	0.8464052287581699
0.0	1.0
0.0	1.0
0.0	1.0
0.0	1.0
-0.00015564740169793367	1.0
0.0	0.0
0.0	1.0
0.0	1.0
-0.03116716258227825	0.0
0.0	0.0
-6.599863884571011e-12	0.0
0.0	1.0
0.0	0.0
0.0	1.0
-9.928008637416497e-08	1.0
0.0	0.20195439739413681
-3.845071630244518e-22	0.6413043478260869
-1.2633529422600986e-06	1.0
-4.491828242692009e-09	1.0
0.0	1.0
0.0	1.0
-3.694125553010963e-05	1.0
-0.0002090718044200912	0.15151515151515152
-0.0004291919758543372	1.0
0.0	1.0
-0.0003602862707339227	0.8571428571428571
-3.329527764606155e-10	0.0
0.0	1.0
-4.2276177003586213e-10	0.043478260869565216
0.0	1.0
0.0	0.0
-0.0006173990550450981	1.0
0.0	1.0
0.0	1.0
0.0	0.0
0.0	1.0
-4.4640464658129986e-09	1.0
0.0	1.0
0.0	1.0
0.0	0.1897810218978102
0.0	0.0
0.0	1.0
-0.00021921844745520502	0.0
0.0	1.0
-0.000146766789839603	1.0
0.0	1.0
-7.956002082210034e-05	1.0
0.0	0.022727272727272728
0.0	1.0
-2.4418632165179588e-05	1.0
-0.00020996290550101548	1.0
0.0	0.20134228187919462
0.0	1.0
0.0	1.0
-0.00036711982102133334	1.0
0.0	1.0
0.0	0.0
-6.286438036795516e-09	1.0
0.0	0.25842696629213485
-0.0006510042585432529	1.0
0.0	1.0
-3.9425128201160675e-13	1.0
0.0	1.0
-4.5549008120815415e-08	1.0
0.0	1.0
-0.024848317727446556	0.07142857142857142
-1.6706064798199804e-06	1.0
-0.00019149703439325094	1.0
0.0	1.0
-0.00019748072372749448	1.0
0.0	1.0
-0.0007695238455198705	1.0
0.0	1.0
-1.3738921325057163e-06	1.0
0.0	1.0
-7.050358544802293e-05	1.0
-5.524276147639284e-09	1.0
-0.013422558084130287	0.0
0.0	1.0
-0.0007826191722415388	1.0
-1.1661962950881843e-08	1.0
0.0	1.0
-4.0641902160132304e-05	1.0
0.0	1.0
0.0	0.043478260869565216
-1.4848191653982212e-07	0.0
-0.0020066224969923496	0.0
0.0	1.0
-0.00021376070799306035	0.0
0.0	1.0
-1.1182641618256994e-11	1.0
0.0	1.0
-0.0008953639771789312	1.0
-0.050055280327796936	0.08695652173913043
0.0	1.0
0.0	1.0
0.0	1.0
-0.006104424595832825	0.2696629213483146
0.0	0.0
0.0	0.0
-0.0006087439251132309	1.0
0.0	0.14583333333333334
0.0	1.0
-0.0002482379204593599	0.09944751381215469
0.0	0.010869565217391304
0.0	1.0
-2.8774435612000104e-10	1.0
-0.002428199863061309	0.14285714285714285
0.0	0.0
0.0	0.0
0.0	1.0
0.0	1.0
0.0	1.0
0.0	1.0
-0.0001540465309517458	1.0
0.0	1.0
0.0	1.0
-5.644179691444151e-05	1.0
-8.033494008907738e-12	1.0
-8.698513738636393e-06	1.0
0.0	1.0
-0.0006123983766883612	1.0
0.0	1.0
0.0	1.0
-0.0005334985908120871	0.0
-1.9475630779197672e-06	1.0
0.0	1.0
0.0	0.016129032258064516
-3.1852314350544475e-06	1.0
-1.0846736131497892e-07	0.0
-0.0012992174597457051	1.0
-3.006736179478331e-11	1.0
0.0	1.0
-0.0002203773328801617	1.0
-0.0018875078530982137	1.0
-6.888901538104619e-08	1.0
0.0	1.0
-0.008742570877075195	0.0
-0.0005328207626007497	1.0
0.0	1.0
-0.000694100686814636	1.0
-8.905560207495e-06	1.0
0.0	1.0
-0.00022881907352712005	1.0
0.0	0.0
0.0	0.22742474916387959
0.0	1.0
-1.3861787920177449e-05	1.0
-2.668483067909291e-15	0.06493506493506493
-3.6859185570392583e-07	1.0
0.0	1.0
0.0	0.0
0.0	0.0
0.0	0.2594594594594595
-0.001216586329974234	1.0
0.0	0.0
0.0	0.0
0.0	1.0
0.0	1.0
-3.1151670132345544e-09	0.0
-0.0003883751924149692	1.0
-1.5684810932725668e-05	1.0
0.0	0.0
-1.478206996807785e-07	1.0
0.0	1.0
0.0	1.0
0.0	0.0
0.0	1.0
0.0	0.2
0.0	1.0
0.0	1.0
0.0	1.0
0.0	1.0
-0.054372332990169525	0.0
0.0	1.0
-1.3099881357447885e-07	1.0
0.0	1.0
0.0	1.0
-3.0380679163499735e-05	0.0
-4.0273822378367186e-05	0.3675889328063241
0.0	0.0
-0.00045161606976762414	1.0
0.0	1.0
0.0	1.0
-1.176556679638452e-06	1.0
0.0	0.0
