0.0	1.0
-0.002382455160841346	0.011235955056179775
0.0	1.0
-0.0012575095752254128	1.0
-0.0005807237466797233	1.0
0.0	1.0
0.0	1.0
-1.005522790364921e-06	1.0
0.0	1.0
-0.00010027177631855011	0.0
0.0	0.0
0.0	1.0
0.0	0.0
-1.1973782854113324e-08	1.0
-1.895005311780551e-06	1.0
0.0	1.0
0.0	0.0
0.0	1.0
0.0	0.931
-0.0005633584805764258	0.0
-0.00021330126037355512	1.0
-2.5307340933977684e-07	1.0
0.0	0.05128205128205128
0.0	1.0
-5.740834918555038e-09	0.05405405405405406
-9.12527393666096e-05	0.0
0.0	1.0
0.0	1.0
-0.0002553836675360799	1.0
-0.0002442571858409792	0.05782312925170068
0.0	1.0
-0.00024123454932123423	1.0
0.0	1.0
0.0	1.0
0.0	1.0
0.0	0.0
0.0	1.0
0.0	1.0
0.0	1.0
0.0	1.0
-0.001493235700763762	1.0
-1.04524565358588e-06	1.0
0.0	1.0
0.0	1.0
0.0	1.0
0.0	1.0
0.0	1.0
-5.6072574807330966e-05	1.0
0.0	0.14018691588785046
0.0	0.0
0.0	1.0
0.0	1.0
0.0	1.0
-0.00030976650305092335	0.5570570570570571
0.0	0.016129032258064516
-0.001112513942644	0.007874015748031496
-0.00013290905917529017	0.0
0.0	0.4380165289256198
0.0	1.0
0.0	1.0
0.0	1.0
0.0	1.0
0.0	1.0
0.0	1.0
0.0	1.0
-3.6064159303350607e-06	1.0
0.0	1.0
-0.00015720032388344407	1.0
0.0	1.0
-1.4456927033279499e-07	1.0
0.0	1.0
0.0	1.0
0.0	1.0
-0.0002471349434927106	1.0
-8.22034344309941e-05	0.0
-0.01222111377865076	0.0
0.0	1.0
0.0	1.0
-8.931841044557132e-09	1.0
0.0	1.0
-0.024755381047725677	0.0
0.0	1.0
0.0	1.0
-0.0021914264652878046	1.0
0.0	1.0
0.0	0.0
0.0	1.0
-6.695753108942881e-05	1.0
0.0	1.0
0.0	1.0
0.0	1.0
-1.5049582413606544e-10	1.0
0.0	1.0
0.0	1.0
0.0	1.0
0.0	1.0
0.0	1.0
-0.00015648170665372163	0.775
0.0	1.0
-0.001020017429254949	1.0
0.0	1.0
0.0	1.0
-1.8918899513664655e-06	1.0
-0.0005266881780698895	1.0
-0.0011392006417736411	0.775
0.0	1.0
0.0	0.5781990521327014
0.0	1.0
0.0	1.0
-0.0007392932893708348	1.0
-0.0035772440023720264	0.0
0.0	1.0
0.0	1.0
0.0	0.5641025641025641
0.0	1.0
0.0	1.0
-0.005158533807843924	1.0
0.0	0.0
0.0	1.0
-7.522329542553052e-05	1.0
-2.0417698642916093e-09	1.0
0.0	1.0
0.0	1.0
-0.00012268879800103605	1.0
0.0	1.0
0.0	1.0
-1.306447643401043e-07	1.0
0.0	1.0
-0.0006570877158083022	1.0
-0.1031331941485405	0.0
0.0	0.0
0.0	1.0
0.0	0.0
0.0	1.0
-1.5770836025996715e-10	0.0
-0.0019996045157313347	0.0
0.0	1.0
-1.2698549653578084e-05	1.0
-0.0014981251442804933	0.0
0.0	1.0
0.0	1.0
0.0	1.0
-0.0001453421136830002	1.0
0.0	1.0
0.0	1.0
0.0	1.0
0.0	1.0
-5.343077191355405e-06	1.0
0.0	1.0
-2.3055979909258895e-05	1.0
-0.0005188591894693673	0.2857142857142857
-0.0005276027950458229	1.0
0.0	1.0
-2.19701360038016e-06	1.0
-0.00012113242701161653	1.0
0.0	0.0
0.0	1.0
0.0	1.0
-8.041299224714749e-06	1.0
-1.9320556020829827e-05	0.0
0.0	1.0
0.0	1.0
-0.0012773283524438739	1.0
0.0	0.0
0.0	1.0
0.0	1.0
-8.55314101499971e-06	1.0
0.0	1.0
0.0	1.0
-8.017376967472956e-05	1.0
0.0	0.0
0.0	1.0
-0.0003785422013606876	1.0
0.0	1.0
0.0	1.0
-0.0002545460010878742	1.0
-2.959329867735505e-05	1.0
0.0	1.0
-0.0017929204041138291	0.398406374501992
-0.006574172992259264	0.0
0.0	1.0
0.0	1.0
0.0	1.0
0.0	0.0
-0.00014735459990333766	1.0
0.0	1.0
-6.243638199521229e-05	1.0
0.0	1.0
-0.0002278018946526572	1.0
0.0	0.0
0.0	1.0
-2.2188339698914206e-07	1.0
0.0	0.007874015748031496
-1.9380937743562754e-08	0.16393442622950818
0.0	1.0
-9.523547532808152e-07	1.0
0.0	1.0
0.0	0.0
0.0	1.0
0.0	0.09803921568627451
0.0	1.0
0.0	1.0
-6.507502348540584e-06	1.0
0.0	1.0
0.0	0.025
-0.00026765192160382867	1.0
0.0	1.0
0.0	1.0
-0.0001275276008527726	1.0
0.0	1.0
-8.75581237288342e-13	1.0
0.0	0.0
-4.9590482376515865e-05	1.0
-0.0025558534543961287	0.0
0.0	1.0
0.0	0.0
0.0	1.0
-1.0641982406411898e-08	0.0
-1.8818449461832643e-05	1.0
0.0	1.0
0.0	1.0
-0.0013623569393530488	1.0
-8.774074376560748e-05	0.0
-0.012695127166807652	0.0
-6.411233243852621e-06	1.0
0.0	1.0
-3.285339698777534e-05	1.0
0.0	1.0
0.0	0.0
0.0	1.0
-5.937859896221198e-05	1.0
0.0	1.0
0.0	1.0
0.0	1.0
0.0	1.0
0.0	1.0
0.0	0.0
-0.0015623742947354913	1.0
0.0	1.0
-0.005335452500730753	0.012658227848101266
0.0	1.0
-8.456387877231464e-05	0.0
0.0	1.0
0.0	0.0
0.0	1.0
-0.00011132997315144166	1.0
0.0	1.0
0.0	0.0
0.0	1.0
0.0	1.0
0.0	1.0
-0.0005618016584776342	1.0
0.0	1.0
0.0	1.0
0.0	0.0
0.0	1.0
0.0	1.0
0.0	1.0
0.0	1.0
-6.974604054021949e-12	0.034482758620689655
-5.352550942916423e-05	1.0
0.0	1.0
-0.00038783991476520896	1.0
-0.0068072183057665825	0.6666666666666666
0.0	1.0
-0.00029002109658904374	1.0
-0.00010204169666394591	1.0
0.0	1.0
-7.351245017162e-07	1.0
0.0	1.0
-3.728123556356877e-05	1.0
-0.006652031559497118	1.0
-0.0005462641129270196	1.0
0.0	1.0
0.0	1.0
0.0	1.0
0.0	1.0
-2.0359222641097574e-10	1.0
-7.050483418424847e-06	1.0
0.0	1.0
0.0	1.0
-2.56889561569551e-05	1.0
0.0	1.0
0.0	1.0
0.0	0.17405063291139242
-2.465514736815777e-10	1.0
0.0	0.0
0.0	0.31063829787234043
0.0	1.0
0.0	0.029411764705882353
-9.130918954269873e-08	0.0
0.0	1.0
0.0	1.0
0.0	1.0
-0.014260921627283096	0.0
0.0	0.0
0.0	1.0
0.0	1.0
-1.7295510588155594e-06	1.0
-1.0410114610615029e-11	1.0
0.0	0.0
0.0	0.08664259927797834
0.0	1.0
0.0	1.0
-0.00019897229503840208	1.0
-5.272998896543868e-05	1.0
0.0	1.0
0.0	1.0
-0.00010683679283829406	0.0
0.0	1.0
-4.2165027025475865e-09	0.0
0.0	1.0
0.0	1.0
-0.015206960029900074	1.0
0.0	1.0
0.0	1.0
0.0	0.0
0.0	1.0
0.0	1.0
0.0	0.0
0.0	1.0
-0.04191196709871292	0.0
-9.151283961728041e-07	0.06451612903225806
-8.01376809249632e-05	1.0
0.0	1.0
0.0	1.0
0.0	1.0
-5.633306500385515e-06	1.0
0.0	1.0
-1.704650531841878e-09	1.0
-5.624861296382733e-05	1.0
0.0	1.0
0.0	0.7995495495495496
-0.013674707151949406	0.0
-4.5517376747739036e-06	1.0
0.0	1.0
0.0	1.0
0.0	0.0
0.0	1.0
0.0	1.0
0.0	1.0
-0.0032879572827368975	1.0
0.0	1.0
-4.4960220849056196e-14	0.0
-0.0002558028500061482	1.0
0.0	1.0
0.0	1.0
0.0	1.0
0.0	0.0
0.0	0.1291390728476821
-0.015517267398536205	0.05263157894736842
0.0	0.0
0.0	0.9418254764292878
0.0	1.0
0.0	1.0
0.0	1.0
0.0	1.0
-1.491879743298341e-06	0.06140350877192982
-0.0002755275054369122	1.0
0.0	1.0
0.0	1.0
0.0	1.0
0.0	1.0
0.0	1.0
0.0	1.0
0.0	1.0
-1.3533438504964579e-05	1.0
0.0	1.0
0.0	1.0
-0.00018594156426843256	1.0
-0.0008315230370499194	1.0
0.0	1.0
0.0	1.0
0.0	0.0
0.0	1.0
0.0	1.0
0.0	1.0
0.0	0.0
0.0	1.0
0.0	1.0
0.0	1.0
0.0	0.0
-0.00020096689695492387	1.0
-5.065341479593144e-10	1.0
0.0	1.0
0.0	1.0
0.0	1.0
-7.1817312097266495e-09	0.08626198083067092
0.0	1.0
0.0	0.0
-0.0027845699805766344	0.0
0.0	1.0
-7.806737812643405e-06	1.0
-1.0984265827573836e-05	0.0
0.0	1.0
-0.00021969704539515078	1.0
0.0	1.0
-3.350431506987661e-05	1.0
-3.2655425457051024e-05	0.0
0.0	0.0
0.0	1.0
-1.3849990598835404e-10	0.0
0.0	0.0
0.0	1.0
-6.9474190240725875e-06	0.0
0.0	1.0
0.0	1.0
0.0	1.0
-0.0025997033808380365	1.0
0.0	1.0
-0.0010838006855919957	1.0
0.0	0.036036036036036036
0.0	1.0
0.0	0.0
0.0	1.0
-2.552655473664345e-07	0.0
-3.900685896951472e-06	1.0
0.0	1.0
0.0	1.0
0.0	0.0
0.0	1.0
-0.000468720420030877	1.0
0.0	1.0
-0.01343156211078167	0.0
0.0	1.0
-0.004647179041057825	0.07692307692307693
-0.004934774246066809	0.0
0.0	1.0
0.0	1.0
-0.00015918526332825422	1.0
0.0	1.0
-3.07860574366714e-07	1.0
0.0	0.03289473684210526
0.0	0.0
0.0	0.0
0.0	1.0
-1.7568727722627742e-11	1.0
0.0	0.0
-0.0009953620610758662	0.23076923076923078
0.0	0.5808383233532934
0.0	1.0
-7.031377026578411e-05	1.0
0.0	1.0
-4.785289638675749e-05	1.0
-0.00039797311183065176	1.0
0.0	1.0
0.0	1.0
0.0	0.23076923076923078
0.0	1.0
0.0	1.0
0.0	1.0
0.0	1.0
-0.0005097482935525477	0.1111111111111111
0.0	0.037037037037037035
0.0	1.0
0.0	1.0
0.0	1.0
0.0	1.0
0.0	1.0
0.0	1.0
0.0	1.0
-0.0026087388396263123	0.0
0.0	1.0
-0.00045321081415750086	1.0
0.0	1.0
0.0	1.0
0.0	1.0
-0.0038266752380877733	0.0
0.0	1.0
0.0	0.1206896551724138
0.0	1.0
0.0	1.0
0.0	1.0
0.0	0.014705882352941176
0.0	0.225
0.0	1.0
0.0	0.6265060240963856
-0.0008632218232378364	1.0
-1.837116627712021e-07	1.0
0.0	1.0
-0.003915620967745781	0.15384615384615385
-2.2452273697126657e-05	0.0
-9.939214214682579e-05	0.0
0.0	1.0
-5.306125672177586e-07	0.0
0.0	1.0
0.0	1.0
0.0	1.0
0.0	1.0
0.0	1.0
0.0	1.0
0.0	1.0
0.0	1.0
0.0	1.0
-0.0013056640746071935	1.0
-0.0017401634249836206	0.015772870662460567
0.0	0.0
-3.148447474954352e-11	1.0
0.0	0.9032258064516129
0.0	1.0
0.0	1.0
0.0	1.0
0.0	0.0
0.0	1.0
0.0	1.0
0.0	0.0
-0.0003654626489151269	0.05421686746987952
-2.832947210151815e-09	0.0
0.0	1.0
