-1.7295209545409307e-05	1.0
0.0	1.0
0.0	1.0
0.0	1.0
-1.3871337856130594e-08	1.0
-1.0371165899414336e-06	0.0
-5.777040179566484e-09	1.0
0.0	0.0
0.0	0.0
-9.003309060062747e-06	1.0
0.0	1.0
0.0	1.0
0.0	1.0
0.0	1.0
0.0	0.07792207792207792
-0.00032323392224498093	1.0
-0.0006049302755855024	1.0
-0.0013018760364502668	0.49743589743589745
0.0	1.0
-0.00048196452553384006	0.0
-5.320946461218057e-10	1.0
0.0	0.0
-5.2309237617009785e-06	0.0
0.0	1.0
-0.009472024627029896	0.42424242424242425
-0.01058757770806551	0.0
0.0	1.0
0.0	1.0
0.0	1.0
0.0	1.0
0.0	1.0
0.0	1.0
0.0	0.0
-8.03613947937265e-05	1.0
0.0	1.0
0.0	1.0
-0.006991350091993809	0.0
0.0	0.0
-1.0584010112779652e-08	1.0
-1.5610230548190884e-05	1.0
0.0	1.0
0.0	1.0
0.0	0.06451612903225806
-1.8588805687613785e-05	0.029411764705882353
0.0	1.0
-6.8532286512379414e-09	0.0
-2.8183400502257427e-08	1.0
0.0	1.0
-0.00013559126819018275	0.0
0.0	1.0
0.0	1.0
0.0	1.0
0.0	1.0
0.0	1.0
-8.427958528045565e-05	1.0
-0.0010698114056140184	0.030303030303030304
-1.2432768926373683e-05	1.0
0.0	0.0
0.0	1.0
-0.010954971425235271	0.0
0.0	1.0
0.0	1.0
0.0	1.0
-1.654805958928307e-09	1.0
0.0	0.0
0.0	1.0
0.0	1.0
-4.2483115976210684e-05	1.0
0.0	1.0
0.0	1.0
0.0	1.0
0.0	1.0
0.0	1.0
0.0	0.0
0.0	1.0
-0.00011803469533333555	0.0
0.0	1.0
0.0	1.0
0.0	1.0
0.0	1.0
0.0	1.0
0.0	1.0
-0.0001944631221704185	1.0
0.0	1.0
0.0	0.0
0.0	1.0
-8.899918952920416e-07	1.0
0.0	0.0
0.0	0.0
0.0	1.0
0.0	0.0
0.0	0.0
-1.2937946848978754e-05	1.0
0.0	1.0
-1.264320701466204e-07	1.0
-0.0013351128436625004	0.0
-0.0009427531040273607	1.0
0.0	1.0
-0.001701744389720261	1.0
0.0	1.0
0.0	0.0
0.0	1.0
0.0	0.0
-0.00011648728104773909	1.0
-0.00032268435461446643	1.0
0.0	1.0
0.0	0.0
0.0	1.0
-0.0014479279052466154	1.0
0.0	1.0
0.0	1.0
0.0	1.0
0.0	1.0
-0.0014799170894548297	1.0
0.0	1.0
-7.830465165170608e-08	1.0
0.0	1.0
0.0	1.0
-0.00015395412629004568	0.0
0.0	1.0
0.0	1.0
0.0	1.0
0.0	1.0
-0.002502637216821313	1.0
0.0	1.0
-5.194572440814227e-05	0.0
0.0	1.0
0.0	1.0
-0.0003455954138189554	1.0
0.0	1.0
0.0	1.0
0.0	0.07954545454545454
-4.978130685451276e-10	1.0
0.0	0.0
-0.0006806431338191032	1.0
0.0	1.0
-2.1277059204294346e-05	1.0
-0.00015393683861475438	0.0
-0.00022872317640576512	1.0
-0.00015352366608567536	0.0
-9.744918543219683e-07	1.0
0.0	0.0
-0.02063491754233837	0.0
0.0	1.0
0.0	1.0
0.0	1.0
0.0	1.0
0.0	1.0
0.0	1.0
0.0	1.0
0.0	1.0
0.0	1.0
0.0	0.0196078431372549
0.0	1.0
0.0	1.0
0.0	1.0
-0.004222939722239971	0.0
0.0	1.0
0.0	1.0
0.0	1.0
-0.0002520863781683147	1.0
0.0	1.0
-0.0013590820599347353	1.0
-1.132161560235545e-05	0.296875
0.0	1.0
0.0	1.0
0.0	1.0
-1.0915224493146525e-06	1.0
0.0	1.0
0.0	1.0
0.0	0.027777777777777776
0.0	1.0
0.0	1.0
-3.656007902463898e-05	1.0
-7.146125426515937e-05	0.0
0.0	1.0
0.0	1.0
0.0	1.0
0.0	0.0
0.0	1.0
0.0	1.0
-8.06942698545754e-05	0.0
-0.0004288835625629872	1.0
-1.3592421964858659e-05	1.0
-4.529249054030515e-05	1.0
0.0	0.0
0.0	1.0
-4.04475009041505e-10	0.0
-7.829852984286845e-05	1.0
0.0	0.0
-0.007534557022154331	0.0
0.0	1.0
-2.835199484252371e-05	1.0
0.0	1.0
-0.0006812168867327273	0.0
0.0	1.0
0.0	1.0
0.0	1.0
-5.3357194701675326e-05	1.0
-0.0007761484594084322	1.0
0.0	1.0
0.0	1.0
0.0	1.0
0.0	1.0
-0.0008021363755688071	1.0
0.0	1.0
-0.0017001029336825013	1.0
0.0	1.0
0.0	0.0
-0.00184494664426893	1.0
0.0	1.0
-0.001474970136769116	1.0
0.0	1.0
0.0	1.0
-0.0002660458267200738	1.0
0.0	1.0
-6.084357551117137e-07	1.0
0.0	0.8571428571428571
0.0	1.0
-0.0033289093989878893	0.0
0.0	0.0
-3.3851054581646167e-07	1.0
0.0	1.0
0.0	1.0
0.0	1.0
-0.03198159486055374	0.0
0.0	1.0
0.0	1.0
0.0	1.0
0.0	1.0
-2.319995629255448e-14	0.0
0.0	1.0
0.0	1.0
0.0	1.0
-0.0063787479884922504	0.0
0.0	1.0
0.0	1.0
0.0	1.0
0.0	0.0
0.0	0.0
0.0	1.0
0.0	1.0
-2.957315336971078e-05	0.0
-1.3621413330611176e-08	1.0
0.0	1.0
0.0	1.0
-2.269690412504133e-06	1.0
0.0	1.0
0.0	1.0
0.0	1.0
-0.0006755938520655036	0.0
0.0	1.0
0.0	1.0
0.0	0.0
-0.00042351862066425383	1.0
0.0	0.0
0.0	0.0
-1.4637379308624077e-07	0.025
-5.459358362713829e-05	0.20210280373831777
0.0	1.0
0.0	1.0
-4.2250488263562147e-07	1.0
-1.2747688460379436e-09	1.0
-2.706076884351205e-05	1.0
0.0	1.0
0.0	1.0
-0.0010565136326476932	1.0
0.0	1.0
-6.325405479401525e-07	1.0
-0.00567778991535306	0.0
0.0	1.0
0.0	1.0
-3.9274767914321274e-05	1.0
-9.677497700977256e-07	1.0
-6.5421168073953595e-06	1.0
0.0	1.0
0.0	1.0
0.0	1.0
0.0	1.0
0.0	1.0
-0.0003423405287321657	1.0
0.0	1.0
0.0	1.0
0.0	1.0
0.0	1.0
0.0	1.0
0.0	1.0
0.0	1.0
0.0	1.0
0.0	1.0
0.0	1.0
0.0	1.0
0.0	1.0
0.0	1.0
0.0	0.0
0.0	1.0
0.0	1.0
0.0	0.13043478260869565
-0.00819585844874382	0.0
0.0	1.0
0.0	1.0
0.0	0.0
-8.613218369646347e-07	1.0
0.0	1.0
0.0	0.0
0.0	1.0
-3.6867582821287215e-05	1.0
0.0	1.0
0.0	1.0
0.0	0.0
0.0	0.0
-0.00019895864534191787	1.0
0.0	1.0
0.0	1.0
0.0	1.0
0.0	1.0
0.0	1.0
-2.415041535641649e-06	1.0
0.0	1.0
-5.159037641533359e-10	0.0
-3.577436655177735e-05	0.0
-0.00011042211554013193	0.0
-0.00012922279711347073	0.0
0.0	1.0
-0.0064993989653885365	0.5
0.0	0.0
-0.002526187337934971	0.0
-1.084599171008449e-05	1.0
0.0	1.0
-1.8258044292451814e-05	1.0
0.0	1.0
-5.499619874171913e-05	1.0
-1.5704381439718418e-06	1.0
-1.265071114175953e-05	1.0
0.0	0.0
0.0	1.0
-1.147530201706104e-05	1.0
-1.3662410083270515e-06	1.0
0.0	1.0
-0.00015047496708575636	1.0
0.0	1.0
-6.630704660892661e-07	0.0
-0.0010185197461396456	1.0
0.0	1.0
0.0	0.0
0.0	1.0
0.0	1.0
-5.0405759566274355e-08	1.0
-0.00029014822212047875	0.0
0.0	1.0
0.0	0.0
0.0	1.0
0.0	1.0
0.0	1.0
0.0	1.0
-0.0004512786981649697	1.0
-0.07034986466169357	0.0
-1.2210144632263109e-05	1.0
-0.0007738742278888822	0.0
-1.726009912772497e-07	1.0
0.0	1.0
-1.9916438276368353e-08	1.0
-1.1815582183771767e-05	1.0
0.0	0.0
0.0	1.0
-8.219156200084399e-08	1.0
0.0	1.0
-1.9528177119809698e-07	1.0
-1.6492630550146714e-07	1.0
0.0	1.0
-1.9195856566511793e-06	1.0
-0.00029296940192580223	1.0
0.0	0.0064516129032258064
-4.976892142849465e-08	1.0
0.0	1.0
0.0	1.0
-1.4189268767950125e-05	1.0
0.0	1.0
0.0	1.0
-9.637010407459456e-07	1.0
-0.001770997536368668	1.0
-0.010653818026185036	0.0
0.0	0.14485981308411214
0.0	0.0
0.0	0.10392902408111533
0.0	1.0
0.0	0.007575757575757576
-0.00019813040853478014	1.0
0.0	1.0
0.0	1.0
-0.00025172499590553343	1.0
-0.00023767168750055134	0.013392857142857142
0.0	1.0
0.0	1.0
0.0	1.0
0.0	1.0
-0.0004797333385795355	1.0
0.0	1.0
-0.0002203775948146358	1.0
0.0	1.0
0.0	1.0
0.0	0.0
-9.025513281812891e-05	1.0
-1.7094182112487033e-05	1.0
-0.000855527410749346	0.0
0.0	1.0
-3.9554553950438276e-05	1.0
0.0	1.0
0.0	1.0
0.0	1.0
0.0	1.0
0.0	0.3752244165170557
0.0	1.0
-0.00016300994320772588	1.0
0.0	0.0
0.0	0.0
0.0	1.0
0.0	1.0
-8.215429988922551e-05	1.0
0.0	0.0
0.0	1.0
0.0	1.0
0.0	1.0
0.0	1.0
0.0	1.0
0.0	1.0
0.0	1.0
0.0	1.0
0.0	1.0
-0.0005019956734031439	0.0
0.0	1.0
-0.008622176945209503	0.0
-0.0003357247624080628	1.0
0.0	1.0
-5.877201147086453e-06	1.0
0.0	1.0
0.0	1.0
0.0	1.0
0.0	0.0
-2.6076615995407337e-06	1.0
0.0	1.0
-0.0017357210163027048	1.0
-0.0017613908275961876	0.06779661016949153
0.0	0.0
0.0	1.0
0.0	1.0
0.0	1.0
0.0	1.0
0.0	1.0
0.0	0.0
-5.209512892179191e-05	1.0
-0.015750113874673843	0.0
0.0	1.0
0.0	1.0
0.0	1.0
-0.00460111815482378	0.047619047619047616
0.0	0.0
-7.499017584677858e-08	1.0
0.0	1.0
0.0	1.0
-1.957096355909016e-05	1.0
0.0	0.0
0.0	0.0
0.0	1.0
0.0	1.0
0.0	1.0
0.0	1.0
-0.0008178167627193034	1.0
-2.027840302708954e-18	1.0
-0.005655813496559858	0.0
-7.985428965184838e-06	1.0
-2.4355687244792534e-08	0.0
0.0	1.0
0.0	1.0
0.0	1.0
-0.01235243584960699	0.0
0.0	1.0
0.0	1.0
0.0	1.0
0.0	1.0
0.0	1.0
0.0	1.0
0.0	1.0
0.0	1.0
-8.269758846896763e-14	1.0
-7.784829358570278e-05	1.0
0.0	1.0
-2.5183687739627203e-06	0.0
0.0	0.0
-0.0010419762693345547	1.0
-0.005233189091086388	0.0
-0.00013457801833283156	1.0
0.0	1.0
0.0	1.0
0.0	1.0
-0.008767358958721161	0.0
0.0	0.0
-2.521304554026216e-10	1.0
0.0	0.12231030577576443
