-1.0603497685224283e-05	1.0
0.0	0.0
0.0	1.0
0.0	1.0
0.0	1.0
0.0	1.0
0.0	0.0
0.0	0.0
-0.0003236836928408593	0.0
0.0	1.0
0.0	1.0
-4.10177162848413e-05	1.0
0.0	1.0
0.0	0.0
0.0	1.0
-3.117983169431682e-07	1.0
0.0	1.0
-0.0017702981131151319	1.0
0.0	1.0
-0.0005505190929397941	1.0
0.0	1.0
-2.94196252070833e-05	1.0
0.0	1.0
0.0	1.0
-0.002735291374847293	0.0
0.0	0.0
0.0	0.0
-0.00022684216673951596	0.2947976878612717
0.0	1.0
0.0	1.0
-5.162043817108497e-05	0.023121387283236993
0.0	1.0
-0.0007858205353841186	1.0
-1.9152869299432496e-06	1.0
-0.0007200933177955449	0.0
0.0	1.0
0.0	1.0
0.0	1.0
-9.317407238995656e-05	1.0
0.0	1.0
-0.008571773767471313	0.0
0.0	1.0
-0.014782150276005268	0.0
0.0	1.0
0.0	0.0
0.0	1.0
0.0	0.0
-6.39845939076622e-06	1.0
0.0	1.0
-0.00014650882803834975	1.0
0.0	0.0
0.0	1.0
0.0	1.0
0.0	1.0
0.0	1.0
0.0	1.0
-6.613934955268519e-10	1.0
-4.4943423982424235e-10	1.0
-0.00012106559734093025	1.0
0.0	1.0
0.0	1.0
-3.036265070477384e-07	1.0
0.0	1.0
-0.00019517747568897903	1.0
0.0	0.9848484848484849
0.0	1.0
-0.0015775447245687246	0.18269230769230768
-2.70066108365441e-10	1.0
0.0	1.0
0.0	1.0
-9.624209762471025e-11	1.0
-0.03284559026360512	0.0
0.0	1.0
-4.9635953473625705e-05	1.0
0.0	0.0
0.0	1.0
0.0	1.0
-1.9965138314023256e-15	1.0
0.0	1.0
-0.005752087105065584	0.0
0.0	1.0
-0.0004515010805334896	1.0
0.0	1.0
0.0	1.0
-0.0015962133184075356	1.0
-0.004028114024549723	0.0
-8.001370588317513e-05	1.0
-0.030649764463305473	0.3142857142857143
-4.1679592754917394e-07	1.0
-0.00023332948330789804	1.0
0.0	1.0
-0.0004329720395617187	0.0
0.0	1.0
-1.8076978449244052e-05	1.0
0.0	1.0
0.0	1.0
-0.00011786287359427661	1.0
-0.008947969414293766	0.0
0.0	1.0
-0.0002683172933757305	1.0
0.0	0.15217391304347827
0.0	1.0
0.0	1.0
0.0	1.0
-3.259579898440279e-05	0.0
-5.937863090110795e-09	1.0
0.0	1.0
-0.0010224897414445877	1.0
0.0	1.0
0.0	1.0
0.0	1.0
0.0	1.0
0.0	1.0
0.0	0.04054054054054054
0.0	0.0
0.0	1.0
0.0	1.0
-0.0003406647883821279	1.0
0.0	1.0
-5.147934643900953e-06	1.0
-1.291744098352865e-07	1.0
0.0	1.0
0.0	1.0
0.0	1.0
-1.7209501379511494e-08	1.0
0.0	1.0
-0.00010588452278170735	1.0
0.0	1.0
0.0	1.0
0.0	0.20064724919093851
-0.024790238589048386	0.0
0.0	1.0
0.0	1.0
-0.004796936642378569	0.0
-2.1343968910514377e-05	0.0
0.0	1.0
-2.246718759124633e-05	1.0
-0.001041401526890695	1.0
0.0	1.0
0.0	0.0
-1.3403748198470566e-05	1.0
0.0	1.0
-0.0008232976542785764	0.36363636363636365
0.0	1.0
-1.8286709746462293e-05	1.0
-7.514296885346994e-05	1.0
0.0	1.0
-2.6333340429118834e-05	0.0
0.0	1.0
0.0	1.0
0.0	0.0
-9.12259308892549e-13	1.0
0.0	1.0
0.0	1.0
-6.787479833292309e-06	1.0
0.0	1.0
-0.00010669280163710937	1.0
-2.0187078462186037e-06	1.0
0.0	1.0
0.0	1.0
0.0	0.0
-1.6103406585629698e-12	1.0
-1.6323065210599452e-05	1.0
-6.033472527633421e-05	1.0
0.0	1.0
0.0	1.0
0.0	0.23655913978494625
0.0	1.0
-1.3564158507506363e-05	1.0
0.0	1.0
0.0	1.0
0.0	1.0
0.0	1.0
0.0	0.0
-1.721851816682829e-08	1.0
0.0	1.0
-7.286288337127189e-07	0.7073170731707317
-0.00029445262043736875	1.0
-7.063079465297051e-06	1.0
-0.00010742224549176171	1.0
0.0	1.0
-0.0005344375385902822	1.0
0.0	1.0
0.0	1.0
-0.0003962666669394821	1.0
-1.664670401524404e-09	1.0
-0.000707472616340965	1.0
0.0	1.0
-9.32430339162238e-05	1.0
-0.020320186391472816	0.0
0.0	1.0
-0.0006983744679018855	1.0
-0.0007297690608538687	1.0
-5.647112857332104e-07	0.6043956043956044
0.0	1.0
0.0	1.0
-7.354848639806733e-05	1.0
0.0	1.0
0.0	1.0
-0.0035017761401832104	0.7021276595744681
0.0	0.18181818181818182
-0.0004477940092328936	1.0
0.0	1.0
0.0	1.0
-8.707824599696323e-05	1.0
0.0	1.0
-0.00953917857259512	0.0
0.0	1.0
-7.170208391471533e-06	1.0
0.0	1.0
-1.3425027756142072e-10	1.0
0.0	1.0
0.0	1.0
0.0	1.0
-4.040926621096119e-11	0.0
0.0	1.0
0.0	1.0
0.0	0.0
0.0	0.0
0.0	1.0
-6.934407679182186e-07	1.0
0.0	0.0
0.0	1.0
0.0	0.0
-0.0007838467136025429	0.01929260450160772
-6.979252731298402e-09	1.0
0.0	1.0
-0.0008651457028463483	1.0
-0.00025022050249390304	1.0
0.0	1.0
0.0	1.0
0.0	1.0
-0.0044321524910628796	1.0
0.0	0.0
-0.005961012095212936	0.0
0.0	0.0
0.0	1.0
0.0	1.0
0.0	1.0
-0.00029298229492269456	1.0
0.0	0.0
0.0	0.1386861313868613
-2.7547250738280127e-06	1.0
-0.00013980820949655026	0.0
0.0	1.0
-0.00030733825406059623	1.0
-1.334857074652973e-06	0.0
0.0	1.0
0.0	1.0
0.0	0.6666666666666666
-0.0001312088716076687	1.0
0.0	1.0
0.0	1.0
0.0	1.0
0.0	1.0
0.0	1.0
-1.6063784642028622e-05	1.0
0.0	1.0
0.0	1.0
0.0	0.0
0.0	1.0
-0.0031899423338472843	1.0
0.0	1.0
0.0	0.0
-0.0001895629829959944	1.0
0.0	1.0
0.0	1.0
0.0	1.0
-0.00167912058532238	1.0
0.0	0.0
0.0	1.0
0.0	1.0
0.0	1.0
0.0	1.0
0.0	1.0
0.0	1.0
0.0	1.0
-0.0012720022350549698	1.0
0.0	1.0
0.0	1.0
0.0	1.0
0.0	0.8913043478260869
0.0	1.0
-0.0007945988327264786	1.0
-0.0019682827405631542	1.0
0.0	1.0
0.0	1.0
0.0	1.0
0.0	0.0
0.0	1.0
-0.00014298719179350883	1.0
0.0	0.0
0.0	1.0
-7.960853508848231e-06	1.0
-0.017464840784668922	0.0
0.0	0.023391812865497075
0.0	1.0
0.0	1.0
-3.216159939256613e-06	1.0
-7.644490374048019e-09	0.746031746031746
0.0	1.0
0.0	0.0
-0.0006398135446943343	1.0
0.0	1.0
-0.0005363355739973485	0.0
0.0	1.0
0.0	0.29256198347107437
0.0	1.0
0.0	1.0
0.0	1.0
-1.5736288332846016e-05	1.0
0.0	1.0
0.0	1.0
0.0	1.0
0.0	1.0
-3.891463973976217e-12	1.0
0.0	1.0
-0.0003560420882422477	1.0
0.0	1.0
-0.0025677357334643602	1.0
0.0	1.0
-0.015960296615958214	0.0
-0.006974670570343733	0.0
-0.06873349100351334	0.0
-1.7397914706118733e-11	1.0
0.0	0.1678832116788321
0.0	1.0
0.0	1.0
0.0	1.0
-5.679334935848601e-05	0.0
-2.8760878194589168e-06	0.0
0.0	1.0
-0.0001293342502322048	1.0
0.0	1.0
-0.0001187222296721302	0.0136986301369863
0.0	0.0
0.0	1.0
0.0	1.0
-4.634172728401609e-05	1.0
0.0	1.0
0.0	0.014598540145985401
0.0	0.6299483648881239
0.0	1.0
0.0	1.0
0.0	1.0
0.0	1.0
0.0	1.0
-0.0063761333003640175	0.0
-1.26589966953361e-07	1.0
-9.50124312559808e-10	1.0
0.0	1.0
0.0	1.0
-0.0006725945859216154	0.08823529411764706
-0.0003655761247500777	1.0
0.0	1.0
0.0	1.0
0.0	1.0
0.0	1.0
-2.686307141175348e-07	1.0
-8.023105692700483e-06	1.0
-8.732326023164205e-06	1.0
-0.00013057346222922206	1.0
0.0	1.0
0.0	1.0
0.0	1.0
-0.00196751207113266	1.0
-0.04415285959839821	0.0
0.0	1.0
0.0	0.0
0.0	0.0
-2.4579617854958435e-11	1.0
0.0	1.0
0.0	1.0
0.0	1.0
0.0	1.0
0.0	1.0
0.0	1.0
0.0	1.0
0.0	1.0
-1.2173477159649337e-07	1.0
-2.2583888892313553e-07	1.0
0.0	0.22950819672131148
0.0	1.0
0.0	1.0
0.0	1.0
0.0	1.0
0.0	1.0
0.0	1.0
0.0	1.0
0.0	1.0
-6.13629337684652e-18	1.0
0.0	1.0
0.0	1.0
-0.008703941479325294	0.26666666666666666
0.0	1.0
-1.412552137480816e-07	1.0
-1.3675769405807614e-09	1.0
0.0	1.0
-5.151787263457663e-06	0.0
0.0	1.0
-0.0007810260867699981	1.0
-2.7439925815997412e-06	1.0
-0.0003763725108001381	1.0
0.0	0.0
0.0	1.0
0.0	1.0
0.0	1.0
-6.918836152181029e-05	1.0
0.0	1.0
0.0	1.0
0.0	1.0
0.0	1.0
0.0	1.0
0.0	1.0
0.0	1.0
0.0	1.0
0.0	1.0
-0.00017798130284063518	1.0
-2.531370455471915e-07	1.0
-0.00048388083814643323	1.0
0.0	0.0
0.0	0.0
-0.0001928033889271319	1.0
0.0	1.0
0.0	1.0
0.0	1.0
0.0	1.0
-0.0112092774361372	0.3333333333333333
0.0	1.0
0.0	1.0
0.0	1.0
-1.1221867879385172e-09	1.0
0.0	1.0
-0.00013657251838594675	1.0
0.0	1.0
0.0	1.0
0.0	1.0
0.0	0.0
0.0	0.38095238095238093
0.0	1.0
0.0	1.0
-0.00020402032532729208	1.0
-0.000559027015697211	1.0
0.0	1.0
0.0	1.0
-0.001472029136493802	1.0
-0.0003178804472554475	1.0
0.0	1.0
0.0	1.0
0.0	0.0
0.0	1.0
0.0	0.5977198697068404
-0.026852291077375412	0.0
-2.979767941724276e-06	0.3541666666666667
0.0	1.0
0.0	1.0
0.0	1.0
-6.12774830877072e-10	1.0
-9.85583301371662e-06	0.0
0.0	1.0
0.0	0.0
-6.617684266529977e-05	0.22
0.0	1.0
-0.00011895155330421403	1.0
0.0	1.0
0.0	1.0
-4.286294824851211e-06	1.0
0.0	1.0
-0.00016905304801184684	1.0
-0.00010726435721153393	1.0
-0.00012904845061711967	1.0
0.0	1.0
0.0	1.0
0.0	1.0
0.0	1.0
-5.5876253099995665e-06	1.0
0.0	1.0
0.0	1.0
-4.360623734100955e-06	1.0
-0.00030391462496481836	0.09090909090909091
-0.00021218112669885159	0.0
0.0	1.0
0.0	0.0
0.0	1.0
-0.000334594544256106	0.0
0.0	1.0
0.0	1.0
-0.0002734049048740417	1.0
0.0	1.0
-9.438778943149373e-05	1.0
0.0	0.0
-0.0015123661141842604	1.0
-8.78616276622779e-07	0.0
-0.008301475085318089	0.0
0.0	1.0
-0.00023156839597504586	0.0
0.0	0.39416058394160586
0.0	1.0
-1.4733226407770417e-06	1.0
-3.5995555663248524e-05	0.0
-7.169319815147901e-06	0.0
0.0	1.0
-0.0011770339915528893	1.0
-2.591989323263988e-05	1.0
-0.0014627662021666765	1.0
0.0	1.0
0.0	1.0
0.0	1.0
0.0	1.0
-0.00046440152800641954	1.0
0.0	1.0
0.0	1.0
0.0	0.0
0.0	0.20437956204379562
-4.368363806861453e-05	1.0
0.0	1.0
0.0	1.0
0.0	1.0
0.0	0.0
0.0	1.0
-4.543700470094336e-06	1.0
0.0	1.0
-0.00020539308025036007	1.0
0.0	1.0
-7.241816035730153e-08	1.0
-0.0008851005113683641	0.09090909090909091
-1.8591413131208157e-12	1.0
0.0	1.0
-3.2879294842302897e-09	1.0
0.0	1.0
0.0	1.0
0.0	1.0
0.0	1.0
-6.663015028607333e-07	1.0
-3.516019253524405e-09	0.05128205128205128
0.0	0.0
0.0	1.0
-0.0013989461585879326	0.0
-0.0002288919349666685	0.0
0.0	1.0
-9.409187623532489e-05	1.0
0.0	0.0
0.0	1.0
-0.0005420536617748439	1.0
0.0	1.0
0.0	1.0
0.0	0.0
0.0	0.011904761904761904
0.0	1.0
0.0	1.0
0.0	1.0
-1.4646801105300256e-07	0.0
-0.036906566470861435	0.0
0.0	1.0
-1.2944548188897897e-07	1.0
0.0	0.0
-3.6772130479478804e-11	1.0
0.0	0.0
-5.556014537333454e-10	1.0
-0.00024899549316614866	1.0
0.0	1.0
0.0	1.0
0.0	1.0
0.0	0.0
-3.908592560719626e-09	1.0
0.0	1.0
0.0	1.0
0.0	1.0
0.0	1.0
0.0	1.0
0.0	1.0
0.0	0.8266033254156769
-0.00228870939463377	0.0
0.0	1.0
0.0	0.0
-0.00014355554594658315	1.0
