-2.8724229661492018e-09	1.0
0.0	0.28205128205128205
-0.014647891744971275	0.0
-1.7707041479297914e-05	1.0
0.0	0.0
0.0	1.0
0.0	0.0
0.0	1.0
-0.0010283130686730146	1.0
0.0	1.0
0.0	1.0
0.0	0.0
-1.0530211685261248e-12	1.0
0.0	1.0
-0.00034183342359028757	0.0
-0.00011499618995003402	0.1
-3.10830736149903e-11	0.0
0.0	1.0
-4.68106600237661e-06	0.35
0.0	1.0
0.0	1.0
0.0	1.0
-0.00031120452331379056	1.0
-5.661336035700515e-05	1.0
0.0	0.043859649122807015
-6.272900463955011e-06	0.0
0.0	0.28640776699029125
0.0	1.0
0.0	1.0
0.0	0.0
0.0	1.0
-1.0926400136668235e-05	1.0
0.0	0.027777777777777776
-0.00010369432129664347	1.0
-0.20200181007385254	0.0
-1.6783547835075296e-05	1.0
0.0	1.0
-2.9365463660724345e-07	0.0
0.0	1.0
-0.00014931305486243218	1.0
-0.00020814529852941632	1.0
-1.768946458469145e-05	1.0
-0.0001726201007841155	0.1822429906542056
-2.8656864969889284e-07	0.41483516483516486
0.0	1.0
-3.4066253817854886e-08	1.0
-6.626096819672966e-06	1.0
0.0	1.0
0.0	1.0
0.0	1.0
-0.002476668218150735	1.0
0.0	1.0
-4.386176897241967e-06	1.0
-1.1983608549925862e-09	1.0
0.0	1.0
0.0	1.0
-8.85433837538585e-06	1.0
-2.2604126570513472e-05	1.0
-2.1042145817773417e-05	1.0
-7.31424952391535e-05	1.0
-0.00036363262915983796	1.0
0.0	1.0
0.0	1.0
0.0	1.0
0.0	1.0
0.0	1.0
0.0	1.0
-0.001943110954016447	0.0
0.0	1.0
-2.166908234357834e-05	1.0
-0.0010657341917976737	1.0
0.0	1.0
-2.1614483557641506e-05	1.0
0.0	1.0
0.0	0.0
0.0	1.0
0.0	1.0
0.0	1.0
0.0	1.0
0.0	1.0
0.0	0.6986301369863014
-1.828282876203957e-07	1.0
-1.0937816341538564e-07	1.0
0.0	0.0
-7.243116124300286e-05	1.0
-1.4771830137760844e-05	0.0
0.0	1.0
-0.0001787636720109731	1.0
0.0	1.0
0.0	1.0
0.0	1.0
0.0	1.0
-2.4540290155528055e-07	1.0
0.0	1.0
0.0	1.0
0.0	1.0
0.0	1.0
0.0	1.0
-5.889236147360588e-12	1.0
0.0	1.0
0.0	1.0
-3.614988131062091e-08	0.0
-0.00016634853091090918	1.0
-0.00030286057153716683	1.0
-1.8230426576337777e-05	1.0
-0.00017121770360972732	0.0
-6.089648650231538e-06	0.0
0.0	1.0
0.0	1.0
-5.748529019911075e-06	1.0
0.0	1.0
0.0	1.0
0.0	1.0
0.0	1.0
-2.2799182261223905e-05	1.0
-2.6772737328428775e-05	1.0
0.0	1.0
0.0	0.0
-9.28449571802048e-06	0.0
0.0	1.0
0.0	1.0
0.0	1.0
0.0	1.0
0.0	1.0
0.0	1.0
-0.0020290096290409565	0.0
-0.0002998858690261841	1.0
0.0	1.0
0.0	0.688113413304253
0.0	0.0
-6.840352853032527e-07	0.0
0.0	0.0
-0.004119835793972015	1.0
0.0	1.0
-0.000530363991856575	1.0
0.0	1.0
-0.003185967681929469	1.0
0.0	1.0
0.0	0.0
0.0	1.0
-1.4897486266818305e-07	0.0
0.0	1.0
0.0	1.0
0.0	1.0
-1.6117655832204036e-05	1.0
-2.643534116941737e-06	1.0
-0.00035325626959092915	1.0
0.0	1.0
0.0	1.0
-7.116956624031445e-08	1.0
0.0	0.0
0.0	1.0
0.0	1.0
-0.002245528157800436	0.43902439024390244
0.0	1.0
0.0	1.0
0.0	1.0
-2.4652712454553694e-05	1.0
0.0	1.0
0.0	0.0
0.0	1.0
0.0	1.0
0.0	1.0
-3.0136786399737048e-09	1.0
0.0	1.0
-0.0005572738591581583	1.0
-5.6074575695674866e-05	1.0
0.0	1.0
-0.01586833968758583	0.0
0.0	0.05555555555555555
0.0	0.1
0.0	0.4
0.0	1.0
0.0	0.0
-0.0003421108121983707	1.0
-0.0007336592534556985	1.0
0.0	1.0
0.0	1.0
0.0	1.0
0.0	1.0
0.0	1.0
0.0	0.0868421052631579
-2.685873732843902e-05	1.0
-1.3983031399433798e-10	1.0
0.0	1.0
0.0	0.0
0.0	0.9881889763779528
0.0	0.0
-1.195015897792473e-06	1.0
-4.003459252999164e-05	1.0
-4.2109290916414466e-06	1.0
0.0	0.5555555555555556
-0.0005779502680525184	1.0
0.0	1.0
-0.0004700870194938034	1.0
0.0	1.0
-5.565958872466581e-06	1.0
-0.0015532115940004587	0.47368421052631576
0.0	1.0
0.0	1.0
-0.00482270959764719	0.0
-5.729358963435516e-05	0.0
0.0	1.0
-2.0103675524296705e-06	1.0
0.0	1.0
-0.005240754224359989	0.0
0.0	1.0
0.0	1.0
-1.8172651834902354e-05	1.0
0.0	1.0
0.0	1.0
0.0	1.0
-0.017342492938041687	0.0
0.0	1.0
0.0	0.0
0.0	1.0
0.0	1.0
-5.8786235968000256e-06	1.0
0.0	1.0
0.0	1.0
0.0	1.0
0.0	1.0
-1.4982198308644001e-06	1.0
0.0	1.0
0.0	1.0
-0.00017022671818267554	1.0
0.0	0.0
0.0	1.0
-8.544308911950793e-06	1.0
-3.167192289765808e-06	1.0
0.0	1.0
-0.0005113290389999747	0.0
0.0	1.0
0.0	1.0
-8.0350673670182e-07	1.0
0.0	1.0
0.0	1.0
0.0	1.0
0.0	0.0
-9.261709055863321e-05	1.0
-0.009152567014098167	0.0
0.0	1.0
0.0	1.0
0.0	1.0
0.0	1.0
0.0	1.0
-5.1010993047384545e-05	1.0
0.0	1.0
0.0	1.0
0.0	1.0
-6.773453833375243e-07	1.0
-0.0001504460524301976	1.0
0.0	1.0
0.0	1.0
0.0	1.0
0.0	1.0
-3.688503669163623e-10	1.0
-0.001522677717730403	0.0
0.0	1.0
-0.00045447322190739214	1.0
-1.8246014477085737e-08	1.0
0.0	1.0
0.0	1.0
0.0	0.9588688946015425
-0.0006050719530321658	0.0
0.0	1.0
-0.0006567987147718668	1.0
0.0	1.0
-3.72193760256323e-08	1.0
0.0	1.0
0.0	1.0
0.0	1.0
0.0	0.0
0.0	0.0
0.0	1.0
0.0	1.0
0.0	0.0
0.0	1.0
-0.0010427864035591483	0.0
0.0	1.0
-0.001082220347598195	1.0
-3.0295008400571533e-05	1.0
0.0	1.0
-0.005625935271382332	0.0
0.0	1.0
-0.00010867782111745328	0.0
0.0	1.0
-0.005744001362472773	0.0
0.0	1.0
-0.0011068849125877023	1.0
0.0	1.0
0.0	1.0
0.0	1.0
-0.005975573323667049	0.0
0.0	1.0
0.0	0.0
0.0	1.0
0.0	1.0
0.0	1.0
0.0	1.0
-0.0008110630442388356	0.0
0.0	1.0
0.0	1.0
-0.0009169512777589262	1.0
0.0	0.25
-9.278337529394776e-06	1.0
0.0	1.0
-0.00013220748223830014	1.0
0.0	1.0
-8.947080272839192e-14	0.011904761904761904
0.0	1.0
-0.0010831087129190564	0.017543859649122806
0.0	1.0
0.0	1.0
-7.5541133810475e-06	0.0
0.0	1.0
0.0	1.0
0.0	1.0
0.0	1.0
0.0	1.0
0.0	0.11764705882352941
-6.870775649814309e-13	1.0
-5.159493230166845e-05	1.0
0.0	0.0
0.0	1.0
0.0	1.0
-1.2170336049166508e-05	1.0
-0.00019584242545533925	0.0
0.0	1.0
-1.5532154066022485e-05	1.0
-0.00019391844398342073	1.0
-0.0017799854977056384	0.3333333333333333
0.0	0.5504587155963303
0.0	1.0
-0.00037019935552962124	1.0
0.0	1.0
0.0	1.0
-0.00015240279026329517	1.0
-0.0028685685247182846	1.0
0.0	0.0
0.0	1.0
-0.0010227968450635672	0.0
0.0	1.0
0.0	1.0
0.0	1.0
-2.2508179426949937e-06	0.02040816326530612
0.0	0.0
0.0	1.0
0.0	1.0
0.0	1.0
-9.871309157460928e-05	1.0
0.0	0.060126582278481014
0.0	1.0
0.0	1.0
0.0	1.0
0.0	1.0
0.0	1.0
0.0	0.0
0.0	1.0
0.0	1.0
0.0	1.0
0.0	1.0
-4.651858009907528e-09	1.0
0.0	1.0
0.0	1.0
-8.127920409606304e-06	1.0
0.0	0.21794871794871795
0.0	1.0
0.0	1.0
0.0	1.0
0.0	0.0
0.0	1.0
0.0	1.0
0.0	1.0
-0.004186962731182575	1.0
-0.0009351950720883906	1.0
0.0	1.0
0.0	1.0
-6.450153477999265e-08	1.0
-0.00043480496970005333	1.0
-0.043089158833026886	0.0
0.0	1.0
-0.0001886144746094942	1.0
0.0	1.0
0.0	0.0
0.0	1.0
0.0	1.0
0.0	1.0
-1.674933614026486e-08	1.0
-4.975061074219411e-07	1.0
0.0	1.0
0.0	1.0
-0.0008991390350274742	0.0
0.0	1.0
-0.0006131786503829062	1.0
0.0	1.0
-0.001244169077835977	1.0
-0.0006475193076767027	0.0
0.0	1.0
-4.67535619463888e-06	1.0
-0.003584344871342182	0.08
0.0	0.0
0.0	1.0
0.0	1.0
0.0	1.0
0.0	1.0
0.0	1.0
0.0	1.0
-1.213781888509402e-05	1.0
-9.489064541412517e-05	1.0
-1.4883951280353358e-06	1.0
-1.9449951196293114e-06	1.0
0.0	1.0
0.0	1.0
-9.88889005384408e-05	1.0
-5.196424808673328e-06	1.0
-1.6789396478991692e-12	0.0
-0.0011287068482488394	1.0
-2.497786408639513e-05	1.0
0.0	1.0
-1.3151689737256334e-09	1.0
-0.0009909847285598516	1.0
0.0	1.0
0.0	1.0
0.0	1.0
0.0	1.0
-0.0005596578703261912	1.0
0.0	1.0
0.0	1.0
-3.873662510155335e-19	1.0
0.0	1.0
0.0	1.0
-1.932165105245076e-05	0.0
0.0	1.0
-0.000347883120412007	0.0
0.0	1.0
0.0	0.25
-0.005967244505882263	0.0
0.0	1.0
0.0	1.0
0.0	1.0
0.0	1.0
-0.00339171732775867	1.0
-3.2213069971476216e-06	1.0
0.0	1.0
-0.0017941378755494952	1.0
-0.0009460369474254549	1.0
-1.606228181572078e-07	0.0
0.0	1.0
0.0	1.0
0.0	1.0
-1.347657097028332e-09	1.0
-0.0059031532146036625	1.0
0.0	1.0
0.0	0.0
-1.0165997991862241e-05	1.0
0.0	1.0
-5.450372918858193e-05	1.0
0.0	1.0
0.0	1.0
-1.068609208232374e-06	1.0
-6.48171349492549e-13	1.0
-0.00017711753025650978	1.0
0.0	0.0
-0.0016817107098177075	0.04950495049504951
-1.746165071381256e-05	1.0
0.0	1.0
0.0	1.0
0.0	1.0
0.0	1.0
-0.008164780214428902	0.4791666666666667
-3.705799099407159e-05	1.0
0.0	1.0
0.0	1.0
-0.0011366704711690545	0.0
0.0	1.0
0.0	1.0
0.0	1.0
0.0	0.0
0.0	1.0
0.0	1.0
0.0	1.0
0.0	0.058823529411764705
-2.1144651327631436e-05	1.0
0.0	1.0
0.0	1.0
0.0	0.0
-0.001021767733618617	1.0
0.0	1.0
0.0	0.0
-0.002538925502449274	0.021739130434782608
0.0	1.0
0.0	0.8543689320388349
0.0	1.0
-1.4724818129252526e-06	1.0
0.0	1.0
