-3.509777570798178e-06	0.0
0.0	0.0
-0.0001142062756116502	0.0
0.0	0.0
0.0	1.0
0.0	0.0
0.0	1.0
0.0	1.0
-4.027217073598877e-06	1.0
-0.0013805062044411898	1.0
0.0	1.0
0.0	1.0
0.0	1.0
0.0	1.0
0.0	0.02857142857142857
0.0	1.0
0.0	1.0
0.0	1.0
0.0	1.0
0.0	1.0
0.0	1.0
0.0	1.0
0.0	1.0
0.0	1.0
0.0	1.0
0.0	1.0
0.0	1.0
0.0	1.0
0.0	1.0
-6.530940299853683e-05	1.0
0.0	0.6666666666666666
-0.0004621379484888166	1.0
-0.0007497562328353524	1.0
0.0	1.0
0.0	1.0
0.0	1.0
-4.146907485846896e-06	0.0
0.0	1.0
0.0	1.0
0.0	1.0
0.0	1.0
0.0	1.0
0.0	1.0
0.0	1.0
-2.935835219375349e-08	1.0
-0.0004439782933332026	1.0
-0.00010874003783101216	1.0
-2.0416400730027817e-06	0.0
0.0	1.0
0.0	1.0
0.0	1.0
-0.00020672634127549827	1.0
-0.0013636663788929582	1.0
-0.0006638612248934805	1.0
-0.011623612605035305	0.0
0.0	1.0
-0.020352495834231377	0.0
0.0	1.0
0.0	1.0
-0.000334256881615147	1.0
-0.001306853024289012	1.0
0.0	1.0
0.0	1.0
0.0	1.0
0.0	1.0
0.0	1.0
0.0	0.0
-2.7978539947071113e-05	0.0
0.0	1.0
0.0	1.0
0.0	1.0
0.0	0.0
0.0	1.0
0.0	1.0
-1.2574940910781152e-06	1.0
0.0	0.3076923076923077
-0.0018981249304488301	1.0
0.0	1.0
-0.0037704387214034796	0.0
0.0	0.0
-0.00031975918682292104	1.0
0.0	0.0
-8.353660814464092e-05	1.0
-7.406267104670405e-05	1.0
0.0	1.0
-2.030711154787923e-09	1.0
0.0	1.0
0.0	1.0
0.0	1.0
0.0	1.0
-5.637632784782909e-05	1.0
0.0	0.0
0.0	1.0
0.0	1.0
0.0	1.0
-0.0003620473435148597	1.0
0.0	1.0
0.0	1.0
-0.004233614541590214	0.0
0.0	1.0
0.0	1.0
0.0	1.0
0.0	1.0
0.0	1.0
-0.00026912213070318103	1.0
-7.132090104278177e-05	0.0
-4.528478257270763e-06	1.0
0.0	0.14615384615384616
-5.912702908972278e-05	1.0
-0.015456313267350197	0.09615384615384616
0.0	1.0
0.0	1.0
0.0	1.0
-0.0006539823370985687	1.0
-7.728024502284825e-05	1.0
0.0	1.0
-2.137114825018216e-05	1.0
-4.31510301268645e-07	1.0
-8.784064675637637e-08	1.0
-5.754910489486065e-06	1.0
-2.2110943631581392e-10	1.0
0.0	1.0
0.0	0.0
0.0	1.0
0.0	0.0
0.0	1.0
0.0	1.0
0.0	1.0
-1.7297903696089634e-06	0.0
-0.0004133196489419788	0.0
-0.003390032099559903	1.0
0.0	0.0
0.0	1.0
0.0	1.0
0.0	1.0
-0.00014591708895750344	1.0
0.0	1.0
0.0	1.0
-9.658641829446424e-06	1.0
-0.0005956229288130999	0.0
0.0	1.0
0.0	1.0
0.0	1.0
0.0	1.0
0.0	1.0
0.0	1.0
-3.4401787161186803e-06	0.7692307692307693
-0.004170083906501532	0.04247104247104247
0.0	1.0
-5.141186557011679e-05	1.0
0.0	1.0
0.0	1.0
0.0	1.0
0.0	1.0
0.0	0.0
-0.0011270463000983	1.0
0.0	0.0
-7.715160609222949e-05	1.0
0.0	0.0
-2.1053660020697862e-05	1.0
0.0	1.0
0.0	1.0
-7.012771675363183e-05	1.0
-1.9825774870696478e-05	1.0
0.0	1.0
0.0	1.0
-9.733037842352132e-08	1.0
0.0	1.0
-0.00513268681243062	1.0
0.0	1.0
0.0	1.0
-0.006324509158730507	0.96
0.0	1.0
-2.4448862934178806e-09	1.0
-9.556614531902596e-05	1.0
-0.019688516855239868	0.0
0.0	0.0
-1.963009843564123e-08	0.0
0.0	0.0
-0.0005472068442031741	1.0
-0.032816849648952484	0.0
0.0	0.019178082191780823
-7.335824193432927e-05	1.0
0.0	1.0
-0.003446195274591446	1.0
0.0	1.0
-0.0009587231907062232	0.0
-0.00217443541623652	0.09803921568627451
-0.0004044881206937134	1.0
0.0	1.0
0.0	1.0
0.0	1.0
-0.0002762800722848624	1.0
0.0	1.0
0.0	1.0
-2.0106467878855004e-15	1.0
-0.010710200294852257	0.0
0.0	1.0
0.0	1.0
-4.584185717249056e-06	0.0
-3.1904551178740803e-07	1.0
-0.008143548853695393	0.0
0.0	0.0
-6.797382212653247e-08	1.0
0.0	1.0
0.0	1.0
0.0	1.0
0.0	1.0
0.0	1.0
-0.00020512629998847842	1.0
-1.995048478420358e-06	1.0
0.0	1.0
0.0	1.0
0.0	0.0
-8.706419407644717e-08	1.0
-7.545363132521743e-06	1.0
-0.012758268974721432	1.0
0.0	1.0
0.0	0.6785714285714286
0.0	0.0
-4.897799499303801e-06	1.0
0.0	1.0
-5.918538136029383e-06	0.0
0.0	1.0
-0.001050432096235454	1.0
0.0	1.0
-3.4816924343594735e-10	1.0
-1.1054187780246139e-05	1.0
0.0	1.0
0.0	1.0
0.0	1.0
-0.00016876013251021504	0.22
0.0	0.0
0.0	0.02877697841726619
0.0	1.0
0.0	0.0
-0.0003815244126599282	0.0
0.0	1.0
-0.058284882456064224	0.0
-7.995927596253505e-13	1.0
0.0	1.0
0.0	0.11643835616438356
0.0	1.0
-4.930554041493451e-06	0.0
0.0	1.0
0.0	1.0
0.0	1.0
-4.437170446180971e-06	1.0
0.0	1.0
0.0	0.0
0.0	1.0
-0.01956505887210369	0.01834862385321101
-0.018428510054945946	0.0
0.0	1.0
0.0	1.0
0.0	1.0
-0.001253529917448759	1.0
-0.003043678356334567	0.0
-4.2604000327628455e-07	1.0
-3.822324401436816e-12	0.0
0.0	1.0
-7.810827810317278e-05	1.0
0.0	1.0
0.0	1.0
0.0	0.0
0.0	1.0
0.0	1.0
0.0	1.0
0.0	1.0
0.0	1.0
-1.2620550204530822e-17	1.0
0.0	0.0
0.0	1.0
0.0	1.0
0.0	1.0
0.0	1.0
0.0	1.0
0.0	1.0
-0.0031442041508853436	1.0
-0.011736041866242886	0.0
0.0	1.0
0.0	0.0
0.0	1.0
0.0	1.0
-0.0001677034597378224	1.0
0.0	1.0
0.0	1.0
0.0	1.0
-4.6968764877419744e-07	1.0
0.0	0.0
0.0	0.0
0.0	1.0
0.0	1.0
0.0	1.0
-1.9510340280248784e-05	1.0
0.0	0.0
0.0	1.0
0.0	0.0
0.0	1.0
0.0	1.0
0.0	0.1
0.0	1.0
-2.599963772809133e-05	1.0
0.0	1.0
-0.00011554037337191403	0.0
0.0	1.0
0.0	1.0
0.0	1.0
-0.00020682247122749686	1.0
-1.4861333283988643e-06	1.0
-0.0006714480114169419	1.0
0.0	1.0
0.0	1.0
0.0	1.0
-0.001724319183267653	0.0
-0.005724758375436068	0.0
-0.00012565079669002444	1.0
0.0	1.0
0.0	1.0
0.0	1.0
0.0	0.0
0.0	0.8797250859106529
0.0	0.0
0.0	1.0
0.0	1.0
-2.866605245799292e-05	1.0
0.0	1.0
-0.0009053177200257778	0.0
0.0	1.0
0.0	1.0
0.0	1.0
0.0	0.0
-0.000124881393276155	1.0
0.0	1.0
0.0	0.2647058823529412
0.0	1.0
0.0	1.0
-0.0016388432122766972	0.0
0.0	1.0
-0.000392718065995723	1.0
0.0	1.0
-0.00013765072799287736	1.0
-1.345974709465736e-07	1.0
0.0	1.0
-0.0003151061537209898	1.0
0.0	1.0
0.0	1.0
0.0	1.0
-0.00023033976322039962	1.0
-6.195786409080029e-05	1.0
-1.7885731722344644e-05	1.0
0.0	1.0
-0.00041196218808181584	1.0
0.0	1.0
-0.0011908796150237322	1.0
0.0	0.0
0.0	1.0
0.0	1.0
0.0	1.0
-5.899619903715347e-09	1.0
-1.2262533211071514e-08	1.0
0.0	1.0
0.0	1.0
-1.9218552438360348e-07	0.0
0.0	1.0
-0.022036109119653702	0.0
0.0	1.0
0.0	1.0
-3.158904064548551e-06	1.0
-2.5025615286722314e-06	1.0
-0.0003840845893137157	1.0
0.0	0.0
-0.00014324193762149662	1.0
0.0	1.0
0.0	1.0
-0.0006397346733137965	1.0
0.0	1.0
-0.002490116748958826	1.0
-0.000836433784570545	1.0
0.0	0.061855670103092786
0.0	1.0
-0.0007216898375190794	1.0
0.0	1.0
-2.3641625546133582e-07	1.0
-0.0001327858044533059	1.0
-1.8080167137668468e-05	0.0
-2.527633660065476e-05	1.0
0.0	1.0
0.0	1.0
-0.0016134794568642974	1.0
0.0	1.0
0.0	0.0
0.0	1.0
-1.9480274204397574e-05	1.0
-0.0001763798063620925	1.0
-9.904150253831762e-14	1.0
0.0	1.0
-1.1616844153294892e-09	0.041666666666666664
0.0	1.0
-9.901249313770677e-07	1.0
-8.806265213934239e-06	1.0
0.0	0.0
0.0	1.0
-2.890041287173517e-06	0.0
0.0	0.0
0.0	1.0
0.0	1.0
-0.0008568554185330868	1.0
0.0	1.0
-1.2019932604800942e-08	1.0
0.0	0.7413333333333333
0.0	1.0
0.0	1.0
0.0	1.0
-1.2114805031160358e-05	1.0
0.0	1.0
0.0	1.0
-0.0006699024233967066	1.0
-4.6352489846412936e-08	0.9310344827586207
0.0	0.02158273381294964
0.0	0.3269230769230769
0.0	1.0
0.0	1.0
0.0	1.0
-1.4038309018360451e-05	1.0
0.0	1.0
-4.062582661390479e-07	1.0
-0.000330871349433437	1.0
0.0	1.0
-7.721399742877111e-05	0.0
0.0	1.0
-1.5460762369912118e-05	1.0
0.0	1.0
0.0	0.05
-2.7996163680654718e-06	1.0
0.0	1.0
-0.0061664944514632225	0.0
0.0	0.06
0.0	1.0
-1.0035604645963758e-05	1.0
0.0	1.0
-9.002039587358013e-05	1.0
0.0	0.0
-1.6290614439640194e-06	1.0
0.0	1.0
0.0	1.0
0.0	1.0
-2.195820343331434e-05	0.0
0.0	1.0
-0.0010597635991871357	0.0
0.0	1.0
-8.674977834743913e-06	1.0
-0.0027343418914824724	0.0
0.0	1.0
-5.033833758716355e-07	1.0
-0.00040022775647230446	1.0
0.0	0.0
-8.142587466863915e-05	1.0
-1.0147157354367664e-06	1.0
-0.00012609243276529014	0.18518518518518517
0.0	1.0
0.0	1.0
-0.0017914030468091369	1.0
0.0	1.0
-4.135871131438762e-05	1.0
-7.35539651941508e-05	0.0
0.0	1.0
0.0	1.0
-0.0009353937348350883	1.0
-9.271501039620489e-05	1.0
-1.5240409993566573e-05	1.0
-3.354184445925057e-05	1.0
0.0	1.0
0.0	1.0
0.0	1.0
-1.675789285116025e-08	1.0
0.0	1.0
0.0	1.0
-4.52210042567458e-05	0.0
-1.4704750356031582e-05	1.0
0.0	1.0
0.0	0.0
-0.00013103221135679632	1.0
0.0	1.0
0.0	1.0
-0.0013147126883268356	1.0
0.0	1.0
0.0	1.0
-1.7415115507901646e-05	1.0
0.0	1.0
-4.2340572690591216e-05	1.0
0.0	1.0
-5.830113991578401e-07	1.0
0.0	1.0
-3.242081803023211e-08	1.0
0.0	1.0
0.0	1.0
0.0	1.0
0.0	1.0
0.0	1.0
