0.0	1.0
0.0	1.0
-9.319467153545702e-07	1.0
0.0	0.5714285714285714
0.0	1.0
-1.9336686918336454e-08	1.0
-0.07127749174833298	0.0
0.0	1.0
0.0	1.0
0.0	1.0
-0.0035832517314702272	0.12204234122042341
-0.0011786343529820442	1.0
0.0	1.0
0.0	1.0
-1.4843573126199772e-07	1.0
0.0	1.0
-0.0001827502273954451	1.0
-7.496945181628689e-05	1.0
0.0	1.0
0.0	1.0
0.0	1.0
0.0	1.0
0.0	1.0
-9.812123607844114e-06	1.0
-7.310676301131025e-05	1.0
0.0	1.0
0.0	1.0
0.0	1.0
0.0	1.0
-1.3748336691321583e-08	0.0
0.0	1.0
-0.001364334486424923	0.0
0.0	1.0
0.0	0.0
0.0	1.0
-1.7894738135737498e-08	1.0
0.0	1.0
0.0	1.0
-1.2345217328402214e-06	1.0
0.0	1.0
-6.964609929127619e-05	0.10975609756097561
-7.198807452368783e-06	1.0
0.0	0.22448979591836735
-0.04446258395910263	0.125
0.0	1.0
-0.00026755055296234787	1.0
0.0	1.0
0.0	0.13043478260869565
0.0	1.0
0.0	0.0
0.0	1.0
0.0	1.0
-0.0021223395597189665	1.0
-0.0009299287921749055	1.0
0.0	1.0
0.0	1.0
-0.0003413207596167922	1.0
0.0	1.0
-0.0001084429313777946	1.0
0.0	1.0
-0.00023571177734993398	1.0
0.0	1.0
0.0	1.0
0.0	0.2620320855614973
0.0	1.0
-2.196202558479854e-06	1.0
0.0	1.0
0.0	1.0
0.0	1.0
0.0	1.0
-0.00013639614917337894	1.0
-0.0005674862768501043	1.0
-0.0019800285808742046	1.0
0.0	1.0
-2.7396396035328507e-05	1.0
0.0	0.0
-4.6780220145592466e-05	1.0
-4.7368249767032466e-08	0.0
0.0	0.06956521739130435
-0.0006115046562626958	1.0
0.0	1.0
-4.678628556575859e-06	1.0
0.0	1.0
0.0	1.0
0.0	1.0
-3.744427337637468e-11	1.0
-0.0008213483961299062	1.0
0.0	1.0
0.0	1.0
0.0	1.0
-0.0002790115831885487	1.0
-1.2460728271435073e-07	1.0
-6.769940227968618e-05	1.0
-0.0003069471858907491	0.0
-0.034502819180488586	0.0
0.0	1.0
0.0	1.0
-0.00018540224118623883	1.0
-0.0013187171425670385	1.0
0.0	1.0
0.0	0.0
0.0	0.0
0.0	1.0
0.0	1.0
0.0	1.0
-4.381132748676464e-05	1.0
0.0	1.0
-4.288032869226299e-06	0.0
-0.0021134826820343733	0.09615384615384616
0.0	1.0
-1.7875431800181644e-15	1.0
0.0	1.0
-0.00160459044855088	0.4675324675324675
0.0	1.0
0.0	1.0
0.0	1.0
-7.78765354425559e-08	1.0
0.0	1.0
0.0	1.0
-2.3420714569510892e-05	0.0
0.0	1.0
0.0	0.034013605442176874
0.0	1.0
0.0	1.0
0.0	1.0
-1.782773928482584e-08	1.0
-0.0013388385996222496	1.0
0.0	0.0
-3.679395604194724e-06	1.0
0.0	1.0
0.0	1.0
0.0	1.0
-0.015183155424892902	1.0
-3.867119085043669e-05	1.0
0.0	1.0
-4.215543825125678e-08	1.0
0.0	1.0
0.0	1.0
0.0	1.0
0.0	1.0
0.0	1.0
0.0	1.0
0.0	1.0
0.0	1.0
-5.894769128644839e-05	1.0
0.0	1.0
-2.6189751224592328e-05	1.0
0.0	1.0
0.0	1.0
-0.00014120963169261813	1.0
0.0	1.0
0.0	1.0
0.0	1.0
-1.0232636213913793e-06	0.16666666666666666
0.0	1.0
-0.0016251917695626616	0.0
0.0	1.0
0.0	0.03896103896103896
-1.0768394531623926e-06	1.0
0.0	1.0
0.0	1.0
-0.00029502587858587503	0.0
-6.191060674609616e-05	0.6
0.0	1.0
-8.981625664560011e-14	1.0
-4.654206804843852e-06	1.0
-0.008778946474194527	0.5
-0.0456358976662159	0.0
-2.02153804806926e-09	1.0
0.0	1.0
-0.00833619013428688	0.0
0.0	1.0
-0.00040027216891758144	1.0
0.0	1.0
0.0	1.0
0.0	1.0
-0.00014539010589942336	0.0
-0.013030890375375748	0.0
-0.00031925641815178096	1.0
-3.5674315768119413e-06	1.0
-1.175056695501553e-06	1.0
-1.2019471640201118e-08	0.2483221476510067
-0.000494356092531234	1.0
-1.2133195923524909e-05	1.0
0.0	0.0
0.0	1.0
0.0	0.0
0.0	0.46099290780141844
0.0	1.0
0.0	1.0
0.0	1.0
0.0	1.0
0.0	1.0
-0.0019992482848465443	1.0
0.0	1.0
0.0	1.0
-4.650477876566583e-06	1.0
0.0	1.0
0.0	1.0
0.0	0.0
-2.925047738244757e-05	1.0
-0.05916706472635269	0.30434782608695654
0.0	1.0
0.0	1.0
-4.025962851983422e-08	1.0
-0.00011666900536511093	1.0
0.0	1.0
0.0	1.0
0.0	1.0
0.0	1.0
-0.00011297377204755321	1.0
-1.0386276699136943e-05	1.0
0.0	1.0
0.0	1.0
0.0	1.0
-6.113742074376205e-06	1.0
0.0	0.0
0.0	1.0
0.0	0.0
0.0	1.0
0.0	1.0
-0.07295502722263336	0.0
-2.408362409240389e-13	1.0
-3.0101038646535017e-05	1.0
0.0	0.1044776119402985
0.0	1.0
-2.0451130694709718e-05	1.0
-0.0002664646599441767	1.0
-2.942966420960147e-05	1.0
0.0	0.0
-0.00044816258014179766	1.0
-2.2012023691786453e-05	0.03081232492997199
0.0	1.0
0.0	1.0
0.0	1.0
0.0	1.0
0.0	1.0
0.0	0.05042016806722689
0.0	1.0
0.0	1.0
0.0	1.0
0.0	1.0
0.0	1.0
-4.583736501473368e-09	1.0
-9.071304521057755e-05	1.0
-4.7726068024911764e-14	1.0
-2.452922422440514e-18	1.0
-0.027924517169594765	0.0
0.0	1.0
-1.5575866200379096e-05	0.1111111111111111
-3.419841505092336e-06	1.0
0.0	0.0
-0.00032115535577759147	1.0
-1.613779865294873e-08	0.12941176470588237
-0.02888120710849762	0.0
-0.0006775209330953658	0.0
0.0	1.0
0.0	1.0
0.0	1.0
-1.8826180166797712e-05	1.0
0.0	0.0
-2.7157993827131577e-05	1.0
-3.6792143873753957e-06	1.0
0.0	1.0
0.0	1.0
0.0	1.0
-2.4559250960010104e-05	1.0
0.0	1.0
0.0	1.0
-0.00013097422197461128	1.0
0.0	1.0
-3.817634024017025e-06	1.0
0.0	1.0
0.0	1.0
0.0	0.0136986301369863
0.0	1.0
0.0	1.0
-0.001981194829568267	1.0
-0.00143208890222013	1.0
-0.0016699281986802816	1.0
-1.3026564147367026e-06	1.0
0.0	1.0
0.0	1.0
0.0	0.0
0.0	1.0
0.0	1.0
-1.8394575818092562e-05	1.0
-6.657901963080803e-07	1.0
0.0	1.0
0.0	1.0
0.0	1.0
-1.9264838613253232e-08	1.0
0.0	0.0
0.0	1.0
0.0	1.0
-0.0034140378702431917	1.0
0.0	1.0
-3.11589303692017e-07	1.0
-3.9096629933510485e-08	1.0
0.0	1.0
-1.7759581396603608e-06	0.0
-0.00045342976227402687	1.0
-8.718551214315085e-08	1.0
-7.891552689098802e-11	1.0
0.0	1.0
0.0	1.0
0.0	1.0
0.0	1.0
0.0	0.0
0.0	1.0
-0.061068616807460785	0.0
0.0	1.0
-8.608106227825374e-09	1.0
0.0	1.0
0.0	1.0
0.0	1.0
-2.8399412599355855e-07	0.0
0.0	1.0
0.0	1.0
0.0	0.0
0.0	1.0
-1.719199921312864e-10	1.0
0.0	1.0
-8.80241213252475e-09	1.0
0.0	1.0
-0.0010129223810508847	1.0
-2.0417178347997833e-07	1.0
0.0	0.008928571428571428
0.0	1.0
-0.00012070521916029975	1.0
0.0	1.0
-0.00025682509294711053	1.0
-1.79673770617228e-05	0.0
-2.892375960072968e-05	1.0
-0.006768508814275265	0.0
-5.450171443044383e-07	1.0
-0.001963311806321144	1.0
0.0	1.0
-3.3212862035725266e-05	1.0
0.0	1.0
0.0	1.0
0.0	1.0
0.0	1.0
0.0	1.0
0.0	0.5238095238095238
0.0	1.0
-0.00020749283430632204	0.0
0.0	1.0
0.0	1.0
0.0	1.0
-0.00033315998734906316	1.0
0.0	1.0
0.0	1.0
0.0	1.0
-2.319907110859276e-08	1.0
0.0	1.0
0.0	1.0
-0.0003116824955213815	1.0
0.0	0.0
0.0	1.0
0.0	1.0
0.0	1.0
-0.0009945910423994064	1.0
-1.0385385849076556e-06	1.0
-0.00019669492030516267	1.0
-4.289022399461828e-07	1.0
-1.3401621799857821e-05	0.0
0.0	1.0
-0.00014335451123770326	1.0
0.0	0.0
0.0	0.0
0.0	1.0
0.0	1.0
-0.00017277963343076408	0.0
-4.5459588871032963e-10	1.0
0.0	1.0
-0.005241162609308958	0.0
-1.1353116860846058e-05	0.0
0.0	1.0
0.0	0.0
0.0	1.0
0.0	1.0
-0.0001351298560621217	1.0
0.0	0.0
0.0	1.0
-3.100521553278668e-06	1.0
0.0	1.0
0.0	1.0
0.0	1.0
-3.384998854016885e-05	1.0
0.0	0.0
0.0	1.0
-9.118412708630785e-05	1.0
-0.00035760673927143216	1.0
0.0	1.0
0.0	0.040892193308550186
0.0	1.0
0.0	1.0
-0.0004991267342120409	1.0
0.0	0.0
0.0	0.0
0.0	1.0
0.0	1.0
-0.00041830664849840105	1.0
-0.005890627857297659	0.022727272727272728
0.0	0.0
0.0	1.0
0.0	1.0
0.0	1.0
0.0	1.0
-0.0002830959565471858	1.0
0.0	0.0
-0.0007252158247865736	1.0
-3.7292100074637347e-08	1.0
0.0	1.0
0.0	0.44642857142857145
0.0	1.0
0.0	1.0
0.0	0.0
-2.3783688352096988e-09	1.0
0.0	1.0
0.0	1.0
0.0	1.0
-0.0009595269220881164	0.0
0.0	0.0
0.0	1.0
0.0	0.0
0.0	1.0
0.0	1.0
-0.006877243053168058	0.0
-7.930559036140039e-07	0.03825136612021858
0.0	1.0
0.0	0.0
-0.0011483809212222695	1.0
-0.0006783818826079369	1.0
-0.00047513560275547206	1.0
-0.0014066208386793733	1.0
-0.004220724105834961	0.0
-7.703590199525934e-06	0.0
-6.675560871372e-05	0.09090909090909091
-0.0030104995239526033	0.0
-5.218319984123809e-06	1.0
-0.00023328584211412817	1.0
0.0	1.0
0.0	1.0
-0.0011739997426047921	0.0
0.0	1.0
0.0	1.0
0.0	1.0
-0.0021677452605217695	0.7884615384615384
0.0	1.0
-0.00022551073925569654	1.0
0.0	1.0
0.0	1.0
0.0	1.0
-2.7288717774354154e-06	1.0
0.0	0.040697674418604654
-0.00016160303493961692	1.0
0.0	1.0
0.0	1.0
0.0	1.0
0.0	1.0
0.0	1.0
0.0	1.0
-0.0016350458608940244	1.0
0.0	0.014184397163120567
-0.005991565529257059	0.26804123711340205
0.0	0.05555555555555555
0.0	1.0
0.0	1.0
-7.300422112166416e-06	0.0
0.0	1.0
-4.3521677639546397e-07	1.0
0.0	1.0
-0.0008159871795214713	0.0
-9.934144173939785e-08	1.0
0.0	1.0
0.0	1.0
-0.00040259823435917497	0.0
0.0	1.0
0.0	1.0
0.0	1.0
0.0	1.0
0.0	1.0
0.0	1.0
0.0	1.0
0.0	0.14285714285714285
0.0	0.0
-4.271018951840233e-06	1.0
-0.0007710506324656308	1.0
-0.00097646628273651	1.0
-0.0021268068812787533	0.0
-0.00026110245380550623	1.0
-4.455779162526596e-06	1.0
0.0	1.0
-8.069785690167919e-05	1.0
-0.006715826690196991	0.0
-0.0003655003383755684	1.0
-0.0012808771571144462	1.0
0.0	1.0
0.0	1.0
0.0	1.0
0.0	1.0
0.0	1.0
-4.97765960394414e-11	1.0
-0.004653734154999256	1.0
0.0	1.0
-2.6314821433004454e-09	1.0
-0.0001292982342420146	1.0
0.0	0.4675324675324675
0.0	0.13690476190476192
-8.167818305082619e-05	1.0
0.0	1.0
-0.0007271728245541453	1.0
0.0	1.0
0.0	1.0
0.0	1.0
0.0	1.0
0.0	1.0
