0.0	1.0
-3.847986165816941e-12	1.0
0.0	1.0
0.0	1.0
0.0	1.0
0.0	1.0
-0.00011238391743972898	1.0
0.0	1.0
0.0	1.0
0.0	1.0
0.0	0.0
-0.002232401166111231	1.0
-0.015438336879014969	0.0
0.0	1.0
0.0	1.0
0.0	1.0
0.0	1.0
-0.01147482544183731	0.0
0.0	1.0
-0.006458526011556387	0.05128205128205128
-0.004543714225292206	0.0
0.0	0.0
0.0	1.0
-0.0029645219910889864	0.16085790884718498
0.0	1.0
-6.454962658608565e-06	0.0
-3.444270078034606e-07	1.0
0.0	1.0
0.0	1.0
0.0	1.0
0.0	1.0
-0.0010441973572596908	1.0
-7.094452939782059e-06	1.0
0.0	1.0
-7.509938313887687e-06	1.0
-2.601077409014607e-10	0.0
-3.3606807846808806e-05	1.0
-0.003956492058932781	1.0
0.0	1.0
0.0	1.0
0.0	0.0
-4.968903522239998e-05	1.0
0.0	1.0
-0.025286629796028137	0.0
0.0	1.0
0.0	1.0
0.0	1.0
0.0	0.037037037037037035
0.0	1.0
0.0	1.0
-0.0008654207922518253	1.0
0.0	1.0
0.0	1.0
0.0	0.4265463917525773
0.0	1.0
-3.80820783902891e-05	1.0
-0.0014400462387129664	1.0
0.0	1.0
-0.000247493211645633	1.0
-0.00011683849152177572	1.0
-0.00016246276209130883	1.0
0.0	0.3046594982078853
0.0	1.0
0.0	0.5292242295430393
0.0	1.0
0.0	1.0
0.0	0.09090909090909091
-0.021961528807878494	0.0
-8.471513137919828e-05	1.0
0.0	0.4713375796178344
-5.793812651866403e-10	1.0
0.0	0.3888888888888889
-1.3370317297756174e-08	1.0
0.0	0.0
-0.002715669572353363	0.0
0.0	1.0
0.0	1.0
0.0	1.0
0.0	1.0
0.0	1.0
-6.656301138718845e-06	1.0
0.0	0.0
0.0	0.0
0.0	0.0
0.0	1.0
-4.2466377636607433e-10	1.0
-0.002892328193411231	0.0
0.0	1.0
-4.12640055588373e-13	1.0
0.0	1.0
0.0	1.0
-4.34139428762137e-06	1.0
0.0	1.0
-6.271566937346808e-17	1.0
-1.8019176422967575e-05	1.0
0.0	1.0
0.0	1.0
0.0	1.0
-0.0005115045350976288	1.0
-0.002001557033509016	0.0
-0.0004052570729982108	1.0
-4.213792271912098e-05	0.0
0.0	1.0
-8.822647214401513e-05	1.0
-2.531797235860722e-06	1.0
0.0	0.0
-0.00031809855136089027	1.0
0.0	1.0
0.0	1.0
0.0	1.0
0.0	0.0
0.0	1.0
0.0	1.0
0.0	1.0
0.0	1.0
0.0	0.0
0.0	1.0
0.0	1.0
0.0	1.0
0.0	1.0
0.0	1.0
0.0	1.0
0.0	1.0
-1.2694754332187586e-06	1.0
0.0	1.0
0.0	1.0
0.0	1.0
-3.346048470120877e-05	1.0
0.0	1.0
0.0	1.0
0.0	1.0
-0.0011851965682581067	0.0
-0.00019494901061989367	0.0
-8.037840598262846e-05	1.0
0.0	1.0
0.0	1.0
-0.0013580519007518888	1.0
0.0	0.0
-0.00015100260498002172	1.0
0.0	1.0
0.0	1.0
-0.00038587741437368095	1.0
-1.1182373782503419e-05	1.0
-9.685447366791777e-06	1.0
-0.0009427841869182885	0.3472222222222222
-0.00040424149483442307	1.0
0.0	0.0
0.0	1.0
0.0	1.0
0.0	0.0
0.0	1.0
-0.00019832667021546513	0.0625
0.0	1.0
-0.00016988712013699114	1.0
-1.0028318229160504e-06	1.0
0.0	1.0
-2.300670320920517e-09	1.0
-2.791001918467373e-07	1.0
0.0	1.0
0.0	1.0
0.0	0.0
0.0	1.0
-8.105099550448358e-05	0.44
0.0	0.0
0.0	1.0
0.0	1.0
0.0	1.0
0.0	0.0
-0.0005008133011870086	0.0
0.0	0.0
0.0	1.0
-0.00017819387721829116	1.0
0.0	1.0
0.0	1.0
-0.00103614607360214	0.011235955056179775
0.0	1.0
0.0	1.0
0.0	0.0
-0.0002918957907240838	1.0
0.0	1.0
0.0	1.0
-2.9798171041761634e-08	0.0
-0.006385680288076401	0.27941176470588236
0.0	1.0
0.0	1.0
0.0	1.0
0.0	1.0
0.0	1.0
0.0	1.0
-0.0011137707624584436	1.0
-0.0001420367625541985	1.0
0.0	0.0
0.0	1.0
-5.947718091192655e-05	1.0
0.0	0.014545454545454545
0.0	1.0
-0.0010657049715518951	1.0
0.0	1.0
-7.44982955325213e-08	1.0
-8.052917110035196e-05	1.0
0.0	1.0
-5.662836085468248e-12	1.0
-4.015334525320213e-06	1.0
0.0	1.0
0.0	1.0
0.0	1.0
0.0	1.0
0.0	1.0
0.0	1.0
-1.5122843251447193e-05	1.0
0.0	0.0
0.0	0.0
-1.3855067315660108e-08	1.0
-3.050954910577275e-05	0.0
0.0	1.0
0.0	1.0
0.0	1.0
0.0	0.0
-0.0028255325742065907	0.0
0.0	1.0
0.0	1.0
0.0	1.0
0.0	1.0
0.0	1.0
0.0	1.0
0.0	0.02127659574468085
0.0	1.0
-0.003552510868757963	0.009523809523809525
0.0	1.0
-3.4476735891075805e-05	1.0
-0.008508413098752499	0.40764331210191085
-4.600337905752427e-12	0.011904761904761904
0.0	0.0
-7.46992645872524e-06	0.0
-1.8101755649979623e-09	1.0
-0.0015592442359775305	1.0
-0.0027923069428652525	0.920863309352518
0.0	1.0
0.0	1.0
0.0	1.0
0.0	1.0
0.0	1.0
-2.1720450149587123e-06	0.0
0.0	1.0
0.0	1.0
0.0	1.0
0.0	1.0
-0.0001746578491292894	1.0
0.0	1.0
0.0	1.0
0.0	1.0
0.0	1.0
0.0	0.07207207207207207
0.0	1.0
0.0	1.0
-0.001532560447230935	0.0
0.0	1.0
-6.78334174608608e-07	1.0
0.0	1.0
0.0	0.0
0.0	0.375
0.0	1.0
0.0	1.0
-8.317284709846717e-07	1.0
0.0	0.0
0.0	1.0
0.0	1.0
-5.220055754762143e-05	1.0
0.0	1.0
-0.0001041491559590213	1.0
-0.002643863670527935	0.2702702702702703
0.0	1.0
0.0	0.14285714285714285
-3.640780343872052e-09	1.0
0.0	1.0
0.0	1.0
0.0	1.0
0.0	1.0
0.0	1.0
0.0	1.0
0.0	1.0
0.0	1.0
-6.691739690722898e-05	1.0
0.0	0.0
-0.0032060197554528713	0.1
-0.0012187524698674679	1.0
0.0	1.0
-0.00012991671974305063	1.0
0.0	1.0
-8.289993274956942e-06	1.0
-0.024803349748253822	0.027777777777777776
0.0	0.0625
0.0	1.0
0.0	0.0
0.0	1.0
0.0	1.0
-0.03206145763397217	0.0
-6.9612651714123785e-06	1.0
0.0	0.31645569620253167
0.0	1.0
0.0	1.0
0.0	1.0
0.0	0.0
-7.52503684364747e-11	1.0
0.0	0.0
0.0	0.3956043956043956
0.0	1.0
-9.363431807685174e-09	1.0
-9.82708570518298e-06	1.0
0.0	1.0
-0.0008621274027973413	1.0
-3.0011947274033446e-06	1.0
0.0	1.0
0.0	1.0
-0.0003180858038831502	0.0
-1.0937329761873116e-06	0.08333333333333333
0.0	1.0
0.0	1.0
0.0	1.0
0.0	0.0
0.0	1.0
-0.024418750777840614	0.018518518518518517
0.0	1.0
0.0	1.0
0.0	1.0
-3.704321898112539e-06	0.421875
0.0	1.0
0.0	1.0
0.0	1.0
-1.0580384696368128e-05	1.0
0.0	0.0
0.0	1.0
0.0	1.0
0.0	0.0
-2.1045079847681336e-05	0.022727272727272728
0.0	0.0
0.0	1.0
-0.017006337642669678	0.0
0.0	0.0
-0.00028593308525159955	1.0
0.0	0.0
0.0	1.0
0.0	0.0
0.0	1.0
0.0	1.0
0.0	0.0
0.0	1.0
0.0	1.0
0.0	1.0
-1.7794312952901237e-05	0.0
0.0	1.0
-1.1658233489697523e-07	1.0
-0.003433048725128174	1.0
0.0	1.0
0.0	1.0
-0.01513702142983675	0.10204081632653061
-2.890108430353422e-10	0.0
0.0	1.0
0.0	1.0
-0.0006384162115864456	1.0
-0.02294495329260826	0.0
0.0	0.041666666666666664
-0.00020766272791661322	1.0
0.0	1.0
0.0	0.0
0.0	0.0
-0.03844942897558212	0.4423076923076923
0.0	1.0
0.0	1.0
0.0	1.0
0.0	0.0
0.0	1.0
0.0	1.0
0.0	1.0
-8.500694821123034e-05	1.0
0.0	1.0
0.0	1.0
-1.2812487284463714e-06	1.0
-2.002354051455768e-07	1.0
0.0	1.0
0.0	0.0
0.0	1.0
0.0	1.0
0.0	1.0
-3.0954177532294125e-07	1.0
-0.00034522940404713154	1.0
0.0	1.0
0.0	1.0
0.0	1.0
0.0	1.0
-5.855007856325756e-08	0.0
0.0	1.0
0.0	1.0
-0.00018174611614085734	1.0
0.0	1.0
0.0	1.0
0.0	1.0
0.0	1.0
-0.001592868473380804	1.0
0.0	1.0
-0.012053675949573517	1.0
0.0	1.0
-4.2151339584961534e-05	1.0
0.0	1.0
0.0	0.0
-0.00043647727579809725	0.0
0.0	1.0
0.0	1.0
-0.008810853585600853	0.05405405405405406
0.0	1.0
0.0	1.0
-3.4313216019654647e-05	1.0
-5.839652763087178e-13	0.019230769230769232
-2.1621350242639892e-05	0.988
0.0	1.0
0.0	1.0
-0.004779881332069635	0.0
-0.027318617329001427	0.0
-0.00164549401961267	0.044585987261146494
-0.00041058496572077274	1.0
0.0	1.0
0.0	1.0
0.0	1.0
0.0	0.0
0.0	0.0851063829787234
0.0	0.38271604938271603
0.0	1.0
0.0	0.1
0.0	1.0
0.0	1.0
-1.2307191354921088e-06	1.0
-0.0001805565698305145	1.0
0.0	1.0
0.0	0.0
0.0	1.0
0.0	1.0
0.0	1.0
-1.4325599977382808e-06	0.0
-0.005466528236865997	0.0
-1.709829433593768e-08	0.024691358024691357
0.0	1.0
0.0	1.0
0.0	0.0
0.0	1.0
-8.586318472225685e-06	1.0
0.0	0.0
-0.0017388886772096157	1.0
0.0	1.0
-9.56123840296641e-05	1.0
-1.8895712855737656e-05	1.0
-7.605878593608395e-09	1.0
0.0	1.0
0.0	0.0
0.0	1.0
0.0	1.0
0.0	0.0
0.0	1.0
-6.481227501353715e-07	0.0
0.0	1.0
0.0	1.0
-3.058350921492092e-05	1.0
0.0	1.0
-4.131642526772339e-06	1.0
-0.0024672013241797686	1.0
-8.702003833604977e-05	1.0
0.0	1.0
0.0	1.0
0.0	0.0
-2.696228875720408e-06	1.0
0.0	0.012345679012345678
0.0	1.0
0.0	1.0
0.0	1.0
-3.586636694308254e-06	0.06521739130434782
0.0	0.0
-5.119017714605434e-06	1.0
-0.00036429756437428296	0.0
0.0	1.0
0.0	1.0
0.0	0.2
0.0	1.0
-8.314168371725827e-05	0.0
0.0	1.0
-1.3087369552522432e-05	1.0
-0.03198818862438202	0.0
-0.008106386289000511	0.5263157894736842
0.0	1.0
0.0	1.0
0.0	1.0
0.0	1.0
-7.612673653056845e-05	0.038461538461538464
-3.0236279258133436e-07	1.0
0.0	1.0
0.0	1.0
0.0	1.0
-0.0003582724602892995	1.0
0.0	0.08620689655172414
-6.519035650853766e-06	1.0
0.0	0.0
-7.872942830999818e-08	0.16666666666666666
0.0	1.0
0.0	0.0
-0.0008083706488832831	1.0
-0.00017664508777670562	1.0
0.0	1.0
0.0	0.0
0.0	1.0
0.0	1.0
