0.0	1.0
-0.00012621151108760387	1.0
0.0	0.8125
-8.927199814934283e-05	1.0
0.0	1.0
-0.00048000464448705316	1.0
-0.0026968636084347963	0.0
0.0	1.0
-0.00018188303511124104	1.0
0.0	1.0
-1.6514851552268395e-12	1.0
-1.3149425512892776e-06	1.0
0.0	1.0
0.0	1.0
0.0	1.0
0.0	0.0
0.0	0.0
-1.9055119981903346e-10	1.0
0.0	1.0
0.0	1.0
0.0	0.0
0.0	0.0
0.0	1.0
0.0	0.0
0.0	1.0
0.0	0.0
0.0	1.0
-7.311328317882726e-06	1.0
-0.022031154483556747	0.0
0.0	1.0
0.0	1.0
0.0	1.0
0.0	1.0
-2.634975317050703e-06	0.025380710659898477
0.0	1.0
-4.100051592104137e-05	1.0
0.0	1.0
0.0	1.0
0.0	1.0
-0.0001833458081819117	1.0
0.0	1.0
-0.00010464368824614212	1.0
-8.648979928693734e-06	0.0
-0.00015890467329882085	1.0
-2.0569539405101978e-09	1.0
-0.0027124069165438414	1.0
0.0	1.0
-0.0009689797298051417	1.0
-0.0004175897338427603	1.0
-0.00196524104103446	0.0
-0.016292115673422813	0.0
-1.2560545656015165e-05	0.043478260869565216
0.0	1.0
0.0	1.0
-1.1316013797113555e-06	1.0
0.0	1.0
-0.0006549207028001547	1.0
0.0	1.0
0.0	1.0
0.0	1.0
-1.3599583326140419e-06	1.0
0.0	0.6277372262773723
-4.402969352668151e-06	1.0
0.0	0.0
0.0	1.0
0.0	1.0
-0.00022622663527727127	1.0
-9.379890997252005e-08	1.0
0.0	1.0
0.0	0.0
0.0	1.0
0.0	1.0
0.0	1.0
0.0	1.0
0.0	1.0
-5.434199920273386e-06	1.0
-0.004063676111400127	0.0
0.0	1.0
-0.002614660421386361	1.0
0.0	1.0
-0.0022194613702595234	0.0
0.0	1.0
0.0	1.0
-8.046878974710125e-06	1.0
0.0	1.0
0.0	1.0
-1.3816372756991768e-06	1.0
0.0	1.0
0.0	1.0
0.0	1.0
0.0	1.0
0.0	1.0
0.0	1.0
0.0	0.031578947368421054
0.0	1.0
-0.012625645846128464	0.0
-0.00034585766843520105	1.0
-2.0585744664458616e-07	1.0
-0.0008085951558314264	0.023529411764705882
0.0	1.0
-8.722177824438404e-08	1.0
0.0	1.0
0.0	1.0
-0.0008498731185682118	0.0
0.0	1.0
-0.0006586075760424137	1.0
0.0	1.0
0.0	1.0
-5.307682613420184e-07	0.15
0.0	0.0
0.0	1.0
0.0	0.0
-0.0005236524157226086	1.0
0.0	1.0
-0.0010168045992031693	1.0
0.0	1.0
0.0	1.0
0.0	1.0
0.0	1.0
-0.0002192495740018785	1.0
0.0	1.0
-3.4329691516177263e-06	0.0
-0.00019004839123226702	0.6296296296296297
0.0	1.0
0.0	1.0
0.0	0.06470588235294118
0.0	0.06741573033707865
-6.006690966842143e-08	1.0
-0.00044540423550643027	1.0
-7.840285753957232e-09	0.0
0.0	0.13725490196078433
0.0	1.0
0.0	0.1242603550295858
0.0	1.0
0.0	1.0
0.0	0.0
0.0	1.0
-0.0016730326460674405	1.0
-0.0016189413145184517	1.0
-0.0003037511487491429	1.0
0.0	1.0
0.0	1.0
0.0	1.0
0.0	0.0
-1.0740035527589953e-08	1.0
-4.1708219214342535e-05	0.0
0.0	1.0
0.0	1.0
0.0	1.0
0.0	1.0
0.0	1.0
0.0	1.0
0.0	1.0
0.0	1.0
0.0	1.0
0.0	1.0
0.0	1.0
0.0	1.0
0.0	1.0
0.0	1.0
0.0	0.07936507936507936
-0.008986937813460827	0.0
0.0	1.0
0.0	1.0
0.0	1.0
0.0	1.0
0.0	1.0
0.0	0.0
-1.323884407611331e-05	1.0
0.0	1.0
-0.00012055145634803921	0.0
0.0	1.0
0.0	0.0
0.0	0.0
0.0	1.0
-7.136587214517931e-07	0.0
0.0	1.0
0.0	1.0
-1.0608329148453777e-06	1.0
-0.00010439746256452054	1.0
0.0	1.0
-4.1985413190559484e-07	0.0
0.0	1.0
0.0	0.0
0.0	1.0
0.0	1.0
-9.898155428969546e-13	1.0
0.0	1.0
-3.2248883563568143e-09	1.0
0.0	0.03225806451612903
0.0	1.0
0.0	1.0
0.0	1.0
0.0	1.0
0.0	1.0
-0.0006090442184358835	0.037037037037037035
0.0	1.0
-0.0004906574613414705	1.0
-0.0008628449286334217	1.0
-0.00011668181832646951	0.0
-3.5530032619135454e-05	1.0
0.0	1.0
0.0	0.9239766081871345
0.0	1.0
0.0	0.40588235294117647
0.0	1.0
0.0	0.0
0.0	1.0
0.0	1.0
0.0	1.0
0.0	0.0
0.0	1.0
-0.004512119106948376	0.0
-0.00418256688863039	0.0
-2.0928569028910715e-06	1.0
-6.199548806762323e-05	1.0
0.0	1.0
0.0	1.0
0.0	1.0
0.0	1.0
0.0	0.17727272727272728
0.0	1.0
-0.0043665762059390545	1.0
0.0	1.0
0.0	1.0
0.0	0.0
0.0	1.0
0.0	1.0
0.0	1.0
-2.197728932173959e-08	1.0
0.0	1.0
0.0	1.0
-3.326083852783768e-11	1.0
0.0	1.0
0.0	1.0
-0.000561429129447788	1.0
0.0	1.0
0.0	1.0
0.0	0.0
-0.00027195943403057754	1.0
0.0	1.0
0.0	1.0
0.0	1.0
0.0	1.0
0.0	1.0
0.0	0.6332842415316642
-0.005404090043157339	0.07509881422924901
0.0	1.0
-0.00013459939509630203	0.85
-2.3518018679169472e-06	1.0
-1.5865033731188305e-07	1.0
-2.3544237670591883e-09	1.0
0.0	0.042105263157894736
0.0	1.0
-0.03384537622332573	0.0
-2.842682079062797e-06	1.0
0.0	1.0
0.0	1.0
-0.0004807335208170116	1.0
0.0	1.0
-9.403876902069896e-05	1.0
-0.0003324986610095948	1.0
0.0	1.0
0.0	0.0
-3.062850595370037e-08	1.0
0.0	0.0
0.0	1.0
0.0	0.058823529411764705
0.0	1.0
0.0	1.0
-3.027616601869454e-09	1.0
0.0	1.0
0.0	1.0
-0.00720094982534647	0.5254237288135594
-0.000967809755820781	1.0
-1.6341457012458704e-05	0.0
0.0	1.0
-0.0015029191272333264	1.0
0.0	1.0
-0.0006754544447176158	1.0
0.0	1.0
0.0	1.0
0.0	1.0
-0.0002846554561983794	0.015748031496062992
0.0	1.0
0.0	1.0
0.0	0.0
-0.00010360435408074409	1.0
-8.160741344909184e-06	1.0
-0.0014237002469599247	1.0
-2.9916618586867116e-05	1.0
0.0	1.0
-0.0007648040191270411	1.0
-0.0020063244737684727	0.0
0.0	0.0
-0.0020543839782476425	0.0
-7.768515865314018e-12	1.0
0.0	0.0
-0.00020633460371755064	1.0
0.0	1.0
0.0	1.0
-9.713968211144675e-06	1.0
0.0	0.05263157894736842
-0.0006972235278226435	1.0
0.0	1.0
-4.124899714952335e-05	1.0
-0.005024471320211887	0.0
0.0	1.0
0.0	1.0
0.0	1.0
0.0	1.0
0.0	1.0
0.0	1.0
0.0	0.0
0.0	1.0
0.0	1.0
0.0	1.0
0.0	1.0
-0.009554341435432434	0.0
0.0	1.0
-0.0002454636269249022	1.0
0.0	1.0
-0.0005985821480862796	1.0
0.0	0.0
-0.005171813536435366	0.0
0.0	1.0
0.0	0.05555555555555555
-0.017258871346712112	0.0
-0.0027270421851426363	0.03260869565217391
0.0	1.0
0.0	1.0
0.0	1.0
-2.0675081032095477e-05	1.0
0.0	0.0
-0.0006440150900743902	1.0
0.0	1.0
0.0	1.0
0.0	1.0
-1.801509874610474e-08	1.0
0.0	1.0
0.0	1.0
0.0	1.0
0.0	0.0
-0.011178852990269661	0.006097560975609756
0.0	1.0
-6.30262220511213e-05	1.0
0.0	0.25
0.0	0.0
0.0	1.0
0.0	1.0
-2.6583263368351595e-10	0.0
-0.0005062920972704887	1.0
0.0	1.0
-6.424005732696969e-06	1.0
0.0	0.2571428571428571
-0.003986656665802002	0.0
0.0	1.0
-9.876918056761497e-07	1.0
-0.0036579016596078873	0.03636363636363636
0.0	1.0
-1.4356004612636752e-05	0.0
0.0	1.0
-5.828511348227039e-06	1.0
0.0	1.0
0.0	1.0
0.0	1.0
-9.997846063924953e-05	1.0
0.0	0.0
-0.009751049801707268	0.0
0.0	0.0
-0.00048064824659377337	1.0
0.0	1.0
0.0	1.0
0.0	1.0
0.0	1.0
-0.009059960953891277	0.0
-1.6768843124737032e-05	1.0
-0.0005444430280476809	0.0
0.0	0.3051643192488263
-6.694350304314867e-05	1.0
0.0	0.0
0.0	1.0
0.0	1.0
0.0	1.0
0.0	0.0
0.0	0.0
0.0	1.0
0.0	1.0
0.0	0.3375796178343949
0.0	1.0
0.0	0.0
0.0	1.0
-0.00011234440171392635	1.0
0.0	1.0
0.0	1.0
0.0	1.0
0.0	0.0
-0.0010150005109608173	0.0
0.0	0.3023255813953488
-4.351761162979528e-05	1.0
0.0	1.0
-0.04626265540719032	0.0
-4.5657649025088176e-05	1.0
-0.0023158094845712185	0.0
0.0	1.0
0.0	1.0
-2.4911009859351907e-06	1.0
0.0	1.0
0.0	1.0
0.0	1.0
0.0	1.0
0.0	1.0
-5.016805880586617e-05	1.0
0.0	1.0
-3.073145071752492e-10	1.0
-3.8686641801177757e-07	1.0
0.0	1.0
-4.5449172603184707e-07	1.0
0.0	0.0
0.0	1.0
0.0	1.0
0.0	1.0
0.0	1.0
0.0	0.416289592760181
0.0	1.0
0.0	0.0
0.0	0.6074074074074074
0.0	0.0
0.0	0.0
0.0	1.0
0.0	1.0
0.0	1.0
0.0	1.0
0.0	1.0
0.0	1.0
-2.4833815559510697e-10	1.0
0.0	0.9882352941176471
0.0	1.0
-1.8134900528821163e-05	1.0
-0.0005527318571694195	1.0
-9.541415238345508e-06	1.0
0.0	0.22105263157894736
0.0	1.0
0.0	1.0
-2.2463800632976927e-05	1.0
0.0	0.09090909090909091
0.0	1.0
0.0	1.0
0.0	1.0
-1.6517344647581922e-07	1.0
-3.617591573856771e-05	1.0
0.0	0.0
-0.00047877224278636277	1.0
-3.4054042771458626e-05	1.0
0.0	1.0
0.0	0.5053763440860215
-0.0003538398304954171	0.0
-2.384864046689472e-06	1.0
0.0	1.0
-3.298152660136111e-05	0.0
0.0	1.0
0.0	1.0
-1.0734168427006807e-05	1.0
0.0	1.0
-0.02396819181740284	0.045454545454545456
0.0	1.0
0.0	1.0
0.0	1.0
0.0	1.0
-1.5357905169821606e-07	1.0
0.0	1.0
0.0	1.0
-1.2598256034834776e-05	1.0
0.0	1.0
-0.0007008773391135037	1.0
0.0	1.0
-0.004280629567801952	1.0
0.0	1.0
0.0	1.0
0.0	1.0
0.0	1.0
0.0	1.0
0.0	1.0
0.0	0.0
-0.002532799495384097	0.0
0.0	0.0
