0.0	1.0
-8.967598660092335e-06	1.0
-0.0006508658407256007	1.0
0.0	1.0
-0.0022602686658501625	1.0
0.0	0.07407407407407407
0.0	1.0
0.0	0.0
-0.0001578401861479506	1.0
0.0	0.0
0.0	1.0
0.0	0.015625
0.0	1.0
0.0	1.0
0.0	1.0
-3.991174526163377e-05	1.0
0.0	1.0
0.0	0.0
0.0	1.0
-0.00024309026775881648	1.0
0.0	1.0
-0.00746100302785635	0.0
0.0	1.0
-0.00012068446085322648	1.0
0.0	1.0
0.0	1.0
0.0	1.0
0.0	1.0
-0.021013066172599792	0.0
0.0	1.0
-0.000713988090865314	0.0
-0.00027076847618445754	1.0
0.0	1.0
-0.0007118549547158182	1.0
-0.0001041992727550678	1.0
0.0	1.0
-0.0005363032105378807	1.0
0.0	0.0
-4.732881864200067e-10	1.0
0.0	1.0
-0.0005091969505883753	1.0
0.0	1.0
-8.566912157448314e-08	1.0
-0.00813454482704401	0.0
-1.2548332961159758e-05	1.0
-0.0002537645632401109	0.3557582668187001
0.0	1.0
0.0	1.0
-4.782253881785437e-07	1.0
0.0	1.0
0.0	1.0
-3.565665247151628e-05	1.0
-0.0023401190992444754	1.0
0.0	1.0
0.0	0.2289156626506024
0.0	1.0
-0.003663526615127921	0.0
-0.00011283636558800936	1.0
-0.00043962389463558793	1.0
-2.071234121103771e-05	1.0
0.0	1.0
0.0	1.0
0.0	1.0
0.0	1.0
0.0	1.0
-2.3058520071117528e-07	1.0
0.0	1.0
-1.808810679904127e-06	1.0
-4.137869382248027e-06	1.0
0.0	1.0
-0.0005225156201049685	1.0
-2.081656930386089e-06	1.0
0.0	1.0
0.0	1.0
-2.104048462570063e-06	1.0
0.0	0.17979197622585438
0.0	1.0
-0.0007494314922951162	1.0
-5.830607551615685e-05	1.0
-0.00021638054749928415	1.0
0.0	1.0
0.0	1.0
0.0	1.0
0.0	1.0
0.0	1.0
0.0	1.0
-1.0979283615597524e-05	1.0
0.0	1.0
0.0	1.0
0.0	1.0
0.0	1.0
-0.005417112726718187	0.0
-0.008577226661145687	1.0
0.0	0.0
0.0	1.0
0.0	1.0
-0.0008825749973766506	0.0
-3.622467920649797e-05	1.0
-0.01982315443456173	0.0
-0.00014644839393440634	1.0
0.0	1.0
0.0	1.0
0.0	1.0
0.0	1.0
-6.125142681412399e-05	1.0
0.0	1.0
0.0	0.0
-0.0032709757797420025	0.0
0.0	1.0
0.0	1.0
0.0	1.0
-0.0002463821438141167	1.0
-0.00015691078442614526	1.0
0.0	1.0
-6.788211612729356e-05	1.0
-0.0011022260878235102	0.0
-2.4459911429630665e-08	1.0
0.0	1.0
0.0	1.0
-1.93102556167446e-09	1.0
-9.853380106505938e-06	1.0
0.0	1.0
0.0	1.0
-5.337550101103261e-05	1.0
-0.003062237286940217	1.0
0.0	1.0
-1.006765657507458e-07	1.0
-3.741476120922016e-06	1.0
0.0	1.0
0.0	0.0
0.0	1.0
0.0	1.0
0.0	1.0
0.0	1.0
0.0	1.0
0.0	0.9655172413793104
0.0	1.0
-1.996397622860968e-05	1.0
0.0	1.0
0.0	1.0
0.0	1.0
-0.0018343121046200395	1.0
0.0	1.0
0.0	0.1619047619047619
0.0	1.0
-1.3233677975676983e-07	1.0
0.0	1.0
-0.00015125973732210696	1.0
0.0	1.0
-0.0038981966208666563	0.0
-0.0002115453826263547	0.0
0.0	1.0
-9.100887837121263e-05	1.0
0.0	0.0
0.0	1.0
0.0	0.0
-0.00043619307689368725	1.0
-0.0008898342493921518	1.0
0.0	1.0
-3.772984427996562e-06	1.0
-3.0376019477529326e-09	1.0
0.0	0.0
-0.0011894652852788568	1.0
-0.010607908479869366	0.0
0.0	0.0
0.0	1.0
-5.166008918422449e-07	1.0
-3.446726992706317e-08	1.0
-2.5813629690674134e-05	1.0
0.0	0.0
-1.4578823538613506e-05	1.0
-0.0008501186384819448	1.0
-0.0027498414274305105	0.0
0.0	1.0
0.0	1.0
-0.0017656757263466716	1.0
-0.0011837645433843136	1.0
-0.00016034564760047942	0.32558139534883723
0.0	1.0
0.0	1.0
-4.0749528125161305e-06	0.0
0.0	1.0
0.0	1.0
0.0	1.0
0.0	1.0
0.0	1.0
0.0	1.0
0.0	1.0
0.0	1.0
-1.0130699612531657e-09	1.0
0.0	1.0
0.0	1.0
0.0	1.0
-8.668747614137828e-05	1.0
-2.6923949917545542e-05	1.0
0.0	1.0
0.0	1.0
0.0	0.0
0.0	1.0
0.0	0.0
0.0	0.0
0.0	0.0
-1.327215250057634e-05	1.0
-9.159757610177621e-05	1.0
0.0	0.0
-0.02219841443002224	0.0
0.0	1.0
0.0	1.0
-1.3176421731486698e-08	1.0
-0.013707679696381092	0.0
0.0	0.0
0.0	1.0
0.0	1.0
0.0	1.0
-0.0098262345418334	0.0
0.0	1.0
-5.833358954987489e-06	1.0
-0.0004425699880812317	1.0
-0.001997970510274172	1.0
0.0	1.0
-1.7548671166878194e-05	0.0
-0.0009455190156586468	1.0
0.0	1.0
0.0	1.0
-1.9353989046067e-05	0.0
0.0	1.0
-1.8744227645584033e-06	1.0
-0.0001245371822733432	1.0
-1.351147886907711e-07	0.0
-4.6245745579653885e-06	1.0
0.0	1.0
-0.0004786152276210487	1.0
0.0	0.0
0.0	1.0
-1.1503812225727161e-12	1.0
0.0	1.0
0.0	0.0
-0.10360424965620041	0.0
-3.2564923913014354e-07	1.0
-0.0014295862056314945	1.0
-1.7962434867513366e-05	0.3754646840148699
-0.0008460769895464182	0.0
0.0	1.0
0.0	1.0
-4.33265304309316e-05	1.0
0.0	1.0
-0.03323616459965706	0.0
0.0	1.0
0.0	1.0
-0.00017317863239441067	1.0
0.0	1.0
0.0	1.0
0.0	1.0
0.0	1.0
0.0	0.0
0.0	1.0
-0.0034244267735630274	1.0
0.0	1.0
-9.128693636739627e-05	0.0
-1.9788046756730182e-08	1.0
0.0	1.0
-2.5215713321813382e-06	1.0
-0.0002805821713991463	1.0
0.0	0.0
-0.00041002611396834254	1.0
0.0	1.0
0.0	1.0
0.0	1.0
0.0	0.0
0.0	1.0
0.0	1.0
0.0	0.0
0.0	1.0
-5.634277766564111e-12	1.0
0.0	1.0
0.0	1.0
0.0	1.0
0.0	1.0
0.0	1.0
-0.0005718116881325841	1.0
0.0	1.0
0.0	0.4567901234567901
0.0	0.0
-1.572711880726274e-07	0.691415313225058
-0.006634588353335857	0.0
-0.016328878700733185	0.0
0.0	1.0
-9.33993942453526e-05	1.0
0.0	0.0
0.0	1.0
-1.113291432375263e-06	1.0
-3.7672016617307236e-09	1.0
-2.4238016108069083e-11	1.0
0.0	1.0
0.0	1.0
-3.3852375054266304e-06	1.0
0.0	1.0
0.0	1.0
-7.61882693041116e-05	1.0
0.0	1.0
-0.0003955864522140473	1.0
-1.3294928180584975e-07	1.0
0.0	1.0
0.0	1.0
0.0	0.0
0.0	1.0
-0.0018896748078987002	1.0
0.0	1.0
-1.5566068399530675e-12	0.0
-0.007118734065443277	0.0
0.0	1.0
0.0	1.0
0.0	1.0
0.0	1.0
0.0	1.0
0.0	1.0
0.0	0.0
-0.0007347333594225347	1.0
-0.0013138017384335399	1.0
0.0	1.0
0.0	1.0
0.0	1.0
-0.014367165043950081	0.0
0.0	1.0
0.0	0.0
-8.53401143103838e-05	0.0
0.0	1.0
-0.000276031787507236	0.0
-9.506292997230048e-08	0.0
-5.893365084830293e-08	1.0
0.0	1.0
0.0	1.0
-0.07534393668174744	0.0
0.0	1.0
0.0	1.0
-1.0652532323037964e-13	1.0
0.0	1.0
0.0	1.0
0.0	1.0
-0.00013620656682178378	1.0
0.0	0.0
0.0	1.0
0.0	1.0
0.0	1.0
0.0	1.0
-1.9174312910763547e-06	1.0
-0.00012376875383779407	1.0
-0.004429908003658056	0.0
0.0	1.0
0.0	1.0
-1.1886080528711318e-06	1.0
-0.0016607824945822358	0.39285714285714285
0.0	1.0
0.0	1.0
-2.2382160125289374e-07	1.0
0.0	0.0
-2.4340457457583398e-05	1.0
0.0	1.0
-0.00041086305282078683	1.0
-2.2585307306144387e-05	1.0
0.0	1.0
-0.0012784296413883567	1.0
-0.00223654811270535	0.0
0.0	1.0
0.0	1.0
0.0	1.0
-1.0426539120089728e-05	0.0
0.0	0.1111111111111111
0.0	1.0
0.0	1.0
0.0	1.0
0.0	0.20930232558139536
0.0	1.0
-0.0002335181343369186	1.0
0.0	1.0
-0.001632255269214511	1.0
0.0	0.0
0.0	1.0
0.0	1.0
0.0	1.0
0.0	1.0
-0.010294536128640175	0.0
0.0	1.0
-0.00020499207312241197	1.0
0.0	1.0
0.0	0.0
0.0	1.0
-6.720646439362099e-08	1.0
-0.0003771904157474637	1.0
0.0	1.0
-1.650715262258018e-07	1.0
0.0	1.0
-0.0003540932957548648	0.13793103448275862
-6.451161880249856e-06	1.0
0.0	0.0
-0.03285389021039009	0.0
-3.0053177397348918e-05	1.0
-3.3145772704301635e-06	1.0
0.0	1.0
0.0	0.0037593984962406013
0.0	1.0
0.0	1.0
-0.00043121373164467514	1.0
-0.00018556507711764425	1.0
0.0	0.007462686567164179
0.0	1.0
0.0	1.0
-2.7131748083775165e-06	1.0
0.0	0.041666666666666664
-0.0006114050047472119	1.0
0.0	1.0
0.0	0.10975609756097561
0.0	1.0
0.0	1.0
-0.00168448849581182	0.46596858638743455
0.0	1.0
0.0	0.0
-5.660297688336868e-07	0.0
0.0	1.0
-0.01283935084939003	0.0
-4.2918768485833425e-06	0.2727272727272727
0.0	1.0
-1.8795428786688717e-06	1.0
-2.8815859423048096e-06	1.0
-0.0021503062453120947	1.0
-7.699595153098926e-05	1.0
-0.00014755161828361452	1.0
0.0	1.0
-0.00035850805579684675	1.0
0.0	1.0
0.0	0.7984886649874056
0.0	1.0
-0.00020006645354442298	1.0
-0.006937728263437748	1.0
0.0	0.0
-5.641461484628962e-06	1.0
0.0	1.0
-0.0011741227935999632	1.0
0.0	1.0
0.0	1.0
-9.463514061280875e-08	1.0
0.0	1.0
0.0	1.0
0.0	0.0
0.0	1.0
0.0	1.0
-0.000504875963088125	1.0
0.0	0.0
0.0	1.0
-5.555253892453038e-07	1.0
-0.000426636659540236	1.0
0.0	1.0
0.0	1.0
-0.00235199136659503	0.0
0.0	1.0
0.0	0.0
0.0	1.0
0.0	1.0
0.0	1.0
0.0	0.0
0.0	1.0
0.0	1.0
-8.381990483030677e-06	0.0
0.0	1.0
0.0	1.0
0.0	0.0
0.0	0.0
0.0	0.0
-4.866878953180276e-07	1.0
-0.011649602092802525	0.0
0.0	0.0
-0.00037267367588356137	1.0
0.0	1.0
0.0	1.0
0.0	1.0
0.0	1.0
0.0	0.0
-9.731901400300558e-07	1.0
0.0	0.0
0.0	0.13706140350877194
0.0	0.0
-0.0002817132917698473	1.0
-0.003635372268036008	0.0
-7.203524000942707e-05	0.0945945945945946
0.0	0.8461538461538461
-1.3251150448923e-05	1.0
0.0	1.0
0.0	1.0
0.0	1.0
0.0	1.0
0.0	1.0
-2.6270581656717695e-05	1.0
0.0	0.0
0.0	1.0
-0.0038552831392735243	0.0861244019138756
-9.233921446138993e-06	1.0
-0.0005120747373439372	0.0
-0.00026050303131341934	1.0
0.0	0.0
-0.0006940381717868149	1.0
0.0	0.0
0.0	1.0
0.0	1.0
-8.445646381005645e-05	1.0
-0.002403036691248417	0.0
0.0	1.0
0.0	1.0
0.0	1.0
0.0	1.0
-0.006322470493614674	0.0
0.0	1.0
0.0	0.0
0.0	1.0
0.0	1.0
0.0	1.0
0.0	0.0
