0.0	1.0
0.0	1.0
0.0	0.03977272727272727
-0.013273036107420921	0.0
-0.0004820151370950043	1.0
-0.004605554975569248	0.28859060402684567
-3.613115768530406e-05	1.0
0.0	0.0
0.0	1.0
-0.0011307386448606849	1.0
0.0	1.0
0.0	0.0
0.0	1.0
-4.868042651651194e-06	1.0
0.0	1.0
-0.0038172523491084576	0.28289473684210525
0.0	1.0
-4.1833257777984523e-13	1.0
0.0	0.5303030303030303
-0.0003217766643501818	1.0
0.0	1.0
0.0	0.0
0.0	0.0
0.0	1.0
0.0	1.0
0.0	1.0
0.0	1.0
0.0	1.0
0.0	1.0
-0.0004314101242925972	1.0
0.0	1.0
0.0	1.0
-2.839625778960908e-07	1.0
0.0	0.0
0.0	1.0
-0.0004187885206192732	0.07407407407407407
-5.2328115998534486e-05	1.0
0.0	1.0
0.0	1.0
-3.938218651455827e-05	0.9734939759036144
-6.520700117107481e-05	1.0
0.0	1.0
-3.661041773739271e-06	1.0
-0.0014017008943483233	1.0
0.0	1.0
0.0	1.0
0.0	1.0
-2.3108842964192355e-11	1.0
0.0	1.0
-0.0010949557181447744	0.43636363636363634
-4.606998572853627e-06	0.005714285714285714
-3.509804082568735e-05	1.0
0.0	0.0
-0.0009130703983828425	1.0
0.0	1.0
0.0	1.0
0.0	0.06666666666666667
0.0	0.0
0.0	1.0
0.0	1.0
0.0	1.0
-1.546658381812449e-06	1.0
-0.0003134430153295398	1.0
0.0	1.0
-1.078211880667368e-05	1.0
-7.911166832741401e-09	1.0
0.0	1.0
0.0	1.0
0.0	1.0
-0.005240769125521183	1.0
0.0	1.0
0.0	1.0
0.0	1.0
0.0	1.0
0.0	1.0
-9.064871846931055e-06	1.0
-5.206657442613505e-05	1.0
0.0	1.0
-0.0012656219769269228	1.0
0.0	0.0
0.0	0.0
0.0	0.0
-0.032283343374729156	0.0
-0.00015100227028597146	0.0
-0.00038752134423702955	1.0
-4.599419298756402e-06	1.0
0.0	0.0
-5.060204557594261e-07	1.0
0.0	1.0
-0.0002883864217437804	0.375
-4.8480596888111904e-05	0.0
0.0	0.0
0.0	1.0
-0.020308610051870346	0.2631578947368421
0.0	1.0
-0.00034880448947660625	1.0
-1.6664185750414617e-05	1.0
0.0	1.0
0.0	1.0
0.0	1.0
0.0	1.0
0.0	1.0
0.0	1.0
-2.4847413442330435e-05	0.0
-0.000907472858671099	1.0
0.0	1.0
-0.0019080513156950474	1.0
-7.490415327993105e-07	1.0
0.0	1.0
-0.0009219691855832934	1.0
-1.210974278365029e-05	0.19230769230769232
-0.0003004638710990548	1.0
-1.9990982764284126e-05	1.0
0.0	1.0
-0.029902609065175056	0.0
0.0	1.0
0.0	1.0
-1.0967061569999714e-07	1.0
0.0	1.0
-0.00045784696703776717	1.0
-0.004828560631722212	0.508557457212714
0.0	1.0
0.0	1.0
0.0	1.0
0.0	0.05188679245283019
0.0	1.0
0.0	1.0
0.0	1.0
0.0	0.0
0.0	1.0
0.0	0.0
-2.691826921363827e-07	1.0
-7.004220151429763e-06	0.1388888888888889
0.0	1.0
0.0	1.0
-2.5376179380032227e-08	1.0
-4.205625003805835e-08	1.0
0.0	1.0
-5.690207217412535e-06	1.0
0.0	1.0
-5.600139463268761e-09	1.0
0.0	1.0
0.0	0.0
0.0	1.0
0.0	1.0
0.0	0.0
-3.4308247909287104e-10	1.0
0.0	1.0
-0.0001563412370160222	1.0
-0.09031030535697937	0.0
-0.00017109309555962682	1.0
0.0	1.0
-8.294318831758574e-05	1.0
0.0	1.0
-3.6190028751548198e-09	1.0
-2.951133939001552e-14	0.3118279569892473
0.0	1.0
-0.000776376633439213	1.0
-0.00012556533329188824	1.0
0.0	1.0
0.0	1.0
-2.14704073187022e-06	1.0
0.0	1.0
0.0	1.0
-4.922983134747483e-05	0.0
-6.004097485856619e-07	1.0
0.0	1.0
-1.1608865690959647e-07	1.0
0.0	0.1
-5.772617441834882e-07	1.0
0.0	0.0
-8.421748134423979e-06	1.0
0.0	1.0
0.0	1.0
-0.00037592818262055516	0.0
-9.156479463534595e-10	1.0
-0.001942475326359272	1.0
0.0	1.0
0.0	1.0
-6.83432153891772e-05	1.0
-7.340171578107402e-05	1.0
0.0	1.0
-0.003142326371744275	1.0
-0.0011463901028037071	1.0
-0.007340095471590757	0.0
0.0	1.0
0.0	1.0
0.0	1.0
-4.506364632561599e-07	1.0
-0.0007903879159130156	1.0
-5.4295007430482656e-05	1.0
0.0	1.0
-5.875568032109868e-09	1.0
0.0	1.0
0.0	0.0
-3.5700769007718236e-09	1.0
0.0	1.0
0.0	1.0
-6.036124432284851e-06	0.0
0.0	1.0
-9.617986052035121e-07	0.012658227848101266
-0.033577654510736465	0.0
0.0	1.0
0.0	1.0
0.0	1.0
-4.649657057598233e-05	1.0
-0.00412121694535017	1.0
-6.409936190721055e-07	1.0
0.0	0.5360824742268041
0.0	1.0
0.0	0.0
0.0	0.0
0.0	1.0
0.0	1.0
0.0	1.0
0.0	1.0
0.0	1.0
0.0	1.0
0.0	1.0
-8.295227005294947e-11	0.0
0.0	0.0
0.0	1.0
0.0	1.0
0.0	1.0
-1.6037654859246686e-05	1.0
0.0	1.0
0.0	1.0
0.0	1.0
0.0	1.0
0.0	1.0
-0.0024775501806288958	1.0
0.0	1.0
-0.0011827786220237613	1.0
0.0	1.0
0.0	1.0
0.0	1.0
0.0	0.0
0.0	1.0
-9.332061381428503e-06	1.0
0.0	1.0
-0.00037980516208335757	0.1990521327014218
0.0	1.0
0.0	1.0
0.0	1.0
-3.5504999686963856e-05	0.0
0.0	1.0
0.0	0.0
0.0	1.0
0.0	1.0
0.0	0.0
0.0	1.0
0.0	1.0
-2.2208410666024747e-09	1.0
0.0	1.0
0.0	0.0
-8.414519470534287e-06	1.0
-1.3145739785613841e-07	0.0
0.0	1.0
0.0	1.0
0.0	1.0
0.0	1.0
0.0	1.0
0.0	0.0
-0.005400317255407572	0.0
0.0	1.0
-0.0014086117735132575	0.5882352941176471
-2.3787431473465404e-06	0.0
0.0	0.0
0.0	1.0
0.0	1.0
0.0	1.0
0.0	1.0
-0.001194686396047473	0.0
-0.010644003748893738	0.8076923076923077
-5.4647302931698505e-06	1.0
-0.0011189895449206233	0.0
-2.892921679986671e-09	1.0
0.0	1.0
-1.251965295523405e-05	1.0
0.0	1.0
0.0	1.0
0.0	0.0
-0.015512621030211449	1.0
0.0	1.0
0.0	1.0
-0.0007731910445727408	1.0
0.0	1.0
0.0	1.0
-0.00025608859141357243	0.18181818181818182
0.0	0.011111111111111112
0.0	1.0
-0.0020429235883057117	0.0
-0.0032351792324334383	0.0
-3.0099878131295554e-05	1.0
-0.008327971212565899	0.0
-0.07036188989877701	0.0
0.0	1.0
0.0	1.0
0.0	0.08108108108108109
0.0	0.021505376344086023
-7.805402333360689e-07	1.0
-0.0008667747024446726	1.0
0.0	1.0
0.0	1.0
-4.6976612793514505e-05	1.0
0.0	1.0
0.0	1.0
-0.002810882404446602	0.0
0.0	0.0
0.0	1.0
0.0	0.0
-3.204088352504186e-05	1.0
-2.5266508885124495e-09	0.0
0.0	0.011235955056179775
0.0	0.0
0.0	1.0
-1.3816556020174176e-05	0.0
0.0	1.0
-0.00016126863192766905	1.0
0.0	1.0
0.0	1.0
0.0	1.0
-0.0010415584547445178	1.0
0.0	1.0
0.0	1.0
0.0	1.0
0.0	1.0
0.0	0.0
0.0	1.0
0.0	0.6818181818181818
0.0	1.0
0.0	1.0
0.0	1.0
-0.003538911696523428	0.0
-0.00021780439419671893	1.0
0.0	1.0
0.0	1.0
0.0	0.0
0.0	1.0
0.0	1.0
-0.0008408433059230447	0.0
0.0	0.0
-0.00174224772490561	1.0
-2.3877499089053345e-08	1.0
0.0	1.0
0.0	1.0
0.0	1.0
0.0	1.0
0.0	1.0
-1.2446589607861824e-05	1.0
-0.0006724435952492058	0.5652173913043478
0.0	1.0
0.0	1.0
0.0	1.0
0.0	1.0
0.0	1.0
-4.511129645834444e-06	1.0
-0.0016551823355257511	1.0
-2.2895403162692674e-05	0.043010752688172046
0.0	1.0
0.0	1.0
0.0	1.0
0.0	1.0
0.0	1.0
-1.1415752851462457e-05	0.23684210526315788
0.0	1.0
0.0	1.0
0.0	1.0
-3.407931581023149e-05	1.0
-0.0005068464088253677	1.0
0.0	1.0
-2.513684260740945e-10	1.0
0.0	1.0
-5.270114343147725e-06	1.0
0.0	1.0
-1.2087995049370193e-09	0.046632124352331605
0.0	0.4444444444444444
-2.315606053571173e-07	1.0
0.0	1.0
0.0	1.0
-0.0004447174142114818	1.0
0.0	1.0
0.0	1.0
0.0	1.0
-8.243215177117236e-08	1.0
-3.3648811950115487e-06	1.0
-3.503002610205641e-10	1.0
0.0	1.0
-0.02405235357582569	0.0
0.0	1.0
-1.1847777967033402e-11	1.0
0.0	1.0
0.0	1.0
-1.7338237739750184e-05	1.0
0.0	0.0
0.0	1.0
-4.5980885943208705e-07	1.0
-0.0004085100081283599	1.0
0.0	1.0
-0.0010398207232356071	1.0
0.0	1.0
-4.176195833593965e-09	1.0
-0.0006379789556376636	1.0
0.0	1.0
0.0	1.0
0.0	0.0
0.0	1.0
0.0	1.0
-0.001003096578642726	1.0
-9.48411543504335e-05	1.0
0.0	1.0
0.0	1.0
-0.05333423614501953	0.0
0.0	1.0
-0.02367146871984005	0.0
-0.00030197473824955523	0.037037037037037035
0.0	1.0
-9.107337064051535e-06	1.0
0.0	1.0
0.0	1.0
-3.852317604469135e-06	1.0
0.0	0.0
0.0	1.0
0.0	0.045454545454545456
0.0	1.0
-0.0014935338404029608	1.0
0.0	1.0
-1.33876923769094e-07	1.0
-4.278403594071278e-06	1.0
-2.1580005977739347e-06	1.0
-2.7070338546764106e-05	1.0
-0.00010612194455461577	1.0
-0.00010303646558895707	1.0
0.0	1.0
0.0	1.0
0.0	1.0
-1.7209232303083688e-11	0.2413793103448276
-6.849655164842261e-06	1.0
0.0	1.0
0.0	1.0
0.0	1.0
0.0	1.0
0.0	1.0
-0.003772649448364973	0.2222222222222222
-1.7411663222333118e-08	1.0
-7.922390977910254e-06	1.0
-0.00014617321721743792	1.0
-3.2965323043754324e-05	0.0
0.0	1.0
0.0	1.0
-2.1733099231369124e-07	1.0
0.0	1.0
0.0	1.0
0.0	1.0
0.0	1.0
-8.982999133877456e-05	1.0
0.0	1.0
-0.0033263626974076033	0.0
-9.04475964489393e-05	0.044444444444444446
0.0	1.0
-0.0008128881454467773	1.0
-1.3740257145400392e-06	1.0
0.0	1.0
0.0	1.0
0.0	1.0
0.0	1.0
-4.138026633881964e-05	1.0
0.0	1.0
0.0	0.0
-0.03335399553179741	0.0
0.0	1.0
-0.0003603743971325457	1.0
0.0	0.0
-0.00035789396497420967	0.0
-6.133005570063688e-08	1.0
-3.1167139241006225e-05	1.0
-0.0011226764181628823	0.0
0.0	0.0
0.0	0.5202312138728323
0.0	1.0
0.0	1.0
0.0	0.0
0.0	0.0
0.0	1.0
-7.653770950355465e-08	1.0
0.0	1.0
-0.0002864374255295843	0.0
-3.833138180198148e-05	1.0
0.0	1.0
0.0	1.0
0.0	1.0
-8.808789061731659e-06	1.0
-6.008807758917101e-05	0.0
-0.0002189997467212379	0.0
0.0	1.0
-0.0010450780391693115	1.0
0.0	1.0
0.0	0.0
0.0	1.0
-0.000673221773467958	1.0
0.0	0.18181818181818182
0.0	1.0
-2.139573851422938e-09	1.0
0.0	1.0
-1.0107435777229057e-08	1.0
0.0	1.0
-5.675409556715749e-05	1.0
-5.993189461150905e-06	1.0
-0.00014733901480212808	1.0
0.0	1.0
0.0	1.0
-1.5954710761434399e-06	1.0
0.0	0.0
0.0	1.0
0.0	0.0
0.0	1.0
-0.005995890125632286	1.0
-0.00011588505731197074	0.0
0.0	0.0
-5.6028241128634054e-14	1.0
0.0	0.8461538461538461
-0.022864673286676407	0.0
-6.010710679182907e-11	1.0
0.0	1.0
0.0	1.0
0.0	1.0
-0.00015834280929993838	1.0
-6.60106961731799e-05	1.0
-0.027981236577033997	0.0
0.0	1.0
-8.324228417677659e-08	1.0
0.0	1.0
-1.873166297627904e-06	0.8372093023255814
-0.04251237213611603	0.0
-4.386307773529552e-05	0.0
0.0	0.0
0.0	1.0
-0.0002775230095721781	1.0
0.0	1.0
-4.061785148223862e-05	1.0
0.0	1.0
-0.00011064328282373026	0.16455696202531644
-5.50899585505249e-06	0.02666666666666667
0.0	0.0
0.0	1.0
-0.0007505928515456617	0.0
-2.2490022288934597e-08	1.0
0.0	1.0
-0.00034628217690624297	1.0
0.0	0.0
0.0	1.0
0.0	1.0
0.0	1.0
-1.3906919775763527e-05	1.0
-4.0268209886562545e-06	1.0
0.0	1.0
-0.0027822537813335657	0.0
-1.5688983978634496e-07	1.0
0.0	1.0
-0.0005155656835995615	1.0
-0.007020776625722647	0.02702702702702703
0.0	1.0
0.0	0.6512345679012346
0.0	1.0
0.0	0.0
0.0	1.0
0.0	1.0
0.0	1.0
-0.0019978946074843407	1.0
-0.047003213316202164	1.0
0.0	0.011363636363636364
0.0	1.0
-0.001307091792114079	1.0
-1.718188104860019e-05	1.0
0.0	1.0
0.0	1.0
-0.0030240679625421762	1.0
0.0	1.0
0.0	1.0
0.0	0.0
-0.0006292154430411756	1.0
0.0	1.0
0.0	0.0
0.0	0.012048192771084338
-1.4537248716806062e-05	0.0
