-1.0566352237617593e-08	1.0
0.0	1.0
0.0	1.0
0.0	1.0
-9.972992847906426e-05	0.0
-1.8583648397907382e-08	1.0
0.0	1.0
0.0	1.0
0.0	1.0
0.0	0.7956204379562044
0.0	1.0
-0.0032329633831977844	0.01411764705882353
-1.096319920179667e-06	1.0
-0.0004651417548302561	1.0
-0.04858388379216194	0.0
0.0	0.0
-8.499068826495204e-06	1.0
-0.006402814760804176	0.06666666666666667
0.0	1.0
0.0	1.0
0.0	1.0
0.0	1.0
-0.028836971148848534	0.0
0.0	0.0
0.0	1.0
0.0	0.0
0.0	1.0
0.0	1.0
0.0	0.0
-9.680825918678693e-09	0.0
0.0	1.0
0.0	1.0
0.0	1.0
-1.7110256521846168e-05	1.0
0.0	1.0
-4.277266998542473e-05	0.0
0.0	1.0
0.0	1.0
-2.067525599613873e-07	1.0
-1.1778492989833467e-06	0.0
-0.0014930005418136716	0.0
0.0	1.0
-6.736846080990233e-10	1.0
0.0	1.0
-1.7340553313260898e-05	1.0
0.0	1.0
0.0	1.0
0.0	1.0
-0.00026859171339310706	1.0
0.0	1.0
0.0	0.1794871794871795
0.0	0.0
-0.0015001718420535326	1.0
-9.062096796697006e-05	1.0
0.0	1.0
0.0	1.0
-0.016171259805560112	0.0
-2.4799850507406518e-05	1.0
0.0	1.0
0.0	1.0
-0.000368368870113045	0.0
0.0	1.0
0.0	1.0
0.0	1.0
0.0	1.0
0.0	0.0
0.0	1.0
-3.904332970705582e-06	1.0
0.0	1.0
-9.309477900387719e-05	0.2641509433962264
-8.399647114193474e-15	0.0
-9.220045171787206e-07	1.0
0.0	0.0
0.0	1.0
0.0	1.0
-2.6175310267717578e-05	0.15384615384615385
0.0	1.0
-5.262774038783391e-08	1.0
0.0	1.0
0.0	1.0
0.0	0.0
0.0	0.2465753424657534
-0.004420716315507889	0.14360313315926893
0.0	0.0
0.0	1.0
-7.992657091726585e-10	1.0
-4.015097143650337e-10	1.0
0.0	1.0
-1.772564064594917e-05	1.0
-0.001984682399779558	1.0
0.0	1.0
0.0	1.0
-0.00015360681572929025	1.0
-0.00020038265211042017	1.0
-3.2509520835299862e-21	0.0
-1.1572827141037578e-08	1.0
0.0	1.0
-1.103367708310543e-06	1.0
0.0	1.0
0.0	1.0
-3.77323231077753e-05	1.0
-2.8668564482359216e-05	1.0
0.0	1.0
-1.9050805377673896e-08	1.0
0.0	1.0
0.0	0.0
0.0	1.0
-9.191263234242797e-05	0.0
-0.009591538459062576	0.0
-3.561796120266081e-06	1.0
0.0	1.0
-0.0007015401497483253	1.0
-0.05112249776721001	0.0
-1.1408513245214635e-08	1.0
0.0	0.875
0.0	1.0
0.0	1.0
0.0	1.0
0.0	1.0
-7.884242222644389e-06	1.0
0.0	1.0
0.0	1.0
0.0	1.0
0.0	0.918809201623816
0.0	0.0
0.0	1.0
-1.924705202327459e-06	0.0
0.0	1.0
0.0	1.0
0.0	1.0
-0.020121656358242035	0.0
0.0	1.0
0.0	1.0
0.0	0.0
0.0	1.0
0.0	1.0
0.0	0.0
-0.00046444492181763053	0.32047477744807124
0.0	1.0
0.0	1.0
-0.006033348385244608	0.0
0.0	1.0
0.0	1.0
0.0	0.0
0.0	1.0
-0.00018825652659870684	0.0
0.0	1.0
0.0	0.0
-1.3551315625193183e-10	1.0
0.0	1.0
-0.00265888893045485	0.0
-1.0628747659779947e-08	0.0
-0.016643023118376732	0.0
0.0	0.0
0.0	1.0
0.0	1.0
-0.0002467382582835853	1.0
0.0	1.0
-2.2875847207615152e-05	1.0
0.0	1.0
0.0	1.0
0.0	1.0
0.0	1.0
0.0	1.0
-3.623287921072915e-05	0.0
-2.0084286006749608e-05	1.0
0.0	1.0
0.0	0.08571428571428572
0.0	0.7888888888888889
-0.0008204538025893271	0.22488038277511962
-7.194081717898371e-06	0.0
0.0	1.0
0.0	1.0
0.0	1.0
-1.3333597053133417e-06	1.0
0.0	1.0
0.0	1.0
0.0	0.2222222222222222
-0.00017130620835814625	1.0
0.0	1.0
-0.029833698645234108	0.0
-0.000579082581680268	1.0
0.0	1.0
0.0	1.0
0.0	1.0
0.0	1.0
0.0	1.0
-3.3646440442680614e-06	1.0
0.0	1.0
0.0	1.0
0.0	1.0
0.0	0.0
0.0	0.0
-7.14455236447975e-05	1.0
0.0	1.0
-6.494113335975271e-08	1.0
0.0	1.0
0.0	0.0
0.0	1.0
-1.283807620211519e-07	1.0
0.0	1.0
-3.987181287357089e-07	1.0
-9.873365769408338e-08	0.537180910099889
0.0	1.0
0.0	0.0
-4.585252497690817e-07	1.0
0.0	1.0
0.0	1.0
0.0	1.0
0.0	1.0
0.0	1.0
0.0	1.0
-1.6023532500852866e-10	1.0
-0.00023680487356614321	1.0
0.0	1.0
0.0	1.0
0.0	0.0
0.0	0.015151515151515152
-0.002905657747760415	0.0
0.0	1.0
0.0	1.0
0.0	1.0
0.0	1.0
-1.5143803466344252e-05	0.0
-6.1873779486631975e-06	1.0
0.0	1.0
0.0	1.0
0.0	1.0
0.0	1.0
0.0	1.0
-1.0005222975451034e-05	0.3088235294117647
0.0	1.0
0.0	1.0
-2.835228372077836e-07	1.0
0.0	1.0
-7.982556837760058e-09	1.0
-0.0074193961918354034	0.0
-8.299452929350082e-06	1.0
0.0	0.06528189910979229
0.0	1.0
0.0	1.0
0.0	1.0
0.0	1.0
-0.04614953696727753	0.0
-0.0003137929306831211	1.0
0.0	1.0
-0.0014192679664120078	0.0
-0.0002796321059577167	0.0
0.0	1.0
0.0	0.014705882352941176
0.0	1.0
-1.635930573229416e-07	1.0
-3.084324634983204e-05	1.0
0.0	1.0
-0.0018924938049167395	1.0
0.0	1.0
0.0	1.0
-0.001244808197952807	0.0
0.0	1.0
0.0	0.0
-0.00033224851358681917	1.0
0.0	1.0
0.0	1.0
-2.973262053274084e-05	1.0
-0.03411078453063965	0.0
0.0	1.0
-0.00031698698876425624	1.0
0.0	0.16666666666666666
0.0	1.0
-5.871999746887013e-05	0.0
-2.864779617084423e-06	1.0
-2.5381214072695002e-05	0.0
0.0	1.0
-0.00023631303338333964	1.0
-1.0522254342504311e-05	1.0
-4.97042718095031e-09	0.7088866189989785
-0.023739203810691833	0.0
-0.03978507220745087	0.0
0.0	1.0
0.0	1.0
0.0	0.0
-1.0211909966528765e-06	1.0
-0.00760894687846303	0.0
0.0	1.0
0.0	0.0
-3.048885628231801e-05	1.0
0.0	1.0
-0.0005189870717003942	1.0
-1.061554576153867e-05	1.0
0.0	1.0
0.0	1.0
0.0	1.0
-0.0005692635313607752	1.0
-0.0002666657674126327	0.0
-6.649716801504502e-12	1.0
-3.0037743403710238e-09	1.0
0.0	1.0
0.0	1.0
-0.0003390712954569608	1.0
0.0	1.0
0.0	0.0
0.0	1.0
0.0	1.0
0.0	1.0
0.0	1.0
0.0	1.0
0.0	1.0
0.0	1.0
0.0	0.0
0.0	1.0
-1.956399728442193e-06	1.0
0.0	1.0
0.0	0.0
0.0	1.0
-0.0026134750805795193	0.24545454545454545
0.0	1.0
-0.00045390852028504014	1.0
0.0	1.0
0.0	1.0
0.0	1.0
0.0	1.0
0.0	0.0
0.0	1.0
-0.0012704090913757682	1.0
0.0	0.4774590163934426
0.0	1.0
-6.656983896391466e-05	1.0
0.0	1.0
0.0	1.0
0.0	1.0
-0.00022775989782530814	0.0
0.0	1.0
0.0	0.5166487647690655
0.0	1.0
0.0	1.0
0.0	1.0
-0.0001888832193799317	0.0
0.0	1.0
-7.890774213592522e-06	1.0
-3.626575562520884e-05	1.0
0.0	1.0
-4.975514457328245e-05	0.0
0.0	1.0
-0.00059390818933025	1.0
0.0	1.0
0.0	0.385
0.0	1.0
-0.002576185157522559	1.0
-2.0438604053651943e-07	1.0
0.0	1.0
-0.0002695668663363904	1.0
0.0	1.0
0.0	0.0
-0.0005317284376360476	1.0
0.0	1.0
-0.05085194110870361	0.0
0.0	1.0
0.0	1.0
-0.0015146511141210794	1.0
0.0	0.0
-9.86980595030218e-08	1.0
-0.0003570641565602273	0.0
-5.389559873947292e-07	0.0
0.0	1.0
0.0	0.0
0.0	0.0
0.0	1.0
0.0	1.0
0.0	0.0
0.0	0.0
-2.4404347641393542e-05	1.0
0.0	1.0
0.0	1.0
0.0	1.0
0.0	1.0
-9.6757838036865e-05	0.0
0.0	0.022222222222222223
0.0	1.0
0.0	1.0
0.0	1.0
0.0	1.0
0.0	1.0
-0.016118794679641724	0.0
0.0	1.0
0.0	1.0
0.0	0.5045871559633027
0.0	0.025
-0.0005869675660505891	0.573134328358209
0.0	1.0
0.0	1.0
0.0	1.0
0.0	1.0
0.0	1.0
-0.010625317692756653	0.0
-1.4288465536083095e-05	1.0
0.0	1.0
-3.581314012990333e-05	0.0
0.0	1.0
-7.183412975564352e-08	1.0
0.0	0.08333333333333333
-3.6809174162044656e-06	1.0
0.0	1.0
0.0	1.0
-5.403601244324818e-05	1.0
0.0	0.4
0.0	1.0
-2.4172044574277685e-11	1.0
-9.843862062552944e-05	1.0
0.0	0.0
0.0	1.0
0.0	1.0
-0.0023528726305812597	1.0
-8.16706960904412e-05	1.0
-8.830716780039438e-08	0.0
-6.331966869765893e-05	1.0
0.0	1.0
-0.0004610014730133116	1.0
-0.0009285651030950248	1.0
0.0	1.0
0.0	0.0
0.0	1.0
-9.193109872285277e-05	1.0
0.0	1.0
0.0	1.0
0.0	1.0
0.0	1.0
-0.00013178848894312978	0.0
-5.0402180931996554e-05	1.0
-2.051698857030715e-06	1.0
0.0	1.0
-0.00046071704127825797	1.0
0.0	1.0
-6.749094154656632e-06	1.0
0.0	1.0
0.0	1.0
0.0	1.0
0.0	1.0
0.0	0.344
-8.709286339581013e-05	0.16304347826086957
0.0	1.0
0.0	1.0
0.0	1.0
-0.004457192029803991	0.0
0.0	1.0
0.0	1.0
0.0	1.0
0.0	1.0
-0.012606628239154816	0.0
-0.00842080544680357	0.0
-4.825814539799467e-05	1.0
0.0	1.0
0.0	1.0
0.0	1.0
-0.0007660211413167417	0.0
0.0	1.0
-0.0011667963117361069	0.0
-4.09058848163113e-05	1.0
-0.00020860591030213982	1.0
0.0	1.0
0.0	1.0
0.0	1.0
-0.0006227515987120569	1.0
-4.593963603838347e-05	1.0
0.0	1.0
-0.0003141193010378629	0.0
0.0	1.0
0.0	1.0
0.0	0.0
0.0	1.0
-9.579415745974984e-06	1.0
-0.0031046210788190365	0.0
0.0	1.0
-0.0015190917765721679	0.0
0.0	1.0
-7.574441951874178e-06	1.0
0.0	1.0
0.0	0.011494252873563218
-0.00112907774746418	1.0
-5.694414184631569e-08	1.0
-1.7722775737638585e-05	1.0
-0.013073842972517014	0.0
0.0	1.0
0.0	0.0
0.0	1.0
0.0	0.0
-0.0035719412844628096	0.0
0.0	1.0
0.0	1.0
0.0	1.0
0.0	1.0
0.0	1.0
-5.9151279856450856e-06	1.0
0.0	1.0
0.0	1.0
0.0	1.0
