-0.0002635742421261966	1.0
0.0	1.0
0.0	1.0
-3.3879664442793e-06	1.0
-7.779008797115239e-07	0.0
-7.106034445314435e-07	1.0
-0.0001955492771230638	0.0
0.0	1.0
-0.0001661013375269249	1.0
0.0	0.0
0.0	1.0
0.0	1.0
0.0	1.0
0.0	1.0
0.0	0.0
0.0	1.0
0.0	1.0
-0.0005482395645231009	0.031413612565445025
0.0	0.0
0.0	1.0
-3.974300852860324e-07	1.0
-1.941300979524385e-06	0.04242424242424243
0.0	0.0
0.0	1.0
0.0	1.0
0.0	1.0
-3.2479559308740136e-07	1.0
0.0	1.0
0.0	0.02040816326530612
-0.0001749727234710008	1.0
-3.539952558639925e-06	1.0
0.0	1.0
0.0	1.0
-0.0001239855046151206	1.0
-0.00010766804916784167	0.075
-8.841735876785606e-08	1.0
0.0	1.0
-7.295969339793373e-07	1.0
0.0	1.0
0.0	1.0
0.0	1.0
0.0	1.0
0.0	1.0
0.0	1.0
0.0	0.23076923076923078
0.0	1.0
0.0	1.0
-3.478988119809401e-08	0.0
0.0	1.0
0.0	1.0
0.0	0.0
-0.00020788429537788033	1.0
-7.94655079516815e-07	1.0
0.0	1.0
-1.755179800966289e-05	1.0
-0.008426416665315628	0.19672131147540983
0.0	1.0
0.0	1.0
-0.0004031233547721058	1.0
-3.9021746488288045e-05	0.0
0.0	0.0
-7.206228019640548e-06	1.0
0.0	1.0
0.0	1.0
-4.842293606088788e-07	1.0
0.0	1.0
0.0	1.0
-2.781234979920555e-05	1.0
-5.038917894051309e-11	1.0
-0.001229486078955233	0.3333333333333333
0.0	1.0
-0.0001107316420529969	1.0
-7.0608693931717426e-06	1.0
0.0	1.0
-5.274130021604151e-09	1.0
0.0	1.0
0.0	1.0
0.0	1.0
-7.94514489825815e-05	1.0
0.0	1.0
0.0	1.0
0.0	1.0
0.0	1.0
0.0	1.0
0.0	1.0
0.0	1.0
0.0	1.0
0.0	1.0
0.0	0.0
-8.78022110555321e-05	1.0
-0.0015894793905317783	1.0
0.0	1.0
0.0	1.0
0.0	1.0
0.0	1.0
0.0	1.0
0.0	1.0
0.0	1.0
0.0	0.3333333333333333
0.0	1.0
0.0	1.0
-4.224953613629623e-07	1.0
0.0	1.0
0.0	0.0
0.0	1.0
-2.7946216505370103e-05	0.0
0.0	1.0
0.0	0.0
0.0	1.0
-4.761194304592209e-06	1.0
-9.003118611872196e-05	1.0
0.0	1.0
0.0	0.0
0.0	1.0
0.0	1.0
0.0	0.0
-1.4251200219916882e-08	1.0
0.0	1.0
0.0	1.0
0.0	0.0
-4.992841786588542e-05	0.0
0.0	1.0
-0.0005301120691001415	1.0
0.0	1.0
0.0	1.0
0.0	1.0
0.0	1.0
0.0	1.0
0.0	1.0
0.0	1.0
0.0	1.0
-0.004387561697512865	1.0
0.0	0.1266294227188082
0.0	1.0
0.0	0.0
0.0	1.0
0.0	1.0
-0.00026781525230035186	1.0
0.0	1.0
0.0	1.0
0.0	1.0
0.0	1.0
0.0	1.0
-3.5080634575024305e-07	0.0
0.0	1.0
0.0	1.0
0.0	1.0
0.0	1.0
0.0	1.0
-0.000366159831173718	1.0
0.0	1.0
0.0	1.0
0.0	0.0
-0.001180665218271315	0.0
-0.005097137298434973	0.0
0.0	1.0
0.0	0.0
-2.3655458790017292e-05	1.0
-0.06621146947145462	0.0
0.0	1.0
0.0	1.0
-7.051994180073962e-05	0.0
-0.0005899541429243982	0.0
0.0	1.0
0.0	1.0
0.0	1.0
-0.00037130931741558015	1.0
0.0	1.0
0.0	1.0
0.0	1.0
0.0	1.0
-0.0016537094488739967	1.0
0.0	1.0
0.0	1.0
-9.269492693420034e-07	0.0
-1.2114401215512771e-05	1.0
-0.00045799827785231173	1.0
0.0	1.0
-0.0005232510156929493	1.0
0.0	1.0
0.0	1.0
-0.0023252114187926054	1.0
0.0	1.0
-0.0005789070855826139	1.0
-5.747028453129133e-08	1.0
0.0	1.0
0.0	1.0
-4.75872730021365e-05	0.0
-0.005718254949897528	0.0
0.0	1.0
-2.170467450923752e-05	1.0
0.0	1.0
-0.00024096872948575765	0.0
0.0	1.0
0.0	1.0
0.0	1.0
0.0	1.0
-0.011306880973279476	0.0
-7.081135845510289e-05	1.0
0.0	1.0
0.0	0.134765625
0.0	1.0
-0.016911137849092484	0.0
-3.4161396342824446e-06	1.0
0.0	1.0
-9.04554963199189e-06	1.0
-0.002409448381513357	1.0
-1.31914234202668e-07	1.0
-0.0018325462006032467	1.0
-0.00020964328723493963	1.0
-4.774963144882349e-07	0.0
0.0	0.0
-5.997989865136333e-05	1.0
-0.0001923401141539216	1.0
0.0	1.0
-0.0037816441617906094	1.0
-0.0004412326088640839	1.0
0.0	1.0
-4.399512818054063e-06	1.0
0.0	1.0
0.0	1.0
0.0	1.0
0.0	1.0
0.0	0.4444444444444444
0.0	1.0
0.0	1.0
-1.0512164294596005e-07	1.0
-0.0015658820047974586	0.0
0.0	1.0
-0.0012842254946008325	0.0
-2.7295129712001653e-06	0.0
-0.0008351849974133074	1.0
0.0	1.0
-0.0008824184187687933	1.0
0.0	1.0
-0.00560732651501894	0.0
-0.004740426782518625	0.3357664233576642
0.0	1.0
0.0	1.0
0.0	1.0
0.0	1.0
0.0	1.0
-1.625648292247206e-05	1.0
-3.162894252062287e-11	1.0
0.0	0.0
0.0	1.0
0.0	1.0
0.0	1.0
0.0	1.0
0.0	1.0
0.0	1.0
0.0	1.0
0.0	1.0
0.0	1.0
0.0	1.0
0.0	1.0
0.0	1.0
-1.1182338539583725e-06	0.0
0.0	0.01818181818181818
0.0	1.0
-0.007463482674211264	0.0
-0.004042009823024273	1.0
0.0	1.0
0.0	1.0
0.0	1.0
0.0	1.0
0.0	1.0
0.0	0.4856115107913669
0.0	1.0
0.0	1.0
0.0	1.0
-0.0020658611319959164	1.0
0.0	1.0
0.0	1.0
-2.804677308176906e-07	1.0
0.0	1.0
0.0	1.0
-0.02376103773713112	0.0
0.0	1.0
0.0	1.0
0.0	1.0
0.0	1.0
0.0	0.015151515151515152
0.0	1.0
0.0	0.0
0.0	1.0
-6.195090099936351e-05	1.0
-0.0010066363029181957	1.0
0.0	1.0
0.0	1.0
0.0	0.0
0.0	1.0
-2.3242751012730878e-07	1.0
0.0	1.0
-3.6874925335439457e-10	1.0
0.0	0.0
0.0	0.6762589928057554
-1.8933178592625555e-14	1.0
0.0	1.0
-3.326318847030052e-06	1.0
0.0	1.0
0.0	0.021739130434782608
0.0	1.0
-2.87824200029263e-08	0.0
0.0	1.0
-0.0014633695827797055	1.0
0.0	1.0
0.0	1.0
0.0	1.0
-0.0020262994803488255	0.0
-1.3892488823330496e-05	1.0
-0.00025935674784705043	1.0
0.0	1.0
0.0	0.0
-1.3329247394722188e-07	1.0
-8.508725102274184e-08	1.0
0.0	1.0
0.0	0.9443671766342142
0.0	1.0
0.0	1.0
0.0	0.0
0.0	1.0
0.0	1.0
-0.0025603154208511114	0.0
-1.7065252677639364e-06	1.0
0.0	1.0
-2.6627278202795424e-05	1.0
-4.4793127017328516e-05	1.0
-1.6447968391730683e-06	1.0
0.0	1.0
0.0	0.0
-0.00010345683404011652	1.0
0.0	1.0
0.0	1.0
0.0	1.0
0.0	1.0
0.0	1.0
0.0	1.0
0.0	1.0
0.0	1.0
0.0	1.0
0.0	1.0
-0.001734637189656496	1.0
0.0	1.0
0.0	1.0
0.0	1.0
0.0	1.0
0.0	1.0
0.0	1.0
0.0	1.0
0.0	1.0
-5.387188934946607e-07	1.0
-0.0002674143179319799	1.0
0.0	1.0
-5.398254870669916e-06	0.07092198581560284
0.0	1.0
-3.0177670851117e-07	0.21611721611721613
0.0	1.0
-3.1131941469197955e-09	1.0
-0.00040140675264410675	1.0
0.0	1.0
0.0	1.0
0.0	0.0
-9.070284431800246e-05	1.0
0.0	1.0
0.0	1.0
-2.7926333132199943e-05	0.06201550387596899
-1.7219700665371818e-10	1.0
-4.035372967337025e-06	1.0
-0.00012420420534908772	1.0
0.0	1.0
-1.1214052619834547e-06	1.0
-4.927438794766204e-07	0.9019607843137255
-0.0002246872172690928	1.0
0.0	0.0
0.0	1.0
0.0	1.0
0.0	1.0
-1.3124426345711981e-07	0.0
0.0	1.0
0.0	0.0
0.0	1.0
-8.152318332577124e-05	1.0
0.0	1.0
0.0	1.0
-0.0026988869067281485	0.20930232558139536
0.0	1.0
0.0	1.0
0.0	0.0
-2.1463110897457227e-05	1.0
0.0	0.5
0.0	0.0
-3.0976593734521884e-08	1.0
0.0	1.0
-0.0001638590038055554	1.0
0.0	1.0
0.0	0.0
0.0	1.0
0.0	1.0
-3.315912863399717e-06	0.0
0.0	1.0
-5.7495090004522353e-05	1.0
0.0	1.0
0.0	1.0
0.0	1.0
0.0	0.0
0.0	1.0
0.0	1.0
0.0	1.0
0.0	1.0
0.0	0.0
0.0	1.0
0.0	1.0
0.0	1.0
-0.00032464301330037415	0.23622047244094488
0.0	1.0
-0.0022459239698946476	1.0
0.0	1.0
0.0	0.0
-0.00029535251087509096	1.0
0.0	1.0
0.0	1.0
0.0	1.0
-0.0006774436333216727	1.0
-0.052418965846300125	0.0
0.0	1.0
0.0	1.0
-1.9735551859412226e-07	1.0
-0.00023549173783976585	1.0
0.0	1.0
-0.0300811305642128	0.0
-6.852218575659208e-06	1.0
0.0	0.27906976744186046
0.0	1.0
-0.00028563765226863325	1.0
0.0	0.7882037533512064
0.0	0.7882037533512064
0.0	1.0
-8.52193043101579e-05	1.0
0.0	0.0
-0.0026137304957956076	0.0
0.0	1.0
-0.0004819180758204311	1.0
0.0	1.0
0.0	1.0
0.0	0.0
-2.627796675369609e-05	1.0
0.0	0.0
-2.4406165266555035e-07	1.0
0.0	1.0
0.0	1.0
-6.67347339913249e-05	0.0
-6.078242586227134e-05	1.0
0.0	1.0
-0.002907250775024295	0.0
0.0	0.0
-2.4171062373845587e-10	0.0
-1.673003708901888e-07	0.02608695652173913
-3.304078954879941e-10	1.0
0.0	1.0
0.0	0.014084507042253521
0.0	1.0
-0.002656881231814623	0.0
0.0	1.0
0.0	1.0
-0.0007625481812283397	1.0
0.0	1.0
0.0	1.0
0.0	0.0
0.0	1.0
-7.287771950359456e-06	1.0
-1.6718310291707894e-08	0.0
-0.0012111985124647617	1.0
0.0	0.34177215189873417
0.0	1.0
-0.0015714913606643677	0.0
-0.009839880280196667	0.0
-0.00013507089170161635	1.0
0.0	1.0
0.0	0.0
-0.0020889798179268837	0.0
0.0	1.0
-0.0023799424525350332	1.0
0.0	1.0
-6.657654739683494e-05	1.0
0.0	1.0
0.0	0.0
0.0	1.0
-0.00031706574372947216	1.0
0.0	1.0
0.0	0.20610687022900764
0.0	1.0
0.0	1.0
-1.1206049066458945e-06	1.0
0.0	1.0
0.0	1.0
-0.008968416601419449	0.0
0.0	1.0
0.0	0.43352601156069365
