0.0	0.01
0.0	1.0
0.0	1.0
0.0	1.0
0.0	1.0
0.0	1.0
0.0	1.0
-9.791654520086013e-06	1.0
-9.902530109684449e-06	0.30666666666666664
0.0	1.0
-0.0004725863691419363	1.0
0.0	1.0
0.0	1.0
0.0	1.0
0.0	0.0
0.0	1.0
0.0	1.0
0.0	1.0
-3.6810390156460926e-05	1.0
0.0	1.0
0.0	1.0
0.0	1.0
-6.057560767658288e-06	1.0
0.0	0.0
0.0	1.0
0.0	1.0
-0.016039155423641205	0.0
0.0	1.0
0.0	1.0
0.0	1.0
0.0	1.0
-0.0007847153465263546	1.0
-1.956041160156019e-06	1.0
-2.3359075385087635e-07	1.0
0.0	1.0
0.0	1.0
0.0	1.0
0.0	1.0
-1.4652916433988139e-05	1.0
0.0	0.0
0.0	1.0
-9.627409781387541e-06	1.0
0.0	1.0
-0.0007631737389601767	1.0
-0.00010320937872165814	1.0
-1.5425326864715316e-06	1.0
0.0	1.0
-2.2948547950818465e-08	1.0
0.0	1.0
-4.706865581738384e-07	0.359375
0.0	1.0
-0.0005387683631852269	1.0
0.0	0.0
0.0	1.0
0.0	1.0
0.0	1.0
-5.940758569522586e-07	1.0
-1.6168524886192668e-15	0.0
0.0	1.0
-0.002563129412010312	0.32536764705882354
0.0	1.0
0.0	1.0
-6.685103244308266e-07	1.0
-0.0003666160919237882	0.8837209302325582
0.0	0.0
0.0	1.0
0.0	1.0
-2.7376879643270513e-06	1.0
0.0	1.0
0.0	1.0
0.0	1.0
0.0	1.0
0.0	1.0
-0.0004326263442635536	1.0
-5.002596662961878e-05	1.0
0.0	1.0
0.0	1.0
0.0	1.0
0.0	1.0
-0.023038651794195175	0.0
0.0	1.0
-0.0840587168931961	0.0
0.0	1.0
0.0	1.0
-4.7136916691670194e-05	0.0
-1.4880078197165858e-05	1.0
-0.00014672768884338439	1.0
0.0	1.0
0.0	1.0
-3.778119571506977e-05	1.0
0.0	1.0
-0.0010200239485129714	1.0
0.0	1.0
0.0	0.0
-0.0004483985831029713	0.0
-0.005626159720122814	0.0
-0.00028850656235590577	0.0
0.0	1.0
0.0	1.0
0.0	1.0
0.0	1.0
0.0	1.0
0.0	1.0
0.0	1.0
-0.0019423394696787	0.0
-7.332954282901483e-06	1.0
-0.0017979434924200177	0.8148148148148148
0.0	1.0
0.0	1.0
0.0	1.0
-3.904319601133466e-05	1.0
-5.7775316236075014e-05	0.0
0.0	1.0
-0.00021461144206114113	1.0
-5.5988803069340065e-05	1.0
-0.0008535116794519126	1.0
0.0	1.0
0.0	1.0
0.0	1.0
0.0	1.0
-1.3526846487366129e-06	1.0
0.0	0.43902439024390244
0.0	0.0
0.0	1.0
0.0	1.0
-4.1649903437246394e-07	1.0
-3.1408974336954998e-06	1.0
0.0	1.0
0.0	1.0
0.0	1.0
0.0	1.0
0.0	1.0
-2.540183743349189e-07	1.0
-0.011120985262095928	0.08163265306122448
0.0	1.0
0.0	1.0
-6.608894182136282e-05	1.0
0.0	1.0
0.0	0.0
0.0	1.0
0.0	1.0
-8.068241731962189e-05	1.0
0.0	1.0
0.0	1.0
0.0	0.0
-3.551542443992685e-15	1.0
-0.0016102221561595798	1.0
-0.012610387057065964	0.0
-0.005440662615001202	0.0
0.0	0.046753246753246755
0.0	1.0
0.0	1.0
0.0	1.0
-0.0003880114236380905	1.0
0.0	1.0
-0.007197036407887936	1.0
0.0	1.0
0.0	0.0
0.0	1.0
-0.0009908067295327783	0.0
0.0	0.0
0.0	1.0
0.0	1.0
0.0	1.0
0.0	1.0
0.0	1.0
0.0	1.0
0.0	0.29651162790697677
-5.73253544189356e-07	0.0
-6.0685706557706e-05	1.0
0.0	1.0
0.0	1.0
-2.754973506269298e-11	0.0
-0.003905592719092965	1.0
-1.558990334160626e-06	1.0
0.0	1.0
0.0	1.0
0.0	0.19672131147540983
-5.534649972105399e-05	1.0
0.0	1.0
0.0	1.0
-0.00018558255396783352	0.0
0.0	1.0
0.0	1.0
-1.554805777459478e-07	1.0
-8.492680353811011e-05	0.0
0.0	1.0
-0.00011399228969821706	1.0
0.0	1.0
-5.103092348690552e-07	1.0
-6.930932272553036e-08	1.0
0.0	0.0
0.0	1.0
0.0	1.0
-6.724572813254781e-06	1.0
0.0	1.0
0.0	1.0
0.0	1.0
0.0	0.0
0.0	1.0
0.0	1.0
0.0	1.0
0.0	0.0
0.0	1.0
0.0	1.0
0.0	1.0
0.0	1.0
-0.043276093900203705	0.0
0.0	0.0
0.0	1.0
0.0	1.0
0.0	1.0
-0.0006415471434593201	1.0
0.0	1.0
0.0	1.0
-0.0013306597247719765	0.44285714285714284
0.0	1.0
0.0	1.0
0.0	1.0
0.0	1.0
-6.645029202445585e-07	1.0
0.0	1.0
-0.0001427604292985052	1.0
0.0	1.0
0.0	1.0
0.0	1.0
0.0	1.0
-0.00012578284076880664	1.0
0.0	1.0
-4.117082789889537e-05	0.0
0.0	1.0
0.0	1.0
-0.0009547931840643287	0.0
0.0	1.0
0.0	0.0
-0.000139965966809541	1.0
0.0	1.0
0.0	1.0
-9.198727184411837e-07	1.0
0.0	1.0
0.0	1.0
-9.14367090242452e-16	1.0
0.0	1.0
0.0	1.0
0.0	1.0
0.0	1.0
0.0	1.0
0.0	1.0
0.0	1.0
-0.0001930590660776943	0.0
-1.897895799629623e-06	1.0
0.0	0.0
0.0	1.0
-5.677482022292679e-07	0.0
0.0	1.0
0.0	1.0
0.0	1.0
-5.4879055824130774e-05	0.0
-1.3768208191322628e-06	1.0
-1.0555238816323254e-07	1.0
-0.03786921873688698	0.0
-1.4862231978440832e-07	0.0
-2.854862941603642e-06	1.0
-0.0005027115112170577	1.0
-0.005992754362523556	0.27906976744186046
-0.000592878379393369	1.0
0.0	0.0
0.0	1.0
-3.220705091511178e-10	1.0
0.0	0.0
0.0	1.0
-1.8648752302397043e-05	1.0
0.0	1.0
0.0	1.0
-0.0004820730537176132	1.0
-0.000334119307808578	1.0
-0.00029909785371273756	1.0
-2.276424595493154e-07	1.0
-2.8115932693140167e-08	1.0
0.0	0.0
0.0	1.0
-7.791463474404736e-08	0.0
-0.00022242558770813048	0.5454545454545454
0.0	1.0
0.0	1.0
0.0	1.0
-0.00019143492681905627	0.5789473684210527
0.0	1.0
0.0	1.0
-5.1729133701883256e-05	1.0
-0.00021375420328695327	1.0
0.0	0.0
0.0	0.0
-7.799447416800831e-07	1.0
0.0	1.0
0.0	1.0
-2.362969462410547e-05	1.0
-0.0007965386030264199	1.0
0.0	0.0
-0.0004110163717996329	0.0
0.0	1.0
0.0	1.0
-1.0801288226502948e-05	1.0
0.0	1.0
0.0	1.0
-6.039492745912867e-07	1.0
0.0	0.0
0.0	0.0
0.0	1.0
-0.015512869693338871	0.0
0.0	0.07894736842105263
0.0	1.0
0.0	1.0
0.0	1.0
-8.726828673388809e-05	1.0
-0.00022888067178428173	0.39285714285714285
-8.425640407949686e-05	0.0
0.0	1.0
0.0	1.0
-0.0026790050324052572	1.0
0.0	1.0
0.0	0.0
0.0	1.0
0.0	1.0
0.0	1.0
-0.0007673617801629007	0.0
0.0	1.0
0.0	1.0
0.0	1.0
0.0	1.0
-0.006508367136120796	1.0
0.0	1.0
-1.615669680177234e-05	1.0
-0.0005320360069163144	0.0
0.0	1.0
0.0	1.0
0.0	1.0
-0.00018660406931303442	1.0
-3.0067980333114974e-05	1.0
0.0	1.0
0.0	1.0
-0.0025974006857722998	0.0
0.0	1.0
0.0	1.0
-4.971797551434065e-08	1.0
0.0	1.0
-0.0009197179460898042	1.0
0.0	1.0
0.0	1.0
0.0	1.0
0.0	0.0
0.0	1.0
0.0	0.35714285714285715
0.0	1.0
0.0	1.0
0.0	1.0
0.0	1.0
-3.273097775036149e-07	1.0
-0.030040128156542778	0.0
-0.005452066659927368	0.022727272727272728
-0.0014096754603087902	1.0
0.0	1.0
-7.621163433668698e-08	1.0
-2.3200982468551956e-08	1.0
-2.565863432835158e-08	1.0
-0.0007894163718447089	1.0
-0.0010171334724873304	0.09917355371900827
-4.1696916752709257e-11	1.0
0.0	0.0
0.0	1.0
0.0	1.0
0.0	1.0
0.0	1.0
0.0	1.0
-0.00018079461005982012	1.0
0.0	1.0
-3.96990253648255e-06	1.0
0.0	1.0
-0.0014684833586215973	1.0
0.0	0.0
-0.03804057091474533	0.0
0.0	1.0
0.0	1.0
0.0	0.0
-5.643731128657237e-05	1.0
-0.026854917407035828	0.0
0.0	0.0
0.0	0.0
-0.0007962901727296412	1.0
0.0	1.0
0.0	1.0
0.0	1.0
0.0	1.0
0.0	1.0
0.0	1.0
0.0	1.0
-8.44601800054079e-06	1.0
0.0	1.0
0.0	1.0
0.0	0.0
0.0	1.0
0.0	0.017857142857142856
0.0	1.0
0.0	1.0
0.0	1.0
0.0	1.0
0.0	1.0
-0.0018568794475868344	1.0
0.0	1.0
0.0	1.0
-3.441186709096655e-05	1.0
0.0	0.0
-1.4707995887874858e-07	1.0
0.0	1.0
-1.4387464553067275e-08	1.0
0.0	1.0
-8.02028298494406e-05	1.0
-9.32892071432434e-05	1.0
0.0	1.0
0.0	1.0
0.0	1.0
0.0	1.0
-0.0003064312622882426	0.0
0.0	1.0
0.0	1.0
-0.00616570794954896	1.0
-0.0004425102670211345	1.0
-4.9308040615869686e-05	1.0
0.0	1.0
-2.3136301208204202e-10	1.0
0.0	1.0
0.0	1.0
0.0	1.0
0.0	1.0
0.0	1.0
0.0	0.0
0.0	1.0
-0.00039070146158337593	0.0
0.0	0.0
-1.9298221332064713e-07	1.0
0.0	0.0
-0.000110433335066773	0.0
-1.2160524420323782e-05	1.0
0.0	1.0
-1.2360408163658576e-07	1.0
0.0	1.0
-7.10939332293492e-07	1.0
0.0	1.0
-0.0004445644444786012	1.0
-1.919287662133229e-08	1.0
0.0	1.0
0.0	1.0
0.0	1.0
0.0	1.0
0.0	0.11827956989247312
-0.00010602077236399055	1.0
0.0	0.0
-0.00011627392814261839	0.0
0.0	0.0
0.0	1.0
0.0	1.0
0.0	0.0
0.0	1.0
0.0	1.0
0.0	1.0
0.0	0.0
0.0	1.0
-1.3316122249307227e-06	1.0
-1.8060482034343295e-05	1.0
0.0	1.0
0.0	1.0
0.0	0.026415094339622643
0.0	1.0
0.0	1.0
-2.8520803425635677e-06	0.0
-5.929888580169518e-09	1.0
-8.180697932402836e-07	1.0
0.0	1.0
0.0	1.0
0.0	1.0
0.0	1.0
0.0	1.0
-0.0003868465719278902	1.0
0.0	1.0
0.0	1.0
0.0	1.0
0.0	1.0
-0.01111320685595274	0.0
0.0	1.0
0.0	1.0
0.0	1.0
0.0	0.0
0.0	1.0
-0.022383205592632294	0.15555555555555556
-4.668678229791112e-05	1.0
-1.2605221400008304e-07	0.11927877947295423
0.0	1.0
-9.918495180727405e-08	1.0
-2.80087488135905e-06	1.0
0.0	1.0
-8.991632057586685e-06	1.0
-1.9625530367495259e-10	1.0
0.0	1.0
-0.0007947971462272108	1.0
-0.00016515007882844657	1.0
0.0	1.0
0.0	1.0
0.0	1.0
0.0	1.0
-3.96389004890807e-05	1.0
-4.438475116330665e-06	1.0
0.0	1.0
-0.004424029029905796	0.0
0.0	1.0
-4.445420199772343e-05	1.0
-0.0007976546767167747	0.0
0.0	0.1346153846153846
0.0	1.0
0.0	1.0
-0.00041612470522522926	0.0
0.0	1.0
0.0	1.0
-2.16632652154658e-05	1.0
0.0	1.0
-3.067630814257427e-06	1.0
