-2.1722109977417858e-07	0.0
-5.881253741790715e-07	1.0
-0.0007347946520894766	1.0
0.0	0.35
-1.2770111368354264e-07	1.0
-9.345779290015344e-06	1.0
0.0	1.0
-5.318215244187741e-06	1.0
-0.0011378068011254072	1.0
0.0	0.12643678160919541
0.0	1.0
0.0	1.0
-0.0001472603908041492	0.0
0.0	0.0
0.0	1.0
-0.01374282781034708	0.0
0.0	0.0
-3.929747981601395e-05	1.0
-0.0007340620504692197	1.0
0.0	1.0
0.0	1.0
0.0	1.0
0.0	1.0
0.0	1.0
-0.005359569098800421	1.0
0.0	1.0
0.0	1.0
-0.0009516465361230075	0.0
-0.00042136647971346974	1.0
0.0	1.0
-5.2580686315195635e-05	0.0
-0.00016777036944404244	0.0
0.0	1.0
0.0	1.0
-8.81052837939933e-05	1.0
-0.0015994312707334757	1.0
-0.00022774811077397317	0.09090909090909091
-0.018396172672510147	0.0
0.0	1.0
0.0	1.0
-3.2669872780388687e-06	0.0
0.0	1.0
0.0	1.0
0.0	0.0
-3.2523079426027834e-05	0.0
0.0	0.0
-0.002182525349780917	0.0
0.0	1.0
0.0	1.0
0.0	0.07547169811320754
0.0	0.0
-4.063080041305511e-07	0.5470588235294118
0.0	1.0
-9.988269448513165e-05	1.0
0.0	1.0
0.0	0.0
0.0	1.0
-0.0003419266431592405	0.012195121951219513
-0.0004103039391338825	1.0
0.0	1.0
0.0	1.0
-1.441897802578751e-05	1.0
-7.663574069738388e-05	1.0
-1.1279632783356419e-10	1.0
-5.183918574402924e-07	1.0
0.0	1.0
-0.017851004377007484	0.0
0.0	1.0
0.0	1.0
-3.3375548014191736e-07	0.9353099730458221
-0.0005155342514626682	1.0
0.0	1.0
0.0	1.0
-0.0007599351811222732	1.0
-9.636450704419985e-05	1.0
0.0	1.0
0.0	1.0
0.0	1.0
-3.452389069069639e-11	1.0
0.0	1.0
0.0	1.0
0.0	1.0
0.0	1.0
0.0	1.0
-0.0002863837289623916	0.0
-0.00019228796008974314	1.0
0.0	0.0718562874251497
-8.223976692534052e-06	0.0
0.0	0.0
-0.00010445159568917006	1.0
0.0	1.0
-3.0312095987028442e-05	1.0
-6.354715083034534e-07	1.0
-2.0034347869568592e-07	0.07272727272727272
0.0	1.0
-1.167707210925073e-07	1.0
-1.4501935083899298e-06	0.006756756756756757
0.0	1.0
0.0	0.0
-3.180396788593498e-06	1.0
-0.00010540287621552125	0.0
0.0	1.0
-0.0002602699678391218	0.5885714285714285
0.0	1.0
-0.001000820193439722	1.0
0.0	1.0
0.0	1.0
0.0	1.0
0.0	1.0
0.0	1.0
0.0	1.0
0.0	1.0
0.0	1.0
-0.0008423762046732008	1.0
-6.756891366421769e-07	1.0
0.0	0.2887323943661972
0.0	0.0
-0.00010701516293920577	1.0
0.0	1.0
0.0	1.0
0.0	1.0
0.0	1.0
0.0	1.0
0.0	1.0
0.0	0.0
0.0	1.0
-0.0001763074251357466	0.0
0.0	1.0
-0.00042891548946499825	1.0
-8.567758777644485e-05	1.0
-2.6613468435243703e-05	1.0
-2.8309241315582767e-05	1.0
-0.001154043129645288	1.0
0.0	1.0
0.0	1.0
0.0	0.20833333333333334
-4.9201304364032694e-08	1.0
0.0	1.0
-2.075526253975113e-06	1.0
0.0	1.0
0.0	1.0
-4.368919115371739e-10	1.0
0.0	1.0
-0.009642865508794785	0.0
0.0	1.0
0.0	1.0
0.0	1.0
0.0	1.0
-2.8155513064120896e-05	0.0
0.0	0.0
0.0	1.0
0.0	0.0
0.0	1.0
0.0	0.0
-0.0039904238656163216	0.16091954022988506
-0.0002348868438275531	1.0
0.0	1.0
0.0	0.0
-4.46382455265848e-06	1.0
-0.00018890929641202092	1.0
-0.0003543312195688486	1.0
0.0	0.0
-3.199196726200171e-05	1.0
0.0	1.0
-0.0017902335384860635	1.0
0.0	1.0
-0.0346456840634346	1.0
-6.702228347421624e-06	1.0
-9.604631259207963e-07	1.0
0.0	1.0
0.0	1.0
0.0	1.0
-1.3453093572479702e-07	0.9562289562289562
-0.010058124549686909	0.0
-0.004445367958396673	0.3968042609853529
0.0	1.0
-1.2597938621183857e-06	1.0
-5.562537353398511e-06	1.0
0.0	1.0
-3.428845593589358e-05	1.0
-0.0007766475318931043	0.08333333333333333
-0.00011225805792491883	1.0
-0.004718642216175795	1.0
0.0	1.0
0.0	0.23809523809523808
0.0	1.0
-2.685397459956107e-10	1.0
-0.0003761950647458434	1.0
-8.900104148779064e-05	0.0
0.0	1.0
0.0	1.0
0.0	1.0
0.0	1.0
-0.0002995552495121956	1.0
-4.484492777123705e-08	1.0
0.0	1.0
0.0	1.0
0.0	1.0
0.0	1.0
0.0	0.0
0.0	0.8270676691729323
0.0	1.0
-6.724377726641251e-06	1.0
0.0	1.0
0.0	0.0
0.0	1.0
-0.016032513231039047	0.0
0.0	1.0
0.0	1.0
0.0	1.0
-0.0002804301038850099	1.0
0.0	1.0
0.0	1.0
-0.0017433259636163712	1.0
-3.242842649342492e-05	1.0
-2.249027238576673e-05	1.0
-8.968689257926599e-08	1.0
-0.006268498487770557	0.0
0.0	0.06976744186046512
-2.4365465378650697e-06	1.0
0.0	1.0
-0.0014658343279734254	1.0
0.0	1.0
-0.0013077588519081473	1.0
0.0	0.3007518796992481
0.0	1.0
0.0	1.0
0.0	1.0
0.0	1.0
-5.029810381529387e-06	0.0
0.0	1.0
0.0	1.0
-1.8046826880890876e-05	0.0
0.0	1.0
-2.41893502561652e-07	1.0
0.0	1.0
0.0	1.0
-9.988648525904864e-05	0.8222222222222222
0.0	1.0
0.0	1.0
0.0	1.0
0.0	1.0
0.0	1.0
0.0	1.0
-0.000216362823266536	1.0
0.0	1.0
0.0	1.0
-1.2690819228833305e-10	1.0
-1.9793869796558283e-05	1.0
-2.126022274895334e-10	1.0
-9.932630746334326e-06	1.0
-0.00019100408826489002	1.0
0.0	1.0
-0.0010903064394369721	1.0
-6.664891407126561e-05	1.0
-1.0854618892608414e-07	1.0
0.0	0.0
0.0	1.0
0.0	0.0
0.0	1.0
0.0	0.7266666666666667
0.0	1.0
0.0	1.0
0.0	1.0
0.0	1.0
0.0	0.0
0.0	1.0
-3.1442355663546806e-11	1.0
-0.19594424962997437	0.0
0.0	0.0
-2.4286318875965662e-05	1.0
-0.0004626797162927687	0.01020408163265306
-1.4292363630374894e-06	1.0
-3.1086446750094865e-09	0.4482758620689655
-8.012289498537939e-09	1.0
0.0	1.0
-2.7549118385650218e-05	0.425531914893617
-0.004728327505290508	0.0
0.0	1.0
-7.237809768412262e-05	1.0
0.0	1.0
-0.0008592086960561574	0.0
0.0	1.0
0.0	1.0
0.0	1.0
-2.9660128575415e-08	1.0
-0.0017320370534434915	1.0
-0.00031386970658786595	1.0
0.0	0.0
-0.015758367255330086	0.0
0.0	1.0
-0.00017435196787118912	1.0
0.0	1.0
-0.0006205278332345188	1.0
0.0	1.0
-1.0202032171946485e-05	1.0
-2.2776736052776414e-10	1.0
0.0	1.0
0.0	0.0
-0.00030941690783947706	1.0
0.0	1.0
0.0	1.0
0.0	1.0
-1.288547224476133e-07	1.0
0.0	1.0
0.0	1.0
0.0	1.0
-5.927049642195925e-05	1.0
0.0	1.0
-0.00956383254379034	0.07179487179487179
0.0	0.0
-8.515431545674801e-05	1.0
0.0	1.0
0.0	1.0
0.0	0.8928571428571429
0.0	1.0
0.0	1.0
-5.179662139198626e-07	0.7048114434330299
-3.308946228131049e-09	1.0
-0.0015796154038980603	1.0
-3.287507979621296e-06	1.0
0.0	0.0
0.0	0.011764705882352941
0.0	1.0
0.0	1.0
0.0	1.0
-1.3633075224284141e-10	1.0
-0.0006628953851759434	1.0
0.0	0.0
0.0	1.0
0.0	1.0
0.0	0.0
-0.00011553760123206303	1.0
0.0	0.0
0.0	1.0
0.0	1.0
0.0	1.0
0.0	0.0
-5.3972929237033895e-08	1.0
0.0	1.0
-0.004442162811756134	0.0
0.0	1.0
-3.7791792806274316e-08	1.0
0.0	1.0
0.0	0.3076923076923077
-9.253923053620383e-06	0.7956318252730109
-0.0186288021504879	0.0
-0.00010665564332157373	1.0
0.0	1.0
-2.9320799512788653e-06	1.0
0.0	0.5207100591715976
-3.382339491508901e-05	1.0
-6.105072558604263e-10	1.0
0.0	1.0
0.0	1.0
0.0	0.0
-4.209550183986721e-07	1.0
0.0	1.0
-0.0015683961100876331	0.752
-0.002982761710882187	0.010638297872340425
0.0	0.0
0.0	1.0
0.0	1.0
0.0	1.0
0.0	0.25287356321839083
-4.083598832949065e-05	1.0
-0.00019403101759962738	0.0
0.0	1.0
-0.002413144800812006	1.0
0.0	1.0
0.0	1.0
0.0	0.16666666666666666
0.0	1.0
0.0	1.0
0.0	1.0
-1.9583883840823546e-05	1.0
-1.2132777271745e-07	1.0
0.0	1.0
0.0	1.0
0.0	1.0
-0.0005080681876279414	1.0
0.0	1.0
0.0	1.0
-0.0016888382378965616	0.033707865168539325
0.0	0.0
-3.057077435641986e-07	1.0
0.0	0.20689655172413793
0.0	1.0
0.0	1.0
0.0	1.0
-0.0034551676362752914	0.0
0.0	1.0
0.0	1.0
0.0	1.0
0.0	1.0
0.0	1.0
-0.0032758493907749653	1.0
-3.439995310827726e-08	1.0
-2.8581591777765425e-06	0.9326923076923077
0.0	1.0
0.0	1.0
0.0	1.0
-2.1209384470921577e-08	0.0
-6.940005619071599e-07	0.0
0.0	1.0
-0.00022177041682880372	0.0
0.0	1.0
0.0	1.0
0.0	1.0
0.0	0.0
-2.007639704970643e-05	1.0
0.0	1.0
-0.000182791001861915	1.0
-4.222656855290552e-07	0.0
-0.0002416338538751006	1.0
-0.00010145565465791151	1.0
-0.0023595558013767004	0.02564102564102564
0.0	0.0
0.0	0.17777777777777778
0.0	1.0
-0.0011278452584519982	1.0
0.0	1.0
-0.003440994769334793	0.0
0.0	1.0
-2.0416333512685014e-08	0.045454545454545456
0.0	1.0
0.0	1.0
-0.00060213019605726	1.0
0.0	0.0
0.0	1.0
0.0	0.0
0.0	1.0
-0.01524206344038248	0.0
0.0	1.0
0.0	1.0
0.0	1.0
0.0	1.0
-0.0002250701072625816	1.0
0.0	1.0
0.0	1.0
0.0	1.0
0.0	1.0
0.0	1.0
0.0	1.0
0.0	0.0
-6.869574242784893e-09	1.0
0.0	0.5659955257270693
0.0	1.0
-1.3843981605532463e-06	1.0
0.0	1.0
0.0	1.0
0.0	1.0
0.0	1.0
0.0	1.0
-0.00013660965487360954	1.0
-1.164269292530662e-06	0.0
0.0	1.0
0.0	1.0
0.0	1.0
0.0	1.0
-1.894039485250687e-07	1.0
0.0	1.0
0.0	1.0
-0.0004874994046986103	1.0
0.0	1.0
0.0	1.0
0.0	0.0
0.0	1.0
0.0	0.0
0.0	0.0
0.0	0.013513513513513514
-7.06951186657534e-06	0.7301587301587301
0.0	1.0
-0.02840561978518963	0.0
0.0	1.0
0.0	1.0
-3.944617787965399e-07	1.0
0.0	1.0
-6.579986688848294e-08	1.0
-7.933845154184382e-06	1.0
0.0	0.0
0.0	1.0
0.0	1.0
0.0	1.0
0.0	1.0
0.0	1.0
0.0	1.0
0.0	1.0
-0.00012816952948924154	1.0
-0.0013037899043411016	0.11538461538461539
-0.040675077587366104	0.0
0.0	0.0
-1.2789633956344915e-06	0.1926605504587156
-1.5709582612544182e-07	1.0
-9.702227998786839e-08	1.0
-1.2168549801572226e-05	0.0
0.0	1.0
0.0	1.0
0.0	1.0
-5.354789755074307e-05	1.0
0.0	1.0
-0.13343293964862823	0.0
0.0	1.0
-2.2405611161957495e-05	1.0
0.0	0.0
-5.971124039660936e-08	1.0
0.0	1.0
-0.0016706763999536633	1.0
0.0	1.0
0.0	1.0
-3.693550388561562e-05	1.0
0.0	0.0
-9.483630128670484e-05	1.0
-5.067054331675536e-09	1.0
0.0	0.0
0.0	1.0
0.0	1.0
0.0	1.0
-1.5072885162226157e-07	1.0
-4.419950516698634e-10	0.0
-1.6313371986598213e-07	1.0
-7.109067468036301e-08	1.0
0.0	1.0
-4.6866236402820505e-07	0.467966573816156
0.0	1.0
-6.190430390518031e-09	1.0
0.0	1.0
0.0	1.0
-0.0060910615138709545	0.5
0.0	0.031914893617021274
0.0	1.0
-1.1048319237261239e-07	1.0
-1.2411636589604313e-06	1.0
0.0	1.0
-0.0035134924110025167	0.0
0.0	0.0
