0.0	1.0
-3.2785707482219095e-10	1.0
-0.001137200160883367	1.0
0.0	1.0
0.0	1.0
-1.516382667432481e-06	1.0
-1.4579452454199782e-06	1.0
0.0	1.0
-1.0161715181311592e-05	0.0
0.0	1.0
0.0	1.0
0.0	1.0
0.0	1.0
0.0	1.0
0.0	0.0
-2.2361562059813878e-06	1.0
0.0	1.0
0.0	1.0
0.0	0.0
0.0	1.0
0.0	0.0
-6.430414941860363e-05	1.0
0.0	1.0
0.0	1.0
-2.6269869612960406e-10	1.0
0.0	1.0
0.0	1.0
0.0	0.0
0.0	1.0
-0.00021042446314822882	1.0
0.0	1.0
0.0	1.0
-5.1111415814375505e-05	1.0
0.0	0.0
0.0	1.0
0.0	1.0
0.0	1.0
0.0	1.0
-0.005023334641009569	0.0
0.0	1.0
0.0	1.0
0.0	1.0
-8.622284076409414e-05	1.0
0.0	1.0
-0.0003943864139728248	1.0
0.0	1.0
-4.193394124740735e-05	1.0
0.0	1.0
-1.3485661838785745e-05	1.0
0.0	1.0
0.0	1.0
-0.0011304330546408892	1.0
0.0	1.0
-1.8348320736549795e-05	0.0
0.0	1.0
0.0	0.018518518518518517
-1.2012206980216433e-06	1.0
-0.0003604087105486542	0.0
-7.58338937885128e-05	1.0
0.0	1.0
0.0	1.0
0.0	0.037037037037037035
0.0	0.0
-2.1959355223089005e-08	1.0
-4.606300990417367e-06	1.0
0.0	1.0
-3.0916460673324764e-05	0.044444444444444446
-0.0035516503266990185	1.0
0.0	0.0
-4.871177949894445e-08	1.0
0.0	1.0
-3.2561970897404535e-09	1.0
-0.00010419240425108	1.0
-1.0386492022007587e-06	1.0
-3.224530331635833e-08	1.0
0.0	1.0
0.0	1.0
0.0	1.0
0.0	1.0
0.0	1.0
-3.6474924854701385e-05	1.0
-2.3874205563878537e-12	1.0
0.0	1.0
-0.014119869098067284	0.0
-1.4475313037110027e-06	1.0
0.0	1.0
0.0	1.0
-0.0007979472284205258	0.0
-0.00212109531275928	0.0
-0.002594131976366043	1.0
-2.560789835115429e-05	1.0
0.0	1.0
-0.00013088372361380607	0.0
-0.00012798415264114738	1.0
0.0	1.0
-2.6063617930560667e-09	1.0
-8.501319825882092e-05	1.0
0.0	1.0
0.0	1.0
-2.073885298159439e-06	1.0
0.0	1.0
0.0	1.0
0.0	1.0
0.0	1.0
-3.8677311353652044e-10	1.0
0.0	1.0
0.0	0.06441717791411043
-3.3359726785420207e-06	1.0
0.0	1.0
0.0	1.0
0.0	0.0
-0.0022517889738082886	0.018518518518518517
0.0	0.2425531914893617
-1.3479691460815957e-06	1.0
-0.030933097004890442	0.0
0.0	1.0
0.0	1.0
0.0	1.0
-5.341965334082488e-06	0.0
0.0	0.9066666666666666
0.0	0.0
0.0	1.0
-0.04726758599281311	0.0
0.0	0.0
0.0	1.0
0.0	1.0
-0.002666269661858678	0.0
0.0	1.0
0.0	1.0
0.0	1.0
0.0	0.5766871165644172
0.0	0.0
0.0	1.0
-0.030966734513640404	0.0
-4.189984537106284e-08	0.0
-0.0011812107404693961	1.0
0.0	0.0
0.0	1.0
-0.0019423251505941153	1.0
0.0	1.0
0.0	1.0
-5.331932698027231e-05	0.024390243902439025
-2.3163900664258108e-07	1.0
-0.0076925200410187244	0.15384615384615385
0.0	1.0
0.0	1.0
-3.3722036274497214e-09	1.0
0.0	1.0
0.0	1.0
0.0	1.0
0.0	0.0
0.0	0.3333333333333333
-4.096897828276269e-05	1.0
0.0	1.0
0.0	1.0
-1.3685841793176223e-07	1.0
-0.004531723912805319	0.0
0.0	1.0
0.0	1.0
0.0	1.0
0.0	0.21153846153846154
-0.001984412781894207	0.010752688172043012
-0.0001094226972782053	0.0
-8.90931801222905e-07	1.0
-0.0004151590110268444	1.0
0.0	1.0
0.0	1.0
0.0	0.078125
-7.343618926825002e-05	1.0
0.0	1.0
-0.06238502264022827	0.0
-0.0004047748225275427	1.0
0.0	1.0
0.0	1.0
0.0	1.0
0.0	1.0
-7.405463975374005e-08	1.0
-2.9272111845557447e-08	1.0
0.0	1.0
0.0	0.0
-2.452131411700975e-06	0.0
-0.00104097044095397	1.0
0.0	1.0
0.0	1.0
-1.902101212181151e-05	1.0
0.0	1.0
-2.749360419329605e-06	1.0
0.0	1.0
0.0	1.0
0.0	1.0
0.0	1.0
-0.0027803874108940363	0.0
-0.00010654600919224322	1.0
0.0	1.0
-2.233096596526707e-09	1.0
0.0	1.0
0.0	1.0
0.0	1.0
-1.3438161614563477e-14	0.0
0.0	1.0
0.0	0.4166666666666667
-3.71510481045334e-07	0.0
0.0	1.0
0.0	0.0
-0.0017616975819692016	1.0
0.0	1.0
-6.740529352100566e-05	1.0
0.0	1.0
-0.0034503303468227386	1.0
-0.0002185070770792663	1.0
0.0	0.0
0.0	1.0
0.0	1.0
0.0	1.0
0.0	1.0
-3.285553020759835e-07	1.0
0.0	1.0
0.0	1.0
0.0	1.0
0.0	1.0
0.0	1.0
0.0	1.0
0.0	1.0
-1.2024661373288836e-05	1.0
-0.00027351558674126863	1.0
-0.00045207043876871467	1.0
-0.0004328026552684605	0.06382978723404255
-0.00011992274812655523	1.0
0.0	1.0
0.0	1.0
0.0	1.0
0.0	1.0
-1.0156977623410057e-05	0.0
0.0	0.8271954674220963
0.0	1.0
0.0	0.06818181818181818
0.0	1.0
-0.032696712762117386	0.0
0.0	1.0
0.0	1.0
0.0	1.0
-0.00015481142327189445	1.0
-0.00029824094963259995	0.0
0.0	1.0
-1.3697930789646762e-08	0.021739130434782608
0.0	1.0
-0.00645452830940485	0.0
0.0	1.0
-6.5748481574701145e-06	0.0
-0.0007935231551527977	1.0
0.0	1.0
0.0	0.0
-0.0008648506482131779	1.0
0.0	1.0
-0.0004163461271673441	1.0
-0.033999767154455185	0.18181818181818182
-1.7567338209123484e-11	1.0
0.0	1.0
-4.064187123731244e-06	1.0
-6.522297098854324e-06	0.0
-1.712031235001632e-06	1.0
-0.028228897601366043	0.0
-0.00030977767892181873	0.0
0.0	1.0
-0.0006548477686010301	1.0
0.0	1.0
0.0	1.0
-0.00014966644812375307	1.0
0.0	1.0
0.0	1.0
0.0	1.0
0.0	1.0
-1.0668893082765862e-05	1.0
0.0	1.0
0.0	1.0
-5.4915975766789416e-08	1.0
0.0	1.0
0.0	1.0
-0.0001288213097723201	1.0
0.0	1.0
0.0	0.0
0.0	1.0
0.0	1.0
0.0	1.0
0.0	1.0
0.0	1.0
-0.0001523204700788483	0.0
0.0	1.0
0.0	1.0
0.0	1.0
0.0	1.0
0.0	0.0
-0.0003344540891703218	1.0
-1.0558995455767217e-07	1.0
-3.4787731237884145e-06	1.0
-1.349857967625212e-07	1.0
-0.000663656450342387	1.0
0.0	0.0
0.0	1.0
0.0	1.0
0.0	1.0
0.0	1.0
0.0	1.0
0.0	0.0
0.0	0.0
-0.0007189396419562399	0.0
0.0	1.0
0.0	1.0
0.0	0.2222222222222222
0.0	1.0
-1.8722523236647248e-05	1.0
0.0	0.0
0.0	1.0
-0.0005271826521493495	1.0
0.0	0.0
0.0	1.0
-0.00027757653151638806	1.0
-7.366725185420364e-06	1.0
0.0	1.0
0.0	1.0
0.0	0.04
-0.0014659625012427568	1.0
0.0	1.0
0.0	1.0
-0.0003668815770652145	1.0
0.0	0.0
-0.0004756503039970994	1.0
0.0	1.0
-0.0012602595379576087	1.0
0.0	1.0
0.0	1.0
0.0	1.0
0.0	1.0
0.0	1.0
0.0	1.0
0.0	1.0
0.0	1.0
0.0	1.0
0.0	1.0
-4.1297627539904624e-09	1.0
-0.00010388380906078964	1.0
-2.161544944101479e-05	1.0
0.0	0.0
0.0	1.0
0.0	0.0
0.0	1.0
-4.005744631285779e-05	1.0
0.0	0.9890710382513661
0.0	0.0
-1.716153064990067e-06	1.0
-5.948312953307777e-09	1.0
-0.000960946548730135	1.0
-4.814926433027722e-05	0.0
0.0	1.0
0.0	0.10344827586206896
0.0	1.0
-0.00015459964924957603	1.0
0.0	0.0
-6.810811464674771e-05	0.023668639053254437
0.0	0.5925925925925926
0.0	1.0
-1.097400308935903e-05	1.0
0.0	0.0
0.0	1.0
0.0	1.0
0.0	1.0
0.0	1.0
0.0	1.0
0.0	1.0
0.0	0.0
0.0	1.0
0.0	1.0
0.0	0.0
0.0	1.0
0.0	1.0
0.0	0.0
0.0	1.0
0.0	0.0
0.0	0.0
0.0	1.0
0.0	1.0
0.0	1.0
0.0	1.0
0.0	1.0
0.0	1.0
-0.0006316137150861323	0.02
-3.4424823525114334e-07	1.0
0.0	1.0
0.0	1.0
0.0	1.0
-7.206197187770158e-05	1.0
0.0	1.0
0.0	0.0
-5.992041529623293e-09	1.0
0.0	1.0
-4.258753688191064e-05	0.0
0.0	1.0
0.0	1.0
0.0	1.0
0.0	0.1111111111111111
-0.0018674503080546856	0.0
-2.802723611239344e-05	1.0
0.0	1.0
0.0	0.5555555555555556
0.0	1.0
0.0	1.0
0.0	1.0
0.0	0.0
0.0	1.0
0.0	1.0
0.0	1.0
-0.0018681274959817529	0.0
0.0	1.0
0.0	0.0
0.0	1.0
-9.929258339980152e-06	1.0
-0.00032994881621561944	1.0
0.0	0.0
0.0	1.0
-0.04619341343641281	0.6666666666666666
0.0	1.0
0.0	1.0
0.0	0.0
0.0	1.0
0.0	0.2878787878787879
-0.00022528381668962538	0.0
-0.001513972762040794	1.0
0.0	1.0
0.0	1.0
0.0	1.0
-0.0014463819097727537	1.0
-0.015318361110985279	0.0
0.0	0.0
0.0	1.0
-2.2809223082731478e-05	0.0
0.0	1.0
-0.004467866383492947	0.0
-2.497283276170492e-06	0.060810810810810814
-5.107974598850262e-10	1.0
-0.002243262017145753	0.11333333333333333
0.0	1.0
-1.2962049368070439e-05	0.0
-2.7130919733053815e-08	1.0
0.0	0.0
-0.016534976661205292	0.0
0.0	1.0
-4.503993977778009e-07	1.0
0.0	0.0
0.0	1.0
-0.0011744342045858502	1.0
-0.00026612577494233847	1.0
-0.00025725652812980115	1.0
0.0	1.0
0.0	1.0
0.0	1.0
-0.00021195271983742714	1.0
0.0	0.0
0.0	1.0
0.0	1.0
0.0	1.0
-0.04790249094367027	0.0
0.0	1.0
0.0	1.0
0.0	1.0
-4.542342867353e-05	1.0
0.0	1.0
0.0	1.0
0.0	1.0
-8.175842780566711e-10	1.0
0.0	1.0
0.0	1.0
0.0	1.0
0.0	1.0
0.0	1.0
0.0	1.0
0.0	1.0
0.0	1.0
0.0	1.0
-0.0012399086263030767	0.14893617021276595
0.0	1.0
0.0	1.0
0.0	0.0
-0.0132747208699584	0.18518518518518517
0.0	1.0
-1.2992211395612685e-07	1.0
-4.490669880397036e-08	1.0
0.0	1.0
0.0	1.0
0.0	1.0
-8.905395225156099e-05	1.0
0.0	1.0
0.0	1.0
0.0	1.0
-0.0015138612361624837	1.0
0.0	1.0
0.0	1.0
0.0	0.0
0.0	0.13043478260869565
0.0	1.0
0.0	0.0
0.0	0.05405405405405406
0.0	0.018867924528301886
0.0	1.0
0.0	0.0
-2.120856947840366e-07	1.0
0.0	1.0
0.0	1.0
0.0	1.0
0.0	1.0
-0.0005372227751649916	1.0
0.0	0.027777777777777776
-3.565652954102758e-15	1.0
0.0	1.0
0.0	1.0
0.0	0.0
0.0	1.0
0.0	1.0
-1.3774824765278026e-05	1.0
-4.091183200216619e-06	1.0
0.0	1.0
-0.00018595669826027006	1.0
0.0	1.0
0.0	1.0
0.0	1.0
-9.538453014101833e-05	1.0
0.0	1.0
0.0	1.0
-0.0011454152408987284	0.0
0.0	1.0
-0.0034113232977688313	0.011363636363636364
-4.4403535866877064e-05	1.0
0.0	0.0
-0.0003553860879037529	0.0
-0.0006565240910276771	1.0
-0.0012085099006071687	1.0
0.0	1.0
