0.0	0.0
-0.0004218602553009987	1.0
0.0	0.06666666666666667
-0.0009409611811861396	1.0
0.0	0.8244047619047619
0.0	1.0
0.0	1.0
0.0	0.0
-0.0003002601151820272	1.0
-2.3404493898482315e-09	1.0
0.0	1.0
0.0	0.17647058823529413
-8.716369848116301e-10	1.0
0.0	1.0
0.0	1.0
0.0	1.0
-6.028286861692322e-06	0.9288389513108615
0.0	1.0
0.0	1.0
0.0	1.0
0.0	1.0
0.0	1.0
-0.007253829389810562	0.19597989949748743
-3.3288706617895514e-06	1.0
0.0	1.0
-0.00016823191253934056	0.04081632653061224
0.0	1.0
0.0	1.0
-1.2103963854315225e-05	1.0
0.0	0.0
-0.0023141689598560333	0.4862068965517241
0.0	1.0
-2.9605653484310324e-09	1.0
0.0	1.0
0.0	0.0
0.0	0.0
0.0	1.0
-3.140826811431907e-05	1.0
-0.00024027240579016507	1.0
-0.00035251519875600934	1.0
0.0	1.0
0.0	0.0
0.0	0.5
-5.3226664022076875e-05	1.0
-2.491255557401928e-08	1.0
0.0	1.0
-8.572145215879345e-10	1.0
0.0	0.0
0.0	0.5
0.0	1.0
-1.760239456416457e-06	1.0
0.0	1.0
0.0	1.0
0.0	1.0
-9.987760677176993e-06	1.0
-5.70984184378176e-07	0.3402777777777778
0.0	1.0
-2.7242623445999925e-07	1.0
-0.00012707414862234145	1.0
0.0	0.0
0.0	1.0
0.0	0.0
0.0	1.0
-6.099075108068064e-06	1.0
0.0	1.0
0.0	0.0
0.0	1.0
0.0	1.0
-0.00010671091877156869	0.0
0.0	1.0
-0.00010885600931942463	1.0
0.0	1.0
0.0	1.0
0.0	1.0
0.0	1.0
0.0	1.0
0.0	1.0
0.0	1.0
-2.30668574658921e-05	1.0
0.0	1.0
0.0	1.0
0.0	1.0
-0.0001897877809824422	0.0
0.0	1.0
0.0	0.0
0.0	1.0
0.0	1.0
-2.3958859202144467e-11	1.0
0.0	1.0
0.0	1.0
-0.0021818417590111494	0.0
-4.066058318130672e-05	1.0
0.0	0.0
0.0	1.0
-0.001838900614529848	1.0
-1.8940083634788607e-07	1.0
-7.293794624274597e-05	1.0
0.0	1.0
-0.0022180797532200813	0.0
0.0	1.0
0.0	1.0
0.0	1.0
0.0	1.0
0.0	0.0
0.0	1.0
0.0	1.0
0.0	0.0
0.0	1.0
-0.00010733629460446537	1.0
0.0	0.0
-0.0006364029250107706	1.0
0.0	0.9908088235294118
0.0	1.0
0.0	1.0
0.0	1.0
0.0	1.0
-0.005043452139943838	0.0
0.0	1.0
0.0	1.0
-5.323464780104814e-09	1.0
0.0	1.0
0.0	1.0
-0.0003702179528772831	1.0
-0.06661567091941833	0.0
0.0	1.0
-5.562389560509473e-05	0.0
-0.00027637157472781837	1.0
-0.001079296926036477	0.0
-8.427417924394831e-06	0.018518518518518517
0.0	1.0
0.0	0.0
0.0	0.06493506493506493
-1.9564950787948066e-12	1.0
0.0	0.0
-7.287552580237389e-05	1.0
-0.0004591564938891679	1.0
0.0	1.0
0.0	1.0
0.0	1.0
0.0	1.0
-0.004746538121253252	0.0
0.0	1.0
0.0	1.0
-0.0002476551744621247	1.0
0.0	1.0
0.0	1.0
0.0	1.0
0.0	1.0
0.0	1.0
-0.000687174207996577	1.0
0.0	1.0
0.0	1.0
-0.005271288100630045	0.25
0.0	1.0
0.0	1.0
0.0	1.0
0.0	0.01
0.0	1.0
0.0	1.0
0.0	1.0
0.0	1.0
0.0	1.0
-2.097822431323948e-07	0.1206896551724138
0.0	1.0
-3.238545653871938e-09	1.0
0.0	1.0
0.0	1.0
-2.8902624762849882e-05	1.0
-2.034095086855814e-05	1.0
0.0	1.0
0.0	1.0
-8.1632737419568e-05	1.0
-0.0006880825385451317	1.0
0.0	0.0
-4.02601386895185e-07	1.0
0.0	1.0
0.0	1.0
-2.548765405663289e-05	1.0
0.0	1.0
0.0	1.0
0.0	1.0
0.0	0.0
-3.191558789694682e-05	1.0
0.0	1.0
0.0	1.0
-6.555600066349143e-06	1.0
0.0	0.07142857142857142
0.0	1.0
0.0	1.0
0.0	1.0
0.0	1.0
-3.0211242574296193e-06	0.24719101123595505
0.0	0.0
-0.0031632618047297	0.0
-0.004281466826796532	1.0
-0.00023540118127129972	0.0
0.0	1.0
0.0	1.0
0.0	0.0
0.0	0.0
0.0	1.0
-0.00019165831326972693	1.0
-0.0008560160058550537	1.0
0.0	1.0
0.0	1.0
-0.012889894656836987	0.0
0.0	1.0
0.0	1.0
-2.5998934916060534e-07	1.0
0.0	1.0
-1.7226772897060982e-08	1.0
0.0	0.0
-1.955072548298631e-06	1.0
0.0	1.0
0.0	1.0
-0.00029673331300728023	1.0
0.0	0.0
0.0	1.0
-2.177255424840041e-07	0.8973305954825462
0.0	0.0
0.0	1.0
0.0	1.0
0.0	1.0
0.0	1.0
0.0	1.0
0.0	1.0
0.0	1.0
-4.194265420665033e-05	1.0
0.0	1.0
-0.0011650144588202238	1.0
-2.8066322556696832e-05	1.0
-1.6787596868184096e-09	1.0
-2.1720496079069562e-05	1.0
-0.010574694722890854	0.0
0.0	1.0
-0.0004580538661684841	1.0
0.0	1.0
-0.0007244014996103942	1.0
-0.0005688485107384622	1.0
-0.0010115252807736397	1.0
0.0	1.0
0.0	0.0
0.0	1.0
0.0	1.0
0.0	1.0
0.0	1.0
0.0	1.0
-2.2066606106818654e-06	0.0
-8.234474807977676e-05	0.0
-1.5718765666861145e-07	1.0
-0.0007259233971126378	1.0
0.0	0.0
-8.065878500929102e-05	0.0
-0.000692765403073281	0.0
0.0	1.0
0.0	1.0
-0.0003672950842883438	1.0
-3.6832398109254427e-06	1.0
-1.107514524534281e-08	0.009433962264150943
0.0	1.0
0.0	1.0
-1.2087501488622365e-07	1.0
-7.010294211795554e-07	1.0
0.0	0.01020408163265306
-0.0012235285248607397	1.0
-1.4711470441852725e-07	1.0
0.0	0.0
0.0	1.0
0.0	0.0
0.0	1.0
0.0	0.24545454545454545
0.0	1.0
0.0	0.0
0.0	1.0
-0.004772781860083342	0.0
-6.912365080324889e-08	1.0
-9.966122888727114e-06	1.0
0.0	1.0
0.0	0.0
-1.9004750551054883e-10	1.0
0.0	1.0
0.0	1.0
0.0	1.0
-2.076601646194831e-07	1.0
0.0	1.0
0.0	1.0
0.0	1.0
-0.0015987182268872857	0.0
-6.890662461955799e-06	1.0
0.0	0.9890909090909091
0.0	1.0
0.0	1.0
0.0	1.0
-7.603720746374165e-07	1.0
0.0	0.0
0.0	1.0
0.0	1.0
0.0	1.0
-5.2103805714409646e-09	1.0
0.0	1.0
0.0	1.0
0.0	1.0
0.0	0.0
0.0	1.0
0.0	0.0
-0.0004963071551173925	1.0
0.0	0.8653846153846154
0.0	1.0
0.0	1.0
0.0	1.0
0.0	1.0
0.0	1.0
0.0	1.0
0.0	1.0
-2.7643163775792345e-05	0.0
0.0	1.0
0.0	1.0
-0.0008025446441024542	1.0
-0.0008603126625530422	1.0
-3.285148341092281e-05	1.0
-0.00053544802358374	0.0
0.0	1.0
-7.93074661942228e-07	1.0
0.0	1.0
-0.036337774246931076	0.0
0.0	0.0
0.0	1.0
-0.0019654559437185526	0.0
0.0	0.0
0.0	1.0
-2.031044459727127e-06	1.0
0.0	1.0
-0.00017919634410645813	1.0
-0.00044211093336343765	0.0
0.0	1.0
0.0	1.0
0.0	1.0
0.0	1.0
0.0	1.0
0.0	0.0
0.0	1.0
0.0	1.0
-0.00032111332984641194	1.0
-0.00035884857061319053	1.0
0.0	1.0
0.0	1.0
0.0	1.0
0.0	0.0
0.0	0.045454545454545456
0.0	1.0
0.0	0.0
-7.383734441646084e-07	0.0
0.0	0.16467065868263472
-1.9879611500073224e-05	1.0
-2.1418015805352297e-08	1.0
-0.02857055701315403	0.0
0.0	0.0
-7.605267455801368e-06	1.0
0.0	1.0
0.0	1.0
0.0	1.0
0.0	0.0
-7.853918941691518e-05	0.2620967741935484
-0.0003595300659071654	1.0
0.0	1.0
-1.6451521105409483e-06	1.0
-0.0010268972255289555	1.0
0.0	0.9935064935064936
-9.9362665650915e-08	1.0
0.0	1.0
-1.1842532785522053e-06	1.0
0.0	1.0
0.0	1.0
0.0	1.0
-9.997991583077237e-05	1.0
0.0	0.058823529411764705
0.0	1.0
0.0	1.0
0.0	1.0
-0.0008267132798209786	1.0
0.0	1.0
0.0	1.0
-0.0002548415504861623	1.0
-3.7128771509742364e-05	1.0
0.0	1.0
0.0	0.0
-1.4861487898087944e-06	1.0
0.0	0.15454545454545454
-4.543085742625408e-05	0.6844262295081968
-0.05904397740960121	0.0
0.0	1.0
0.0	1.0
0.0	1.0
-0.0016964995302259922	0.0
0.0	1.0
0.0	1.0
0.0	1.0
-0.008421855047345161	0.0
0.0	1.0
-0.0002756206667982042	1.0
-3.8298917388601694e-06	1.0
0.0	1.0
-2.1598640159936622e-05	1.0
0.0	1.0
-0.00016959334607236087	1.0
0.0	1.0
0.0	1.0
-2.4764400222920813e-05	0.0
0.0	1.0
-3.589037078199908e-06	1.0
0.0	0.0
0.0	0.0
-0.0007374432752840221	1.0
-0.0011010714806616306	0.0
-0.01956191100180149	0.0
-0.0008700628532096744	1.0
0.0	1.0
0.0	1.0
-0.0005557300755754113	1.0
-0.006300789304077625	0.0
-0.006871003657579422	1.0
-1.2939109410581295e-06	1.0
0.0	1.0
0.0	1.0
-0.00019893184071406722	0.0
-0.004110262263566256	0.24855491329479767
0.0	0.0
0.0	0.0
-1.40849133458687e-05	1.0
-0.001969421748071909	1.0
0.0	1.0
0.0	0.0
0.0	1.0
0.0	0.0
0.0	0.0
-1.0080663059852668e-06	1.0
-8.570832869736478e-05	1.0
0.0	0.0
-0.0001244298036908731	1.0
0.0	1.0
0.0	1.0
-0.0002988316700793803	1.0
0.0	1.0
0.0	1.0
0.0	1.0
0.0	1.0
0.0	1.0
0.0	0.0
0.0	1.0
0.0	1.0
0.0	1.0
0.0	1.0
0.0	0.006289308176100629
0.0	0.0
-2.0731007680296898e-05	1.0
0.0	1.0
0.0	1.0
0.0	1.0
0.0	1.0
0.0	1.0
0.0	1.0
0.0	1.0
0.0	1.0
0.0	1.0
0.0	1.0
0.0	0.0
-0.0028585661202669144	1.0
-0.0012418116675689816	1.0
-0.00024091184604912996	1.0
-1.4032419812792796e-06	0.7384615384615385
0.0	1.0
0.0	1.0
0.0	1.0
0.0	0.0
-2.001328596179519e-07	1.0
-1.2876875189249404e-05	0.0
0.0	1.0
0.0	1.0
-0.000124528567539528	0.0
-0.018589116632938385	0.09523809523809523
0.0	1.0
0.0	1.0
0.0	1.0
-0.00021718943025916815	1.0
0.0	1.0
-0.0004614527279045433	1.0
0.0	1.0
-0.01298802625387907	0.0
0.0	0.0
0.0	1.0
0.0	1.0
0.0	1.0
0.0	0.23318385650224216
0.0	1.0
0.0	1.0
0.0	1.0
0.0	1.0
0.0	1.0
0.0	1.0
0.0	1.0
0.0	0.0
0.0	1.0
0.0	1.0
0.0	1.0
0.0	1.0
-3.250220714789975e-08	1.0
-1.4564699313268648e-07	1.0
0.0	1.0
0.0	0.0
-0.00638790475204587	0.0
-0.0028008718509227037	0.25
0.0	1.0
0.0	1.0
-7.342240860452875e-05	1.0
-0.006729025859385729	0.0
-6.36341210338287e-05	1.0
0.0	1.0
0.0	1.0
0.0	0.05
-8.776552567724138e-05	0.0
0.0	1.0
-4.3091939005535096e-05	0.16666666666666666
-0.06291286647319794	0.08571428571428572
-0.0006416878313757479	1.0
0.0	1.0
-0.0016397526487708092	1.0
-0.00045782048255205154	0.0
0.0	1.0
-3.045767848000591e-12	1.0
0.0	1.0
-0.0004815555294044316	1.0
-2.1792222469230182e-05	1.0
-8.014054975191698e-10	1.0
-0.0002493567008059472	0.0
-8.301886111894419e-08	1.0
-1.7039639033100684e-08	1.0
0.0	1.0
-0.0024729783181101084	1.0
0.0	1.0
0.0	1.0
-0.00043593792361207306	1.0
-1.845862607297022e-05	1.0
-2.6651314044556784e-08	1.0
0.0	1.0
-5.462191256810911e-05	1.0
0.0	1.0
0.0	0.041666666666666664
0.0	1.0
0.0	0.0
0.0	0.0
