0.0	1.0
-3.575489608920179e-05	1.0
0.0	1.0
-0.0005810916190966964	0.0
-0.0002957236720249057	1.0
0.0	1.0
-8.28311840450624e-06	1.0
-0.0034992326982319355	1.0
0.0	1.0
-0.0004815510183107108	1.0
0.0	1.0
-4.198874648864148e-06	1.0
-1.35833474246283e-07	0.0
-5.075834451417904e-06	1.0
0.0	1.0
-8.319977595760975e-09	1.0
0.0	1.0
0.0	0.0
-0.0018223501974716783	1.0
0.0	1.0
0.0	1.0
-2.5344104869873263e-05	1.0
0.0	1.0
-1.6659156244713813e-05	1.0
-0.00031594332540407777	1.0
0.0	1.0
0.0	1.0
-0.00014237695722840726	1.0
-0.00354757416062057	1.0
0.0	0.75
0.0	1.0
-6.6176371547044255e-06	1.0
-6.807957106502727e-06	1.0
0.0	1.0
-8.149025916281971e-07	1.0
-5.5429223721148446e-05	1.0
-5.504428486347024e-07	1.0
0.0	0.0
-3.909803680812729e-08	1.0
0.0	1.0
-0.0012365347938612103	1.0
0.0	1.0
0.0	0.0
-0.0004372198018245399	1.0
0.0	0.0
-0.011762993410229683	0.0
0.0	0.06349206349206349
0.0	1.0
-0.009531780146062374	0.0
0.0	0.06302521008403361
0.0	1.0
-1.1260702876825235e-06	1.0
0.0	1.0
0.0	0.057692307692307696
0.0	0.11363636363636363
0.0	1.0
0.0	1.0
0.0	1.0
0.0	0.0
0.0	1.0
0.0	1.0
0.0	1.0
-1.1635911505436525e-05	1.0
0.0	1.0
-4.926850306219421e-05	0.004424778761061947
0.0	0.0
0.0	1.0
-0.00018889259081333876	1.0
-3.1856922655393305e-10	1.0
0.0	1.0
-0.001527609652839601	0.0
0.0	0.0
0.0	1.0
0.0	1.0
0.0	1.0
0.0	1.0
0.0	1.0
0.0	1.0
-2.4804896384011954e-05	1.0
0.0	1.0
0.0	1.0
-0.00032393482979387045	1.0
0.0	1.0
0.0	0.0
0.0	0.37142857142857144
0.0	1.0
0.0	1.0
0.0	1.0
0.0	0.0
0.0	1.0
-0.0026689055375754833	1.0
0.0	1.0
0.0	1.0
-1.4481116750175715e-07	1.0
0.0	1.0
-1.4107959032116923e-06	1.0
-4.055775448819077e-08	1.0
0.0	0.0
-2.0721654436783865e-05	1.0
-0.00033500941935926676	0.5714285714285714
0.0	1.0
0.0	1.0
0.0	1.0
-8.41952896291076e-11	1.0
0.0	1.0
0.0	0.0
0.0	1.0
0.0	1.0
-1.1116792393295327e-06	1.0
0.0	1.0
0.0	1.0
0.0	1.0
0.0	1.0
0.0	1.0
0.0	1.0
0.0	1.0
0.0	1.0
-2.4917568453020067e-07	1.0
-7.506388328692992e-07	1.0
-0.0019749184139072895	1.0
-3.3710985007928684e-06	0.7010869565217391
-0.001218000310473144	1.0
0.0	1.0
-5.959494228591211e-05	0.0
0.0	1.0
0.0	1.0
0.0	0.06593406593406594
0.0	1.0
-3.0197777611817855e-09	1.0
-4.984059955859266e-07	1.0
0.0	1.0
0.0	1.0
-0.0005567618645727634	0.0
0.0	1.0
0.0	1.0
0.0	1.0
-0.00042948086047545075	0.0
-2.6413269798620815e-15	0.0
0.0	1.0
-0.00025248792371712625	1.0
0.0	1.0
-0.0030106380581855774	1.0
0.0	1.0
-0.004597717430442572	0.0
-0.0011808585841208696	1.0
-0.0001090576479327865	0.03225806451612903
-0.00011664421617751941	1.0
0.0	0.0
0.0	1.0
0.0	1.0
0.0	1.0
0.0	1.0
-5.4277252274914645e-06	1.0
-0.004621958360075951	0.0
0.0	0.0
0.0	1.0
0.0	1.0
0.0	0.0
-0.00022431460092775524	0.0
0.0	1.0
0.0	1.0
-0.0005892894696444273	1.0
-9.460672299610451e-05	0.0
-4.666351305360195e-09	0.0
0.0	1.0
-0.03278970345854759	0.11392405063291139
0.0	1.0
0.0	0.0
0.0	1.0
0.0	1.0
-0.00012982878251932561	0.0
-0.0011562068248167634	1.0
0.0	1.0
0.0	1.0
-3.190347797499271e-06	1.0
0.0	1.0
0.0	1.0
0.0	1.0
-9.450549259781837e-05	1.0
0.0	1.0
0.0	1.0
0.0	1.0
-3.7704325772658365e-11	0.0
0.0	1.0
0.0	1.0
0.0	1.0
-8.450476229882042e-08	0.0
-0.0010132937459275126	1.0
0.0	0.0
0.0	1.0
0.0	1.0
0.0	1.0
-1.0397211553936359e-05	0.0
0.0	1.0
0.0	0.10227272727272728
-0.07072963565587997	0.0
0.0	0.1111111111111111
-0.00203697825782001	1.0
0.0	1.0
0.0	1.0
0.0	1.0
0.0	1.0
-0.0011868745787069201	1.0
0.0	0.0
0.0	1.0
-2.5447792722843587e-05	0.0
-0.0003541913174558431	1.0
0.0	0.0
0.0	1.0
0.0	0.0
0.0	1.0
0.0	1.0
-0.007194904610514641	0.0
0.0	0.0
0.0	1.0
-8.7164000433404e-05	1.0
0.0	1.0
-0.00010140665108337998	1.0
-0.011529711075127125	0.0
0.0	1.0
0.0	1.0
-0.0001326666824752465	1.0
0.0	1.0
-7.654979761184677e-09	1.0
0.0	0.0
0.0	1.0
0.0	0.03333333333333333
-0.0003377926186658442	1.0
0.0	0.5432692307692307
0.0	1.0
0.0	1.0
0.0	1.0
-0.00010592710896162316	0.0
0.0	1.0
0.0	1.0
0.0	0.02564102564102564
-0.00017576152458786964	1.0
0.0	1.0
0.0	0.04081632653061224
-8.165362669387832e-05	1.0
0.0	1.0
0.0	1.0
0.0	1.0
0.0	1.0
-0.011627787724137306	0.0
-6.98101575835608e-05	1.0
-3.893635039275978e-06	1.0
0.0	1.0
-0.0002759611525107175	1.0
-2.9535967769334093e-05	1.0
-0.000792781705968082	1.0
0.0	1.0
0.0	0.047619047619047616
0.0	1.0
0.0	1.0
-0.0012717106146737933	1.0
-2.0789880234017843e-11	1.0
-1.5848740986257326e-07	1.0
0.0	1.0
-0.00010856623703148216	1.0
0.0	1.0
0.0	0.0
-0.0001182832129416056	0.25862068965517243
-0.012013479135930538	0.0
-4.898471888736822e-05	1.0
-0.0004514527099672705	0.0
-1.8612201984069543e-06	0.0
0.0	1.0
-2.9622293507003405e-09	1.0
0.0	1.0
0.0	0.0
-0.0014900962123647332	0.0
0.0	1.0
-9.720766911414103e-07	1.0
0.0	1.0
-0.00013151988969184458	1.0
0.0	1.0
0.0	0.1724137931034483
0.0	1.0
-0.00044687167974188924	1.0
-6.813766231061891e-05	0.0
0.0	1.0
-0.0020513918716460466	1.0
-0.00015355909999925643	1.0
-1.2015365427942015e-05	1.0
-6.273524195421487e-05	0.0
0.0	1.0
-1.5619434634572826e-05	1.0
-4.864808033744339e-06	1.0
0.0	1.0
-4.6192905056585687e-10	1.0
-1.3495750295078324e-08	1.0
0.0	1.0
-4.783874828717671e-05	1.0
0.0	1.0
0.0	0.038461538461538464
0.0	1.0
0.0	0.06818181818181818
-0.09451122581958771	0.0
0.0	0.0
-2.0398434052992798e-09	0.0
0.0	0.11439114391143912
0.0	1.0
-2.900146682804916e-05	1.0
0.0	0.0
0.0	0.0
0.0	1.0
-4.5450528318724537e-07	1.0
-0.0019055758602917194	1.0
0.0	1.0
-8.155943760357331e-07	1.0
-2.4709748686291277e-05	1.0
0.0	1.0
0.0	1.0
0.0	1.0
-0.0010152952745556831	1.0
0.0	1.0
0.0	1.0
-0.0063202776946127415	0.1797752808988764
0.0	1.0
0.0	0.18181818181818182
-0.001057536923326552	1.0
0.0	1.0
0.0	1.0
-0.0007097941124811769	1.0
0.0	1.0
0.0	1.0
0.0	1.0
-8.755163776186237e-07	1.0
-0.0013502078363671899	1.0
0.0	1.0
0.0	1.0
-0.0004358255537226796	1.0
0.0	1.0
0.0	1.0
-4.1623996366979554e-05	1.0
0.0	0.14285714285714285
0.0	1.0
0.0	0.0
-0.026953760534524918	0.0
0.0	1.0
-0.012703415006399155	0.0
-0.001898673246614635	1.0
0.0	1.0
0.0	1.0
-7.994878536976557e-09	0.0
0.0	1.0
0.0	0.7185185185185186
0.0	1.0
-0.007485793437808752	0.0
-0.0005679987370967865	1.0
0.0	1.0
0.0	1.0
-0.00013494014274328947	1.0
-4.33070363214938e-06	1.0
0.0	1.0
-0.0014873974723741412	0.0
-0.0021886297035962343	1.0
0.0	0.0
0.0	1.0
-0.006640995386987925	0.00684931506849315
0.0	1.0
-1.361003342026379e-05	1.0
-6.394680440280354e-06	1.0
-1.7601227142449716e-09	0.0
0.0	1.0
0.0	1.0
0.0	1.0
0.0	1.0
0.0	1.0
-1.656917242298661e-10	1.0
0.0	1.0
0.0	1.0
0.0	0.0
0.0	1.0
0.0	1.0
0.0	1.0
0.0	1.0
0.0	1.0
0.0	1.0
0.0	1.0
0.0	1.0
0.0	1.0
-4.0842871385393664e-05	1.0
-1.2981835425307509e-05	1.0
0.0	1.0
0.0	1.0
0.0	1.0
0.0	1.0
0.0	1.0
0.0	1.0
0.0	1.0
0.0	1.0
0.0	1.0
-2.3972721585607815e-09	0.16
-7.422836461046245e-06	1.0
0.0	1.0
-0.0012792246416211128	0.9193277310924369
0.0	1.0
0.0	1.0
-1.8675647197596845e-06	1.0
-0.007561084348708391	0.0
0.0	1.0
-5.975486783427186e-05	1.0
0.0	1.0
-1.3533561968870345e-06	0.0189873417721519
0.0	1.0
0.0	1.0
0.0	0.33941605839416056
-1.3859727005183231e-05	1.0
0.0	1.0
0.0	1.0
0.0	1.0
-4.335812611722112e-11	0.0
0.0	0.0
0.0	1.0
0.0	0.0
0.0	1.0
0.0	1.0
-0.003281201934441924	0.5833333333333334
-0.0001538850337965414	1.0
-0.00014519829710479826	1.0
-0.0018440370913594961	0.0
0.0	1.0
0.0	1.0
0.0	1.0
0.0	1.0
0.0	1.0
0.0	0.0
0.0	1.0
0.0	1.0
-0.01253731269389391	0.0056179775280898875
0.0	1.0
0.0	1.0
-6.675644925735469e-08	0.0
0.0	0.0
-0.0022039352916181087	0.23076923076923078
0.0	1.0
0.0	1.0
0.0	1.0
-0.00040560500929132104	1.0
0.0	1.0
0.0	0.1510791366906475
-0.00418156897649169	0.0
0.0	1.0
0.0	1.0
0.0	1.0
0.0	1.0
0.0	1.0
0.0	1.0
-0.0005434321356005967	1.0
0.0	0.0
-7.840367466371845e-09	1.0
0.0	1.0
0.0	1.0
0.0	1.0
-2.671800939424429e-05	1.0
-0.00023134144430514425	1.0
0.0	0.0
-0.11256783455610275	0.0
-0.001657557673752308	1.0
0.0	1.0
0.0	1.0
-6.155617302283645e-05	0.0
0.0	1.0
0.0	1.0
0.0	0.7758620689655172
0.0	0.0
-0.0001885492674773559	1.0
-0.0008961943676695228	1.0
0.0	0.0
0.0	0.0
-0.0027522637974470854	1.0
0.0	1.0
-3.226509193154925e-07	1.0
-2.9276467103045434e-05	1.0
-8.282072485599201e-06	1.0
-2.312510878255125e-05	1.0
0.0	1.0
0.0	1.0
0.0	1.0
-0.00043473212281242013	0.0
0.0	1.0
-6.211840081959963e-05	0.0
0.0	1.0
