0.0	1.0
-3.809440750046633e-05	1.0
-0.0005783882224932313	1.0
-0.004757652524858713	0.0
-6.752401873200142e-07	1.0
0.0	1.0
-2.6882895326707512e-05	1.0
-0.0001949845755007118	0.0030864197530864196
0.0	1.0
-0.00011613273818511516	1.0
-0.0003326043952256441	1.0
0.0	1.0
-3.791016570175998e-05	1.0
0.0	1.0
0.0	1.0
0.0	1.0
-4.117483535116123e-13	1.0
-0.000246170413447544	0.0
-0.02930566295981407	0.0
-8.178460214830832e-14	1.0
-0.0003879689902532846	1.0
0.0	0.0
0.0	1.0
0.0	1.0
0.0	1.0
0.0	1.0
-1.7714954083203338e-05	1.0
0.0	0.0
0.0	1.0
0.0	1.0
0.0	1.0
0.0	1.0
-5.63825415156316e-06	1.0
0.0	1.0
0.0	1.0
0.0	1.0
0.0	1.0
0.0	1.0
0.0	1.0
0.0	0.16071428571428573
-1.9033437865800806e-06	1.0
0.0	1.0
0.0	1.0
0.0	1.0
0.0	1.0
-0.0015007567126303911	1.0
0.0	1.0
-0.0001912242005346343	1.0
-0.0004687448963522911	1.0
0.0	0.0
0.0	1.0
0.0	1.0
0.0	1.0
0.0	1.0
0.0	0.0
-0.006590943317860365	0.0
-0.00018169876420870423	0.0
0.0	1.0
-0.00016527473053429276	1.0
-1.6271956926414838e-13	1.0
0.0	1.0
-0.0004899055347777903	0.0
0.0	1.0
-5.343213615560671e-06	1.0
0.0	1.0
0.0	1.0
0.0	1.0
0.0	1.0
0.0	1.0
0.0	1.0
0.0	1.0
0.0	0.0
-0.0010566622950136662	0.5543478260869565
-4.060024139107554e-08	1.0
0.0	1.0
0.0	1.0
0.0	1.0
0.0	0.10227272727272728
0.0	0.0
0.0	1.0
0.0	1.0
-0.033618196845054626	0.0
-8.280393558379728e-06	1.0
0.0	1.0
-0.011350460350513458	0.375
-0.0006031008088029921	1.0
-5.827797849633498e-06	1.0
-3.3707578950270545e-06	1.0
-0.0008592396043241024	1.0
-1.230952284958537e-17	1.0
-0.0006402081344276667	1.0
-0.00023676647106185555	1.0
-0.0004181967815384269	1.0
0.0	1.0
-0.00020394270541146398	1.0
0.0	1.0
-0.06384940445423126	0.0
0.0	1.0
0.0	1.0
0.0	1.0
-0.00012638475163839757	1.0
0.0	1.0
0.0	0.0
-2.9301811082405038e-05	1.0
0.0	1.0
0.0	1.0
-8.823045050121436e-08	1.0
0.0	0.0
0.0	1.0
0.0	0.0
0.0	1.0
-1.544381213625795e-13	1.0
0.0	1.0
0.0	1.0
-2.85780643025646e-05	1.0
0.0	1.0
0.0	1.0
0.0	1.0
0.0	1.0
-4.60538161425883e-12	1.0
-0.0002779987989924848	1.0
0.0	1.0
0.0	1.0
0.0	1.0
0.0	0.0
0.0	1.0
0.0	1.0
-0.0010507304687052965	0.0
0.0	1.0
-2.7736845368053764e-05	1.0
0.0	1.0
0.0	1.0
0.0	1.0
0.0	1.0
-2.2544329112861305e-05	1.0
-0.00012123466876801103	1.0
-0.0001357825385639444	1.0
-2.9495231501641683e-05	1.0
0.0	1.0
0.0	1.0
0.0	1.0
-0.023885957896709442	0.0
0.0	1.0
-1.5393982746511603e-12	1.0
-2.220260284957476e-05	1.0
0.0	1.0
0.0	1.0
-0.0017062098486348987	1.0
-0.0012223229277879	0.0
-0.00028188902069814503	0.08333333333333333
0.0	1.0
-0.0006989482208155096	1.0
0.0	1.0
-4.923000233247876e-05	0.058823529411764705
-0.0002535529783926904	1.0
-0.002212165156379342	0.0
-2.137085175490938e-06	1.0
0.0	1.0
0.0	0.0
0.0	1.0
0.0	0.0625
0.0	1.0
0.0	1.0
0.0	1.0
0.0	1.0
0.0	1.0
-0.0064765349961817265	0.0
0.0	1.0
0.0	1.0
0.0	1.0
0.0	1.0
-0.001105473842471838	1.0
0.0	1.0
0.0	1.0
-0.012201419100165367	0.36
0.0	1.0
-0.0001717583800200373	1.0
0.0	1.0
0.0	1.0
-0.0015396925155073404	0.0
0.0	1.0
-0.00018166867084801197	1.0
0.0	1.0
-0.0003402373695280403	0.0
0.0	1.0
-4.744515899801627e-05	1.0
-7.323726958219368e-09	0.2214765100671141
-0.0003284018312115222	0.0
0.0	1.0
0.0	1.0
0.0	1.0
0.0	1.0
0.0	1.0
0.0	1.0
0.0	0.0
0.0	1.0
0.0	1.0
-2.148743305951939e-06	0.0
0.0	0.0
0.0	1.0
-6.437743286369368e-05	1.0
0.0	1.0
0.0	0.0
0.0	1.0
-2.779645846828771e-08	1.0
0.0	1.0
0.0	1.0
0.0	1.0
0.0	1.0
-0.00047681390424259007	1.0
0.0	1.0
0.0	0.0
0.0	1.0
-0.00024081523588392884	1.0
0.0	0.0
0.0	1.0
-0.00020943394338246435	1.0
0.0	0.5823529411764706
-3.7389349927252624e-07	1.0
0.0	1.0
0.0	1.0
-0.0027161065954715014	0.0
-2.0722049157484435e-05	1.0
-0.000696054776199162	1.0
0.0	1.0
-5.828873828050973e-09	1.0
-1.102288365473214e-06	1.0
-1.6218584278249182e-05	1.0
0.0	1.0
0.0	0.0
-0.006456729490309954	0.0
0.0	1.0
0.0	0.0
0.0	1.0
0.0	1.0
-1.8729765542957466e-06	1.0
0.0	1.0
-1.0557780427689067e-08	1.0
-0.0007837011944502592	1.0
0.0	1.0
0.0	1.0
0.0	1.0
-0.0001870488777058199	1.0
-2.752861653909644e-11	1.0
-3.332617325213505e-06	1.0
-0.00032672425732016563	1.0
-2.228913399449084e-05	1.0
0.0	0.13598074608904934
0.0	0.0
-0.0009009538334794343	1.0
-0.0008647131617181003	0.0
0.0	1.0
0.0	1.0
0.0	1.0
0.0	1.0
-7.086066761985421e-05	1.0
-8.407319995740181e-08	1.0
0.0	1.0
0.0	1.0
-0.024256501346826553	0.0
0.0	1.0
0.0	1.0
0.0	1.0
-0.00032878475030884147	1.0
0.0	1.0
-2.1074622509331675e-06	1.0
0.0	0.1437125748502994
0.0	1.0
0.0	0.0
0.0	1.0
0.0	1.0
-4.4829818079961115e-08	1.0
-0.0007001083577051759	1.0
0.0	0.0
0.0	1.0
0.0	0.6666666666666666
-2.3966449589352123e-05	1.0
0.0	1.0
0.0	1.0
-5.084576514491346e-06	1.0
0.0	1.0
0.0	1.0
0.0	1.0
-7.743738933640998e-06	1.0
-0.016032420098781586	0.0
-0.0032554040662944317	0.0
0.0	1.0
-1.3717049114347901e-06	1.0
0.0	1.0
-6.833153020124882e-05	1.0
-5.4540400924452115e-06	1.0
0.0	1.0
-6.714554274367401e-06	1.0
0.0	1.0
-1.6849368478233373e-07	1.0
0.0	1.0
0.0	1.0
0.0	0.0
0.0	1.0
0.0	1.0
0.0	1.0
0.0	1.0
0.0	1.0
-0.0002602362656034529	1.0
0.0	1.0
-2.424334621942137e-10	0.0
0.0	0.0
0.0	0.0
-0.002248113276436925	1.0
-0.0004680433194153011	0.0
0.0	0.0
-0.0013455323642119765	1.0
0.0	1.0
0.0	1.0
0.0	0.029585798816568046
0.0	0.0
-6.320429690731544e-08	1.0
0.0	1.0
-0.0024245548993349075	0.043478260869565216
0.0	1.0
0.0	1.0
0.0	1.0
0.0	1.0
0.0	1.0
0.0	1.0
-0.0006804381846450269	1.0
-3.862443918478675e-05	1.0
0.0	1.0
0.0	1.0
0.0	1.0
0.0	1.0
0.0	1.0
-0.0014387678820639849	0.0
0.0	1.0
-3.5670545912580565e-05	1.0
-7.955132446113566e-07	1.0
0.0	1.0
-1.596314369578522e-08	1.0
-0.030380913987755775	0.0
-1.152799522508019e-09	1.0
0.0	0.17073170731707318
0.0	1.0
0.0	1.0
0.0	0.0
0.0	1.0
0.0	1.0
-0.0003354287473484874	0.46511627906976744
0.0	1.0
0.0	1.0
-0.0008690545218996704	1.0
0.0	1.0
0.0	1.0
0.0	1.0
0.0	0.21739130434782608
-1.5030040231067687e-05	0.0
-0.002046211389824748	0.0
0.0	1.0
-6.132111593615264e-06	1.0
0.0	1.0
0.0	1.0
0.0	1.0
0.0	1.0
0.0	1.0
0.0	1.0
0.0	0.0
0.0	1.0
-3.689234233661409e-07	1.0
0.0	1.0
0.0	1.0
0.0	1.0
0.0	1.0
0.0	1.0
0.0	1.0
0.0	0.40119760479041916
0.0	1.0
0.0	1.0
0.0	1.0
0.0	1.0
0.0	1.0
0.0	1.0
0.0	1.0
0.0	1.0
0.0	1.0
0.0	1.0
0.0	1.0
0.0	1.0
-3.717186416452023e-07	1.0
-0.00046069041127339005	1.0
-2.0545407153349515e-07	1.0
-7.714743696851656e-05	1.0
-9.588529970017134e-09	1.0
-0.00035269922227598727	1.0
-0.000433503242675215	0.2631578947368421
0.0	1.0
-2.7724920137472964e-09	1.0
0.0	1.0
-0.00034559881896711886	1.0
0.0	1.0
-0.001298151328228414	1.0
0.0	1.0
0.0	1.0
-4.6508216655638535e-07	1.0
0.0	1.0
0.0	1.0
0.0	1.0
0.0	1.0
0.0	1.0
-1.4515151178784436e-06	1.0
-0.0011499966494739056	1.0
0.0	1.0
0.0	1.0
-4.7053745220182464e-05	1.0
0.0	1.0
0.0	1.0
-0.022285616025328636	0.0
0.0	1.0
-8.024226553970948e-05	1.0
0.0	1.0
0.0	0.24431818181818182
-4.1135015749205195e-07	1.0
0.0	1.0
0.0	1.0
0.0	1.0
0.0	0.60932944606414
-0.005542026367038488	1.0
-7.2178140726464335e-06	1.0
0.0	1.0
0.0	1.0
-0.0004642231506295502	0.0
0.0	1.0
0.0	1.0
-3.382309296284802e-05	1.0
0.0	1.0
-0.02536916919052601	0.0
0.0	1.0
0.0	1.0
0.0	0.0
-1.198985683004139e-05	1.0
0.0	1.0
0.0	1.0
0.0	0.0
0.0	1.0
0.0	1.0
-0.0005079630063846707	1.0
0.0	0.017857142857142856
0.0	1.0
-0.0105727668851614	0.0
-0.013835174962878227	0.0
0.0	1.0
0.0	1.0
-0.00011146720498800278	0.0
0.0	1.0
0.0	1.0
0.0	1.0
-0.0003560565528459847	1.0
0.0	1.0
0.0	1.0
0.0	1.0
0.0	1.0
0.0	1.0
-0.0001030429411912337	1.0
0.0	1.0
0.0	1.0
0.0	1.0
0.0	0.14968152866242038
-0.001151782344095409	1.0
-0.0002483343705534935	1.0
0.0	1.0
-0.0004887077957391739	1.0
0.0	0.0
0.0	0.0
0.0	1.0
0.0	1.0
-1.52982124745904e-06	0.0
0.0	1.0
0.0	1.0
-1.2900934052595403e-05	1.0
-9.112018597079441e-05	1.0
-0.0047507393173873425	0.0
0.0	1.0
0.0	1.0
0.0	1.0
0.0	1.0
0.0	1.0
0.0	1.0
-3.0232526114559732e-05	1.0
0.0	1.0
0.0	1.0
-1.5885696924566872e-10	1.0
