-1.2393473980409908e-06	0.0
-0.0029244606848806143	0.0
-3.248791458076994e-09	1.0
-8.409938163822517e-05	0.0
-0.001280062017031014	0.0
0.0	0.0
0.0	1.0
0.0	1.0
0.0	1.0
0.0	1.0
-1.4032261788088363e-05	0.0
0.0	0.0
0.0	0.0
0.0	0.024489795918367346
-2.0413276402564406e-08	1.0
0.0	1.0
-8.555805379728554e-07	1.0
0.0	0.0
0.0	0.0
0.0	1.0
-2.903796485043131e-06	0.0
0.0	0.0
-0.00010340825974708423	1.0
0.0	1.0
0.0	0.0
0.0	1.0
-4.721949517261237e-05	1.0
0.0	1.0
0.0	1.0
0.0	1.0
0.0	1.0
0.0	1.0
0.0	1.0
0.0	0.929
-2.0922126253708484e-08	0.0
-0.01903330162167549	0.0
-6.894488615216687e-05	1.0
0.0	0.0
-7.044466201477917e-06	0.89
-0.014949679374694824	0.0
-0.00012702136882580817	1.0
-5.691624664905248e-06	0.0
0.0	0.0
0.0	0.0
-3.5520366736818687e-07	0.0
-0.0013809226220473647	1.0
0.0	0.0
0.0	0.0
-0.009154537692666054	0.0
0.0	0.0
-0.004115432500839233	0.0
0.0	0.0
0.0	0.0
0.0	0.0
-0.0021908911876380444	0.0
0.0	0.0
-7.28236700524576e-05	0.036
-0.00039612167165614665	0.036
-1.1686390787371548e-12	0.038
-0.0016666416777297854	1.0
0.0	0.0
0.0	1.0
0.0	0.0
-0.0019228101009503007	0.0
0.0	0.0
0.0	0.0
0.0	1.0
-6.364176670103916e-07	1.0
0.0	0.13652275379229872
0.0	1.0
0.0	0.03594771241830065
0.0	0.0
0.0	1.0
0.0	1.0
-0.008756025694310665	0.0
0.0	0.0
0.0	1.0
0.0	0.0
0.0	1.0
0.0	0.0
0.0	0.0
0.0	1.0
0.0	1.0
0.0	1.0
0.0	1.0
0.0	0.0
0.0	0.0
0.0	0.05730337078651685
-0.006312863901257515	0.0
-0.000510763144120574	0.0
0.0	1.0
0.0	0.0
0.0	0.42378048780487804
0.0	0.0
0.0	1.0
0.0	1.0
0.0	0.0
-2.351116381760221e-05	0.0
0.0	0.0
0.0	1.0
-7.831475912212227e-09	0.0
0.0	0.0
0.0	0.0
0.0	0.0
0.0	0.0
-0.0001412257261108607	1.0
-0.00043287110747769475	0.015730337078651686
0.0	0.7435897435897436
0.0	0.0
0.0	1.0
0.0	1.0
-1.7914568388732732e-06	1.0
-0.031134260818362236	0.0
0.0	1.0
-0.007686320226639509	0.0
0.0	1.0
0.0	1.0
0.0	1.0
-2.2863929499683522e-11	1.0
0.0	1.0
0.0	0.0
0.0	0.0
0.0	1.0
0.0	0.0
-0.0008295407169498503	1.0
0.0	1.0
0.0	1.0
0.0	0.0
-3.0915748538973276e-06	1.0
-2.473326787821861e-07	1.0
-0.06965313106775284	0.0
0.0	1.0
-6.27393887953076e-08	0.0
0.0	1.0
0.0	1.0
-0.0017989453626796603	0.0
0.0	1.0
-0.00223952136002481	1.0
-8.213175897253677e-05	0.0
0.0	1.0
-0.042751580476760864	0.0
0.0	1.0
0.0	0.0
0.0	1.0
-1.6405897751425869e-09	1.0
-2.274785583722405e-05	1.0
-0.0024767373688519	0.0
0.0	0.037162162162162164
0.0	1.0
0.0	0.0
0.0	1.0
0.0	0.0
0.0	1.0
0.0	0.056338028169014086
-0.007103728596121073	1.0
-0.12144055217504501	0.0
-4.879094376519788e-06	1.0
0.0	0.0
-2.650759299560601e-11	1.0
0.0	0.0
0.0	0.0
0.0	0.0
0.0	1.0
-0.0005733331781812012	0.0
0.0	1.0
-0.00019681888807099313	1.0
-1.8411389079986407e-09	0.0
0.0	1.0
-5.0927068514283746e-05	0.0
0.0	0.0
0.0	0.0
0.0	0.018018018018018018
0.0	0.0
-0.002020861255005002	0.0
0.0	0.0
-0.002296946942806244	0.0
-4.3226696107012685e-06	1.0
0.0	0.0
-9.212889295895366e-08	0.041666666666666664
-0.0008607095805928111	1.0
0.0	0.001
0.0	0.0
0.0	1.0
0.0	0.001001001001001001
-0.0007727970369160175	0.0
0.0	1.0
-4.943275052937679e-05	0.0
-0.000752728374209255	1.0
0.0	1.0
0.0	1.0
0.0	1.0
0.0	1.0
0.0	1.0
0.0	1.0
-0.000852123717777431	1.0
0.0	1.0
0.0	1.0
0.0	1.0
0.0	0.0
0.0	1.0
0.0	0.0
-0.04113497957587242	0.0
-1.4802610166952945e-05	1.0
-8.005903850971663e-08	0.0
0.0	1.0
-0.022653993219137192	0.0010193679918450561
-0.004029753617942333	0.0010193679918450561
-0.005858059972524643	0.0
0.0	0.0
-4.564973288267993e-09	0.00101010101010101
0.0	1.0
-9.283121471526101e-06	1.0
0.0	0.0
-0.00011959424591623247	1.0
0.0	1.0
-8.24324888526462e-05	0.0
-0.0014350360725075006	1.0
-0.006254715844988823	0.0
0.0	1.0
0.0	0.0
0.0	0.0
0.0	0.0
0.0	1.0
0.0	0.0
-0.00020648364443331957	1.0
0.0	0.0
-0.0005126936011947691	1.0
0.0	1.0
0.0	0.0
0.0	0.0
0.0	1.0
-0.0014084321446716785	1.0
0.0	0.0
-0.0023158073890954256	0.0
-0.0017558796098455787	0.0
-0.00037468806840479374	0.001
0.0	1.0
0.0	1.0
-0.005013688933104277	0.0
0.0	0.0
0.0	0.0
-0.0010018679313361645	0.0
0.0	1.0
0.0	0.0
0.0	1.0
0.0	0.0
0.0	0.0
0.0	1.0
0.0	0.0
0.0	0.0
-1.42959061122383e-06	1.0
-0.0010205988073721528	0.0
-0.0018631253624334931	0.0
0.0	0.0
0.0	0.0
-0.00037962934584356844	0.0
0.0	0.006
0.0	1.0
-4.209269718558062e-06	1.0
0.0	0.004
-0.0030152371618896723	0.004
0.0	0.0030241935483870967
0.0	0.0
-0.0014938468812033534	0.008
0.0	0.039603960396039604
-0.014940622262656689	0.001
-0.00022290318156592548	0.0
0.0	1.0
-0.0013658157549798489	1.0
0.0	1.0
-0.0028078292962163687	0.0
-5.780573246738641e-06	1.0
0.0	0.0
0.0	1.0
0.0	1.0
-0.0002671552647370845	0.0
0.0	0.03903903903903904
0.0	0.0
0.0	1.0
-1.4716983059770428e-05	0.0
0.0	0.0
0.0	0.0
-9.002201841212809e-05	1.0
-3.3047451779566472e-06	0.0
-4.6730147005291656e-05	0.0
-3.937053770641796e-05	1.0
0.0	1.0
-0.0023835620377212763	0.0
0.0	0.0
-6.522195690195076e-07	1.0
0.0	0.0
0.0	1.0
-0.00682903453707695	0.0
0.0	0.0
0.0	1.0
0.0	1.0
0.0	0.0
0.0	1.0
-0.0013861388433724642	1.0
-1.3771735751788583e-08	1.0
0.0	0.048
-6.217918979700698e-08	0.013392857142857142
-0.0036111942026764154	0.0
0.0	0.0
0.0	0.0
0.0	1.0
-2.0404534097906435e-06	0.0
0.0	0.001
0.0	0.001
-1.7948052766225686e-11	0.0
-0.026501545682549477	0.0
-4.2916828533634543e-05	0.001001001001001001
-0.0008871688623912632	0.001001001001001001
0.0	0.0
-3.191319564166406e-08	0.001001001001001001
-1.7158163245767355e-05	1.0
-7.599403761560097e-05	0.0
0.0	1.0
0.0	0.0012254901960784314
0.0	1.0
0.0	0.0
0.0	1.0
-0.0003154017904307693	0.0
0.0	1.0
-0.00027305600815452635	1.0
0.0	1.0
0.0	0.0
0.0	0.0
0.0	1.0
-6.6419211179891136e-06	0.0
0.0	1.0
0.0	1.0
0.0	1.0
0.0	0.0
-4.660690319724381e-05	0.357
0.0	1.0
0.0	1.0
-0.002036613877862692	1.0
-2.2149455602971102e-08	0.0
0.0	1.0
0.0	1.0
0.0	1.0
0.0	1.0
0.0	1.0
-8.989174602902494e-06	1.0
0.0	1.0
0.0	0.0
0.0	0.0
0.0	0.0
0.0	0.0
0.0	1.0
0.0	1.0
-0.0030405395664274693	0.0
0.0	1.0
0.0	1.0
0.0	1.0
0.0	1.0
0.0	0.0
0.0	0.0
-0.0010394746204838157	1.0
-0.002621147781610489	1.0
0.0	0.0
-1.7931730553755187e-06	1.0
0.0	1.0
0.0	0.0
0.0	1.0
-0.0003003740275744349	0.04
0.0	1.0
-1.969582990568597e-05	0.0
0.0	1.0
0.0	0.0
0.0	0.0
0.0	1.0
0.0	0.008
0.0	1.0
0.0	1.0
-1.1191650628461502e-06	1.0
0.0	1.0
0.0	1.0
0.0	0.0
0.0	1.0
0.0	1.0
-2.3413438157149358e-06	1.0
0.0	1.0
-0.0002647383080329746	1.0
-7.391965368697129e-07	0.0
-0.00016192671319004148	0.0
-1.947358759935014e-05	1.0
0.0	1.0
0.0	1.0
0.0	0.002
0.0	0.0
0.0	1.0
-0.0017557498067617416	0.0
0.0	0.0
0.0	0.00501002004008016
0.0	1.0
0.0	0.0
0.0	0.0
0.0	0.251
0.0	1.0
-0.1115356832742691	0.0
-2.2727450144088834e-08	1.0
0.0	0.038
0.0	1.0
0.0	1.0
0.0	0.0
0.0	1.0
-7.731401274213567e-05	0.0
0.0	1.0
0.0	1.0
0.0	1.0
-4.186099977232516e-05	0.0
0.0	1.0
0.0	0.0
0.0	0.11066398390342053
0.0	0.0
0.0	1.0
0.0	1.0
0.0	1.0
0.0	0.0
0.0	1.0
0.0	0.001040582726326743
0.0	1.0
0.0	0.005649717514124294
0.0	1.0
0.0	1.0
0.0	1.0
0.0	0.001
0.0	1.0
-0.0019527832046151161	0.0
-1.2678324310400058e-06	1.0
0.0	1.0
0.0	1.0
-0.0009914616821333766	0.0
0.0	0.0
-6.461927114287391e-05	1.0
0.0	1.0
0.0	1.0
0.0	1.0
0.0	0.0
0.0	1.0
0.0	1.0
-0.0003791355120483786	1.0
0.0	1.0
0.0	0.0
0.0	1.0
-0.00038964522536844015	0.0
0.0	0.0
-0.015479580499231815	0.0
0.0	1.0
-0.000569916155654937	1.0
0.0	0.0
0.0	1.0
-0.0005534450756385922	0.006342494714587738
0.0	0.0
0.0	1.0
0.0	1.0
-1.9400975361349992e-05	1.0
0.0	1.0
-0.00032118489616550505	0.0
-0.010431339032948017	0.0
-1.0311300258081246e-07	0.058426966292134834
-0.0014057097723707557	0.0
-0.0026173198129981756	1.0
0.0	1.0
-4.807573228404749e-10	0.0
0.0	1.0
0.0	0.0
-0.0014518944080919027	0.0
0.0	0.0
0.0	1.0
-0.00010214904614258558	1.0
-0.00027517799753695726	1.0
0.0	0.0
0.0	0.009146341463414634
-0.001011159154586494	1.0
-0.006504131481051445	0.677
0.0	0.001
0.0	1.0
-1.0028098351710923e-09	0.0
0.0	0.0
0.0	1.0
-0.007638928014785051	0.0
-0.018979983404278755	0.0
-2.6797278285251025e-10	0.0
0.0	0.0
0.0	0.0
0.0	1.0
0.0	0.0
-0.00015941428137011826	0.0
-1.1363021634736015e-09	1.0
0.0	1.0
0.0	0.028
0.0	0.0
0.0	0.028
-0.00011554336379049346	0.028
-3.674819163279608e-05	1.0
0.0	1.0
0.0	0.0
0.0	0.0
0.0	1.0
-0.00515780970454216	0.0
-0.009542027488350868	0.0
0.0	1.0
-1.4609148593081045e-06	1.0
-1.343215899396455e-06	0.0
-0.0009241986554116011	0.0
0.0	0.009
0.0	0.0
-0.0006433165399357677	0.0
0.0	0.0
0.0	0.0
0.0	1.0
-0.0030554323457181454	0.0
-4.2304836824769154e-05	1.0
0.0	0.0
-2.932158682522612e-10	1.0
-0.00073584308847785	0.009554140127388535
0.0	0.05852674066599395
0.0	0.009554140127388535
0.0	0.05852674066599395
0.0	1.0
0.0	1.0
-0.00010790365195134655	1.0
0.0	1.0
-2.9458924473146908e-05	1.0
-6.807911631767638e-06	0.0
0.0	0.0
-0.0002604915644042194	1.0
0.0	0.0
0.0	1.0
0.0	1.0
0.0	0.0
0.0	0.0
0.0	1.0
0.0	0.0
0.0	0.0
-1.4973667930462398e-05	1.0
0.0	1.0
0.0	0.0010183299389002036
0.0	1.0
0.0	0.0
0.0	0.001
-0.001484037609770894	0.06006006006006006
0.0	0.06595744680851064
-0.004594872239977121	0.0
-1.4902059621013652e-12	0.0
-4.063667802256532e-07	0.0042643923240938165
-0.0004885208909399807	1.0
0.0	0.0
0.0	1.0
-0.00025820735027082264	0.0
0.0	1.0
0.0	0.0
0.0	0.0
-1.837166928453371e-05	1.0
0.0	1.0
0.0	1.0
-1.7233163816854358e-05	0.0
-0.025292979553341866	0.0
0.0	0.0642570281124498
-0.0035647812765091658	0.0
-1.6338788555003703e-05	0.004
-0.0014735980657860637	0.004008016032064128
-0.01902594417333603	0.0
0.0	1.0
0.0	0.0
0.0	1.0
0.0	0.89
0.0	0.0
0.0	1.0
0.0	0.0
0.0	1.0
0.0	0.0
0.0	0.0
0.0	0.0
-0.000940327241551131	1.0
-0.004134547431021929	1.0
-5.7461675169179216e-05	1.0
-0.002077637705951929	1.0
-1.1917609299416654e-06	0.0
0.0	1.0
0.0	1.0
0.0	0.0
0.0	1.0
-0.0013078415067866445	0.0
0.0	0.0
-0.00017369780107401311	1.0
0.0	1.0
0.0	0.0
0.0	0.0
0.0	1.0
0.0	1.0
0.0	1.0
-0.00010192085755988955	0.037
0.0	1.0
-0.007452882826328278	0.0
-0.0007750603253953159	1.0
-0.0034631481394171715	0.0
0.0	1.0
-6.179943284223555e-06	1.0
0.0	1.0
