0.0	1.0
-0.0012027969351038337	0.0
-0.0008248252561315894	0.007
0.0	0.0
-0.006460477598011494	0.0
0.0	0.0
0.0	1.0
0.0	0.424
0.0	0.0
-4.3561684037740633e-07	1.0
-0.0008320881170220673	0.011884550084889643
0.0	1.0
0.0	0.0
0.0	1.0
0.0	1.0
0.0	1.0
-5.579197022598237e-06	0.0
0.0	0.0
0.0	1.0
0.0	0.0
-5.751853677793406e-07	0.0024449877750611247
0.0	1.0
-1.8695549442782067e-05	1.0
-0.0008514318615198135	0.0
0.0	1.0
0.0	1.0
-0.003802167484536767	0.0
0.0	1.0
-1.436749590827402e-12	0.0
0.0	0.001
0.0	0.0
0.0	1.0
-2.3609599963947403e-07	1.0
-0.0014542591525241733	1.0
0.0	1.0
-0.001151953125372529	0.0
0.0	1.0
-0.0019669572357088327	0.012474012474012475
0.0	0.0
-0.002728875260800123	0.0
0.0	0.41223671013039115
-1.1413771972001996e-06	0.893
-0.00465817004442215	0.0
-0.0006278355140239	0.006224066390041493
0.0	0.0
0.0	0.006791171477079796
0.0	0.0
0.0	0.013582342954159592
-0.013654184527695179	1.0
-4.5412485633278266e-05	1.0
0.0	1.0
-2.8595513867912814e-05	1.0
-0.0001427996758138761	0.0
-0.003242115955799818	0.001
0.0	1.0
0.0	1.0
0.0	1.0
-0.002643499057739973	0.0
0.0	0.0
-1.536628587928135e-05	0.0
-5.907784725422971e-05	1.0
0.0	0.0
0.0	1.0
0.0	0.0
0.0	0.0
-2.5071241907426156e-05	0.0
0.0	0.0
-0.0004908738774247468	1.0
0.0	1.0
0.0	0.0
-5.604260877589695e-05	0.0
0.0	0.0
-0.0005989376804791391	1.0
-0.0002330564020667225	1.0
0.0	0.0
0.0	0.009
0.0	0.0
0.0	1.0
0.0	1.0
0.0	0.0
0.0	0.0
-0.0003372949140612036	1.0
0.0	1.0
0.0	0.0
0.0	1.0
-9.64194696280174e-05	1.0
0.0	0.004149377593360996
-2.634943712109816e-07	1.0
-4.8101292122737505e-06	1.0
0.0	0.0
0.0	0.0
-0.0005415717605501413	0.078
-0.0003695456252899021	1.0
-0.007256539538502693	0.0
-0.00046280166134238243	0.0
0.0	1.0
-0.00042354155448265374	0.0
0.0	1.0
-5.584982136497274e-05	1.0
0.0	0.0
0.0	1.0
0.0	1.0
-0.001751334173604846	0.001
0.0	1.0
0.0	1.0
-0.00016772981325630099	1.0
-6.355343430186622e-06	0.0
-8.724508370505646e-05	0.7934362934362934
0.0	0.0
0.0	1.0
-0.0018491519149392843	0.15352697095435686
-1.910175114971935e-06	1.0
-0.009432531893253326	0.0
0.0	0.0
0.0	0.0
-0.00018476536206435412	0.0
0.0	1.0
-9.224870154866949e-05	0.0
0.0	0.0
0.0	0.0
0.0	1.0
0.0	1.0
-0.004034858662635088	0.0
0.0	1.0
-3.36285556841176e-05	1.0
0.0	1.0
0.0	1.0
0.0	0.0
-0.00023923332628328353	1.0
-9.820299965213053e-06	1.0
-0.0015122179174795747	1.0
0.0	1.0
-0.0006764628924429417	1.0
0.0	0.0
0.0	1.0
0.0	0.0
-0.000721695483662188	0.0
0.0	0.0
0.0	0.0
0.0	1.0
-0.0006983887869864702	1.0
0.0	0.004
0.0	1.0
0.0	1.0
-4.0646375509822974e-07	0.482
0.0	1.0
0.0	1.0
0.0	0.0019305019305019305
-1.867845821834635e-05	0.0
0.0	1.0
-0.0007063195225782692	1.0
-0.002991800894960761	0.0024330900243309003
0.0	1.0
-1.0565802313067252e-06	0.0
-0.00021114922128617764	0.0
-5.020925891585648e-05	1.0
-0.019117511808872223	0.0
-6.636889371414156e-10	0.0
-0.0009581933845765889	0.0
-0.006885903887450695	0.0
0.0	0.0
0.0	1.0
-4.922096195514314e-06	1.0
-0.0027307558339089155	0.001
0.0	0.0
0.0	1.0
0.0	0.0
-6.502569249278167e-06	0.0010030090270812437
-3.320328734179867e-10	0.006237006237006237
0.0	0.0033632286995515697
0.0	1.0
-8.277434972114861e-05	1.0
-0.0001509994181105867	1.0
0.0	1.0
0.0	1.0
0.0	1.0
0.0	0.0
0.0	1.0
-0.0018197203753516078	1.0
-0.00014330781414173543	1.0
-0.02134106680750847	0.0
-4.04985911472977e-07	1.0
0.0	1.0
0.0	0.11031664964249234
0.0	1.0
-0.0013503049267455935	0.11235955056179775
0.0	0.0
-4.2119309000554495e-06	0.0
0.0	1.0
-1.0740894978988891e-10	1.0
-0.00038867699913680553	1.0
0.0	1.0
-3.3255132620979566e-06	1.0
0.0	0.010090817356205853
0.0	1.0
0.0	1.0
0.0	0.009
0.0	1.0
0.0	1.0
0.0	0.002
-0.0009781012777239084	1.0
0.0	0.411
0.0	1.0
0.0	1.0
0.0	0.0
0.0	1.0
-0.0005065058940090239	1.0
0.0	1.0
0.0	1.0
0.0	1.0
-1.6388952417401015e-06	1.0
0.0	1.0
-0.0009323686826974154	1.0
0.0	1.0
0.0	0.0
0.0	0.0
0.0	1.0
0.0	1.0
0.0	0.0
0.0	0.411
-2.5323928639409132e-05	0.411
0.0	0.0
0.0	1.0
-2.2640321617473091e-07	0.0
-2.921949828760262e-07	0.412
-0.002255909377709031	0.0
0.0	1.0
0.0	0.0
0.0	1.0
0.0	1.0
0.0	0.482
0.0	0.0
-0.042332153767347336	0.0
-2.801423306664219e-06	1.0
0.0	0.0
0.0	0.0
0.0	0.0
0.0	0.0
-1.8485629027509276e-08	0.0
0.0	1.0
-2.792423003938893e-07	1.0
-1.239351465898153e-08	0.0
0.0	1.0
0.0	1.0
0.0	1.0
0.0	0.3698630136986301
-0.00012267388228792697	0.0
0.0	0.0
0.0	0.0
0.0	0.009
0.0	0.0
0.0	1.0
0.0	1.0
-4.134566097491188e-06	1.0
-0.00013207519077695906	0.004
0.0	1.0
0.0	0.0
0.0	1.0
0.0	0.0
-9.858451085165143e-05	0.0
-0.00036343259853310883	1.0
0.0	0.061
-0.0021040025167167187	0.5607476635514018
0.0	0.0
0.0	0.0
-5.601314842351712e-05	0.0
0.0	1.0
0.0	0.0
-0.001906385412439704	1.0
-1.5873180018388666e-05	0.0
0.0	1.0
0.0	1.0
0.0	0.102803738317757
-0.04906687140464783	0.0
-9.842559848038945e-06	0.011
0.0	0.00910010111223458
0.0	1.0
-3.777387973968871e-06	1.0
0.0	1.0
0.0	0.0
0.0	0.0
0.0	0.0
0.0	0.004
-0.000574879755731672	1.0
0.0	0.0
-2.741818389040418e-05	0.0
-6.430770138621256e-09	0.0010030090270812437
0.0	0.0010030090270812437
-1.7952808128995912e-09	1.0
-0.0005985513562336564	0.012060301507537688
0.0	0.0
0.0	0.009027081243731194
0.0	0.0030272452068617556
0.0	0.0030272452068617556
-3.059175482378329e-11	0.0
0.0	0.0
0.0	1.0
-0.0002546324394643307	1.0
0.0	0.0
-0.0004241961578372866	0.0
0.0	1.0
-0.0009099701419472694	1.0
-1.0813472499648924e-06	0.893
-6.74133460165649e-08	0.482
-5.008648713555885e-07	1.0
-1.2865397991390637e-07	1.0
0.0	1.0
0.0	1.0
-0.016524827107787132	0.0
-5.424302784717838e-09	0.4124748490945674
0.0	1.0
0.0	1.0
-1.669997800490819e-05	0.0011198208286674132
0.0	0.11065149948293691
-0.0032919805962592363	1.0
-1.201786673649119e-11	0.0
0.0	0.03699551569506727
0.0	0.38372093023255816
0.0	0.0
0.0	0.05602716468590832
-5.834305738972034e-06	0.4250258531540848
0.0	0.0
-0.008630380965769291	0.0
0.0	0.0
0.0	0.0
-2.774217864498496e-05	0.0
-1.9950717614847235e-05	1.0
-0.0005026285070925951	1.0
0.0	0.0
0.0	0.069
-0.009647432714700699	0.0
-5.5287274758342164e-11	1.0
-0.0001470226707169786	1.0
0.0	0.0
0.0	1.0
0.0	0.0
-2.405499573403941e-13	0.107
0.0	1.0
-0.0006993203423917294	0.0
-7.055886271700729e-06	1.0
0.0	1.0
0.0	1.0
0.0	1.0
0.0	0.0
0.0	1.0
-2.965816520372755e-06	1.0
-2.4629633117001504e-05	1.0
0.0	1.0
0.0	1.0
-0.020023353397846222	0.0
-0.00038937866338528693	1.0
0.0	1.0
-2.819891960825771e-05	1.0
-0.000280894513707608	1.0
0.0	1.0
-3.749078825165952e-09	0.0
0.0	1.0
0.0	0.0
0.0	0.001
-5.405247429735027e-05	0.6794019933554817
-0.003046034136787057	1.0
0.0	1.0
-1.9316729549245792e-07	1.0
0.0	0.0
0.0	1.0
0.0	1.0
0.0	1.0
0.0	0.0022396416573348264
-0.00189013232011348	0.032474804031354984
-0.00034081513877026737	1.0
0.0	1.0
0.0	1.0
0.0	0.06012024048096192
0.0	1.0
-7.843837374821305e-05	1.0
-3.101809653571763e-08	0.0
0.0	0.0
0.0	0.07014028056112225
0.0	1.0
-5.260372563498095e-05	1.0
0.0	0.0030120481927710845
0.0	1.0
-0.0018451984506100416	1.0
-0.003113783895969391	0.0
0.0	1.0
0.0	1.0
0.0	0.0
0.0	0.0
0.0	0.0
0.0	1.0
0.0	0.0
-0.003421410219743848	0.0
-1.9791688828263432e-05	0.0267639902676399
-1.6477226381539367e-05	0.0
0.0	0.0
-6.661983464884003e-11	1.0
0.0	1.0
-0.00019098485063295811	0.0
-3.167683129690069e-11	1.0
0.0	0.0
0.0	0.0
0.0	1.0
-7.781775821058545e-06	1.0
0.0	0.003
-1.1748921906473697e-06	0.0
-0.0019876433070749044	0.0
-1.557743235025555e-05	1.0
0.0	1.0
0.0	0.0
0.0	0.0
-0.000637130462564528	0.0
0.0	1.0
0.0	1.0
-1.890038561214169e-06	1.0
-1.1330767676354656e-16	0.0
0.0	0.0
0.0	1.0
-7.053682566038333e-06	0.0
-0.021355485543608665	0.0
0.0	1.0
0.0	1.0
0.0	1.0
0.0	0.0
0.0	1.0
0.0	0.0
-5.109126899327521e-09	1.0
0.0	1.0
0.0	0.0
0.0	0.0
0.0	1.0
0.0	1.0
0.0	0.0
0.0	1.0
-3.159306061206735e-08	0.0
0.0	1.0
-0.0005109707126393914	0.0
0.0	0.0
0.0	0.0
-4.542167152976617e-05	0.0
-0.00576239125803113	0.161
-5.886452072445536e-06	1.0
0.0	1.0
0.0	0.0
0.0	1.0
-0.004582768771797419	0.0
-2.918055770351202e-07	0.009345794392523364
0.0	1.0
0.0	1.0
0.0	1.0
-0.0011224063346162438	1.0
0.0	1.0
0.0	0.0
0.0	0.20656370656370657
-0.0001653801737120375	0.20656370656370657
0.0	0.0
0.0	1.0
-1.5236855688272044e-05	1.0
0.0	1.0
0.0	1.0
0.0	0.0
-1.043403472067439e-06	0.0
-0.002945556538179517	1.0
0.0	1.0
0.0	1.0
-0.00082576391287148	1.0
0.0	0.0
0.0	0.0
0.0	1.0
0.0	0.0
0.0	0.0
-1.2592204257089179e-05	1.0
-4.539230360478541e-07	1.0
0.0	1.0
0.0	0.0
-0.003881745971739292	1.0
0.0	1.0
0.0	1.0
-1.6714262528694235e-05	0.0
-0.00011700901086442173	0.0
0.0	0.0
0.0	0.0
0.0	1.0
0.0	1.0
-1.4163352716423105e-05	0.0
0.0	1.0
-0.0022152604069560766	0.0
0.0	0.0
0.0	1.0
0.0	1.0
0.0	1.0
0.0	1.0
0.0	1.0
0.0	1.0
0.0	1.0
-0.00019521759531926364	0.004889975550122249
-0.002641726052388549	1.0
0.0	1.0
-9.182864232570864e-06	0.0
-0.00014557628310285509	1.0
0.0	1.0
-6.10531856182206e-07	1.0
0.0	1.0
0.0	1.0
-0.0026979686226695776	0.0
-8.595061808591709e-05	1.0
0.0	0.0
0.0	1.0
-1.24815343838236e-07	1.0
0.0	1.0
-0.0005186668713577092	1.0
0.0	1.0
-7.434717190335505e-06	0.0
0.0	1.0
-3.346724406583235e-05	0.0
0.0	1.0
0.0	1.0
0.0	0.0
0.0	1.0
-0.0004232323553878814	0.0
0.0	1.0
0.0	1.0
0.0	1.0
0.0	1.0
0.0	0.0
0.0	1.0
0.0	0.009
0.0	1.0
-8.154341776389629e-05	1.0
-3.448893767199479e-05	0.0
0.0	1.0
0.0	0.0
-0.00022084421652834862	1.0
0.0	1.0
-3.3973574318224564e-05	1.0
0.0	0.0
0.0	1.0
-0.0005867836880497634	1.0
-0.0025621599052101374	0.0
0.0	1.0
-1.2437621080607641e-05	1.0
-1.8812796042766422e-05	1.0
-0.00195756065659225	0.0
0.0	1.0
0.0	1.0
0.0	0.0
0.0	1.0
0.0	1.0
0.0	1.0
0.0	0.0
0.0	1.0
0.0	1.0
0.0	1.0
0.0	1.0
0.0	1.0
0.0	0.007
-7.276854012161493e-05	0.0
-3.3867724624769835e-08	0.0
-0.0001960791414603591	1.0
0.0	1.0
-0.00011037802323698997	0.0
0.0	1.0
-1.2310338206589222e-05	1.0
0.0	1.0
-9.169858822133392e-05	0.0
0.0	0.0
-1.7153157386928797e-05	1.0
-0.0005444248672574759	1.0
-5.035496724303812e-05	1.0
-0.00014426797861233354	1.0
-0.00010898832988459617	1.0
-0.0012020522262901068	1.0
-0.0028985608369112015	1.0
-8.487961444814118e-09	1.0
-3.504648702801205e-05	1.0
-1.0012191964392514e-08	1.0
-0.0002494479122105986	0.009009009009009009
0.0	1.0
0.0	1.0
0.0	1.0
0.0	0.0
0.0	0.0
0.0	1.0
-9.477671846980229e-05	0.0
0.0	1.0
0.0	1.0
-7.429264314851025e-09	1.0
0.0	1.0
-9.079285518964753e-07	1.0
0.0	1.0
0.0	1.0
