-3.9203588292346936e-11	0.0
0.0	0.0
-0.00020714415586553514	0.0
0.0	0.0
-0.00307844253256917	0.0
0.0	1.0
-1.7713266231567104e-07	0.0
-1.7246216884814203e-05	1.0
0.0	1.0
0.0	1.0
-0.003485291264951229	0.0
0.0	1.0
0.0	0.0
0.0	0.0
-8.906106086215004e-05	1.0
0.0	0.0
-0.00018796406220644712	0.0
0.0	0.354
0.0	1.0
-4.683012658213137e-12	1.0
0.0	0.0
0.0	1.0
0.0	1.0
-0.0022438359446823597	1.0
-0.0029125958681106567	0.0
-4.241375791025348e-06	1.0
-0.0019015484722331166	1.0
0.0	0.0
-2.9383014407358132e-05	1.0
0.0	1.0
-1.1574481650900026e-10	0.0
0.0	0.0
0.0	0.628
0.0	0.0
0.0	0.0
-3.5997663871967234e-07	0.0
-0.0002816131745930761	0.0
0.0	1.0
0.0	0.0010245901639344263
-0.00020907161524519324	1.0
0.0	0.0010245901639344263
-1.8905735643670596e-08	1.0
-0.0006013246020302176	1.0
0.0	1.0
0.0	1.0
0.0	0.0
0.0	0.008928571428571428
0.0	1.0
0.0	1.0
-0.0010261853458359838	0.03771661569826707
0.0	1.0
-0.0008346344693563879	0.0
0.0	1.0
-0.00021034163364674896	1.0
0.0	1.0
0.0	0.0
0.0	0.0
0.0	0.0
0.0	0.0
0.0	1.0
-5.264820757133748e-08	0.0
-0.009959020651876926	0.0
0.0	1.0
0.0	1.0
-1.768189372697293e-09	1.0
0.0	1.0
0.0	1.0
0.0	0.0
0.0	0.0
-0.0002957363030873239	1.0
-0.0004896537284366786	1.0
0.0	1.0
-2.250518082291819e-05	1.0
0.0	1.0
-0.00045675557339563966	0.0
-0.0006028434145264328	0.0
0.0	0.0
-2.320935266197921e-08	1.0
-0.01478275191038847	0.0
0.0	0.0
0.0	0.0
0.0	1.0
0.0	0.0
0.0	0.0
0.0	1.0
0.0	1.0
-0.0030763251706957817	0.0
0.0	1.0
0.0	0.0
-1.246228521267767e-06	0.0
-1.2464618066587718e-06	0.018018018018018018
0.0	0.006109979633401222
-5.314625406427353e-10	1.0
0.0	1.0
0.0	0.0
-6.996792944846675e-05	0.026156941649899398
-0.002587785478681326	0.004106776180698152
0.0	0.0
-0.0001666924508754164	1.0
-1.2277125094328767e-08	1.0
0.0	0.004044489383215369
-1.838517164287623e-05	1.0
-0.006529477424919605	0.0
0.0	1.0
0.0	1.0
-4.5616499733114324e-07	1.0
-0.0008066548616625369	1.0
0.0	0.0
0.0	0.0
0.0	1.0
-1.4260323041526135e-05	0.0
-1.956966116933856e-10	0.0
0.0	1.0
0.0	1.0
0.0	1.0
0.0	0.0
-0.000623486761469394	1.0
0.0	1.0
0.0	1.0
0.0	0.0
0.0	0.033
0.0	1.0
0.0	1.0
0.0	1.0
0.0	0.0
0.0	1.0
-2.7893685910385102e-05	1.0
0.0	0.0
-0.0005754505400545895	0.0
-3.4139049365222718e-09	1.0
-1.8658355429579387e-06	1.0
0.0	0.0
0.0	1.0
-0.01961134746670723	0.0
-0.004407987464219332	0.0
0.0	0.0
-1.4237691175367218e-05	0.0
-0.04128372296690941	0.0
0.0	1.0
0.0	1.0
-0.0001623557909624651	0.0
-0.00010554087930358946	1.0
-0.0014691269025206566	0.0
0.0	1.0
0.0	1.0
-1.20260153835261e-07	1.0
0.0	1.0
0.0	1.0
0.0	1.0
-0.003774332581087947	0.0
0.0	0.0
0.0	1.0
-0.0006815848755650222	1.0
-4.069336864631623e-05	0.0
-0.00019980661454610527	0.0
-0.051386862993240356	0.0
-4.2419628698553424e-07	1.0
-4.917397404824442e-07	1.0
-0.0008105525048449636	0.0
0.0	1.0
0.0	1.0
0.0	1.0
-2.5436005302026388e-08	1.0
0.0	1.0
0.0	1.0
0.0	0.0
-0.0022581873927265406	0.0
0.0	1.0
0.0	1.0
0.0	1.0
0.0	1.0
-0.0007078761118464172	0.0
-0.03442007675766945	0.0
0.0	0.0
0.0	0.0
0.0	0.0
-1.2519022618562303e-07	1.0
0.0	0.0
-5.763453145846142e-07	0.0
-4.031568096252158e-05	1.0
0.0	0.0
0.0	0.0
-5.242511542746797e-05	1.0
0.0	1.0
-8.711474947631359e-06	1.0
-1.98333127698902e-10	0.01
0.0	0.0
-0.00021513803221751004	0.01
0.0	1.0
0.0	0.01
0.0	0.01
0.0	0.0
0.0	0.0
-8.606718620285392e-05	0.0
0.0	0.0
0.0	0.001
0.0	1.0
-1.5674429221235187e-07	1.0
0.0	0.013251783893985729
-6.543867493746802e-05	1.0
-0.0031807227060198784	0.0010204081632653062
0.0	1.0
0.0	1.0
-0.01627054065465927	0.0
0.0	1.0
-5.583709025813732e-06	0.0
0.0	1.0
0.0	1.0
-0.0017200678121298552	0.0
0.0	0.0
-0.0003285922866780311	1.0
0.0	1.0
0.0	1.0
-0.0006779590039514005	0.03578528827037773
-0.0003308505401946604	0.0
0.0	1.0
-0.0010264164302498102	0.0
0.0	1.0
0.0	1.0
0.0	1.0
0.0	1.0
0.0	1.0
0.0	1.0
-0.0004772569809574634	0.0
0.0	0.0
-6.20875312051794e-07	1.0
0.0	1.0
0.0	0.0
0.0	1.0
0.0	1.0
0.0	0.0
0.0	1.0
0.0	0.0
0.0	0.0
0.0	0.0
-2.2067626559874043e-05	0.0
-0.0013081050710752606	0.0
-7.630278560100123e-05	1.0
0.0	0.06124497991967871
0.0	1.0
0.0	0.03015075376884422
-3.588300387491472e-05	0.0010050251256281408
0.0	1.0
0.0	0.0010638297872340426
0.0	1.0
0.0	1.0
0.0	0.0
-2.0675510313594714e-05	1.0
0.0	1.0
-0.0027179461903870106	0.0
-3.034963083337061e-05	0.0
0.0	0.0
0.0	1.0
-0.0003998920728918165	1.0
-9.185205271933228e-05	0.0
-9.152594429906458e-06	0.0
-2.382827369729057e-05	0.0
-3.217464694671435e-08	1.0
0.0	0.0
-3.236926878811652e-16	0.0
0.0	0.0
-1.586768303241115e-05	1.0
0.0	0.129
0.0	0.0
0.0	1.0
-0.0070520974695682526	0.0
0.0	1.0
0.0	1.0
0.0	0.0
-0.00044627045281231403	1.0
0.0	0.0
-0.00018868381448555738	0.0
0.0	0.0
-5.535775198950432e-05	0.0
-1.0309315623402426e-09	1.0
-0.0021315379999578	1.0
-1.6281316561617132e-07	0.0020222446916076846
-1.2079693988198414e-05	0.011022044088176353
-0.004874083213508129	0.036065573770491806
0.0	1.0
0.0	1.0
0.0	0.0
-3.609418172345613e-06	0.0
0.0	1.0
-3.26720837620087e-05	0.0
0.0	0.0
0.0	0.0
0.0	0.0
0.0	1.0
0.0	1.0
-9.081828306967479e-14	1.0
0.0	1.0
0.0	1.0
-3.455546175246127e-05	1.0
0.0	0.5050813008130082
0.0	0.0
-1.3140125702193473e-05	0.0
-0.0022096922621130943	0.0
0.0	1.0
0.0	1.0
0.0	1.0
0.0	1.0
-1.623041612219822e-08	1.0
-1.2668318838393589e-08	1.0
0.0	1.0
-0.0007277480908669531	0.0
0.0	0.0
0.0	0.112
-9.784144640434533e-05	0.112
0.0	0.112
-0.0032946839928627014	0.0
0.0	1.0
0.0	0.0
0.0	1.0
0.0	1.0
0.0	0.0
0.0	0.0
0.0	0.0
-6.198539722390706e-06	0.0
-0.001293239532969892	0.0
0.0	0.0
0.0	0.0
-1.3440408785925229e-08	1.0
0.0	0.0
0.0	1.0
-0.029830841347575188	0.0
-0.0005171211087144911	0.0
-8.74766701599583e-05	1.0
0.0	0.0
0.0	0.0
-0.006048654671758413	0.0
0.0	0.0
0.0	0.0
0.0	1.0
-0.00011519972031237558	1.0
0.0	1.0
0.0	1.0
0.0	1.0
0.0	0.0
-2.7586170858739933e-07	0.0
0.0	0.0
0.0	0.0
-0.000400755787268281	0.03
0.0	1.0
0.0	0.0
-0.03305121883749962	0.0
-3.507748258524401e-11	1.0
0.0	0.0
0.0	1.0
0.0	1.0
0.0	1.0
-3.5739994928007945e-05	1.0
-0.0008424522820860147	1.0
0.0	0.3561368209255533
0.0	0.006
0.0	1.0
-0.0037080999463796616	0.0
0.0	1.0
0.0	1.0
0.0	0.03121852970795569
0.0	1.0
-0.013562692329287529	0.0
-0.0006162701174616814	1.0
0.0	1.0
-2.0558512403567875e-07	0.0
0.0	1.0
-0.004025946371257305	0.0
0.0	1.0
0.0	1.0
0.0	1.0
0.0	1.0
0.0	0.066
-0.0006838307599537075	1.0
0.0	1.0
0.0	0.001037344398340249
0.0	0.036036036036036036
0.0	0.0
0.0	1.0
0.0	0.0
0.0	1.0
0.0	1.0
0.0	0.0
0.0	1.0
0.0	1.0
0.0	1.0
0.0	1.0
0.0	0.0
0.0	0.0
0.0	1.0
-0.010719910264015198	0.0
0.0	1.0
0.0	0.0
0.0	1.0
-8.552909769310446e-11	0.0
-0.00020217783458065242	0.0
-0.0014188627246767282	0.0
0.0	0.0
-2.9320872272364795e-05	0.004008016032064128
-0.00018281284428667277	0.0
-0.004617000930011272	0.0
-0.041145604103803635	0.0
-0.00029709067894145846	0.0
-5.995894059029894e-11	1.0
-1.3342138345251442e-06	0.0
0.0	1.0
-0.005610943306237459	1.0
-0.0013834735145792365	0.001
-3.1555180612485856e-05	0.0
0.0	0.0
-0.030955031514167786	0.0
-0.00012428266927599907	1.0
-0.0030923536978662014	0.0
-0.0007836977019906044	0.0
-0.0005179714062251151	0.041666666666666664
0.0	1.0
-9.937302445760937e-14	1.0
0.0	1.0
-3.91119601772516e-06	1.0
0.0	1.0
0.0	0.0
0.0	0.018036072144288578
-1.0999221089491584e-08	0.02
-0.038666967302560806	0.0
0.0	1.0
0.0	1.0
0.0	1.0
0.0	0.0
0.0	0.0
0.0	1.0
0.0	1.0
0.0	0.0
0.0	0.0
0.0	0.0
-4.550827361526899e-05	0.0
-1.5324496416724287e-05	0.0
0.0	0.0
0.0	0.0
-0.0007104491232894361	0.0
-4.028301532343903e-07	0.0
0.0	0.0
-2.1701277927443918e-11	0.0
0.0	0.0
0.0	0.0
0.0	1.0
-4.897200807479849e-18	1.0
0.0	0.0013020833333333333
-2.1905321773374453e-05	0.011494252873563218
0.0	0.6572237960339944
-0.00022763467859476805	0.02066590126291619
0.0	1.0
0.0	1.0
0.0	0.0
-0.0005110971396788955	1.0
0.0	0.0
-1.0267204864078394e-09	1.0
0.0	0.0
0.0	1.0
0.0	1.0
-4.3581335762432616e-10	0.0
0.0	1.0
0.0	0.0
0.0	0.0
0.0	1.0
-1.715020880510565e-05	1.0
0.0	1.0
0.0	0.0
0.0	1.0
-0.00010626125003909692	1.0
-0.003989838063716888	1.0
0.0	0.003003003003003003
0.0	1.0
0.0	1.0
0.0	1.0
-0.0001449298724764958	1.0
0.0	1.0
0.0	0.0
0.0	0.0
0.0	1.0
-0.00021332227333914489	0.0
-0.0003707284340634942	1.0
0.0	0.0
-0.0004950375878252089	0.0
0.0	0.0
0.0	1.0
0.0	0.0
0.0	1.0
0.0	0.0
0.0	0.013477088948787063
0.0	0.013477088948787063
-1.3029763294980512e-06	0.0
0.0	0.007007007007007007
-0.0006124177598394454	1.0
-0.0002817101776599884	1.0
-5.081722498042392e-15	1.0
-1.3846220099367201e-05	1.0
0.0	0.0
0.0	1.0
0.0	0.0
-1.0366166861786041e-05	1.0
-1.0978972397879261e-07	0.0
-7.672380064605022e-09	0.02002002002002002
0.0	1.0
0.0	1.0
-0.001112405676394701	0.001
0.0	0.0
0.0	1.0
-5.876448128105949e-08	1.0
0.0	0.0
-2.0362940631457604e-05	0.0
-3.209320766472956e-06	1.0
0.0	1.0
-0.001767583773471415	0.0
-5.54289954379783e-07	0.01834862385321101
-7.598052889079554e-06	0.0
0.0	0.0
0.0	1.0
0.0	1.0
0.0	1.0
0.0	0.112
-1.0000758901562712e-12	0.0
-4.249132871336769e-06	0.001
0.0	0.0
-0.00030988469370640814	0.005
0.0	0.0
0.0	1.0
0.0	1.0
-0.003152894787490368	0.0
0.0	0.0
0.0	0.0
0.0	0.0
0.0	1.0
0.0	0.0
-3.9840386307332665e-05	1.0
0.0	1.0
-0.00450505968183279	0.0
-8.159795505946477e-09	0.0
-2.3145612715325115e-07	1.0
-4.294696282158839e-06	1.0
0.0	1.0
0.0	0.0
-3.394847172102152e-17	1.0
-0.00134741619694978	0.0
0.0	0.0
-5.827040240546921e-06	0.2457627118644068
0.0	1.0
-2.5360926883877255e-05	1.0
0.0	0.0
-0.020557019859552383	0.0
0.0	1.0
-0.0003937905130442232	1.0
0.0	1.0
0.0	1.0
-0.040913499891757965	0.0
-4.848665776080452e-05	0.106
0.0	1.0
-0.00011301058839308098	1.0
-3.610006737986282e-09	0.0
0.0	1.0
0.0	0.017
0.0	1.0
0.0	1.0
0.0	1.0
-0.00029565455042757094	1.0
0.0	1.0
0.0	1.0
-0.0023010731674730778	0.0
0.0	0.0
0.0	1.0
-0.00015683415404055268	0.0
0.0	0.018329938900203666
-6.712032245559385e-06	1.0
-1.4729397435075953e-06	1.0
0.0	1.0
0.0	1.0
-0.0056198760867118835	0.0
0.0	0.0
-1.0754041213090204e-08	0.0
0.0	1.0
0.0	0.0
0.0	1.0
0.0	0.0
0.0	0.0
-0.0011176887201145291	1.0
0.0	1.0
0.0	0.0
-0.0006492981337942183	0.0
-0.0006587083335034549	0.129
-0.00034490536199882627	0.0
-0.0002892075281124562	1.0
0.0	1.0
0.0	1.0
-0.0002013569901464507	0.0
0.0	1.0
-0.003931272309273481	0.0
-0.0031418828293681145	1.0
0.0	1.0
0.0	0.0
-0.0010024402290582657	1.0
0.0	0.0
0.0	0.0
-0.00011068108142353594	0.0
0.0	0.0
0.0	0.0
0.0	1.0
0.0	1.0
0.0	1.0
-0.0007921996875666082	0.0
0.0	1.0
0.0	1.0
0.0	0.0
0.0	0.0
0.0	1.0
0.0	1.0
0.0	0.0
-3.8404274960157636e-07	1.0
0.0	1.0
-2.7170501198270358e-05	1.0
0.0	0.0015822784810126582
0.0	0.0
0.0	1.0
-0.005082514137029648	0.0
-2.168961373172351e-06	1.0
-3.025856494787149e-05	1.0
0.0	1.0
0.0	1.0
-1.3335339588138595e-07	0.0
-0.0001662020804360509	1.0
0.0	1.0
0.0	1.0
-2.984390448546037e-06	1.0
0.0	0.0
0.0	1.0
0.0	0.0
0.0	1.0
0.0	1.0
-0.03580569475889206	0.0
