-0.0007851863629184663	0.0
0.0	0.089
-9.516158570477273e-06	0.0
0.0	1.0
0.0	0.0
-0.00722457142546773	0.016
-2.651072463777382e-05	1.0
0.0	1.0
-0.00015089304361026734	1.0
0.0	1.0
0.0	1.0
-2.8048252715962008e-05	0.0
-0.0009945265483111143	1.0
-0.00010017618478741497	0.0
0.0	0.0
-0.0004421168123371899	1.0
0.0	0.0
0.0	0.0
0.0	1.0
0.0	0.0
-0.0001315160043304786	0.0
0.0	0.0
-0.0001515929470770061	1.0
0.0	1.0
0.0	1.0
0.0	1.0
0.0	1.0
0.0	1.0
-0.0004525004478637129	1.0
0.0	0.0
0.0	0.0
-0.00041572400368750095	0.0
0.0	0.0
0.0	1.0
0.0	0.0
0.0	0.005
0.0	1.0
0.0	1.0
0.0	0.0
-3.425769001808021e-09	1.0
0.0	0.0
0.0	1.0
-0.0015526444185525179	0.0
0.0	1.0
0.0	0.11
0.0	1.0
0.0	1.0
0.0	0.0
0.0	1.0
-0.011033948510885239	0.0
-1.7558480180923652e-07	1.0
0.0	1.0
-3.387156111145373e-10	1.0
0.0	0.0
0.0	1.0
-2.85571859421907e-05	1.0
-0.008477202616631985	0.0
0.0	0.0
-1.4236657079891302e-05	1.0
-0.00021367412409745157	0.0
-0.0016770052025094628	1.0
0.0	1.0
0.0	1.0
-5.240631253400352e-06	0.0
0.0	0.061991869918699184
0.0	0.06097560975609756
-2.203827120794699e-09	1.0
0.0	1.0
0.0	1.0
0.0	0.0040650406504065045
-0.005842851009219885	0.0
0.0	1.0
0.0	0.0
-6.563234400402962e-09	0.0
-0.029829632490873337	0.0
-0.00813290849328041	0.0
0.0	1.0
-1.6626661184560877e-18	1.0
0.0	1.0
0.0	0.0
0.0	1.0
0.0	0.0
-3.409277042010217e-06	0.0
0.0	1.0
0.0	1.0
-1.2783248166670091e-05	1.0
0.0	0.0
-6.559904702774233e-11	1.0
0.0	1.0
0.0	1.0
0.0	1.0
-9.648227569414303e-05	0.0
-0.021530887112021446	0.0
0.0	1.0
-0.001966478768736124	0.0
0.0	0.0
-0.018688302487134933	0.0
0.0	0.0
-0.018469879403710365	0.0
0.0	1.0
-8.818492642603815e-05	1.0
-0.10042838007211685	0.0
0.0	1.0
0.0	1.0
0.0	1.0
0.0	1.0
0.0	0.0
-6.366348337394356e-09	1.0
-6.318846135400236e-05	0.0
0.0	1.0
-9.218470950145274e-06	1.0
0.0	1.0
0.0	1.0
0.0	0.0
-0.0017703389748930931	0.09456740442655935
0.0	0.0
-0.03272472321987152	0.0
-6.995449552960054e-07	1.0
0.0	1.0
0.0	1.0
0.0	1.0
0.0	1.0
0.0	1.0
0.0	1.0
-0.18954014778137207	0.0
0.0	0.0
0.0	1.0
0.0	1.0
-0.002712319139391184	1.0
0.0	1.0
0.0	0.009036144578313253
-0.001709568314254284	1.0
0.0	0.3370110330992979
-0.0055657606571912766	0.0
0.0	1.0
0.0	0.0
-1.2892010090581607e-05	1.0
-7.869533146731555e-05	1.0
-5.35011110969208e-07	1.0
-0.00013607597793452442	1.0
0.0	1.0
0.0	0.13470319634703196
0.0	1.0
-8.589482604293153e-06	0.0
-6.338902312563732e-05	0.0
0.0	1.0
0.0	1.0
-0.007031803485006094	0.0
-4.056797215865049e-13	1.0
-5.782095468020998e-05	0.0
0.0	0.0
0.0	0.0
0.0	1.0
-1.2715775099536586e-08	1.0
0.0	1.0
0.0	1.0
0.0	1.0
-1.2336328836681787e-05	0.28
0.0	1.0
-6.692420839726765e-08	0.0
0.0	1.0
0.0	1.0
-0.0006457041017711163	0.336
-0.0021143006160855293	0.0
-0.0019903213251382113	0.0
-2.853398086699599e-07	0.336
-0.00017932834452949464	0.0
0.0	0.0030120481927710845
0.0	0.0
-0.0008732742280699313	1.0
-7.1808772190706804e-06	1.0
-2.0219118596287444e-05	0.0
0.0	1.0
0.0	0.0
-1.2250851000317198e-07	0.001
-0.002696225419640541	0.0
-0.0018890623468905687	1.0
0.0	1.0
0.0	0.0
-5.135137325851247e-05	0.0
-1.6956539184320718e-05	1.0
-1.639207221160177e-05	1.0
-0.0001922200171975419	0.0
0.0	1.0
-0.0006806804449297488	1.0
-5.409930236055516e-05	0.0
-4.593996710822168e-11	1.0
-0.0037374519743025303	0.0
0.0	1.0
0.0	1.0
0.0	0.0
0.0	0.0
-0.0003357443492859602	0.0
-0.00016738234262447804	1.0
0.0	0.0
-0.0002358627534704283	0.0
-0.0005193173419684172	1.0
0.0	1.0
-1.470279244131234e-06	1.0
0.0	1.0
0.0	0.089
0.0	0.0
0.0	1.0
0.0	1.0
-8.921056723920628e-05	1.0
0.0	1.0
0.0	0.0
-1.4287178551342095e-08	0.0
0.0	1.0
-0.001321125659160316	0.0
0.0	1.0
-1.144267116615083e-05	0.0
0.0	1.0
-1.0988233952957671e-05	0.11
-0.0016782048624008894	0.0
-0.002879958599805832	1.0
-3.847191294426011e-07	1.0
0.0	0.0
0.0	1.0
-1.9349633006982003e-11	1.0
-1.7937104530574288e-06	1.0
0.0	1.0
-7.405263022519648e-05	0.0
-1.8138799490197144e-11	1.0
0.0	1.0
-0.00028825641493313015	0.0
-0.0009372542263008654	1.0
0.0	0.0
-0.000197611705516465	1.0
0.0	1.0
-4.94093137604068e-06	0.0
0.0	0.089
0.0	1.0
0.0	1.0
0.0	1.0
0.0	0.089
0.0	0.0
0.0	1.0
0.0	0.109
-1.55352779529494e-06	1.0
0.0	0.0
0.0	1.0
0.0	1.0
-2.2886276838107733e-06	1.0
0.0	1.0
0.0	0.0
0.0	1.0
0.0	0.0
0.0	1.0
0.0	0.0
-0.0014720263425260782	0.0
0.0	0.109
0.0	0.109
0.0	0.0
-1.4852899766992778e-05	1.0
-2.5404960979358293e-07	0.0
0.0	0.0
0.0	0.0
0.0	0.004
0.0	1.0
0.0	0.0
-0.0032927473075687885	0.004
0.0	1.0
-1.894780871225521e-05	0.0
0.0	0.0
0.0	1.0
0.0	1.0
0.0	0.0
-0.0004883912624791265	1.0
0.0	1.0
-1.2618539813047391e-07	1.0
0.0	1.0
-0.004183502402156591	0.0
-1.2606808468262898e-06	0.0
0.0	0.0
0.0	1.0
0.0	1.0
0.0	0.0
-9.730705642141402e-06	1.0
-0.00982389971613884	0.17415730337078653
0.0	1.0
-0.004470748361200094	0.0
0.0	1.0
-1.4478622688329779e-05	1.0
-5.572782129092957e-07	1.0
-3.5854088764608605e-06	1.0
0.0	1.0
0.0	1.0
0.0	0.0
0.0	0.0
-8.99687729543075e-05	0.0
-0.010666693560779095	0.0
0.0	0.0
0.0	1.0
0.0	0.0
-0.00011384497338440269	0.0
-0.0002133729140041396	1.0
0.0	0.0
0.0	1.0
-0.00022746686590835452	0.0
-0.0004998102667741477	1.0
0.0	0.0
-0.0015286837005987763	1.0
0.0	1.0
0.0	1.0
0.0	1.0
0.0	1.0
-0.00018417589308228344	0.0
0.0	1.0
0.0	0.0
-0.0033893752843141556	1.0
-1.7474645064297079e-09	1.0
-0.0014592183288186789	0.0
0.0	1.0
-0.0022281701676547527	0.0
-0.0008485583821311593	1.0
0.0	1.0
0.0	0.0
0.0	1.0
0.0	1.0
0.0	0.0
0.0	1.0
0.0	0.0
-0.0010963052045553923	1.0
-2.1473035303642973e-05	0.0
-0.00041029893327504396	1.0
0.0	0.0
-0.00010147033026441932	1.0
0.0	1.0
-7.750669794859277e-08	0.38362068965517243
0.0	0.37168141592920356
-0.0008121506543830037	0.37168141592920356
0.0	1.0
-0.0020345665980130434	0.0
0.0	0.0
-0.0009468236239627004	1.0
0.0	1.0
-7.098236528690904e-05	0.16741573033707866
-0.0002093493822030723	1.0
0.0	0.0
-0.00011550545605132356	0.0
0.0	1.0
0.0	1.0
-0.08031754940748215	0.0
0.0	0.0
-7.766057592561992e-07	1.0
-1.5442833500856068e-06	0.0
0.0	0.0
0.0	0.0
0.0	1.0
0.0	1.0
-0.00017766513337846845	1.0
0.0	0.0
-3.684517650981434e-05	0.0
0.0	1.0
-0.003188006579875946	1.0
-0.0013194784987717867	1.0
-2.2567427038211463e-07	1.0
-0.002675112336874008	0.0
0.0	0.0
0.0	1.0
0.0	1.0
0.0	0.0
0.0	1.0
0.0	0.0
0.0	1.0
-0.0006511336541734636	0.0
-0.0005460953107103705	1.0
0.0	0.0
0.0	1.0
0.0	1.0
-9.126114264290663e-08	0.0
0.0	0.0
0.0	1.0
-6.58798890071921e-05	0.0
-4.901186798633717e-07	1.0
0.0	0.005055611729019211
-1.7982098828635967e-13	1.0
-0.0009149106917902827	0.011066398390342052
0.0	0.089
0.0	1.0
0.0	0.001
0.0	1.0
-0.0001356577267870307	0.0
0.0	1.0
-0.00257871113717556	0.0
0.0	1.0
0.0	1.0
0.0	1.0
0.0	0.0
0.0	0.006
-0.020231856033205986	0.0
-0.00012048936332575977	1.0
0.0	0.0
-2.0529107249865272e-14	0.0
0.0	1.0
0.0	0.0
-1.7535234064780525e-06	1.0
-0.0007596786599606276	0.089
0.0	0.0
-1.5534794783889083e-06	1.0
0.0	1.0
0.0	0.0
0.0	1.0
0.0	0.018
0.0	0.018
0.0	1.0
-0.00010000461043091491	0.0
0.0	0.0
0.0	1.0
0.0	0.0
0.0	0.0
-0.0015032428782433271	0.020856201975850714
-7.387771461253578e-08	0.09072375127421
-2.759863264145679e-06	1.0
-0.0006125809159129858	1.0
0.0	0.003745318352059925
-0.0005159470019862056	1.0
-0.028505941852927208	0.0
0.0	0.0
0.0	0.0
-0.000987841165624559	0.0
-0.00034262152621522546	1.0
-8.786557373241521e-06	0.09368635437881874
-0.00016509200213477015	0.092
0.0	0.0
0.0	1.0
0.0	0.0
0.0	1.0
-0.005117007996886969	0.0
0.0	0.46
0.0	1.0
-0.011504212394356728	0.0
-0.0004563771653920412	0.0
0.0	0.0
0.0	0.0
-0.0027464069426059723	1.0
0.0	1.0
0.0	1.0
-0.0001360816095257178	1.0
0.0	1.0
0.0	1.0
0.0	1.0
0.0	1.0
0.0	0.013904982618771726
-0.00011422487295931205	1.0
0.0	0.0
0.0	1.0
0.0	0.0
0.0	0.115
0.0	0.0
-0.004279477056115866	0.0
-0.054926566779613495	0.0
0.0	0.0
-0.028267689049243927	0.0
0.0	1.0
0.0	0.0
0.0	1.0
-3.2058032957138494e-05	1.0
0.0	1.0
-4.176327638560906e-05	0.0
0.0	1.0
0.0	1.0
-0.00011669738887576386	1.0
-2.5402905521332286e-05	1.0
0.0	1.0
-0.0001973866455955431	0.0
0.0	1.0
0.0	1.0
-3.0886178592481883e-07	1.0
0.0	1.0
-0.0013287608744576573	0.0
0.0	0.0
-1.1517211490064128e-10	1.0
0.0	1.0
-6.594425212824717e-05	0.0
-0.004666435997933149	0.0
0.0	1.0
0.0	1.0
-1.5126415746635757e-06	1.0
0.0	0.0
-0.00035457522608339787	1.0
0.0	1.0
0.0	0.0
-3.025111845050832e-12	0.0
0.0	0.0
0.0	0.0
0.0	1.0
0.0	1.0
0.0	1.0
-1.9131627837509768e-08	0.0
-9.008377332975215e-07	1.0
-7.4094188562412455e-09	1.0
-0.0020719876047223806	0.0
-2.561070868978277e-05	1.0
0.0	1.0
0.0	1.0
-6.705068926748936e-07	0.0
0.0	0.13916947250280584
0.0	0.012557077625570776
0.0	0.12537917087967643
-0.0018252846784889698	0.0
0.0	0.0
0.0	1.0
0.0	0.0
0.0	0.0
-2.2823634935775772e-05	0.0
0.0	0.0
0.0	0.0
0.0	1.0
0.0	1.0
-0.0005344713572412729	1.0
-0.002540863584727049	0.03089887640449438
0.0	1.0
0.0	0.0
0.0	1.0
0.0	0.0
-8.881092071533203e-05	1.0
-0.0006334905629046261	1.0
0.0	1.0
-0.016729870811104774	0.0
0.0	0.109
-4.880869823864487e-07	0.0
0.0	0.11
0.0	1.0
0.0	0.014
0.0	1.0
0.0	0.0
0.0	1.0
0.0	1.0
-0.00020590529311448336	1.0
0.0	0.0
0.0	1.0
-3.479370570858009e-05	1.0
0.0	1.0
-1.5448400745299296e-06	1.0
0.0	1.0
0.0	1.0
0.0	0.0
0.0	0.37
0.0	0.0
0.0	1.0
0.0	1.0
0.0	0.0
0.0	0.0
0.0	0.001001001001001001
-6.255938205868006e-05	0.0
-0.0004558418004307896	0.0
0.0	0.0
0.0	1.0
-0.0031680481042712927	0.0
0.0	0.032
-2.1195379554527242e-15	0.0
-0.0010249371407553554	0.0
0.0	1.0
-3.769778913920163e-06	1.0
0.0	0.0
0.0	0.0
0.0	1.0
-1.6384365153498948e-05	0.425
-0.00223784102126956	0.44642857142857145
0.0	0.0
0.0	0.106
0.0	0.106
-0.0003843884915113449	1.0
0.0	0.0
-1.775848249963019e-05	1.0
0.0	1.0
0.0	1.0
-0.0009751743054948747	1.0
0.0	0.0
0.0	1.0
0.0	1.0
0.0	1.0
-7.819822712917812e-06	0.0
0.0	1.0
-9.510269768963145e-14	0.0
-0.00014714524149894714	1.0
0.0	1.0
0.0	0.0
0.0	1.0
0.0	0.0
-0.0004949074937030673	0.0
0.0	1.0
0.0	1.0
-4.334900950198062e-05	1.0
-0.00012897876149509102	1.0
-0.009710907936096191	0.2818181818181818
0.0	1.0
0.0	1.0
0.0	0.111
-0.0001232472714036703	0.027
-7.360082963714376e-05	0.0
0.0	0.02
0.0	1.0
0.0	1.0
0.0	0.23101952277657267
0.0	1.0
-0.004895114805549383	0.0
0.0	1.0
0.0	1.0
-8.017864274734166e-06	1.0
0.0	0.0
0.0	1.0
0.0	1.0
-2.53399934990739e-06	1.0
0.0	1.0
0.0	1.0
-0.0032541174441576004	0.0
0.0	0.0
0.0	0.01
-0.00033993693068623543	0.0
0.0	0.0
-2.2836373318568803e-05	1.0
0.0	1.0
0.0	0.0
0.0	1.0
-3.676478854686138e-08	0.0
-4.2260506916136364e-07	1.0
-3.871629061791282e-08	0.0
0.0	0.0
0.0	0.0
