0.0	0.0
-3.9184251932056213e-07	1.0
0.0	0.0
-6.993540413446908e-09	1.0
0.0	0.0
0.0	1.0
-2.422315219519078e-06	1.0
-0.00010266539175063372	0.0321285140562249
-0.0010281656868755817	0.0320962888665998
0.0	1.0
-2.7191599656362087e-05	1.0
-0.0020071519538760185	0.0
0.0	0.0
0.0	0.0
-2.7794275325732087e-08	0.0
0.0	1.0
0.0	0.05698324022346369
0.0	0.0
-0.0009003662853501737	1.0
0.0	0.0
-8.922797132981941e-05	0.105
-1.4858446029109018e-08	0.0
0.0	0.2346368715083799
-4.899570740235504e-07	1.0
0.0	0.0
0.0	0.0
0.0	0.0
0.0	0.0
0.0	0.0
-3.2067320717033e-05	1.0
0.0	0.0
0.0	0.0
-7.444385846611112e-05	1.0
0.0	0.104
-0.00015472261293325573	1.0
0.0	0.896
-0.0004205027362331748	0.0
-0.000982480589300394	1.0
-1.8278685856576438e-11	1.0
0.0	0.0
0.0	1.0
-7.379084763670107e-06	0.12870159453302962
0.0	0.0
-4.568294076356949e-10	1.0
-1.1133044608868659e-05	1.0
0.0	0.0
0.0	1.0
0.0	0.0
-5.496333869814407e-06	0.0
-8.058020284806844e-06	1.0
-2.783996478683548e-06	1.0
-0.0005344085511751473	1.0
-6.936416320968419e-05	0.0
-3.0330833396874368e-05	1.0
-0.0019372653914615512	1.0
-0.0009040001896210015	1.0
-2.6811781935975887e-05	0.0
-0.00022917237947694957	1.0
0.0	0.0
0.0	1.0
-0.0001795638381736353	1.0
0.0	1.0
0.0	1.0
0.0	1.0
0.0	1.0
0.0	0.0
0.0	1.0
0.0	1.0
0.0	1.0
-6.655750621575862e-05	1.0
0.0	1.0
-3.126701994915493e-05	1.0
0.0	1.0
0.0	0.0
0.0	0.0
-3.1130050047067925e-05	0.0
-5.7193960856238846e-06	1.0
-0.00038038843194954097	1.0
0.0	1.0
0.0	1.0
0.0	0.0
0.0	1.0
0.0	0.106
0.0	1.0
0.0	0.0
-0.0003446002665441483	1.0
-5.865048251507687e-07	1.0
0.0	1.0
-9.569732810632559e-07	1.0
-0.0010597771033644676	1.0
-1.8997765437234193e-05	0.0
0.0	0.0
0.0	1.0
0.0	1.0
0.0	0.0
-0.010240321978926659	0.0
0.0	1.0
-0.0009659085189923644	1.0
0.0	0.024
-0.0002172211097786203	1.0
0.0	1.0
-0.00038289217627607286	0.0
0.0	0.020060180541624874
-0.0004873247817158699	1.0
0.0	1.0
0.0	0.0
0.0	0.0
0.0	1.0
0.0	0.0
-0.0043154554441571236	0.0
0.0	1.0
0.0	0.0
0.0	1.0
-2.0763046837402044e-09	1.0
0.0	1.0
0.0	1.0
-2.865801980078686e-05	0.0
0.0	0.001
0.0	0.104
0.0	1.0
-5.366438927012496e-06	0.359375
-0.032864175736904144	0.0
0.0	0.0
0.0	1.0
0.0	1.0
0.0	0.0
0.0	1.0
0.0	0.0
0.0	1.0
-0.0027488861232995987	0.0
0.0	1.0
0.0	0.0
-5.3291917545550405e-09	1.0
0.0	0.0
-0.001162128522992134	1.0
-0.0009531905525363982	0.0
-0.00047567280125804245	0.0
-1.8170450744037225e-07	1.0
0.0	0.0
-3.486231798888184e-05	0.0
0.0	0.04040404040404041
0.0	0.0
0.0	1.0
0.0	0.0
-0.0004183327837381512	0.0
0.0	0.0
0.0	0.0
0.0	0.0
0.0	0.0
0.0	1.0
-4.024243178274434e-12	0.0
0.0	0.013745704467353952
0.0	0.013392857142857142
-1.3338710687094135e-06	1.0
0.0	0.0
0.0	0.0
0.0	0.104
-3.5308838164382905e-07	0.104
-0.0001859056792454794	1.0
0.0	0.015
0.0	1.0
0.0	0.207035175879397
-2.0919176677125506e-05	0.22991071428571427
0.0	1.0
-7.45795745160649e-08	1.0
-0.00012397028331179172	0.0
0.0	1.0
0.0	1.0
0.0	1.0
0.0	1.0
0.0	0.0
0.0	0.0
-0.00026231896481476724	0.0
0.0	1.0
0.0	1.0
0.0	1.0
0.0	1.0
-4.221577455609804e-06	1.0
-0.0013315576361492276	0.0
0.0	1.0
-3.1127434340305626e-05	1.0
0.0	1.0
-0.00014341564383357763	1.0
-0.002611629432067275	0.0
0.0	0.0
0.0	1.0
-3.803936863278068e-07	1.0
-1.9832059194868634e-07	1.0
-0.013036848045885563	0.0
-0.0004131096648052335	0.0
-2.993101043102797e-05	0.0
0.0	0.0
0.0	0.0
-1.1323413673380855e-06	0.0
-0.00016803850303404033	1.0
0.0	0.0
0.0	1.0
-0.0005728790420107543	1.0
-4.0821618313202634e-05	0.0
0.0	1.0
-0.00033133395481854677	1.0
-0.0014253929257392883	1.0
0.0	0.002
-1.977892516435986e-09	1.0
0.0	0.0
-2.427625804557465e-05	0.0
-1.4254409279601532e-06	1.0
-0.001062382129020989	1.0
-0.0007256714743562043	0.0
0.0	1.0
0.0	0.0
0.0	0.0
-1.064707430487033e-05	1.0
0.0	0.0
0.0	0.0
-4.574342165142298e-05	0.0
-2.7199013175049913e-07	0.0
-1.0273374755342957e-06	0.0
0.0	1.0
0.0	1.0
0.0	1.0
0.0	1.0
-0.0009144141222350299	1.0
0.0	0.002
0.0	1.0
0.0	0.0
0.0	1.0
0.0	1.0
-3.9209582610055804e-05	1.0
-0.0010826182551681995	0.0
0.0	1.0
0.0	1.0
-2.7897199217363777e-08	1.0
0.0	0.0
-2.550541999823963e-08	0.0
0.0	0.0
0.0	1.0
0.0	0.896
-8.218156040129543e-07	1.0
-1.1774882295867428e-05	1.0
-1.7788721606848412e-06	1.0
0.0	1.0
0.0	0.0
0.0	1.0
-3.960076719522476e-05	1.0
-0.004540964961051941	0.0
0.0	0.0
-0.009468704462051392	0.0
0.0	1.0
-7.253152745079205e-08	0.21
-0.005235135089606047	0.0
-6.741573088220321e-06	1.0
-1.8673077875064337e-06	0.21
0.0	0.0
-5.641807729261927e-05	1.0
-8.750003871682566e-06	0.0
0.0	1.0
-1.2163774272266892e-06	1.0
-0.019205421209335327	0.0
0.0	1.0
0.0	1.0
-0.0020950050093233585	1.0
-1.8318582988285925e-06	1.0
-6.285662834670802e-07	1.0
-6.559248049597954e-06	1.0
0.0	0.0
-0.00019055130542255938	0.0
-0.0002666292421054095	1.0
0.0	1.0
0.0	1.0
0.0	0.0
-0.00014050812751520425	0.0
0.0	1.0
-0.0007477040635421872	0.0
0.0	0.0
0.0	1.0
0.0	0.0
0.0	1.0
0.0	1.0
0.0	0.0
-9.134175343206152e-05	1.0
0.0	1.0
0.0	1.0
0.0	0.0
0.0	1.0
0.0	0.0
0.0	1.0
0.0	0.0
-0.023165065795183182	0.0
0.0	0.0
0.0	0.896
0.0	0.0
0.0	0.0
0.0	0.0
-0.006055123172700405	0.0
0.0	1.0
0.0	1.0
-0.00048077385872602463	0.896
0.0	0.0
-1.5450835917363293e-06	0.0
0.0	0.896
-0.000810866360552609	0.0
-0.00022340696887113154	0.0
-4.3107215219606587e-07	0.896
0.0	0.0
0.0	0.0
0.0	1.0
0.0	1.0
-0.0008824373944662511	1.0
0.0	0.0
-0.00017184639000333846	0.0
-0.0010478307958692312	0.0
-0.009294072166085243	0.0
0.0	1.0
0.0	1.0
0.0	1.0
0.0	1.0
0.0	1.0
-0.005195390433073044	0.0
-0.013758276589214802	0.0
-0.0012760052923113108	0.008130081300813009
-0.0024303491227328777	0.0
0.0	1.0
0.0	0.003355704697986577
0.0	1.0
-0.00045780735672451556	0.0
-1.4332537934258482e-10	0.0
-1.401915028509393e-07	0.0
0.0	0.195
0.0	0.0
0.0	0.0
-0.0031596589833498	1.0
0.0	0.0
-7.048909083096078e-07	0.024581005586592177
-0.006331626325845718	0.004004004004004004
-0.0034458134323358536	0.003003003003003003
0.0	0.0
0.0	0.003003003003003003
0.0	0.003003003003003003
0.0	0.0
-2.253875436508679e-06	1.0
0.0	1.0
-0.0010157914366573095	0.0
0.0	0.001
0.0	0.0
-7.498869763367111e-06	0.0
-6.677316559944302e-05	1.0
0.0	1.0
-0.0009791955817490816	1.0
0.0	0.117
-0.0028455592691898346	0.1226215644820296
0.0	1.0
-1.3207229088152417e-08	0.0
0.0	0.0
0.0	0.0
0.0	1.0
0.0	0.0
0.0	0.0
-0.013042833656072617	0.0
0.0	0.0
0.0	0.269
-7.354184344876558e-05	1.0
0.0	1.0
-4.919866114505567e-07	0.0010869565217391304
0.0	0.0
0.0	1.0
0.0	0.0
0.0	0.0
-0.0036619051825255156	1.0
0.0	1.0
0.0	0.0
-1.4826311598881148e-05	1.0
0.0	0.104
0.0	0.0
0.0	1.0
-0.008306102827191353	0.04352678571428571
-0.00027920183492824435	1.0
-1.6139452441166213e-07	0.0
0.0	0.0
-0.0013636130606755614	0.0
0.0	1.0
0.0	1.0
0.0	1.0
0.0	0.0
-0.007642522919923067	0.0
0.0	0.15505226480836237
-1.3053625480097253e-05	1.0
-0.00015806056035216898	1.0
0.0	0.0
0.0	1.0
0.0	0.0
0.0	1.0
-4.896026553069532e-07	1.0
-0.0037258733063936234	1.0
0.0	0.0
0.0	1.0
0.0	0.014
0.0	1.0
0.0	0.0
-1.9146066065900413e-08	1.0
-0.0009781817207112908	0.0
0.0	0.0
0.0	0.0
0.0	0.0
0.0	0.0
0.0	1.0
0.0	0.0
0.0	0.896
-3.020283293153625e-05	0.08
0.0	1.0
0.0	1.0
0.0	0.0
0.0	1.0
0.0	0.0
0.0	1.0
-0.003365671494975686	1.0
0.0	0.002002002002002002
-0.000291868724161759	1.0
-0.0009839474223554134	0.896
-0.001027274178341031	1.0
-1.7179880273943127e-07	0.0
0.0	0.896
-4.1605333067629147e-10	1.0
-0.0001331382809439674	1.0
0.0	1.0
-2.2509761166134012e-08	1.0
-2.4539137939427746e-06	1.0
-4.165488462604117e-06	0.0
0.0	0.0
0.0	0.0
-0.0009689889848232269	0.0
-4.372520678863623e-10	1.0
0.0	0.0
-3.669382931548171e-05	0.0
-1.781878182782748e-07	1.0
-0.0027276398614048958	0.0
-7.550263650510543e-15	0.0
0.0	0.0
0.0	0.0
0.0	0.0
-1.3680942174687516e-05	1.0
0.0	1.0
0.0	0.03398058252427184
-0.00029472075402736664	1.0
-9.76001228991663e-06	1.0
0.0	1.0
0.0	1.0
-1.4865422261201022e-12	1.0
-0.0007399714668281376	0.0
-6.564360955962911e-05	1.0
-0.008126873522996902	0.0
-0.0004883310757577419	0.012
-9.268791245631292e-08	1.0
-0.0007578223594464362	1.0
0.0	1.0
-2.8036151178412183e-08	0.0030211480362537764
0.0	0.0030211480362537764
-2.1934204141871305e-06	0.007021063189568706
0.0	0.007021063189568706
0.0	0.0
-0.00014614048996008933	1.0
-0.0004843012720812112	1.0
-6.134820296210819e-07	0.0
0.0	0.0
0.0	1.0
-2.4111211587296566e-06	1.0
0.0	0.0
-6.894099442433799e-06	0.104
0.0	0.003676470588235294
0.0	0.0
-0.006762424949556589	0.003264417845484222
0.0	0.0
-3.0006520319147967e-05	0.0
-4.3252592149656266e-05	1.0
0.0	0.0
-0.0007061976939439774	0.008008008008008008
0.0	1.0
0.0	1.0
0.0	0.0
-0.00027298531495034695	1.0
-3.960465619456954e-05	1.0
0.0	1.0
-0.0019780409056693316	1.0
-2.0717716608942283e-07	1.0
0.0	0.0
0.0	0.0
0.0	0.0
-6.964496037653589e-07	1.0
0.0	1.0
-0.0004355008131824434	0.0
-0.004357188940048218	0.0
0.0	0.0
0.0	0.0
0.0	1.0
0.0	0.028846153846153848
0.0	0.0
-0.0018376741791144013	0.0
-3.4332620998611674e-05	0.0
-3.0347596657875897e-10	1.0
0.0	1.0
0.0	1.0
0.0	0.0
-2.4532739189453423e-05	0.0
-0.0006939881131984293	0.002
-8.275891741504893e-05	0.0
-9.211166798195336e-06	0.002
0.0	0.0
-6.656179903075099e-05	1.0
0.0	1.0
-0.0028241502586752176	0.0013679890560875513
0.0	1.0
0.0	0.0
-3.092069528065622e-05	1.0
-0.00017242933972738683	1.0
0.0	0.0
-0.00024500410654582083	1.0
-2.706500801252787e-09	1.0
-0.00011603653547354043	1.0
-3.441754597588442e-05	1.0
-5.3970110457157716e-05	1.0
0.0	1.0
-5.4140631533527994e-08	1.0
0.0	1.0
0.0	0.0
0.0	1.0
-0.004360376391559839	0.104
0.0	0.0
-3.7027548387413844e-05	0.0
0.0	0.0
0.0	0.13713713713713713
-0.0407894141972065	0.0
0.0	0.0014771048744460858
-0.00022709954646416008	0.0014771048744460858
0.0	0.3246231155778894
0.0	0.3246231155778894
-0.00852274801582098	0.0
-0.0005751482676714659	0.12114771519659936
-1.8063004972646013e-05	0.05905905905905906
0.0	0.05905905905905906
-5.238251560513163e-06	0.0011947431302270011
0.0	0.05905905905905906
0.0	0.0
-1.490793965785997e-05	0.059
0.0	0.0
0.0	0.0
0.0	1.0
0.0	1.0
-0.008689159527420998	0.0
-1.836881710914895e-05	1.0
0.0	0.105
-0.0011817101622000337	0.0
0.0	0.003003003003003003
0.0	0.0010030090270812437
0.0	0.0
0.0	0.0
0.0	0.001
-2.2788963605080426e-08	0.0
-0.0004076118639204651	1.0
-1.2235581152708619e-06	1.0
-3.6702749639516696e-05	1.0
0.0	1.0
-1.891159263323061e-05	0.0
0.0	0.005
-0.0005838034558109939	0.0
0.0	0.005
-2.4126040898408974e-07	1.0
-7.191272743511945e-06	1.0
0.0	1.0
-0.0006025127950124443	0.0
0.0	0.0
-3.6684163205791265e-05	0.006696428571428571
0.0	1.0
-4.280609118723078e-06	0.0
0.0	0.0
-0.0002488272439222783	0.0
0.0	1.0
0.0	0.0
0.0	1.0
-1.5980253920133691e-06	1.0
-0.006751701235771179	0.001
-9.699239853944164e-06	0.0
-0.0004932104493491352	1.0
0.0	1.0
0.0	0.007
-2.2033642466112724e-08	0.001
-0.00016574771143496037	1.0
-0.0012108542723581195	0.08708708708708708
0.0	1.0
0.0	0.001095290251916758
-0.00021192429994698614	1.0
-4.619582250597887e-05	0.0
0.0	1.0
0.0	1.0
-4.1401768124949e-10	0.09347826086956522
0.0	0.0
-2.280242597407778e-06	1.0
-1.1920401732368191e-07	1.0
-1.8632882756719482e-06	0.015
0.0	1.0
0.0	1.0
-0.0008694101707078516	0.0
-0.0012269063154235482	0.0
0.0	0.0
-0.002244464121758938	0.0
0.0	0.0
-3.908986911937973e-07	0.0
-0.002140071475878358	0.0
-2.0940935883118073e-06	0.0
0.0	1.0
0.0	1.0
0.0	1.0
-0.009168070740997791	0.0
0.0	1.0
-3.0440123737207614e-05	1.0
-0.00017759663751348853	1.0
-2.754368688329123e-05	1.0
0.0	0.11379310344827587
-0.0006290263263508677	0.37471264367816093
0.0	1.0
0.0	0.0
-1.850216369003732e-10	0.0
0.0	0.004004004004004004
0.0	1.0
0.0	0.0
0.0	1.0
0.0	1.0
0.0	1.0
0.0	1.0
0.0	1.0
0.0	0.0
0.0	0.0
0.0	0.0
0.0	0.0
0.0	0.0
0.0	0.0
0.0	0.0
-0.007415244821459055	0.0
0.0	1.0
0.0	1.0
0.0	1.0
-9.694854270492215e-07	1.0
0.0	1.0
0.0	1.0
0.0	0.0
0.0	1.0
-0.002150127664208412	0.0
0.0	1.0
0.0	1.0
-2.1645911374434945e-07	0.0
0.0	0.0010141987829614604
-0.0004180728574283421	0.0
0.0	0.02443280977312391
0.0	0.014014014014014014
0.0	1.0
0.0	0.0
0.0	0.104
0.0	0.104
-2.8133213163528126e-06	0.0
0.0	1.0
0.0	1.0
0.0	1.0
0.0	1.0
-0.0006880376022309065	0.0
-0.007629916537553072	0.0
-0.0001480992214055732	1.0
0.0	0.0
0.0	0.0
