-0.0005543229635804892	0.0
-0.0001632973289815709	0.0
-4.5839457015972584e-05	0.0
0.0	0.0
0.0	0.0
-0.005417704116553068	0.0
-0.0005470032338052988	0.0
-0.000370735302567482	1.0
0.0	1.0
0.0	0.0
0.0	0.0
0.0	0.0
0.0	1.0
0.0	1.0
0.0	1.0
-0.020260004326701164	0.0
0.0	1.0
0.0	0.0
-1.374317586816387e-11	0.0
0.0	1.0
-0.0026218800339847803	1.0
0.0	0.0
0.0	0.0
0.0	0.0
0.0	1.0
-5.979492561891675e-05	0.0
0.0	1.0
0.0	0.006382978723404255
0.0	1.0
-2.074016629194375e-05	0.0
-6.1504334958328855e-09	1.0
0.0	0.0
0.0	0.0
0.0	0.0
-0.0002943805593531579	0.0
-0.00015095225535333157	1.0
0.0	1.0
0.0	0.0
-0.002135772258043289	0.0
-1.0970166108847934e-08	1.0
0.0	0.0
-5.452597401367498e-11	0.0
-0.0004926310502924025	0.022
-0.009326264262199402	0.0
0.0	0.0
0.0	1.0
-0.0029718242585659027	0.36129753914988816
-0.0019136023474857211	0.002
0.0	0.002
-6.199115887284279e-05	0.0
0.0	1.0
0.0	1.0
0.0	0.0
0.0	1.0
0.0	1.0
0.0	0.0
-0.0005571889923885465	1.0
-3.0533970857504755e-05	1.0
0.0	1.0
0.0	0.978
-3.6464280128711835e-05	1.0
0.0	1.0
-1.0326292795070913e-05	0.0
0.0	0.0
-0.0013296124525368214	1.0
0.0	1.0
-4.359670811027172e-07	1.0
-0.0012256354093551636	1.0
0.0	1.0
0.0	0.011
0.0	0.0
0.0	0.0
0.0	0.0
0.0	0.0
0.0	1.0
0.0	1.0
-0.0018341090762987733	1.0
0.0	1.0
0.0	1.0
0.0	0.0020470829068577278
0.0	0.0
-1.34735900214622e-09	0.0
-0.00021350522001739591	1.0
0.0	1.0
0.0	1.0
-0.0019007609225809574	0.0
-8.581707334087696e-06	1.0
0.0	1.0
0.0	0.0
0.0	1.0
0.0	1.0
0.0	0.0
-0.0021817421074956656	0.0
0.0	0.0
-0.12761716544628143	0.0
0.0	1.0
0.0	1.0
-3.1674599654252233e-07	0.0
0.0	1.0
0.0	1.0
-4.453358633327298e-05	0.0
-0.0034976263996213675	1.0
-0.003328098217025399	0.0
0.0	1.0
-7.373937842203304e-05	1.0
-0.013477145694196224	0.0
0.0	0.07770961145194274
0.0	1.0
0.0	1.0
0.0	1.0
0.0	1.0
0.0	1.0
0.0	0.0
-0.00025238163652829826	0.0
0.0	0.0
0.0	0.0
0.0	1.0
0.0	0.05660377358490566
-0.0024052229709923267	0.0
-2.8088561521144584e-05	1.0
-0.0007953450549393892	0.005170630816959669
0.0	0.033165829145728645
0.0	0.011247443762781187
0.0	1.0
-0.00014443558757193387	1.0
-7.383579213637859e-05	1.0
0.0	0.0
0.0	1.0
-3.2929240205703536e-06	1.0
-3.086551458864051e-09	1.0
0.0	0.0
-8.276517202856257e-24	1.0
0.0	1.0
0.0	0.06526104417670683
0.0	0.0
0.0	1.0
0.0	1.0
0.0	1.0
0.0	1.0
0.0	1.0
0.0	0.0
-0.005912488792091608	0.0
0.0	0.0
0.0	1.0
0.0	1.0
-1.9939585399697535e-05	1.0
0.0	0.0
-0.0018913685344159603	0.0
-0.06356801092624664	0.0
0.0	0.0
0.0	1.0
0.0	0.0
0.0	0.0
0.0	1.0
-0.09515831619501114	0.0
0.0	1.0
0.0	0.0
0.0	0.005547850208044383
-7.652133717783727e-07	1.0
0.0	0.0
0.0	1.0
-0.0001231176865985617	1.0
-0.0007718885317444801	1.0
0.0	1.0
0.0	1.0
-1.3250468100522994e-06	1.0
0.0	1.0
0.0	0.12167689161554192
0.0	0.0
0.0	1.0
0.0	0.0
-0.004690568428486586	0.0
0.0	1.0
0.0	0.0
0.0	0.0
0.0	1.0
-1.073834027920384e-06	0.0
-1.480423463817715e-07	1.0
-3.278029936382154e-08	0.0
0.0	0.01680672268907563
-9.899734027332685e-13	1.0
0.0	1.0
0.0	1.0
-0.0011431231396272779	1.0
-0.013585716485977173	0.0
0.0	1.0
0.0	0.0
0.0	0.1083844580777096
-2.429563892292208e-07	1.0
0.0	1.0
0.0	1.0
-0.00025566641124896705	0.0
0.0	0.0
-0.0029535782523453236	0.0
0.0	1.0
0.0	0.0
-1.2567232943183626e-06	1.0
-1.7227943247336008e-12	0.0
-0.0002614182885736227	1.0
0.0	0.0
-0.0076349531300365925	0.0
-3.17338781314902e-05	0.021711366538952746
-0.0010757874697446823	1.0
0.0	1.0
0.0	1.0
0.0	0.0
0.0	0.0
0.0	0.0
-0.0019462063210085034	0.0
-0.010265224613249302	0.0
-1.2440599661545093e-08	0.0
0.0	0.0
0.0	0.0
0.0	0.0
-0.0009818868711590767	1.0
0.0	1.0
0.0	1.0
0.0	0.0
-0.00012013097875751555	0.0
-1.5001732208475005e-05	0.01
-2.2540482405020157e-06	0.0
-0.001511881360784173	0.0
-0.01664132997393608	0.0
-1.0068115230410513e-09	1.0
0.0	0.023809523809523808
0.0	1.0
-8.830026248759278e-15	0.07770961145194274
0.0	0.023809523809523808
0.0	0.07802874743326489
0.0	1.0
0.0	1.0
0.0	0.0
-0.0012980445753782988	1.0
0.0	0.0
0.0	0.0
0.0	0.0
0.0	0.0
0.0	1.0
0.0	0.0
0.0	1.0
0.0	0.0
-2.3169177438830957e-06	0.0
-0.0032492668833583593	0.0
-0.00013796359417028725	0.0
0.0	1.0
0.0	1.0
-0.0005499206599779427	0.0
-0.017344919964671135	0.0010224948875255625
0.0	0.0
-0.014631989412009716	0.0011350737797956867
-3.899987859767862e-06	0.04
-2.095735544571653e-05	1.0
0.0	1.0
0.0	0.0
0.0	0.0
0.0	0.0
0.0	1.0
0.0	0.0
-0.0016483773943036795	0.0
0.0	1.0
0.0	1.0
-4.917090336675756e-05	0.1656441717791411
0.0	1.0
0.0	1.0
0.0	0.6538461538461539
0.0	1.0
0.0	1.0
-0.0088278166949749	0.0
0.0	1.0
-0.00013432557170744985	1.0
0.0	0.0
0.0	0.0
0.0	0.0
0.0	1.0
0.0	0.0
0.0	0.0
-3.35572458709521e-08	0.0
0.0	1.0
-0.00024002496502362192	1.0
0.0	1.0
0.0	1.0
0.0	1.0
0.0	0.0
-2.7072917418990983e-06	1.0
-0.00012239512579981238	0.0
0.0	0.0
0.0	0.0
-9.530534157420334e-07	0.0
0.0	1.0
-1.7667283827904612e-05	0.0
0.0	1.0
0.0	1.0
0.0	1.0
0.0	1.0
0.0	0.0
0.0	1.0
0.0	1.0
0.0	1.0
-4.262985385139473e-06	1.0
-3.707500945893116e-05	0.0
0.0	1.0
-0.00015003334556240588	0.0
-5.64306583328289e-06	0.0
0.0	1.0
0.0	1.0
0.0	1.0
-0.00598607724532485	0.0
-0.0025078230537474155	0.0
0.0	0.0
0.0	0.03578732106339468
-4.815332067664713e-05	0.0
0.0	0.0
0.0	0.0
-3.0703862563541406e-08	1.0
-0.0010803223121911287	0.0
0.0	1.0
-9.48166343732737e-05	1.0
0.0	1.0
0.0	1.0
0.0	0.0
-1.5772910046507604e-05	1.0
0.0	0.0
0.0	0.0
0.0	1.0
0.0	0.0
0.0	1.0
0.0	0.0
-0.0025634453631937504	1.0
-7.980855116329622e-06	1.0
0.0	1.0
-0.0045842500403523445	0.0
0.0	0.0
-4.804875857189472e-07	0.0
0.0	1.0
0.0	1.0
0.0	0.0
0.0	0.0
-0.0001306121121160686	1.0
0.0	0.0
-3.0748369681532495e-06	1.0
-0.00020244598272256553	1.0
-0.01381291076540947	0.0
0.0	1.0
0.0	1.0
0.0	1.0
-0.0009444478782825172	0.0
0.0	1.0
-2.259788445257982e-08	0.0
-1.080802235264855e-06	1.0
0.0	0.0
0.0	0.0
-2.925442180168325e-11	1.0
0.0	1.0
-0.0322791263461113	0.0
0.0	1.0
0.0	1.0
0.0	0.0
-0.005736804101616144	0.0
0.0	1.0
-0.0002474423381499946	1.0
-2.8676454348897096e-06	1.0
-0.002837566891685128	1.0
-0.11114553362131119	0.0
0.0	0.0
0.0	0.0
0.0	0.0
0.0	0.0
0.0	0.0
0.0	0.0
-0.0006761926342733204	0.004
-0.00021850569464731961	0.004145077720207254
-6.89463877279195e-06	0.0
-0.0012136914301663637	0.0
-2.0181907984806458e-06	0.11983887210473314
0.0	1.0
0.0	0.007945516458569807
0.0	0.008149010477299184
0.0	0.007945516458569807
-4.6881575599400094e-07	1.0
0.0	1.0
0.0	1.0
0.0	1.0
-1.8019745766650885e-05	1.0
0.0	1.0
-6.0519552789628506e-05	1.0
0.0	1.0
0.0	1.0
0.0	1.0
-0.000966487976256758	0.0
0.0	1.0
-8.533256024532976e-13	1.0
0.0	1.0
0.0	0.0
0.0	0.0
-4.315773549024016e-05	1.0
0.0	0.0
-0.001288371509872377	1.0
-1.6884489184576523e-07	1.0
-2.402089915864991e-10	1.0
0.0	0.0
-0.003103665541857481	1.0
-0.017298847436904907	0.0
0.0	0.0
0.0	0.0
0.0	0.0
-0.001555283204652369	0.0
0.0	1.0
0.0	0.0
-0.0006314085330814123	0.0
-3.752281596547391e-09	1.0
0.0	0.0
0.0	0.0
0.0	0.0
-0.00012308737495914102	1.0
0.0	1.0
0.0	0.0
-0.004768900107592344	0.0
-0.00570154981687665	0.001
-4.008798441645922e-06	1.0
0.0	1.0
-0.00043375848326832056	0.0
0.0	0.0
0.0	1.0
0.0	0.0
0.0	0.0
-0.0001654205989325419	0.0
0.0	0.0
-6.4521373133175075e-06	0.0
0.0	0.0
-0.0007335671107284725	1.0
0.0	1.0
0.0	1.0
-3.1570408509651315e-08	1.0
-1.1596580407058354e-06	0.0
0.0	0.0
0.0	0.0
0.0	0.0
0.0	1.0
-0.0001782620674930513	0.0
0.0	0.012
0.0	0.0
-0.0012081171153113246	1.0
-0.00042945094173774123	1.0
0.0	1.0
-0.00042698581819422543	0.0
0.0	1.0
-0.005576480645686388	0.0
-4.43422504758928e-05	1.0
-0.032933324575424194	0.0
0.0	1.0
-0.0002664827916305512	1.0
0.0	1.0
-1.309858021159016e-06	1.0
0.0	0.0
0.0	1.0
0.0	0.0
-3.4750243992134877e-16	1.0
-2.0688048607553355e-07	0.0
-1.2779041469457297e-07	1.0
0.0	0.0
-1.7295085854129866e-05	1.0
0.0	1.0
-0.0007134099141694605	0.0
0.0	1.0
0.0	1.0
0.0	1.0
0.0	1.0
0.0	0.0
0.0	0.0
0.0	1.0
-0.003535594092682004	0.0
0.0	1.0
-0.00017841480439528823	1.0
-0.000714218127541244	1.0
0.0	1.0
-0.0009941390017047524	0.0
0.0	1.0
0.0	0.0
-9.19041849556379e-06	1.0
0.0	0.022022022022022022
0.0	1.0
-0.0007336941198445857	0.022022022022022022
0.0	0.0
0.0	0.0
-0.011394284665584564	0.0
0.0	1.0
-6.888117241032887e-07	0.0
-4.773946862823841e-11	0.0
-0.01277955062687397	0.0
0.0	0.0
0.0	1.0
0.0	1.0
0.0	0.0
-0.00023368063557427377	0.0
0.0	1.0
-7.63277512305649e-06	1.0
-0.00030958294519223273	1.0
-0.0005914150387980044	1.0
0.0	1.0
-3.528639069827477e-08	1.0
-6.51224036118947e-05	0.109
0.0	0.0
0.0	1.0
0.0	1.0
0.0	0.0
-0.0003591426066122949	0.0
-1.9048762624152005e-05	1.0
0.0	0.0
-1.146429349319078e-05	1.0
0.0	1.0
0.0	1.0
0.0	1.0
-3.348725658725016e-05	1.0
0.0	0.978
0.0	1.0
0.0	1.0
0.0	0.978
0.0	1.0
-8.744138176552951e-05	1.0
-0.000433429580880329	1.0
0.0	1.0
0.0	1.0
0.0	1.0
-3.6747696867678314e-06	0.0
-7.433895166109039e-10	0.0
0.0	1.0
0.0	0.0
0.0	0.1111111111111111
-0.007550229784101248	0.0
0.0	0.01901565995525727
0.0	0.11041666666666666
-0.0010377608705312014	1.0
0.0	0.0
-0.00015791133046150208	0.978
0.0	1.0
-4.431160299800396e-11	0.0
0.0	0.0
0.0	1.0
-0.000714376219548285	0.0
-0.00046359896077774465	1.0
0.0	0.0
0.0	1.0
-0.0007456563762389123	0.0
0.0	1.0
-0.02194107137620449	0.0
0.0	1.0
0.0	0.0
-0.00020101186237297952	0.0
0.0	1.0
0.0	0.805
0.0	1.0
0.0	1.0
-9.316516447199774e-10	1.0
-0.008404030464589596	0.041474654377880185
-3.2804637478678345e-11	1.0
-4.3547385075726197e-07	1.0
0.0	0.009202453987730062
0.0	0.009202453987730062
0.0	0.0
-0.0022883331403136253	0.0
0.0	1.0
0.0	1.0
0.0	1.0
0.0	1.0
0.0	1.0
0.0	1.0
-3.6278337105233316e-13	1.0
0.0	1.0
0.0	1.0
-1.5451868762283993e-07	0.005720823798627002
-7.082265256030951e-06	1.0
0.0	1.0
-0.0010938055347651243	0.0
0.0	0.12883435582822086
-0.0012223246740177274	0.978
0.0	0.0
0.0	1.0
-6.879611646581907e-06	0.1286727456940223
-9.214946861124673e-11	1.0
-0.0004819202295038849	0.014891179839633447
0.0	1.0
0.0	0.0
-0.008001673966646194	0.0
0.0	0.0
0.0	0.0
0.0	0.0
0.0	1.0
0.0	0.0
0.0	0.0
-0.0004104625841137022	1.0
-1.192538263694587e-07	1.0
0.0	0.022797927461139896
0.0	0.0
0.0	0.0
0.0	0.04469987228607918
-0.004527383949607611	0.0
0.0	0.0
0.0	1.0
0.0	1.0
-1.0241002712518821e-07	1.0
0.0	1.0
-0.0004016076272819191	0.0
-0.00011468434968264773	1.0
0.0	0.0
-0.00035609782207757235	1.0
0.0	0.0
0.0	1.0
-2.614408549561631e-05	1.0
-3.7110673929419136e-06	1.0
0.0	0.0
-0.0005176877602934837	0.035175879396984924
-4.6776216322541586e-07	0.0
0.0	0.0
-0.00922435149550438	0.0
0.0	1.0
0.0	1.0
0.0	1.0
0.0	1.0
-0.0001625751465326175	1.0
0.0	1.0
-0.004938994534313679	0.0
0.0	0.0
0.0	1.0
-5.850951233926649e-15	1.0
-2.8633551085732734e-10	1.0
0.0	0.0
0.0	1.0
