-5.044135468779132e-05	1.0
0.0	1.0
-6.042320137567003e-07	0.0
0.0	0.0
0.0	0.0
-8.23988884803839e-05	1.0
0.0	1.0
0.0	0.0
0.0	1.0
-2.6890450754990525e-08	1.0
0.0	0.0
-1.4543212273565587e-05	0.0
0.0	0.0
-1.5269437199094682e-06	1.0
0.0	0.1
-0.0001955829211510718	1.0
0.0	0.0
0.0	0.0
0.0	1.0
0.0	1.0
0.0	1.0
-0.0002610859810374677	1.0
0.0	1.0
0.0	0.0
-6.428061568307961e-16	1.0
-5.726677045458928e-05	1.0
0.0	1.0
0.0	1.0
0.0	1.0
0.0	1.0
-0.0038845452945679426	0.012
-2.6338188035879284e-05	1.0
-0.00021060724975541234	0.0
-0.00026616797549650073	1.0
0.0	1.0
0.0	1.0
0.0	0.0
0.0	0.081
-9.863269224297255e-05	0.0
-2.913243224611506e-05	0.0
0.0	1.0
-3.6783915220439667e-06	1.0
-7.856853017074172e-07	0.0
0.0	0.0
0.0	1.0
-0.0030511480290442705	0.0
0.0	1.0
0.0	1.0
-8.401201401220248e-10	1.0
0.0	1.0
0.0	1.0
0.0	1.0
-0.00042202891199849546	1.0
-7.373266726062866e-07	0.016016016016016016
-0.0028078039176762104	1.0
0.0	0.0
0.0	1.0
0.0	1.0
-0.0011977063259109855	1.0
-4.983257440471789e-06	0.0
0.0	1.0
-0.00511476444080472	0.0
0.0	0.008
0.0	0.0
0.0	0.0
-2.2625863849157213e-08	1.0
0.0	1.0
0.0	0.0
-2.6365362373326207e-06	1.0
-0.0015846388414502144	0.0
0.0	0.061037639877924724
-0.0030575937125831842	1.0
-0.0006365711451508105	0.0
0.0	1.0
-0.009429010562598705	0.1111111111111111
-0.001108468510210514	0.0
-0.00012437916302587837	1.0
-0.011243573389947414	0.0
0.0	1.0
0.0	0.0
-0.001239942153915763	1.0
-0.00025595471379347146	1.0
0.0	1.0
0.0	1.0
-0.002731120912358165	1.0
0.0	1.0
0.0	0.0
0.0	0.0
0.0	1.0
0.0	1.0
0.0	0.0
0.0	0.0
-0.00010068329720525071	0.0
-0.0019264293368905783	1.0
-0.001959356479346752	1.0
0.0	0.0
-0.0012853286461904645	0.0
-7.983693649293855e-06	1.0
-0.0005682097980752587	0.0
0.0	0.0
0.0	1.0
0.0	1.0
-3.168532032304938e-07	0.0
-4.832453214476118e-06	0.0
-3.4458793152225553e-07	0.0
0.0	1.0
-5.45388047612505e-07	0.0
0.0	0.007028112449799197
0.0	0.0
-0.000261721113929525	0.326
0.0	1.0
0.0	1.0
-4.0531471512395e-09	0.0
-1.9568107745726593e-05	1.0
-2.4123838926470853e-08	0.0
0.0	1.0
0.0	1.0
0.0	1.0
-4.340433588367887e-05	0.0
-7.879341137595475e-05	0.0
-0.001265438855625689	0.0
0.0	1.0
-0.0016394437989220023	0.0
0.0	1.0
-3.765727888094261e-05	1.0
-0.0003386141324881464	1.0
0.0	1.0
0.0	0.0
0.0	1.0
0.0	1.0
-4.259892193658743e-06	1.0
0.0	1.0
0.0	1.0
-5.201606472837739e-05	1.0
-3.9933115658641327e-07	0.0
0.0	0.0
0.0	1.0
-0.0010308377677574754	0.0
0.0	1.0
0.0	1.0
0.0	1.0
0.0	1.0
0.0	1.0
-2.9238060506031616e-06	1.0
0.0	1.0
0.0	1.0
0.0	0.0
0.0	0.0
0.0	1.0
0.0	1.0
0.0	1.0
0.0	0.0
-1.6145039472004186e-10	0.0
0.0	1.0
-8.240180613938719e-05	1.0
0.0	1.0
0.0	0.0
0.0	0.0
0.0	1.0
-0.0008101777057163417	1.0
0.0	0.001017293997965412
-5.673166742781177e-05	0.0
-0.0012420706916600466	0.0
-1.24739718554423e-10	1.0
0.0	1.0
0.0	1.0
0.0	0.0
-0.0006665292894467711	0.0
-6.944567758182529e-06	1.0
0.0	0.0
0.0	0.0
-0.0005736728780902922	1.0
0.0	0.003246753246753247
-0.0016429832903668284	0.012345679012345678
0.0	1.0
0.0	1.0
0.0	1.0
-4.636080120690167e-05	0.0
0.0	1.0
0.0	1.0
-3.661498215734582e-09	1.0
0.0	0.4411057692307692
-0.00024067566846497357	0.0
0.0	0.0
-0.0031898438464850187	0.0
-0.003869680454954505	0.0
-3.9066687662625554e-08	0.0
0.0	1.0
0.0	1.0
0.0	1.0
0.0	1.0
0.0	1.0
-0.008029048331081867	0.0
0.0	0.0
-0.0001676357933320105	1.0
0.0	1.0
0.0	0.0
-5.0658163672778755e-06	0.025
0.0	0.0
0.0	0.0
0.0	0.0
-1.3408190113750607e-09	1.0
0.0	0.0
-4.592990990204271e-06	0.0
0.0	1.0
-0.0013387255603447556	1.0
0.0	0.0
-0.000284318026388064	0.0
-1.378351726089022e-07	1.0
-0.004509910009801388	0.0
-2.0940161959970283e-07	1.0
-0.0023524039424955845	0.0
-0.010974523611366749	0.0
-0.006419843528419733	0.0
-2.5767823785827204e-07	0.0
0.0	0.0
-0.00574387377128005	0.0
0.0	1.0
0.0	1.0
0.0	0.0
-0.0010652464115992188	0.0
-0.0004060468345414847	0.0
-1.4451407537308114e-07	1.0
-0.0010720478603616357	1.0
-1.3400196621660143e-05	1.0
-0.0002536878455430269	1.0
0.0	1.0
-3.602193885399174e-07	0.0
-0.0016743676969781518	1.0
-0.005143776535987854	0.1841046277665996
0.0	1.0
0.0	0.0
0.0	0.0
-6.62845832266612e-06	1.0
-0.004416451323777437	0.0
-0.0022999795619398355	0.018036072144288578
-2.378280805714894e-05	1.0
0.0	1.0
0.0	1.0
0.0	1.0
-0.00043300038669258356	0.0
0.0	0.0
-0.00037230344605632126	1.0
0.0	1.0
0.0	1.0
0.0	1.0
0.0	1.0
-1.9436939169281686e-08	0.0
0.0	1.0
0.0	1.0
0.0	1.0
-2.729971697590372e-07	1.0
0.0	0.0
0.0	0.0
0.0	1.0
0.0	0.0
-0.0003059285809285939	0.0
0.0	1.0
-8.287319719357811e-10	1.0
-0.00010291896614944562	1.0
0.0	1.0
0.0	0.0
-3.572014611563645e-05	1.0
-0.0013071028515696526	0.0
0.0	1.0
0.0	1.0
0.0	0.0
0.0	0.0
-2.365967333162189e-08	0.015
0.0	0.015
-0.0022363613825291395	0.015
-1.6998461660477915e-07	0.0
-2.3663537263018952e-07	0.0
0.0	0.0
0.0	0.0
0.0	0.0
0.0	1.0
-6.229767257615038e-10	0.028225806451612902
-0.009036099538207054	0.0
0.0	0.0
0.0	0.008247422680412371
0.0	1.0
0.0	1.0
-6.315389782685088e-06	0.0
-0.000772664207033813	0.0
-4.644387445296161e-05	0.0
0.0	0.0
-9.824198968999553e-06	1.0
0.0	1.0
-4.051499580270956e-09	1.0
0.0	1.0
-0.0007916180184110999	1.0
0.0	0.0
0.0	1.0
-1.3178963627069606e-06	0.0
-0.004679660778492689	0.0
0.0	0.005
0.0	1.0
0.0	1.0
0.0	1.0
0.0	1.0
0.0	0.021
0.0	1.0
-2.5670874492789153e-07	1.0
0.0	0.0
0.0	0.02182952182952183
0.0	0.021
0.0	0.0
-0.008234080858528614	0.0
0.0	0.0
0.0	0.0
-0.0009415258537046611	0.0
0.0	1.0
0.0	1.0
-0.00010460631892783567	1.0
0.0	0.0
0.0	0.0
0.0	0.0010162601626016261
0.0	1.0
0.0	0.0
0.0	0.0
-0.00011893006012542173	1.0
-2.1720630627442006e-08	1.0
0.0	1.0
-0.0011948933824896812	1.0
0.0	1.0
0.0	0.0
0.0	1.0
0.0	1.0
-6.803138603572734e-06	0.0
0.0	1.0
-0.0008452891488559544	1.0
0.0	0.0
0.0	0.0
0.0	1.0
0.0	0.0
0.0	1.0
0.0	1.0
0.0	1.0
-0.000336278899339959	0.0
0.0	0.001
0.0	0.0
0.0	1.0
0.0	1.0
-0.0004387404187582433	0.0
0.0	0.0
0.0	0.0
-0.002917592879384756	0.011
0.0	1.0
0.0	1.0
0.0	1.0
0.0	1.0
-8.63091554492712e-05	1.0
-4.844907016376965e-05	1.0
0.0	1.0
0.0	1.0
-1.2716641606402845e-07	0.0
0.0	0.003787878787878788
0.0	1.0
-0.0013510457938537002	0.007106598984771574
0.0	1.0
0.0	0.0
-0.00013660207332577556	0.0
0.0	0.03
0.0	0.029
-0.015406710095703602	0.0
-2.8241998734301887e-05	0.0
-1.1080618378400686e-07	1.0
-8.766538144300284e-07	0.089
-2.064864747808315e-05	0.081
-0.017527054995298386	0.0
0.0	1.0
0.0	1.0
0.0	0.075
0.0	0.21405405405405406
0.0	1.0
-0.027760127559304237	0.0
0.0	1.0
-5.621937138045041e-09	0.21405405405405406
0.0	1.0
0.0	1.0
0.0	0.0
-2.758356876242374e-09	0.0
0.0	0.536
0.0	0.536
-0.002677276963368058	1.0
-1.0870667210838292e-05	0.218
0.0	0.218
0.0	0.0
-5.280708137433976e-07	1.0
0.0	0.0
0.0	1.0
0.0	0.0
0.0	1.0
-0.005767411086708307	0.0
-0.0003026902850251645	0.0
-0.0001602160045877099	0.0
0.0	1.0
-2.002857627303456e-06	1.0
-0.00036322048981674016	0.0
0.0	0.0
0.0	0.0
0.0	0.0
0.0	0.0
-1.036163666867651e-06	0.0
0.0	1.0
0.0	1.0
0.0	0.272
0.0	0.22418478260869565
-0.0535048246383667	0.0
0.0	1.0
0.0	0.0
-0.0007863699574954808	0.0
-0.00047311143134720623	0.0
-0.00303269037976861	1.0
-0.0019516389584168792	0.0
0.0	0.003009027081243731
0.0	1.0
0.0	1.0
-7.127788848038108e-08	1.0
-0.005597031209617853	0.0010030090270812437
0.0	0.0
-6.425711035262793e-05	1.0
0.0	1.0
0.0	0.0
0.0	1.0
0.0	0.33098591549295775
-0.00013196955842431635	0.33098591549295775
-1.3755086001765449e-05	1.0
0.0	1.0
0.0	1.0
0.0	1.0
-0.0007781375898048282	0.0
0.0	1.0
0.0	0.0
-8.781113137956709e-06	0.0
0.0	0.0
0.0	0.0
-2.957664037239738e-06	0.0
-2.0850481341483373e-09	0.0
0.0	1.0
-4.104071922483854e-05	1.0
0.0	0.0
-0.00320326816290617	1.0
-4.905880823108388e-12	0.0
-0.001397171407006681	0.0
-1.3654940289598017e-07	0.0
-0.0036565419286489487	0.0
-0.0013516978360712528	1.0
0.0	1.0
-2.7835016226163134e-05	0.07854984894259819
0.0	1.0
-0.00014519707474391907	1.0
0.0	0.013
-0.031036756932735443	0.0
0.0	0.01701701701701702
0.0	0.0
0.0	0.326
-0.00022351717052515596	0.0
-0.003731758799403906	0.0
0.0	0.017
-1.0818271221069153e-06	0.0
-2.0496939612257847e-07	0.0
0.0	0.0
-8.493208952131681e-06	0.04426559356136821
-0.0008336185128428042	0.044579533941236066
0.0	0.0
0.0	0.0
0.0	0.0
0.0	0.0
0.0	1.0
0.0	0.0
0.0	0.0
-0.010470546782016754	0.0
0.0	1.0
-7.885719810474257e-07	0.011
0.0	1.0
-1.9426099242991768e-05	0.0
0.0	1.0
-0.0007428890676237643	1.0
0.0	1.0
-0.0011676403228193521	0.347
0.0	0.0
0.0	1.0
0.0	1.0
0.0	0.096
0.0	1.0
-1.3718015438868303e-11	1.0
0.0	0.044
0.0	1.0
0.0	0.0
0.0	0.0
0.0	1.0
-1.3301786061514775e-10	1.0
-0.018002595752477646	0.0
0.0	1.0
0.0	0.0
0.0	1.0
0.0	0.0
-0.006313708145171404	0.0
0.0	0.0
0.0	0.0
-0.0004090371076017618	0.0
0.0	0.0
0.0	1.0
-0.00013425522774923593	0.0
-0.000500642170663923	1.0
0.0	1.0
0.0	0.003
-4.253620772942668e-06	0.0
0.0	1.0
0.0	1.0
-0.0001458080078009516	1.0
0.0	0.0
0.0	1.0
0.0	1.0
-4.2982978243344405e-07	1.0
0.0	0.366
0.0	0.001
0.0	0.0
0.0	0.002
-2.341324023547031e-09	1.0
0.0	1.0
-0.001641394104808569	0.0010141987829614604
-0.0005539859412238002	1.0
0.0	1.0
-0.0012810727348551154	1.0
0.0	0.0
0.0	0.0
0.0	0.0
-2.4611583285150118e-05	1.0
-2.7037205807545206e-10	0.0
-8.867965917147558e-09	1.0
-1.3261865206004586e-06	1.0
0.0	1.0
0.0	0.0
0.0	1.0
0.0	1.0
0.0	0.0
0.0	1.0
0.0	1.0
-1.6244337530224584e-05	0.0
0.0	1.0
-4.982629207006539e-07	1.0
0.0	1.0
0.0	1.0
0.0	0.009
-1.2708520102933107e-07	1.0
0.0	1.0
0.0	1.0
0.0	0.0
0.0	0.001
0.0	0.001
-8.441972568107303e-06	1.0
0.0	0.0013568521031207597
0.0	1.0
0.0	0.0
-7.790778181515634e-05	0.317
0.0	0.308
0.0	0.0
-0.0010406640358269215	0.0
-0.003140578279271722	0.0
0.0	0.20074812967581046
0.0	1.0
0.0	0.0
0.0	0.198
0.0	1.0
-0.00013946641411166638	0.0
0.0	0.055
-4.75528362346711e-13	0.20920502092050208
0.0	0.0
0.0	0.20711297071129708
0.0	1.0
-4.7404369979631156e-05	0.0
-8.062100960160024e-07	0.0
0.0	1.0
-0.00023896893253549933	1.0
-0.00010363605542806908	1.0
0.0	1.0
0.0	1.0
0.0	0.0
0.0	0.003036437246963563
0.0	1.0
0.0	1.0
-0.00018416270904708654	0.0
-0.0020979440305382013	1.0
0.0	1.0
0.0	0.0
0.0	1.0
0.0	1.0
0.0	1.0
0.0	1.0
0.0	0.015
0.0	1.0
0.0	1.0
-0.01598101295530796	0.0
0.0	1.0
0.0	0.0
-2.1055717297713272e-05	1.0
0.0	1.0
0.0	0.0
-9.099869203055277e-06	1.0
0.0	0.0
0.0	1.0
-0.0002464928838890046	1.0
0.0	0.02
0.0	1.0
-0.0017447478603571653	0.02
0.0	0.0
-0.00014279363676905632	1.0
0.0	1.0
0.0	1.0
0.0	1.0
-0.000251321354880929	0.02
-3.564934741007164e-05	0.0
0.0	0.0
0.0	1.0
-0.0003890358784701675	1.0
-0.00012524001067504287	0.020554984583761562
-2.5756010018085362e-06	1.0
0.0	1.0
-0.001633431762456894	1.0
-0.0034471051767468452	1.0
0.0	1.0
0.0	0.0
-4.931451940137777e-07	1.0
-0.00016166736895684153	1.0
-0.07925006002187729	0.0
-0.01287232805043459	0.0
0.0	1.0
-2.8425112759578042e-05	0.16616616616616617
0.0	1.0
