0.0	0.0
0.0	0.0
-0.005094785708934069	0.0
-0.03513381630182266	0.0
0.0	0.0
-9.679120557848364e-05	0.0
0.0	1.0
0.0	1.0
-0.0020160148851573467	0.0
0.0	1.0
0.0	1.0
0.0	0.0
-0.033148620277643204	0.0
0.0	0.0
-2.32523863614401e-15	1.0
0.0	1.0
0.0	1.0
-2.94352721539326e-05	0.0
0.0	1.0
-0.00011297153105260804	1.0
0.0	0.0
0.0	1.0
0.0	0.0
-9.398421752848662e-06	0.0
0.0	1.0
0.0	0.0
0.0	0.0
-5.064999277237803e-05	1.0
0.0	0.0
-0.016147321090102196	0.0
-1.19583646664978e-05	0.0
0.0	0.0
0.0	0.0
-0.00012176040763733909	1.0
0.0	1.0
0.0	1.0
0.0	0.025025025025025027
-6.0244218502703e-08	0.001001001001001001
-8.201952368835919e-06	0.0
0.0	1.0
0.0	0.0
-5.395507741923211e-06	0.0
0.0	1.0
0.0	1.0
0.0	0.10591471801925723
0.0	1.0
-0.0072707789950072765	0.0
-0.03577544912695885	0.0
0.0	0.0
-0.010350690223276615	0.0
-0.0004226296441629529	0.0
0.0	1.0
0.0	0.0
0.0	1.0
0.0	1.0
-0.00030302300001494586	1.0
-0.013084357604384422	0.0
0.0	0.0
-0.009087802842259407	0.0
-0.0018914623651653528	1.0
0.0	0.126
0.0	1.0
0.0	0.0
0.0	0.0
0.0	1.0
0.0	1.0
-2.257463893329259e-05	1.0
0.0	0.0
0.0	1.0
0.0	0.0
-0.005089825484901667	0.0
0.0	0.0
-0.0017201504670083523	0.0
-0.00032116760849021375	0.0
-1.728768779685197e-06	0.0
0.0	0.0
-0.005775804165750742	0.0
0.0	0.0
0.0	1.0
-0.0014919264940544963	0.0
-5.121145659359172e-05	0.0
-3.0240946216508746e-05	0.0
-0.001085607917048037	0.0
-0.0002665577922016382	0.0
-2.269055698889133e-08	0.0
0.0	1.0
0.0	0.0
0.0	1.0
-0.0008391406736336648	0.0
-3.676041524158791e-05	1.0
0.0	0.0
0.0	1.0
0.0	1.0
0.0	0.001
0.0	1.0
0.0	1.0
0.0	1.0
0.0	0.001953125
0.0	0.0
0.0	0.0
-4.015111335320398e-05	1.0
0.0	1.0
-4.21963613916887e-06	1.0
-3.096599088259211e-10	1.0
-5.795343649417362e-10	0.0
-1.1905903107845006e-07	0.0
0.0	0.0
0.0	0.0
-0.001747793983668089	0.0
0.0	1.0
-7.228364499838047e-13	0.08559919436052367
-0.002573930425569415	1.0
0.0	1.0
0.0	0.0
0.0	0.0
-2.731911536102416e-06	0.043
0.0	0.0
-0.004955270793288946	0.043
0.0	0.0
-2.966484613509124e-09	0.0
0.0	1.0
-1.561557837703731e-05	0.0
-0.0035738444421440363	0.0
-2.8790436701342514e-10	0.001
0.0	1.0
0.0	1.0
0.0	1.0
0.0	0.0
0.0	0.001075268817204301
0.0	1.0
-0.0005425974959507585	1.0
-2.2518482012401364e-07	0.0
0.0	0.005
-8.780076313996688e-05	0.0
0.0	0.0050200803212851405
0.0	1.0
0.0	0.0
-0.0003085773787461221	0.0
0.0	0.0
0.0	0.005035246727089627
-3.1189767923933687e-07	1.0
-0.0009077892173081636	0.0
0.0	0.0
0.0	1.0
0.0	1.0
0.0	0.0
0.0	1.0
-0.0010247156023979187	0.0
0.0	0.0
0.0	1.0
0.0	0.0
-0.00046029945951886475	1.0
0.0	0.0
0.0	1.0
-0.0013217638479545712	1.0
0.0	1.0
0.0	0.0
0.0	1.0
-3.5509010558598675e-06	0.0
0.0	1.0
0.0	0.001
-2.358793381063151e-06	0.0
0.0	1.0
0.0	1.0
-6.964370413697907e-07	1.0
-0.0005579463904723525	0.0
-0.00011268861271673813	1.0
0.0	0.0
0.0	1.0
0.0	1.0
0.0	0.0
0.0	1.0
0.0	0.0
0.0	1.0
-0.00037524692015722394	1.0
-2.4318997020600364e-06	1.0
-8.742471635514448e-08	0.0
0.0	1.0
-0.0011010098969563842	1.0
-2.0370698621263728e-05	1.0
0.0	0.0
0.0	0.973
-0.018353139981627464	0.0
0.0	0.0
-0.0004891999997198582	0.0
0.0	1.0
-1.1629783247535386e-10	1.0
0.0	1.0
0.0	0.0
0.0	1.0
-0.00023150286870077252	0.0
0.0	1.0
0.0	1.0
0.0	1.0
-0.0006369752809405327	1.0
0.0	0.0
-0.001111913938075304	0.0
0.0	1.0
0.0	0.0
0.0	0.0
0.0	1.0
0.0	1.0
-0.0031356364488601685	0.0
0.0	1.0
-1.2881815564469434e-05	0.0
0.0	1.0
0.0	0.0
-1.2808100109396037e-05	1.0
-3.978755557909608e-05	1.0
0.0	0.0
0.0	0.0
0.0	1.0
-7.796626596245915e-05	1.0
0.0	0.0
-0.00011391703446861356	1.0
-0.002858211984857917	0.0
0.0	0.0
-0.009075836278498173	0.0
-5.749691990786232e-05	0.21370143149284254
0.0	0.02217741935483871
-6.667381171610032e-07	1.0
0.0	0.0
-1.9473934571578866e-06	0.007209062821833162
0.0	0.07407407407407407
0.0	0.0
0.0	0.0
0.0	1.0
0.0	1.0
-1.7239736962437746e-06	0.02928416485900217
0.0	0.08016443987667009
0.0	0.028877005347593583
0.0	0.001075268817204301
-0.005991186015307903	0.001075268817204301
0.0	0.0
0.0	0.07
0.0	0.0
-0.006857728119939566	0.0
-0.001238302094861865	0.0
-1.4334655240588745e-08	0.044193216855087356
-1.1188897808267484e-08	0.02821316614420063
0.0	0.02821316614420063
-1.75273015656785e-07	0.02821316614420063
0.0	1.0
0.0	0.0
0.0	0.0
0.0	0.0
-0.0001045872995746322	1.0
-2.2911148334969766e-05	0.0441025641025641
-0.00898657739162445	0.0
0.0	1.0
-0.009500141255557537	0.0
0.0	1.0
0.0	0.0
-0.0005168761708773673	0.0
0.0	0.0
0.0	1.0
0.0	0.0
0.0	0.0
0.0	0.024
0.0	0.0
0.0	1.0
-0.016942329704761505	0.0
0.0	0.0
-0.0025021552573889494	1.0
-0.006873542442917824	0.0
0.0	1.0
0.0	0.0
0.0	1.0
0.0	1.0
0.0	1.0
0.0	1.0
0.0	1.0
-0.0007691935752518475	0.0
-1.1964156954036298e-07	0.0
0.0	1.0
-0.0016330507351085544	0.12124352331606218
0.0	0.12124352331606218
0.0	1.0
0.0	1.0
0.0	0.973
-0.004062567837536335	1.0
0.0	0.0
-0.0004685237363446504	0.973
-0.003720551962032914	0.0
0.0	1.0
-0.03220144659280777	0.0
0.0	0.0
-9.310348332292051e-07	1.0
0.0	1.0
-0.0021245998796075583	1.0
-0.004904380068182945	0.0
-0.00017407260020263493	1.0
-7.993748295120895e-05	1.0
0.0	1.0
-4.099243597011082e-05	1.0
0.0	1.0
0.0	0.027
0.0	0.0
-1.596971560502425e-05	1.0
0.0	0.0
0.0	0.0
0.0	1.0
0.0	0.0
0.0	1.0
0.0	1.0
0.0	0.0
0.0	0.0
0.0	1.0
0.0	1.0
-0.0414096862077713	0.0
0.0	1.0
-6.691881253573229e-07	1.0
-0.012745737098157406	0.0
0.0	0.0
0.0	1.0
0.0	0.0
-0.014026639983057976	0.0
0.0	0.08244111349036402
0.0	0.0
0.0	1.0
0.0	0.0
0.0	1.0
0.0	1.0
-2.0673793187597767e-05	1.0
0.0	0.0
0.0	0.005
-0.0077837868593633175	0.0
0.0	1.0
-1.67835565889618e-07	1.0
0.0	1.0
0.0	0.0
0.0	0.973
0.0	1.0
0.0	0.973
0.0	0.0
0.0	0.973
0.0	0.0
0.0	1.0
-0.004426471423357725	0.0
0.0	0.0
-0.005864860489964485	0.0
0.0	0.0
0.0	1.0
0.0	1.0
-0.002794367028400302	1.0
0.0	0.0
0.0	1.0
0.0	0.0
-0.0027934883255511522	0.09130913091309131
0.0	0.09934497816593886
-7.819019810995087e-05	0.09934497816593886
-7.070849505907972e-08	1.0
0.0	1.0
-0.0001386057265335694	0.0
0.0	1.0
-0.000802903959993273	0.0
0.0	1.0
-1.2922157566208625e-06	0.06927710843373494
-0.000538970110937953	0.0
-2.845044662080909e-07	1.0
0.0	1.0
-2.085282033853497e-12	0.0
0.0	0.0
-0.005212930031120777	0.0
0.0	0.027
-2.5216022550011985e-06	1.0
0.0	0.0
0.0	1.0
-0.0019685355946421623	1.0
-1.2901034407430956e-10	1.0
0.0	0.0
-9.287557622883469e-05	1.0
0.0	1.0
0.0	0.0
-9.7841169917956e-05	0.0
0.0	0.0
0.0	0.0
0.0	1.0
0.0	0.0
-0.0001831793924793601	1.0
0.0	1.0
-0.0023707307409495115	1.0
0.0	1.0
0.0	1.0
0.0	0.0
-0.001117354491725564	0.0
0.0	0.0
-1.846584382292349e-05	1.0
0.0	0.0
0.0	0.0
-0.0003173158911522478	1.0
-0.0008081985870376229	0.0
0.0	0.0
-7.563017589973242e-08	0.0
0.0	0.0
-0.00010961832595057786	0.0
0.0	0.0
-0.008462432771921158	0.0
-0.001708661555312574	0.0
-5.146180774318054e-05	0.027439024390243903
0.0	0.027439024390243903
0.0	0.01644398766700925
0.0	0.0
-0.00608674343675375	0.027439024390243903
0.0	0.0
0.0	0.0
0.0	1.0
0.0	0.0
0.0	1.0
0.0	0.0
0.0	1.0
0.0	0.0
0.0	1.0
0.0	1.0
0.0	1.0
0.0	1.0
0.0	0.0
-0.007584752514958382	0.0
0.0	1.0
-0.0002941334096249193	1.0
-0.0028824617620557547	0.0
0.0	1.0
0.0	1.0
0.0	0.0
0.0	1.0
0.0	0.0
-7.251665374496952e-05	0.0
-0.0033796411007642746	0.0
0.0	0.0
0.0	0.019527235354573486
0.0	1.0
-0.0007068219128996134	0.0
0.0	0.036
-0.0007079354836605489	0.0
0.0	0.06680369989722508
-1.8044749722223585e-11	0.028877005347593583
0.0	0.0
0.0	1.0
0.0	0.0
0.0	1.0
-0.007816282100975513	0.0
-6.369434686348541e-07	0.0
-1.3133794141140243e-07	0.0
0.0	1.0
-1.2805667211068794e-06	1.0
-2.253744787594769e-05	0.0
-6.942237087059766e-05	0.0
0.0	0.0
0.0	1.0
-3.503132120385999e-06	0.0
-5.3782339819008484e-05	1.0
-5.4166379413800314e-05	0.0
-2.42548921960406e-05	1.0
0.0	1.0
-2.1428211312013445e-06	0.0
0.0	1.0
0.0	1.0
0.0	1.0
0.0	0.973
-6.475635018432513e-05	1.0
-0.0012659179046750069	0.0
0.0	0.0
0.0	1.0
0.0	1.0
-0.0205271914601326	0.0
0.0	0.0
0.0	1.0
-4.5942336157622776e-08	1.0
0.0	1.0
0.0	1.0
-4.801243562724267e-07	0.0
-0.0043756430968642235	0.0
-4.771447493112646e-06	1.0
0.0	0.0
0.0	0.0
0.0	0.0
-5.054138227933436e-07	0.0
0.0	0.0
0.0	0.0
0.0	0.0
0.0	1.0
-4.986185012967326e-05	0.0010090817356205853
-0.0010753704700618982	0.001182033096926714
0.0	0.001182033096926714
-0.00106052216142416	0.0035460992907801418
0.0	1.0
0.0	0.0
-2.6524508811576197e-08	1.0
-0.0008921544067561626	0.0
0.0	1.0
-0.0002523977600503713	0.0
0.0	1.0
0.0	0.027054108216432865
0.0	1.0
0.0	1.0
0.0	0.0
-1.0824547871379764e-06	1.0
0.0	1.0
0.0	0.0
0.0	0.0
0.0	1.0
0.0	0.0
-4.0430346416542307e-05	0.0
0.0	1.0
-1.175315810542088e-05	1.0
-3.79933567273838e-06	1.0
0.0	1.0
0.0	1.0
0.0	1.0
-7.032894444591875e-08	1.0
-0.0027538223657757044	1.0
0.0	0.006864988558352402
0.0	0.0
0.0	0.03125
-0.004420308396220207	0.037
0.0	1.0
0.0	1.0
0.0	0.2
0.0	0.0
0.0	1.0
-2.122053501807386e-06	0.032
-0.001667345641180873	0.032
0.0	0.032
0.0	0.032
0.0	1.0
0.0	0.0
-0.0001350782549707219	0.0
0.0	1.0
0.0	1.0
-0.015041531063616276	0.0
-5.862932361822004e-10	1.0
0.0	0.0
0.0	1.0
0.0	0.0
0.0	1.0
0.0	1.0
-5.904777822252072e-07	0.0
0.0	0.092
-0.0007983946707099676	0.065
0.0	1.0
0.0	0.06565656565656566
0.0	0.06565656565656566
0.0	0.01
0.0	0.0
-0.0002343993546674028	1.0
0.0	0.0
-0.0013325002510100603	0.0
0.0	1.0
-0.00022212199110072106	0.08308308308308308
-3.8257119740592316e-05	0.0
0.0	0.012987012987012988
0.0	1.0
0.0	1.0
-3.863761594402604e-05	1.0
-0.00016167150170076638	0.0010277492291880781
0.0	1.0
-0.01742272451519966	0.0
-0.0006934449775144458	0.0
0.0	0.0
-1.6307685655192472e-05	0.001
0.0	0.001
-0.002134431852027774	0.0010277492291880781
0.0	0.0
0.0	1.0
0.0	1.0
-0.0010818908922374249	0.0
0.0	0.001
0.0	1.0
0.0	1.0
-2.418330404907465e-05	1.0
-0.000526963674928993	0.0
-9.376874459121609e-07	0.0
0.0	1.0
-5.5493742934231705e-09	1.0
0.0	0.0
0.0	1.0
-6.633484161966408e-08	1.0
0.0	1.0
0.0	0.0
0.0	0.0
-0.0005589146167039871	1.0
-0.0006809518672525883	0.0
-1.9543891539797187e-05	0.0
-4.3032695629108275e-08	0.0
0.0	1.0
-0.005215926561504602	0.0
0.0	1.0
-4.113966500796096e-09	1.0
0.0	0.0
-0.08450742065906525	0.0
0.0	1.0
0.0	1.0
0.0	1.0
0.0	1.0
-1.3963508536107838e-06	0.0
0.0	0.0
-4.99635777195806e-10	1.0
-0.00028414896223694086	0.0
0.0	1.0
-2.1614212528220378e-05	1.0
0.0	1.0
0.0	0.01059322033898305
0.0	0.05656565656565657
0.0	0.056
0.0	0.056
0.0	0.0
0.0	1.0
-5.136976621855638e-09	1.0
0.0	1.0
-0.0013882683124393225	0.0
-0.00018288707360625267	0.02905811623246493
0.0	0.0
-0.02486012689769268	0.0
-0.00033975549740716815	1.0
-4.523066309047863e-06	0.973
-0.0037508888635784388	0.0
0.0	1.0
0.0	1.0
-1.3678580046416755e-07	0.0
0.0	1.0
0.0	1.0
-0.0005194159457460046	0.004
-0.0010689019691199064	0.078
0.0	1.0
-5.6048758523274955e-08	0.0
0.0	0.0
0.0	0.0
0.0	1.0
0.0	0.0
0.0	1.0
0.0	1.0
0.0	1.0
0.0	1.0
-0.002615121193230152	0.0
0.0	1.0
0.0	0.0
0.0	1.0
-5.6266196146737e-09	1.0
-0.0003160622145514935	0.0
-2.6341574994148687e-05	1.0
0.0	1.0
0.0	1.0
0.0	0.083
0.0	0.0
0.0	1.0
0.0	0.0
0.0	0.004
-4.51650237209833e-08	1.0
0.0	0.012
0.0	1.0
0.0	1.0
0.0	0.0
-3.758533057407476e-05	0.0
0.0	0.0
-2.5358052880619653e-05	0.0
