-0.009724609553813934	0.0
-0.0005440089153125882	0.5
-8.299443798875927e-09	0.0
0.0	0.0
-0.0005017706425860524	1.0
-1.2146260530698783e-07	0.0
0.0	0.0
-2.0269595779609517e-07	0.0
-0.0006051777163520455	1.0
0.0	1.0
-1.7862558934211847e-06	0.409
0.0	1.0
0.0	0.0
0.0	1.0
0.0	1.0
0.0	1.0
0.0	0.0
-1.579354602654348e-07	1.0
0.0	0.0
0.0	1.0
0.0	0.0
0.0	1.0
0.0	1.0
0.0	1.0
-0.0002744564553722739	0.0
-3.298230512882583e-05	1.0
-1.7749650851328624e-06	1.0
0.0	1.0
0.0	1.0
0.0	1.0
0.0	1.0
0.0	1.0
-0.0003073549596592784	1.0
-1.340496601187624e-05	0.9411764705882353
0.0	0.0
0.0	0.0
0.0	0.0
0.0	1.0
0.0	0.0
-2.3819513444323093e-05	1.0
-8.134389645420015e-06	1.0
-1.0317114274016603e-08	1.0
-0.000289786170469597	1.0
0.0	1.0
-1.5392210116260685e-05	1.0
-6.884340837132186e-05	1.0
0.0	0.0
0.0	0.0
-0.001300133764743805	0.0
-7.65604418120347e-05	0.0
0.0	1.0
0.0	0.5
0.0	1.0
0.0	1.0
0.0	0.0
-3.3568605886102887e-06	0.0
-0.01897975616157055	0.0
-5.355798862183292e-07	0.0
-0.010609118267893791	0.0
0.0	0.0
0.0	0.016
0.0	1.0
0.0	1.0
0.0	0.0
0.0	0.0
0.0	1.0
-3.946557171730092e-06	0.0
0.0	1.0
0.0	1.0
0.0	1.0
-0.02655508928000927	0.0
0.0	1.0
0.0	0.0
0.0	1.0
0.0	0.0
0.0	0.0
-0.011786852963268757	0.0
0.0	1.0
0.0	0.0
0.0	0.0
0.0	0.0
-1.4730931070516817e-05	0.0
0.0	1.0
0.0	0.0
0.0	1.0
0.0	1.0
-0.0015552629483863711	1.0
0.0	1.0
-0.0002867052098736167	1.0
0.0	0.0
0.0	1.0
0.0	1.0
-0.00013602012768387794	1.0
0.0	0.0
0.0	1.0
0.0	0.0
0.0	0.0
-8.271426565897855e-08	0.06623235613463627
0.0	1.0
0.0	1.0
0.0	1.0
0.0	0.0
-2.8992033549002372e-05	1.0
-0.0036161374300718307	1.0
0.0	0.0
0.0	1.0
-2.3656562819773796e-11	0.0
0.0	1.0
0.0	1.0
0.0	1.0
0.0	1.0
-3.88142836982297e-07	0.0
0.0	0.0
0.0	1.0
0.0	0.0
0.0	1.0
-0.00010002595081459731	1.0
0.0	1.0
0.0	1.0
0.0	1.0
0.0	1.0
0.0	0.007
0.0	1.0
-7.232130005974113e-09	0.0
0.0	1.0
0.0	0.0
-1.5556116750303772e-06	0.0
-1.4599200737208662e-09	1.0
-9.169977488454606e-07	0.0
-8.419192454311997e-06	0.0
0.0	1.0
-0.0024556054268032312	0.0
0.0	0.0
-0.0006610354175791144	1.0
0.0	1.0
0.0	1.0
0.0	1.0
-0.001601282274350524	0.0
-0.000573518278542906	0.0
0.0	0.0
0.0	0.0
0.0	0.004
-9.467053700973338e-07	0.0
0.0	1.0
-3.154614751110785e-05	1.0
0.0	1.0
0.0	1.0
0.0	1.0
0.0	1.0
0.0	0.002
-7.818840822437778e-05	0.0
0.0	1.0
0.0	1.0
0.0	0.00815494393476045
0.0	1.0
0.0	1.0
0.0	1.0
-6.450695764215197e-06	1.0
-0.0022571764420717955	0.00815494393476045
-0.006091709714382887	0.0
-6.742950972693507e-06	0.016
0.0	0.00815494393476045
-1.5258172425092198e-05	1.0
0.0	1.0
0.0	1.0
0.0	0.00815494393476045
-0.005633391905575991	0.0
0.0	0.0
0.0	1.0
0.0	0.016
-0.0022828353103250265	0.022988505747126436
0.0	1.0
-0.0002939701662398875	0.00273224043715847
-0.00012411917850840837	1.0
0.0	1.0
0.0	0.0
-0.0033453323412686586	0.0
0.0	0.0
-0.00025842379545792937	0.0
0.0	1.0
0.0	1.0
-3.4414722183129243e-09	1.0
0.0	0.0
-0.00019852776313200593	1.0
-4.84212634432879e-08	0.0
-0.00011060534598072991	1.0
0.0	0.0
0.0	0.0
0.0	1.0
-0.005342584103345871	0.0
-1.3686250895261765e-05	1.0
-1.528445318399463e-05	0.43283582089552236
0.0	1.0
0.0	0.0
-0.0002263035421492532	0.002
0.0	0.0
-0.0003521691542118788	1.0
0.0	0.0
-0.0027153859846293926	0.0
0.0	0.0
0.0	1.0
0.0	1.0
-0.007789678405970335	0.0
-7.61238034413525e-12	1.0
-0.0017946618609130383	1.0
0.0	0.0
0.0	1.0
-0.0022366661578416824	0.0
0.0	0.0
-3.4359395613137167e-06	0.0
0.0	0.001
0.0	1.0
-0.0033343590330332518	0.0015772870662460567
0.0	0.0
0.0	1.0
-8.03468765298021e-07	0.0
-3.542328840921982e-06	0.002
-7.942163051666284e-07	0.0
0.0	1.0
0.0	1.0
-0.003168287454172969	0.0
0.0	1.0
0.0	1.0
-4.137190444453154e-06	0.0
-4.031973865892269e-09	0.0
0.0	1.0
0.0	1.0
-0.0017285477370023727	1.0
0.0	0.0
-0.0004897818434983492	1.0
0.0	1.0
0.0	1.0
0.0	1.0
0.0	1.0
0.0	0.001002004008016032
0.0	0.0
0.0	0.0
0.0	0.5
0.0	1.0
0.0	0.5
-0.00026681844610720873	0.0
0.0	1.0
0.0	0.0
0.0	1.0
-0.000561359862331301	0.0
-6.681612596537434e-09	1.0
-0.00025954932789318264	0.0
-0.008431547321379185	0.02197802197802198
-1.8163105778512545e-05	0.0
0.0	1.0
0.0	0.0
0.0	1.0
0.0	1.0
0.0	1.0
0.0	1.0
0.0	1.0
-0.0001914504391606897	1.0
0.0	1.0
0.0	1.0
-6.890520580782322e-07	0.0
0.0	1.0
0.0	1.0
-5.053539643995464e-05	1.0
0.0	1.0
-0.0009456028346903622	1.0
0.0	0.0
-0.006595882587134838	0.0027548209366391185
0.0	0.0
-2.7480444586558406e-08	1.0
0.0	0.0
0.0	1.0
0.0	1.0
-0.002710833214223385	0.0
0.0	1.0
0.0	0.014598540145985401
0.0	1.0
0.0	0.0
-3.098149136349093e-06	1.0
0.0	0.0
0.0	0.0
0.0	0.1028225806451613
-3.5087938158540055e-05	0.008908685968819599
0.0	1.0
0.0	1.0
0.0	1.0
0.0	0.013
0.0	0.0
0.0	1.0
-0.00034664818667806685	1.0
-0.0002756662725005299	1.0
-0.0007983651594258845	0.0
0.0	0.0
0.0	1.0
-4.126017302041873e-05	0.0
-7.1048639256332535e-06	0.0030425963488843813
0.0	0.003
0.0	0.0
-0.005539725534617901	0.004
-1.654929837968666e-05	1.0
0.0	0.0
-6.780858529964462e-05	0.004
0.0	1.0
0.0	0.0
0.0	0.004
0.0	1.0
-0.0008544564479961991	0.004
0.0	0.0
0.0	0.0
-7.211314368760213e-05	1.0
0.0	1.0
0.0	0.0
0.0	0.0
0.0	0.0
0.0	1.0
-7.035777343844529e-06	0.203
0.0	1.0
-0.001647318946197629	0.0
-6.282608655538979e-09	1.0
-0.00015389443433377892	1.0
0.0	0.20525783619817997
0.0	0.0
0.0	1.0
0.0	0.07142857142857142
-1.7219021347658625e-11	1.0
0.0	0.0
0.0	1.0
-3.562647179933265e-05	0.0
0.0	0.0
-0.004078235011547804	0.0
0.0	0.0
0.0	1.0
0.0	1.0
-0.0008807536214590073	1.0
0.0	1.0
0.0	0.0
0.0	0.818
0.0	1.0
-9.100649833726493e-08	1.0
0.0	1.0
0.0	1.0
0.0	0.0
0.0	1.0
-0.0015621347120031714	0.001692047377326565
0.0	0.001692047377326565
0.0	0.4094094094094094
0.0	0.0
-1.0866548905141826e-07	1.0
-0.001009636209346354	0.0
0.0	0.0
-6.35436549600854e-07	0.0
-0.010112256743013859	0.0
-2.742436038261076e-07	1.0
0.0	1.0
-0.000292892858851701	0.023092369477911646
0.0	1.0
-0.0007613597554154694	1.0
-0.041397951543331146	0.0
-0.001436112797819078	1.0
0.0	1.0
-0.008626491762697697	0.0
-0.00013504466915037483	0.001
0.0	1.0
0.0	0.0
0.0	1.0
0.0	1.0
0.0	1.0
-0.0016977236373350024	0.0
0.0	0.0
-3.80314363335188e-10	1.0
0.0	0.0
-4.414704562805127e-06	1.0
-8.570690171298429e-15	1.0
0.0	1.0
0.0	1.0
-0.005039214622229338	0.0
0.0	0.0
0.0	0.0
-0.0019758588168770075	0.0
0.0	0.0
0.0	1.0
0.0	0.0
-9.24329742701957e-06	0.0
-0.030326353386044502	0.0
0.0	0.0
0.0	1.0
0.0	0.0
-4.411883764987579e-06	1.0
-2.7364118068362586e-05	0.0
0.0	0.0
0.0	0.001
0.0	0.0
-6.438193668145686e-05	0.001
0.0	1.0
-2.1623006318804983e-07	0.0
-0.010515592060983181	0.0
0.0	0.0
-0.02562112547457218	0.0
0.0	1.0
0.0	1.0
-3.0102322057246056e-07	1.0
-0.016993088647723198	0.0
0.0	0.0
0.0	1.0
0.0	0.0
0.0	0.076
0.0	0.0
0.0	1.0
0.0	1.0
-0.007460837718099356	0.0
0.0	0.0
0.0	1.0
0.0	1.0
0.0	1.0
0.0	1.0
0.0	1.0
0.0	1.0
0.0	0.0
0.0	0.006
0.0	0.13440320962888666
-0.0005514794611372054	0.13440320962888666
0.0	1.0
0.0	1.0
-0.0007605102146044374	0.0
0.0	1.0
-0.002458199393004179	1.0
-4.6928002120694146e-05	0.009
0.0	1.0
-6.702711163875108e-10	1.0
0.0	0.0
-0.0001264999300474301	1.0
0.0	1.0
-0.0034235867206007242	1.0
0.0	1.0
0.0	0.0
-0.00124765420332551	1.0
0.0	0.0
0.0	0.06218144750254842
-1.3414917248155689e-06	0.10117145899893504
-0.000506742624565959	1.0
-6.862075224489672e-06	1.0
0.0	1.0
-3.626868419814855e-05	0.0
0.0	0.0
-4.804028890248446e-07	0.002
0.0	1.0
-3.828036642516963e-05	0.05405405405405406
0.0	0.0
-4.2343476280848336e-08	1.0
-0.0001922824012581259	0.0
0.0	1.0
-1.1488758673294797e-06	0.0
-1.1508757324918406e-07	0.0
0.0	1.0
-0.0004310243239160627	0.0
0.0	1.0
0.0	1.0
0.0	0.518
-4.7419339921361825e-07	1.0
-8.202119539113539e-10	0.0
0.0	1.0
-0.00018195889424532652	1.0
0.0	1.0
-3.3926137454898253e-09	1.0
0.0	0.0
-0.0008242677431553602	0.0
-6.864816981533295e-08	1.0
0.0	0.0
-0.0007587200962007046	0.0
-2.9362104414509815e-10	0.0
0.0	1.0
0.0	1.0
0.0	0.0
0.0	0.0
0.0	1.0
0.0	0.002
0.0	0.0
-1.881770367617719e-05	1.0
0.0	1.0
0.0	1.0
-0.00048177651478908956	1.0
-2.3080408482201165e-06	1.0
-0.00037811079528182745	1.0
0.0	1.0
0.0	0.0
-1.7340795466225245e-11	1.0
-7.198689644383194e-08	0.0
0.0	1.0
0.0	0.002
-0.00024913466768339276	0.0
0.0	0.052
0.0	0.0
0.0	1.0
0.0	0.0
0.0	0.0
0.0	0.0
-4.679435369325802e-05	0.0
0.0	1.0
-5.588618296314962e-05	0.0
0.0	0.0
0.0	0.0
0.0	1.0
0.0	0.0
0.0	0.0
-7.083252421580255e-05	1.0
0.0	1.0
-0.00027047860203310847	0.5
0.0	0.0
-0.013628371059894562	0.0
0.0	0.076
-1.714154495857656e-05	0.0
-0.009166797623038292	0.10511756569847856
-0.1215900182723999	0.0
0.0	0.0
-3.6930475744156865e-07	1.0
-0.004091008100658655	0.0
0.0	0.0
0.0	1.0
-1.2330913705227431e-05	0.0
0.0	0.0
-4.763829508647177e-08	1.0
0.0	0.0023094688221709007
0.0	0.0
0.0	1.0
-5.859331508872856e-08	0.002
0.0	1.0
0.0	0.002
-0.03460491821169853	0.0
0.0	1.0
0.0	1.0
-0.003339327173307538	0.0
-4.099673844848439e-08	0.003006012024048096
-2.8340841708995868e-06	1.0
0.0	0.006024096385542169
-0.006796606350690126	0.0
0.0	0.3941532258064516
0.0	0.352
-9.654416999183013e-08	0.352
-0.001206667977385223	0.0
0.0	1.0
0.0	0.3534136546184739
-5.630461785699481e-08	0.0
0.0	1.0
-0.00013680689153261483	1.0
0.0	1.0
0.0	0.0
-4.738154530059546e-05	1.0
0.0	0.033862433862433865
-9.517058856545191e-07	0.05919661733615222
-0.027071472257375717	0.0
0.0	1.0
0.0	0.0
-0.0008220851887017488	1.0
0.0	0.0553877139979859
0.0	0.007
-3.750048563233577e-05	1.0
0.0	1.0
-1.119265220950183e-06	0.0
-0.0003291550965514034	1.0
0.0	1.0
0.0	0.054
0.0	1.0
0.0	1.0
-0.0015123335178941488	0.08860759493670886
-3.2553330129303504e-06	0.01098901098901099
-0.00697450852021575	0.0
-0.0006662514642812312	1.0
0.0	1.0
-3.527623903210042e-06	0.0
-4.844033583140117e-07	0.108
-2.8783819288946688e-05	1.0
0.0	0.0
-0.0006231458391994238	1.0
0.0	1.0
-9.346363327722429e-08	1.0
0.0	1.0
-0.002820477355271578	1.0
0.0	1.0
0.0	1.0
0.0	0.073
-3.0803876143181697e-05	0.07314629258517034
0.0	1.0
0.0	1.0
0.0	0.0
-0.005670998711138964	0.0
-0.0049242000095546246	0.0
0.0	0.0
0.0	1.0
-0.000523627910297364	1.0
-0.004066743887960911	0.031
0.0	1.0
0.0	0.006191950464396285
-0.0025745388120412827	0.03118712273641851
-2.3497847223552526e-08	0.8632075471698113
0.0	0.0
0.0	0.0
0.0	0.001
-0.0007722879527136683	0.0
-0.0052178166806697845	0.0
-6.023246612585353e-08	1.0
0.0	1.0
0.0	1.0
0.0	1.0
0.0	0.0
0.0	1.0
0.0	1.0
0.0	1.0
0.0	1.0
0.0	1.0
0.0	1.0
0.0	1.0
-1.2921029792778427e-06	1.0
0.0	0.0
0.0	0.0
0.0	0.0
-0.025704674422740936	0.0
0.0	1.0
0.0	0.0
-2.09288682526676e-05	0.0
-0.00844723079353571	0.0
