0.0	0.084
0.0	0.0
0.0	1.0
0.0	0.004052684903748734
0.0	1.0
0.0	1.0
0.0	0.009036144578313253
0.0	1.0
-0.0011720733018592	0.0
0.0	1.0
0.0	0.0
0.0	0.0
0.0	1.0
-0.0014824311947450042	1.0
0.0	0.0
0.0	1.0
0.0	0.0
0.0	1.0
-9.67912856140174e-05	0.0
0.0	1.0
0.0	0.0
0.0	0.158
0.0	0.0
0.0	0.0
-5.2511745707306545e-06	0.005988023952095809
0.0	0.0
0.0	1.0
-0.0008453471818938851	0.0
0.0	0.0
0.0	0.0
0.0	0.0
0.0	1.0
0.0	1.0
0.0	0.0
-7.447269308613613e-05	1.0
0.0	1.0
0.0	1.0
-0.08580102771520615	0.0
0.0	1.0
0.0	1.0
0.0	1.0
-0.00022314474335871637	1.0
-0.003284365637227893	0.0
-0.0005711126723326743	0.335
0.0	1.0
-0.0007152203470468521	0.0
0.0	1.0
0.0	0.01
0.0	0.0
0.0	0.0
-0.0017742288764566183	0.0
0.0	0.0
0.0	0.0
0.0	0.0
0.0	0.8269230769230769
0.0	0.043
0.0	1.0
0.0	0.0
0.0	0.0
-3.4536147813096774e-12	0.0
0.0	1.0
0.0	1.0
0.0	1.0
-4.548240667645587e-06	0.0
0.0	1.0
0.0	0.030120481927710843
-3.1447580113308504e-05	1.0
0.0	1.0
0.0	0.0
0.0	0.0
0.0	0.0
0.0	1.0
-0.001454911194741726	0.0
0.0	1.0
0.0	1.0
0.0	1.0
-0.0033192613627761602	0.0020100502512562816
0.0	0.0
-0.0019611481111496687	0.0020100502512562816
0.0	0.0
-0.00024129451776389033	0.668
0.0	1.0
-0.02519306167960167	0.0
0.0	0.0
0.0	0.0
-0.001516434014774859	0.0
-6.110490176070016e-07	0.0
0.0	1.0
-0.0003148574032820761	0.0
0.0	1.0
0.0	1.0
-1.5676948628140508e-10	1.0
0.0	0.0
0.0	0.0
-0.005809780675917864	0.0
0.0	0.031
0.0	0.031
-9.750615390657913e-06	0.0
0.0	0.0
-6.559994290000759e-06	0.0
-9.801086808466919e-13	0.0
0.0	1.0
-0.0015925319166854024	0.0
-0.0008455790230073035	1.0
0.0	1.0
-3.0889636946085375e-06	1.0
0.0	0.001
0.0	0.029411764705882353
-1.6900343098313897e-06	1.0
-3.961705442634411e-05	1.0
-0.0007169301388785243	1.0
0.0	0.0
0.0	1.0
-4.624634897254509e-09	1.0
0.0	1.0
-0.000846893060952425	1.0
0.0	0.0
-4.450163260116824e-08	1.0
0.0	0.3377416073245168
0.0	1.0
-0.0002504954463802278	0.0
-1.7982429199037142e-06	1.0
0.0	1.0
0.0	1.0
-0.0015845155576243997	1.0
0.0	1.0
0.0	1.0
0.0	1.0
0.0	0.0
-0.00013147795107215643	1.0
-5.958291637853108e-10	1.0
0.0	1.0
0.0	0.0
0.0	1.0
-3.917192348268372e-09	0.0
0.0	0.005
-5.683177005266771e-05	1.0
0.0	0.0
-0.0010924596572294831	0.0
-0.00011220519809285179	1.0
-3.5135517464368604e-06	0.0
0.0	1.0
0.0	0.411
-6.143942300695926e-05	1.0
-0.001969793112948537	0.0
0.0	1.0
0.0	1.0
-0.0009055288974195719	0.0
-0.0010514681925997138	0.0
-3.784673197060329e-08	1.0
-3.158017716486938e-05	0.0
-0.003933469764888287	0.007
-8.163685838447066e-10	1.0
0.0	0.0
-7.46466830605641e-05	0.0
0.0	0.0
0.0	0.158
0.0	0.0
0.0	0.0
0.0	1.0
-0.0009631825960241258	1.0
-0.0028718484099954367	0.006
0.0	0.006
0.0	0.006
0.0	0.0
-2.2450405978702292e-08	1.0
0.0	1.0
0.0	0.0
0.0	0.589
0.0	0.0
0.0	1.0
0.0	0.0
-0.0007589581655338407	0.0
0.0	0.0
0.0	0.0
-0.00618331553414464	0.0
-0.019170746207237244	0.0
-2.8342486135812806e-09	0.0
0.0	0.0
-0.00010739582648966461	0.0
0.0	0.0
-0.011058208532631397	0.0
-2.8902386475238018e-06	0.0
-0.0007191246841102839	1.0
-7.059212657622993e-05	0.0
0.0	0.0
0.0	0.094
-0.00015750979946460575	1.0
-4.781219558935845e-06	0.0
0.0	0.0
-2.5326131435576826e-05	0.0
-0.007181441877037287	0.0
-3.332697360747261e-06	1.0
-9.618838521419093e-05	1.0
-2.1790514438180253e-05	0.20340681362725452
0.0	1.0
0.0	0.118
-0.06679565459489822	0.0
0.0	0.0010548523206751054
-2.2702360524817777e-07	0.052
-7.956483614179888e-07	1.0
-0.0005822363309562206	0.0
0.0	1.0
0.0	1.0
-0.007753242272883654	0.0
0.0	1.0
0.0	1.0
0.0	1.0
0.0	0.0
0.0	1.0
0.0	0.0
-0.001906708930619061	1.0
0.0	1.0
-0.006335957907140255	0.0
0.0	1.0
-1.9002860426553525e-05	0.0
0.0	1.0
-1.1362476515230924e-09	0.0
0.0	1.0
-1.166416296882744e-09	0.0
0.0	0.043
0.0	0.0
0.0	1.0
0.0	0.0
0.0	0.0
-0.0060031539760529995	0.0
-2.956948037535767e-06	0.0
-0.0015834091464057565	1.0
0.0	0.0
-1.990384225791786e-05	1.0
0.0	1.0
0.0	1.0
0.0	0.0
-0.0003798124089371413	0.0
-6.351800493575865e-06	0.0
0.0	0.0
-0.0016966076800599694	0.06624605678233439
-0.0002060208353213966	0.052294557097118465
0.0	1.0
0.0	1.0
0.0	0.0
-2.4321096248058893e-08	1.0
-2.976920099317937e-11	1.0
0.0	1.0
-0.004193883389234543	0.03278688524590164
0.0	1.0
0.0	1.0
-5.411437541624764e-06	1.0
-0.00016176750068552792	0.0
0.0	1.0
0.0	1.0
-0.016703911125659943	0.0
-1.331274006588501e-06	1.0
0.0	0.0
-1.331639305135468e-05	0.0
0.0	0.0
0.0	0.0
-0.0004716055409517139	1.0
-3.469641796094436e-10	1.0
-2.0451403770493926e-07	0.0
0.0	0.0
0.0	0.001
0.0	1.0
-0.0028621996752917767	0.001
0.0	1.0
0.0	0.0
-4.974117018718971e-06	0.0
0.0	1.0
0.0	1.0
-2.2763806555303745e-05	1.0
0.0	0.0
0.0	0.002
-7.625539001310244e-05	1.0
0.0	0.0
0.0	1.0
-8.813892782200128e-05	0.0
-1.1277254685637672e-07	0.0
-0.0002681580081116408	0.001
-6.311506149359047e-05	1.0
0.0	0.08208208208208208
0.0	0.0
0.0	1.0
-2.797484910388448e-08	0.005208333333333333
0.0	1.0
-2.3272143153008074e-05	0.0020060180541624875
0.0	1.0
0.0	1.0
0.0	0.0
0.0	1.0
-2.1820897089241953e-08	1.0
0.0	1.0
0.0	1.0
0.0	1.0
-0.0015004765009507537	0.0
0.0	1.0
-1.733457247610204e-05	1.0
0.0	1.0
0.0	1.0
-0.0002916911616921425	1.0
-3.564508972431213e-07	1.0
0.0	1.0
-0.0003556389710865915	1.0
-0.0002245360374217853	0.0
-1.3273594959173352e-05	0.0
0.0	1.0
0.0	1.0
-0.0001162404369097203	0.0
-3.683539091525745e-07	1.0
0.0	1.0
-0.00019643914129119366	1.0
0.0	0.0
0.0	1.0
-1.0194207789027132e-06	1.0
0.0	0.0
0.0	0.0
0.0	0.0
0.0	1.0
0.0	0.0
-0.00018153655400965363	1.0
0.0	1.0
-0.0014727776870131493	0.0
0.0	0.0
-0.0009808633476495743	1.0
0.0	0.0
0.0	0.0
0.0	1.0
0.0	0.0
0.0	1.0
-0.00015572371194139123	1.0
-1.0323419701308012e-06	1.0
-7.853198269458517e-08	1.0
0.0	1.0
0.0	0.0
0.0	0.01901901901901902
-0.0006901584565639496	0.0
0.0	0.0
0.0	0.0
0.0	0.0
0.0	1.0
-9.549488459015265e-05	1.0
0.0	1.0
0.0	1.0
-0.004337791819125414	0.0
0.0	0.0
0.0	1.0
-0.005659901537001133	0.0
0.0	1.0
0.0	1.0
-8.759187767282128e-05	0.02142857142857143
-6.982007107581012e-06	0.0
0.0	0.179
0.0	0.0
0.0	1.0
0.0	0.0
-0.0004905168316327035	0.002002002002002002
0.0	0.001002004008016032
0.0	1.0
0.0	1.0
-3.3042604627553374e-05	0.0
0.0	0.002004008016032064
0.0	0.0
-0.002789453836157918	0.0
-2.030436007771641e-06	0.002
0.0	1.0
-0.0012186222011223435	0.0
0.0	1.0
0.0	0.0
0.0	1.0
0.0	1.0
0.0	1.0
0.0	1.0
0.0	0.011976047904191617
-0.0006125738145783544	1.0
0.0	1.0
0.0	0.3346774193548387
-0.0008496511727571487	0.0
-3.155643980790046e-06	0.332
-2.500941809557844e-05	0.0
-9.96350499917753e-05	1.0
0.0	0.0
0.0	1.0
0.0	1.0
-2.0319301796689615e-08	1.0
0.0	1.0
-3.341984324833902e-07	0.332
0.0	1.0
0.0	0.0
0.0	1.0
0.0	0.0
0.0	1.0
-4.136591513770327e-08	0.0
0.0	1.0
0.0	1.0
0.0	0.332
-0.00022267371241468936	1.0
-0.0010452705901116133	1.0
0.0	1.0
0.0	1.0
-0.003048925893381238	0.0
0.0	0.0
-2.5511808416922577e-05	0.08826479438314945
0.0	1.0
-0.005545840598642826	0.0
0.0	0.088
0.0	0.08888888888888889
0.0	0.0
-9.420482172117772e-09	1.0
-0.003509070025756955	0.010869565217391304
-0.0007219603285193443	0.0
-0.00039136491250246763	0.0
0.0	0.0
-0.00021306652342900634	0.0
0.0	1.0
-0.0002113965601893142	0.0
0.0	0.0030181086519114686
0.0	1.0
0.0	0.006018054162487462
-0.0013480333145707846	0.0
0.0	1.0
-5.014022086413661e-09	0.0
-1.1730351616279222e-05	0.0
0.0	0.00508130081300813
0.0	1.0
0.0	1.0
0.0	0.004024144869215292
0.0	1.0
0.0	0.006024096385542169
0.0	1.0
0.0	0.006535947712418301
0.0	1.0
-3.233955067116767e-05	1.0
-0.0010877507738769054	0.006507592190889371
-8.53064648254076e-06	1.0
0.0	0.0032537960954446853
-0.00024026307801250368	1.0
-3.258571814512834e-05	1.0
-0.0025393362157046795	0.07823470411233702
0.0	1.0
0.0	0.0
0.0	1.0
0.0	0.0
0.0	0.0
-0.0038894920144230127	0.0
-0.00018449770868755877	1.0
-0.00048730819253250957	0.0
0.0	0.0
0.0	0.0
0.0	1.0
0.0	0.0
0.0	1.0
0.0	0.0
0.0	1.0
0.0	1.0
0.0	1.0
-0.0010131857125088573	1.0
0.0	1.0
0.0	0.0
0.0	1.0
0.0	1.0
0.0	0.0
-7.595287024741992e-05	1.0
-0.0002382307284278795	0.11311311311311312
0.0	1.0
-0.0013241852866485715	0.0
-0.0006839621928520501	0.11311311311311312
0.0	1.0
0.0	0.0
-0.00014401601220015436	0.0
-0.013871101662516594	0.0
0.0	1.0
-0.00011669290688587353	0.0
0.0	1.0
-6.500278573184914e-07	1.0
-0.0001395180879626423	1.0
-0.0015606193337589502	0.0
0.0	0.0
0.0	1.0
0.0	1.0
-0.023451970890164375	0.0
0.0	1.0
-5.49082596990047e-06	1.0
0.0	1.0
0.0	0.0
0.0	1.0
-2.518404471629765e-05	1.0
0.0	0.0
0.0	1.0
0.0	0.0
0.0	0.0
-0.0022169144358485937	0.0
-0.0018076746491715312	1.0
0.0	1.0
0.0	0.028985507246376812
-0.007936004549264908	0.02004008016032064
0.0	0.02
0.0	0.0
0.0	0.0
0.0	0.0
0.0	0.0
0.0	1.0
-0.0002628551737871021	1.0
-0.007858392782509327	0.0
-0.00010988269787048921	1.0
0.0	1.0
0.0	1.0
-0.0023814591113477945	1.0
0.0	1.0
0.0	1.0
0.0	0.0
0.0	0.0
0.0	1.0
0.0	0.3516949152542373
-6.539060996146873e-05	0.0
-4.1787337977439165e-05	1.0
0.0	0.0
-1.794418494682759e-06	1.0
0.0	0.0
0.0	0.036072144288577156
0.0	1.0
-3.7366789911175147e-06	0.0
-0.009685170836746693	0.0
-0.00013827925431542099	0.0
-0.005321751348674297	0.0
-0.00024335915804840624	0.0
-1.155581594503019e-05	1.0
0.0	1.0
-0.00025251496117562056	1.0
-0.001364629715681076	0.0
0.0	1.0
-9.24593905438087e-07	0.0
-0.0019352890085428953	0.001
0.0	0.0
0.0	1.0
-0.002768228529021144	0.0
0.0	1.0
0.0	1.0
-0.0007936169276945293	1.0
0.0	1.0
0.0	0.668
-4.409763278090395e-06	1.0
0.0	1.0
0.0	0.002074688796680498
0.0	0.0031645569620253164
0.0	1.0
-0.0008336469763889909	1.0
0.0	1.0
-7.329006621148437e-05	1.0
0.0	0.0
0.0	1.0
0.0	0.179
0.0	0.179
0.0	1.0
0.0	1.0
0.0	1.0
-0.00014060974353924394	0.0
0.0	1.0
0.0	1.0
0.0	1.0
-1.2515857633843552e-05	0.0
0.0	0.0
-0.006699413061141968	0.0
0.0	1.0
-0.0012043380411341786	0.0
0.0	1.0
0.0	0.0
0.0	0.0
-0.08511674404144287	0.0
0.0	0.0
-9.693807078292593e-05	1.0
0.0	0.0
0.0	1.0
-0.0019744629971683025	1.0
0.0	1.0
0.0	1.0
0.0	0.0
0.0	0.0
0.0	0.0
0.0	1.0
-1.9556313901603062e-08	0.0
-8.750687811698299e-06	0.0
0.0	0.0
-2.287645656906534e-05	1.0
0.0	1.0
0.0	1.0
-1.3639876215165714e-06	1.0
-1.1148340917088717e-07	0.015
0.0	0.0
-1.8462652917605737e-07	0.0
0.0	1.0
-0.000246546434937045	0.015
0.0	1.0
0.0	0.015
0.0	0.015
0.0	1.0
-7.688950063311495e-06	0.0
-1.778873865987407e-07	1.0
0.0	0.0
-0.001626002136617899	1.0
0.0	0.0
-3.553547230694676e-06	0.0
