0.0	1.0
-0.005823260173201561	0.0
-0.0015451578656211495	0.0
0.0	1.0
-0.0012752986513078213	1.0
0.0	0.0
0.0	1.0
0.0	1.0
-2.1543640623625931e-13	0.0
0.0	0.0
0.0	1.0
0.0	1.0
0.0	1.0
0.0	1.0
0.0	1.0
0.0	1.0
0.0	0.0
-0.007067763712257147	0.0
-1.0976937674794796e-12	1.0
-0.0004688308690674603	0.0
0.0	1.0
-2.1517364075407386e-05	1.0
0.0	1.0
0.0	1.0
0.0	0.0
-1.3153560303180711e-06	0.0
-3.477551945252344e-05	0.0
-5.397083896241384e-06	1.0
0.0	1.0
-2.89429294753063e-07	1.0
-1.2928398973599542e-05	1.0
0.0	1.0
0.0	1.0
-0.00023873815371189266	0.1687116564417178
-0.0005805108230561018	1.0
0.0	1.0
0.0	1.0
-8.883427653927356e-05	1.0
0.0	0.0
0.0	1.0
-0.00023189907369669527	1.0
0.0	0.0
-0.0009385321754962206	1.0
0.0	0.0
0.0	0.0
0.0	0.011
-0.0021278769709169865	0.011
0.0	0.0
-0.00034417901770211756	1.0
0.0	0.0
0.0	0.0
-0.0001473412849009037	1.0
-0.00039557277341373265	0.0
0.0	0.0
-5.9188598243054e-05	1.0
-1.1259853636147454e-05	1.0
0.0	1.0
0.0	0.0
-0.0001155571299022995	1.0
0.0	1.0
0.0	1.0
0.0	1.0
-9.093749395105988e-05	0.0
0.0	0.0
0.0	1.0
-1.208978659406057e-07	0.0
-3.6510471090878127e-06	1.0
0.0	0.0
0.0	0.0
-3.672744787763804e-05	0.0012300123001230013
0.0	1.0
0.0	1.0
-0.00018946503405459225	0.1871871871871872
0.0	1.0
0.0	0.0012300123001230013
0.0	1.0
0.0	0.0012300123001230013
0.0	0.0012300123001230013
0.0	0.0
0.0	1.0
0.0	0.3683683683683684
0.0	0.0015822784810126582
0.0	1.0
0.0	1.0
0.0	0.0
0.0	0.0
-0.00108181347604841	0.0
0.0	1.0
-1.8290583625457657e-07	0.0
0.0	0.0
0.0	1.0
0.0	1.0
0.0	1.0
0.0	1.0
0.0	1.0
0.0	0.0
-9.277792969442089e-07	1.0
0.0	1.0
0.0	1.0
-0.003776802681386471	0.0
-2.997547765559716e-10	1.0
-0.003691214369609952	1.0
-1.6389625656643148e-08	1.0
-1.2904947652714327e-06	0.0
0.0	1.0
0.0	1.0
0.0	0.0
0.0	1.0
0.0	0.0
-2.8752026537404163e-07	0.0
0.0	0.0
-2.8007400487695122e-06	1.0
0.0	0.0
-0.0014791475841775537	0.0
0.0	1.0
0.0	1.0
-4.838896074943477e-07	0.0
-5.5995205912040547e-05	0.0
0.0	0.0
0.0	1.0
0.0	1.0
0.0	1.0
-5.39237807970494e-05	0.0
0.0	0.0
0.0	0.0
-0.0008395355544053018	0.0
0.0	0.0
0.0	0.0
-0.047882843762636185	0.0
0.0	0.007
0.0	0.0
0.0	0.0
0.0	0.0
-8.204352475171817e-11	1.0
0.0	1.0
-2.5981014914577827e-05	0.001006036217303823
-3.392436909166463e-08	1.0
0.0	1.0
0.0	0.001
0.0	0.001
-0.05515141412615776	0.0
-0.005430332850664854	0.0
0.0	0.0
0.0	1.0
-0.00026429645367898047	1.0
-6.149399996502325e-05	0.0
-9.091218817047775e-05	0.062
0.0	0.062
-0.00013319800200406462	0.062
0.0	0.062
0.0	1.0
0.0	1.0
0.0	1.0
0.0	0.0
0.0	1.0
0.0	1.0
0.0	1.0
0.0	1.0
-8.981575092548155e-07	1.0
0.0	0.001001001001001001
0.0	0.0
-4.084171933982361e-08	1.0
0.0	0.0
0.0	0.0
-4.342931333667366e-06	0.0
0.0	0.18775933609958506
-0.0021998235024511814	0.0
-0.021090006455779076	0.0
0.0	0.0
0.0	1.0
0.0	0.0
0.0	0.183
-0.0005178554565645754	0.0
0.0	0.188
0.0	0.183
0.0	1.0
0.0	0.0
0.0	1.0
0.0	1.0
-5.007689105696045e-05	1.0
0.0	0.0
0.0	0.262
-5.005624004184028e-08	1.0
-1.4920601421053448e-09	0.262
-0.0003138623433187604	0.262
0.0	1.0
0.0	0.268
-0.009701740927994251	0.0
0.0	0.0
0.0	0.0
0.0	1.0
0.0	1.0
0.0	0.0
0.0	0.0
0.0	1.0
0.0	0.0
-0.02115977555513382	0.0
0.0	1.0
0.0	0.0
-1.802742488621334e-08	0.0
-2.5039892648237583e-07	1.0
-0.00011150805949000642	1.0
0.0	0.0
0.0	1.0
-3.6937728964403505e-07	1.0
0.0	1.0
0.0	1.0
0.0	1.0
0.0	1.0
0.0	1.0
0.0	1.0
-1.999364562799144e-10	0.188
0.0	1.0
0.0	1.0
0.0	1.0
-0.006073154043406248	0.0
-5.254061306914082e-06	0.0
-4.9111051339423284e-05	0.0
0.0	0.001001001001001001
0.0	0.001001001001001001
0.0	0.0
0.0	1.0
-4.342137316371009e-09	1.0
0.0	1.0
-6.751991463715967e-07	0.0
-0.000265524402493611	1.0
0.0	1.0
-2.320593557669781e-05	0.0
0.0	0.0
-3.0501507353619672e-05	0.20949074074074073
0.0	1.0
-0.004597006365656853	0.0
0.0	1.0
-1.889630402729381e-05	0.0
0.0	1.0
-0.00013260771811474115	0.019
0.0	0.0
0.0	0.0
-0.0013526902766898274	0.0
0.0	0.019
-0.0023768425453454256	0.019
-2.540531340855523e-06	0.019
0.0	1.0
-2.250637589895632e-05	1.0
0.0	1.0
0.0	0.0
0.0	1.0
0.0	1.0
0.0	1.0
0.0	1.0
-0.0005371764418669045	0.0
0.0	1.0
0.0	1.0
0.0	1.0
0.0	0.0
0.0	0.003003003003003003
0.0	1.0
0.0	1.0
-5.285556653689127e-06	1.0
0.0	0.0
-7.710561078511091e-10	1.0
-0.00023149892513174564	1.0
-6.81535602780059e-05	0.0
0.0	1.0
-7.818156882422045e-05	0.0
0.0	1.0
0.0	0.0
0.0	1.0
0.0	0.0
0.0	0.057
-1.690474565885225e-10	0.0
0.0	1.0
-9.134571155300364e-05	1.0
0.0	0.057
-6.460776057792827e-05	0.0
-0.003364410251379013	0.0
0.0	0.0
-2.7687287001754157e-05	1.0
0.0	1.0
0.0	0.0
-0.0019319051643833518	0.0
0.0	0.0
-0.00046968439710326493	0.0
0.0	1.0
-0.00010336140258004889	1.0
0.0	1.0
-0.0033832176122814417	1.0
0.0	1.0
0.0	0.0
0.0	1.0
0.0	0.085
-6.356471260460239e-08	1.0
-0.0010865121148526669	0.0
-0.011914503760635853	0.0
0.0	0.006141248720573183
0.0	1.0
0.0	0.0
-0.004249420948326588	0.0
0.0	1.0
0.0	1.0
0.0	1.0
-1.9997272829641588e-05	1.0
0.0	0.0
0.0	1.0
-2.208402474934701e-05	1.0
0.0	1.0
0.0	1.0
-6.351582669594791e-06	0.0
-0.00013735026004724205	0.0020181634712411706
-0.004980917554348707	0.0020181634712411706
0.0	1.0
0.0	1.0
-0.0015792372869327664	0.0
-0.0015096372226253152	0.001017293997965412
0.0	0.0010090817356205853
-1.834663643229817e-09	1.0
-8.415456977672875e-05	1.0
-2.4292614853038685e-07	1.0
0.0	0.01002004008016032
-4.2185551137663424e-05	1.0
0.0	0.0
-3.8460885321001115e-07	1.0
-0.003641365095973015	0.0
0.0	0.0
0.0	0.0
0.0	1.0
0.0	0.0
-0.00041184795554727316	1.0
-0.009963884018361568	0.0
0.0	0.0
0.0	1.0
-5.647822490573162e-06	1.0
-7.50847266317578e-06	1.0
-0.00012375417281873524	0.0030737704918032786
-0.00020226943888701499	1.0
0.0	1.0
0.0	1.0
-2.7199297619517893e-05	1.0
-2.9371019505397555e-11	1.0
-0.006013807374984026	0.0
0.0	0.0
0.0	1.0
0.0	0.0
0.0	1.0
0.0	0.0
-3.00183874060167e-05	1.0
0.0	1.0
0.0	0.0
-0.0022483777720481157	0.938
-0.005205363966524601	0.0
-0.003913462162017822	0.0
0.0	1.0
-1.0541469919189694e-09	0.0
0.0	0.0
-0.00016603860422037542	1.0
0.0	1.0
-4.218413778289687e-07	0.0
-0.0014991199132055044	0.0
0.0	1.0
-0.0001910156715894118	1.0
0.0	1.0
-3.907025529770181e-06	0.0
-2.4910455977078527e-05	1.0
0.0	0.0
0.0	1.0
0.0	1.0
0.0	1.0
0.0	0.0
0.0	1.0
-1.099764176615281e-05	1.0
0.0	1.0
0.0	1.0
0.0	0.0
0.0	1.0
0.0	1.0
-0.0011565041495487094	1.0
0.0	0.0
0.0	1.0
0.0	1.0
0.0	1.0
0.0	1.0
0.0	1.0
-0.0006770419422537088	1.0
0.0	0.0
-1.361397335131187e-05	1.0
0.0	1.0
0.0	1.0
-2.4308292267960496e-07	0.0
0.0	0.0
0.0	0.003
-0.0008625795016996562	1.0
-4.0930521208792925e-05	0.0
-0.01051529310643673	0.0
0.0	1.0
-0.0006474650581367314	1.0
-1.3765214745831145e-08	1.0
-0.004142776597291231	0.0
-1.1814622524752849e-07	1.0
-0.0005321786156855524	0.0
0.0	0.0
-0.0001701652945484966	1.0
0.0	1.0
0.0	0.0
0.0	0.012282497441146366
0.0	0.0
-0.001269895932637155	0.0
-0.00017603946616873145	0.004
0.0	1.0
0.0	1.0
0.0	1.0
0.0	1.0
0.0	0.0
-0.00041150531615130603	0.0
0.0	1.0
-6.071411553421058e-05	1.0
-0.0017978770192712545	0.002
0.0	1.0
0.0	0.0
0.0	0.0
-4.2321411456214264e-05	1.0
0.0	1.0
-0.00038406168459914625	0.0
0.0	0.004
-0.00012189461995149031	1.0
0.0	1.0
-0.0005873399786651134	0.0
0.0	0.0
0.0	1.0
0.0	0.0
0.0	0.0
0.0	1.0
0.0	1.0
-7.703647497692145e-07	1.0
0.0	0.0
0.0	1.0
0.0	0.0
0.0	0.0
0.0	0.0
0.0	1.0
0.0	0.0
-1.830267683544662e-05	1.0
0.0	0.0
-7.533028565376299e-07	1.0
-0.000554921105504036	0.0
0.0	1.0
0.0	1.0
-0.00017286877846345305	1.0
0.0	1.0
-2.2405867639463395e-05	1.0
0.0	1.0
0.0	1.0
-0.0004680822603404522	1.0
-0.0002135613904101774	1.0
0.0	1.0
-1.0327533345844131e-05	0.0
0.0	0.347
-0.00036498322151601315	0.0
-3.605329538913793e-06	0.346
0.0	1.0
0.0	1.0
-0.001546778017655015	0.0
0.0	0.20546448087431693
0.0	0.0
0.0	1.0
-6.80447556078434e-05	0.20546448087431693
-0.0010231492342427373	1.0
0.0	1.0
-0.00011262309999438003	1.0
-1.3754474004201711e-08	1.0
-0.0022463437635451555	0.0
0.0	0.188
0.0	1.0
-7.735951080092912e-18	0.0
-0.00162486860062927	0.0
0.0	1.0
0.0	1.0
-1.5104211342986673e-05	1.0
-2.416836863972094e-08	0.0020491803278688526
-0.00044003178481943905	0.0
-0.00034354417584836483	0.0
0.0	0.0
0.0	0.0
0.0	0.0
0.0	0.0
-0.013190577737987041	0.0
0.0	1.0
-1.4951934872442507e-06	1.0
0.0	1.0
-3.4537887927399424e-07	1.0
0.0	1.0
0.0	1.0
-4.273744252714096e-06	0.0
0.0	1.0
-0.004648983012884855	0.0
-1.087922282749787e-05	1.0
-0.0007260333513841033	0.0
-6.82085519656539e-05	0.0
0.0	0.4034034034034034
-0.007505921181291342	0.0
-6.894324178574607e-05	1.0
0.0	0.403
-2.264803697471507e-06	1.0
-0.0019134307513013482	0.0
0.0	0.0
0.0	0.0
0.0	0.0
-0.0024094576947391033	0.01
-0.00809240248054266	0.0
0.0	0.1898989898989899
-5.429549432278691e-08	0.0
0.0	0.017
0.0	1.0
-0.00015454516687896103	1.0
0.0	1.0
-2.232456708384234e-08	0.0
0.0	1.0
0.0	0.07889125799573561
0.0	0.07889125799573561
0.0	0.06695464362850972
0.0	0.35106382978723405
0.0	1.0
-3.627635081215885e-08	1.0
-4.437521511135856e-06	1.0
-3.524646530195241e-08	1.0
0.0	1.0
-0.00047713122330605984	1.0
0.0	1.0
0.0	1.0
0.0	1.0
-0.00031644542468711734	1.0
0.0	1.0
0.0	0.0
0.0	1.0
-0.0006379381520673633	0.188
0.0	0.0
0.0	0.1920326864147089
0.0	1.0
-0.0012279057409614325	0.1920326864147089
0.0	0.0
0.0	0.0
-4.878943826724935e-08	1.0
0.0	1.0
0.0	1.0
-9.507376671535894e-05	0.0
-2.643614061526023e-05	0.0
0.0	1.0
0.0	0.0
0.0	1.0
0.0	1.0
0.0	1.0
-0.059652846306562424	0.0
-8.153077942552045e-05	1.0
-0.00033343094401061535	0.0
-0.01551555935293436	0.0
0.0	0.0
0.0	1.0
0.0	0.0
0.0	0.0
-2.828075594152324e-05	1.0
-1.2800464901374653e-05	1.0
-0.0013838625745847821	0.0
0.0	0.0
0.0	0.0
0.0	1.0
0.0	0.4177777777777778
0.0	0.0
0.0	1.0
0.0	0.0
0.0	1.0
0.0	0.0
-1.6105830582091585e-05	1.0
0.0	0.0
0.0	0.0
-0.0033328349236398935	0.001
0.0	0.0
0.0	1.0
-0.00011333596921758726	1.0
0.0	0.0
-0.0005388103891164064	1.0
0.0	1.0
0.0	1.0
0.0	0.0
-3.843293256977631e-07	1.0
0.0	1.0
0.0	1.0
0.0	0.0
0.0	1.0
0.0	1.0
0.0	1.0
-1.0191152796323877e-05	1.0
0.0	1.0
0.0	1.0
0.0	0.0
-2.2462399940081923e-08	0.0
-1.1463739957306984e-09	0.0
-2.002601746653454e-07	0.0
0.0	1.0
-0.003994220867753029	0.0
0.0	1.0
0.0	0.0
0.0	1.0
-0.0005026722210459411	0.0
0.0	0.0
-5.671846793120494e-06	1.0
-0.0001333716936642304	1.0
0.0	1.0
0.0	1.0
0.0	1.0
0.0	0.0
0.0	0.07721046077210461
0.0	1.0
0.0	0.197
-6.917505457337825e-11	1.0
0.0	1.0
0.0	1.0
-9.553350537316874e-07	1.0
0.0	1.0
0.0	1.0
0.0	0.938
-4.342295767401083e-07	0.938
-3.398898940076833e-08	0.0
0.0	0.002105263157894737
0.0	1.0
0.0	1.0
0.0	1.0
-0.00028308285982348025	1.0
-0.0005399344954639673	0.0
-2.739886440394912e-06	1.0
-1.529139328180025e-20	1.0
0.0	1.0
0.0	1.0
-0.0002782600640784949	1.0
0.0	1.0
-0.0013143118703737855	0.0
-6.765400758013129e-05	1.0
0.0	0.0
0.0	0.012
0.0	1.0
0.0	0.0
-0.0010044930968433619	1.0
0.0	0.008097165991902834
0.0	1.0
0.0	0.012096774193548387
0.0	0.012096774193548387
-0.0001232422364410013	0.0
0.0	0.0
-0.01144060492515564	0.008
-2.8967484468012117e-05	0.0
-0.0028300974518060684	0.0
-0.0007481084321625531	0.011
0.0	0.054
0.0	0.057
0.0	1.0
