0.0	0.0
-0.0004438365576788783	0.0
-1.3411504369287286e-05	1.0
-0.03415215387940407	0.0
-1.4749093057986329e-09	1.0
0.0	0.0
0.0	1.0
-0.00042381559615023434	0.0
-0.028663817793130875	0.0
0.0	0.0
-0.01296992413699627	0.0
0.0	0.0
0.0	1.0
-0.0002790469443425536	0.0
-0.00018782890401780605	1.0
0.0	1.0
0.0	1.0
-0.0001490707218181342	1.0
0.0	1.0
-0.0015703518874943256	0.0
0.0	1.0
0.0	1.0
0.0	0.0
0.0	0.0
-3.685961928567849e-05	1.0
0.0	0.0
0.0	0.0
0.0	1.0
-0.0034832756500691175	0.0
0.0	1.0
0.0	1.0
0.0	1.0
-0.002934638410806656	0.0
0.0	1.0
-5.993511149426922e-05	0.0
-0.0011406600242480636	0.0
0.0	1.0
-0.0012851132778450847	1.0
-0.002217112109065056	1.0
0.0	1.0
-3.6923790958098834e-07	1.0
0.0	0.0
-0.01924176514148712	0.0
-3.704932893811019e-08	1.0
-0.00036084488965570927	0.0
-5.9988022258039564e-05	1.0
0.0	0.0
0.0	1.0
0.0	0.0
-1.588887130310468e-06	0.0
-1.3621852303913329e-05	0.0
-0.005464459769427776	0.002
0.0	0.002
0.0	1.0
0.0	0.0
0.0	1.0
-0.001857878640294075	1.0
-0.024531999602913857	0.0
-5.954270410057916e-10	1.0
-0.0016457750461995602	0.0
0.0	0.0
0.0	1.0
-8.607719792053103e-06	0.045
0.0	1.0
-0.00035141879925504327	0.0
0.0	1.0
0.0	1.0
-1.4310115147964098e-05	1.0
0.0	1.0
0.0	0.01532567049808429
0.0	1.0
-6.703626542758911e-11	0.0
0.0	1.0
0.0	1.0
0.0	1.0
0.0	1.0
-7.382652711385163e-08	1.0
0.0	1.0
0.0	1.0
0.0	1.0
0.0	0.0
-0.005182850174605846	0.004
-2.0199434572903963e-12	1.0
0.0	1.0
0.0	1.0
-2.589130053820554e-05	0.0
0.0	1.0
-6.579081673407927e-05	1.0
-0.00010682128777261823	1.0
0.0	1.0
0.0	0.0
0.0	0.0
0.0	1.0
0.0	1.0
-0.0004930393770337105	1.0
0.0	1.0
0.0	1.0
0.0	0.0
0.0	1.0
0.0	1.0
-6.358451628329931e-06	0.0
-0.011077596805989742	0.0
-4.3547293898882344e-05	1.0
-0.0002688514650799334	1.0
0.0	1.0
0.0	1.0
-0.00041980197420343757	0.0
0.0	1.0
-0.06846912950277328	0.0
-0.001517289550974965	0.0
0.0	1.0
0.0	1.0
0.0	0.0
-0.00019873943529091775	0.0
0.0	1.0
0.0	1.0
-3.633547748904675e-05	1.0
0.0	1.0
-0.0005583206075243652	1.0
0.0	0.0
0.0	0.0
0.0	0.0
0.0	1.0
-0.00015120150055736303	1.0
-0.0033664987422525883	0.0
0.0	1.0
-0.0004933848977088928	1.0
0.0	1.0
-3.53012619598303e-05	0.0
0.0	0.0
-2.0917305221246352e-08	1.0
-8.846719801169911e-09	1.0
0.0	1.0
-0.004962191451340914	0.0
0.0	1.0
-2.8989490601816215e-05	1.0
-0.001210409915074706	1.0
0.0	1.0
-1.028726819640724e-05	0.0
0.0	1.0
-0.0008382584201171994	1.0
-5.854606383026706e-11	1.0
0.0	0.0
0.0	0.0
-0.017995281144976616	0.0
-1.713747899145801e-08	1.0
0.0	0.0023837902264600714
0.0	0.16132264529058116
0.0	0.16132264529058116
0.0	0.0011918951132300357
0.0	1.0
-1.3630813811005282e-08	1.0
0.0	0.09090909090909091
0.0	0.0
0.0	1.0
0.0	1.0
0.0	1.0
0.0	1.0
0.0	1.0
0.0	1.0
0.0	1.0
-0.01280547771602869	0.001
0.0	1.0
-0.0008971666684374213	0.0
0.0	0.004004004004004004
-3.208568688517488e-10	1.0
0.0	0.02358974358974359
-0.0007412933045998216	1.0
-0.00024005821614991874	0.02459016393442623
-0.0001968635624507442	1.0
-0.0013097590999677777	0.023162134944612285
-2.042697997239884e-05	1.0
0.0	0.007157464212678937
0.0	0.0
0.0	0.03571428571428571
0.0	0.0
0.0	0.0
-0.006437310017645359	1.0
0.0	1.0
-6.928643870196538e-06	1.0
0.0	0.0
-0.0028973424341529608	1.0
0.0	0.044
0.0	0.0
-2.688581844267901e-06	0.007
0.0	0.003
-0.001700353343039751	0.0
0.0	0.0
-0.0007465746602974832	0.0
-3.4536187740741298e-06	0.0
-3.63843899453542e-10	0.0
-0.0008037912775762379	0.0
-0.0006023201276548207	1.0
0.0	0.0
-2.004723319259938e-05	0.0
0.0	0.0
0.0	0.0
0.0	1.0
0.0	1.0
0.0	1.0
0.0	1.0
0.0	1.0
0.0	1.0
0.0	1.0
0.0	0.0
0.0	0.0
0.0	1.0
0.0	0.0
0.0	1.0
0.0	1.0
0.0	1.0
0.0	1.0
-0.0035690937656909227	1.0
0.0	0.0
-7.545003510855963e-10	0.0
0.0	1.0
0.0	1.0
0.0	0.0
-3.153363286401145e-05	0.0
0.0	1.0
-2.0527620563370874e-06	1.0
0.0	1.0
0.0	0.0
-0.0005788446869701147	1.0
-0.002821126254275441	0.005
0.0	1.0
0.0	0.001
-1.7689277228782885e-05	1.0
0.0	0.0
-0.07592564821243286	0.0
0.0	0.0
-0.0036630388349294662	0.0010080645161290322
0.0	1.0
-0.0002531546342652291	1.0
0.0	1.0
-0.0002849702723324299	1.0
0.0	0.0
0.0	1.0
-0.00010987738642143086	1.0
-0.0012114034034311771	1.0
0.0	1.0
0.0	1.0
0.0	1.0
0.0	0.0
0.0	1.0
0.0	0.0
0.0	1.0
-2.2690686662940607e-08	1.0
-0.00024011214554775506	1.0
-0.0022106673568487167	0.0
0.0	1.0
0.0	1.0
0.0	0.0
0.0	1.0
-0.0023822463117539883	1.0
0.0	0.0
-4.3452637328300625e-05	1.0
-2.1919531718594953e-05	1.0
0.0	1.0
0.0	0.0
0.0	1.0
0.0	0.0
-0.002419080352410674	0.0
0.0	1.0
0.0	0.004
-8.552210033485608e-07	1.0
0.0	1.0
-3.287152139819227e-05	1.0
-0.003353753825649619	1.0
-0.00541761564090848	0.0
0.0	0.0
0.0	0.0
0.0	0.0030425963488843813
0.0	1.0
-0.0018296032212674618	0.0
0.0	0.0
0.0	0.0
0.0	0.0
-1.7794266682358284e-07	0.0
0.0	0.0
0.0	0.0
-1.2643487025343347e-05	1.0
0.0	1.0
-0.00010979370563291013	1.0
0.0	1.0
-0.0002496352535672486	0.0010141987829614604
0.0	1.0
0.0	1.0
0.0	1.0
0.0	1.0
0.0	1.0
0.0	0.0
0.0	1.0
-5.834907597090933e-07	0.0
-5.894055721000768e-05	0.0
-1.374920621799447e-08	1.0
-2.897260742429353e-07	1.0
0.0	1.0
-0.001208808389492333	0.0
-0.0005627604550682008	1.0
-0.0008261425537057221	0.0
-0.00030399099341593683	0.0
0.0	1.0
0.0	0.0
-1.5258632629411295e-05	1.0
0.0	1.0
-0.0007672953652217984	1.0
-0.00013884711370337754	0.0
0.0	0.064
-4.1327334088236967e-07	1.0
-1.6080493878689595e-05	1.0
0.0	1.0
0.0	1.0
-0.01820509508252144	0.0
0.0	0.0010050251256281408
-0.0004853402206208557	1.0
0.0	0.0
0.0	1.0
-0.00013713879161514342	1.0
0.0	1.0
0.0	1.0
0.0	0.006
-0.031670987606048584	0.0
0.0	0.0
-0.0013689988991245627	1.0
0.0	1.0
0.0	1.0
0.0	0.006006006006006006
0.0	1.0
0.0	0.008008008008008008
0.0	0.0010080645161290322
0.0	0.008008008008008008
-1.0029142447076644e-11	1.0
0.0	0.008
0.0	0.007
0.0	0.0
0.0	0.0
0.0	1.0
0.0	1.0
0.0	1.0
0.0	1.0
0.0	1.0
0.0	1.0
-2.228879765198144e-07	1.0
-0.0006496369605883956	0.0
0.0	1.0
0.0	1.0
-0.0016636325744912028	1.0
-0.001263589016161859	1.0
0.0	0.0
-0.012214810587465763	0.0
0.0	1.0
-1.8221439981869203e-11	1.0
0.0	0.0
-7.539811690548959e-07	0.0
0.0	0.0
0.0	0.0
-5.652444451698102e-05	1.0
0.0	1.0
-5.2833056543022394e-05	0.02
-6.956497156096475e-09	1.0
0.0	0.004
-5.588494111918862e-10	0.0
0.0	1.0
-4.148222069488838e-05	0.0
-2.7862395654665306e-05	0.0
-5.2106293878750876e-05	0.0
0.0	1.0
-5.844791317599629e-11	0.0
-3.193889278918505e-05	0.004
0.0	1.0
-0.0038045886904001236	0.002
-5.343904922483489e-05	0.0
-2.1158937215659535e-06	0.0
0.0	0.0
-0.0008691081311553717	1.0
-0.0023445612750947475	0.0
0.0	0.021042084168336674
0.0	1.0
0.0	0.0
0.0	1.0
0.0	0.0
0.0	1.0
0.0	0.02
0.0	1.0
0.0	1.0
0.0	0.0
-0.00027786882128566504	0.088
-0.0014924511779099703	0.088
0.0	1.0
-2.771585604932625e-05	0.0
-1.4257271914175362e-06	1.0
0.0	1.0
0.0	0.001
0.0	0.0
-0.003051208099350333	0.0
0.0	1.0
-8.209163206629455e-05	0.0
0.0	0.009240246406570842
-4.725872713606805e-06	0.0
0.0	1.0
-0.00010612711776047945	1.0
0.0	1.0
0.0	1.0
0.0	0.0
0.0	1.0
0.0	1.0
0.0	1.0
0.0	0.0
0.0	0.0
0.0	0.0
0.0	0.0
0.0	1.0
-0.007144382689148188	0.0
-5.366160293895916e-10	1.0
-2.4697308642629423e-09	0.0
0.0	1.0
-4.417931298572597e-12	1.0
0.0	0.0
0.0	0.986
-0.0013905471423640847	0.0
-0.0001751840754877776	0.986
0.0	1.0
0.0	0.0
0.0	1.0
0.0	1.0
0.0	0.0
0.0	1.0
-0.007076961919665337	0.0
0.0	1.0
0.0	0.0
0.0	1.0
-5.210790132714749e-11	1.0
-7.041783192107687e-07	1.0
-5.418088403530419e-05	1.0
0.0	1.0
0.0	1.0
-6.108870055860152e-14	1.0
-0.0028523397631943226	1.0
-0.004884053487330675	0.0
0.0	1.0
0.0	0.0
-8.620870175946038e-06	1.0
0.0	1.0
0.0	1.0
0.0	1.0
-2.5663617634563707e-05	1.0
0.0	1.0
0.0	1.0
0.0	1.0
0.0	1.0
-0.009334977716207504	0.0
-0.0014076760271564126	0.0
-9.654409041104373e-06	1.0
-0.0003484210174065083	1.0
0.0	0.0
-5.835580907387339e-08	1.0
-0.02413919009268284	0.0
0.0	0.002
-0.0013413463020697236	0.0
-0.013434254564344883	0.0
-0.0011220764135941863	0.0
0.0	0.0
0.0	1.0
-0.0004093822499271482	0.0
0.0	0.08917835671342686
0.0	1.0
-1.2223794101373642e-06	1.0
-0.0006603703368455172	0.09519038076152304
0.0	1.0
0.0	0.0
0.0	0.0
-1.1675066389216227e-06	0.014198782961460446
0.0	0.014198782961460446
0.0	0.2796610169491525
0.0	1.0
0.0	1.0
0.0	1.0
0.0	0.0
0.0	1.0
0.0	1.0
0.0	1.0
0.0	0.0
-2.6501258965083707e-09	1.0
-1.3559094291792917e-08	1.0
-0.03892587497830391	0.0
-0.00015143348718993366	1.0
0.0	1.0
0.0	1.0
0.0	0.0
0.0	1.0
0.0	1.0
-4.100512285276636e-07	1.0
0.0	1.0
-4.7934523905723836e-08	1.0
-0.0017978640971705317	0.0
0.0	0.0
0.0	0.0
0.0	1.0
-0.00046847821795381606	0.005
-5.22115715284599e-06	0.0
-1.8491464288672432e-05	1.0
-2.465501587611829e-11	1.0
-5.521322918866645e-07	0.0
-0.000503862916957587	1.0
0.0	1.0
0.0	1.0
-1.1415441747431032e-07	1.0
-0.00017537508392706513	0.0
0.0	1.0
-0.0015008080517873168	1.0
-0.0002326048124814406	1.0
-3.208012699928986e-08	1.0
0.0	1.0
0.0	0.002004008016032064
0.0	0.003006012024048096
0.0	0.982
0.0	1.0
-2.334673581572133e-06	1.0
-5.984561357763596e-05	0.0
0.0	1.0
-0.0006757587543688715	1.0
0.0	1.0
0.0	1.0
0.0	1.0
0.0	0.0
-0.0003065318742301315	1.0
0.0	0.0
-3.1286999728763476e-05	1.0
-2.4428785661001484e-09	1.0
0.0	0.027522935779816515
0.0	1.0
-0.002088138833642006	1.0
0.0	1.0
0.0	0.0
-0.00035301619209349155	0.0
0.0	0.0
0.0	0.016
-4.487686601351015e-05	1.0
-3.8066789329604944e-06	0.016
-4.269636519893538e-06	1.0
-0.0010284602176398039	0.0
-7.891806460706805e-20	0.0
0.0	1.0
-0.002725284080952406	0.0
0.0	1.0
0.0	1.0
0.0	0.0
-1.343233861916815e-06	1.0
-2.462990380536212e-07	1.0
-0.0005026723374612629	1.0
-9.326323197456077e-05	1.0
-0.02962108887732029	0.0
0.0	0.001
-0.017630163580179214	0.0
0.0	1.0
0.0	0.0
-0.002824831521138549	0.0
0.0	0.0
0.0	0.0
-0.0012078431900590658	0.033
0.0	0.0
0.0	0.0
0.0	1.0
0.0	1.0
-1.5662976693420205e-07	0.0
-0.005333980545401573	0.0
0.0	1.0
-1.0236195748802857e-06	1.0
0.0	1.0
0.0	0.0
-3.649171412689611e-05	1.0
0.0	1.0
0.0	1.0
-6.042927907401463e-06	0.0
0.0	1.0
0.0	1.0
0.0	1.0
-2.013970767933415e-09	1.0
0.0	1.0
0.0	0.0
-0.0010074770543724298	0.0
0.0	1.0
0.0	0.008
0.0	0.0
-0.010403662919998169	0.0
0.0	0.0
0.0	1.0
-0.002568404423072934	0.004
0.0	0.0
-3.5234698714248225e-08	0.004
0.0	0.0
0.0	1.0
0.0	1.0
0.0	0.035
0.0	1.0
0.0	0.0
