0.0	0.0
-3.055589331779629e-06	1.0
0.0	0.0
0.0	1.0
-1.9605976564474048e-10	1.0
-0.00014539260882884264	0.018
-0.019888948649168015	0.0
0.0	0.0
-3.9137394196586683e-05	1.0
0.0	0.0
-0.00015884279855526984	0.0
0.0	1.0
0.0	1.0
0.0	1.0
0.0	1.0
-0.0027389766182750463	1.0
0.0	0.0
0.0	1.0
-1.770255039446056e-05	1.0
0.0	1.0
0.0	1.0
-0.0032876201439648867	0.0
0.0	1.0
0.0	1.0
0.0	0.010804321728691477
0.0	0.16851664984863773
-0.0002060670667560771	0.005040322580645161
-0.006333015393465757	0.005040322580645161
-1.115976377974448e-08	0.005040322580645161
0.0	0.005040322580645161
0.0	0.008040201005025126
0.0	0.008
-1.4165646007313626e-06	0.0
-1.5418470866279677e-05	0.166
-3.32344243361149e-05	0.0
-0.00045958851114846766	0.0
0.0	1.0
-0.0006887296913191676	0.0
0.0	1.0
0.0	0.0
0.0	1.0
-0.004123084247112274	0.0
0.0	0.028
0.0	0.0
-0.0020229604560881853	0.0
-1.5652957818801383e-09	1.0
-0.0014789863489568233	1.0
-0.029513299465179443	0.0
0.0	1.0
0.0	0.0
-0.0004727772029582411	1.0
0.0	1.0
0.0	0.0
0.0	0.002002002002002002
-0.010009247809648514	0.002
-0.0006316038779914379	0.0
-7.719769268277332e-10	0.16633266533066132
0.0	0.834
0.0	0.0
-8.118931638101401e-10	1.0
0.0	1.0
-0.0002205168711952865	1.0
0.0	1.0
0.0	1.0
0.0	1.0
-1.1806312727458135e-07	0.01820020222446916
0.0	1.0
0.0	1.0
0.0	1.0
-0.00043126384844072163	1.0
-0.0003564784419722855	1.0
0.0	0.0
-0.013747784309089184	0.0
0.0	1.0
-2.945803316833917e-05	1.0
-2.892671513223823e-16	1.0
-0.0010338909924030304	0.15191146881287726
0.0	1.0
-3.52777806966742e-10	1.0
0.0	0.0
0.0	0.0
0.0	0.0
0.0	1.0
-0.0002236811415059492	1.0
0.0	0.0
0.0	0.0
-1.7200525689986534e-05	1.0
0.0	1.0
0.0	1.0
0.0	0.0
0.0	1.0
-0.0022302044089883566	1.0
0.0	1.0
-1.6371801393688656e-05	0.205
0.0	0.205
-0.005712387152016163	0.0
0.0	1.0
0.0	1.0
0.0	0.0
0.0	1.0
0.0	1.0
-0.0011088636238127947	0.0
0.0	0.0
0.0	0.0
0.0	1.0
0.0	0.0
-0.00022621719108428806	1.0
0.0	1.0
0.0	1.0
0.0	0.0
-0.0016267152968794107	1.0
-0.006556881126016378	0.0
-4.0485880958840426e-07	0.0
0.0	1.0
0.0	1.0
-0.0009372184285894036	1.0
0.0	1.0
-0.0010748155182227492	0.0
-0.004805981181561947	1.0
-0.0003635202010627836	1.0
0.0	1.0
-0.00023761535703670233	0.10319148936170212
0.0	1.0
0.0	1.0
0.0	1.0
0.0	0.0
-3.468147724561277e-06	1.0
-0.0012861753348261118	0.0
-3.667585406219587e-05	1.0
0.0	1.0
0.0	1.0
0.0	1.0
0.0	1.0
-0.00019604912085924298	1.0
-2.0708174758299336e-12	1.0
-1.6398953448515385e-05	1.0
-4.0455441194353625e-05	0.0
-1.3931414310738074e-14	0.0
0.0	1.0
-2.142492974144261e-07	0.0
0.0	1.0
-2.2382357201422565e-05	1.0
0.0	0.0
0.0	0.0
-0.00016643731214571744	1.0
0.0	1.0
0.0	1.0
0.0	1.0
0.0	0.0
-0.00012424327724147588	1.0
0.0	0.0
-0.00017184120952151716	0.0
-0.0014354012673720717	0.007
0.0	0.0
0.0	1.0
0.0	0.0
-1.7868764246031787e-07	1.0
0.0	0.0
-0.000463233474874869	1.0
0.0	1.0
-2.188239932365832e-06	0.001199040767386091
0.0	0.0
-3.174258438320976e-07	1.0
-0.0013431619154289365	1.0
0.0	1.0
-0.0040625156834721565	0.0
-6.021246008458547e-05	0.0
-0.0022291913628578186	1.0
-1.426277776772622e-06	1.0
-9.537368168821558e-05	1.0
-5.513235919352155e-06	1.0
0.0	0.0
0.0	1.0
0.0	1.0
-0.015333390794694424	0.0
0.0	0.5463917525773195
0.0	0.0
-0.0019155873451381922	1.0
-0.00037899293238297105	0.0
0.0	1.0
0.0	0.0
-6.089232920203358e-05	0.0
0.0	0.0
-0.004301224835216999	0.0
0.0	1.0
-1.7020736777340062e-05	1.0
0.0	0.091
-0.0009327121078968048	0.0
0.0	0.091
0.0	1.0
-0.002836785512045026	0.0
0.0	1.0
-3.593274766275356e-12	1.0
0.0	1.0
-0.0025015370920300484	1.0
0.0	1.0
-0.003657153807580471	0.0
0.0	1.0
0.0	1.0
-0.0005264965002425015	0.0
0.0	1.0
-4.933973104925826e-05	1.0
-0.003983104135841131	0.0
-0.016499100252985954	0.0
-0.001039649243466556	0.2032032032032032
0.0	1.0
-6.80513423390039e-08	0.166
-0.00048089446499943733	0.0
-0.001301038428209722	0.0
0.0	1.0
0.0	0.166
0.0	0.2434052757793765
0.0	0.2434052757793765
0.0	0.168
-1.1746655218303204e-05	0.171
-9.469415817875415e-05	1.0
0.0	1.0
-1.7522746929898858e-05	1.0
-4.772407919517718e-06	0.0
0.0	0.035
0.0	0.035
0.0	0.041
0.0	0.0
0.0	0.001
0.0	0.0
0.0	0.0
0.0	1.0
-1.246348529093666e-05	1.0
0.0	0.0
0.0	0.0
-0.00032018928322941065	1.0
-0.003141864435747266	0.0
0.0	1.0
-0.00010042400390375406	0.0
0.0	1.0
0.0	1.0
0.0	0.0
-0.0026609054766595364	0.0
0.0	0.005
0.0	1.0
-0.0001704282040009275	1.0
0.0	1.0
0.0	1.0
0.0	1.0
-0.0033609075471758842	1.0
0.0	1.0
-2.9790032840537606e-07	1.0
0.0	1.0
0.0	1.0
0.0	0.0
-9.532475814921781e-06	1.0
0.0	1.0
0.0	0.0
0.0	1.0
0.0	1.0
-5.716802479582839e-05	1.0
0.0	0.0
0.0	1.0
0.0	1.0
0.0	1.0
-0.004351207986474037	0.0
0.0	0.834
-4.800104215973988e-05	0.834
0.0	0.834
-0.0007237612153403461	1.0
0.0	0.002
0.0	1.0
0.0	0.0
-0.03473128005862236	0.0
-2.382522689003963e-05	1.0
0.0	0.0
0.0	0.0
-0.00046879498404450715	0.0
0.0	0.0
0.0	1.0
0.0	0.0
-6.851012585684657e-06	1.0
0.0	0.0
-0.0026761020999401808	0.005
0.0	0.0050150451354062184
0.0	1.0
0.0	1.0
0.0	1.0
0.0	1.0
0.0	0.03636363636363636
-0.007092962507158518	0.0
-0.04395386576652527	0.0
-8.125355088850483e-05	0.0
0.0	0.0
0.0	0.0
0.0	0.26762114537444937
0.0	0.26762114537444937
0.0	1.0
0.0	1.0
-2.8891524834762095e-06	1.0
0.0	1.0
0.0	1.0
0.0	1.0
0.0	0.0
-5.0638177526707295e-06	1.0
-0.0002769655256997794	1.0
-6.869508979434613e-06	0.0
0.0	1.0
0.0	0.0
-0.0009891972877085209	1.0
0.0	1.0
-3.4440802210156107e-07	0.0
-0.00037516464362852275	0.0
0.0	0.0
-2.8239560023735066e-08	0.0
0.0	0.0
0.0	0.0
-2.0160106223299223e-11	1.0
0.0	1.0
0.0	0.0
0.0	0.16717019133937563
-7.331217784667388e-05	0.0
-0.0013142257230356336	0.0
-1.0755239827631158e-06	0.0
-6.229278369573876e-06	0.0
0.0	0.0
0.0	0.0
-6.773356290068477e-05	0.0
-0.0005459868698380888	1.0
0.0	0.0
-3.176244717906229e-06	0.0
-5.1430797611828893e-05	0.0
0.0	0.0
-1.331120001550612e-12	1.0
0.0	1.0
0.0	1.0
0.0	0.0
0.0	0.0
0.0	1.0
0.0	0.0
0.0	0.0
0.0	1.0
0.0	0.0
0.0	1.0
-0.00022536613687407225	1.0
0.0	1.0
0.0	1.0
0.0	0.0
0.0	1.0
-4.546360287349671e-05	0.0
-5.049350147601217e-05	1.0
0.0	0.0
-9.885797958020248e-09	1.0
0.0	1.0
-8.718155731912702e-05	1.0
0.0	0.0
0.0	1.0
-0.000901010527741164	1.0
-0.0009308662847615778	0.0
0.0	0.0
0.0	1.0
0.0	0.0
-0.00012098865408916026	1.0
-0.0004725004837382585	1.0
-0.0006966686923988163	1.0
0.0	0.0
0.0	0.0
0.0	0.0
0.0	0.0
0.0	1.0
0.0	0.0
-0.00010698792175389826	0.0
-8.564484596718103e-05	1.0
0.0	0.0
-0.0024979289155453444	0.834
0.0	1.0
0.0	0.0
-4.2102847146452405e-06	1.0
-0.0008353376761078835	0.0
0.0	1.0
0.0	1.0
-8.812015039438847e-06	0.0
-0.00013417185982689261	1.0
-0.0004919423372484744	0.009
-1.4994192554240726e-07	0.0
0.0	1.0
-3.07614536723122e-05	0.0
-0.0006055901758372784	0.0
0.0	1.0
-0.03097028099000454	0.0
0.0	1.0
0.0	1.0
0.0	1.0
-2.641409264469985e-05	1.0
-0.0003595547750592232	1.0
-0.0004176366201136261	1.0
0.0	1.0
0.0	1.0
0.0	1.0
0.0	0.0
0.0	1.0
0.0	1.0
0.0	0.0
0.0	1.0
0.0	1.0
0.0	1.0
-2.9074794838379603e-06	1.0
0.0	1.0
0.0	1.0
-0.009112046100199223	0.0
-0.0010030869161710143	0.024120603015075376
0.0	1.0
-0.0005525230662897229	1.0
-8.589633580413647e-06	1.0
0.0	1.0
-0.00019111315486952662	0.0
0.0	0.0
0.0	1.0
-0.0006061267340555787	0.0
0.0	1.0
0.0	0.0
-0.0022242828272283077	1.0
0.0	1.0
0.0	1.0
0.0	1.0
0.0	1.0
-0.00033503712620586157	1.0
0.0	0.0
0.0	1.0
0.0	1.0
0.0	1.0
0.0	1.0
0.0	0.0
0.0	1.0
0.0	1.0
0.0	0.0
-0.00024331138411071151	1.0
0.0	0.0
0.0	0.0
-9.562576451571658e-05	0.0
-2.2467499150025105e-07	0.0
0.0	1.0
-8.360630521231371e-10	1.0
-0.03808673843741417	0.0
0.0	1.0
-0.0001771581737557426	1.0
0.0	1.0
-2.381089991843055e-08	0.0
-0.0003729765594471246	0.053
-0.0006964473868720233	0.0
0.0	0.0
-2.3400334612233564e-06	0.0
0.0	0.0
0.0	0.0
0.0	0.012547051442910916
0.0	1.0
0.0	0.015136226034308779
-1.1121312581963139e-06	0.015136226034308779
-5.906090336793568e-07	1.0
0.0	1.0
-0.003354853019118309	1.0
-0.0004237620159983635	1.0
0.0	1.0
-0.00041918150964193046	0.0
0.0	1.0
0.0	0.0
0.0	1.0
-4.7600150310245226e-07	0.0
0.0	1.0
0.0	0.001
0.0	1.0
-0.0002769933780655265	1.0
-8.599488410254708e-07	0.0
-1.0237175018801281e-07	0.0
0.0	1.0
0.0	0.0
-2.142484845535364e-06	0.039
-8.610125806773894e-11	0.0
0.0	1.0
-2.4061755365956117e-10	1.0
0.0	1.0
0.0	0.0
0.0	0.0
0.0	0.0
-0.0003736967337317765	0.0
-7.117539553291863e-06	0.0
0.0	0.0
-0.0034870696254074574	0.0
-3.891323649440892e-05	1.0
-2.4193972421926446e-05	1.0
-0.00013856749865226448	0.0
-0.0035895754117518663	0.0
-0.000791204278357327	1.0
-0.0010235083755105734	0.0
0.0	1.0
0.0	0.0
-0.0008563853334635496	1.0
-8.582307087223739e-10	1.0
0.0	1.0
0.0	0.0
-6.937197838396969e-08	0.0
0.0	1.0
-1.05656472442206e-05	0.0
0.0	1.0
-0.00012206938117742538	1.0
0.0	0.107
0.0	1.0
0.0	0.107
0.0	0.0
0.0	0.0
-0.004792618565261364	0.0
-1.1292380804661661e-05	0.0
0.0	1.0
0.0	0.0
0.0	1.0
0.0	0.0
-1.0091223863473164e-11	0.0
0.0	1.0
0.0	0.0
-0.0030782208777964115	1.0
-1.749842454046302e-06	1.0
-1.1538819308043458e-05	0.001
0.0	1.0
0.0	1.0
0.0	0.0
-6.286100415309193e-06	1.0
0.0	1.0
-0.0007889135158620775	0.0
-0.0009782129200175405	1.0
0.0	1.0
0.0	0.0
-5.022802724852227e-05	1.0
-4.888309558737092e-05	1.0
-0.0008374180179089308	1.0
0.0	0.0
0.0	0.0
-0.0021150349639356136	0.0
0.0	1.0
-1.2210201738582782e-08	0.0
0.0	1.0
-3.2694245533093635e-07	1.0
0.0	1.0
-0.001451843767426908	1.0
-0.00048343889648094773	1.0
0.0	1.0
0.0	0.0
0.0	0.0
0.0	0.0
0.0	1.0
0.0	1.0
0.0	1.0
0.0	0.849
-3.0537546990672126e-05	0.0
-0.00198458693921566	0.0
-0.0013674648944288492	0.0
0.0	1.0
0.0	0.0
0.0	1.0
-0.00021772079344373196	1.0
0.0	1.0
-0.050715357065200806	0.0
0.0	1.0
0.0	0.041
0.0	1.0
0.0	0.0
-1.6292049622279592e-05	0.043
-0.00011833017924800515	1.0
-3.007799705301295e-06	1.0
-9.125631913775578e-05	0.0
-0.00024107538047246635	0.0
-1.405851719482598e-07	1.0
0.0	1.0
0.0	1.0
-2.1011263015680015e-05	1.0
0.0	0.0
-0.0006530582904815674	0.0020222446916076846
-1.163875396059666e-08	1.0
0.0	1.0
-0.001201662584207952	0.0020222446916076846
-0.0002759275957942009	0.0
-0.10330958664417267	0.0
0.0	1.0
0.0	0.0
-0.0038127403240650892	0.002
-0.00012641130888368934	1.0
0.0	0.0
0.0	0.002002002002002002
-0.005378698464483023	0.001002004008016032
0.0	0.002002002002002002
-3.5637078781292075e-06	0.002002002002002002
0.0	0.0
0.0	0.0
-0.0013948173727840185	0.0
