-3.2439616006740835e-06	0.0
-1.6985610272968188e-05	0.0
-8.072647324297577e-05	0.0
0.0	0.0
0.0	0.058
0.0	0.054
0.0	0.0
-0.0032504985574632883	0.0
0.0	0.0
0.0	1.0
-1.0944271307082847e-15	0.0
-3.5972163914266275e-08	1.0
0.0	0.0
-7.251909295291625e-09	1.0
0.0	1.0
-0.00010748988279374316	1.0
0.0	0.01647058823529412
0.0	0.0
-0.0025874804705381393	0.0
0.0	1.0
0.0	0.036
-3.5928678698837757e-06	1.0
-7.293555768228543e-07	1.0
-0.00026578406686894596	0.0
0.0	0.0
-0.007541912142187357	0.0
-1.5841017386719614e-10	1.0
0.0	1.0
0.0	0.003
0.0	0.0
0.0	0.0
0.0	1.0
-0.00013742595911026	1.0
0.0	0.0
0.0	0.003
0.0	0.0
-0.014490429311990738	0.0
0.0	1.0
-0.0037711982149630785	0.0
-3.657438583104522e-07	1.0
0.0	0.0
0.0	0.0
-8.131613867590204e-05	1.0
0.0	1.0
0.0	1.0
0.0	0.0
0.0	0.008
-0.0011495512444525957	0.0
0.0	1.0
0.0	1.0
0.0	0.27477017364657813
-9.756000451943692e-08	1.0
0.0	0.19148936170212766
0.0	0.0
-0.0006012588273733854	0.0
-3.987789298776079e-08	1.0
0.0	0.0
0.0	1.0
-0.0007370119565166533	1.0
-1.779995727702044e-05	1.0
0.0	0.0
0.0	1.0
-9.133540856964828e-07	1.0
0.0	1.0
0.0	0.0
0.0	1.0
-3.231867040653924e-08	1.0
0.0	0.0
0.0	1.0
0.0	1.0
-0.030628550797700882	0.0
-2.2647892450322615e-08	0.003
0.0	0.003
0.0	0.0
0.0	1.0
0.0	0.0
0.0	0.0
0.0	1.0
-0.002154560061171651	0.0
0.0	1.0
-6.69881164427899e-11	1.0
-0.021514641121029854	0.0
0.0	1.0
-3.5845507682097377e-06	1.0
0.0	1.0
0.0	0.0
0.0	1.0
0.0	0.0
0.0	1.0
0.0	1.0
0.0	1.0
0.0	1.0
-6.698505603708327e-05	0.5
0.0	1.0
-1.635899388929829e-05	0.0
0.0	1.0
-0.00040392015944235027	1.0
0.0	1.0
0.0	1.0
-4.497839654504787e-06	0.0
-0.0008297441527247429	0.0
-0.000709950109012425	0.0
-0.003574035596102476	0.0
0.0	1.0
0.0	0.0
0.0	1.0
-3.759911132439342e-11	1.0
-5.082568588221648e-09	1.0
0.0	1.0
-1.3743660929321777e-05	0.001
0.0	1.0
0.0	1.0
0.0	0.0
-2.601091564358171e-09	1.0
-0.002013623947277665	1.0
-0.0032767276279628277	1.0
0.0	1.0
0.0	0.0
-0.0022995974868535995	0.0
0.0	1.0
0.0	1.0
-2.0683169168478344e-06	1.0
0.0	0.036
0.0	0.0
-2.7421629411605863e-08	1.0
0.0	1.0
-5.37542632628174e-07	0.033
0.0	0.04647887323943662
0.0	0.0
-0.0010764686157926917	0.0
-0.00026283381157554686	0.0
0.0	1.0
-3.785620356211439e-05	0.0
0.0	1.0
0.0	0.0
0.0	0.0
-0.001335491775535047	0.0
0.0	0.0
0.0	0.0
0.0	0.001
-1.8053861357281153e-12	1.0
0.0	0.0
0.0	0.0
0.0	0.001
0.0	1.0
-8.695548785908613e-06	0.0
0.0	0.0
-2.529254028438288e-10	1.0
0.0	0.0
0.0	0.001
0.0	0.0
-0.0013900578487664461	0.001
0.0	0.001
0.0	0.0
-8.265623364422936e-06	0.0
0.0	0.0
0.0	0.0
-8.108324254862964e-05	0.025025025025025027
0.0	0.0010256410256410256
0.0	1.0
0.0	1.0
-1.639002402953338e-05	0.2902902902902903
0.0	0.03415300546448088
0.0	0.27487179487179486
-2.3751634614654904e-07	1.0
0.0	1.0
0.0	1.0
0.0	1.0
-1.6758790479798336e-06	0.0
0.0	0.0
-0.00010670583287719637	1.0
0.0	1.0
0.0	0.0
0.0	0.0
-0.0005729358526878059	1.0
0.0	0.0
-6.149489308882039e-06	1.0
0.0	0.0
-3.2122163247549906e-05	1.0
-0.0003246712149120867	1.0
-8.931562479119748e-05	0.0
0.0	0.71
0.0	1.0
0.0	0.0
0.0	0.0
0.0	0.0
0.0	1.0
-3.9532848106205165e-09	1.0
-8.016615538508631e-06	1.0
0.0	1.0
0.0	1.0
-7.299026037799194e-05	1.0
0.0	1.0
-9.615098861104343e-06	1.0
-1.6681447050359566e-06	0.0
0.0	1.0
0.0	1.0
-0.0002505123266018927	1.0
-0.00026684420299716294	0.009027081243731194
-0.00015686739061493427	0.003
0.0	0.0
-2.5884298793243943e-07	0.0
0.0	1.0
-0.0006059083971194923	1.0
-1.3789325748803094e-05	0.0
0.0	0.0
0.0	1.0
-5.8120153880736325e-06	1.0
0.0	1.0
-2.6787620299728587e-05	1.0
0.0	1.0
0.0	1.0
0.0	1.0
0.0	0.0
-1.2821789823647123e-05	1.0
-0.000673831207677722	0.001
0.0	0.0
0.0	1.0
0.0	0.0010030090270812437
0.0	1.0
0.0	1.0
-2.1761135940323584e-05	1.0
-0.014098819345235825	0.0
0.0	1.0
0.0	1.0
-5.785334877828063e-09	1.0
0.0	0.0
0.0	0.014
0.0	0.0
0.0	0.0
0.0	0.71
-1.226136134846456e-07	0.0
0.0	1.0
-0.0017595748649910092	0.0
0.0	1.0
-0.00023685010091867298	0.0
-0.004871621262282133	0.007077856420626896
0.0	1.0
0.0	0.0
-0.010238982737064362	0.0
-1.759569989712162e-10	1.0
-3.6311373605713015e-06	1.0
-0.00014979134721215814	0.0
-0.003208709182217717	0.0
0.0	0.0
-4.730741056846455e-05	0.0
-0.0037932221312075853	0.0
0.0	1.0
-7.184199148468906e-06	0.489
0.0	0.0
0.0	1.0
-1.2928205705975415e-06	1.0
0.0	0.0
0.0	0.0
0.0	0.268
0.0	0.007
-0.0006523647462017834	0.0
-1.5669864978917758e-06	1.0
-3.0079390853643417e-05	0.0
0.0	1.0
0.0	1.0
0.0	1.0
0.0	0.03803803803803804
0.0	1.0
-1.5029439737190842e-07	1.0
-0.0006400808924809098	0.038
-2.3077114747138694e-05	1.0
0.0	1.0
0.0	1.0
-1.6284022876789095e-06	1.0
0.0	0.71
0.0	0.71
-1.6996571503113955e-05	1.0
0.0	0.04152249134948097
0.0	1.0
-6.680721526208799e-06	0.0
-0.0012632490834221244	0.021450459652706845
-0.0003944282652810216	1.0
-1.8903576346929185e-05	0.010775862068965518
0.0	1.0
0.0	1.0
-0.0002862190012820065	1.0
0.0	1.0
0.0	0.0
-0.0007195574580691755	1.0
0.0	0.003
-3.7961345356052334e-07	1.0
0.0	1.0
-0.0016231550835072994	0.0
-0.0008741520578041673	1.0
0.0	0.002
0.0	0.0020060180541624875
0.0	0.003006012024048096
0.0	0.0
0.0	0.0
-1.84450857432239e-06	0.0
-2.487919118721038e-05	1.0
0.0	0.0
0.0	0.0
0.0	0.00646551724137931
-0.0005289893015287817	1.0
-2.7254309920010655e-12	0.0
-0.0009740748209878802	0.0030643513789581204
-0.00014327587268780917	1.0
0.0	0.0
0.0	0.003978779840848806
0.0	0.003978779840848806
-0.010205164551734924	0.0010615711252653928
0.0	0.0
-1.1533892347870278e-06	0.0
-6.822617433499545e-05	1.0
0.0	0.0
0.0	0.024
-0.0034891068935394287	0.0
0.0	0.002
0.0	0.003006012024048096
0.0	1.0
-0.00035538364318199456	0.015089163237311385
0.0	0.011033099297893681
0.0	0.0
0.0	0.272
-2.0967725819498462e-11	0.0
0.0	0.272
-6.550094894919312e-06	0.0
-1.6646836229483597e-05	1.0
0.0	0.0
-1.5575777752019349e-06	1.0
0.0	0.0
0.0	0.0
-0.00016657463856972754	1.0
-0.00662809144705534	0.0
0.0	1.0
0.0	1.0
-0.00012863968731835485	0.0
-0.002746024401858449	1.0
0.0	1.0
0.0	0.0
-0.0021508990321308374	0.0
-0.0013014405267313123	1.0
0.0	1.0
0.0	0.0
0.0	1.0
0.0	1.0
-7.8745015343884e-06	1.0
0.0	0.0
-6.12131116213277e-05	0.27
0.0	0.27
-0.00017745551303960383	1.0
0.0	1.0
0.0	0.0
-3.3051710488507524e-05	0.0
0.0	1.0
-0.00321573275141418	0.0
0.0	0.001002004008016032
-0.003648617770522833	1.0
-1.1261869985901285e-05	1.0
-0.0002565653412602842	1.0
0.0	1.0
-3.888089395331917e-06	1.0
0.0	1.0
-0.00018624679069034755	1.0
0.0	1.0
0.0	0.0
-1.5842558696022024e-06	0.0
0.0	0.0
0.0	1.0
0.0	0.0
-0.00032879930222406983	0.0
0.0	0.002
0.0	1.0
0.0	0.0
0.0	0.0
0.0	1.0
0.0	1.0
0.0	0.0
0.0	1.0
0.0	1.0
-6.664828106295317e-05	1.0
0.0	1.0
0.0	0.0
0.0	0.011
0.0	0.0
0.0	0.0
0.0	1.0
-0.00010203992860624567	0.0
-4.8412807984732353e-08	0.0
-0.023715615272521973	0.0
-7.625427679158747e-05	0.0
-2.9491735404008068e-05	0.0
0.0	1.0
-0.0034804423339664936	0.0
-9.809716721065342e-05	1.0
0.0	1.0
0.0	0.0
0.0	1.0
0.0	1.0
0.0	1.0
0.0	1.0
-2.539863999118097e-07	0.0
-0.0002031529147643596	0.0
-3.1820473367361046e-08	1.0
0.0	0.0
0.0	0.0
-1.244137592948391e-06	0.0
-0.00034028085065074265	0.0
0.0	0.32
0.0	0.0
-3.780907718464732e-06	1.0
-3.311458567623049e-05	1.0
-0.0012484362814575434	1.0
0.0	1.0
0.0	1.0
-4.0436840208712965e-05	0.0
0.0	0.0
0.0	1.0
0.0	1.0
0.0	1.0
-0.0012770737521350384	1.0
0.0	1.0
-9.38955651008655e-08	0.0
-0.0038395922165364027	1.0
-2.599148047011113e-06	1.0
0.0	1.0
-2.6644134777598083e-05	1.0
0.0	1.0
-2.5556513719493523e-05	1.0
-0.0008550487109459937	1.0
0.0	1.0
0.0	0.0
0.0	1.0
0.0	1.0
0.0	1.0
0.0	1.0
-2.9780986565697276e-09	0.0
0.0	1.0
0.0	1.0
0.0	1.0
0.0	1.0
-0.0006747730076313019	0.0
0.0	1.0
0.0	1.0
-0.004780224524438381	1.0
-0.017230775207281113	0.0
0.0	1.0
-0.0027411484625190496	0.0
0.0	0.0
0.0	1.0
0.0	0.15
0.0	1.0
0.0	0.0
0.0	1.0
0.0	0.0
-6.299948381638387e-06	1.0
-7.008520333329216e-05	1.0
0.0	1.0
0.0	0.0
-0.00035919740912504494	0.019
0.0	1.0
0.0	1.0
-0.0010960254585370421	0.0
0.0	0.0
0.0	1.0
-0.0004908492555841804	1.0
0.0	0.0
0.0	0.0
-6.262517615596153e-09	0.0
-0.0008171928348019719	0.0
0.0	0.0
0.0	0.0
0.0	1.0
0.0	1.0
0.0	1.0
0.0	0.0
-5.0113383622374386e-05	1.0
-5.973324277874781e-06	1.0
0.0	0.0
0.0	1.0
0.0	0.0
0.0	0.0
0.0	0.0
-0.0003368353354744613	1.0
-0.0009476590203121305	1.0
0.0	0.0
-0.0003588343388400972	1.0
0.0	0.0
0.0	1.0
-1.2317465007072315e-05	1.0
0.0	1.0
-1.3394158031587722e-06	0.0
0.0	1.0
0.0	1.0
0.0	1.0
0.0	1.0
-7.897414616309106e-05	0.0
-0.00023787097597960383	0.0
0.0	1.0
0.0	1.0
0.0	0.0
-0.02907768450677395	0.0
-9.087137300411996e-07	0.0
-0.009436693042516708	0.0
-3.727083094418049e-05	0.0
-0.0017458571819588542	1.0
0.0	1.0
-0.035866692662239075	0.0
-1.4472687325906008e-05	1.0
0.0	0.0
-3.0811796023044735e-05	1.0
0.0	1.0
0.0	1.0
-4.442130739334971e-05	1.0
-0.0038270927034318447	0.0
0.0	0.0
-0.00010824678611243144	1.0
0.0	1.0
0.0	0.002
0.0	1.0
0.0	1.0
-0.00020581214630510658	1.0
-0.0005325130186975002	0.0
0.0	1.0
0.0	1.0
0.0	1.0
-0.00264863227494061	0.0
0.0	1.0
0.0	1.0
0.0	0.0
0.0	1.0
0.0	0.0
0.0	0.0
0.0	1.0
-0.001233437331393361	0.0
0.0	0.0
0.0	1.0
0.0	1.0
-0.00024916933034546673	0.0
0.0	1.0
0.0	1.0
0.0	1.0
0.0	1.0
-0.001368892495520413	0.0
-1.8028894688466336e-14	0.0
0.0	1.0
-0.0008294718572869897	1.0
0.0	1.0
0.0	1.0
0.0	0.0
0.0	1.0
0.0	0.0
0.0	0.0
-9.124013766736994e-10	1.0
0.0	1.0
0.0	1.0
0.0	0.0
0.0	1.0
0.0	0.0
-0.00019895988225471228	1.0
-1.4469386769633275e-05	1.0
0.0	1.0
-3.3398118830518797e-06	1.0
-7.3043331383360055e-09	1.0
0.0	1.0
0.0	0.0
-7.110505976015702e-05	1.0
-9.382610954844495e-08	1.0
0.0	0.0
0.0	0.0
-2.1805415112430282e-11	0.0
-0.00022851738322060555	0.0
0.0	1.0
0.0	1.0
0.0	1.0
0.0	1.0
0.0	1.0
0.0	0.0
0.0	1.0
0.0	1.0
-1.4642105838902353e-07	1.0
0.0	0.0
-1.9482614084219023e-16	1.0
0.0	0.0
0.0	0.0
0.0	1.0
0.0	1.0
0.0	1.0
-0.00013903793296776712	1.0
-0.0051340884529054165	0.0
0.0	0.0
0.0	1.0
-1.6468301282657194e-06	1.0
-2.0451020645850804e-06	1.0
0.0	1.0
-0.04136839509010315	0.0
0.0	0.0
0.0	0.0
0.0	1.0
-4.760279352922225e-06	0.0
0.0	1.0
-1.7468274791099248e-06	1.0
0.0	1.0
0.0	0.0
-2.084855205142233e-10	1.0
-1.2686255104199518e-05	0.0
-0.0001195342920254916	1.0
-0.0001503495586803183	0.0
0.0	0.0
-5.495980985870119e-07	1.0
0.0	1.0
0.0	1.0
0.0	0.067
-7.233541691675782e-05	1.0
-9.493752440903336e-05	1.0
0.0	1.0
0.0	1.0
0.0	1.0
-0.000238272114074789	1.0
0.0	1.0
-2.0816347387153655e-05	0.0
-0.002841856563463807	0.0
0.0	0.0
-2.8363298042677343e-05	1.0
0.0	1.0
-1.0933023986581247e-05	0.0
-0.004823139403015375	0.0
0.0	1.0
0.0	0.0
0.0	0.0
-0.0002457610098645091	1.0
0.0	1.0
0.0	1.0
