-4.7249057033299535e-18	0.0
0.0	1.0
-9.134862921200693e-05	1.0
0.0	1.0
-0.0005009881570003927	1.0
-0.00021434406517073512	0.0
-0.005992096848785877	0.0
-0.0022181652020663023	0.0
0.0	1.0
0.0	1.0
-0.0022314805537462234	1.0
-0.0036798769142478704	0.0
0.0	0.0
-6.225819561223034e-06	0.0
0.0	0.0
0.0	1.0
0.0	1.0
-0.0005735281738452613	1.0
-1.0609388567672795e-07	0.0
0.0	1.0
-0.0005963369621895254	0.0
-2.4898520578631178e-08	0.0
0.0	1.0
0.0	0.003232758620689655
0.0	1.0
0.0	1.0
0.0	1.0
0.0	1.0
0.0	1.0
-0.002369880210608244	0.03
-0.00022738840198144317	0.03994673768308921
0.0	0.03994673768308921
-0.0008943878929130733	0.01134020618556701
-0.001959914108738303	0.0
-0.0036194254644215107	0.0
-0.00011362854274921119	0.011652542372881356
0.0	1.0
0.0	0.0
0.0	1.0
0.0	1.0
-8.679154234414455e-06	0.0
-3.669500074465759e-06	0.237
0.0	1.0
0.0	1.0
0.0	1.0
-0.0075658163987100124	0.0
0.0	0.0
-0.0007099102367646992	0.0
-4.3439129512989894e-05	0.0
-0.0034348780754953623	0.0
-0.006029385607689619	0.0
0.0	0.0
0.0	1.0
-4.209777034702711e-05	0.0
0.0	0.0
0.0	1.0
-9.543578016746324e-07	0.0
0.0	1.0
0.0	1.0
0.0	0.0
0.0	1.0
0.0	0.023046092184368736
0.0	1.0
-0.00011139646085212007	0.0
0.0	1.0
0.0	0.0
-0.0016119037754833698	1.0
0.0	0.0
0.0	0.0
-1.3008304449613206e-05	1.0
-0.03775022178888321	0.0
0.0	1.0
-0.0016999418148770928	0.0
0.0	0.002
0.0	0.0
0.0	0.0
0.0	0.0050150451354062184
0.0	1.0
-1.8160582840209827e-05	0.007035175879396985
0.0	1.0
0.0	1.0
0.0	1.0
-9.509595111012459e-05	1.0
0.0	1.0
0.0	0.0
-0.001082589034922421	1.0
-0.0008228467777371407	0.0
-0.0011696753790602088	1.0
0.0	0.0
0.0	0.0
-0.00021185041987337172	1.0
-6.263861096478252e-10	1.0
-0.00017181364819407463	0.0
0.0	0.12805755395683452
-0.00023510279424954206	1.0
-8.026075875022798e-07	1.0
0.0	1.0
-2.4323628622369142e-06	1.0
0.0	1.0
0.0	0.033
-0.030909735709428787	0.0
-3.707043651957065e-05	0.0
0.0	0.007
0.0	0.0
0.0	1.0
-9.144314390141517e-07	0.0
-0.00023169355699792504	1.0
0.0	0.007
-1.895758217074217e-08	1.0
-1.859082476585172e-05	1.0
0.0	0.0
0.0	0.0
0.0	1.0
0.0	0.07317073170731707
0.0	1.0
-0.00012265719124116004	1.0
-0.001585110672749579	1.0
0.0	0.0
-7.388963751964184e-08	1.0
-6.250216415537579e-07	0.0
-0.0009895273251459002	0.0
0.0	1.0
-1.5215275652735727e-06	1.0
-0.00018710795848164707	1.0
0.0	1.0
-3.64449363132735e-07	1.0
0.0	1.0
-1.0943005612773504e-08	1.0
0.0	0.0
-0.0012861810391768813	0.0
0.0	1.0
-0.0002059250109596178	1.0
-6.3435232732445e-05	0.0
0.0	1.0
0.0	1.0
0.0	1.0
0.0	0.0
0.0	0.0
-3.217572597247198e-10	1.0
-0.0006930245435796678	0.0
-3.811973874690011e-05	0.0
-4.466370592126623e-05	1.0
0.0	1.0
-1.1004464113284484e-06	1.0
0.0	1.0
0.0	1.0
-6.899621803313494e-05	0.025
0.0	1.0
0.0	1.0
-1.108011474570958e-06	1.0
-5.804903366879444e-07	1.0
0.0	0.0
0.0	1.0
-0.011493878439068794	0.0
0.0	1.0
-0.010285957716405392	0.0
-8.747006177145522e-07	1.0
0.0	1.0
-0.0005159869324415922	1.0
-0.0029235254041850567	0.0
-5.60648459213553e-07	1.0
-6.547258379896448e-08	1.0
-0.00020405679242685437	0.044193216855087356
-1.1967121054112795e-06	0.02821316614420063
-4.9050620873458683e-05	0.0
0.0	0.0
0.0	1.0
-6.137174182185845e-07	1.0
-0.05574931204319	0.0
0.0	1.0
-0.0005986617179587483	1.0
-6.899439904373139e-05	0.019507186858316223
-0.015471761114895344	0.0
0.0	0.019
-0.00019926868844777346	0.0
-1.9126238726130396e-07	1.0
-0.002971832174807787	0.0
-0.0002119740966008976	0.0
0.0	0.0
-0.00013897239114157856	0.0
0.0	0.026
0.0	1.0
0.0	1.0
0.0	0.0
-0.0005303719663061202	0.0
0.0	1.0
0.0	1.0
-0.008541177958250046	0.0
-9.583706059856922e-07	1.0
-0.0002661709440872073	0.0
0.0	0.0
-0.0003241417871322483	0.0
0.0	0.0
0.0	0.0
0.0	1.0
-4.101914328202838e-07	1.0
-0.0008783226367086172	1.0
-4.7189791985147167e-07	1.0
0.0	1.0
-7.059304607537342e-07	1.0
0.0	0.0
-4.7019493649713695e-05	1.0
0.0	1.0
-0.003956453409045935	1.0
-0.00152672512922436	1.0
0.0	0.0
0.0	1.0
0.0	1.0
0.0	1.0
-6.914006700498021e-09	1.0
0.0	1.0
0.0	1.0
0.0	0.035
0.0	1.0
-2.6575903575576376e-06	1.0
0.0	0.035
0.0	0.0
-1.380491653435456e-06	1.0
0.0	0.0
0.0	1.0
0.0	1.0
0.0	0.0
-2.5382307367038948e-09	0.0
0.0	1.0
-1.3292542178078293e-08	0.0
-3.5143504646839574e-05	0.0
0.0	0.0
-0.0006058152648620307	0.0
-1.2665765098063275e-05	0.0
0.0	0.0
-3.191983211081606e-08	0.0
0.0	0.0
0.0	0.0
0.0	1.0
-5.931503892497858e-07	1.0
0.0	1.0
0.0	1.0
-1.5349110071838368e-07	1.0
0.0	1.0
-0.01219064649194479	0.0
0.0	1.0
-4.924518778870457e-11	0.023
0.0	0.0020470829068577278
-0.00031582152587361634	0.0022197558268590455
0.0	0.0020470829068577278
-0.00343740894459188	0.0020491803278688526
0.0	0.0021208907741251328
0.0	1.0
-0.00013417366426438093	0.018442622950819672
0.0	1.0
-0.001923568663187325	0.0020470829068577278
-0.04755942523479462	0.0
-4.260679816070478e-06	1.0
0.0	1.0
0.0	0.0
-0.00025430801906622946	0.023
-1.4776679435613005e-08	0.023
-3.2577299148225936e-13	0.0
-0.0065186102874577045	0.0
0.0	0.002008032128514056
0.0	1.0
-0.007190768141299486	0.0
0.0	0.005202913631633715
0.0	0.0
0.0	1.0
-0.0007674918160773814	0.0
0.0	0.0
-1.9810579033219256e-05	1.0
-0.0004966104752384126	0.0
0.0	0.0
0.0	1.0
0.0	1.0
0.0	1.0
-8.644990884931758e-05	0.977
-3.837933491013246e-06	1.0
0.0	1.0
-9.85315793400332e-08	1.0
0.0	1.0
-0.0014118901453912258	0.0
-0.014072713442146778	0.0
0.0	1.0
-0.0002004431444220245	0.0
-7.155380444601178e-05	1.0
0.0	0.26226226226226224
0.0	0.0013550135501355014
0.0	0.0
0.0	0.001001001001001001
0.0	0.0
-6.027117649409774e-08	0.03403403403403404
0.0	0.0
0.0	0.022
-8.538761449017329e-07	0.0
0.0	0.02268041237113402
0.0	1.0
0.0	0.0731958762886598
-0.0024956956040114164	0.0
0.0	1.0
-0.00015812880883459002	1.0
0.0	0.0
0.0	1.0
-0.002153207780793309	0.0
0.0	1.0
-2.610901939092969e-09	1.0
-1.2839559531130362e-05	1.0
-4.601122327585472e-06	1.0
-0.009787877090275288	0.0
-0.0010731463553383946	0.0
-0.0012254614848643541	0.0
-0.0008965862798504531	0.0
0.0	1.0
-9.193319527867061e-08	0.0
0.0	1.0
-2.3999389715118058e-12	1.0
0.0	1.0
0.0	0.0
-0.0210059005767107	0.0
0.0	0.0
0.0	1.0
-0.00023845548275858164	1.0
-1.0590192687232047e-05	0.011
0.0	1.0
-0.0015349553432315588	0.018
-8.570275531383231e-05	0.018
-0.0025752224028110504	0.0
0.0	1.0
-5.6596973081468605e-06	0.011
-7.794595148880035e-06	0.011
0.0	0.0
0.0	1.0
-1.7229462301315834e-10	0.0
0.0	1.0
-4.100811929674819e-05	0.0
0.0	0.0
0.0	0.0
0.0	1.0
0.0	0.0
-0.0031376739498227835	1.0
0.0	0.003
-3.75340704295013e-07	1.0
-0.0005751093267463148	0.0
0.0	1.0
-0.004531401675194502	0.0
-0.0002933717623818666	1.0
0.0	0.001
-1.3671082342625596e-05	1.0
0.0	1.0
-0.000625533633865416	1.0
-1.8789460227708332e-06	1.0
0.0	0.0
0.0	1.0
0.0	0.0
0.0	0.0
0.0	1.0
0.0	1.0
-0.008781609125435352	0.0
-0.0008385964320041239	0.0
0.0	0.0
0.0	1.0
0.0	1.0
0.0	1.0
-0.00014343642396852374	0.0
0.0	0.0
-6.972044275244116e-07	1.0
0.0	0.0
-0.0053913788869977	0.036
-0.00018536152492742985	1.0
0.0	0.0
-0.002460859017446637	0.008
0.0	1.0
0.0	0.008
-9.365662845084444e-05	1.0
0.0	1.0
0.0	0.0
-9.574384421284776e-06	1.0
-0.002265120856463909	1.0
0.0	0.0
0.0	1.0
-0.0004422537167556584	0.0
0.0	1.0
-2.9023121896898374e-06	0.0064034151547491995
-6.180259515531361e-05	1.0
-0.0069794864393770695	0.0
0.0	0.0
0.0	1.0
0.0	1.0
0.0	1.0
0.0	1.0
0.0	0.0
-2.8073607154510682e-06	1.0
0.0	0.0
-9.329347449238412e-06	1.0
0.0	1.0
0.0	1.0
-0.005272585432976484	0.0
0.0	0.003
-1.5042293853184674e-05	0.0
0.0	1.0
-2.118420070473803e-06	0.0
0.0	0.0
-0.000841256114654243	0.0
0.0	0.03381147540983607
0.0	0.02481902792140641
0.0	1.0
-6.271834251947439e-08	1.0
0.0	1.0
-0.0001674098166404292	1.0
0.0	1.0
-0.00603795051574707	0.0
-3.9005004737191484e-07	0.0
-2.415661004562253e-10	1.0
0.0	1.0
0.0	0.0
0.0	0.043
-0.0005938051035627723	1.0
-3.0853959742671577e-07	0.0
-4.549166624201462e-05	0.0
-1.1489818818599673e-10	0.0
-0.000376740877982229	0.0
0.0	1.0
-0.002677392680197954	0.0
-0.0016110275173559785	1.0
0.0	0.0
-4.695304041402171e-12	1.0
-6.310342541837599e-07	1.0
0.0	1.0
0.0	0.0
-0.001920387614518404	1.0
0.0	0.005040322580645161
-1.5160301902739093e-09	0.0
-0.0004150196327827871	1.0
0.0	1.0
-3.0639384258901448e-12	1.0
0.0	0.001
-4.952141534886323e-05	1.0
0.0	0.0
0.0	1.0
0.0	1.0
0.0	0.0
0.0	1.0
0.0	1.0
-0.009833329357206821	0.0
0.0	1.0
0.0	1.0
0.0	1.0
-0.0001181281404569745	1.0
0.0	0.0
0.0	1.0
0.0	0.0
0.0	0.0
0.0	0.0
-0.0004239940899424255	1.0
0.0	0.0
0.0	0.06330935251798561
0.0	1.0
-1.9839419110212475e-05	1.0
0.0	1.0
0.0	1.0
0.0	1.0
-0.00012579311442095786	0.0
-2.1365518477978185e-05	1.0
0.0	0.0
0.0	1.0
0.0	1.0
0.0	1.0
0.0	1.0
-0.0017743584467098117	1.0
0.0	1.0
0.0	0.0
0.0	0.002
0.0	0.002
0.0	1.0
0.0	1.0
0.0	0.0
0.0	0.0
-3.932852621346683e-07	1.0
0.0	1.0
0.0	1.0
0.0	1.0
0.0	1.0
0.0	1.0
0.0	0.0
0.0	1.0
0.0	1.0
0.0	0.0
0.0	0.0
-4.462212746147998e-05	1.0
0.0	1.0
-8.093538781395182e-07	1.0
0.0	1.0
0.0	1.0
0.0	1.0
-1.127727800032119e-09	1.0
0.0	1.0
0.0	1.0
-4.6350229210290195e-10	1.0
0.0	0.0
0.0	0.0
-3.910573642684767e-09	1.0
-0.008885633200407028	0.0
0.0	1.0
0.0	1.0
0.0	1.0
0.0	1.0
0.0	1.0
0.0	1.0
0.0	0.0
0.0	1.0
-5.429666316558723e-07	1.0
-4.126310159335844e-05	1.0
0.0	0.0
0.0	0.0
0.0	0.0
0.0	1.0
0.0	1.0
0.0	0.001
-0.00012451519432943314	0.0
0.0	1.0
-0.003160734660923481	0.0
0.0	1.0
0.0	1.0
0.0	1.0
0.0	1.0
-4.717507636087248e-06	1.0
0.0	0.0
0.0	0.0
-2.2265655843511922e-06	0.0
0.0	0.0
0.0	0.0
-0.0016063391231000423	0.0
-0.006287475116550922	0.0
-3.230190281922063e-10	1.0
-1.7680156361166155e-07	1.0
0.0	0.0
0.0	0.2198952879581152
-5.902045813854784e-06	1.0
0.0	1.0
-0.005107218399643898	0.0
0.0	1.0
-1.2472856951717404e-06	1.0
0.0	0.0
0.0	0.0
-2.4278759156004526e-05	0.0
0.0	0.0
0.0	0.0012330456226880395
0.0	0.0
-7.289250788744539e-06	0.0
0.0	0.0
-0.009256004355847836	0.0
0.0	1.0
-6.147887532392815e-09	1.0
0.0	0.002004008016032064
0.0	1.0
-1.6249205145868473e-05	0.0
-1.9558434871669306e-08	1.0
0.0	0.001
-0.0011888471199199557	0.001
0.0	1.0
0.0	0.944
-0.0002162621822208166	1.0
0.0	1.0
0.0	0.0
0.0	0.0
0.0	0.0
-4.69142833026126e-06	0.0
0.0	1.0
-0.0010896113235503435	1.0
0.0	1.0
0.0	0.0
0.0	0.033
-0.0018031859071925282	0.0
0.0	0.0
0.0	1.0
0.0	1.0
-0.012466694228351116	0.0
0.0	1.0
0.0	1.0
0.0	1.0
-9.821043249758077e-07	1.0
0.0	1.0
-0.035317081958055496	0.0
0.0	0.0
-5.453334597405046e-05	1.0
0.0	0.7313769751693002
0.0	0.0
-0.0003901567542925477	0.0
0.0	1.0
-1.4820838259765878e-05	0.0
-0.0018970784731209278	1.0
0.0	0.0
0.0	0.0
0.0	0.0
0.0	1.0
0.0	1.0
0.0	1.0
0.0	1.0
0.0	1.0
-1.262119349121349e-05	0.0
0.0	1.0
-0.0010493528097867966	0.06327800829875518
0.0	0.0
-1.2665756003116257e-05	1.0
0.0	1.0
0.0	1.0
0.0	1.0
0.0	0.0
-0.0009481616434641182	0.0
-6.14478051774725e-11	1.0
0.0	0.0
0.0	1.0
-0.00011617208656389266	1.0
-3.141627166769467e-05	0.0
0.0	1.0
-0.0020178526174277067	1.0
-0.00028335285605862737	0.0
0.0	0.0
0.0	1.0
0.0	0.036
0.0	0.0
0.0	0.045408678102926335
0.0	1.0
0.0	1.0
0.0	1.0
-0.010819624178111553	0.0
0.0	1.0
0.0	1.0
0.0	1.0
0.0	0.0
0.0	0.015
-0.015298440121114254	0.0
0.0	1.0
-5.301182000039262e-07	0.0
0.0	0.0
0.0	1.0
0.0	0.0
0.0	1.0
-0.002295062877237797	1.0
0.0	0.0
-3.64082961823442e-06	0.0
-0.00046990340342745185	0.024
0.0	1.0
0.0	1.0
0.0	1.0
-4.829645364190505e-12	1.0
-0.00018081392045132816	1.0
-0.00019478242029435933	1.0
-0.00028119244961999357	1.0
0.0	1.0
-0.00010117793863173574	1.0
-1.0713620923752387e-07	1.0
-0.0003397092514205724	0.0
0.0	0.0
