0.0	0.0
0.0	0.0
-0.0003281132667325437	1.0
0.0	0.0
-2.196472905779956e-06	0.01
0.0	0.01
-0.00025239665410481393	1.0
-1.1395179171813652e-05	1.0
0.0	1.0
-6.098792709963163e-06	1.0
-0.001916548702865839	1.0
-3.7025184695949065e-08	0.0
0.0	1.0
-0.0029748869128525257	0.0
-1.0765378419819172e-06	0.0
0.0	1.0
-1.7409474972751582e-09	1.0
-3.036007209522573e-11	1.0
-6.282999764552373e-16	1.0
-4.0607701521366835e-06	0.0
0.0	0.0
-2.5331592292537897e-12	0.0
0.0	0.0
-3.7074854297713955e-10	0.0
0.0	0.0
0.0	0.0
0.0	0.001
0.0	0.0
0.0	1.0
0.0	1.0
0.0	1.0
0.0	1.0
0.0	1.0
0.0	0.0
0.0	1.0
0.0	0.0
0.0	0.0
0.0	0.0
-0.028027525171637535	0.0
0.0	0.219
-4.8700754540220714e-09	1.0
0.0	0.0
-0.016134053468704224	0.0
0.0	1.0
-0.0006950978422537446	1.0
-2.3028969735605642e-05	1.0
-0.00024132437829393893	0.01701701701701702
0.0	1.0
0.0	0.0
-6.491019303211942e-05	1.0
0.0	1.0
0.0	1.0
0.0	1.0
0.0	1.0
0.0	1.0
0.0	1.0
0.0	1.0
-2.5125965752437196e-09	1.0
0.0	1.0
-1.722160732242628e-06	1.0
0.0	1.0
-1.712412503462879e-11	1.0
-0.00010121912055183202	0.0
-0.0018928756471723318	0.0
-3.8940072499826783e-07	1.0
-0.007311724592000246	0.0
0.0	0.0
0.0	1.0
0.0	1.0
0.0	0.0
-0.0003813918447121978	1.0
-1.6765332475188188e-05	1.0
-0.0008973918156698346	0.0
-0.002553547965362668	0.0
0.0	1.0
0.0	1.0
0.0	0.0
-9.047778348758584e-07	1.0
-0.003234432078897953	0.0
0.0	0.006631299734748011
0.0	1.0
-0.0014728102833032608	0.020080321285140562
0.0	1.0
0.0	1.0
0.0	0.0
0.0	1.0
-0.00015184740186668932	1.0
-0.000274270394584164	0.0
-1.1252241165493615e-05	0.0
-0.00034778990084305406	1.0
0.0	1.0
0.0	0.0
-0.002474430715665221	1.0
0.0	1.0
0.0	1.0
-0.0012333603808656335	0.0
0.0	0.0
0.0	1.0
-7.816357765477733e-07	0.0
0.0	0.0
0.0	0.0
-0.013602465391159058	0.0
0.0	1.0
0.0	1.0
0.0	0.0
0.0	1.0
0.0	1.0
-0.002908760914579034	0.0
0.0	0.0
0.0	0.0
0.0	0.0
0.0	0.0
-0.002875348087400198	0.0
0.0	0.0
0.0	0.009
-6.648728457600671e-18	0.0
0.0	1.0
0.0	1.0
0.0	1.0
0.0	1.0
-0.0004629294271580875	1.0
-1.7683474879959249e-06	0.003
-0.001408945769071579	0.044
-0.00018638848268892616	0.0
-0.00030803927802480757	0.0
0.0	1.0
-0.00042209442472085357	1.0
-2.499000970601628e-07	1.0
-3.8462268037164904e-08	0.07434944237918216
0.0	1.0
-8.12163416412659e-05	1.0
-2.7613697994866016e-09	0.011995637949836423
0.0	1.0
0.0	0.0
0.0	0.009846827133479213
0.0	0.023115577889447236
0.0	1.0
0.0	1.0
-0.0025552394799888134	1.0
-6.585687373217297e-08	1.0
0.0	0.0
-0.00044783478369936347	1.0
0.0	1.0
0.0	1.0
-9.393669841983865e-08	0.07069555302166476
-0.0007760137086734176	1.0
0.0	1.0
0.0	1.0
0.0	1.0
0.0	0.0
0.0	1.0
-0.012406283989548683	0.0
0.0	1.0
0.0	0.0
-9.055738559027304e-08	0.052
-0.00045972797670401633	1.0
0.0	1.0
0.0	1.0
0.0	1.0
0.0	1.0
0.0	0.0
0.0	0.0
-2.658312769199256e-05	1.0
-1.3606853826786391e-05	1.0
-3.1472491279771475e-09	0.0
0.0	1.0
0.0	1.0
-0.00010821164323715493	1.0
0.0	0.0
0.0	0.0
0.0	0.0
-0.002082633087411523	0.0
0.0	0.0
0.0	1.0
0.0	0.0
0.0	0.001
0.0	1.0
0.0	1.0
0.0	1.0
-0.0011821630178019404	0.0
0.0	0.068
-0.0017961240373551846	0.0
0.0	0.0
0.0	0.0
0.0	0.0
0.0	1.0
-1.1654666565164007e-08	0.0
-2.8892047339468263e-05	1.0
0.0	0.0
0.0	1.0
-0.00811075046658516	0.0
0.0	1.0
0.0	0.0
-0.0007548633147962391	1.0
-0.0001554889022372663	1.0
-0.0006570105906575918	1.0
-2.8756512620020658e-05	1.0
0.0	0.0
0.0	0.0
0.0	1.0
-0.0022425877396017313	1.0
0.0	1.0
-5.228408190305345e-05	1.0
0.0	1.0
0.0	1.0
-5.705403927080965e-10	1.0
0.0	0.0
-5.545618842006661e-05	1.0
0.0	1.0
0.0	1.0
0.0	1.0
-8.772985005123246e-09	1.0
-0.001211022725328803	0.0
0.0	0.0
0.0	1.0
0.0	1.0
0.0	1.0
-0.0002799903159029782	1.0
0.0	1.0
-3.4075824260071386e-06	1.0
-6.146523082861677e-05	1.0
0.0	1.0
-4.042565327627701e-12	1.0
-0.004883558489382267	0.002026342451874367
-3.8813146829852485e-07	0.013026052104208416
0.0	1.0
0.0	1.0
0.0	1.0
0.0	1.0
0.0	1.0
0.0	0.0
0.0	0.0
-4.184759291092632e-06	1.0
-0.0004132478788960725	1.0
0.0	0.0
-3.913344335160218e-05	1.0
-2.6645531761460006e-05	1.0
0.0	1.0
0.0	1.0
0.0	0.0
0.0	0.0
-0.0050117094069719315	0.0
0.0	1.0
0.0	1.0
0.0	0.0
-0.0002777083427645266	0.0
-0.0011122670257464051	0.0
-0.0004445164813660085	0.236
0.0	0.0
0.0	0.236
0.0	0.0
0.0	0.002
0.0	1.0
0.0	0.774
0.0	1.0
0.0	1.0
0.0	1.0
-5.878511365153827e-05	1.0
0.0	1.0
-7.43651327184125e-08	0.010090817356205853
0.0	1.0
-0.005355383735150099	0.01
0.0	0.0
0.0	0.0
0.0	0.0
-0.0003690040612127632	1.0
0.0	0.0
0.0	1.0
0.0	1.0
-0.0019167533610016108	0.0
-0.09393010288476944	0.0
-0.000303155742585659	0.0
-3.812202521658037e-06	0.0
-0.0003203309897799045	0.0
-0.00012645349488593638	1.0
-0.0008222365286201239	0.0
-0.0002789082354865968	0.0
-1.6056519314133766e-07	0.0
0.0	1.0
-0.0001980957604246214	0.16728624535315986
0.0	0.0
0.0	0.0
-0.004823902156203985	0.0
-0.008428815752267838	0.0
-7.564384535418966e-11	1.0
0.0	1.0
0.0	1.0
0.0	0.0
-0.0009297978249378502	1.0
0.0	1.0
-0.0009779816027730703	0.0
0.0	1.0
0.0	1.0
-0.018208201974630356	0.0
0.0	1.0
0.0	0.009
-3.884811303578317e-05	1.0
0.0	0.0
0.0	1.0
0.0	1.0
-0.0012550194514915347	0.1408308004052685
-9.702023184843256e-09	1.0
-0.0007699355483055115	0.0
0.0	0.0
-0.00027882822905667126	0.015197568389057751
-1.359826828917221e-08	0.011144883485309016
0.0	0.011144883485309016
-0.004098435863852501	0.02574257425742574
0.0	1.0
-9.466317729689422e-10	1.0
0.0	1.0
-0.00014166625624056906	1.0
0.0	1.0
0.0	1.0
0.0	1.0
0.0	1.0
0.0	1.0
-8.33693629829213e-05	1.0
0.0	0.0
0.0	0.0
0.0	1.0
0.0	1.0
-0.00028656687936745584	0.001002004008016032
0.0	1.0
0.0	1.0
0.0	1.0
0.0	1.0
0.0	1.0
-0.061585284769535065	0.0
-0.002342104446142912	0.0
-2.1821249251985364e-09	0.0
-0.010262914933264256	0.0
-0.003154048230499029	0.0
0.0	1.0
0.0	0.005
-0.0001672853104537353	0.005035246727089627
-8.816272020339966e-05	1.0
0.0	1.0
-0.0009077294380404055	1.0
-1.7039771194049536e-07	0.007
-1.998320840357337e-05	1.0
-5.833289378642803e-06	1.0
0.0	1.0
0.0	0.0
-4.758854629471898e-05	1.0
0.0	1.0
-0.0011876208009198308	1.0
-0.002172683132812381	0.0
-1.8228773525363895e-12	1.0
-4.910914140054956e-05	1.0
0.0	1.0
-5.934268756391248e-06	1.0
0.0	1.0
0.0	1.0
0.0	0.0
-0.00024720191140659153	0.0
0.0	0.0
0.0	0.001
0.0	1.0
-3.4732643428014853e-09	0.0
0.0	1.0
0.0	0.0
0.0	1.0
0.0	1.0
-0.004114717245101929	0.0
0.0	1.0
0.0	1.0
-0.002941746963188052	0.0
0.0	0.774
0.0	1.0
0.0	1.0
-1.5541968823029606e-09	1.0
0.0	1.0
-0.0019602978136390448	0.0
-1.9479391994536854e-05	0.0
0.0	0.0
-3.1439192298421403e-06	0.105
0.0	1.0
0.0	1.0
-0.001228782464750111	0.0
-9.020503966894466e-06	1.0
-0.0005966469761915505	1.0
0.0	1.0
0.0	0.0
0.0	0.0
0.0	0.0
0.0	1.0
0.0	1.0
-0.006112824659794569	0.0
-0.0036112882662564516	0.49523809523809526
0.0	1.0
-1.277762021345552e-05	1.0
-0.000590363226365298	1.0
0.0	1.0
0.0	0.0
0.0	0.0
-0.017700232565402985	0.0
0.0	1.0
0.0	0.0
0.0	1.0
-0.005955541040748358	0.0
-0.0010393054690212011	1.0
-0.0009300879901275039	1.0
0.0	1.0
0.0	1.0
-0.0050709242932498455	0.0037174721189591076
0.0	1.0
0.0	1.0
0.0	1.0
0.0	0.0
0.0	1.0
0.0	0.0
-0.00037751029594801366	1.0
0.0	1.0
-0.0022063921205699444	1.0
-1.5594707292621024e-05	1.0
-2.617688892314618e-07	1.0
0.0	1.0
0.0	0.0
0.0	1.0
-6.8904473664588295e-06	0.0
0.0	1.0
0.0	1.0
-0.006861493457108736	0.0
0.0	1.0
0.0	1.0
-0.0009113113628700376	1.0
0.0	1.0
0.0	0.0
-0.006293525919318199	0.0
-0.0005009988672100008	0.0
0.0	0.0
-0.004468168132007122	0.0030643513789581204
0.0	0.008171603677221655
-0.00037820774014107883	0.00816326530612245
-0.00037988455733284354	0.14242424242424243
0.0	0.011641443538998836
0.0	0.14213709677419356
-3.283327168901451e-05	0.14228052472250252
0.0	0.010477299185098952
0.0	1.0
0.0	1.0
0.0	1.0
0.0	1.0
0.0	1.0
-2.2544883904629387e-05	0.0
0.0	0.07508532423208192
0.0	0.0
0.0	0.0
0.0	0.12913553895410887
0.0	0.0
0.0	0.12913553895410887
-3.744685955098248e-06	1.0
-2.8849497084593168e-06	1.0
0.0	1.0
0.0	0.0
0.0	1.0
0.0	1.0
0.0	1.0
0.0	1.0
-1.5975288988556713e-05	1.0
0.0	1.0
0.0	1.0
0.0	1.0
0.0	0.0
0.0	1.0
-0.00020500877872109413	1.0
0.0	0.0
-0.0002922642161138356	1.0
-0.001977320061996579	1.0
0.0	1.0
0.0	1.0
-0.00037431647069752216	1.0
-5.519202872505957e-10	0.0
-0.00021685169485863298	1.0
0.0	0.0
0.0	0.332
0.0	0.269
0.0	0.269
-0.0010499629424884915	1.0
0.0	0.0
0.0	1.0
-7.301968707906781e-06	1.0
-0.000566620787139982	1.0
-9.996693734137807e-06	1.0
-3.703852557990217e-09	1.0
0.0	1.0
-0.00046234155888669193	1.0
0.0	1.0
0.0	0.003
-0.002148680156096816	0.0
0.0	0.0
-0.0002640283782966435	1.0
-3.234294126741588e-05	1.0
0.0	0.0
0.0	0.0
0.0	0.0
-0.0002968824119307101	0.0
0.0	0.0
-0.004618866369128227	0.17425742574257425
0.0	1.0
0.0	0.014
-0.0018342729890719056	0.013
-0.00018645318050403148	0.013
0.0	1.0
0.0	0.0
0.0	0.0
0.0	0.0010050251256281408
0.0	0.005005005005005005
0.0	0.009900990099009901
0.0	0.005
0.0	1.0
0.0	1.0
0.0	0.0
-2.6283633047796684e-09	1.0
0.0	0.001
-0.0011383845703676343	0.0
0.0	0.008
-0.00024219405895564705	1.0
0.0	0.001
-3.554009140316339e-07	1.0
-6.699521826192267e-09	0.0
-0.000475537235615775	1.0
-8.36856827390875e-07	1.0
0.0	1.0
0.0	1.0
-0.0015244566602632403	0.0
0.0	0.0
0.0	1.0
0.0	1.0
-0.0001285409089177847	0.0
0.0	0.0
-1.7003607723220515e-13	1.0
0.0	1.0
0.0	1.0
0.0	1.0
0.0	1.0
-0.00029048408032394946	0.0
0.0	1.0
0.0	1.0
-3.873804598697461e-05	1.0
0.0	1.0
0.0	1.0
0.0	1.0
-1.0686881068977527e-05	1.0
0.0	0.0
0.0	1.0
0.0	1.0
0.0	1.0
-0.0008100769482553005	1.0
0.0	1.0
0.0	1.0
0.0	0.007021063189568706
0.0	0.0
0.0	1.0
0.0	0.00303951367781155
-8.308784060773178e-08	0.0
0.0	1.0
0.0	0.0
0.0	1.0
-0.0003196689940523356	1.0
0.0	0.0
0.0	0.0
-4.728427782652034e-08	0.0
-0.0003287355066277087	1.0
0.0	1.0
-0.0019025049405172467	0.0
0.0	0.0
0.0	0.0
0.0	1.0
-0.0024115119595080614	0.0
0.0	1.0
-1.4980859305069316e-05	1.0
-3.350186671013944e-05	0.0
-0.018623901531100273	0.0
0.0	1.0
0.0	1.0
-0.0007506591500714421	0.0
-1.259367721218041e-08	1.0
0.0	0.0
-7.50697722651239e-07	1.0
0.0	1.0
0.0	0.0
0.0	0.0
