0.0	0.0
-2.6511264650252997e-07	0.0
0.0	1.0
0.0	0.0
0.0	0.0
0.0	1.0
0.0	0.0
0.0	0.0
-0.0026454320177435875	0.048
0.0	1.0
0.0	0.0
-2.0306664737290703e-05	0.0
0.0	1.0
-2.647399924171623e-06	1.0
0.0	0.0
-0.0022276611998677254	0.0
0.0	0.6930091185410334
0.0	1.0
0.0	1.0
-0.0008745422237552702	0.0
0.0	0.0
-0.0022572006564587355	0.0
-0.013763992115855217	0.0
0.0	0.0
0.0	0.0
-0.0007344737532548606	0.001
-0.002086175372824073	0.0
0.0	1.0
-0.0001929348218254745	1.0
0.0	1.0
0.0	0.131
0.0	1.0
0.0	1.0
-6.381854473147541e-05	1.0
-0.16438619792461395	0.0
0.0	1.0
-7.369837840087712e-05	0.0
0.0	1.0
-6.416310498025268e-05	0.0
0.0	0.0
0.0	1.0
0.0	0.0
0.0	0.0
0.0	1.0
0.0	0.0
-0.001130196382291615	0.0
0.0	0.0
-0.0015381367411464453	1.0
0.0	1.0
0.0	0.0
-0.005211584270000458	0.03733602421796166
0.0	0.006
-0.0004702699661720544	0.005847953216374269
0.0	0.658
0.0	0.0
0.0	1.0
0.0	1.0
-0.00010134824697161093	1.0
-3.535631185513921e-05	1.0
0.0	0.0
0.0	1.0
0.0	0.0
0.0	0.0
-3.5222233236709144e-06	0.0
-1.302221880905563e-05	0.0
-0.008668300695717335	0.0
0.0	0.0
0.0	0.0
-4.0305380366589816e-08	1.0
0.0	0.0
0.0	1.0
0.0	0.021
0.0	1.0
0.0	1.0
0.0	1.0
-0.0008475378854200244	0.0
0.0	1.0
-0.04148517921566963	0.0
-0.0004464007797650993	1.0
-1.4277155457875779e-07	1.0
0.0	1.0
0.0	0.0
-0.006475961767137051	0.0
-0.0016605665441602468	0.0
0.0	0.001
-0.0002636248245835304	1.0
0.0	1.0
0.0	1.0
-1.2606655218405649e-05	1.0
0.0	0.0
-0.00012330448953434825	0.0
-9.016438706765939e-10	1.0
0.0	1.0
-4.5379663788480684e-05	0.0
0.0	1.0
0.0	1.0
-0.01090578269213438	0.0
0.0	1.0
-0.000677610922139138	1.0
0.0	0.04094165813715456
-0.00012702385720331222	1.0
0.0	0.04094165813715456
0.0	1.0
0.0	0.0
0.0	1.0
0.0	1.0
-0.002850780263543129	0.023
-0.0020308552775532007	0.0
-0.004519133362919092	0.0
0.0	1.0
0.0	0.0
-7.075694884406403e-05	0.2777777777777778
0.0	0.27
-0.0005687832017429173	0.03424657534246575
-3.278487099578342e-07	1.0
0.0	1.0
0.0	1.0
0.0	1.0
0.0	1.0
0.0	1.0
-1.5509042938788298e-08	0.0
0.0	0.0
-0.0006364024011418223	1.0
-1.00255840607133e-06	1.0
-0.0001006768288789317	1.0
0.0	0.0
0.0	1.0
-0.00010799072333611548	1.0
0.0	0.08148148148148149
-0.0034872263204306364	0.0
-0.0002858600055333227	1.0
0.0	0.0
-0.00019896822050213814	1.0
0.0	1.0
0.0	1.0
0.0	1.0
-0.0005539935664273798	1.0
0.0	1.0
0.0	0.0
0.0	0.05845511482254697
-0.0026597885880619287	0.05219206680584551
0.0	0.05296610169491525
0.0	1.0
0.0	1.0
0.0	0.014705882352941176
0.0	1.0
-0.003190247341990471	0.0
-0.00016855217108968645	1.0
-5.8936066693604516e-08	0.01598173515981735
0.0	0.15702479338842976
0.0	0.0
0.0	1.0
0.0	1.0
-8.216170499508735e-07	1.0
0.0	1.0
0.0	1.0
-2.8486181690823287e-05	1.0
-1.8529779481468722e-05	0.0
0.0	1.0
-0.0002405557461315766	1.0
0.0	1.0
0.0	0.0045662100456621
-2.164242869184818e-05	1.0
-0.0005730004631914198	1.0
0.0	1.0
-6.709270223836938e-07	0.0
-4.809371966985054e-05	1.0
-0.00012633230653591454	1.0
0.0	0.0
0.0	0.0
-2.048030637524789e-06	1.0
0.0	1.0
0.0	0.0
0.0	0.0
0.0	0.0
-0.0006452371599152684	1.0
0.0	1.0
-0.00020582583965733647	0.0
-0.00023822412185836583	0.0
-0.0028061687480658293	0.0
0.0	0.0
0.0	0.0
0.0	0.0
0.0	0.0
-0.007637606468051672	0.0
0.0	1.0
-6.45567297397065e-08	0.0
-1.8424648828840873e-07	1.0
0.0	0.0
-4.875996637565549e-07	0.0
-0.0491044856607914	0.0
0.0	0.0
0.0	1.0
0.0	1.0
0.0	1.0
0.0	1.0
0.0	1.0
0.0	0.024210526315789474
0.0	1.0
0.0	1.0
0.0	0.0
-0.00021705706603825092	1.0
0.0	1.0
-7.814735170086351e-08	1.0
-4.177413757133763e-06	0.36067297581493163
0.0	0.36067297581493163
0.0	1.0
-0.004048577044159174	0.050505050505050504
0.0	0.010526315789473684
-8.342944965988863e-06	0.010526315789473684
-9.470110806653054e-11	1.0
-8.704890933586285e-05	1.0
-9.794703004217808e-08	0.0
0.0	1.0
0.0	1.0
-0.0012376230442896485	1.0
-0.0005062120617367327	0.0
0.0	1.0
0.0	0.27
0.0	1.0
0.0	1.0
-1.9919747501262464e-05	1.0
-0.0003020058502443135	0.0
-0.003101383103057742	0.0
-2.1496146018762374e-06	0.001
0.0	1.0
0.0	1.0
0.0	1.0
0.0	1.0
-0.00019317606347613037	1.0
0.0	1.0
-4.618309048964875e-06	1.0
0.0	0.0
0.0	1.0
-2.3181371489044977e-06	0.0
-0.0012112052645534277	1.0
-0.00562218576669693	0.0
-3.974588253186084e-06	0.16
0.0	0.21052631578947367
0.0	0.0
-0.013842805288732052	0.0
0.0	1.0
0.0	1.0
0.0	0.0
0.0	1.0
0.0	1.0
0.0	1.0
0.0	1.0
-1.3512507393897977e-05	1.0
-3.2959055711707323e-15	0.0
-0.00011879843077622354	1.0
0.0	0.0
-0.029999790713191032	0.0
-0.0023235490079969168	0.0
-0.005579396616667509	0.0
0.0	0.121
0.0	0.0
0.0	1.0
-0.0007177540101110935	1.0
0.0	1.0
-0.00038771648542024195	0.121
0.0	1.0
0.0	0.2429718875502008
-7.785788329783827e-05	0.0
0.0	0.0
-4.9604794185142964e-05	0.0
0.0	1.0
-0.0011346288956701756	0.0
-0.0069997175596654415	0.0
0.0	1.0
-0.00010913646838162094	0.0
0.0	1.0
0.0	0.0
0.0	1.0
-0.0004633597854990512	1.0
-0.008518535643815994	0.0
0.0	0.015
0.0	0.015
0.0	1.0
-0.0014559889677911997	1.0
0.0	1.0
0.0	1.0
-0.0006198917981237173	0.27
-1.0074084457301069e-05	0.0
0.0	1.0
-0.0002982119331136346	1.0
0.0	0.0
0.0	1.0
-4.6087563987384783e-07	1.0
0.0	0.008
-0.0006670018774457276	1.0
0.0	1.0
-0.0026976941153407097	0.0
0.0	1.0
-0.005505602806806564	0.0
0.0	0.0
0.0	1.0
0.0	1.0
-4.42305235992535e-06	1.0
0.0	1.0
0.0	0.0
0.0	1.0
-4.4065400802037233e-20	0.0
-0.00014367452240549028	1.0
0.0	0.040948275862068964
0.0	0.0
0.0	0.009698275862068966
-0.00032666476909071207	0.009698275862068966
-0.0016545213293284178	0.009698275862068966
0.0	0.0
-3.34971014126495e-06	1.0
0.0	0.01
0.0	0.0
0.0	0.0
0.0	1.0
-1.2068355772498762e-06	0.0
0.0	0.0
-1.519623396006864e-07	0.0
-3.645120614237385e-07	0.020080321285140562
0.0	1.0
0.0	0.01875
-4.97377250496811e-08	1.0
0.0	1.0
-0.004265575669705868	0.0
0.0	0.0
-3.094051862717606e-05	0.0
0.0	0.003
-8.992865332402289e-05	0.0
0.0	0.097
0.0	0.0
0.0	0.0
0.0	1.0
0.0	0.0
-3.4436904439161253e-09	1.0
0.0	0.0
0.0	0.0
0.0	1.0
0.0	1.0
0.0	0.0
0.0	0.0
0.0	1.0
-0.0005693253478966653	1.0
0.0	0.0
0.0	0.0
0.0	1.0
0.0	0.049
0.0	0.038
-0.04585461691021919	0.0
-0.00019226031145080924	1.0
-6.314738129731268e-05	1.0
0.0	1.0
0.0	0.0
-0.009641586802899837	0.0
-1.7583202671644926e-09	1.0
-2.4572891561547294e-05	0.0
0.0	1.0
0.0	0.018
0.0	1.0
0.0	1.0
0.0	0.04989816700610998
0.0	1.0
-4.454434383660555e-05	1.0
-0.00026930219610221684	0.0
-0.00044449084089137614	1.0
0.0	1.0
0.0	1.0
0.0	1.0
0.0	1.0
0.0	0.0
0.0	1.0
0.0	1.0
-2.6549996618996374e-05	0.0
0.0	0.0
-0.00014391362492460757	0.0
0.0	0.0
0.0	0.0
-6.68505163048394e-05	0.006
-2.8267277230042964e-05	0.0
0.0	0.001
-6.335819424663214e-09	1.0
-0.0012423901353031397	0.0
-0.00012257265916559845	1.0
0.0	1.0
0.0	0.0
0.0	1.0
0.0	0.0
0.0	1.0
-2.542972652008757e-05	0.001
-7.932353037176654e-05	1.0
-0.0004333847900852561	0.0
0.0	1.0
-2.1978437871439382e-05	1.0
0.0	0.0
0.0	0.0
0.0	0.0
-0.006076985504478216	0.0
-1.0762878446257673e-06	0.0
0.0	0.0
-7.284501862159232e-06	0.0
-0.0007552519091404974	1.0
0.0	1.0
0.0	1.0
-0.000517716514877975	1.0
0.0	1.0
-1.5438565242220648e-05	1.0
0.0	0.0
0.0	0.0
-0.0020332196727395058	0.0
0.0	0.00398406374501992
0.0	1.0
0.0	1.0
-0.0007681020069867373	0.0
0.0	1.0
-2.9184811864979565e-06	1.0
0.0	0.342
-5.395605739977327e-07	1.0
0.0	1.0
-1.3888171501719171e-08	1.0
0.0	1.0
0.0	1.0
-7.976208848958777e-08	0.0
0.0	0.0
0.0	0.0
0.0	1.0
0.0	1.0
0.0	0.37777777777777777
0.0	1.0
-7.475816528312862e-05	1.0
0.0	1.0
-0.0032522515393793583	0.0
0.0	1.0
0.0	1.0
-1.7747292076819576e-05	1.0
0.0	0.0
0.0	1.0
-0.0007806900539435446	1.0
-0.031881410628557205	0.0
0.0	0.014705882352941176
0.0	0.0
-0.003375142579898238	0.014
0.0	1.0
-0.0003130869008600712	1.0
0.0	0.0
0.0	0.0
0.0	1.0
0.0	0.0
0.0	1.0
0.0	1.0
0.0	0.0
-3.192375021016797e-14	1.0
0.0	0.0
0.0	0.0
0.0	0.0
0.0	1.0
-0.000118889773148112	0.4769874476987448
-0.00027144685736857355	1.0
0.0	0.0
-4.0130748857336584e-06	0.12
-1.1872606592078228e-05	1.0
-0.0007479605847038329	1.0
-9.16437929845415e-05	0.0
0.0	1.0
-0.05135145038366318	0.0
0.0	0.0010822510822510823
0.0	1.0
0.0	1.0
0.0	1.0
-3.905213816324249e-05	1.0
0.0	1.0
0.0	1.0
0.0	0.0
-4.6547430088139663e-07	1.0
-0.0015653969021514058	0.0
0.0	0.0
0.0	1.0
-3.3023432877143932e-09	1.0
0.0	1.0
-0.00014363542140927166	1.0
-1.879763658507727e-05	1.0
-0.0009147360688075423	1.0
0.0	0.0
0.0	0.0
0.0	0.041
0.0	1.0
0.0	0.0
0.0	0.0
-0.017948050051927567	0.0
0.0	1.0
0.0	0.001
-0.0005583602469414473	0.0
0.0	0.001
0.0	0.0
0.0	0.001
0.0	0.0
0.0	1.0
0.0	0.0
0.0	1.0
0.0	1.0
0.0	0.0
0.0	1.0
-6.321185241908722e-10	1.0
0.0	0.0
-5.033555350308916e-09	1.0
0.0	1.0
-5.932677140663145e-06	1.0
-0.029902754351496696	0.0
0.0	1.0
0.0	1.0
0.0	0.0
0.0	0.0
-1.9344560675538247e-10	0.0021551724137931034
0.0	1.0
-7.973463652888313e-05	1.0
-1.818129931052681e-05	1.0
0.0	1.0
-6.474000429079751e-07	1.0
-2.5865443603834137e-05	1.0
0.0	0.0
0.0	1.0
-0.028940049931406975	0.0
-9.187154925704988e-10	1.0
0.0	0.0
0.0	1.0
0.0	0.091
0.0	0.0
0.0	1.0
-0.00036914428346790373	0.0
0.0	1.0
0.0	1.0
0.0	0.0
-3.005824851243233e-07	1.0
-1.1164723218826111e-05	0.0
-4.557668825677652e-11	1.0
0.0	1.0
-1.9437182345427573e-05	1.0
-0.0001955949846887961	0.43243243243243246
0.0	1.0
-9.046322520589456e-05	1.0
-5.6709133787080646e-05	0.0
0.0	1.0
-0.002105705440044403	0.0
-0.03401586785912514	0.0
0.0	1.0
0.0	0.0
0.0	1.0
0.0	0.0
0.0	0.0
-0.11953563988208771	0.0
0.0	1.0
-0.0005300771445035934	1.0
0.0	1.0
-2.061465238512028e-05	1.0
-0.0007035116432234645	0.003703703703703704
0.0	0.003703703703703704
-0.00014796135656069964	0.011
0.0	1.0
-8.24523376650177e-05	1.0
0.0	0.0010515247108307045
0.0	0.0
-0.00968857854604721	0.0
0.0	0.001001001001001001
0.0	0.499
0.0	1.0
0.0	1.0
0.0	1.0
0.0	1.0
0.0	0.0
-0.020164433866739273	0.0
-0.0004789360973518342	0.0
-6.049898804150189e-09	1.0
-0.0009179679327644408	0.0
-3.4466302167857066e-06	1.0
0.0	0.0
-0.004956013988703489	0.0
-2.251217665616423e-05	1.0
0.0	0.0
0.0	0.131
-0.0006494615226984024	0.0
-0.000223167531657964	0.131
0.0	0.0
0.0	1.0
0.0	0.131
0.0	0.0
0.0	1.0
-4.22168246541621e-12	0.0
-0.00031229574233293533	1.0
0.0	1.0
0.0	0.0
0.0	0.0
0.0	0.0
-1.0309263132057822e-07	0.76
0.0	1.0
-0.0018310066079720855	0.0
0.0	0.1021021021021021
0.0	1.0
-0.00016504425730090588	0.0011135857461024498
-0.0011262571206316352	1.0
0.0	0.0
0.0	0.102
0.0	0.102
-0.0002553137019276619	1.0
0.0	1.0
-0.0004309193172957748	1.0
0.0	1.0
0.0	1.0
0.0	0.0
0.0	0.0
-0.0023025330156087875	0.11
-0.0009162496426142752	1.0
-4.842579670594205e-08	1.0
0.0	1.0
0.0	0.11
0.0	0.0
0.0	0.0
-0.0006404261803254485	0.0
0.0	0.0
-0.00014925943105481565	1.0
-2.165718115065829e-06	0.0
-0.005133288912475109	0.0
0.0	0.0
-5.1759008783847094e-05	1.0
-0.0008124385494738817	1.0
-0.004179815296083689	0.0
0.0	0.0
-7.622473640367389e-05	0.0
0.0	0.10230692076228685
-0.0049292221665382385	0.003
0.0	1.0
-0.00013692252105101943	1.0
-0.004003382287919521	0.0
0.0	1.0
-2.1332014057406923e-06	1.0
0.0	1.0
-1.834658149846291e-07	1.0
0.0	0.0
0.0	1.0
0.0	1.0
-0.00014257218572311103	1.0
0.0	1.0
0.0	1.0
0.0	1.0
-1.1968786566285416e-06	1.0
0.0	1.0
0.0	1.0
0.0	1.0
0.0	1.0
0.0	1.0
-0.00026527108275331557	1.0
0.0	1.0
-1.0268470305163646e-06	0.498
0.0	0.0
0.0	0.0
-0.0024392285849899054	1.0
0.0	0.003003003003003003
-4.765106950799236e-06	0.0010030090270812437
-0.0013806663919240236	0.0
0.0	0.0
0.0	0.001
0.0	0.001
-2.170209683072244e-07	0.0
-2.2289897358418465e-11	0.001
0.0	0.0
0.0	0.0
-1.9310116840642877e-05	1.0
-0.0001457636390114203	0.0
-1.3123390090186149e-05	0.0
0.0	0.0
0.0	0.0
0.0	1.0
0.0	0.0
0.0	0.0
-0.0020957246888428926	0.0
0.0	0.0
0.0	0.0
-5.4336112498276634e-08	0.0
