0.0	0.0
0.0	1.0
-0.000825209601316601	0.0
0.0	0.0
0.0	0.0
0.0	0.0
0.0	1.0
-0.00020557793322950602	0.0
0.0	1.0
0.0	1.0
0.0	1.0
0.0	1.0
-0.018845025449991226	0.0
0.0	1.0
0.0	0.0
-1.2991461517231073e-05	0.0
-0.0014691730029881	1.0
-9.914416523315595e-07	1.0
0.0	0.0
0.0	1.0
0.0	1.0
0.0	0.0
-0.0020483636762946844	0.0
0.0	1.0
-0.0009375073714181781	1.0
-0.00016563685494475067	0.0
0.0	1.0
-3.172321157762781e-05	0.0
0.0	1.0
-0.002326610032469034	0.003036437246963563
0.0	1.0
0.0	1.0
0.0	0.012195121951219513
0.0	1.0
0.0	0.0
0.0	1.0
0.0	0.0
-4.071041621500626e-05	0.0
0.0	1.0
0.0	1.0
0.0	0.0
0.0	0.0
0.0	0.0
0.0	0.0
0.0	1.0
-1.64530805646379e-10	1.0
-0.0011510330950841308	1.0
0.0	0.0
0.0	1.0
0.0	1.0
0.0	0.0
-0.0041360436007380486	0.0
0.0	0.0
0.0	1.0
0.0	1.0
0.0	0.0
0.0	0.0
0.0	0.01006036217303823
-0.00012107210204703733	0.01006036217303823
0.0	1.0
-0.0004867271054536104	1.0
-5.040704763814574e-06	0.0
0.0	1.0
-4.640776023734361e-05	1.0
-2.9564592440856075e-10	0.006
0.0	1.0
0.0	1.0
-4.381574285616807e-07	0.0
0.0	1.0
0.0	0.032
-0.0001893492299132049	0.0
-0.00022248709865380079	1.0
0.0	1.0
-1.0076616945298156e-06	0.032
0.0	1.0
-1.0913051482930314e-05	0.0
-2.4491368932899604e-08	0.0
0.0	1.0
0.0	1.0
0.0	1.0
0.0	0.0
-0.00019298178085591644	1.0
0.0	0.0
0.0	0.0020161290322580645
0.0	0.008016032064128256
0.0	0.008016032064128256
0.0	1.0
0.0	1.0
0.0	0.0
0.0	1.0
-5.6685607887629885e-06	1.0
0.0	0.011591148577449948
0.0	0.05156723963599596
0.0	0.0
-0.0003210567228961736	0.0
0.0	0.0
-0.004868450574576855	0.0
-9.40672034630552e-05	0.134
0.0	0.0
0.0	1.0
-5.05652719695604e-09	0.263
0.0	0.0
-0.002232935978099704	0.263
-3.1532238153886283e-06	0.263
0.0	0.0
0.0	0.0
-0.004334971308708191	0.011
-0.008023609407246113	0.0
0.0	1.0
0.0	0.0
0.0	1.0
0.0	0.0
-4.545310275716474e-06	0.185
-0.000671620829962194	0.0
0.0	0.185
0.0	1.0
0.0	0.185
-3.4555694128357572e-06	1.0
0.0	0.185
0.0	1.0
-2.1234890823507158e-07	1.0
-0.0024956725537776947	0.0
0.0	1.0
-9.581664926372468e-06	1.0
0.0	1.0
0.0	1.0
0.0	1.0
-7.909612759249285e-05	1.0
0.0	1.0
0.0	1.0
-0.00016615742060821503	0.0
-0.0035002354998141527	0.0
0.0	0.0
0.0	0.0
-0.004003463312983513	0.0
-6.1555120945073e-15	1.0
0.0	1.0
-7.687835363867634e-07	1.0
0.0	0.0
-3.9544723051676556e-09	0.017
0.0	1.0
-0.17276278138160706	0.0
-0.0016023447969928384	1.0
0.0	0.0
0.0	0.0
-6.404532177839428e-05	1.0
0.0	1.0
0.0	1.0
0.0	0.0020242914979757085
0.0	0.001841620626151013
0.0	0.0
0.0	0.012024048096192385
-0.0013756040716543794	1.0
0.0	1.0
0.0	1.0
-3.051844146284566e-07	1.0
0.0	1.0
0.0	0.012145748987854251
0.0	1.0
-0.012067376635968685	0.0
-3.6613273550756276e-05	1.0
0.0	0.05668016194331984
0.0	1.0
0.0	1.0
-0.0002579341526143253	1.0
0.0	0.056
0.0	1.0
0.0	0.0
0.0	0.0
0.0	1.0
0.0	0.0
0.0	1.0
-1.3861343859389308e-06	0.007
0.0	1.0
-9.848937770584598e-05	1.0
0.0	0.018072289156626505
0.0	0.0
-2.1856646270634883e-08	1.0
-2.8055506362534288e-08	0.0
-0.0015102080069482327	0.0
0.0	0.0
-0.00018371616897638887	1.0
-0.001240910729393363	1.0
0.0	1.0
-2.6787179194798227e-06	0.0
0.0	1.0
-0.000854461221024394	0.0
0.0	0.0
0.0	0.0
0.0	0.0
-0.0014270502142608166	1.0
0.0	1.0
-0.0002112689398927614	1.0
-2.9110171453794464e-05	1.0
-0.006731193978339434	0.0
0.0	0.0
-0.0009628482512198389	0.0
0.0	0.0
0.0	1.0
0.0	0.0
0.0	0.0
0.0	1.0
0.0	0.0
-6.897279490658548e-06	0.0
-2.4168481104425155e-05	1.0
0.0	0.0
0.0	1.0
-0.00043717140215449035	1.0
-2.0220550140948035e-05	1.0
0.0	1.0
-3.65976415839242e-10	1.0
0.0	1.0
-1.4880584785714746e-05	1.0
-1.043855346229822e-15	1.0
0.0	1.0
-0.00015081891615409404	1.0
0.0	1.0
0.0	0.0
-1.863227407739032e-05	1.0
0.0	1.0
-0.00038834093720652163	1.0
-0.0002035103243542835	1.0
0.0	1.0
-0.005748520139604807	0.0010030090270812437
0.0	0.0010030090270812437
-0.007345595397055149	0.0010030090270812437
0.0	0.007462686567164179
0.0	1.0
0.0	0.0
0.0	1.0
-0.00010258215479552746	0.003003003003003003
0.0	1.0
0.0	0.0
0.0	1.0
-0.001195466727949679	1.0
0.0	1.0
0.0	1.0
-1.3868140949578178e-14	1.0
0.0	0.0
-0.0003702221147250384	1.0
0.0	1.0
-4.251071938909945e-09	0.0
0.0	0.0
-0.0005534353549592197	0.0
0.0	1.0
0.0	0.0
0.0	0.10480349344978165
0.0	0.0
0.0	1.0
0.0	0.0
-0.00016025640070438385	0.0
-0.0002943005529232323	0.0
0.0	0.0
0.0	1.0
0.0	1.0
0.0	1.0
0.0	0.13179347826086957
0.0	0.143646408839779
0.0	0.0
0.0	1.0
0.0	0.0
0.0	0.097
-6.043087523721624e-07	0.097
0.0	1.0
0.0	1.0
-2.85742430605751e-06	1.0
0.0	1.0
0.0	0.0
-0.00014880260278005153	0.0
-5.7622525417855286e-08	0.0
0.0	0.0
0.0	0.0
0.0	0.0
-0.018602531403303146	0.0
-0.001019861432723701	0.0
-5.169444317054683e-10	1.0
-2.720965312619228e-05	0.0
0.0	0.0
0.0	0.0
0.0	1.0
-0.005031242500990629	0.0
0.0	0.134
-0.0026350279804319143	0.0
0.0	0.0
0.0	0.0011750881316098707
0.0	0.14914914914914915
-0.003422492416575551	0.14914914914914915
0.0	1.0
0.0	1.0
0.0	1.0
-0.0008554778178222477	0.0
0.0	1.0
-0.00012436545512173325	0.0
0.0	0.0
-0.0027924098540097475	0.0
0.0	0.0
0.0	0.0
0.0	1.0
-0.0005991585203446448	0.0
-0.0003021331212949008	1.0
0.0	1.0
-0.0005167596391402185	1.0
0.0	1.0
0.0	1.0
0.0	1.0
0.0	1.0
0.0	1.0
-3.1290774131775834e-06	0.0
0.0	1.0
-2.043778977167676e-06	1.0
0.0	0.09435897435897436
-2.5049253782327696e-09	0.0
0.0	1.0
-0.0005175896221771836	0.0010649627263045794
-1.7503789422335103e-05	0.0010649627263045794
-5.622809840133414e-05	0.262
0.0	0.0
-0.0050864387303590775	1.0
0.0	1.0
-0.0013483804650604725	0.0
0.0	1.0
-0.0004558252403512597	1.0
-0.006600928492844105	0.0
-2.561588701155415e-07	1.0
0.0	0.0
-1.657271354815748e-06	1.0
0.0	0.23323323323323322
0.0	1.0
0.0	0.0
0.0	1.0
-0.0007341561722569168	1.0
0.0	1.0
0.0	1.0
0.0	1.0
-2.9934612939541694e-06	0.0
-1.4835232832410838e-05	0.0
-4.114093599127955e-07	0.001
-6.195865717018023e-05	0.0
-6.971742550376803e-05	1.0
0.0	0.03
0.0	1.0
-3.677620341591137e-08	0.0
0.0	1.0
0.0	0.0
-0.01812400482594967	0.0
0.0	0.031185031185031187
0.0	1.0
-7.134301267797127e-05	1.0
0.0	1.0
0.0	0.011
0.0	1.0
0.0	1.0
0.0	0.3063063063063063
0.0	0.0
-1.0083746019518003e-05	1.0
0.0	0.176
0.0	1.0
0.0	0.0
0.0	1.0
0.0	1.0
0.0	0.0
-0.0016903135692700744	0.001
0.0	0.0
-7.383007414318854e-06	0.0
0.0	0.0
-0.0012052603997290134	0.0
0.0	0.003003003003003003
0.0	0.0
0.0	0.019
-1.116697717407078e-06	0.02
-0.00010986851702909917	0.0
0.0	1.0
-0.00030446250457316637	0.0010330578512396695
0.0	1.0
-0.0015559477033093572	0.0
-0.0008828223799355328	0.0
-0.001641245442442596	0.0
-4.674643250268673e-08	0.0
0.0	0.0
0.0	1.0
-0.0002282212080899626	0.0
0.0	1.0
0.0	1.0
0.0	0.0
0.0	1.0
0.0	0.01507537688442211
0.0	0.0
0.0	1.0
0.0	0.0
0.0	1.0
0.0	1.0
0.0	1.0
0.0	1.0
-5.7405297411605716e-05	0.0
0.0	0.071
0.0	0.445
0.0	0.445
-0.0004432602727320045	1.0
-0.0007535647600889206	0.003
0.0	0.003
0.0	0.003
0.0	0.003
0.0	1.0
-0.003765198402106762	0.0
-2.7059288143505e-09	0.016293279022403257
-0.0024438605178147554	0.0
-6.395802483893931e-05	0.005
0.0	1.0
-0.002766852267086506	0.0
0.0	0.0
-0.00035219546407461166	0.0
0.0	1.0
0.0	0.005045408678102927
0.0	0.009045226130653266
-0.00395964877679944	0.0
0.0	0.009036144578313253
0.0	1.0
-1.9431514374446124e-05	1.0
-7.707591009875614e-08	1.0
-0.0028405783232301474	0.002
0.0	1.0
-0.006114030722528696	0.003015075376884422
-0.0019964859820902348	0.0
0.0	1.0
0.0	0.0
-6.6414268076187e-06	1.0
0.0	1.0
0.0	0.737
0.0	1.0
-4.124878159927903e-06	0.02814070351758794
0.0	0.0
0.0	0.02814070351758794
0.0	1.0
0.0	1.0
-0.0028633498586714268	0.0
0.0	1.0
0.0	1.0
-0.000922966341022402	0.0
0.0	0.0
-0.008975505828857422	0.0
0.0	1.0
0.0	0.0
0.0	0.0
0.0	0.0
-1.5452265245130548e-07	0.0
-0.0004513820167630911	0.0
0.0	1.0
-2.5893757992889732e-05	1.0
0.0	1.0
0.0	1.0
-0.0028892287518829107	0.0
0.0	0.1841841841841842
0.0	1.0
-1.0060343811346684e-05	0.0
-1.3625934116134886e-05	0.0
-0.0029427313711494207	0.184
0.0	0.184
0.0	1.0
0.0	0.0024509803921568627
0.0	0.0
-0.0005291359848342836	0.0
-0.013088906183838844	0.002072538860103627
-0.00038376738666556776	1.0
0.0	0.002072538860103627
-0.004868726246058941	0.0020470829068577278
0.0	0.0
-0.005525733809918165	0.0
-6.3889256125548854e-06	0.0
-3.3538948628120124e-05	1.0
-3.024411554530815e-10	1.0
-1.0826757892989924e-11	1.0
0.0	1.0
0.0	0.0
-2.1848136093263054e-13	0.0
0.0	1.0
0.0	1.0
0.0	1.0
0.0	0.0
-0.027987254783511162	0.0
0.0	1.0
0.0	1.0
0.0	1.0
0.0	0.0
0.0	1.0
-4.0481068497300043e-10	0.072
0.0	0.0
0.0	0.0
-0.0010187494335696101	0.0
-0.001339801587164402	0.0
-0.0002070164046017453	0.0
0.0	0.0
-8.14369585100394e-08	0.0
-6.600728738703765e-06	0.445
0.0	0.0
0.0	0.0
0.0	0.01314459049544995
0.0	1.0
-1.3630193862468332e-08	0.01314459049544995
-3.567235035006888e-05	1.0
-0.0001773042167769745	0.18865979381443299
0.0	1.0
0.0	1.0
-2.1358886442612857e-05	1.0
0.0	0.24829467939972716
-0.005724799353629351	0.0
0.0	0.0
0.0	0.3215158924205379
0.0	1.0
-0.0024100099690258503	0.0
0.0	0.182
-0.0005680076428689063	1.0
-3.6330657593453e-08	1.0
0.0	1.0
0.0	0.07114228456913828
-8.942027488956228e-05	1.0
0.0	0.0
0.0	1.0
0.0	0.0
0.0	0.061
-0.0024910354986786842	0.0
-0.00011404950055293739	1.0
-5.13483257691405e-07	0.0
-0.00014470465248450637	0.016194331983805668
-3.009224747074768e-05	1.0
-3.962801565648988e-05	1.0
0.0	1.0
0.0	0.0
0.0	0.0
0.0	1.0
-3.152829094688059e-06	1.0
0.0	1.0
0.0	0.0
0.0	0.0
0.0	1.0
-0.0026699346490204334	0.0
0.0	1.0
0.0	0.0
0.0	0.445
-7.78459434513934e-05	0.0
-0.0012953180121257901	0.0
0.0	0.0
0.0	0.0
-0.0014761029742658138	0.0
0.0	0.0
0.0	1.0
0.0	1.0
0.0	0.0
0.0	0.0
0.0	1.0
-8.795610483502969e-06	1.0
0.0	0.0
0.0	1.0
-0.0030346489511430264	0.002
0.0	1.0
0.0	1.0
0.0	1.0
-0.0006063580513000488	1.0
-0.018516425043344498	0.0
0.0	0.45454545454545453
0.0	0.036
0.0	1.0
-0.00013930740533396602	1.0
0.0	1.0
0.0	1.0
-1.3182635538733223e-10	1.0
0.0	0.0
0.0	1.0
-0.02263079211115837	0.0
0.0	1.0
0.0	0.0
0.0	0.0
0.0	0.0
0.0	0.05765765765765766
0.0	0.05765765765765766
-0.000558657746296376	0.0
0.0	0.0
-0.00015555349818896502	0.0
-0.0034422525204718113	0.0
0.0	1.0
0.0	0.433
0.0	0.0
0.0	1.0
0.0	0.0
0.0	0.0
-0.00016114632308017462	0.0
0.0	1.0
0.0	0.018018018018018018
-0.08906257152557373	0.0
-0.00024238346668425947	0.018
-0.0015433405060321093	0.0
-1.8423852452542633e-05	0.0
0.0	0.0
0.0	0.0
-2.3356160454568453e-06	0.0
0.0	0.005488474204171241
-1.797941990844265e-06	1.0
0.0	1.0
0.0	1.0
0.0	0.005268703898840885
