-0.0021605826914310455	0.0
0.0	1.0
0.0	1.0
0.0	0.0
-3.4359862183919176e-05	0.0
0.0	1.0
-1.4417594229598762e-06	1.0
0.0	1.0
0.0	1.0
-0.13794779777526855	0.0
0.0	1.0
0.0	1.0
0.0	0.0
-4.825160067412071e-05	0.0
0.0	0.0
0.0	1.0
0.0	0.052
-0.0006221396033652127	0.0
-0.0006353484932333231	0.0
-2.3412292648572475e-05	1.0
0.0	1.0
0.0	0.0
0.0	0.011124845488257108
0.0	1.0
-0.0038142194971442223	0.0
0.0	0.009027081243731194
-0.0016849751118570566	0.0
-0.0013893898576498032	1.0
-0.006474060006439686	0.0
0.0	0.0
-0.019049275666475296	0.0
0.0	0.0
0.0	0.0
-0.000922526465728879	0.010416666666666666
0.0	1.0
0.0	1.0
0.0	0.0
0.0	1.0
0.0	0.011
-0.007353292778134346	0.0
0.0	0.0
0.0	1.0
-0.0001557792566018179	1.0
0.0	1.0
0.0	1.0
0.0	0.96
-5.520842449868724e-09	1.0
0.0	0.0
-0.0007941033109091222	0.0
0.0	0.809
0.0	0.0
-0.00029669346986338496	1.0
0.0	1.0
-5.9259601349268e-13	0.0
-5.000345595362887e-07	1.0
-0.002076189499348402	1.0
-6.7797723204421345e-06	0.0
0.0	1.0
-3.3345495467074215e-05	1.0
0.0	1.0
0.0	1.0
0.0	0.0
0.0	0.0
-0.0002760265488177538	1.0
-3.9955757529241964e-05	1.0
0.0	1.0
-0.0005074425716884434	1.0
0.0	0.0
0.0	0.0
-0.001283352030441165	0.004004004004004004
-3.1329651051237306e-07	0.0
-0.00025962843210436404	0.0
-4.256380634615198e-05	0.11428571428571428
-1.2821137715945952e-05	0.004
-0.003167628077790141	0.0
0.0	1.0
0.0	1.0
0.0	1.0
0.0	0.0
0.0	0.0
0.0	0.0
0.0	0.0
0.0	0.0
-0.0008904654532670975	1.0
0.0	0.0
-4.809554866369581e-06	0.0
0.0	0.0
-8.656430873088539e-05	1.0
-0.002211249666288495	0.0
0.0	1.0
0.0	1.0
0.0	1.0
0.0	1.0
0.0	1.0
0.0	1.0
0.0	1.0
0.0	1.0
-4.516926856013015e-05	1.0
0.0	1.0
0.0	1.0
-2.0997920416321314e-11	0.005005005005005005
0.0	0.005005005005005005
0.0	1.0
-1.5913526567601366e-06	1.0
0.0	1.0
-0.0016928613185882568	0.0
-3.8899532228242606e-05	0.644
0.0	0.0
0.0	0.0
0.0	0.0
0.0	1.0
0.0	1.0
0.0	0.0
0.0	1.0
0.0	0.002
-0.00018066274060402066	0.002
-0.0009494968689978123	0.0
-6.088181635277579e-06	1.0
-6.868904893053696e-05	0.0
0.0	1.0
-0.0013391069369390607	0.0
0.0	1.0
0.0	1.0
-3.189628561273139e-10	1.0
-0.00440360838547349	0.0
0.0	1.0
-0.026449132710695267	0.0
-0.001020578434690833	0.0
0.0	0.0
-8.552152576157823e-05	1.0
0.0	0.0
0.0	1.0
0.0	1.0
-6.571860922122141e-07	0.04375
0.0	0.04012036108324975
-2.291732243975275e-06	0.003125
-0.0005913974018767476	0.0
0.0	0.0
0.0	0.0
0.0	1.0
-4.035967504023574e-05	0.0
0.0	1.0
0.0	1.0
0.0	1.0
0.0	1.0
0.0	1.0
0.0	0.0
0.0	1.0
0.0	0.0
0.0	1.0
-0.0003429898351896554	1.0
0.0	1.0
-1.7750906408764422e-05	1.0
0.0	0.003386004514672686
0.0	0.0032397408207343412
0.0	0.023
-7.183872696714388e-08	0.023
0.0	0.0
0.0	1.0
0.0	0.025527192008879023
0.0	0.0
-1.780697367337325e-08	1.0
-0.002206863835453987	0.06306306306306306
0.0	1.0
-1.0842871233762708e-05	0.07663782447466007
0.0	1.0
0.0	1.0
0.0	1.0
-1.4219745935406536e-05	1.0
-2.2843954639029107e-07	1.0
-0.006636274047195911	0.0
0.0	1.0
0.0	1.0
-0.0066119288094341755	0.001
0.0	0.0
-9.663531818659976e-05	0.0
-0.00016094169404823333	1.0
-0.00043769757030531764	0.809
-3.626915372478834e-07	0.809
-3.263416147092357e-05	1.0
0.0	1.0
-0.0008548280457034707	1.0
-1.2348115205895738e-06	0.0
-1.8019392200585571e-06	0.0
-0.002307688584551215	0.0
-3.831293724942952e-06	0.0
-0.0004275187384337187	0.0
0.0	1.0
-0.019341018050909042	0.0
0.0	0.012956419316843345
0.0	1.0
-0.00021020691201556474	1.0
0.0	0.0
0.0	1.0
0.0	1.0
-3.417438711039722e-05	0.0
-1.841017649439891e-08	0.0
0.0	1.0
-5.2644081733888015e-06	1.0
-0.003965944517403841	1.0
0.0	0.0
-0.01597905345261097	0.0
0.0	1.0
-5.524284006241942e-06	0.0
-9.095059067476541e-05	1.0
0.0	0.0
0.0	1.0
0.0	1.0
-0.00023597512335982174	0.0
0.0	0.0
0.0	1.0
0.0	1.0
-2.540541117923567e-06	0.0
0.0	0.0
0.0	0.0
0.0	1.0
0.0	1.0
0.0	1.0
0.0	1.0
-0.0031510551925748587	0.003
-1.2481851626944263e-05	0.0
-0.00037766792229376733	0.0
-0.0010200205724686384	0.003
0.0	0.003
-4.0599908970762044e-05	0.003
-2.3956683889991837e-06	0.0
-0.0010636418592184782	0.0
-0.0004500080249272287	0.809
-4.1022249206434935e-06	0.0
-0.01597178913652897	0.0
0.0	0.809
0.0	1.0
-1.7549691619933583e-06	1.0
0.0	1.0
0.0	1.0
0.0	1.0
-0.0037237880751490593	0.0
0.0	1.0
0.0	0.0
0.0	0.0
-0.002205038908869028	0.0
0.0	0.008
0.0	1.0
0.0	1.0
0.0	0.046357615894039736
0.0	1.0
0.0	0.0
0.0	1.0
0.0	0.16816816816816818
-1.871792505880876e-06	0.001201923076923077
0.0	1.0
-0.001973042031750083	1.0
0.0	1.0
0.0	0.0
0.0	0.0
0.0	1.0
0.0	1.0
-1.0158006261917762e-05	1.0
-1.7150454368675128e-05	1.0
-0.0011181129375472665	0.0
-2.8539130653371103e-05	1.0
0.0	1.0
0.0	0.0
0.0	0.0
-0.0006698477081954479	1.0
-3.6134380934527144e-05	0.0
-3.086350261582993e-05	0.0
0.0	1.0
0.0	1.0
0.0	1.0
0.0	1.0
-0.00042558772838674486	1.0
0.0	1.0
-0.0016414574347436428	0.0
0.0	0.0
-0.00046598000335507095	0.0
0.0	0.0
-6.614986341446638e-05	1.0
-0.002417314564809203	0.0
-0.0014190133661031723	1.0
0.0	0.0
-0.00028608241700567305	0.0
-0.00400916812941432	0.0
0.0	0.0
0.0	0.0
0.0	1.0
0.0	1.0
0.0	0.2032032032032032
0.0	0.0012547051442910915
0.0	1.0
0.0	0.0012547051442910915
-2.5231516528889664e-11	0.0
0.0	1.0
-0.00026885888655669987	0.0
0.0	1.0
0.0	1.0
-0.0007844256469979882	1.0
-0.0003163460351061076	0.0
0.0	1.0
0.0	1.0
0.0	1.0
0.0	0.1011011011011011
-7.51893480810395e-08	1.0
0.0	1.0
-1.687995609245263e-05	1.0
-0.002255842089653015	1.0
0.0	0.0
0.0	0.0
0.0	0.0
0.0	1.0
0.0	1.0
-0.002814299426972866	0.0
-0.00034590912400744855	0.04
0.0	0.0
0.0	0.0
-2.1411979105323553e-06	0.0
0.0	1.0
-6.766989099560305e-05	0.0
0.0	1.0
0.0	1.0
0.0	1.0
-2.6681368581193965e-06	0.0012360939431396785
-8.428983164776582e-07	1.0
-1.758457699452265e-07	0.153
0.0	0.153
0.0	1.0
-0.003202061401680112	0.0
-0.00021245915559120476	0.003006012024048096
-0.00021212104184087366	0.003003003003003003
-0.0003177057078573853	0.003003003003003003
-2.023547131102532e-05	0.0012360939431396785
0.0	0.0
0.0	0.001
-0.00014709049719385803	1.0
-0.00010137631034012884	0.0
0.0	1.0
0.0	0.0010416666666666667
0.0	0.04004004004004004
0.0	0.0010416666666666667
0.0	0.04004004004004004
0.0	1.0
0.0	0.0
0.0	1.0
-0.0004198839596938342	1.0
0.0	0.0
-2.6699641608729507e-08	1.0
0.0	0.0
-1.5007692582003074e-06	1.0
-9.336545917904004e-05	1.0
-9.740712266648188e-05	0.0
0.0	1.0
0.0	1.0
-0.00030470985802821815	0.22418478260869565
-1.450715529927038e-07	1.0
0.0	1.0
0.0	1.0
-1.8882034282796667e-06	0.8427083333333333
0.0	0.0
0.0	1.0
0.0	1.0
0.0	0.0
0.0	1.0
-6.295827859048586e-09	0.34782608695652173
0.0	1.0
-1.687472285993863e-05	1.0
-6.542920800711727e-07	1.0
-0.0006178221665322781	0.038318912237330034
-0.0012651949655264616	1.0
-0.0006692471797578037	0.0
-0.0157291442155838	0.0010152284263959391
0.0	0.0010152284263959391
-4.857117346546147e-06	0.0010152284263959391
0.0	1.0
-9.82927872428263e-07	1.0
0.0	1.0
-0.0002507790632080287	0.809
-3.830490934072497e-15	0.809
0.0	0.0
0.0	0.849
0.0	0.001422475106685633
0.0	0.032
0.0	0.002
-0.0011941000120714307	0.0
0.0	0.0
0.0	1.0
0.0	0.0
-6.732984911650419e-05	1.0
0.0	0.0
0.0	0.0
-0.00237533962354064	0.0
-8.741183232970073e-13	1.0
0.0	1.0
0.0	1.0
-0.0007051755674183369	0.0
0.0	1.0
0.0	1.0
0.0	0.0
-2.9974196877446957e-05	1.0
-0.0017808411503210664	1.0
-0.026198074221611023	0.0
-0.0002101278951158747	0.0
0.0	1.0
0.0	0.0
0.0	1.0
0.0	1.0
0.0	0.0
-8.3007444118266e-06	1.0
-1.4332061937238905e-07	1.0
-0.010085796006023884	0.07920792079207921
0.0	1.0
-8.326590432261582e-06	1.0
-3.0387793685804354e-06	1.0
0.0	0.029003783102143757
0.0	1.0
-1.4718713714501064e-07	1.0
0.0	1.0
0.0	0.0
0.0	0.017
0.0	0.0
-0.0008254044805653393	0.0
-0.0015460563590750098	0.0
0.0	1.0
-0.00028203584952279925	0.0
0.0	0.0
0.0	1.0
0.0	0.0
0.0	1.0
0.0	1.0
-7.035318816406289e-08	0.0
-6.819595000706613e-05	0.0
0.0	0.0
-1.2596953524735e-07	0.0
-0.001091930316761136	0.0
-0.0002884849673137069	1.0
-0.00025268743047490716	0.0
0.0	1.0
-0.0017599825514480472	1.0
0.0	0.001002004008016032
-5.7666793509270065e-06	1.0
-0.0006570038967765868	0.0
-0.0017508938908576965	0.0
0.0	1.0
0.0	0.0012422360248447205
0.0	1.0
0.0	0.0
0.0	1.0
0.0	0.0
-1.0102337000716943e-05	1.0
0.0	0.0
0.0	1.0
-5.988488919683732e-05	1.0
0.0	1.0
-6.463527370215161e-06	1.0
0.0	1.0
0.0	1.0
0.0	1.0
0.0	0.0
0.0	1.0
0.0	1.0
-1.030497998044666e-08	1.0
-4.923026608594228e-06	0.0
-0.0004145879065617919	1.0
0.0	1.0
-2.672202981557348e-06	1.0
-8.55588737636026e-08	1.0
0.0	1.0
0.0	1.0
-0.0010830098763108253	1.0
0.0	0.030303030303030304
0.0	1.0
0.0	1.0
0.0	0.07078039927404718
0.0	0.0
0.0	1.0
0.0	1.0
0.0	1.0
0.0	1.0
-0.0057313526049256325	0.0
-2.220813803432975e-05	0.0
0.0	0.0
0.0	0.09947643979057591
-0.00031122032669372857	0.8246687054026504
0.0	0.809
-0.004364504478871822	0.0
0.0	0.0
0.0	0.0
-3.296953821063653e-07	1.0
0.0	0.005
-0.022681131958961487	0.005
0.0	0.018
-0.00037346151657402515	1.0
-0.0001013910150504671	1.0
-0.00046530188410542905	0.01901901901901902
-3.033445850064709e-08	0.8606060606060606
0.0	1.0
-4.415198517904173e-08	1.0
0.0	1.0
0.0	1.0
-2.800516708725137e-13	1.0
-0.000605125620495528	1.0
-0.0008325366652570665	1.0
-3.2706445551866636e-08	1.0
-0.008057145401835442	0.0
0.0	0.0
0.0	1.0
0.0	0.1577350859453994
-4.565795734379208e-06	0.003
-0.03751160576939583	0.0
0.0	0.0
-0.0003767141024582088	1.0
0.0	1.0
0.0	1.0
-0.0015204668743535876	1.0
-1.1560671737242956e-05	1.0
0.0	1.0
-7.941854164528195e-06	0.0
-9.767421005335564e-08	0.003
0.0	1.0
0.0	1.0
-1.0012061466113664e-05	0.0
0.0	0.0
0.0	0.0
-4.396180429466767e-06	0.025
0.0	0.0
0.0	1.0
-0.0001751496020006016	0.0
0.0	0.045372050816696916
0.0	0.0
-6.046310591045767e-05	0.0
0.0	0.036
-4.486722536967136e-05	1.0
0.0	0.0
-1.972099150648887e-09	1.0
0.0	0.0
0.0	0.0
-0.002282717265188694	1.0
0.0	0.0
0.0	1.0
0.0	1.0
0.0	1.0
0.0	0.0
0.0	1.0
0.0	1.0
0.0	1.0
-0.0014523088466376066	0.0
0.0	1.0
-1.6098922060336918e-05	1.0
0.0	1.0
0.0	1.0
0.0	1.0
0.0	1.0
-0.0014308051904663444	0.00815494393476045
-0.018026147037744522	0.0
-0.0028737776447087526	1.0
-2.2064587028580718e-06	1.0
-0.001015454763546586	0.0
0.0	0.0
0.0	0.0
-7.0539126681978814e-06	0.006
0.0	1.0
-0.0006173091242089868	0.0
-7.261105110956123e-06	0.0
0.0	0.0
0.0	0.0
0.0	1.0
0.0	1.0
-9.235435527443769e-07	1.0
0.0	1.0
-0.0004439869662746787	1.0
0.0	0.0
0.0	1.0
-0.0017906598513945937	1.0
0.0	0.0
0.0	0.0
0.0	1.0
0.0	0.0
-0.0017703764606267214	1.0
-7.946214850562683e-07	1.0
0.0	0.04094165813715456
0.0	0.0
0.0	1.0
-0.0007199181127361953	1.0
-9.212863005814143e-06	1.0
0.0	1.0
0.0	0.0
0.0	1.0
-0.0006984366336837411	1.0
0.0	0.0
0.0	1.0
-5.574757324211532e-06	0.11311311311311312
0.0	1.0
-0.0005001019453629851	0.11611611611611612
0.0	1.0
-0.013752247206866741	0.0
-0.009278729557991028	0.0
0.0	1.0
-0.014385688118636608	0.0
-2.69137991892876e-08	0.0
-5.698648965335451e-05	0.0
-1.1300594451313373e-06	1.0
-0.0006862160516902804	1.0
-5.338173650670797e-06	0.0
0.0	1.0
0.0	0.0010030090270812437
0.0	1.0
0.0	0.0
-2.550067392803612e-07	1.0
-3.7498673918889835e-05	0.0023584905660377358
0.0	1.0
0.0	1.0
0.0	0.13270142180094788
0.0	1.0
0.0	1.0
0.0	0.072
-0.00013279759150464088	0.0
0.0	1.0
0.0	0.14136125654450263
-5.937113201071043e-07	1.0
0.0	1.0
0.0	0.0
0.0	1.0
0.0	1.0
0.0	1.0
0.0	1.0
-1.2038375416523195e-06	1.0
-0.0002349557908019051	1.0
0.0	0.0
0.0	1.0
0.0	0.003740648379052369
-0.00018305044795852154	0.003740648379052369
0.0	1.0
-3.81092945644923e-07	1.0
-1.9061160116962128e-07	1.0
0.0	1.0
-1.1560464230342404e-07	0.0
-0.002129239495843649	0.002
0.0	0.0
0.0	0.002
0.0	1.0
0.0	0.0
0.0	1.0
-0.0009169391123577952	0.809
0.0	1.0
-1.2275244216652936e-06	0.0
0.0	1.0
0.0	1.0
0.0	1.0
-4.8075456809959505e-11	1.0
0.0	1.0
-2.7300900910631754e-05	1.0
-1.0845564446526623e-07	1.0
0.0	0.0
