-0.00047289152280427516	1.0
0.0	1.0
0.0	1.0
-0.0009137684246525168	1.0
0.0	1.0
0.0	0.017382413087934562
-1.2822733879147563e-06	0.0
-1.6243086875533663e-09	1.0
0.0	1.0
-3.3579816512596845e-15	0.04878048780487805
0.0	1.0
-0.0003275097406003624	0.06030150753768844
-2.819190740410704e-05	1.0
0.0	1.0
-0.00034916220465674996	1.0
-0.005114332772791386	0.0
0.0	1.0
0.0	1.0
0.0	1.0
0.0	1.0
0.0	0.0
0.0	1.0
0.0	0.0
0.0	1.0
-8.368553972104564e-05	1.0
-1.1129727681691293e-05	1.0
0.0	0.0
0.0	1.0
-0.0013877094024792314	1.0
-0.00040300286491401494	0.005005005005005005
0.0	1.0
0.0	0.0010050251256281408
-1.2832448419430875e-06	1.0
-8.691300172358751e-05	1.0
0.0	1.0
-2.954051069536945e-06	0.0
-0.0008199776639230549	1.0
-0.0034301113337278366	0.0
0.0	1.0
0.0	1.0
-0.00011415897461120039	0.0
-1.036459616443608e-05	1.0
0.0	0.0
0.0	1.0
0.0	1.0
0.0	0.0
-1.50708803076105e-11	0.0
0.0	1.0
-7.80505251896102e-06	0.283
0.0	0.0
-0.01252728421241045	0.0
-0.0005107133183628321	0.016073478760045924
0.0	0.016073478760045924
-0.00022541343059856445	1.0
0.0	0.0
0.0	0.0
-1.16806063488184e-06	0.445
-0.005442862398922443	0.0
0.0	1.0
0.0	0.0
0.0	0.0
0.0	1.0
-1.5511998630035606e-10	1.0
-3.4318725283810636e-06	1.0
-0.00015211990103125572	1.0
-0.0007912285509519279	1.0
0.0	1.0
0.0	0.0
0.0	1.0
0.0	0.0
-7.398180059681181e-06	1.0
-0.0022476804442703724	0.012
0.0	1.0
0.0	0.0
0.0	1.0
0.0	0.0
0.0	0.007220216606498195
0.0	1.0
0.0	0.0
0.0	1.0
-5.062483410256391e-07	1.0
0.0	0.0
-4.808199394190638e-10	1.0
-4.128683528392685e-08	1.0
0.0	0.0
0.0	0.0
-0.0005205387133173645	1.0
-1.3156127576241516e-10	1.0
0.0	1.0
0.0	1.0
-0.0037918156012892723	1.0
0.0	1.0
0.0	1.0
0.0	1.0
0.0	1.0
-0.0004394877760205418	1.0
0.0	1.0
-1.3787890829064509e-08	1.0
-0.0005061299889348447	0.0
0.0	0.0
0.0	0.001834862385321101
0.0	1.0
0.0	1.0
-5.074294904261478e-07	0.010810810810810811
0.0	0.012972972972972972
0.0	1.0
-5.602581865105094e-08	0.012698412698412698
0.0	0.012698412698412698
0.0	1.0
-5.454990059661213e-08	0.01
-0.0001839344622567296	0.0
-0.004432338755577803	0.0
-2.4428498113238106e-10	0.0
0.0	0.10975609756097561
0.0	1.0
0.0	1.0
-0.00036507047479972243	1.0
-0.0025819679722189903	1.0
0.0	1.0
0.0	1.0
-0.02186918631196022	0.0
0.0	1.0
0.0	0.0
0.0	1.0
0.0	1.0
0.0	1.0
0.0	1.0
-3.318015660624951e-05	1.0
0.0	0.0
-1.726281152514275e-05	0.0
0.0	1.0
0.0	1.0
-9.355352972306719e-07	1.0
0.0	0.0
0.0	0.0
-8.304331458930392e-06	1.0
-0.0011744725052267313	0.222
-1.4988696506179622e-08	1.0
0.0	1.0
-0.010888773016631603	0.0
-0.005504531320184469	1.0
0.0	0.009
0.0	1.0
-7.291232122952351e-06	0.0
0.0	0.0
0.0	1.0
0.0	1.0
0.0	0.0
0.0	0.0
0.0	0.0
-0.002848498523235321	0.0
-1.272281030528788e-10	1.0
-0.0004002819478046149	1.0
-0.0010941115906462073	1.0
-0.003313350258395076	0.0
0.0	0.0
-0.007445393595844507	0.0
0.0	0.0
0.0	0.0
-2.1269150352054567e-07	0.0
0.0	0.0
-0.0011239114683121443	0.0
0.0	1.0
0.0	0.0
0.0	0.0
-8.683576861040487e-13	1.0
-0.0009160517365671694	0.0
0.0	0.015479876160990712
-9.344849161152524e-08	0.022703818369453045
-0.002991921966895461	0.009287925696594427
-1.7956580666833588e-10	0.009287925696594427
0.0	0.032157676348547715
-1.4899972484272439e-05	0.04
0.0	1.0
0.0	1.0
-0.00013149261940270662	0.07883817427385892
0.0	0.03169398907103825
-0.007056824397295713	0.03169398907103825
0.0	0.03169398907103825
-1.736592480483523e-06	0.08753861997940268
0.0	0.0
0.0	1.0
-3.154634100610565e-07	0.03169398907103825
0.0	0.01644398766700925
-1.3729232932746527e-06	1.0
0.0	1.0
0.0	0.0
0.0	0.0
0.0	0.002
-1.4224019651010167e-05	1.0
0.0	1.0
0.0	1.0
0.0	1.0
0.0	1.0
0.0	1.0
0.0	0.0
-0.0015300504164770246	0.0
0.0	1.0
-8.699119644006714e-05	0.0
0.0	1.0
0.0	0.0
-0.001105576055124402	1.0
-0.003168698400259018	0.0
0.0	1.0
0.0	1.0
0.0	1.0
0.0	1.0
0.0	1.0
-1.030131352308672e-05	0.031
-0.00010322262096451595	1.0
-3.5453123814477294e-07	1.0
0.0	0.0
-0.0011591429356485605	1.0
-1.811163794895182e-14	0.0
-3.7026245536253555e-06	1.0
0.0	0.0
-6.933941040188074e-05	0.0
0.0	1.0
-0.0010874277213588357	0.0
0.0	1.0
0.0	1.0
0.0	1.0
-5.39746679351083e-06	1.0
-3.955447755288333e-05	1.0
-1.5695290130679496e-05	0.0
-0.00017829996068030596	1.0
-0.0025716659147292376	0.008
0.0	0.0
0.0	0.0
0.0	0.0
-7.714177627349272e-06	0.0
-0.009029673412442207	0.008928571428571428
0.0	0.017
0.0	0.017
0.0	1.0
0.0	0.0
0.0	1.0
-7.262284201026224e-16	0.0
-0.0003084446652792394	0.0
-0.00021813948114868253	0.0
0.0	1.0
0.0	1.0
-0.0009729214361868799	0.001
-1.5125509662539116e-06	1.0
0.0	0.001
-3.457259663264267e-05	1.0
-3.2949081685273995e-08	0.0
-0.0038650352507829666	1.0
0.0	1.0
0.0	0.0
-0.00207491940818727	1.0
-2.1360680151766287e-14	0.01098901098901099
0.0	1.0
0.0	0.046
-0.0061962418258190155	0.0
0.0	0.05010893246187364
0.0	1.0
-3.1616050364391413e-06	1.0
0.0	1.0
0.0	0.0
0.0	0.011467889908256881
0.0	0.03717472118959108
0.0	0.0
0.0	1.0
-2.6908521704172017e-06	0.0
0.0	0.0
-0.0008268352248705924	0.09
-0.00013526914699468762	0.0
-5.335959940566681e-05	0.0
0.0	0.04467005076142132
0.0	0.0
0.0	1.0
0.0	1.0
0.0	1.0
0.0	1.0
-0.00043492030818015337	1.0
-0.00036901840940117836	1.0
0.0	1.0
0.0	1.0
0.0	1.0
0.0	1.0
0.0	0.0
0.0	1.0
-0.00013179786037653685	1.0
0.0	1.0
-0.016833053901791573	0.0
0.0	1.0
0.0	1.0
0.0	1.0
0.0	0.104
-0.0007511529256589711	1.0
0.0	1.0
0.0	1.0
0.0	0.0
0.0	0.0
-0.0026781053747981787	0.0
0.0	0.0
0.0	0.0
0.0	1.0
-0.00021488769561983645	0.0
-0.0277462899684906	0.0
-0.0003826234897132963	1.0
0.0	1.0
0.0	0.0
0.0	0.0
0.0	0.0
0.0	1.0
-0.000329274422256276	0.058
0.0	1.0
0.0	1.0
-1.1424570402596146e-05	0.0
0.0	1.0
0.0	0.0
-6.511695479702317e-13	1.0
0.0	1.0
-0.0001428137911716476	1.0
0.0	1.0
-7.962148811202496e-05	0.030991735537190084
0.0	0.026859504132231406
0.0	1.0
0.0	1.0
0.0	0.023
-0.0025967780966311693	1.0
0.0	0.0
0.0	1.0
-7.770382217131555e-05	1.0
-0.00022439211898017675	1.0
0.0	1.0
0.0	1.0
0.0	1.0
0.0	1.0
-0.0017657896969467402	0.16853932584269662
0.0	1.0
-5.063279786554631e-07	0.0
0.0	1.0
-0.005711504723876715	0.0
-0.0074523864313960075	0.0
0.0	1.0
0.0	0.445
0.0	0.0
-0.040224213153123856	0.0
0.0	1.0
0.0	1.0
0.0	1.0
0.0	1.0
-5.541509744944051e-05	1.0
-0.0007907289545983076	0.0
-1.5391358829219826e-05	1.0
0.0	1.0
0.0	1.0
-0.00023156909446697682	0.0
0.0	1.0
0.0	1.0
-3.638962908780741e-08	0.005411255411255411
-6.972991286602337e-07	1.0
-1.1125152013846673e-05	1.0
0.0	0.0
-0.0003319938841741532	1.0
0.0	0.0
0.0	0.0
-7.215151809347731e-10	1.0
0.0	1.0
0.0	1.0
0.0	0.0
-1.7147140374262904e-09	1.0
-6.356982339639217e-05	1.0
0.0	1.0
0.0	0.0
0.0	0.0
-1.2468357454054058e-05	0.0
0.0	1.0
0.0	0.121
0.0	1.0
0.0	1.0
0.0	1.0
0.0	1.0
0.0	0.0
0.0	0.014
0.0	0.0
-0.005633842200040817	0.0
-1.3005400433030445e-05	1.0
-0.03101975843310356	0.0
0.0	1.0
-3.546945848142968e-08	0.0
-4.8366138798883185e-05	0.1350253807106599
-0.00033961169538088143	1.0
0.0	1.0
-0.0009047309285961092	0.0
-0.05205556005239487	0.0
-0.004358971957117319	0.0
-0.0017648827051743865	1.0
0.0	1.0
0.0	0.197
0.0	1.0
-0.0018476990517228842	0.0
0.0	1.0
0.0	0.0
-0.08612878620624542	0.0
0.0	0.188
0.0	1.0
-0.0014499095268547535	0.0
0.0	0.0
0.0	1.0
0.0	0.0
0.0	1.0
0.0	0.0
0.0	0.0
-0.016107624396681786	0.0
-0.0019619681406766176	0.0
0.0	1.0
-3.0889734716765815e-06	1.0
0.0	0.0
0.0	0.0
0.0	1.0
0.0	0.0
0.0	0.0
0.0	1.0
-0.0005225769127719104	0.0
-6.732533974762589e-11	1.0
0.0	1.0
-0.00011620877921814099	0.0
-0.0015016758115962148	0.001
-0.00013101749937050045	0.0
0.0	0.001
-9.750186291057616e-05	0.0
0.0	0.0
-6.1881310102762654e-06	0.0
-1.3241479791759048e-05	1.0
0.0	0.0
0.0	0.0
0.0	1.0
0.0	1.0
0.0	1.0
0.0	1.0
-0.0015250786673277617	1.0
0.0	1.0
0.0	1.0
0.0	1.0
0.0	0.0
-3.957091365691667e-08	1.0
0.0	0.008
0.0	0.00906344410876133
0.0	0.0
-0.01564217358827591	0.0
-3.4389566194725774e-10	0.0
0.0	0.002
-0.06758333742618561	0.0
-0.002002447610720992	1.0
0.0	0.0
-0.00021254265448078513	0.003006012024048096
0.0	0.003006012024048096
0.0	0.003006012024048096
-0.00016957952175289392	1.0
0.0	0.0
0.0	1.0
0.0	0.0
-6.277548436628422e-08	1.0
0.0	0.0
-1.2689324648818001e-06	0.048730964467005075
-0.024354130029678345	0.02702702702702703
-0.0006437269039452076	1.0
-3.1779165965417633e-07	0.015756302521008403
0.0	1.0
0.0	0.0
0.0	1.0
0.0	1.0
-4.558724953085402e-09	1.0
-0.0005113548832014203	1.0
0.0	0.01
0.0	1.0
-0.0026206900365650654	0.0
0.0	1.0
-0.0023919602390378714	0.0
0.0	0.0
-0.0006644329987466335	1.0
-0.00014360249042510986	0.0
0.0	1.0
0.0	0.0
0.0	0.0
0.0	0.0
-7.771605581297081e-10	1.0
0.0	0.0
-4.7476947656832635e-05	0.0
-0.0005108306067995727	0.0
0.0	0.0
0.0	0.0
0.0	0.0
0.0	0.0
-1.9697302599749889e-13	1.0
-0.02554275281727314	0.0
-9.587129978783082e-10	1.0
0.0	1.0
-0.0013344513718038797	0.07422266800401203
-0.004593206569552422	0.0
0.0	1.0
0.0	0.07931726907630522
0.0	1.0
0.0	1.0
-3.039164994333987e-06	1.0
-8.217027058776694e-09	1.0
0.0	1.0
-0.005645030178129673	0.0
-3.332544565637363e-06	1.0
0.0	1.0
0.0	0.0
-1.6162169913513935e-07	1.0
-0.000315905170282349	0.0
-1.1083751161322652e-07	0.0
-7.24083520253771e-07	0.0
0.0	1.0
0.0	1.0
0.0	1.0
-1.000083557300968e-06	0.0
0.0	1.0
0.0	1.0
0.0	0.0
-0.00421935087069869	0.0
0.0	0.0
-0.122005894780159	0.0
0.0	0.187
0.0	0.187
0.0	1.0
0.0	0.0
0.0	0.0
-1.2740304100589128e-07	1.0
-4.07451017370164e-10	1.0
-0.003197805257514119	0.0
-1.2754539966408629e-05	1.0
0.0	0.004
0.0	1.0
0.0	1.0
0.0	0.0
0.0	1.0
0.0	0.0
-0.00419263681396842	0.0
0.0	0.0
0.0	1.0
0.0	1.0
0.0	0.0
0.0	0.0
0.0	0.0022471910112359553
0.0	1.0
0.0	1.0
0.0	0.0
0.0	1.0
0.0	1.0
-9.932908142218366e-06	0.0
0.0	1.0
0.0	0.0
0.0	1.0
0.0	1.0
-7.021720307420765e-07	1.0
0.0	1.0
-2.7080957352154655e-06	0.0
0.0	0.0
0.0	0.0
-1.4153781445480629e-11	0.0
-0.00019801889720838517	1.0
0.0	1.0
-1.1666307031532597e-08	1.0
0.0	0.023
-1.5893443228165438e-09	1.0
-0.0001490956055931747	0.0
0.0	1.0
0.0	1.0
0.0	0.0
-0.00802797544747591	0.001017293997965412
0.0	1.0
-2.471683956173365e-06	0.0013679890560875513
-6.596893217647448e-05	1.0
0.0	0.0
0.0	0.0
-0.00020108789613004774	0.0
-0.004005497321486473	0.0
-4.1907284753506246e-08	1.0
-6.169648986542597e-05	1.0
0.0	1.0
-6.819947273584148e-09	1.0
0.0	1.0
0.0	0.05067567567567568
-0.00040963830542750657	1.0
0.0	1.0
0.0	1.0
0.0	0.0776495278069255
0.0	0.0
-7.70434560593003e-09	1.0
0.0	0.05075593952483801
-3.344508513691835e-06	0.0
-0.009627118706703186	0.0
0.0	0.0
0.0	0.0
-0.00024994861450977623	1.0
-0.00018965960771311074	0.0010277492291880781
0.0	1.0
0.0	0.0
0.0	1.0
-3.041871199371826e-10	1.0
-0.0002778454218059778	1.0
-0.0002959997218567878	1.0
0.0	1.0
0.0	1.0
-0.0015942513709887862	0.0
0.0	1.0
-7.079853276081849e-06	1.0
0.0	0.581
-4.28706380262156e-06	1.0
-2.317103175997204e-09	0.581
0.0	1.0
-5.144187853467486e-10	0.0
-9.490687807556242e-05	1.0
-3.798736725002527e-05	1.0
0.0	1.0
-0.006252169143408537	0.0
-2.8758024654962355e-06	1.0
-0.00025875313440337777	0.0
-0.002655710792168975	0.0
-7.537439523730427e-05	0.0
-1.8156193846152746e-06	1.0
0.0	0.07536764705882353
0.0	1.0
0.0	1.0
0.0	1.0
0.0	1.0
-2.361184381696746e-12	1.0
0.0	0.0
0.0	1.0
0.0	1.0
-8.364565292140469e-05	1.0
-8.20236891740933e-05	1.0
0.0	1.0
-0.00013038078031968325	1.0
0.0	1.0
0.0	1.0
0.0	1.0
0.0	0.0
0.0	0.0
0.0	0.0
-0.000513067003339529	0.0
