-2.097231277531364e-10	0.0
-3.965551877627149e-05	0.0
0.0	1.0
-0.006939723156392574	0.0
0.0	1.0
-5.1209473895141855e-05	1.0
-0.00036773746251128614	1.0
-0.0015365638537332416	0.0
0.0	0.0
0.0	1.0
-5.070701263321098e-06	0.0
-0.00023719317687209696	1.0
-0.0017066494328901172	0.01701701701701702
-2.7499021726384854e-08	0.006103763987792472
-0.006396434735506773	0.014
0.0	0.307
0.0	0.0
-7.603229460073635e-05	0.0
0.0	0.0
0.0	1.0
0.0	0.0
0.0	1.0
-4.268433258403093e-06	0.0
-0.001646324060857296	0.0
0.0	1.0
0.0	0.307
-0.010295194573700428	0.0
0.0	0.0
0.0	0.0
-4.251870632288046e-05	0.0
-0.011700212955474854	0.006872852233676976
-0.00406394200399518	0.0
0.0	0.0
0.0	0.0
0.0	0.422
-8.194884867407382e-05	1.0
0.0	1.0
0.0	0.014218009478672985
0.0	0.0
-9.795732330530882e-05	0.0
0.0	0.307
-1.0424731954117306e-05	0.307
0.0	0.0
-0.0023046249989420176	0.0
0.0	0.0
0.0	1.0
0.0	0.0
0.0	0.0
-6.932522410352249e-06	0.0
-3.4355500247329473e-05	1.0
0.0	1.0
-0.019895827397704124	0.0
0.0	0.0
0.0	0.0
0.0	1.0
-0.0030880027916282415	0.0
0.0	1.0
0.0	0.20622986036519872
0.0	0.0
-0.004614080302417278	0.0
0.0	1.0
-8.331851131515577e-05	0.0
0.0	1.0
-0.00036803993862122297	1.0
-0.017807943746447563	0.0
-0.005244754254817963	0.029
0.0	0.03994490358126722
0.0	0.03994490358126722
0.0	1.0
0.0	0.003089598352214212
-0.0001175728757516481	1.0
-0.00011863308463944122	1.0
0.0	1.0
-3.250615191063844e-05	1.0
-1.342832774753333e-06	1.0
-0.07764232158660889	0.0
-5.537047854886623e-06	0.0
0.0	0.0
0.0	0.0
0.0	0.0
0.0	0.0
-7.672777428524569e-05	1.0
-0.0021713587921112776	0.0
0.0	0.277
0.0	0.0
0.0	0.0
0.0	0.0
0.0	0.0
-0.00017017156642396003	1.0
0.0	1.0
0.0	0.0
-6.593990686809548e-09	1.0
-5.755421028652563e-08	0.0
0.0	0.0
0.0	0.0
-0.00014818967611063272	1.0
0.0	0.0
0.0	0.0
0.0	1.0
-0.005115481559187174	0.0
0.0	0.0
0.0	0.0
-4.7988942242227495e-05	0.0
0.0	0.0
0.0	1.0
0.0	0.0
0.0	1.0
0.0	1.0
0.0	1.0
0.0	1.0
0.0	1.0
0.0	0.005030181086519115
-2.0608087458739988e-10	1.0
0.0	0.004073319755600814
0.0	0.0
-1.6537389235793398e-09	1.0
0.0	0.377
0.0	0.661
-0.0014486092841252685	0.0
0.0	1.0
-0.00028679793467745185	0.0
-8.75870100571774e-05	0.0
-1.8438558457845033e-09	1.0
-7.1337944973492995e-06	0.0
0.0	1.0
0.0	0.001
0.0	0.0
0.0	0.0
-0.00026098787202499807	1.0
-0.007118551060557365	1.0
-0.0016071507707238197	1.0
0.0	0.0
0.0	0.0
-0.0027817534282803535	0.0
0.0	0.0
0.0	0.0
-0.0036656809970736504	0.0
-0.0001667242031544447	0.0
0.0	0.0
0.0	0.0
0.0	1.0
0.0	1.0
-0.0028221774846315384	0.0
-0.0007190554169937968	0.0
0.0	1.0
0.0	0.010835913312693499
-0.0010391821851953864	0.0
0.0	1.0
-5.736271365856502e-20	1.0
0.0	0.055
0.0	0.055
0.0	0.08513931888544891
0.0	1.0
0.0	1.0
0.0	1.0
-1.4640754670836031e-05	1.0
0.0	0.0
0.0	0.055
-0.01035050768405199	0.0
0.0	0.12324649298597194
0.0	0.0
-8.600546941295306e-10	1.0
-3.738487794180401e-05	0.0
0.0	0.0
-0.008689096197485924	0.0
0.0	1.0
-7.806923531461507e-05	1.0
0.0	1.0
-2.6622035875334404e-05	0.0
0.0	1.0
0.0	1.0
0.0	1.0
0.0	0.07301587301587302
-0.0005845504347234964	0.0
0.0	0.0
0.0	0.0
-0.0002830184530466795	0.0
0.0	1.0
0.0	1.0
-0.00017745034710969776	0.0
-1.2431236040555405e-09	1.0
0.0	0.0
-0.00010719648707890883	1.0
-0.0024043635930866003	0.0
0.0	0.0013908205841446453
-0.00018522090977057815	0.0
0.0	0.27127127127127126
0.0	1.0
-0.031385939568281174	0.0
-4.095914391655242e-06	0.0
-0.0009417638066224754	1.0
0.0	0.0
-0.005679731722921133	0.0
-0.0004689523484557867	0.016587677725118485
0.0	0.0
-1.4621412804463607e-12	1.0
0.0	1.0
0.0	0.0
-1.7747585445704317e-07	1.0
0.0	1.0
0.0	0.08850457782299084
0.0	0.002034587995930824
0.0	0.017034068136272545
0.0	0.007380073800738007
0.0	0.0
0.0	0.002109704641350211
0.0	0.0
0.0	0.0
0.0	0.002109704641350211
0.0	0.052104208416833664
0.0	1.0
0.0	0.0
-3.694646875374019e-05	1.0
-0.0008854813640937209	0.0531062124248497
-5.032779748503913e-10	1.0
0.0	0.0
0.0	1.0
0.0	1.0
0.0	1.0
-0.0004960820078849792	0.0
0.0	0.0
-0.00021348580776248127	0.0
0.0	1.0
0.0	1.0
0.0	1.0
0.0	1.0
0.0	0.35435435435435436
-1.7136771646164561e-07	1.0
-0.0005937818787060678	1.0
0.0	1.0
0.0	1.0
0.0	0.0
-0.001402652240358293	1.0
0.0	0.0
0.0	1.0
0.0	1.0
0.0	1.0
-4.821029619961337e-07	1.0
-0.0001734188263071701	0.0
-0.003332458669319749	0.0
-0.005050606094300747	0.01
0.0	1.0
0.0	0.0
0.0	0.0
-3.897572969435714e-05	1.0
0.0	1.0
-0.003982470370829105	0.0010070493454179255
-0.00034378221607767045	0.0
0.0	0.0
0.0	0.0
0.0	0.0
-0.0001697117550065741	0.0
0.0	0.016
-0.0045142704620957375	0.016
0.0	1.0
-0.0019711139611899853	1.0
0.0	1.0
-3.5084782301630923e-11	1.0
-1.720479488043214e-11	0.0
0.0	0.0
-6.774022949684877e-06	1.0
-1.5561488453386119e-06	0.08801020408163265
0.0	0.0
0.0	0.05205205205205205
0.0	0.0
0.0	1.0
0.0	0.0
0.0	1.0
0.0	0.03983516483516483
-0.0005438444204628468	1.0
0.0	0.0
-0.00046001706505194306	1.0
0.0	1.0
0.0	1.0
0.0	0.0
0.0	1.0
0.0	0.0
0.0	1.0
-0.006849789991974831	0.0
-5.312897701514885e-05	1.0
-0.0008340721833519638	1.0
-2.9747186999884434e-05	1.0
-0.00010564095282461494	0.0
0.0	0.0
-3.517727620305777e-08	1.0
-0.000812603160738945	1.0
0.0	1.0
0.0	0.0
0.0	0.0
0.0	1.0
-0.007136269006878138	0.0
-0.00014390170690603554	1.0
0.0	1.0
0.0	0.005030181086519115
-1.9151705146214226e-06	0.005030181086519115
0.0	1.0
-2.50834477810713e-06	1.0
-2.7242722353548743e-06	1.0
-0.014209403656423092	0.0
0.0	1.0
0.0	1.0
0.0	1.0
-0.0010550154838711023	0.0
-4.1607654821529394e-11	0.0
-0.0020857942290604115	0.0
-0.0012784559512510896	0.0
-4.919580476325791e-08	0.03460207612456748
0.0	0.02
0.0	0.061
-8.174513823178131e-06	1.0
0.0	0.09442724458204334
0.0	0.4504792332268371
0.0	0.10571923743500866
0.0	0.10571923743500866
-0.00010073029989143834	0.2964989059080963
-0.00018184995860792696	0.271
0.0	0.271
0.0	1.0
0.0	0.0
-0.006952814757823944	0.0027434842249657062
-0.00011190483201062307	1.0
0.0	0.0
-0.00142074900213629	0.0
-4.483762950258097e-06	1.0
0.0	1.0
0.0	1.0
0.0	1.0
0.0	1.0
0.0	0.0
-0.018096424639225006	0.0
-3.6361532238515792e-06	1.0
0.0	1.0
0.0	1.0
0.0	1.0
0.0	1.0
-0.0007926765247248113	0.0027434842249657062
0.0	1.0
0.0	1.0
-0.0007783222245052457	1.0
0.0	1.0
-0.0002692060952540487	0.0
0.0	1.0
0.0	0.0
-0.0008147762273438275	0.0
0.0	1.0
-0.005405705887824297	0.0
0.0	0.0
0.0	0.0
-0.004072024021297693	0.0
-2.6402866559749327e-09	1.0
0.0	0.0
0.0	0.004
0.0	1.0
0.0	0.0
-3.376966333235032e-07	1.0
0.0	0.0
-0.0005482429405674338	0.0
0.0	1.0
-0.00012827666068915278	1.0
-7.931223080959171e-05	1.0
-0.00029194712988100946	0.0
-0.004498426802456379	0.0
0.0	0.0
0.0	0.0
0.0	1.0
0.0	0.0
-0.0014274250715970993	1.0
0.0	0.0
0.0	0.03
0.0	1.0
-0.0011780172353610396	1.0
-1.8336694438403356e-06	1.0
-1.7747805003409667e-08	0.0
-2.022811486313003e-06	0.0
0.0	1.0
0.0	0.0
0.0	1.0
0.0	1.0
-0.00011211857054149732	0.47
-2.4963409828160366e-07	1.0
-0.002470647217705846	0.0
0.0	1.0
0.0	0.42242242242242245
-6.382137507898733e-05	1.0
0.0	1.0
-1.5760457472424605e-07	0.0
-0.0001444810040993616	1.0
-0.00012636938481591642	0.0
-3.734345739303535e-07	1.0
-1.616534063941799e-05	0.0
-3.5075510140814004e-07	0.018
-0.003716335166245699	1.0
0.0	0.0
-6.866800905669379e-09	0.0
-0.008148474618792534	0.0
0.0	0.001
0.0	0.0
-4.2407515365994186e-07	0.0
-1.2289839105505962e-05	0.005
-1.9083394363406114e-05	0.0
0.0	1.0
0.0	1.0
-0.00023409722780343145	1.0
0.0	1.0
0.0	1.0
0.0	1.0
0.0	0.0
0.0	1.0
0.0	0.0
0.0	0.0
0.0	1.0
0.0	1.0
0.0	1.0
-1.0785871978544193e-12	1.0
-1.5007451111159753e-05	0.0
-2.0019393315393735e-14	1.0
0.0	1.0
0.0	0.016227180527383367
0.0	1.0
-6.599839963428167e-08	0.0
-0.0003866057959385216	1.0
0.0	0.03317535545023697
-2.072155439236667e-06	1.0
-1.0222334623222196e-07	0.0
0.0	0.0
-0.005095703061670065	1.0
-0.0003522159531712532	0.0
0.0	1.0
-1.6202640836127102e-05	0.0
0.0	1.0
-2.9159100134457105e-10	1.0
-9.102541989472815e-14	0.08
-0.0058692945167422295	0.0
-0.0002596957783680409	0.0
0.0	1.0
0.0	1.0
-3.25307359175242e-12	1.0
0.0	1.0
-1.7191565859775437e-07	0.0
-1.3169798762646678e-07	0.0
-0.032860979437828064	0.0
0.0	1.0
0.0	0.0
-0.0011412251042202115	0.09657320872274143
0.0	1.0
0.0	1.0
-0.02443559095263481	0.0
0.0	1.0
-0.0014732907293364406	0.0
0.0	0.0
-0.012213555164635181	0.0
0.0	0.032188841201716736
0.0	0.0
-2.460526360437143e-08	0.0
-0.004113668110221624	0.0
-2.4285765903186984e-05	1.0
-0.025972984731197357	0.0
0.0	0.0
0.0	0.0
0.0	0.0
-7.225919398479164e-05	0.0
-0.0002597048005554825	1.0
0.0	0.0
0.0	0.0
-2.2020136384526268e-05	0.0
0.0	0.006544502617801047
-3.0319090001285076e-05	0.0
-0.039890408515930176	0.0
-0.0006129573448561132	0.236
0.0	0.0
-0.00011616226402111351	0.0
0.0	0.0
0.0	0.0
0.0	1.0
-2.5195209673256613e-05	1.0
-2.289402174782129e-12	1.0
-4.040362546220422e-05	1.0
0.0	0.0
-0.00038914443575777113	1.0
-0.0002776829060167074	0.0
0.0	1.0
-5.129583087182255e-07	1.0
-0.0015981809701770544	0.0
0.0	1.0
-7.359252322203247e-06	1.0
0.0	1.0
0.0	0.0
0.0	0.625
-1.6861727569761342e-09	1.0
-0.00045478783431462944	1.0
0.0	1.0
0.0	1.0
-0.0019465002696961164	0.0
-8.17979162093252e-06	0.0
0.0	1.0
-0.0025877731386572123	0.0
0.0	1.0
-0.0026465188711881638	1.0
0.0	1.0
0.0	0.039
0.0	1.0
-6.669636197498274e-12	0.0
0.0	0.0
-1.8314010958420113e-05	1.0
0.0	0.039
0.0	1.0
0.0	0.053497942386831275
0.0	0.039
0.0	1.0
-1.1097022252215538e-06	0.0
-3.184502190833882e-07	0.0
0.0	0.043
0.0	1.0
-0.00023461651289835572	0.0
0.0	0.0
0.0	1.0
-0.0005762187065556645	0.0
0.0	1.0
-2.2058993636164814e-05	0.0
0.0	0.271
-1.8141080317946034e-06	0.0
-0.001815127325244248	0.0
0.0	1.0
-4.6040877350606024e-05	0.0
0.0	0.0
-0.04371121525764465	0.0
0.0	0.07081545064377683
-0.015466900542378426	0.0728051391862955
-0.009306155145168304	0.07081545064377683
-0.005519428756088018	0.07081545064377683
-4.7098646405174804e-07	1.0
0.0	0.0
-0.0014567009638994932	0.038
-0.0010273356456309557	0.0
-0.0026921220123767853	0.008
-1.2530924742293337e-08	1.0
0.0	0.0
0.0	1.0
0.0	1.0
0.0	0.0
0.0	1.0
-3.476230148180548e-08	1.0
0.0	0.0
0.0	1.0
0.0	1.0
0.0	1.0
0.0	1.0
0.0	1.0
0.0	0.0
-0.00010048739204648882	0.05211726384364821
0.0	1.0
0.0	1.0
0.0	0.42112482853223593
0.0	0.0
0.0	0.0
-0.022717222571372986	0.0
-0.0010314038954675198	1.0
0.0	1.0
0.0	1.0
0.0	0.0
0.0	1.0
-2.11972146644257e-05	0.016016016016016016
0.0	1.0
0.0	1.0
0.0	0.0
0.0	0.0
0.0	0.0
0.0	0.0
0.0	0.0
-8.857271989949999e-17	1.0
0.0	1.0
-0.04153876006603241	0.0
-2.7114957821356908e-14	1.0
-0.002815330633893609	0.0
0.0	0.02056555269922879
-1.035592686093878e-05	0.7628865979381443
-2.667586159077473e-06	0.019
-0.002939467551186681	0.0
0.0	1.0
0.0	0.0
-9.54216557147447e-06	0.0
-3.784123464356526e-06	0.0
0.0	0.0
-2.657220647961367e-06	0.0
0.0	1.0
0.0	0.0
-5.723228696297156e-06	1.0
0.0	0.001002004008016032
0.0	1.0
0.0	0.0
-0.0003947985533159226	1.0
0.0	1.0
0.0	0.0
-1.0436018783366308e-05	0.0011627906976744186
-3.4283277727809036e-06	0.7291666666666666
0.0	0.0
-0.001303448574617505	0.0
0.0	1.0
0.0	0.14014014014014015
-0.00018030130013357848	1.0
-0.035189300775527954	0.0
0.0	1.0
0.0	1.0
-0.005968100391328335	0.0
-1.760213086399176e-10	1.0
-4.735839320346713e-05	1.0
-0.0008432907634414732	1.0
0.0	1.0
-6.12656663179223e-07	0.016
-0.0005900439573451877	1.0
0.0	0.0
0.0	1.0
0.0	1.0
-0.0025531910359859467	0.0
0.0	1.0
0.0	0.0
0.0	1.0
-8.958312607346142e-13	1.0
-2.5928087779902853e-05	1.0
-6.896399281686172e-05	1.0
0.0	1.0
0.0	0.271
-0.0006816585082560778	0.0
0.0	1.0
-3.705003473442048e-05	0.39105339105339104
-3.2139740824277396e-07	0.42112482853223593
-0.019888516515493393	0.0
0.0	1.0
0.0	1.0
-4.501610195717376e-09	1.0
0.0	0.0
0.0	1.0
0.0	1.0
-1.6680023691151291e-06	0.0
0.0	0.0
-1.4403084058756122e-08	1.0
-1.4193336994594574e-07	0.0
0.0	1.0
-6.950479688322408e-13	1.0
0.0	1.0
0.0	1.0
0.0	1.0
0.0	1.0
0.0	0.0
-0.000966401887126267	1.0
-6.135671242191165e-07	0.0
-0.002140958793461323	1.0
-1.201244117510214e-06	1.0
-0.000633048068266362	0.0
0.0	1.0
-1.704994019746664e-06	1.0
-0.006727632135152817	0.0
0.0	1.0
-0.002579309744760394	0.07062146892655367
0.0	1.0
0.0	0.0
0.0	1.0
0.0	0.01107011070110701
-0.002054923214018345	0.0
0.0	0.0
0.0	0.0
-1.3951038546622385e-08	0.0
0.0	1.0
0.0	0.021
0.0	0.021
0.0	0.0
0.0	0.0
0.0	0.0
-0.021740658208727837	0.0
0.0	1.0
0.0	0.0
0.0	1.0
-3.026603280886775e-06	0.0
0.0	0.0
-0.03344473987817764	0.0
0.0	0.0
-0.026577165350317955	0.0
-0.0006089290836825967	0.0
0.0	0.463
-0.012787971645593643	0.0
0.0	0.463
0.0	0.0
-0.004394215065985918	0.0
-0.014445352368056774	0.0
0.0	0.0
0.0	0.0
0.0	0.0
0.0	0.0
