-0.003230874426662922	0.0
0.0	0.0
0.0	1.0
-0.0008255373686552048	1.0
-9.184920185534295e-11	1.0
-3.433946767472662e-05	0.0
0.0	1.0
0.0	0.0
0.0	0.0
-0.008373420685529709	0.0
0.0	1.0
0.0	0.0
0.0	1.0
-0.008487035520374775	0.0
-0.0026388773694634438	0.0
-0.00016816706920508295	0.0
0.0	1.0
0.0	1.0
0.0	0.0
0.0	0.0
0.0	1.0
-0.003887144150212407	0.0
0.0	0.0
-7.934295886968812e-09	0.0
0.0	1.0
0.0	0.0
-1.5704452380305156e-05	1.0
0.0	1.0
0.0	1.0
0.0	1.0
-3.715130560522084e-06	1.0
-0.0001783923653420061	0.0
-0.0001695845421636477	0.0
-5.62852255825419e-06	0.0
-8.142994722959429e-09	0.0
0.0	1.0
0.0	1.0
0.0	1.0
0.0	0.0
0.0	1.0
0.0	1.0
0.0	1.0
0.0	1.0
0.0	0.0
-0.004577718675136566	0.0
-0.01000629086047411	0.0
0.0	1.0
0.0	0.0
-0.0027703929226845503	0.0
0.0	0.0
0.0	0.0
0.0	0.0
0.0	0.0
0.0	1.0
0.0	0.057
0.0	1.0
0.0	0.002
-0.002887504640966654	0.0
-0.0009725194540806115	0.002
0.0	0.0
0.0	0.0
-0.012837903574109077	0.0
0.0	1.0
0.0	1.0
0.0	0.0
0.0	0.0
-1.4296364270194317e-07	1.0
-0.0008557590190321207	0.0
0.0	0.0
-6.491726480817306e-07	1.0
0.0	0.0
0.0	1.0
-1.121207304777272e-08	0.0
-0.0008568994235247374	1.0
0.0	0.0
-0.0008231347892433405	1.0
0.0	1.0
0.0	0.001
0.0	0.0
0.0	0.0
-4.52993372164201e-05	0.019
0.0	0.0
0.0	0.0
0.0	1.0
-0.0004021087952423841	1.0
-0.0027228083927184343	0.0
-9.938164424738716e-08	1.0
0.0	0.0
0.0	0.0
0.0	0.0
0.0	0.0
0.0	1.0
-0.0004691329668276012	0.0
-0.00047201168490573764	1.0
-4.653182259062305e-05	0.0
0.0	0.0
0.0	0.0
-9.914339170791209e-05	0.0
-2.97442966257222e-07	0.0
0.0	1.0
-9.332068657386117e-06	0.0
0.0	0.0
0.0	1.0
-2.8279087018745486e-06	0.0
-0.033060263842344284	0.0
-9.666629807725258e-08	0.0
0.0	0.0
0.0	0.0
0.0	1.0
0.0	1.0
-0.0012646757531911135	0.0
0.0	1.0
0.0	1.0
0.0	0.0
-1.231781152455369e-05	0.0
-0.00046886515337973833	1.0
0.0	1.0
0.0	0.05656108597285068
0.0	1.0
0.0	1.0
-2.589463520052959e-06	0.036055143160127257
0.0	0.0
-8.439218213140975e-09	0.0
0.0	0.0
-6.261509355454109e-08	0.0
0.0	0.0
0.0	0.0
0.0	0.0
-8.12208018032834e-05	0.0
0.0	1.0
-7.417607412207872e-05	1.0
-0.04775526374578476	0.0
-1.925923061207868e-05	1.0
0.0	1.0
-0.00036121520679444075	1.0
0.0	1.0
-0.001071214908733964	1.0
-0.00012132318079238757	1.0
-7.136191637613365e-09	1.0
0.0	1.0
-1.3624172368054133e-07	1.0
0.0	1.0
0.0	1.0
-0.0003809636691585183	1.0
-0.00011966431338805705	1.0
0.0	1.0
0.0	1.0
0.0	1.0
0.0	1.0
0.0	1.0
-1.1907177395187318e-05	0.0963855421686747
0.0	0.0
-0.000230534074944444	0.0
-0.0034190425649285316	0.0
-9.82352901246486e-08	1.0
0.0	0.0
0.0	1.0
-0.003671203041449189	1.0
0.0	0.0
-7.301499135792255e-05	1.0
0.0	1.0
0.0	0.0
-7.752677629468963e-05	1.0
-2.1116142168153829e-10	1.0
-0.004308435134589672	0.0
0.0	0.0
-0.00016613579646218568	0.0
0.0	1.0
0.0	1.0
-0.006823421455919743	0.0
-5.058765850662894e-09	1.0
0.0	1.0
0.0	1.0
-0.00031402258900925517	0.02014846235418876
0.0	1.0
0.0	1.0
-4.896622158412356e-06	0.008620689655172414
-4.520704877108983e-08	1.0
-0.00012829217303078622	1.0
-0.0011021844111382961	1.0
0.0	1.0
0.0	1.0
0.0	1.0
0.0	1.0
0.0	1.0
-0.00034742607385851443	1.0
0.0	1.0
-2.6823658117791638e-05	1.0
-0.0002803125826176256	1.0
0.0	1.0
-0.0010094419121742249	0.022058823529411766
0.0	1.0
0.0	0.0
0.0	0.0
-6.373335850184958e-07	1.0
-1.4887876204738859e-05	0.0
-1.9561984743177163e-07	0.0
0.0	0.0
0.0	1.0
0.0	0.0
-0.0010233138455078006	0.0
0.0	0.0
-4.981269739801064e-05	1.0
0.0	1.0
0.0	0.0
-0.009576299227774143	0.0
0.0	1.0
-5.3016137826489285e-05	1.0
0.0	1.0
0.0	1.0
0.0	1.0
0.0	1.0
-2.0079777840464885e-09	0.0
-0.03716815263032913	0.0
0.0	1.0
0.0	0.0
0.0	1.0
0.0	0.0
-1.1382398952264339e-05	1.0
0.0	0.005
-1.5220261972620822e-15	0.005
0.0	0.0
0.0	0.0371859296482412
0.0	0.0
-0.000482603267300874	0.0
0.0	1.0
0.0	1.0
0.0	1.0
0.0	1.0
0.0	0.0
0.0	1.0
0.0	1.0
-6.498969923995901e-06	1.0
-5.410593644228356e-07	0.0
-4.386784894450102e-06	1.0
0.0	1.0
0.0	1.0
0.0	1.0
0.0	1.0
0.0	1.0
0.0	1.0
0.0	0.266
-1.2491128472902346e-05	0.0
-0.00019016570877283812	1.0
0.0	1.0
0.0	0.0
0.0	0.0
-8.282730050268583e-06	1.0
0.0	1.0
-3.4346373922744533e-07	1.0
-1.4694033767526093e-09	1.0
0.0	1.0
0.0	0.0
-0.0009766240837052464	1.0
0.0	1.0
0.0	1.0
0.0	1.0
0.0	0.0
-0.0001649377663852647	0.009
-6.192563262175099e-08	1.0
0.0	1.0
0.0	0.009018036072144289
-0.00043910506065003574	1.0
0.0	0.0
0.0	0.0
-0.0013811817625537515	0.0
0.0	1.0
-0.00011289082613075152	0.009
0.0	0.009
-5.906262686039554e-06	0.009
0.0	0.0
-0.0015209229895845056	1.0
0.0	0.0
0.0	1.0
0.0	1.0
-9.555122960591689e-05	1.0
0.0	1.0
0.0	0.0
0.0	0.025100401606425703
-0.00013284552551340312	1.0
0.0	0.006172839506172839
0.0	0.0041025641025641026
0.0	1.0
0.0	0.0
0.0	1.0
0.0	1.0
0.0	1.0
0.0	0.0
0.0	0.0
-0.00039113755337893963	0.025
0.0	1.0
0.0	1.0
0.0	1.0
-2.299387415405363e-05	0.0
-0.035920243710279465	0.0
0.0	1.0
0.0	0.0
-1.0324881571932565e-07	0.0
0.0	0.0
0.0	1.0
-0.000784961914177984	0.016
-0.0014076842926442623	0.0237741456166419
-5.799633072456345e-06	1.0
0.0	1.0
-0.00897747091948986	0.0
0.0	1.0
-0.011724846437573433	0.0
0.0	0.0
0.0	1.0
0.0	1.0
-0.013365027494728565	0.12831858407079647
0.0	0.1085972850678733
0.0	1.0
0.0	0.12831858407079647
0.0	0.12831858407079647
0.0	0.12831858407079647
0.0	1.0
0.0	0.0
0.0	1.0
-5.812776748825854e-07	0.104
0.0	0.0
-8.259201422333717e-06	1.0
-2.4228813799709314e-06	1.0
0.0	1.0
-4.497669792158376e-09	1.0
0.0	1.0
0.0	1.0
0.0	1.0
-4.416064257384278e-06	0.032
0.0	1.0
0.0	0.0
0.0	1.0
-8.774950401857495e-06	1.0
-0.0001546137355035171	0.001
0.0	1.0
0.0	1.0
-0.001202259212732315	0.266
0.0	0.0
-1.0313935490557924e-05	1.0
0.0	1.0
0.0	1.0
0.0	1.0
-7.47349668017705e-06	0.0
0.0	0.0
-0.0009079919545911252	0.0
-0.02435849793255329	0.0
-2.8038815798936412e-05	0.0
0.0	0.0
0.0	1.0
0.0	1.0
0.0	1.0
-0.004115540534257889	1.0
0.0	0.0
0.0	0.0
0.0	0.0
0.0	0.0
-0.0036808387376368046	0.0
0.0	0.0
0.0	0.0
0.0	1.0
0.0	1.0
0.0	1.0
-1.686035773218464e-07	0.0
0.0	1.0
0.0	0.0
0.0	0.05740181268882175
-6.998602202656912e-06	0.0
0.0	1.0
0.0	0.0
-0.001619434100575745	1.0
-0.0017109009204432368	1.0
0.0	1.0
0.0	0.0
-0.0026627564802765846	1.0
-5.5366017477354035e-06	1.0
0.0	1.0
-0.001215443480759859	0.0
0.0	1.0
0.0	1.0
0.0	1.0
-0.00016975555627141148	1.0
0.0	1.0
0.0	1.0
-0.00010108861897606403	1.0
-0.017691370099782944	0.0
0.0	0.0
-2.5571057449269574e-06	0.0
0.0	0.001
-1.3768695680482779e-05	0.001
-0.002588231349363923	0.015
-4.2197314087388804e-07	0.015
-5.526166205527261e-05	0.0
0.0	1.0
0.0	0.0
0.0	1.0
-1.5408070339617552e-06	0.0
-1.7357269399553843e-08	0.0
0.0	0.0
-1.2218854863021988e-05	0.0
-4.319411345932167e-06	0.096
-0.000119525779155083	1.0
-2.3098406520816184e-10	0.06747787610619468
0.0	1.0
-1.5153332242334727e-06	1.0
0.0	1.0
0.0	0.028
-0.0009759299573488533	1.0
0.0	1.0
-5.865252319381398e-07	1.0
-6.907559964020038e-06	1.0
-2.1532502003651643e-08	0.0
-8.981765859061852e-05	0.0
0.0	0.008040201005025126
0.0	0.0
-4.1822403318292345e-08	0.0
0.0	0.009101251422070534
0.0	0.0
0.0	1.0
0.0	0.266
-0.0003062182804569602	0.0
-1.879737476784271e-09	0.0
-0.0034567881375551224	1.0
0.0	0.267
-6.742148883631671e-08	1.0
-6.15296633088569e-11	0.008008008008008008
0.0	1.0
-1.0794725113782988e-08	0.0
-3.6775325840121553e-11	0.008
0.0	0.008
0.0	0.0
0.0	0.06
0.0	0.0
0.0	0.0
0.0	0.0
-9.504313493380323e-05	1.0
-3.433613892411813e-05	1.0
0.0	0.0
-1.4778012882743496e-05	1.0
0.0	0.0
-0.002839266089722514	0.0
0.0	1.0
-4.284037534441065e-12	1.0
-2.010990101553034e-06	1.0
0.0	0.0
0.0	1.0
0.0	1.0
0.0	0.0
-0.024504806846380234	0.0
-0.00048001273535192013	1.0
0.0	0.02346938775510204
0.0	1.0
0.0	1.0
0.0	0.0
0.0	1.0
0.0	1.0
0.0	1.0
-6.638531431235606e-06	0.0
0.0	0.0
0.0	1.0
0.0	0.0
0.0	1.0
-0.02147170901298523	0.0
-0.0001595972280483693	0.0
0.0	1.0
0.0	1.0
-0.0011438516667112708	0.0
0.0	0.0
-3.551700137904845e-05	1.0
-0.0019050539704039693	0.0
-7.476178143406287e-05	0.0
-0.0006764737772755325	0.0
0.0	1.0
-0.00478631304576993	0.0
0.0	0.0
0.0	0.008040201005025126
-0.0003798773977905512	0.008040201005025126
-0.002100970596075058	0.008040201005025126
0.0	0.008040201005025126
0.0	1.0
0.0	1.0
-0.00023384489759337157	1.0
0.0	1.0
0.0	0.0
-0.0007789868395775557	0.0
0.0	0.0
-0.0054921479895710945	0.0
-0.00086542236385867	0.0
0.0	0.0
0.0	1.0
0.0	0.0
0.0	0.004
0.0	0.0
-7.910956810519565e-06	0.0
0.0	0.0
0.0	0.004
-0.0011828202987089753	0.0
0.0	1.0
0.0	0.0
0.0	0.004073319755600814
-0.0007254394004121423	1.0
-0.0011677704751491547	1.0
-0.00016034231521189213	1.0
0.0	1.0
-1.2366850654643713e-08	1.0
-4.32907718561637e-08	1.0
-0.0015446172328665853	0.0
-0.0001473237352911383	1.0
0.0	1.0
-3.6570902750554524e-08	0.0
-0.00030779108055867255	1.0
0.0	1.0
0.0	0.0
0.0	0.0
0.0	0.0
0.0	1.0
0.0	0.03807615230460922
0.0	0.0
0.0	1.0
0.0	0.03807615230460922
-0.0012523342156782746	0.0
0.0	0.0
0.0	0.0
0.0	0.0
-5.154982136446051e-05	0.0
-0.0029570269398391247	0.0
0.0	1.0
-0.036647237837314606	0.0
-6.872195081086829e-05	0.0
-0.007193101104348898	0.0
0.0	0.0
0.0	1.0
-0.00015389018517453223	1.0
-0.00023007018899079412	1.0
0.0	0.0
-0.020844878628849983	0.0
-4.298733458085735e-08	0.0
-0.004914867226034403	0.0
0.0	1.0
-1.382212388989501e-08	1.0
0.0	0.0
0.0	1.0
-0.001156228594481945	1.0
-0.00017995567759498954	1.0
0.0	0.0
0.0	0.0
0.0	0.0
0.0	1.0
-0.00015473338135052472	0.0
0.0	1.0
0.0	0.0
-9.799518011277542e-05	1.0
-0.001948961173184216	0.0
0.0	1.0
-0.0006839868729002774	1.0
0.0	0.0
-8.308615520036255e-07	0.0
-5.139819222677033e-06	0.673
0.0	1.0
0.0	1.0
0.0	1.0
0.0	1.0
0.0	1.0
0.0	1.0
0.0	0.0
0.0	0.0
0.0	1.0
0.0	0.005733944954128441
-0.0014938402455300093	1.0
0.0	1.0
0.0	1.0
0.0	1.0
0.0	1.0
-0.00020226972992531955	1.0
-0.00031468705856241286	0.0
-0.013944496400654316	0.0
-0.010841523297131062	0.0
0.0	1.0
0.0	1.0
0.0	1.0
-0.003480624407529831	0.0
0.0	1.0
0.0	0.0
0.0	0.0
0.0	1.0
-0.0036260574124753475	0.0
0.0	1.0
0.0	1.0
0.0	1.0
0.0	1.0
0.0	1.0
0.0	1.0
0.0	0.001040582726326743
0.0	1.0
-0.00018717176862992346	1.0
0.0	1.0
0.0	1.0
-0.005030923523008823	0.0
0.0	1.0
0.0	1.0
-2.9384797016973607e-05	0.0
-1.5532821635133587e-05	0.0
0.0	1.0
0.0	0.02320887991927346
0.0	0.0
0.0	1.0
0.0	1.0
-0.0007393448613584042	1.0
0.0	1.0
-0.005243597086519003	0.013013013013013013
0.0	1.0
-3.5190566904930165e-07	1.0
0.0	1.0
0.0	0.0
0.0	0.0
0.0	1.0
0.0	1.0
-0.0013077636249363422	0.0
-7.65384902479127e-05	0.02674591381872214
0.0	1.0
-9.27769683300994e-09	1.0
0.0	0.0
-6.196085422516262e-08	0.0
0.0	1.0
-4.718848458651337e-07	1.0
0.0	0.0
0.0	1.0
-0.0004031701828353107	1.0
-0.0005540210986509919	0.0
0.0	1.0
-8.702048109876515e-11	1.0
-1.823378056542424e-06	0.0
0.0	0.0
-0.00046987985842861235	0.0
-9.753074118634686e-05	1.0
-4.551389793050475e-06	0.0
