-0.0025695005897432566	0.0
0.0	0.0
0.0	1.0
0.0	0.0
-0.03555329516530037	0.0
0.0	1.0
-0.047967150807380676	0.0
0.0	0.0
0.0	1.0
0.0	1.0
-0.0022049229592084885	0.0
-0.001167599461041391	0.0
0.0	0.0
0.0	0.0
0.0	0.0
0.0	0.0
-0.004872809164226055	0.0
0.0	1.0
0.0	0.0
-9.279808068640705e-07	1.0
0.0	0.0
-1.4348177160283804e-11	0.0
-2.0131072364648617e-09	0.011
0.0	1.0
0.0	1.0
-3.6416769599867393e-09	1.0
0.0	0.011055276381909548
-2.9343193091335706e-05	1.0
-4.368603754301148e-07	1.0
0.0	1.0
0.0	0.0
-4.896192695014179e-05	0.006
-8.411698217969388e-05	1.0
0.0	0.0
-0.0003285530547145754	0.0
0.0	1.0
0.0	0.0
0.0	1.0
0.0	0.001
0.0	1.0
-3.0716327614754846e-07	1.0
0.0	1.0
0.0	0.0
-0.001611813553608954	0.0010030090270812437
-0.004750688094645739	0.0
0.0	1.0
0.0	1.0
-4.0221466406364925e-06	0.0
-0.00017893040785565972	1.0
0.0	1.0
0.0	1.0
-5.8286332205170766e-05	0.0
-5.395670814323239e-05	0.0
-0.0005444108392111957	1.0
0.0	0.001
-3.3678779800538905e-06	0.001
-0.00039271998684853315	0.008547008547008548
0.0	0.0
0.0	0.0
0.0	1.0
-1.297362814511871e-05	0.0
0.0	0.0
-0.002848661271855235	0.0
-4.944508327753283e-05	0.0
0.0	1.0
0.0	0.0
0.0	0.0
0.0	0.011834319526627219
-0.0003158776380587369	0.0
-8.743844759351305e-09	1.0
0.0	1.0
-0.0023425414692610502	0.0
0.0	1.0
0.0	0.0
0.0	1.0
-1.910587570819189e-06	1.0
-6.228239726624452e-06	0.0
0.0	1.0
0.0	1.0
-1.9862062217157472e-08	0.028028028028028028
0.0	0.00102880658436214
-5.261194382910617e-05	1.0
0.0	1.0
0.0	0.028282828282828285
-2.0298048184486106e-06	0.0102880658436214
0.0	0.0102880658436214
0.0	0.0102880658436214
-1.4610887610899681e-08	0.028282828282828285
-0.0003947840887121856	0.028282828282828285
0.0	0.0102880658436214
-0.0004475957539398223	0.0
0.0	0.0
0.0	0.0
-2.345376969969948e-06	0.0
0.0	1.0
-0.00043979764450341463	1.0
0.0	1.0
-0.030480599030852318	0.0
0.0	1.0
0.0	0.0
0.0	0.0
-3.738592113222694e-06	0.0
-0.0003239066281821579	1.0
-3.4031039831461385e-05	1.0
-1.3589552509074565e-05	0.0
-0.00015739591617602855	1.0
-0.11012178659439087	0.0
0.0	0.0
0.0	1.0
-0.00016396614955738187	1.0
-0.0007169911987148225	0.0
-0.048595450818538666	0.0
-2.9901406151111587e-07	1.0
0.0	1.0
-4.647265814128332e-05	0.0
0.0	1.0
0.0	1.0
0.0	1.0
0.0	0.0
0.0	1.0
-1.2678601706284098e-06	0.0
0.0	1.0
0.0	1.0
-0.0003060229355469346	0.003067484662576687
0.0	1.0
0.0	0.0
0.0	0.019650655021834062
0.0	0.0855397148676171
0.0	0.0
-0.0002541763533372432	1.0
-3.440647100561023e-09	1.0
0.0	1.0
0.0	0.0
0.0	0.0
0.0	1.0
-0.0008565582102164626	0.0
0.0	1.0
0.0	1.0
0.0	1.0
0.0	0.0
-3.5878383641829714e-05	1.0
-1.3463271670843824e-06	1.0
0.0	1.0
0.0	1.0
0.0	0.0
0.0	1.0
0.0	1.0
0.0	0.002002002002002002
-1.1050921784772072e-05	0.0
-2.5623563487897627e-05	1.0
-0.00786074623465538	0.0
0.0	0.002002002002002002
-0.00020721259352285415	0.0
-0.0006604081718251109	1.0
0.0	1.0
0.0	1.0
0.0	0.0
0.0	0.0
-1.4627265800735335e-20	0.0
0.0	1.0
0.0	1.0
0.0	0.0
0.0	1.0
0.0	0.0
0.0	0.0
0.0	1.0
-3.416326535443659e-06	1.0
0.0	1.0
0.0	0.0
-4.2808972011698643e-07	1.0
0.0	1.0
-2.9643532073464485e-08	1.0
-1.8168180758948438e-05	1.0
0.0	1.0
0.0	0.11931243680485339
-8.769036503508687e-05	1.0
0.0	0.0
0.0	1.0
0.0	0.0
0.0	0.314
-8.201161104393062e-12	0.314
0.0	0.315
0.0	0.0
-2.2622940321070928e-07	0.315
-3.706411844106583e-09	1.0
-0.04738231748342514	0.0
0.0	0.0
0.0	1.0
0.0	1.0
-0.00010318560089217499	0.0
0.0	1.0
0.0	0.013903743315508022
0.0	1.0
-0.00028229859890416265	0.013903743315508022
0.0	1.0
-6.522025796584785e-05	0.0
0.0	1.0
0.0	1.0
-0.001842666883021593	1.0
0.0	1.0
-6.54379473417066e-05	1.0
-2.022422086156439e-05	1.0
-0.008671356365084648	0.0
-5.101436606480547e-09	0.0
0.0	0.0
0.0	1.0
-0.001087502925656736	1.0
-2.0085424239368876e-06	0.0
0.0	0.0
0.0	1.0
0.0	1.0
-1.0901809446295374e-06	0.0
0.0	0.0
0.0	0.0
-2.3206695914268494e-05	1.0
0.0	1.0
0.0	0.0
-1.72159353439838e-08	0.0
0.0	0.117
0.0	1.0
0.0	1.0
-8.873393198882695e-06	0.007
-4.789530521520646e-06	0.0
0.0	0.0
0.0	0.037
-6.485074209194863e-06	0.0
-0.0008149046916514635	0.0
-0.0005573643720708787	0.0
0.0	0.0
-7.968817953951657e-05	0.0
0.0	0.0
0.0	0.0
-1.3387451645030524e-06	1.0
-0.00018481739971321076	1.0
-0.00012261919619049877	0.0
0.0	0.0
0.0	1.0
0.0	1.0
0.0	0.11242603550295859
0.0	1.0
0.0	0.019
-1.7103257050621323e-05	0.0
0.0	0.0
-3.541135583873256e-06	1.0
0.0	1.0
0.0	1.0
0.0	1.0
0.0	1.0
0.0	1.0
0.0	0.0
0.0	0.0
0.0	1.0
-0.0001280985161429271	1.0
-0.0009638339979574084	0.0
0.0	0.0
-3.4986564401151554e-07	1.0
-0.01037990115582943	0.0
-8.611058888163825e-07	1.0
0.0	0.0
0.0	1.0
0.0	1.0
-0.0011086765443906188	0.0
-1.2644711205211934e-05	1.0
0.0	0.006006006006006006
0.0	0.0
0.0	0.0
0.0	1.0
0.0	1.0
0.0	1.0
0.0	0.011
0.0	1.0
-0.00011601771257119253	1.0
-0.0018457939149811864	1.0
0.0	0.0
-6.901042866047646e-07	1.0
0.0	0.0
-0.002048295922577381	1.0
-6.733576370099303e-13	1.0
0.0	1.0
-2.7787615763941176e-08	1.0
0.0	0.0
0.0	0.0
-0.01016282569617033	0.0
0.0	0.0
0.0	0.021341463414634148
0.0	0.01634320735444331
0.0	0.01634320735444331
-9.401487477589399e-05	0.0
-3.4537094961706316e-06	0.021
-0.0016840677708387375	0.0
0.0	0.0
-0.00012412448995746672	0.0
-1.9872624079653178e-07	0.0
0.0	0.003
0.0	1.0
-0.0001299379946431145	0.0
0.0	0.0
0.0	0.0
0.0	1.0
0.0	1.0
0.0	1.0
-0.001559785334393382	0.001
0.0	0.01005586592178771
0.0	0.0
0.0	1.0
0.0	1.0
0.0	1.0
0.0	0.0
0.0	1.0
0.0	1.0
0.0	1.0
0.0	1.0
0.0	1.0
0.0	0.0
0.0	0.0
0.0	0.019
-0.0003227257984690368	1.0
0.0	1.0
0.0	1.0
0.0	0.0
0.0	0.0
0.0	1.0
-8.660984167363495e-05	1.0
-0.08727314323186874	0.0
-0.0030969928484410048	1.0
0.0	0.0
0.0	0.0
-1.0956681251172995e-07	0.0
-0.034465234726667404	0.0
-6.026372290079962e-08	0.013
0.0	1.0
0.0	0.0
0.0	1.0
-0.00040383401210419834	0.0
0.0	1.0
0.0	0.005122950819672131
0.0	1.0
0.0	1.0
0.0	1.0
-1.0610994650050998e-05	1.0
-0.00018475018441677094	0.006030150753768844
-0.0002721832424867898	1.0
-3.127989600670844e-08	1.0
-0.0011854938929900527	1.0
0.0	1.0
0.0	1.0
-2.0473315089475363e-05	1.0
0.0	0.0
0.0	1.0
-0.022442931309342384	0.0
0.0	1.0
-0.0034412534441798925	0.0
0.0	1.0
0.0	1.0
-6.615656275243964e-06	1.0
0.0	1.0
-2.4246121029136702e-05	1.0
0.0	1.0
0.0	1.0
0.0	1.0
0.0	1.0
0.0	0.002002002002002002
0.0	1.0
0.0	1.0
0.0	1.0
-3.5846172977471724e-05	0.0
0.0	0.002
0.0	0.0
0.0	0.002
-7.4577246778062545e-06	0.0
0.0	0.006369426751592357
0.0	1.0
0.0	1.0
0.0	1.0
0.0	0.0
0.0	1.0
0.0	0.0
-0.0005167951458133757	0.0
0.0	1.0
0.0	0.0
-0.039527393877506256	0.0
0.0	1.0
0.0	1.0
-0.0006024824106134474	0.0
-0.0008285477524623275	1.0
-5.647883654091856e-07	1.0
0.0	1.0
-6.286548341449816e-06	1.0
0.0	1.0
0.0	0.0
0.0	1.0
-4.4097556383349e-05	0.0
-4.302202432882041e-05	0.0
0.0	0.0
-0.00012731770402751863	0.0
0.0	0.0
0.0	0.0
0.0	0.0
0.0	1.0
0.0	1.0
0.0	1.0
0.0	0.0
0.0	1.0
0.0	0.0
0.0	1.0
-0.01448986865580082	0.0
-0.002056376077234745	0.008008008008008008
-9.274804324377328e-05	0.006006006006006006
0.0	0.002012072434607646
0.0	0.0
-0.0006959414458833635	1.0
0.0	1.0
0.0	1.0
0.0	0.0
-7.507742702728137e-05	1.0
-7.566873705400212e-08	0.0
-5.9006251831306145e-06	0.0
0.0	1.0
0.0	0.0
0.0	1.0
-0.001745896995998919	0.0
0.0	0.182
-0.00016493667499162257	0.0
0.0	1.0
0.0	0.0
0.0	0.02
0.0	0.0
0.0	1.0
-2.764612145256251e-05	1.0
0.0	1.0
-0.0006835257518105209	0.6379137412236711
-0.007675364147871733	0.0
0.0	1.0
0.0	1.0
0.0	1.0
0.0	1.0
-1.7447478967369534e-05	1.0
0.0	1.0
0.0	0.0
0.0	0.0067039106145251395
0.0	1.0
0.0	0.0
0.0	0.0
-1.7066713553504087e-05	1.0
-0.0009293755865655839	0.0
-3.261107485741377e-05	0.0
0.0	0.0
-0.0018337327055633068	0.017
0.0	0.0
0.0	1.0
0.0	1.0
-2.6755011593937667e-15	1.0
-1.4315401131170802e-05	1.0
0.0	0.003003003003003003
0.0	1.0
-0.004704844672232866	0.0
0.0	0.0
0.0	1.0
-0.005725640803575516	0.0
0.0	0.0
0.0	1.0
-2.2868913220008835e-05	1.0
0.0	1.0
-0.004385621752589941	0.0
0.0	0.015
0.0	1.0
-6.48415943160785e-09	0.002
-0.00169076316524297	1.0
0.0	0.156
0.0	1.0
0.0	0.0
0.0	1.0
-0.0012176898308098316	0.0
-0.006724733393639326	1.0
0.0	1.0
-8.741601192907567e-12	0.0
0.0	0.0
-6.795234367018566e-05	0.009
-8.704166702955263e-07	0.009
0.0	1.0
-5.816576376105331e-08	1.0
0.0	1.0
0.0	1.0
-9.857935301393894e-11	1.0
-0.0007363472832366824	0.004036326942482341
-3.540590114425868e-05	1.0
0.0	0.0
0.0	1.0
-4.746835702285068e-10	1.0
0.0	1.0
-9.941366442944854e-05	0.013
-3.980436957817801e-08	0.013
0.0	0.013
0.0	0.013
0.0	1.0
-0.15584920346736908	0.0
0.0	0.0
0.0	0.0
-4.462534889171366e-06	0.0
0.0	0.001
0.0	0.0
-3.0346132916747592e-05	0.0
0.0	0.0
0.0	1.0
0.0	1.0
-0.0009527295478619635	1.0
0.0	1.0
0.0	1.0
-0.005158132873475552	0.0
-1.4053509858058533e-06	1.0
-1.2045956282236148e-05	1.0
-0.0029136943630874157	1.0
-3.4437103835216476e-08	0.016701461377870562
0.0	1.0
0.0	1.0
0.0	1.0
-0.0005868864827789366	0.016016016016016016
0.0	1.0
0.0	1.0
0.0	1.0
0.0	1.0
0.0	1.0
0.0	0.02
0.0	0.02
0.0	1.0
-0.04498550295829773	0.0
-6.08815113878336e-08	0.0
-5.024522464758263e-10	1.0
-0.00023939015227369964	0.016
0.0	0.0
0.0	0.0
-5.6709841373958625e-06	0.0
0.0	1.0
0.0	1.0
-0.00035651601501740515	0.03389830508474576
0.0	0.026022304832713755
0.0	0.171
0.0	0.0
-3.245368498028256e-05	1.0
0.0	1.0
0.0	1.0
0.0	1.0
0.0	1.0
0.0	0.0
0.0	1.0
0.0	1.0
-0.0007019409094937146	1.0
0.0	1.0
-8.295079169329256e-05	1.0
0.0	1.0
0.0	1.0
0.0	0.0
0.0	0.0
-5.568730893079632e-11	1.0
-9.765321147200967e-13	1.0
0.0	1.0
-0.000660124933347106	1.0
0.0	0.0
0.0	1.0
-0.006142806261777878	0.0
0.0	0.0
-9.987688099499792e-05	0.002288329519450801
-1.0831138297362486e-06	0.0
0.0	1.0
-0.0009510357049293816	1.0
-8.929799264478788e-07	1.0
0.0	1.0
-2.6406445613247342e-05	1.0
-0.00013697407848667353	0.0
-1.5683159517720924e-06	1.0
0.0	0.0
0.0	0.0
0.0	0.0
-5.555555981118232e-05	1.0
0.0	1.0
0.0	1.0
0.0	1.0
0.0	1.0
0.0	1.0
-0.0001578413211973384	0.0
0.0	0.0
-7.687433480896289e-07	1.0
0.0	0.0
-6.704890256514773e-05	1.0
0.0	1.0
0.0	0.0
0.0	0.0
-1.646940472710412e-05	1.0
-0.011017559096217155	0.0
0.0	0.0
0.0	1.0
0.0	1.0
0.0	0.04756511891279728
-2.7982665415038355e-05	1.0
0.0	0.0
-0.0011846176348626614	1.0
-0.039862703531980515	0.0
0.0	1.0
-3.334120947329211e-06	0.0
0.0	1.0
0.0	0.0
-0.0006728191510774195	0.0
-5.022280369360033e-09	0.0
0.0	0.0
-1.1817341146524996e-05	1.0
0.0	0.0
0.0	1.0
-0.006276930216699839	0.0
0.0	0.0
0.0	0.0
0.0	1.0
0.0	1.0
-0.01132014486938715	0.0010384215991692627
-7.025730042187206e-08	0.037
0.0	0.0
0.0	0.0
0.0	0.0
0.0	0.0
0.0	0.0
0.0	0.0
0.0	0.0
-0.0006576306186616421	0.0
0.0	0.0
-0.0008809039136394858	0.0
