0.0	1.0
0.0	0.056
0.0	1.0
0.0	1.0
0.0	0.0
0.0	0.0
-0.0003002702142111957	0.0
-0.0009159074979834259	1.0
-0.00023330593830905855	0.0
0.0	1.0
-2.6291556309843145e-07	1.0
0.0	0.09
-0.0002989793138112873	1.0
-0.0034922626800835133	0.0
0.0	1.0
-0.002466602949425578	0.0
-0.00015382751007564366	0.0
0.0	0.0
-1.87757598268945e-06	0.0
0.0	1.0
0.0	0.0
0.0	0.0
0.0	0.04930332261521972
-0.00012815235822927207	0.04930332261521972
0.0	1.0
-0.0017302435589954257	0.046
0.0	0.0
-4.114263356314041e-05	0.0
0.0	0.0
-8.420330414082855e-05	0.0
-0.00012080925807822496	1.0
-0.00033236079616472125	0.0
0.0	0.0
0.0	1.0
0.0	1.0
-9.759349632076919e-05	0.0
-1.9444452846073546e-05	1.0
0.0	1.0
0.0	0.0
-4.5814464101567864e-05	1.0
0.0	0.06184486373165619
0.0	1.0
0.0	1.0
0.0	0.0
-1.2108207769756518e-08	0.10089686098654709
-2.4935145120252855e-05	0.0
-5.329228224582039e-05	0.09009009009009009
0.0	0.0
0.0	0.001
-0.0006125621730461717	1.0
0.0	0.0
0.0	1.0
-0.07219954580068588	0.0
0.0	1.0
-0.0008787049446254969	1.0
0.0	0.0
0.0	1.0
-0.0003693320613820106	1.0
-0.0010791594395413995	0.0
-0.0064164744690060616	0.0
-0.00010300766007276252	1.0
0.0	1.0
-0.0056730955839157104	0.0
0.0	0.0
0.0	0.0
0.0	1.0
-9.078626522426858e-13	0.0
-1.82551190164304e-07	1.0
-2.340211176488083e-05	0.0
0.0	0.0
0.0	0.0
-5.131873308528156e-07	1.0
-0.010648627765476704	0.0
0.0	1.0
0.0	0.0
0.0	1.0
0.0	1.0
0.0	0.0
-0.0033397956285625696	0.0
-2.1794798158225603e-05	0.0
-0.0032682521268725395	0.0
0.0	1.0
0.0	1.0
0.0	1.0
0.0	0.0
-6.499300744941192e-14	0.002012072434607646
0.0	1.0
0.0	0.002002002002002002
0.0	0.0
-0.001803124905563891	0.0
-0.0054352921433746815	0.0
0.0	1.0
0.0	0.0
-0.004015581216663122	0.0
-0.015434429049491882	0.007246376811594203
0.0	0.002
-0.0010604527778923512	0.0
0.0	0.0
-3.261298388679279e-06	0.0
0.0	1.0
0.0	0.0
-0.00012244071695022285	0.0
0.0	1.0
0.0	1.0
-4.3195188482059166e-05	0.439
0.0	0.439
0.0	0.003
-0.014537555165588856	0.003
-7.550288866342569e-11	1.0
-0.0030344161204993725	1.0
-0.00044034013990312815	0.0
0.0	0.0
0.0	0.0
-0.000197074594325386	1.0
0.0	1.0
-3.7917317285973695e-08	0.0
-5.906693445467681e-07	0.003
0.0	0.0
0.0	0.0
0.0	0.0
0.0	1.0
-0.0016185548156499863	0.05015045135406219
0.0	1.0
-0.004227129742503166	0.0
-7.206514055724256e-06	1.0
-2.0925715944031253e-05	0.0
-2.1799800379085355e-05	1.0
0.0	1.0
-3.681971350033564e-08	1.0
0.0	1.0
-0.0013805176131427288	1.0
-0.00039283078513108194	1.0
0.0	0.0
-0.013551737181842327	0.0
-0.0033149397931993008	0.0
0.0	1.0
-9.461556146561634e-06	0.0
0.0	1.0
-1.8219154185317166e-07	1.0
-0.0002286460075993091	1.0
-0.000465020741103217	1.0
-0.0015350192552432418	1.0
-0.001728698844090104	1.0
-8.003363291209098e-06	0.3003003003003003
0.0	0.0
0.0	1.0
0.0	0.0
0.0	0.0
0.0	1.0
-2.9278513835606645e-08	1.0
0.0	1.0
0.0	1.0
0.0	1.0
0.0	1.0
0.0	0.005861664712778429
0.0	0.005861664712778429
0.0	1.0
-1.9963640625064727e-06	1.0
-0.001142663648352027	1.0
-9.49398054217454e-06	0.0
-8.337914914591238e-05	0.004761904761904762
0.0	1.0
-2.744996345427353e-05	0.001
-0.00038125779246911407	1.0
0.0	1.0
0.0	1.0
0.0	1.0
0.0	0.0
0.0	1.0
0.0	0.0
0.0	0.0553877139979859
-2.4709848730708472e-05	0.055
0.0	0.0
-0.000976773677393794	0.0
-1.066137755856289e-08	0.0
-0.0009158364846371114	0.0
0.0	0.0
0.0	0.0
-1.6182353647309355e-05	1.0
0.0	1.0
-7.532509334851056e-05	1.0
-4.299539000385266e-07	1.0
-8.542750038031954e-06	1.0
0.0	0.0
0.0	1.0
0.0	0.0
0.0	0.0
-0.00018641565111465752	0.0
0.0	1.0
-5.846361261774291e-08	0.008860759493670886
-0.0002518494438845664	0.008860759493670886
-0.01091554295271635	0.008860759493670886
0.0	1.0
-0.001922094845212996	0.008860759493670886
0.0	1.0
-4.4865441850561183e-07	1.0
-0.02799833193421364	0.0
0.0	1.0
0.0	0.0
-3.883427468487355e-10	0.0
0.0	0.0
0.0	1.0
-0.0003122637281194329	0.0
-0.00023256133135873824	0.0
0.0	0.0
-0.0003898494178429246	0.0
-6.0549054659020385e-09	1.0
0.0	0.0
0.0	0.0
0.0	0.015
0.0	1.0
0.0	1.0
0.0	0.0
-1.1328144182698452e-06	0.0
-1.214767326018773e-05	0.21
-1.372153803913534e-07	1.0
0.0	1.0
-7.636975851710304e-08	1.0
-3.3840174586130534e-12	0.439
0.0	1.0
0.0	1.0
0.0	1.0
0.0	0.44377510040160645
0.0	0.007168458781362007
-6.096652072073994e-10	0.0
-3.911915769094776e-07	0.0
0.0	1.0
0.0	0.0
-0.001948788994923234	1.0
0.0	1.0
-0.002808772958815098	0.0
0.0	0.0
0.0	0.0
0.0	0.0
-0.0009983406635001302	0.0
0.0	1.0
0.0	1.0
0.0	1.0
0.0	0.0
0.0	0.0
0.0	0.0
-1.0790733284693488e-07	1.0
-0.003828158136457205	1.0
0.0	1.0
0.0	0.141
0.0	1.0
0.0	0.0
-0.0027364403940737247	0.0
0.0	1.0
0.0	1.0
-1.6765392629736198e-08	1.0
0.0	1.0
-8.043799425649922e-06	1.0
-3.14492208417505e-05	1.0
-0.0009822234278544784	0.0
0.0	1.0
0.0	0.05832449628844114
0.0	0.0
0.0	1.0
0.0	1.0
-0.01467947568744421	0.0
-0.00038598180981352925	0.0
-5.1127150072716177e-05	0.0
0.0	0.0
0.0	1.0
-0.001046383404172957	0.00539568345323741
0.0	1.0
-4.166559301665984e-05	1.0
0.0	1.0
-5.04212875966914e-05	1.0
-0.00013965585094410926	1.0
-0.0008983404841274023	0.0
-7.085735705913976e-05	0.0
0.0	1.0
0.0	0.0
-1.7795555251609585e-08	0.0
-1.1308753528282978e-05	0.006
-0.00013991270679980516	1.0
0.0	1.0
-0.001381297130137682	0.0
0.0	1.0
-0.0001135142010753043	1.0
0.0	1.0
-6.345776348837262e-09	1.0
-0.0012294071493670344	0.0
-2.7458668672153408e-09	0.07215189873417721
0.0	0.07215189873417721
-0.0007202078704722226	1.0
-1.380103822022638e-12	0.0
-0.005515294149518013	0.0
-0.0005189195508137345	0.0
0.0	1.0
0.0	1.0
0.0	0.026
0.0	0.0
-0.0030976072885096073	0.026
0.0	0.0
0.0	1.0
0.0	1.0
0.0	1.0
0.0	0.0
0.0	0.0
0.0	0.0
-2.788495976346894e-07	1.0
0.0	0.211
0.0	1.0
-7.667863246751949e-05	1.0
0.0	0.0
0.0	0.0
0.0	1.0
0.0	1.0
-1.1747712136411792e-08	1.0
-1.2576355175042409e-06	1.0
-2.8102824217057787e-05	1.0
-8.730379197352534e-10	0.0
0.0	1.0
-3.9873233617981896e-05	1.0
0.0	1.0
-1.1173585789947538e-07	1.0
0.0	1.0
-0.000468904065201059	1.0
-9.52191294345539e-06	1.0
-0.0003421891597099602	1.0
0.0	0.12307692307692308
0.0	1.0
0.0	1.0
0.0	0.0
0.0	0.0
-1.2466723546822323e-06	1.0
0.0	1.0
0.0	0.0
0.0	1.0
0.0	1.0
-0.01808135211467743	0.0
0.0	0.0
0.0	1.0
-0.00037912209518253803	0.0
-3.085450543949264e-07	1.0
-0.03757776319980621	0.0
-0.001998861785978079	0.0
0.0	0.054945054945054944
-0.05558043718338013	0.0
0.0	0.05
0.0	0.0
0.0	1.0
0.0	1.0
0.0	1.0
0.0	1.0
-3.948222911276389e-06	0.0
0.0	1.0
-0.018365176394581795	0.0
-0.00022006154176779091	1.0
0.0	1.0
0.0	0.050352467270896276
-0.005098189692944288	0.0
-0.0004958472563885152	0.0
-1.948520685080002e-11	1.0
0.0	1.0
-2.9364198572690015e-11	0.053
0.0	1.0
-9.828690235735849e-05	0.0
0.0	0.0
-0.00039394930354319513	0.0
0.0	0.003076923076923077
0.0	1.0
0.0	1.0
0.0	1.0
-0.0019339286955073476	1.0
0.0	1.0
0.0	1.0
-0.0010269716149196029	1.0
-1.5046500720927725e-06	0.0
0.0	0.0
-0.00029236404225230217	0.0
0.0	0.0
-0.0003963193448726088	0.0
0.0	0.0
0.0	1.0
-0.002897626254707575	0.0
-0.003135629231110215	0.0
0.0	1.0
-8.402985772482108e-12	0.0
0.0	1.0
-5.6892108801775976e-08	1.0
-0.00015381892444565892	1.0
0.0	0.0
-0.0023802281357347965	0.0
0.0	0.0
-0.03080630861222744	0.0
-0.019813591614365578	0.0
-0.007754969876259565	0.0
0.0	1.0
0.0	1.0
-2.6205086669506272e-06	1.0
-0.0020005428232252598	0.0022123893805309734
0.0	1.0
-0.0001963888353202492	1.0
-0.01720116287469864	0.0
-0.01053003128618002	0.0
0.0	1.0
0.0	0.0
-6.353349363052985e-06	1.0
0.0	1.0
0.0	0.020491803278688523
0.0	0.024489795918367346
-1.890798012027517e-05	0.0
0.0	0.0
0.0	0.027874564459930314
0.0	0.024072216649949848
0.0	0.0
-3.6318975617177784e-05	1.0
0.0	0.025075225677031094
0.0	1.0
-0.00011952540080528706	1.0
-0.003394752275198698	0.0
0.0	1.0
0.0	0.0
0.0	0.0
-0.05765169486403465	0.0
-0.0013810093514621258	0.0
0.0	0.0
0.0	0.0
0.0	0.0
0.0	1.0
0.0	1.0
-0.00021167166414670646	1.0
0.0	1.0
0.0	1.0
0.0	1.0
0.0	0.0
0.0	1.0
-2.651993735725e-09	1.0
-0.00030152156250551343	0.0
-0.008382944390177727	0.0
0.0	1.0
0.0	0.0
0.0	0.0
0.0	0.0
0.0	1.0
-9.751245670486242e-05	1.0
-0.0014620183501392603	1.0
0.0	1.0
0.0	1.0
0.0	1.0
0.0	1.0
-0.00025422917678952217	1.0
-2.2567794076167047e-05	0.0
0.0	1.0
0.0	1.0
-6.240450716177293e-07	1.0
0.0	0.91
0.0	1.0
-8.819582286712091e-10	0.0
0.0	0.0041753653444676405
-0.0017837330233305693	0.0
0.0	0.0
0.0	0.0
-6.310893240879523e-06	0.0
-9.098548616748303e-05	1.0
0.0	1.0
-0.007003315724432468	0.0
0.0	0.0
-4.0309299947693944e-05	0.0
0.0	0.0
-3.1355888495454565e-05	1.0
0.0	1.0
-7.047121926007094e-07	1.0
-8.514457476849202e-06	0.0
-0.003205484477803111	0.0
-1.6512012734892778e-05	0.0
-5.039239476900548e-05	1.0
-2.9607293981825933e-05	1.0
0.0	0.0
-1.770467973616352e-11	1.0
0.0	0.0
0.0	1.0
-0.00038716295966878533	1.0
-6.789286999264732e-05	0.0
0.0	1.0
-1.6423398847109638e-05	1.0
-0.0006524849450215697	1.0
-2.6781158624089585e-08	0.0
0.0	1.0
-0.0008112257928587496	1.0
-0.0004396570147946477	1.0
-4.1559452768069605e-08	1.0
0.0	0.0
-0.004236065782606602	0.0
-7.985897809703602e-07	0.0
-0.0011035348288714886	1.0
-4.291737809580809e-08	0.0
-1.8763382740871748e-06	1.0
0.0	1.0
0.0	0.0
0.0	0.439
-0.00026715430431067944	1.0
0.0	1.0
0.0	0.439
-1.0591969839879312e-05	1.0
0.0	0.0
-0.0002547020558267832	0.0
0.0	1.0
-2.3930704628583044e-05	1.0
0.0	1.0
0.0	1.0
-8.707921551831532e-06	1.0
0.0	0.04
-0.00011665581405395642	0.0
0.0	1.0
-0.0005817360943183303	1.0
0.0	1.0
-1.930112148329499e-06	0.0
0.0	1.0
-0.0007815441349521279	0.0
0.0	1.0
0.0	0.0
-0.0012860465794801712	1.0
0.0	1.0
0.0	0.055
-1.4645817714153964e-07	1.0
0.0	0.0
0.0	1.0
0.0	1.0
-9.398498514201492e-05	0.0
0.0	0.0
0.0	0.0
0.0	1.0
-0.002154494635760784	1.0
-4.649017228075536e-06	1.0
0.0	0.0
-0.01086792815476656	0.0
-7.70206497691106e-07	0.0
0.0	1.0
0.0	0.0
-0.0008070577750913799	0.018842530282637954
-1.2711763019979117e-07	1.0
0.0	1.0
-2.425928323646076e-05	1.0
-5.295899427437689e-06	1.0
0.0	1.0
0.0	0.0
-0.0009252320160157979	0.0
0.0	0.0
0.0	0.0
0.0	1.0
0.0	0.0
0.0	1.0
0.0	0.0
0.0	0.0
-0.018862800672650337	0.0
-3.4645905543584377e-05	0.001
0.0	1.0
-0.0001479087513871491	1.0
-0.0009047588100656867	0.0
-0.009642019867897034	0.0
0.0	1.0
-0.00829004030674696	0.0
0.0	1.0
0.0	0.09
0.0	1.0
-8.313213038491085e-05	0.027472527472527472
0.0	0.0071794871794871795
0.0	0.0
-0.003177201608195901	0.007
0.0	0.006060606060606061
-9.862253500614315e-05	0.2112676056338028
-1.1287835377515876e-07	0.0
-3.202308562322287e-06	0.0
0.0	0.0
0.0	1.0
-3.6920031561749056e-05	1.0
0.0	1.0
0.0	1.0
0.0	1.0
-0.0010310446377843618	0.14214214214214213
0.0	1.0
0.0	0.004395604395604396
0.0	0.0
-4.5659526222152635e-05	1.0
0.0	0.0
0.0	1.0
0.0	1.0
-1.1094010915257968e-05	0.0
0.0	0.0
-0.00011137976252939552	1.0
-6.451537046814337e-05	1.0
0.0	1.0
0.0	1.0
0.0	1.0
0.0	0.0
-1.1030578406234781e-07	1.0
0.0	0.21169354838709678
-1.264607362827519e-05	0.0
0.0	0.0
0.0	0.0
0.0	0.0
0.0	0.055
