0.0	0.0
0.0	0.0
-1.2303729590712464e-06	0.0
0.0	1.0
-2.826054590343574e-08	1.0
-0.01029154472053051	0.0
-2.8965503588551655e-05	1.0
0.0	1.0
-0.007594187278300524	0.0
0.0	1.0
0.0	1.0
-0.00011434930638642982	0.006012024048096192
0.0	1.0
0.0	0.003006012024048096
-3.304017081973143e-05	0.0
0.0	0.003006012024048096
0.0	0.003
0.0	0.003
-0.004335752222687006	0.0
0.0	1.0
0.0	0.0
0.0	0.0
0.0	1.0
-0.011075632646679878	0.0
0.0	0.007
0.0	1.0
0.0	1.0
0.0	0.0
-0.0011541463900357485	1.0
0.0	1.0
-0.0010710618225857615	0.0
-0.019603196531534195	0.0
0.0	1.0
0.0	1.0
0.0	0.0
0.0	1.0
0.0	1.0
-0.00013005133951082826	1.0
0.0	1.0
0.0	1.0
0.0	1.0
0.0	1.0
-0.004216141067445278	0.0
-6.447119812946767e-05	1.0
0.0	0.0
-0.0001251251669600606	0.0
-4.366554340329287e-11	0.4
-4.9512045734445564e-06	1.0
0.0	1.0
-0.004339756444096565	0.0
-0.000143898549140431	0.0
0.0	1.0
0.0	0.0
-1.5764927141503904e-08	0.0
0.0	1.0
0.0	1.0
-1.2673598575929645e-05	0.008333333333333333
0.0	0.0
0.0	0.0
0.0	1.0
0.0	1.0
0.0	0.0
-0.008946588262915611	0.0
-3.0341294632307836e-07	1.0
-0.00017735477013047785	0.0
0.0	0.129
0.0	0.0
0.0	0.0
0.0	1.0
-1.257080967098645e-10	0.0
0.0	0.0
-0.008900543674826622	0.002002002002002002
-0.008407418616116047	0.0
0.0	0.003033367037411527
-0.0005420329398475587	0.011033099297893681
-0.00463180523365736	0.011033099297893681
0.0	1.0
-1.7667278751076765e-10	0.0
0.0	1.0
-0.004259367939084768	0.003033367037411527
0.0	1.0
0.0	1.0
0.0	0.002306805074971165
-0.0008088926551863551	1.0
0.0	1.0
0.0	0.0
-0.002956545911729336	0.0
-2.363952944506309e-06	0.0
0.0	1.0
-9.108087084541694e-08	1.0
0.0	0.0
0.0	0.0
0.0	1.0
-0.0009866190375760198	0.0
-1.1093543434981257e-05	1.0
0.0	1.0
0.0	0.0
0.0	1.0
-5.81196800339967e-05	0.0
-8.925641304813325e-05	1.0
0.0	1.0
-0.002291075186803937	0.0
-2.944218067568727e-05	0.0
-0.001010554376989603	1.0
-9.28375779030155e-11	1.0
-0.00040118308970704675	0.0
0.0	1.0
0.0	0.0
0.0	1.0
0.0	1.0
-1.9655566063647711e-07	0.0
-0.0017435636837035418	0.0
0.0	0.0
-1.6083668841204712e-09	1.0
-7.157665095292032e-05	1.0
-0.0003288258158136159	0.0
-0.0006103832274675369	0.002
0.0	0.0
0.0	0.0
0.0	1.0
-9.739177767187357e-05	0.0
0.0	0.14878892733564014
0.0	0.14878892733564014
0.0	1.0
0.0	0.13841201716738197
-1.97795535505918e-09	1.0
0.0	0.0
0.0	1.0
-0.0002413893525954336	0.0
-3.2129159333038615e-09	0.0
-1.0369674328103429e-06	0.0
0.0	0.001
0.0	0.0
0.0	1.0
0.0	1.0
0.0	0.0
-1.646407508815173e-05	1.0
-4.1161976696457714e-05	0.0
0.0	1.0
0.0	0.037
-2.6159554522564576e-07	1.0
-0.0032956034410744905	1.0
0.0	0.002012072434607646
0.0	0.0020429009193054137
0.0	0.021042084168336674
-0.001910410006530583	0.0
0.0	0.015060240963855422
-0.0004565354611258954	1.0
0.0	1.0
-3.320831820019521e-05	1.0
0.0	1.0
0.0	0.0
0.0	1.0
0.0	0.0
0.0	1.0
0.0	0.0
-1.0560822374827694e-05	0.0
-2.321823558304459e-06	0.0
-4.8537590373598505e-06	0.0
-0.002011503791436553	0.0
-2.0816542019019835e-05	0.0
0.0	1.0
0.0	1.0
0.0	0.0
-1.2991161213449232e-07	1.0
0.0	1.0
-0.002737248782068491	1.0
0.0	0.0
0.0	0.0
0.0	1.0
0.0	1.0
-4.601199066200934e-07	1.0
0.0	0.001
0.0	0.0
0.0	0.0
-0.00036874189390800893	0.01
-0.019036008045077324	0.0
0.0	1.0
-3.6950825688109035e-07	0.0
-0.001767217181622982	0.05751765893037336
-8.446751280644094e-07	0.0
0.0	0.068
0.0	1.0
-6.526408833451569e-05	1.0
0.0	0.0
0.0	0.0
0.0	1.0
-0.00032475870102643967	1.0
0.0	0.0
-1.5810219338163733e-05	0.0
-0.0014740038895979524	1.0
0.0	1.0
-9.46014843066223e-05	0.0
-0.00206112302839756	0.074
0.0	0.0
-1.0057872259494616e-06	0.0
0.0	0.0
0.0	0.0
0.0	0.16303099885189437
-1.6350122677977197e-05	1.0
-0.00015612519928254187	0.0
0.0	1.0
0.0	1.0
0.0	0.001
-1.3378927178564481e-05	0.0
0.0	1.0
0.0	0.001006036217303823
0.0	0.005005005005005005
0.0	1.0
0.0	0.005005005005005005
0.0	1.0
0.0	0.001
-0.0013395684072747827	0.001
0.0	0.0
0.0	1.0
0.0	0.0
0.0	0.0
0.0	1.0
0.0	1.0
0.0	0.0
0.0	1.0
-1.5035161027299182e-07	0.0
0.0	1.0
0.0	1.0
0.0	1.0
0.0	1.0
0.0	0.0
-0.00010725836182245985	0.0
0.0	1.0
-0.00014391442527994514	0.003
-0.0039832089096307755	0.0
-0.00039030396146699786	0.005
0.0	1.0
-3.2516184091946343e-06	1.0
-8.753317081583445e-13	0.018
-0.003004556754603982	0.018
0.0	1.0
0.0	1.0
-9.290237358072773e-05	0.0
-0.00011687983351293951	1.0
-3.7430126553772425e-07	1.0
0.0	0.0
0.0	0.0018115942028985507
0.0	0.15011547344110854
-1.112527343138936e-06	1.0
-9.398372640134767e-05	0.0
0.0	1.0
-0.004291200544685125	0.0
0.0	1.0
-0.00013586106069851667	1.0
-9.908734500641003e-05	1.0
0.0	1.0
-6.879960710648447e-05	1.0
0.0	0.0
0.0	1.0
0.0	1.0
-0.0011354320449754596	0.0
-1.2799329169865814e-06	0.0
0.0	1.0
-0.0029256592970341444	0.021
0.0	0.0
0.0	1.0
-0.00011234346311539412	1.0
-0.005782521795481443	0.0
-0.0007824507774785161	0.0
-9.563515277477563e-07	1.0
0.0	0.0
0.0	1.0
0.0	0.0
-0.0004409572866279632	0.009650180940892641
0.0	0.0
0.0	1.0
0.0	1.0
0.0	0.01939655172413793
0.0	0.0
-0.0008929504547268152	1.0
-4.7577621444361284e-05	1.0
0.0	0.0
-3.318056087664445e-07	0.0
0.0	1.0
-0.0003367348399478942	1.0
0.0	1.0
0.0	1.0
0.0	1.0
-2.868013552870252e-06	0.0
0.0	0.0
0.0	0.0
-1.2391516065690666e-05	1.0
0.0	0.0
-5.6243443929959724e-11	1.0
0.0	1.0
-0.00012120853352826089	1.0
0.0	1.0
0.0	0.0
0.0	1.0
-2.9253239972604206e-06	1.0
0.0	0.008036739380022962
0.0	1.0
-0.021826354786753654	0.0
0.0	0.0
-0.0005166125483810902	1.0
0.0	0.0
-0.0012126776855438948	0.0
0.0	0.0
-0.00010499703057575971	0.0
0.0	0.092
-2.9173983421060257e-05	0.0
-4.9473060197147145e-12	1.0
-7.530966428248576e-08	0.0
0.0	0.0
0.0	0.0
0.0	1.0
-0.00014822959201410413	1.0
-0.000625191954895854	0.002
-6.66509691882311e-08	0.0
0.0	1.0
0.0	1.0
-0.01338974665850401	0.0
0.0	0.871
0.0	1.0
0.0	1.0
-5.910184768254112e-07	1.0
0.0	1.0
0.0	1.0
0.0	0.0
-1.7605946140974993e-06	1.0
0.0	1.0
0.0	0.0
0.0	1.0
-1.0786584958566436e-09	1.0
0.0	1.0
0.0	0.0
0.0	1.0
0.0	1.0
-0.002862129593268037	0.0
0.0	1.0
-0.001313718967139721	0.0
0.0	1.0
-1.293259401791147e-07	1.0
-3.025645128218457e-05	0.13865030674846626
0.0	0.11970338983050847
0.0	1.0
0.0	1.0
0.0	0.0
-6.656276809735573e-07	1.0
0.0	0.0
-1.4028468285687268e-05	0.0
0.0	0.03610832497492478
0.0	1.0
0.0	0.0
0.0	0.0
0.0	1.0
0.0	0.0
0.0	0.0
0.0	1.0
0.0	0.134375
0.0	0.0
-0.0027995379641652107	0.0
-0.0001644311851123348	0.05325443786982249
0.0	1.0
0.0	1.0
-0.001596722868271172	1.0
-0.0009125149226747453	0.0
0.0	0.871
-0.00024644576478749514	1.0
0.0	1.0
0.0	1.0
0.0	0.0
-0.0004208814352750778	0.0
-0.0011097171809524298	0.0
0.0	1.0
-3.404363724257564e-07	0.0
-0.0007732784724794328	0.0
0.0	0.0
0.0	0.0
-3.0497280931740534e-06	1.0
0.0	1.0
0.0	1.0
0.0	1.0
-0.000530633085872978	1.0
0.0	1.0
0.0	1.0
-1.785524972319763e-08	1.0
0.0	1.0
0.0	0.0
0.0	1.0
0.0	1.0
0.0	1.0
0.0	1.0
-2.9710048693232238e-05	0.0
0.0	1.0
0.0	0.0
0.0	0.0
-1.6992892142297933e-06	0.0
0.0	1.0
0.0	1.0
-0.011219078674912453	0.0
0.0	1.0
0.0	1.0
0.0	1.0
-0.0013564019463956356	1.0
0.0	1.0
-7.94291622696619e-07	0.0
-0.0011033901246264577	0.0
-2.0855088223470375e-05	1.0
0.0	1.0
0.0	0.0011494252873563218
0.0	1.0
0.0	1.0
-1.1011804417648818e-05	0.0
-2.1530931917368434e-06	1.0
0.0	1.0
0.0	0.0
0.0	1.0
0.0	0.0
0.0	0.07723169508525576
-0.0035364904906600714	0.003778337531486146
-0.007611018605530262	0.0035169988276670576
-6.00017742158343e-08	0.0
0.0	0.0
-9.900000463858305e-08	0.0
0.0	0.003054989816700611
-0.0004504182143136859	0.01805416248746239
-3.008203908194673e-09	1.0
0.0	0.0
0.0	0.0
0.0	0.0
0.0	1.0
-0.0005525073502212763	0.0
0.0	1.0
-0.0008368216222152114	0.0
-1.460971219557905e-07	0.0
0.0	0.0
0.0	0.0
-7.032218491076492e-06	1.0
0.0	0.0
0.0	0.0
-0.00029298648587428033	0.0
0.0	0.0
-3.883221870637499e-05	1.0
-0.0014825492398813367	1.0
-2.1722740939367213e-07	1.0
0.0	0.0
0.0	1.0
0.0	0.0
0.0	1.0
0.0	0.0
0.0	1.0
-4.040321965881333e-10	1.0
0.0	0.176
-0.0019231789046898484	0.0010449320794148381
0.0	0.0
-1.1220045053050853e-05	0.0
0.0	0.0
0.0	0.028
0.0	0.028028028028028028
0.0	1.0
0.0	0.0
0.0	0.0
0.0	1.0
0.0	1.0
0.0	0.0
0.0	1.0
0.0	1.0
0.0	0.0
-2.445549171170569e-06	1.0
0.0	0.0
0.0	1.0
-5.41402243925404e-07	0.0
0.0	0.0
-6.0324488003971055e-05	0.0
0.0	1.0
-5.458870191432652e-07	1.0
0.0	1.0
0.0	1.0
-5.022377081331797e-06	0.0
0.0	1.0
0.0	1.0
-1.7752996939179866e-07	0.0
0.0	0.0
-0.008593307808041573	0.007
0.0	1.0
0.0	0.0
-4.355690543889068e-05	1.0
0.0	0.0
0.0	1.0
-0.00017597968690097332	0.4
0.0	0.0
-8.008297299966216e-05	0.0
-0.0014993210788816214	1.0
0.0	1.0
-5.864083141204901e-05	0.013333333333333334
-1.739682716106472e-06	0.013333333333333334
0.0	1.0
0.0	1.0
0.0	1.0
0.0	1.0
-0.0015264913672581315	0.0
0.0	1.0
0.0	0.0
0.0	1.0
0.0	0.0020060180541624875
-1.1484505080261442e-07	1.0
0.0	1.0
-0.011696797795593739	0.0
0.0	1.0
-0.000550824508536607	0.0
-0.010890787467360497	0.0
0.0	0.0
-3.989858669228852e-05	0.871
0.0	1.0
0.0	0.871
-1.7132160792243667e-06	0.0
0.0	1.0
0.0	0.0
0.0	0.0
-4.804306081496179e-05	0.003
-0.006763583514839411	0.0
-4.783371920780155e-08	0.0
-1.2101371794415172e-05	1.0
0.0	0.075
-0.017634369432926178	0.0
0.0	1.0
-0.0005535248201340437	0.0
0.0	0.871
0.0	1.0
0.0	1.0
0.0	1.0
-3.0629248612967785e-06	0.02066590126291619
-0.0012393646175041795	0.0
0.0	0.0
-3.1732182833366096e-05	0.0
0.0	1.0
0.0	1.0
0.0	0.0
-4.573622209136374e-05	1.0
-0.0003479532024357468	1.0
0.0	1.0
-1.4501996759008762e-07	1.0
0.0	0.0
-4.355774581199512e-05	1.0
0.0	1.0
0.0	0.0
0.0	1.0
0.0	1.0
-0.0001665754389250651	0.02040816326530612
0.0	1.0
0.0	1.0
-0.05373305454850197	0.0
0.0	1.0
-9.89962245512288e-06	1.0
0.0	1.0
-3.709216616698541e-05	1.0
-0.01911541260778904	0.0
0.0	1.0
0.0	0.0
0.0	0.0
-2.132473753135855e-07	1.0
0.0	0.129
0.0	0.0
0.0	1.0
-0.0004192387859802693	0.0
0.0	0.0
0.0	0.129
0.0	1.0
0.0	1.0
0.0	1.0
0.0	1.0
0.0	0.0
0.0	0.0
-0.004457567818462849	0.0
0.0	1.0
0.0	0.033066132264529056
0.0	1.0
0.0	1.0
-0.0015828929608687758	0.0
0.0	0.002
0.0	1.0
0.0	1.0
0.0	0.002162162162162162
0.0	1.0
-5.073712964076549e-05	1.0
0.0	1.0
0.0	0.0
-1.4799430800849223e-06	0.0
0.0	1.0
-0.0053655835799872875	0.0
0.0	1.0
-0.0006684483960270882	0.131
-0.008242947980761528	1.0
-2.8622434200542557e-08	1.0
0.0	0.0
0.0	0.0
-0.008852902799844742	0.0
0.0	0.0
0.0	0.0
0.0	1.0
-3.260374433011748e-05	1.0
0.0	0.871
-2.3243392206495628e-06	1.0
0.0	1.0
-0.005494477227330208	0.24031007751937986
0.0	1.0
0.0	1.0
0.0	1.0
0.0	1.0
0.0	0.0
0.0	1.0
0.0	1.0
0.0	0.0
-1.9530300505721243e-06	0.03907815631262525
0.0	0.0
0.0	1.0
0.0	0.006042296072507553
0.0	1.0
0.0	1.0
0.0	1.0
0.0	1.0
0.0	0.0
0.0	0.0
0.0	1.0
0.0	1.0
-0.0004377470468170941	0.0
-0.002585090696811676	1.0
0.0	0.0
0.0	1.0
-0.0017924505518749356	1.0
-0.0715809240937233	0.0
0.0	0.0
-1.6970625438261777e-06	1.0
0.0	0.0
0.0	0.015503875968992248
-4.1975354747592064e-08	0.0
0.0	0.0
-7.571315308041449e-08	0.0
0.0	0.0
-2.0300129108363762e-05	1.0
-0.0030235974118113518	0.0
