-0.0008468200103379786	0.0
-0.006333160679787397	0.0
-3.445381662459113e-05	1.0
-0.03615714982151985	0.0
0.0	0.0
-9.990294008721534e-11	0.0
-0.020253919064998627	0.0
0.0	0.0
0.0	0.049
0.0	0.0
0.0	0.0
-4.0881673157855403e-07	1.0
0.0	0.0
-0.001894741435535252	0.0
-2.6966479708789848e-05	1.0
0.0	1.0
0.0	0.002
0.0	1.0
-5.694763558494742e-07	1.0
0.0	0.0
0.0	1.0
-1.7891154129756615e-05	0.0
0.0	0.0
0.0	1.0
0.0	1.0
0.0	1.0
0.0	1.0
-0.001682333298958838	1.0
0.0	1.0
-0.0010892071295529604	0.127
0.0	1.0
-0.0007442243513651192	0.0
0.0	1.0
0.0	1.0
0.0	1.0
0.0	1.0
-0.002566206967458129	1.0
0.0	1.0
0.0	0.127
-2.4679445687070256e-06	0.127
-0.0030831557232886553	0.0
0.0	0.0
0.0	1.0
0.0	0.05970149253731343
-9.862772820667942e-09	1.0
0.0	0.2545871559633027
0.0	0.0
-5.9461628552526236e-05	0.0
0.0	0.0
0.0	1.0
-3.780994859425846e-07	1.0
0.0	0.474
0.0	0.004
-0.0019934179726988077	1.0
0.0	1.0
-1.2415013088684645e-06	0.0
0.0	0.0
0.0	0.1575682382133995
0.0	0.131
0.0	0.0
-4.475067167416906e-14	0.004
0.0	0.004004004004004004
0.0	0.0
-4.348101356299594e-06	0.004004004004004004
0.0	1.0
0.0	1.0
-4.706470463133883e-06	1.0
-0.00039058036054484546	0.178
-0.002420596545562148	0.0
-0.022407321259379387	0.0
0.0	1.0
0.0	0.0
0.0	0.0
0.0	0.0
0.0	0.0
0.0	0.0
-0.049945369362831116	0.0
-1.0520647464318245e-07	1.0
-3.489984374027699e-05	1.0
-1.972963872276523e-07	0.004
0.0	0.0
-6.50812523872446e-07	1.0
0.0	1.0
0.0	0.0
0.0	0.0
-1.7473169577897352e-08	1.0
-5.9742218581959605e-05	0.0
0.0	0.009
-0.0016443247441202402	0.0
-2.6231076844851486e-05	1.0
0.0	0.009018036072144289
0.0	0.0
0.0	0.0020181634712411706
-8.253212399722543e-06	0.0
0.0	1.0
0.0	1.0
-0.0011323526268824935	0.031
-7.036561146378517e-05	0.0
-1.3764882567102177e-07	1.0
-0.02292509749531746	0.0
0.0	1.0
0.0	0.0
-0.0007343758479692042	0.023
-0.0027029241900891066	1.0
0.0	0.0
-7.982811633944209e-10	1.0
-0.00016475660959258676	1.0
0.0	0.0
0.0	1.0
-0.0034909371752291918	0.0
0.0	1.0
0.0	0.0
0.0	1.0
0.0	1.0
0.0	1.0
0.0	1.0
0.0	1.0
-0.0002870262833312154	0.0
0.0	1.0
-1.7084106730180793e-05	0.0
-0.07173514366149902	0.0
0.0	0.0
0.0	1.0
0.0	0.66
-0.00046875927364453673	1.0
0.0	0.0
0.0	1.0
0.0	1.0
-2.9326341177693394e-07	1.0
0.0	0.0
0.0	0.0
-9.375978882175673e-10	1.0
-4.978865627072726e-13	0.0
0.0	0.0
0.0	0.0
-4.978645847586449e-06	0.0
0.0	1.0
0.0	0.0
-3.677612039609812e-05	0.0
0.0	0.0
-0.009949255734682083	0.0
0.0	1.0
-3.416986828597146e-06	0.0
-0.0007245448068715632	0.0
0.0	0.004962779156327543
-5.578623341051525e-09	1.0
-0.00048057083040475845	0.0
0.0	1.0
0.0	0.0
0.0	0.0
0.0	0.0
0.0	1.0
0.0	0.0
0.0	0.0
0.0	0.0
0.0	1.0
0.0	1.0
-0.0003587742685340345	0.0
0.0	0.0
-0.0005352369043976068	0.0
0.0	0.387
0.0	0.0
0.0	0.0
0.0	1.0
-0.0007147314609028399	0.0
-3.74477167497389e-06	0.2543424317617866
0.0	1.0
0.0	0.0
0.0	0.027446300715990454
0.0	1.0
0.0	0.0
0.0	0.16581371545547594
-0.14086979627609253	0.0
-0.00044786190846934915	0.16581371545547594
-0.00034622865496203303	0.26136363636363635
-8.367600457859226e-06	1.0
-0.0005620784941129386	0.0
0.0	1.0
-0.018267808482050896	0.0
-0.0008014595950953662	1.0
-1.5246979273797479e-05	1.0
0.0	1.0
0.0	1.0
0.0	0.0
-2.41529614868341e-05	0.0
0.0	1.0
0.0	1.0
-0.0014090107288211584	0.0
0.0	1.0
-0.0014907355653122067	1.0
0.0	0.028
-3.8098164623079356e-08	1.0
0.0	0.0
0.0	0.0
-0.0029414757154881954	0.0
0.0	1.0
-0.0003338382812216878	0.038461538461538464
0.0	0.0
-0.017715150490403175	0.0
-0.0025092512369155884	0.0
0.0	0.0
-3.629374702995847e-07	0.0
-6.090373972256202e-06	1.0
-1.6743834407861868e-07	1.0
-5.2585226512746885e-05	0.001
0.0	1.0
-6.620661679335171e-06	0.4550561797752809
0.0	1.0
-7.913166122364146e-09	0.0
-0.009250907227396965	0.0
-4.03114827349782e-05	0.0
-0.0013826211215928197	0.0
-0.005324360448867083	0.004
-2.222719012934249e-05	1.0
-1.1048608712371788e-06	0.0
-9.907627827487886e-06	0.0
-1.9456955158148048e-08	0.0
0.0	0.208
0.0	1.0
0.0	0.22453703703703703
-0.0011375872418284416	0.22453703703703703
-9.707146091386676e-07	0.0
0.0	0.22453703703703703
0.0	0.1687344913151365
-0.000287443253910169	0.1687344913151365
0.0	1.0
0.0	0.0
-9.571440386935137e-07	1.0
0.0	1.0
-0.0019286673050373793	0.0
0.0	0.0
0.0	0.0
0.0	1.0
0.0	0.004
-0.030703049153089523	0.0
0.0	0.0
0.0	0.0
-0.0006489488296210766	0.0
0.0	1.0
0.0	0.0
-2.62303984754908e-07	0.0
0.0	1.0
-0.0002620240265969187	0.0
-0.0005512941279448569	1.0
-0.08242030441761017	0.0
-0.0013102332595735788	1.0
0.0	0.0
-0.0007077570771798491	1.0
-1.0004358045989648e-05	1.0
0.0	1.0
0.0	0.1945837512537613
-0.0003888124483637512	0.0
-4.6661149099236354e-05	1.0
0.0	0.0
0.0	0.0
0.0	0.0
-0.00048806361155584455	0.0
-0.0008200291777029634	1.0
0.0	1.0
0.0	1.0
-0.00016186191351152956	1.0
0.0	1.0
-1.4927657998597965e-09	0.0
0.0	1.0
-2.047849011432845e-05	1.0
0.0	1.0
-0.01404616516083479	0.0
0.0	0.0
0.0	0.0
-0.00010688033216865733	0.0
-2.1884684429096524e-06	1.0
0.0	1.0
0.0	0.0
0.0	0.0
0.0	1.0
0.0	0.0
-0.0019578684587031603	1.0
-0.00012886934564448893	1.0
-0.003979961853474379	0.0
0.0	0.0
-0.006431245245039463	0.0
0.0	1.0
-3.1855840632033505e-08	0.0
-2.4685895549936276e-09	1.0
-0.005539826583117247	0.0
0.0	1.0
-3.520655081956647e-05	1.0
0.0	1.0
0.0	1.0
0.0	0.0
0.0	0.0
0.0	1.0
-0.0031660592649132013	0.0
-0.00022690427431371063	1.0
0.0	1.0
-1.7086133084376343e-05	1.0
0.0	1.0
0.0	1.0
-0.001727149821817875	1.0
0.0	1.0
0.0	1.0
-3.115628715022467e-05	1.0
-0.005189759191125631	0.0
0.0	1.0
0.0	1.0
0.0	0.0
0.0	1.0
0.0	0.0
0.0	0.0
0.0	0.806
-0.0003331335901748389	1.0
0.0	0.005605381165919282
0.0	0.04065040650406504
0.0	1.0
0.0	0.0
0.0	0.0
0.0	0.0
0.0	1.0
-1.2703863831120543e-05	1.0
0.0	0.36830357142857145
-0.00012655001773964614	0.13917525773195877
0.0	1.0
0.0	1.0
-0.0026562782004475594	0.0
0.0	1.0
0.0	0.0
-1.5242315187791178e-09	1.0
-0.03979736566543579	0.0
0.0	1.0
0.0	1.0
-0.0024656509049236774	0.0
-0.005410439800471067	0.003
-0.02899228222668171	0.0
0.0	0.0
0.0	1.0
-0.0021766165737062693	0.0
0.0	1.0
0.0	0.806
0.0	1.0
0.0	0.0
0.0	0.0
-2.1313579054549336e-05	1.0
0.0	0.0
0.0	1.0
0.0	0.002506265664160401
0.0	1.0
0.0	1.0
0.0	1.0
0.0	0.0
0.0	1.0
0.0	1.0
0.0	0.0
-0.00011002826795447618	0.0
0.0	1.0
0.0	1.0
0.0	0.0
-2.46619239786805e-12	0.0
0.0	1.0
0.0	1.0
0.0	0.0
0.0	0.0
-1.9640054233605042e-05	1.0
0.0	0.0
0.0	0.0
-1.7173343302978594e-10	1.0
0.0	1.0
0.0	1.0
0.0	0.0
-0.001115442835725844	0.0
-0.0005422391695901752	1.0
0.0	1.0
0.0	1.0
-0.0005297628813423216	0.0
0.0	1.0
0.0	1.0
0.0	1.0
0.0	1.0
-0.0015059105353429914	1.0
0.0	0.0
0.0	0.0
0.0	0.127
-0.00013066815154161304	0.0
-0.0001836832525441423	1.0
-3.4928048989968374e-05	0.0
-0.03052530065178871	0.0
0.0	0.0
-6.7055821091344114e-06	0.0
-0.00019124297250527889	1.0
0.0	1.0
-0.008476164191961288	0.0
0.0	0.0
0.0	1.0
0.0	1.0
-0.006192157045006752	0.0
-0.003362929681316018	0.0
0.0	0.0
0.0	1.0
-0.0039198207668960094	0.0
0.0	0.0
-7.453278882962877e-09	1.0
0.0	0.021
0.0	1.0
-0.00041623885044828057	0.0
0.0	0.0
0.0	0.0
-0.009248503483831882	0.0
0.0	1.0
0.0	1.0
-0.00020879539079032838	0.0
-3.353233637426456e-07	0.033
-0.00011182962043676525	0.0
-2.2373610590875614e-06	0.0
0.0	0.033
-3.348966856719926e-05	1.0
0.0	0.0
0.0	0.0
-1.9847274046469465e-08	0.0
-0.00011739226465579122	0.0
0.0	1.0
-0.0007543976535089314	1.0
0.0	0.0
0.0	1.0
-7.545507969553e-07	1.0
0.0	0.0
-1.4015852478621582e-08	1.0
-4.462224012513616e-07	1.0
0.0	1.0
0.0	1.0
0.0	1.0
0.0	1.0
0.0	1.0
0.0	1.0
0.0	1.0
0.0	1.0
0.0	1.0
-9.823122672969475e-05	0.03289473684210526
-7.565581472590566e-05	0.09072164948453608
0.0	1.0
-1.5123417185236576e-08	1.0
0.0	1.0
0.0	0.0
0.0	0.0
0.0	1.0
0.0	1.0
0.0	1.0
0.0	1.0
-3.631516619861941e-06	0.010660980810234541
-4.2669914823711963e-10	1.0
0.0	0.017085427135678392
-0.0006386020104400814	1.0
-0.00012949627125635743	0.0
0.0	0.0
-1.7410380905857892e-06	1.0
0.0	0.014354066985645933
-0.00023160727869253606	1.0
-0.000664628460071981	1.0
0.0	1.0
-8.654900739202276e-06	0.0
0.0	1.0
-7.065435056574643e-05	0.0
-2.446576218062546e-05	1.0
-0.001870234264060855	0.0
-1.1168942393169345e-07	0.49294354838709675
-5.083560239427243e-08	0.4894894894894895
0.0	0.0019569471624266144
0.0	1.0
-3.5474996273876513e-09	0.0019569471624266144
-0.0019033231073990464	1.0
0.0	1.0
-0.0006979941972531378	1.0
0.0	1.0
-5.834527200931916e-06	1.0
-1.1038267075491603e-05	1.0
0.0	1.0
0.0	1.0
0.0	1.0
-2.295778176630847e-05	1.0
-8.006794814718887e-05	1.0
0.0	1.0
0.0	1.0
0.0	0.0
0.0	1.0
0.0	1.0
-4.520275524555473e-06	0.0
0.0	0.0
-0.003181096399202943	0.0
0.0	1.0
-0.000349121808540076	0.0
-0.0015427256003022194	0.22350230414746544
0.0	1.0
-0.01199667900800705	0.0
-0.003210354596376419	0.0
-0.00020930332539137453	1.0
0.0	0.005
0.0	1.0
-4.565666677081026e-05	1.0
0.0	1.0
0.0	0.0
-0.0021330637391656637	0.0
-0.0011145585449412465	1.0
-0.00011392805026844144	0.0
0.0	1.0
0.0	1.0
-0.00030547077767550945	0.0
0.0	1.0
0.0	1.0
-0.019413314759731293	0.0
0.0	1.0
0.0	0.0
0.0	0.0
-0.0064185927622020245	0.1575682382133995
0.0	0.0
0.0	0.0
0.0	1.0
0.0	1.0
0.0	1.0
0.0	1.0
0.0	0.0
-0.000444310309831053	1.0
-0.008127763867378235	0.0
-0.0002592575328890234	1.0
0.0	0.0
-0.0001328939397353679	1.0
-0.0021922059822827578	1.0
0.0	1.0
0.0	1.0
-1.1567376532184426e-05	0.20250521920668058
-0.00565717788413167	0.0
-0.0001034391243592836	0.0
-0.0004327076894696802	0.0
0.0	0.042
-0.0011722762137651443	0.0
0.0	0.0
-8.36730933428953e-08	0.0
-2.5077761165448464e-05	1.0
0.0	1.0
-9.824557491810992e-05	1.0
-0.00043650984298437834	0.0
-0.0004512587038334459	1.0
-3.250214285799302e-05	1.0
-0.0010608751326799393	0.0
-2.7900519853574224e-05	1.0
-2.0440506176555573e-08	1.0
-5.018896899855463e-06	1.0
0.0	1.0
-3.76561438315548e-05	1.0
0.0	1.0
0.0	1.0
0.0	1.0
0.0	0.0
-0.010799024254083633	0.0
-0.005497194826602936	0.0
0.0	0.0
0.0	1.0
0.0	0.806
0.0	0.0
-4.152458669135081e-18	0.0
-6.977469456614926e-05	0.0
0.0	1.0
-1.6718475990273873e-06	1.0
0.0	1.0
-3.41985426643987e-08	0.0
0.0	1.0
0.0	0.12903225806451613
-0.01035695057362318	0.0
-0.0003156411985401064	0.21555555555555556
0.0	1.0
0.0	0.194
0.0	1.0
-0.00031661472166888416	1.0
-2.1632260427395522e-07	0.0
0.0	1.0
0.0	1.0
-0.02780720964074135	0.0
0.0	1.0
-6.298760854406282e-05	1.0
-0.02470829151570797	0.0
0.0	0.0
0.0	0.22317596566523606
0.0	0.273
0.0	0.0
-1.0698392998165218e-06	0.305
-5.7042084335989784e-06	0.0
0.0	1.0
0.0	0.0
0.0	0.263
0.0	0.0
0.0	0.12903225806451613
0.0	0.136
0.0	0.0
0.0	1.0
0.0	0.16494845360824742
-0.008871241472661495	0.16494845360824742
-0.011813926510512829	0.0
-0.00012462621089071035	0.17391304347826086
0.0	1.0
0.0	0.17391304347826086
0.0	1.0
0.0	1.0
-4.769918504621273e-08	0.3018867924528302
0.0	1.0
0.0	0.0
0.0	1.0
-4.20469060841166e-16	1.0
-0.0007582406979054213	1.0
-2.151324770238716e-05	1.0
-0.016412153840065002	0.0
-0.0004735408292617649	0.0
0.0	1.0
-2.258430322399363e-05	0.0
-7.972594112670706e-11	1.0
-0.0006919572479091585	0.0
-0.00011244315828662366	0.0
-4.4109987356932834e-05	0.0
0.0	0.0
0.0	0.0
-0.0002337819169042632	0.0
0.0	0.0
0.0	1.0
-7.083829522969154e-09	1.0
0.0	1.0
0.0	1.0
0.0	1.0
-9.762038644112181e-06	0.0
0.0	1.0
0.0	1.0
-4.8423747650572224e-11	0.0
0.0	1.0
0.0	1.0
-0.002893783850595355	0.19497487437185929
0.0	0.0
0.0	1.0
0.0	1.0
0.0	1.0
0.0	1.0
0.0	0.0
0.0	0.05555555555555555
-8.487391824019141e-06	1.0
0.0	1.0
0.0	0.002
-0.0012699399376288056	0.002
0.0	1.0
-5.457655424834229e-05	0.0
0.0	1.0
-0.00038512065657414496	0.0
0.0	0.198
0.0	1.0
0.0	1.0
0.0	0.0012406947890818859
0.0	1.0
-0.024367298930883408	0.0
-1.2323095877064816e-09	0.1941941941941942
-7.004318467807025e-05	0.0012406947890818859
-5.9612288168864325e-05	0.0012406947890818859
0.0	1.0
0.0	1.0
0.0	0.001
0.0	1.0
