-0.0007188753806985915	0.0
-9.062406024895608e-05	0.0
-0.0005481058615259826	1.0
-0.0015189377591013908	0.0
-0.0030767973512411118	0.0
0.0	0.0
-0.003600939642637968	0.0
0.0	0.0
0.0	1.0
0.0	1.0
0.0	1.0
0.0	0.03480040941658137
-0.0009189075790345669	1.0
-0.1485702097415924	0.0
0.0	1.0
-0.006164249032735825	0.0
0.0	0.034
-3.5584471902438963e-07	0.0
0.0	0.0
-0.0003081688191741705	0.0
-0.002047998597845435	0.0
0.0	0.0
0.0	1.0
0.0	0.0
-7.195207207821852e-10	1.0
-0.0008892473415471613	0.0
-0.0003145477967336774	0.897
0.0	1.0
-9.192940733735583e-14	1.0
-0.0004923224332742393	0.932
0.0	1.0
0.0	0.932
0.0	1.0
0.0	1.0
-6.800265964557184e-06	0.0
-5.7021401489443235e-12	0.001
-3.597385511966422e-05	0.0
-0.001899956725537777	0.001
0.0	1.0
-0.0021559419110417366	0.0010626992561105207
0.0	1.0
-0.00014481923426501453	0.0
-0.0021345349960029125	0.0
0.0	1.0
0.0	0.0
-0.0015515792183578014	0.0
-1.5598718619003193e-06	0.0
0.0	1.0
0.0	1.0
0.0	0.0
0.0	1.0
0.0	1.0
-0.00021569545788224787	0.0
-2.8309989374974975e-06	0.08979591836734693
0.0	1.0
0.0	0.08979591836734693
0.0	0.0
0.0	0.021668472372697724
-2.11723527598906e-08	1.0
-1.0433265742904041e-05	0.01020408163265306
-0.0004996740026399493	0.01020408163265306
0.0	0.020202020202020204
-0.0033243391662836075	0.01020408163265306
-5.143797920936777e-07	0.01
-0.00030316508491523564	0.0
-0.0001933776366058737	0.0
0.0	0.0
-4.068182235528184e-08	0.052
-4.717106705243168e-10	0.052
-0.0008351100841537118	0.0
0.0	1.0
-1.9494618754833937e-05	1.0
0.0	1.0
-0.00033543212339282036	1.0
0.0	0.0
-6.465714363912411e-08	0.0
-0.0009533207048662007	1.0
0.0	0.0
-8.264766648835575e-09	0.001001001001001001
0.0	1.0
-0.0001511019072495401	1.0
0.0	0.0
0.0	0.001006036217303823
-2.2580130462301895e-05	0.001001001001001001
-0.0004288326308596879	0.0
0.0	0.0
-2.4859624318196438e-05	1.0
-0.0001825444051064551	1.0
0.0	0.0
-0.00012511386012192816	1.0
0.0	0.0
-0.00018740721861831844	0.0
-1.1348322281889978e-08	1.0
-0.0007766710477881134	1.0
-0.00011131192877655849	1.0
-3.438522617216222e-05	0.897
-0.007921253331005573	0.0
0.0	1.0
0.0	1.0
0.0	0.0
0.0	0.0
0.0	0.0
-1.0556170764175477e-06	0.16
0.0	0.0
0.0	1.0
0.0	0.01701701701701702
-0.003323568729683757	0.009
0.0	1.0
-6.843375786047545e-07	0.0
-0.0010829082457348704	0.0
0.0	0.0
0.0	0.0
-0.007529723457992077	0.014
0.0	1.0
0.0	0.0
-9.555279393680394e-05	1.0
0.0	1.0
-2.888986898597068e-07	1.0
0.0	1.0
0.0	0.0
0.0	0.0
0.0	1.0
0.0	0.031
0.0	1.0
0.0	1.0
0.0	1.0
0.0	0.897
0.0	0.0
0.0	1.0
0.0	1.0
-9.168949327431619e-05	1.0
0.0	0.0
0.0	1.0
-0.001302295713685453	1.0
-0.0005706280353479087	1.0
0.0	0.0
-1.6183191675622766e-08	1.0
-1.1305588998311578e-07	1.0
0.0	1.0
0.0	0.0
0.0	0.0
0.0	0.0
0.0	1.0
-2.9188727239670698e-06	1.0
-4.6054120517169395e-09	0.0
0.0	0.0
0.0	0.0
0.0	1.0
-0.0012359378160908818	0.0
-0.00014184386236593127	1.0
0.0	0.0
-0.0004911303403787315	1.0
0.0	0.0
0.0	0.784
0.0	0.0
0.0	1.0
0.0	0.12709030100334448
0.0	0.0
0.0	1.0
-0.00011477905354695395	1.0
0.0	1.0
-0.003841474885120988	0.0
-9.430789482678392e-10	0.897
-3.730032815951745e-08	0.0
-0.0016509979031980038	0.0
0.0	0.0
-0.004383064806461334	0.0
0.0	1.0
0.0	1.0
-7.250214548548684e-05	0.0
-0.0002709523541852832	0.0
0.0	0.0
0.0	1.0
-2.066971234171433e-07	1.0
0.0	1.0
-1.319387592957355e-06	1.0
-2.4435968953184783e-05	1.0
0.0	1.0
0.0	1.0
0.0	0.103
-4.703424929175526e-05	0.0
0.0	0.0
-7.212228865682846e-06	1.0
-6.873020907960381e-08	1.0
0.0	1.0
0.0	1.0
-0.000919276790227741	1.0
0.0	1.0
-8.945308763941284e-06	0.0
-0.002205862430855632	0.971830985915493
-0.0004563230031635612	0.7475728155339806
-0.0019772930536419153	0.0
0.0	1.0
0.0	1.0
0.0	0.0
-0.00010182239202549681	1.0
0.0	0.0
-6.377442929306198e-08	0.0
-0.007552385795861483	0.0
-0.0005880601820535958	0.0
0.0	0.033
0.0	0.033
0.0	0.03678929765886288
0.0	0.0
0.0	1.0
0.0	0.0
0.0	1.0
0.0	0.0
-0.0010298057459294796	1.0
0.0	0.018
-0.0001741735904943198	0.0
-0.013883019797503948	0.0
-0.0011260254541411996	1.0
0.0	1.0
-0.002235526219010353	0.014256619144602852
0.0	0.0
-0.0005781027721241117	0.0
-0.0010059013729915023	1.0
-2.8787326300516725e-07	0.0
0.0	1.0
0.0	1.0
0.0	0.0
0.0	0.001
-0.0004073116579093039	0.0
0.0	1.0
-8.608149801148102e-05	1.0
-0.00019342121959198266	0.0020898641588296763
0.0	0.0
0.0	1.0
0.0	1.0
-1.0351039492206837e-07	0.0
0.0	0.0
0.0	0.0
0.0	1.0
-0.000485565687995404	0.017
0.0	1.0
0.0	1.0
0.0	1.0
0.0	1.0
0.0	1.0
0.0	0.0
-0.0011829788563773036	1.0
-0.003208109177649021	0.001
0.0	0.0
0.0	0.0
-0.0019546777475625277	0.0
-3.9172253309516236e-05	0.003
-0.0003474817203823477	0.0
0.0	0.0
-0.0005148107884451747	1.0
0.0	1.0
-4.294362838663801e-07	1.0
0.0	1.0
0.0	1.0
0.0	1.0
-0.0005306901293806732	1.0
-0.0004957741475664079	0.0
0.0	1.0
-0.00023687997600063682	0.0
-0.0005180176813155413	0.0
-6.211075542772448e-10	0.0
-0.000302009197184816	0.0
0.0	0.103
0.0	0.0
0.0	1.0
0.0	0.0
-0.026950132101774216	0.0
0.0	0.0011148272017837235
0.0	0.1031031031031031
-1.52058482854045e-05	0.001
-2.7421565113538125e-14	1.0
0.0	1.0
-1.1567268920487095e-08	0.001
-0.002701140008866787	0.0
-0.0003957906155847013	0.0
-2.1745748313151125e-07	1.0
0.0	1.0
-0.00011519239342305809	1.0
0.0	0.0
0.0	0.0
0.0	1.0
-6.014929022057913e-05	1.0
0.0	0.001
-0.03280038386583328	0.0
0.0	1.0
0.0	0.0
0.0	0.024024024024024024
0.0	1.0
0.0	1.0
0.0	1.0
0.0	1.0
0.0	1.0
0.0	1.0
-0.0002480611437931657	0.0
0.0	1.0
0.0	0.0
0.0	1.0
-0.00037759545375593007	1.0
0.0	0.0
-0.001242073718458414	1.0
0.0	0.027
0.0	0.0
-0.004458075389266014	0.0
0.0	1.0
0.0	0.0
-0.0007148115546442568	1.0
-0.02254846692085266	0.0
-9.626949577068444e-06	1.0
0.0	1.0
0.0	0.0
0.0	0.0
-0.004001600667834282	0.0
-2.65423309997459e-08	0.0
0.0	0.0
0.0	0.0
0.0	0.0
0.0	0.0
0.0	1.0
-1.3592162950715192e-09	1.0
0.0	0.0
-0.0019141837256029248	1.0
-0.0005315573653206229	1.0
0.0	1.0
0.0	0.0
0.0	0.0
-0.01097598485648632	0.0
0.0	0.0
-0.0003303439007140696	1.0
0.0	0.897
-2.4173179554054514e-05	0.897
0.0	0.0
0.0	0.0
0.0	0.0
-1.8920580657777464e-07	1.0
0.0	1.0
-3.4805485483957455e-05	1.0
0.0	1.0
-0.004748634994029999	0.0
0.0	1.0
-0.0012879587011411786	0.0
0.0	1.0
0.0	1.0
0.0	0.0
-0.00013699723058380187	0.0
0.0	1.0
-1.0715022654039785e-05	0.21285140562248997
0.0	0.0
-0.00042224035132676363	1.0
0.0	0.103
-0.0002927305467892438	0.0
0.0	0.0
0.0	1.0
0.0	0.0011148272017837235
-1.0388654118287377e-05	1.0
0.0	0.001095290251916758
-0.013828952796757221	0.0
0.0	0.0
0.0	1.0
-0.001852965448051691	0.0033444816053511705
0.0	1.0
0.0	1.0
0.0	1.0
-9.650792890170123e-06	0.0
0.0	1.0
-0.1329840123653412	0.0
0.0	1.0
-2.9631364668603055e-05	0.0
-4.011070523372352e-16	0.0
0.0	1.0
-6.124818173702806e-05	0.0
0.0	1.0
-2.1054424905742053e-06	1.0
0.0	0.0
0.0	1.0
0.0	1.0
0.0	1.0
0.0	1.0
-0.002680530771613121	0.0
0.0	1.0
-0.0005495497025549412	1.0
-0.0010336218401789665	0.0
0.0	1.0
0.0	0.0
-3.122752900708292e-08	1.0
-1.0926121986332138e-11	1.0
0.0	1.0
0.0	0.0
0.0	1.0
0.0	0.0
-4.169503154116683e-05	0.0
0.0	0.0
0.0	0.784
0.0	1.0
0.0	0.0
-1.3783394479105482e-06	0.0
-0.006179741118103266	0.35648148148148145
0.0	1.0
0.0	0.0
0.0	0.0
0.0	1.0
0.0	1.0
-0.003605852834880352	0.0815677966101695
0.0	0.056508577194752774
0.0	0.0
-2.1907281677613355e-07	1.0
-0.00042854886851273477	1.0
0.0	1.0
-2.576715951718711e-09	1.0
0.0	1.0
-0.0001240086421603337	0.0
-0.004028871189802885	0.0
0.0	0.0
-0.0009083625045605004	1.0
-1.0120773552557694e-08	1.0
-2.7977911543075606e-08	1.0
-1.5638901459169574e-05	0.0
-0.0007786689093336463	1.0
0.0	0.0
0.0	1.0
-0.0007351073436439037	0.0
0.0	0.0
0.0	1.0
0.0	0.0
0.0	1.0
-0.0017833965830504894	0.0
-1.6383075944759184e-06	1.0
0.0	0.923
0.0	0.4444444444444444
0.0	0.0
0.0	1.0
0.0	0.0
0.0	1.0
0.0	0.02823018458197611
-1.5033914113615765e-09	0.0
-0.004448937717825174	0.0
-1.7230269804713316e-05	0.0
-3.2014777389122173e-06	1.0
-6.760085852874909e-06	1.0
0.0	1.0
0.0	0.0
-2.607255373732187e-05	0.0
0.0	1.0
-1.7896622011903673e-05	1.0
0.0	1.0
0.0	1.0
0.0	0.011
0.0	0.011
0.0	1.0
0.0	0.0
-2.5143185311549132e-09	1.0
-0.00014948142052162439	1.0
-1.8729275075290985e-10	0.0
-0.0012699267826974392	0.0
-0.0011839047074317932	0.0
-0.007203602697700262	0.0
0.0	1.0
-0.0018228028202429414	0.0
-0.004881539382040501	0.0
-1.5340848591449685e-08	0.0
0.0	1.0
-0.005776403471827507	0.0
0.0	1.0
-0.006158124189823866	0.0
0.0	0.0
-0.0016995411133393645	0.0
-0.004189847968518734	0.0
0.0	1.0
0.0	1.0
-0.016838278621435165	0.0
-6.749306749043171e-07	1.0
0.0	1.0
-0.03058830089867115	0.0
0.0	1.0
0.0	1.0
0.0	0.0
0.0	1.0
0.0	0.2524271844660194
0.0	0.0
0.0	0.0
0.0	0.0
0.0	1.0
0.0	1.0
0.0	1.0
0.0	0.005
-1.0512131893847254e-06	0.002008032128514056
-0.00013015716103836894	0.0
0.0	1.0
-2.0801012821924925e-12	1.0
0.0	0.0
0.0	1.0
0.0	0.004008016032064128
0.0	1.0
0.0	1.0
-1.1391375664970838e-05	1.0
-0.0003968780511058867	0.0
0.0	0.010112359550561797
0.0	0.0
0.0	1.0
-0.014255923219025135	0.0
0.0	1.0
-0.00222361390478909	0.0010030090270812437
0.0	1.0
-0.014861032366752625	0.0
-4.967192889643313e-12	1.0
0.0	1.0
-0.0008349641575478017	0.0
0.0	0.059
-1.958821993497395e-09	0.0
0.0	0.0
0.0	0.003
0.0	0.0
0.0	1.0
-2.144085464728107e-10	1.0
0.0	1.0
-0.0007728286436758935	1.0
-0.00030882784631103277	0.0
-0.00042685336666181684	0.0
-0.000554958067368716	0.0
0.0	0.897
-4.5219536559670814e-08	1.0
0.0	0.0
0.0	0.0
0.0	0.0
0.0	0.0
0.0	1.0
0.0	1.0
-8.84623295860365e-06	1.0
0.0	1.0
-0.00027517136186361313	0.0
-0.004230128135532141	0.0
-1.0350721169061217e-07	0.011627906976744186
-4.408524603149999e-07	1.0
0.0	1.0
0.0	0.026026026026026026
0.0	1.0
-2.527828655729536e-06	0.015400410677618069
-0.00022486284433398396	1.0
0.0	1.0
0.0	1.0
-0.008694563992321491	0.0
0.0	0.011627906976744186
0.0	0.0
0.0	0.0
0.0	0.0
0.0	0.0
-0.00010763019236037508	0.0
-0.0010328844655305147	0.0
0.0	0.07272727272727272
0.0	0.0
0.0	0.0
-0.008032364770770073	0.008
0.0	0.0
-0.00161185662727803	0.0
0.0	0.0
-0.0035042976960539818	0.0
0.0	0.0
0.0	0.0
-6.006079274811782e-05	1.0
-0.00010425231448607519	1.0
-0.00056579610100016	0.0
-0.014228936284780502	0.0
-0.0005371657898649573	1.0
0.0	0.897
0.0	1.0
0.0	1.0
-1.3173959814594127e-05	1.0
0.0	1.0
0.0	0.0
-3.250763984397054e-05	0.001
0.0	1.0
0.0	0.0
-1.239777157024946e-05	0.0
0.0	1.0
-1.6937952750595286e-05	1.0
-0.0007091508596204221	0.0
0.0	1.0
0.0	0.0
0.0	1.0
-8.811047155177221e-05	1.0
0.0	0.0
0.0	1.0
0.0	1.0
-0.00029403073131106794	0.0
0.0	1.0
0.0	0.0
-0.00017312528507318348	0.004459308807134894
0.0	0.0
-1.4223474842367523e-08	1.0
-1.6393317991969525e-06	1.0
0.0	0.0
-0.015046211890876293	0.0
0.0	0.0
0.0	1.0
0.0	1.0
0.0	0.0
0.0	1.0
0.0	1.0
0.0	0.0
0.0	1.0
0.0	0.0529595015576324
0.0	0.0
0.0	1.0
-0.0001134980411734432	0.0
-0.0007555908523499966	0.0
-4.6805207603028975e-06	0.18686868686868688
-6.992982193310127e-09	1.0
0.0	0.0
0.0	1.0
-9.649800176703138e-07	1.0
0.0	0.0
0.0	0.0
-5.005006642022636e-06	0.0
0.0	1.0
0.0	0.0
0.0	1.0
-0.0045679532922804356	0.0
-0.05506014823913574	0.0
-0.013900689780712128	0.0
0.0	0.0
0.0	1.0
0.0	0.0
0.0	0.0
0.0	0.0
0.0	0.0
-0.001571969361975789	0.0
-0.005382800940424204	0.0
-0.0014035503845661879	0.0
-0.002023935317993164	1.0
-7.877924872445874e-06	0.32786885245901637
0.0	0.11746680286006128
-4.439118129084818e-05	0.26947637292464877
0.0	1.0
-4.16001148551004e-06	0.0
-9.989014506572857e-05	1.0
-0.0005650956300087273	0.001
-4.858822649111971e-06	1.0
0.0	1.0
0.0	0.0
0.0	0.0
0.0	1.0
-0.03504262864589691	0.0
-2.0341806816759345e-07	1.0
0.0	0.0
0.0	0.077
0.0	1.0
0.0	1.0
0.0	1.0
-0.00037652108585461974	0.0
0.0	0.0
0.0	1.0
-5.763705068773106e-09	1.0
-6.303600912360707e-06	1.0
0.0	0.0
0.0	1.0
-9.484916517976671e-05	1.0
0.0	0.0
0.0	0.0
0.0	1.0
-3.048875805689022e-05	0.0
0.0	0.002229654403567447
0.0	0.0
0.0	0.0
0.0	0.932
-0.0002978607080876827	0.0
0.0	0.0
0.0	0.0
