-0.0008886864525265992	0.0
0.0	1.0
0.0	0.0
0.0	0.0
0.0	0.0
0.0	0.0
-0.0003187619731761515	1.0
-6.759799664468602e-11	1.0
-4.148195102970931e-07	1.0
-0.006129996385425329	0.0
0.0	1.0
-1.223645824666164e-07	1.0
0.0	1.0
-7.833941828572222e-11	1.0
-1.0298947472620057e-08	0.0
-5.869166557204153e-07	0.0
0.0	0.0
0.0	0.0
-0.0001526716660009697	0.786
0.0	0.0
-0.00044553724001161754	0.786
0.0	1.0
-3.0020799385965802e-05	1.0
-4.193214220293839e-09	1.0
-3.424515853112098e-06	0.0
0.0	1.0
-7.152795296860859e-05	1.0
0.0	1.0
-9.12474570213817e-05	0.0
0.0	0.013
0.0	1.0
0.0	1.0
0.0	0.007352941176470588
-1.8989201180374948e-06	1.0
-0.0019581997767090797	0.0
-3.3499181881779805e-05	0.0
0.0	1.0
-0.0015656830510124564	1.0
0.0	1.0
0.0	0.0
0.0	1.0
-0.0018882305594161153	1.0
0.0	1.0
-9.160883564618416e-06	1.0
0.0	1.0
0.0	1.0
-3.10075347442762e-06	1.0
0.0	0.0
0.0	0.0
-0.0017019801307469606	1.0
0.0	0.0
-0.0016389688244089484	1.0
0.0	0.0
0.0	1.0
0.0	1.0
0.0	0.0
0.0	1.0
-8.082838576228824e-06	1.0
-0.0005596609553322196	1.0
-0.003649295074865222	0.0
-0.00011146575707243755	0.0
-0.02214384451508522	0.0
0.0	0.0
0.0	1.0
0.0	1.0
0.0	0.0
0.0	0.035
0.0	0.0
0.0	0.004
0.0	1.0
0.0	1.0
0.0	1.0
0.0	1.0
0.0	1.0
0.0	1.0
-7.606854524055962e-07	1.0
0.0	1.0
0.0	1.0
0.0	0.0
-0.0001111888195737265	0.0
-0.0005629985244013369	1.0
0.0	1.0
0.0	1.0
0.0	1.0
-7.127817980290274e-08	0.0
-0.00012951286043971777	1.0
-9.503213505013264e-08	0.0
-0.00019631462055258453	0.0
0.0	1.0
0.0	1.0
0.0	1.0
-7.581869431305677e-05	0.0
-1.859683631047493e-12	1.0
-0.0020109927281737328	0.0
0.0	0.001
0.0	1.0
0.0	0.0
-5.3235051922229104e-08	0.0
-5.0424871005816385e-05	0.0
-9.92364584817551e-06	1.0
0.0	0.0
-7.359148639807245e-06	1.0
0.0	1.0
-0.00026227932539768517	1.0
0.0	0.00404040404040404
0.0	0.0
0.0	1.0
-2.5828541083683376e-07	0.0
0.0	1.0
0.0	0.0
0.0	0.393
0.0	0.393
-7.205653039304635e-14	1.0
0.0	0.0
-0.0001992781035369262	1.0
-1.0654726233239042e-11	1.0
-0.00012243707897141576	0.0
-0.0012662500375881791	0.0
0.0	0.0
0.0	1.0
0.0	0.0
-0.00039740512147545815	1.0
-0.002663287566974759	0.0
0.0	1.0
0.0	1.0
-0.0010631663026288152	1.0
-0.0014884163392707705	0.0
0.0	0.0
0.0	1.0
-0.06757081300020218	0.0
0.0	1.0
0.0	1.0
0.0	0.0
0.0	1.0
-0.00018915841064881533	0.048
0.0	0.0
0.0	0.0
0.0	0.048
-1.7186222976306453e-05	1.0
-1.3826189388055354e-05	1.0
0.0	1.0
0.0	1.0
0.0	0.0
0.0	1.0
0.0	1.0
0.0	1.0
0.0	1.0
0.0	0.0
-0.00019720442651305348	1.0
-5.73271883297366e-08	0.0
-0.001273157075047493	0.0
0.0	1.0
0.0	1.0
-3.730221465048089e-07	1.0
0.0	0.0
-0.0002254276187159121	1.0
0.0	1.0
0.0	0.0
0.0	0.0
0.0	1.0
-3.7090667319716886e-05	1.0
-2.9924981936879647e-10	1.0
0.0	1.0
0.0	1.0
-4.1954449443437625e-06	0.0
-0.00655763503164053	0.0
0.0	1.0
0.0	1.0
0.0	1.0
0.0	0.0
0.0	1.0
0.0	1.0
-8.250746031990275e-05	1.0
0.0	1.0
0.0	1.0
0.0	1.0
-6.951901013962924e-05	0.0
0.0	1.0
0.0	1.0
-0.0027670275885611773	0.0
0.0	0.0
0.0	0.0
-2.337407750019338e-05	1.0
0.0	0.0
0.0	0.0
0.0	1.0
0.0	1.0
-0.008223112672567368	0.0
0.0	1.0
0.0	1.0
0.0	0.0
0.0	0.0
0.0	1.0
0.0	1.0
0.0	1.0
-9.670452527643647e-07	1.0
0.0	0.0
0.0	1.0
0.0	0.0
-6.455613402067684e-06	1.0
-6.803582073189318e-05	0.04008016032064128
0.0	1.0
-3.6084881571696314e-07	1.0
0.0	0.0
0.0	0.0
-3.2755262964201393e-06	1.0
-1.6185442291316576e-05	0.0
0.0	1.0
0.0	0.086
0.0	1.0
0.0	0.0
0.0	0.0
0.0	1.0
-2.9106067245265876e-07	0.0017301038062283738
0.0	1.0
0.0	0.0
0.0	0.001718213058419244
0.0	1.0
-2.6893941296179946e-08	1.0
-0.000263897207332775	1.0
0.0	0.0
-3.952908173232572e-06	0.02914572864321608
-9.165862138615921e-05	0.0
0.0	1.0
-0.0005523603758774698	0.031868131868131866
-2.6483646706765285e-06	0.09394572025052192
0.0	1.0
0.0	1.0
-6.876141560496762e-05	0.0
-0.0005140127032063901	1.0
-7.209548016362533e-07	0.0
0.0	1.0
0.0	1.0
0.0	0.0
0.0	1.0
-5.298578242829421e-10	0.0
-0.00038910514558665454	0.0
-3.667580017463479e-08	1.0
0.0	0.0
0.0	0.0
0.0	0.0
0.0	1.0
0.0	1.0
-0.0003922398900613189	1.0
-2.068707090074895e-06	0.027
0.0	1.0
0.0	0.0
-0.01300592627376318	0.0
0.0	0.0
0.0	0.0010277492291880781
0.0	1.0
0.0	0.0
-1.1397724986039748e-09	1.0
-4.873119905823842e-05	1.0
-4.2917559994748444e-07	0.004
0.0	0.0
-1.5189259556791512e-06	0.389
0.0	1.0
0.0	0.389
-2.415865196780942e-07	1.0
0.0	1.0
0.0	0.0
0.0	1.0
0.0	1.0
0.0	1.0
0.0	0.0
0.0	1.0
0.0	0.0
0.0	0.0
-0.00012542704644147307	0.0
-0.005250347778201103	0.0
0.0	0.131
-0.012660074047744274	0.0
-1.5715049261899594e-09	0.549
-2.040654534241071e-09	1.0
0.0	1.0
-0.02232658676803112	0.0
-1.5635854156564877e-12	0.002
-0.0014299362665042281	1.0
-6.309083983069286e-05	1.0
0.0	1.0
-0.0002089951012749225	1.0
0.0	0.0020222446916076846
0.0	0.0020387359836901123
-6.735638453392312e-05	0.01903807615230461
-1.2368633406367735e-06	0.0
0.0	1.0
-0.0030382066033780575	0.0020222446916076846
0.0	0.0020222446916076846
0.0	1.0
0.0	1.0
-0.0012685692636296153	1.0
-3.2150299375643954e-05	0.0
0.0	0.0
0.0	1.0
-0.006501007359474897	0.0
0.0	0.0
0.0	1.0
0.0	1.0
0.0	1.0
0.0	1.0
0.0	1.0
-2.7080806830781512e-05	0.0
0.0	0.0
0.0	1.0
-1.3824974303133786e-06	0.0
-3.8254216461197643e-10	0.012133468149646108
0.0	0.011133603238866396
0.0	0.011133603238866396
0.0	0.011144883485309016
-2.691426971068722e-06	0.011144883485309016
0.0	0.01314459049544995
-0.00031219504307955503	0.043
-0.002003624103963375	0.0
-0.0001010032938211225	0.001034126163391934
0.0	0.3943377148634985
-0.0003674433392006904	0.3943377148634985
-9.057725378625037e-07	0.039663461538461536
-9.974464774131775e-06	1.0
0.0	0.0
0.0	1.0
0.0	0.0
-0.00014299529721029103	1.0
-1.81228841711345e-07	1.0
0.0	1.0
-9.67640444287099e-05	0.0
-0.00047759184963069856	0.0
-3.0456278636847856e-06	0.0
0.0	1.0
-0.005020311567932367	0.0
-0.0006485668709501624	0.0
-3.9481830071963486e-07	0.0
0.0	1.0
-9.33628689381294e-05	1.0
-0.0012676449259743094	1.0
-0.0012543508782982826	1.0
0.0	0.0
-0.008961692452430725	0.0
0.0	0.5294117647058824
0.0	1.0
0.0	0.0
0.0	0.001
0.0	1.0
-0.001349548576399684	1.0
0.0	0.0
0.0	0.031
0.0	1.0
0.0	0.006191950464396285
-0.00019530415011104196	0.03118712273641851
-0.0011747495736926794	1.0
0.0	1.0
-0.00015227976837195456	0.0
-0.0001964760886039585	1.0
0.0	1.0
-0.03933342173695564	0.0
0.0	0.0
-4.978042397851823e-06	1.0
0.0	0.003
-0.009472493082284927	0.0
-0.0038140013348311186	0.0
-1.317165583714086e-06	0.0
0.0	0.0
-0.00017684725753497332	1.0
0.0	1.0
0.0	0.0
0.0	0.005
0.0	0.005
0.0	0.0
-4.82843043325687e-10	0.0
-2.674081088116509e-06	1.0
0.0	0.0
0.0	1.0
0.0	0.0
-0.00385247147642076	0.0
0.0	1.0
0.0	0.0
-0.0003884714387822896	0.0
0.0	1.0
0.0	1.0
0.0	1.0
0.0	0.001
0.0	0.0
0.0	0.023
0.0	0.06940874035989718
0.0	0.0
-0.00011287278903182596	1.0
-0.007311087101697922	0.0
0.0	1.0
0.0	1.0
0.0	1.0
0.0	0.582
-3.801370773715007e-09	0.582
0.0	1.0
-0.0003374021325726062	1.0
0.0	0.0
0.0	1.0
0.0	0.0
-0.00015988752420525998	1.0
-0.00046158937038853765	0.0
-2.7565763957682066e-05	1.0
-0.0017647286877036095	0.0
0.0	1.0
-0.044601328670978546	0.0
0.0	1.0
-7.479191845050082e-05	1.0
0.0	0.0
0.0	1.0
0.0	1.0
0.0	1.0
-0.0024315696209669113	0.0
0.0	1.0
0.0	0.0
-0.0011288576060906053	0.0
0.0	0.418
0.0	0.0
0.0	0.0
0.0	0.0
0.0	0.0
-6.466636114055291e-05	0.0
-0.0006188981933519244	1.0
-1.796187234504032e-06	1.0
0.0	0.0
0.0	1.0
-0.001679272623732686	0.551
0.0	0.551
0.0	1.0
0.0	0.0
-5.261046709392758e-09	1.0
0.0	0.0
0.0	0.0
-5.856038478668779e-05	1.0
0.0	1.0
0.0	0.0
0.0	1.0
0.0	0.0
0.0	1.0
-0.0074143498204648495	0.0
-4.7328182262162954e-08	1.0
0.0	1.0
0.0	1.0
0.0	0.005
0.0	0.005
0.0	1.0
0.0	0.0
-1.7765445647910383e-07	1.0
0.0	1.0
0.0	1.0
0.0	1.0
0.0	1.0
0.0	0.001001001001001001
0.0	1.0
-2.991492920045857e-08	1.0
-0.0013416268629953265	1.0
-0.0052576614543795586	0.0
0.0	1.0
0.0	1.0
0.0	0.0
0.0	0.0
-0.0019318540580570698	1.0
0.0	0.0
0.0	0.0
-0.0010313860839232802	0.0
0.0	0.0
-8.365303074242547e-05	0.0
-4.332401294959709e-05	0.0
0.0	1.0
0.0	1.0
0.0	0.0
0.0	0.067
0.0	0.0
-0.0004733508394565433	0.067
0.0	0.0
-0.0009402467403560877	0.043
-5.7348734117113054e-05	1.0
-1.6912524358758674e-07	1.0
-3.151401917200758e-10	1.0
-0.0005088326870463789	0.0
0.0	0.0
0.0	0.0
0.0	0.0
0.0	1.0
0.0	1.0
0.0	1.0
0.0	0.0
-0.0004306172195356339	0.0
0.0	1.0
-0.0026976822409778833	0.0
0.0	0.0
0.0	1.0
0.0	0.0
0.0	1.0
-2.9851270255676354e-07	0.0
-4.323379835113883e-05	0.01
-0.015519089065492153	0.0
0.0	1.0
-3.0337798762047896e-07	1.0
-6.676853081444278e-05	0.0
0.0	1.0
0.0	0.0
-0.028846142813563347	0.0
-2.5739964826243522e-08	0.0
-0.00039057558751665056	0.0
-0.00017338125326205045	1.0
0.0	0.0
-8.881234680302441e-05	0.0
0.0	1.0
0.0	0.0
0.0	0.0
-4.872844669989718e-07	0.0
0.0	0.0
0.0	1.0
-3.3529443110857926e-10	0.0
-0.025116506963968277	0.0
0.0	0.0
-0.00712449150159955	0.0
0.0	0.0
-0.0025291969068348408	1.0
0.0	0.0
-1.7453720760340907e-11	0.0
0.0	1.0
0.0	1.0
-0.002800620160996914	0.0
-0.0037758885882794857	0.0
0.0	1.0
0.0	0.0
0.0	1.0
0.0	1.0
0.0	1.0
-0.0001565023703733459	0.0
-4.456266537999909e-07	0.0
-1.324064839991479e-07	1.0
-6.047382612450747e-06	1.0
0.0	1.0
-0.009069723077118397	0.0
0.0	0.0
0.0	1.0
-4.5775199396302924e-05	1.0
-0.0008991440990939736	0.007223942208462332
0.0	1.0
0.0	0.0
0.0	0.035
0.0	0.0
-0.014363046735525131	0.0
-1.7417483832105063e-05	0.267
-0.0003491709940135479	1.0
-0.0011083438294008374	0.001
0.0	1.0
-3.003832716785837e-05	1.0
0.0	0.0
0.0	1.0
0.0	0.0
0.0	1.0
0.0	1.0
0.0	1.0
0.0	1.0
0.0	1.0
0.0	1.0
-5.6581331591587514e-05	0.0
0.0	0.0
-0.0011384704848751426	0.0
0.0	1.0
-9.998225141316652e-05	0.115
0.0	1.0
0.0	1.0
0.0	1.0
0.0	1.0
-1.212553257801119e-07	0.0
-0.0012191489804536104	0.0
0.0	1.0
0.0	1.0
0.0	1.0
-0.000602019892539829	1.0
-0.021568255499005318	0.0
-1.6854967554991163e-07	0.0
-0.004061910789459944	0.0
-1.465907075726136e-06	0.07723995880535531
0.0	1.0
-6.512833351735026e-05	1.0
0.0	1.0
0.0	1.0
0.0	1.0
-5.682056780642597e-08	1.0
0.0	0.0
-6.946981011424214e-05	1.0
-0.002721844706684351	0.029
0.0	0.0
0.0	1.0
0.0	1.0
-4.562538833852159e-06	0.0
0.0	0.0
-9.135348227573559e-05	1.0
-0.0014803699450567365	0.0
-0.0033036607783287764	0.0
0.0	1.0
0.0	0.029
-9.09896641587693e-07	1.0
0.0	1.0
0.0	0.0
0.0	1.0
0.0	0.0
0.0	1.0
0.0	0.0
0.0	1.0
0.0	1.0
0.0	1.0
-0.014751606620848179	0.0
-1.28304473037133e-05	1.0
0.0	1.0
0.0	1.0
0.0	1.0
-0.009549138136208057	0.0
0.0	1.0
-0.0002773455926217139	1.0
-0.08176456391811371	0.0
-0.005812664981931448	0.0
0.0	1.0
-0.0012230233987793326	1.0
-0.001086168340407312	1.0
-5.654791311826557e-05	0.0
-6.292420380304975e-07	1.0
-0.014739195816218853	0.0
0.0	1.0
0.0	1.0
0.0	0.0
-1.6141305536621076e-07	1.0
0.0	0.0
0.0	0.0
0.0	1.0
0.0	1.0
0.0	1.0
0.0	0.0
0.0	1.0
-0.00023070872703101486	0.0
-0.0013392774853855371	1.0
-1.5841138747418881e-06	1.0
0.0	1.0
0.0	1.0
0.0	0.0
