0.0	1.0
0.0	1.0
0.0	0.0
0.0	1.0
-0.003257842967286706	0.0
0.0	1.0
0.0	1.0
0.0	0.0
-0.005391588434576988	1.0
0.0	1.0
0.0	0.132
0.0	1.0
-2.666183940291944e-10	0.0
0.0	0.0
-1.1445588370406767e-06	0.0
-0.030480168759822845	0.0
0.0	0.0
0.0	0.0
0.0	0.0
0.0	1.0
-0.036422234028577805	0.0
0.0	0.0
0.0	1.0
0.0	1.0
0.0	0.0
0.0	1.0
-4.357007199473628e-08	1.0
0.0	0.0
-0.00027614569989964366	1.0
-9.82843744168349e-07	0.0
-0.0037087516393512487	1.0
0.0	1.0
-1.0824221590155503e-06	1.0
0.0	1.0
-2.670076128197252e-06	0.01642710472279261
0.0	1.0
0.0	1.0
0.0	0.868
-0.0009197595645673573	1.0
0.0	1.0
0.0	1.0
0.0	1.0
-7.269936759257689e-05	0.0
0.0	0.0
0.0	1.0
0.0	1.0
-9.174555998470169e-06	1.0
-0.012579222209751606	0.0
0.0	0.132
-0.00019282019638922065	1.0
0.0	1.0
0.0	0.564
-4.018284471385414e-06	0.0
-2.2424796952691395e-07	1.0
-5.088798570795916e-05	0.004073319755600814
-9.156098712992389e-06	0.0
0.0	0.0
0.0	0.0
-0.00823731254786253	0.0
-0.00041331094689667225	1.0
0.0	1.0
0.0	0.0
0.0	0.0
0.0	0.0
-0.008164790458977222	0.0
-1.644992408955659e-07	0.2727272727272727
0.0	1.0
0.0	1.0
-0.0011582659790292382	0.0
-0.0017016814090311527	0.0
0.0	1.0
0.0	0.001
0.0	0.0
0.0	0.0
0.0	0.0010141987829614604
-0.0010804318590089679	0.0
0.0	1.0
-0.0019419569289311767	0.01701701701701702
-2.8500569897005334e-05	0.0
0.0	1.0
0.0	0.0044994375703037125
0.0	0.0
0.0	0.010638297872340425
0.0	0.0
0.0	0.0
-1.2220708889287835e-09	0.0
-3.153553552692756e-05	0.005
0.0	0.0
-0.0001266288454644382	0.0
0.0	0.0
0.0	0.0
0.0	1.0
0.0	1.0
0.0	1.0
-2.1862035792796775e-10	0.0
0.0	1.0
0.0	0.2465437788018433
0.0	0.214
-0.00042980496073141694	0.0
0.0	0.05
0.0	0.0
0.0	0.043
-0.0006019601132720709	0.047045951859956234
0.0	0.047045951859956234
0.0	0.0
-1.7276239304919727e-05	0.0
-1.96135624719318e-05	1.0
0.0	1.0
0.0	1.0
0.0	1.0
-2.311992943759833e-07	0.0
-1.8188615058534197e-08	1.0
-0.026942158117890358	0.0
-0.009465339593589306	0.0
-1.6223800969328295e-08	1.0
-0.0003404020390007645	0.3067608476286579
0.0	0.01293103448275862
0.0	0.0
-6.787216477732727e-08	0.0
-2.3863703972892836e-05	0.0
0.0	0.0
0.0	1.0
-1.7458037859796605e-07	1.0
0.0	0.0
0.0	1.0
0.0	0.0
-0.00019671603513415903	0.0
0.0	1.0
0.0	0.0
0.0	1.0
0.0	0.0
0.0	1.0
-3.3334772524540313e-06	0.0
0.0	0.0
0.0	1.0
-2.1512696548597887e-06	1.0
-2.387932727287989e-05	0.0
-6.938351475582749e-07	0.0
0.0	1.0
-0.00048123474698513746	0.0
0.0	0.0
-0.00017794125596992671	0.0
0.0	1.0
-0.00034024432534351945	1.0
0.0	0.0
-0.0009603257058188319	1.0
0.0	0.0
0.0	0.0
0.0	0.0
0.0	0.0
0.0	1.0
-2.2435374376073014e-06	1.0
0.0	1.0
0.0	1.0
0.0	1.0
0.0	0.0
-0.002543005160987377	0.035
-0.00014168332563713193	0.041474654377880185
0.0	1.0
-0.0014740892220288515	0.0
0.0	0.0
0.0	1.0
0.0	0.0
-9.495115591562353e-06	1.0
0.0	0.0
-0.00011887821892742068	1.0
-0.0016365803312510252	0.0
0.0	1.0
0.0	0.0
-3.994000962848077e-06	1.0
-9.878106357064098e-05	0.0
0.0	0.0
-2.4871174900908954e-05	0.0
0.0	1.0
-0.0017633187817409635	0.0
-0.0003949621750507504	0.0
0.0	1.0
-0.0003068304213229567	1.0
-0.0026311883702874184	0.0
0.0	0.0
0.0	0.0
0.0	0.0
0.0	1.0
0.0	1.0
-0.0016243690624833107	1.0
-2.0907873476971872e-05	0.0
-0.0032436870969831944	0.0
0.0	1.0
0.0	1.0
0.0	1.0
-2.2755104964744532e-06	1.0
-1.2526629689091351e-05	1.0
-0.0004659837868530303	1.0
0.0	0.2236842105263158
0.0	0.01540436456996149
0.0	0.0
0.0	0.0
-1.236173563512466e-08	1.0
0.0	1.0
0.0	0.01540436456996149
-4.7097550122998655e-05	0.2236842105263158
-0.0010759109864011407	1.0
0.0	0.0
0.0	0.027522935779816515
0.0	0.027522935779816515
0.0	0.0
-0.002201433526352048	0.024193548387096774
0.0	0.0
0.0	0.0
0.0	1.0
0.0	1.0
-3.0745024560019374e-05	0.019585253456221197
0.0	0.01701701701701702
0.0	0.01701701701701702
-0.0009533134289085865	1.0
-0.00811520591378212	0.001017293997965412
-0.0006341439438983798	0.0
-0.00027925209724344313	0.01675977653631285
0.0	1.0
0.0	0.085
-2.075877637253143e-05	0.0
0.0	1.0
0.0	1.0
0.0	0.0
0.0	1.0
-3.958055458497256e-05	1.0
0.0	0.0
0.0	1.0
0.0	0.0
-2.9396160243777558e-05	1.0
0.0	0.00576036866359447
0.0	0.0
0.0	0.0
-1.556981432671023e-09	0.0
-0.0021699401549994946	0.30614300100704933
0.0	0.0
0.0	0.0
-1.5448906154347242e-08	0.0
0.0	0.0
0.0	0.0
-0.0003795112716034055	0.0
0.0	0.0
0.0	1.0
0.0	0.0
0.0	0.045307443365695796
0.0	0.045307443365695796
-0.00031239193049259484	0.0
0.0	0.0
-0.0006138456519693136	0.0
-3.926755380234681e-05	0.045307443365695796
-0.0034213699400424957	0.0
0.0	1.0
0.0	1.0
-9.147418066068891e-12	1.0
0.0	0.0
0.0	1.0
-0.0006642574444413185	0.0
0.0	0.0
0.0	0.0
-0.0005098369438201189	1.0
-1.72391355590662e-05	1.0
0.0	0.0
0.0	1.0
0.0	1.0
0.0	0.07513416815742398
-7.028601976344362e-05	0.34773869346733666
0.0	0.0
-0.0006216797046363354	0.0
0.0	0.0
-1.932314808072988e-05	1.0
0.0	1.0
0.0	0.436
0.0	0.0
0.0	1.0
0.0	1.0
0.0	0.0
0.0	1.0
-2.4240685903009762e-08	0.13319878910191726
-0.00012657715706154704	0.029605263157894735
0.0	0.13319878910191726
-0.0010614010971039534	1.0
-4.659849537347327e-07	1.0
-1.6839634326970554e-06	0.0
-3.562480865859641e-10	0.0
0.0	1.0
0.0	1.0
-5.503595275513362e-06	1.0
-0.0001304552424699068	0.0
0.0	1.0
0.0	0.0
0.0	1.0
-0.0004796658759005368	0.153
0.0	1.0
-0.00023631738440599293	0.0
-1.5269852937649375e-08	0.0
-4.412157431943342e-05	1.0
0.0	1.0
0.0	0.0017730496453900709
0.0	0.0017730496453900709
0.0	0.333
0.0	1.0
-0.023718109354376793	0.0017730496453900709
-0.00010120176739292219	0.0
0.0	1.0
-0.0005585717735812068	1.0
0.0	1.0
0.0	1.0
-0.0023640706203877926	0.0
0.0	1.0
0.0	0.0
0.0	0.564
0.0	0.0
0.0	0.0
-7.139040025805343e-09	1.0
-7.323751924559474e-05	1.0
-0.0022667793091386557	0.0
0.0	1.0
0.0	1.0
0.0	0.0
0.0	0.0
0.0	1.0
-0.020622041076421738	0.01020408163265306
-0.0013068463886156678	0.001
0.0	0.001
0.0	0.0
0.0	1.0
0.0	0.001
-0.00025274252402596176	0.001
0.0	0.304
0.0	0.0
-6.7548389779403806e-06	1.0
-0.016394030302762985	0.0
0.0	0.0
0.0	1.0
0.0	1.0
-6.759294774383307e-05	1.0
0.0	0.0
0.0	1.0
-8.468857329280675e-15	1.0
0.0	1.0
-0.0007261011633090675	1.0
-1.5631613337063754e-08	0.0
0.0	0.0
-0.0005508569302037358	1.0
-0.00981194619089365	0.0
0.0	1.0
0.0	0.0
-1.1733805393987495e-07	0.0
0.0	0.0
-1.7221093003172427e-05	0.0
-1.892983050311159e-07	0.0
0.0	1.0
-0.0015449884813278913	1.0
0.0	1.0
0.0	0.0
0.0	0.0
0.0	1.0
0.0	0.0
0.0	1.0
-6.86407975081238e-06	0.0
0.0	1.0
-0.00018429745978210121	1.0
-0.007197950500994921	0.0
-0.0011328270193189383	0.0
-0.00018889634520746768	0.0
-0.003827847773209214	0.0
0.0	0.005
-2.0555777524577934e-08	0.0
-8.197586112146382e-07	1.0
0.0	1.0
0.0	1.0
0.0	1.0
0.0	0.0
0.0	1.0
-8.984803798739449e-07	0.132
-2.4235589535237523e-07	0.0
0.0	1.0
-0.0005229904782027006	0.0
0.0	1.0
0.0	1.0
0.0	0.0
-0.020138517022132874	0.0
-0.0013125375844538212	0.0
0.0	0.0
-1.281474482084377e-09	1.0
0.0	0.0
0.0	1.0
0.0	1.0
-0.0007824391359463334	1.0
0.0	1.0
-0.0004187346203252673	0.0
-2.093730836350005e-05	1.0
0.0	1.0
-9.468990901950747e-05	1.0
-0.00035728359944187105	0.868
-0.008706026710569859	0.0
0.0	1.0
-0.00011749374971259385	1.0
0.0	1.0
0.0	0.0
0.0	0.0
0.0	0.868
0.0	0.0
0.0	0.0
0.0	0.0
0.0	0.0
-1.9623172192950733e-05	0.0
0.0	1.0
0.0	0.0
0.0	1.0
0.0	0.0
-2.5601924789953046e-05	1.0
-3.7246205465635285e-05	1.0
-2.756821615435001e-08	0.38238993710691827
-2.99631892630714e-08	0.0
-1.047581736202119e-05	1.0
-0.00012879958376288414	0.0
0.0	0.0
-0.00010072418081108481	0.0
-3.4165957458753837e-06	0.0
-0.01764659769833088	0.0
-1.3753076927969232e-05	1.0
-8.63329717049055e-07	0.0
0.0	0.0
-0.005444566253572702	0.0
0.0	1.0
0.0	0.0
0.0	1.0
0.0	1.0
0.0	0.0
0.0	1.0
-0.025804534554481506	0.0
-8.00763810815397e-09	0.0
0.0	1.0
-0.0006274854531511664	1.0
0.0	1.0
0.0	1.0
0.0	0.0
0.0	0.0
-0.0011870366288349032	0.0
0.0	0.0
0.0	0.133
0.0	1.0
0.0	0.0
0.0	0.133
-1.377180183226301e-07	0.0
0.0	0.0
-1.9915576388029876e-07	0.0
0.0	1.0
0.0	0.0
0.0	1.0
0.0	0.0
-0.0013972603483125567	0.0
-4.31204725259704e-08	1.0
-1.3061268191449926e-06	1.0
0.0	1.0
0.0	1.0
0.0	1.0
0.0	0.0
0.0	0.0
0.0	1.0
0.0	1.0
0.0	0.0
0.0	0.0017730496453900709
-0.00026800212799571455	0.0
-5.6954650062834844e-05	1.0
0.0	0.564
-0.00024141765607055277	1.0
-0.0013420562027022243	0.0
0.0	1.0
-0.0011108344187960029	0.0
0.0	1.0
0.0	0.0
-0.0040397122502326965	1.0
-5.286176119057018e-08	1.0
-0.0004554833867587149	0.0
0.0	0.868
-0.01232917234301567	0.0
-9.262923413189128e-06	0.868
0.0	0.0
0.0	1.0
0.0	1.0
-6.768899038434029e-05	1.0
0.0	0.14802631578947367
0.0	1.0
-3.306278449599631e-05	0.8706118355065195
0.0	1.0
-3.1881067116046324e-05	0.8706118355065195
-4.919624529975408e-07	1.0
0.0	0.0
0.0	0.0
0.0	1.0
-4.258554326952435e-06	1.0
0.0	1.0
0.0	0.0
-0.002073214389383793	0.0
-0.0011958214454352856	1.0
0.0	1.0
0.0	1.0
0.0	1.0
0.0	0.0
-0.0004588190058711916	1.0
-3.6820674722548574e-06	1.0
0.0	1.0
0.0	0.0
0.0	0.0
-0.00039293814916163683	0.0
0.0	0.0
0.0	1.0
-3.258399374317378e-06	1.0
-0.0008204876794479787	1.0
-5.0443841246305965e-06	1.0
0.0	1.0
0.0	1.0
0.0	1.0
0.0	0.0
0.0	1.0
0.0	1.0
0.0	0.0
-0.014064298011362553	0.0
0.0	1.0
-0.00010301775182597339	1.0
0.0	0.0
0.0	1.0
0.0	0.0
-2.0830948415095918e-05	0.0
0.0	0.0
-4.4109592636232264e-06	1.0
-3.0361134122358635e-05	0.01050420168067227
0.0	0.048
0.0	1.0
-0.005463162437081337	0.0
0.0	0.0
-1.8726225334830815e-06	1.0
0.0	1.0
0.0	0.0
0.0	0.696
-0.0036036954261362553	0.696
0.0	1.0
0.0	1.0
0.0	0.0
0.0	0.0
0.0	0.0
0.0	0.868
-3.162793404953845e-08	0.0
0.0	0.0
0.0	0.0
-1.4505202443615417e-06	0.0
0.0	0.0
0.0	1.0
-2.9699109290959314e-05	1.0
0.0	0.0
0.0	0.0
0.0	0.0
0.0	0.0
0.0	1.0
-2.9989631002536044e-05	0.0
-1.3521874279831536e-05	0.0
0.0	0.0
0.0	0.0
0.0	0.0
0.0	1.0
0.0	0.0
0.0	1.0
-1.575122254848793e-08	0.0
0.0	0.0
-7.753328645776492e-06	0.0
0.0	0.0
0.0	0.0
0.0	0.0
-6.252596358535811e-05	0.0
0.0	0.0
0.0	1.0
0.0	0.0
0.0	1.0
-0.0010619508102536201	0.263
0.0	1.0
0.0	1.0
-0.00793563760817051	0.011507479861910242
0.0	0.011507479861910242
0.0	0.13232323232323231
0.0	1.0
0.0	0.0
-0.00014077108062338084	1.0
0.0	0.0
0.0	0.0
0.0	0.042
-1.7696776922093704e-05	1.0
-2.118288648489397e-05	0.0
0.0	1.0
-0.00012027282355120406	1.0
0.0	0.0
0.0	1.0
0.0	0.0
-1.9341384049909038e-10	0.0
-9.867922199191526e-05	0.0
0.0	1.0
0.0	1.0
0.0	1.0
-4.7631613142584683e-07	0.0
0.0	0.0
0.0	0.0
-5.788043199572712e-05	1.0
0.0	0.0
0.0	0.35023041474654376
0.0	1.0
0.0	0.001
0.0	0.0
-0.0016945526003837585	0.0
-6.65542120259488e-06	0.0
0.0	1.0
-1.4631359590566717e-05	1.0
0.0	0.13213213213213212
-0.0001491975417593494	0.132
0.0	1.0
0.0	1.0
0.0	1.0
-1.1986031722699408e-07	1.0
0.0	1.0
0.0	0.0063025210084033615
0.0	0.0
-9.709989719420458e-16	0.0
-0.0010000179754570127	0.0
0.0	0.005
0.0	0.0
-0.00034250732278451324	0.005
-0.00013890271657146513	1.0
0.0	0.0
0.0	1.0
0.0	0.0
0.0	1.0
-0.0030109055805951357	0.0
-0.0007351196254603565	0.0
-5.30020361550599e-18	0.0
-2.936563760158606e-05	0.0
0.0	0.0
0.0	1.0
0.0	0.0
-0.0015818221727386117	1.0
0.0	1.0
0.0	0.0
0.0	0.0
0.0	1.0
-0.0008901086403056979	0.0
-4.485870022108429e-07	1.0
0.0	1.0
0.0	1.0
0.0	1.0
-1.464380147808697e-05	0.0
0.0	1.0
0.0	1.0
0.0	1.0
0.0	1.0
0.0	1.0
0.0	1.0
0.0	0.0
0.0	0.008865248226950355
-5.7796791224973276e-05	1.0
0.0	1.0
0.0	1.0
-0.001408546813763678	1.0
0.0	1.0
0.0	0.0
0.0	1.0
-1.820013437736634e-07	0.0
0.0	1.0
-3.2243910319529334e-10	1.0
0.0	0.0
0.0	1.0
0.0	0.0
-1.852539099900241e-07	0.4166666666666667
-0.0006382401334121823	1.0
-0.00407117186114192	0.4166666666666667
0.0	1.0
0.0	1.0
0.0	0.9185185185185185
0.0	0.0
-1.8694030767818504e-09	1.0
0.0	1.0
-2.9185133826103993e-05	0.0
-3.983423653153295e-07	0.0
-0.0019592458847910166	0.028
0.0	0.0
0.0	0.008064516129032258
0.0	0.00720164609053498
0.0	0.00720164609053498
-0.00041862999205477536	0.0
-0.0003813481016550213	0.028197381671701913
0.0	0.028197381671701913
-4.246117069062194e-10	0.0
0.0	1.0
-0.0042606317438185215	0.0
-0.0001455007732147351	1.0
-0.0005178801366128027	1.0
0.0	1.0
0.0	0.0
0.0	1.0
0.0	1.0
0.0	0.0
0.0	1.0
0.0	0.0
0.0	1.0
0.0	0.0
0.0	0.0
0.0	1.0
0.0	1.0
0.0	0.0
0.0	1.0
0.0	0.0
0.0	1.0
-0.00444379448890686	0.0
0.0	1.0
-4.619868195732124e-05	1.0
0.0	1.0
0.0	0.004524886877828055
-0.00023255965788848698	1.0
-5.739514745073393e-05	1.0
-3.826355168712325e-06	0.007035175879396985
0.0	0.008111239860950173
0.0	1.0
-1.3999541579323704e-06	1.0
-4.8466259613633156e-05	0.0
-2.0561165001709014e-05	0.005
0.0	0.0
-2.8613287739176485e-08	0.0
-0.000802725029643625	1.0
0.0	1.0
0.0	0.0
-8.690098418639991e-09	0.0
