0.0	0.0
0.0	0.3231939163498099
0.0	1.0
-5.886211511096917e-06	1.0
0.0	1.0
-1.8151439462599228e-06	0.0
-4.628732835389171e-14	0.0
0.0	1.0
0.0	0.0
0.0	0.0
0.0	0.0
0.0	0.025974025974025976
-0.010245357640087605	0.0
0.0	1.0
0.0	0.0
0.0	0.05
-0.0008770559215918183	0.0
-1.7974713273360976e-06	0.0
0.0	0.0
0.0	1.0
0.0	1.0
0.0	1.0
-2.4542729079257697e-05	0.0
0.0	1.0
0.0	1.0
0.0	1.0
-2.2431111574405804e-05	1.0
-0.0004565108974929899	1.0
-5.426381540019065e-05	0.04225352112676056
-0.002997835399582982	0.0
0.0	0.0
-7.740911911469084e-08	1.0
0.0	1.0
0.0	1.0
0.0	1.0
-6.192477286504072e-08	0.0
-0.00013076064351480454	0.0
0.0	0.0
0.0	0.049
-1.41746738790971e-06	1.0
-0.0026205196045339108	0.049
0.0	1.0
0.0	1.0
-1.5347613953053951e-06	1.0
0.0	1.0
-0.00036789881414733827	0.0
-0.002155910013243556	0.0
-0.03824228793382645	0.0
-0.000285784131847322	1.0
0.0	1.0
0.0	1.0
0.0	1.0
-7.188109520939179e-06	0.0
0.0	1.0
0.0	0.0
0.0	0.0
0.0	0.0
-3.3732536394381896e-05	0.0
-3.1841243526287144e-06	1.0
-0.04481758177280426	0.0
-1.2741154702469726e-12	1.0
0.0	1.0
-0.0002818393404595554	1.0
-0.011147430166602135	0.0
-0.0006608415278606117	0.0
-1.3541614407586167e-06	1.0
0.0	0.0
0.0	0.002
-0.025036223232746124	0.0
0.0	0.002
0.0	1.0
0.0	1.0
0.0	1.0
0.0	1.0
-2.770084165604203e-06	1.0
0.0	1.0
0.0	1.0
-0.0003968167002312839	1.0
0.0	1.0
0.0	1.0
0.0	0.0010395010395010396
0.0	1.0
0.0	1.0
-0.0016011813422665	1.0
-0.0012959494488313794	1.0
0.0	0.0
-0.009740106761455536	0.0
-2.3285983843379654e-05	0.038
0.0	1.0
0.0	0.0
0.0	1.0
-0.0009695143671706319	0.0
-0.0025177032221108675	0.0
-0.00023550937476102263	1.0
0.0	1.0
0.0	0.0
0.0	1.0
-7.2881841333583e-05	1.0
0.0	1.0
0.0	1.0
-1.2697201512423817e-08	0.0
-8.682414045324549e-05	1.0
-0.0037565561942756176	0.0
-0.0004416100273374468	1.0
-9.729088196763769e-05	1.0
0.0	0.0
0.0	0.0
-0.000906907778698951	0.0
0.0	1.0
0.0	1.0
-0.007031614892184734	0.0
0.0	0.0
0.0	1.0
0.0	1.0
-0.010636873543262482	0.0
-0.0009966004872694612	0.00910010111223458
-0.00017031541210599244	0.01717171717171717
0.0	0.01717171717171717
0.0	0.01717171717171717
0.0	1.0
0.0	0.2
0.0	0.012987012987012988
-0.00018910258950199932	0.0
-0.001973518403246999	1.0
-5.802828127343673e-06	1.0
0.0	0.0
0.0	1.0
-4.805078788194805e-07	0.0
0.0	1.0
0.0	0.0
-6.724763079546392e-05	1.0
0.0	0.06729475100942127
0.0	1.0
-1.4276221918407828e-05	0.0
0.0	1.0
0.0	1.0
0.0	1.0
-9.555245924275368e-05	0.07765957446808511
-0.0035795667208731174	0.02553191489361702
0.0	1.0
-0.0012211991706863046	0.02875399361022364
0.0	0.0
0.0	0.0
-0.0006184998201206326	0.0
0.0	1.0
0.0	1.0
-0.004792060237377882	0.11812627291242363
0.0	1.0
0.0	0.0
0.0	0.0
0.0	1.0
0.0	1.0
0.0	0.0
0.0	1.0
-0.0041330973617732525	1.0
0.0	1.0
-5.10288737132214e-05	0.0
0.0	0.0
-0.0008033611229620874	0.0
-0.0043668621219694614	0.0
-9.554494226904353e-07	0.0
-3.415335959289223e-05	0.09
-0.0018621309427544475	0.09251559251559252
0.0	1.0
-4.078036454302492e-06	0.085
-0.0010556187480688095	1.0
-0.00037757825339213014	1.0
-0.0007961305091157556	0.0
0.0	0.0
-4.876500497630332e-06	0.05077720207253886
-0.00011356049071764573	1.0
-5.843904000357725e-05	0.0
-0.03267885744571686	0.0
-0.0016708513721823692	0.0
0.0	1.0
-0.00043869682122021914	0.006042296072507553
-0.0001244036538992077	1.0
-0.0063332743011415005	0.0
0.0	0.0
-0.004208123777061701	0.0
-1.8919804745110014e-07	0.0
-0.00034376204712316394	0.0
-0.0010874682338908315	0.0
-0.005569432862102985	0.0
0.0	0.0
0.0	1.0
0.0	1.0
-0.00011283993808319792	0.002
0.0	0.0
-5.985365305605228e-07	1.0
0.0	0.0010256410256410256
0.0	1.0
0.0	0.0
0.0	0.0
-0.000876143982168287	1.0
0.0	0.001
0.0	1.0
-0.002515476895496249	1.0
0.0	0.0
0.0	0.0
-0.0003510084643494338	0.0
-4.224351141601801e-05	0.08
-0.0029150666669011116	0.2235897435897436
0.0	0.0319693094629156
0.0	0.0319693094629156
0.0	0.22520661157024793
-8.811484440229833e-05	1.0
-0.007190959062427282	0.0
-0.00045755147584713995	0.0
0.0	1.0
-0.016336796805262566	0.0
0.0	1.0
0.0	1.0
0.0	1.0
0.0	1.0
-0.0010630368487909436	1.0
0.0	1.0
0.0	0.0
0.0	1.0
0.0	1.0
-3.902998741978081e-07	1.0
-0.0001574020425323397	0.0
0.0	1.0
0.0	1.0
-0.0001607119629625231	1.0
0.0	1.0
0.0	1.0
-0.004246296361088753	0.0
0.0	1.0
0.0	1.0
0.0	1.0
-7.244874723255634e-05	0.0
0.0	0.0
0.0	0.049
-6.400226993719116e-05	0.0
-7.95413288869895e-05	0.0
0.0	0.0
-3.6825118510108723e-09	0.0
0.0	1.0
-0.00028201236273162067	1.0
0.0	1.0
0.0	0.056
0.0	0.0
-0.0005608972278423607	1.0
-0.008418748155236244	0.0
-2.7293468818356814e-08	1.0
-0.00013232819037511945	0.063
0.0	0.063
-0.05947365239262581	0.0
-7.466690021828981e-07	1.0
-1.1893264854734298e-05	0.0
0.0	1.0
0.0	0.007360672975814932
0.0	1.0
0.0	1.0
-0.006835468113422394	0.0
0.0	1.0
-9.914860129356384e-05	1.0
0.0	1.0
-0.0678095817565918	0.0
0.0	0.0
0.0	1.0
0.0	0.0
-0.0023820940405130386	0.0
0.0	1.0
-0.0023040121886879206	1.0
-5.102498334963457e-07	0.0
0.0	1.0
0.0	0.0
0.0	1.0
0.0	1.0
0.0	1.0
-3.989152048688993e-07	1.0
-3.1684326273762053e-08	1.0
0.0	1.0
-0.0003698357322718948	1.0
0.0	0.0
0.0	1.0
0.0	0.0
-0.0004467160615604371	0.0
-0.0001734828983899206	0.0
0.0	0.0
0.0	0.0
0.0	1.0
0.0	1.0
0.0	0.0
0.0	0.0
-1.778702971932944e-05	1.0
0.0	1.0
0.0	0.0
0.0	1.0
-3.400303816292194e-09	1.0
-0.0003225252730771899	1.0
-0.00025285003357566893	0.015
0.0	0.0
-1.6608254327366012e-08	0.0
0.0	0.0
0.0	1.0
0.0	0.058
-0.0032823490910232067	0.0
0.0	0.0
-3.2566680374657153e-07	0.0
-3.2082446921322116e-08	0.0
0.0	0.0
0.0	0.0
-4.384215301911354e-08	0.006
-0.0010074239689856768	0.0
0.0	0.02716297786720322
0.0	0.0
-0.008391822688281536	0.0
0.0	0.0
-0.0014809025451540947	1.0
0.0	1.0
-0.006229841150343418	1.0
-2.0707879230030812e-05	0.0
0.0	1.0
0.0	0.0
-0.00027524694451130927	1.0
-5.5301581596722826e-05	1.0
0.0	1.0
0.0	1.0
0.0	1.0
-2.9589252055484128e-12	1.0
0.0	1.0
-0.0005133284721523523	1.0
-1.598383189314271e-14	0.0
0.0	1.0
0.0	1.0
-0.00029897739295847714	1.0
0.0	1.0
-1.1826142554127728e-06	1.0
0.0	0.029411764705882353
-2.9611228455905803e-06	0.0
-4.886809256277047e-05	1.0
-3.954276053264039e-06	0.0
0.0	1.0
0.0	0.951
0.0	0.07929969104016478
-5.9360959312471095e-06	0.07929969104016478
0.0	0.0314192849404117
-0.0019037664169445634	0.0
-0.004967555869370699	0.0
0.0	0.0
0.0	0.0
0.0	0.0
-3.6324519214758766e-07	1.0
0.0	0.0
-1.989036775285058e-07	1.0
-0.0027303423266857862	0.0010204081632653062
-0.0001475207827752456	0.0
0.0	1.0
0.0	0.0010204081632653062
0.0	0.0010204081632653062
-0.006877247244119644	0.0
0.0	0.057057057057057055
0.0	0.0010604453870625664
0.0	0.0
0.0	0.057057057057057055
0.0	0.05105105105105105
0.0	0.0
0.0	0.0
-0.0006304077105596662	1.0
0.0	0.0
0.0	1.0
-2.60685683315387e-05	0.0
0.0	0.0
-0.003063857089728117	0.0
-0.00010423928324598819	0.0
-0.017618685960769653	0.0
0.0	1.0
-0.00020571953791659325	1.0
0.0	1.0
0.0	1.0
0.0	1.0
0.0	0.0
0.0	0.0
-0.0006252613966353238	1.0
0.0	0.0
-0.0007871889392845333	0.0
-0.002404626924544573	1.0
0.0	1.0
0.0	1.0
-3.302273398730904e-05	0.0
0.0	1.0
0.0	0.049
-0.00011121428542537615	1.0
0.0	1.0
0.0	1.0
0.0	0.0
0.0	1.0
-0.0004283481102902442	1.0
0.0	1.0
0.0	0.26994535519125684
0.0	0.005319148936170213
-4.431969136931002e-05	0.0
-0.03757086396217346	0.0
0.0	1.0
-0.00019831262761726975	1.0
0.0	1.0
0.0	1.0
-3.3736250770743936e-06	0.15555555555555556
0.0	0.8835546475995915
0.0	1.0
-6.05363865702202e-08	1.0
-0.0025713318027555943	0.0
0.0	1.0
0.0	1.0
0.0	1.0
0.0	1.0
0.0	1.0
0.0	1.0
0.0	0.0
0.0	0.0
0.0	0.0
-6.882700108690187e-05	0.0
-8.693053388242333e-09	1.0
0.0	0.0
0.0	0.0
-0.004436831455677748	0.0
-1.2164365514877318e-08	1.0
-0.0010833889245986938	0.0
0.0	1.0
0.0	0.0
-0.001783490995876491	0.0
-7.78416870161891e-06	1.0
0.0	1.0
0.0	0.0
-0.00014817067130934447	1.0
-5.7135811637465395e-09	0.0
-0.017935311421751976	0.0
0.0	1.0
0.0	0.046
0.0	1.0
-1.925969627336599e-05	0.0
-2.880599404841977e-13	1.0
0.0	1.0
0.0	0.0
-2.8958870856854446e-08	1.0
0.0	1.0
0.0	0.0
-0.0004323120811022818	1.0
0.0	1.0
0.0	0.2570281124497992
0.0	1.0
0.0	1.0
0.0	1.0
0.0	1.0
0.0	0.005
0.0	1.0
0.0	0.004
0.0	0.004
-5.590672117250506e-06	1.0
0.0	0.05185185185185185
0.0	1.0
0.0	0.0
0.0	1.0
0.0	1.0
0.0	0.0010070493454179255
-1.2328245247772429e-05	1.0
-0.00017783847579266876	1.0
0.0	0.007007007007007007
-1.7146614794683046e-08	0.01
-3.967642214774969e-07	0.01
-5.012938800064148e-06	0.0
-0.00066067383158952	0.0
-4.4542574073602736e-08	0.0
-0.00035561047843657434	1.0
0.0	0.0
0.0	0.0
0.0	1.0
-0.0002167822967749089	1.0
0.0	1.0
-8.847187871197093e-08	1.0
-2.7195503662369447e-06	1.0
-2.112447390345551e-07	0.006
0.0	1.0
-6.961962384366416e-08	1.0
0.0	1.0
0.0	0.0
0.0	0.0
-1.7053997680704924e-06	0.0
0.0	1.0
0.0	0.0
-3.225956035635136e-08	0.0
0.0	0.0
0.0	0.0
-0.0009947842918336391	0.0
0.0	0.0
0.0	0.0
-6.247511307523905e-15	1.0
-0.0006004935130476952	0.0
-2.663703639882442e-07	0.0
0.0	1.0
0.0	0.049
0.0	1.0
-0.0009262650273740292	0.0
-0.0048824092373251915	0.0
0.0	0.0
-0.0019509266130626202	0.0
0.0	1.0
0.0	1.0
-0.032656650990247726	0.0
0.0	1.0
-0.00023817612964194268	0.0
-0.02064278908073902	0.0
0.0	1.0
0.0	0.0
-0.00769301550462842	0.0
0.0	1.0
-4.1409566620131955e-06	0.0
-6.984491483308375e-05	1.0
0.0	1.0
0.0	1.0
0.0	1.0
0.0	1.0
0.0	0.0
-0.008330791257321835	0.0
-0.007146176882088184	0.0
0.0	0.0
-2.2117253593023634e-06	0.0
-5.6401645075076276e-18	1.0
0.0	0.0
0.0	0.0
0.0	1.0
0.0	0.10344827586206896
-0.00014130762428976595	0.0
0.0	1.0
0.0	1.0
-4.2022804791486124e-08	1.0
-0.006083198357373476	0.0
0.0	0.0
-0.0001737905404297635	0.0
0.0	0.0
-5.287421663524583e-05	0.263
0.0	0.0
-0.006172975990921259	0.0
0.0	0.0
0.0	1.0
0.0	1.0
-0.0025868869852274656	1.0
0.0	0.0
-1.1459680426817442e-11	1.0
0.0	1.0
-1.556171991978772e-05	1.0
0.0	0.0
0.0	1.0
0.0	1.0
0.0	0.0
-0.0008918046369217336	1.0
-5.850542805774239e-08	0.0
0.0	0.0
-0.0009373128414154053	1.0
-4.42580721937702e-06	0.0
0.0	1.0
0.0	0.437
0.0	1.0
-6.653280433965847e-05	1.0
0.0	1.0
0.0	0.0
-0.0011007364373654127	0.0
0.0	1.0
-4.63271644548513e-05	1.0
0.0	1.0
0.0	1.0
0.0	0.0
0.0	1.0
0.0	0.0
0.0	1.0
0.0	1.0
0.0	1.0
-0.002567385323345661	1.0
0.0	1.0
0.0	1.0
0.0	0.0
0.0	1.0
-4.2685815060394816e-07	1.0
-1.8500775695429184e-05	0.0
-0.00042359813232906163	0.0010050251256281408
0.0	1.0
0.0	0.0010050251256281408
-2.2259220713749528e-05	1.0
0.0	0.0
-1.9148610590491444e-05	0.0
0.0	0.0
0.0	0.0
0.0	0.0
0.0	1.0
0.0	0.0
0.0	0.0
0.0	1.0
-0.0007146287243813276	0.0
0.0	0.049
0.0	1.0
0.0	1.0
0.0	0.0
0.0	1.0
-6.568829849129543e-05	0.0
0.0	0.0
-9.995983418775722e-05	1.0
0.0	0.0
-1.3383591976889875e-06	0.0
0.0	1.0
0.0	1.0
0.0	0.005434782608695652
0.0	1.0
0.0	0.0031545741324921135
-3.6845847262156894e-06	1.0
-9.648736158851534e-05	0.0
-1.4934393721688366e-09	1.0
-1.337988032901194e-05	1.0
-1.5488032659050077e-05	0.0
0.0	1.0
-2.4461520808927162e-08	1.0
-0.00044785821228288114	0.0
-0.004752885550260544	0.0
0.0	0.0
0.0	1.0
0.0	0.0
0.0	0.001
0.0	0.0
-0.0003938023583032191	0.004004004004004004
0.0	1.0
-4.2496812966419384e-05	0.001004016064257028
-0.0023835625033825636	0.0
-0.006010128650814295	0.0
-0.0005975804524496198	1.0
0.0	0.0010515247108307045
0.0	1.0
-1.4515605384346486e-10	1.0
-0.00030656144372187555	1.0
0.0	1.0
0.0	0.0
-0.000729866384062916	0.0
