-0.0007381883333437145	0.0
0.0	1.0
0.0	1.0
0.0	0.0
0.0	1.0
0.0	0.0
0.0	0.383
-0.021359171718358994	0.0
-5.467915684675972e-07	0.3874873864783047
0.0	1.0
0.0	1.0
0.0	0.016129032258064516
-0.0008847042918205261	1.0
0.0	0.01669449081803005
-1.848514330049511e-06	1.0
-0.0015207508113235235	0.001006036217303823
-0.0028198729269206524	0.0
-0.029332363978028297	0.0
-6.119782938185381e-07	1.0
0.0	0.002002002002002002
-0.0004906803951598704	1.0
-0.004824683535844088	0.002002002002002002
0.0	0.0
-0.002218416891992092	1.0
0.0	0.0
-0.0003047117788810283	1.0
0.0	1.0
0.0	1.0
0.0	1.0
0.0	1.0
0.0	0.0
0.0	1.0
0.0	0.0
0.0	1.0
-0.0012280214577913284	0.0
0.0	1.0
-8.472743502352387e-05	1.0
0.0	1.0
0.0	1.0
0.0	0.0
0.0	1.0
-0.0021831244230270386	0.0
-7.262777216965333e-05	1.0
0.0	0.024217961654894045
0.0	0.009240246406570842
-1.1277089484451608e-08	0.0
0.0	0.044142614601018676
-1.96622778503297e-07	1.0
-4.0231402635981794e-06	1.0
0.0	1.0
-2.805998155963607e-05	1.0
-5.118159606354311e-05	0.412
0.0	0.0
0.0	0.0
0.0	0.0
-0.011204555630683899	0.0
-4.405329946166603e-06	0.0
-4.1351526647304127e-07	0.0
0.0	0.0
0.0	1.0
-0.0002295359445270151	0.0
0.0	0.0
-0.00023938283266033977	0.019
-0.006973689422011375	0.0
0.0	0.0
0.0	1.0
-4.993673428543843e-06	1.0
0.0	0.0
-4.995096969651058e-05	0.0
0.0	1.0
-4.654248186852783e-05	1.0
0.0	0.18181818181818182
0.0	0.0
-0.0007121068774722517	0.059415911379657606
-0.000544617825653404	1.0
-0.004325394053012133	0.00929368029739777
0.0	0.0
0.0	0.464321608040201
-7.138672663131729e-05	0.00931098696461825
0.0	1.0
-3.163038854836486e-05	0.00931098696461825
-1.6543966921744868e-05	0.00931098696461825
0.0	1.0
-0.00029147244640626013	0.005005005005005005
-0.000311105337459594	0.0010050251256281408
-2.0154393496341072e-05	1.0
0.0	0.0
-9.70864361127255e-12	0.005065856129685917
0.0	0.005065856129685917
-6.272769678616896e-05	0.005065856129685917
-0.000529394019395113	1.0
-0.0003272008034400642	0.0
0.0	0.0
0.0	1.0
-3.9085418393369764e-05	0.0
0.0	0.0
0.0	1.0
0.0	1.0
0.0	1.0
0.0	1.0
-0.008993604220449924	0.0
-0.001473727636039257	0.0
0.0	0.0
0.0	1.0
0.0	1.0
0.0	0.039
-1.213789073517546e-05	1.0
0.0	1.0
0.0	0.0
-7.525238909116862e-15	1.0
0.0	1.0
-2.6990039259544574e-05	0.08208208208208208
-1.3490796845871955e-05	0.007692307692307693
0.0	0.0
0.0	0.03440621531631521
0.0	0.004761904761904762
0.0	0.0
0.0	0.0
-2.4613957521069096e-06	1.0
0.0	1.0
0.0	0.0
-0.0008565913885831833	0.0
0.0	0.0
0.0	1.0
-0.0026250716764479876	0.031568228105906315
0.0	1.0
-0.0002530134515836835	0.0
-5.1407543111281484e-08	0.0
-4.182144493825035e-06	1.0
0.0	0.0
-9.0973671831307e-06	0.026221692491060787
0.0	0.16462167689161555
-1.2354114915069658e-05	1.0
0.0	1.0
0.0	1.0
0.0	0.0
0.0	1.0
0.0	0.0
0.0	0.0
0.0	1.0
0.0	1.0
0.0	1.0
0.0	0.027
-1.4352440302900504e-07	1.0
0.0	1.0
-2.0951398255419917e-05	0.001
-0.0012593683786690235	0.0
0.0	0.0
0.0	0.0
0.0	0.012181616832779624
0.0	0.012181616832779624
0.0	0.012181616832779624
-8.685263310326263e-05	1.0
0.0	1.0
0.0	1.0
0.0	0.011
-8.235904533648863e-05	1.0
-0.0003102982009295374	1.0
-2.4044077839846523e-09	0.0
0.0	0.011
0.0	1.0
0.0	1.0
0.0	1.0
0.0	0.0
-2.756286812655162e-05	1.0
0.0	1.0
0.0	0.055
0.0	0.055
-0.0001802142069209367	0.0
0.0	1.0
0.0	0.0
-0.001267740037292242	1.0
0.0	0.0
-0.00013127629063092172	0.0
-4.651784057778385e-13	1.0
0.0	0.0
-0.00011360700591467321	1.0
-5.0488420555439006e-08	1.0
0.0	0.0
-2.0495114938512415e-07	0.0
-6.0100937844254076e-05	0.0
0.0	0.865
-0.0016164440894499421	0.865
-4.310534495743923e-05	0.0
0.0	0.0
0.0	0.0
0.0	0.0
0.0	0.0
0.0	0.0
0.0	1.0
-0.0009784570429474115	0.0
0.0	0.0
-0.0017967652529478073	0.0
0.0	0.0
-0.0012736634816974401	1.0
0.0	1.0
0.0	1.0
-1.6725205114198616e-06	1.0
0.0	1.0
0.0	0.0
0.0	1.0
-1.0285344624605397e-12	1.0
-0.0012814338551834226	0.0
0.0	1.0
-0.0021064518950879574	0.011507479861910242
-0.004510893952101469	0.00101010101010101
0.0	0.0
0.0	0.00101010101010101
-8.3933650785184e-07	1.0
0.0	1.0
-3.944089144169993e-07	1.0
0.0	0.0
0.0	1.0
-0.001396463136188686	1.0
0.0	0.36536536536536535
0.0	0.0
0.0	1.0
-1.0203743840975221e-05	1.0
0.0	0.0
0.0	0.0
0.0	1.0
0.0	0.0
0.0	0.012
0.0	1.0
0.0	0.0
0.0	0.0
-8.877061219436655e-08	0.0
0.0	0.403
0.0	1.0
0.0	0.501002004008016
-0.001111301127821207	0.0
0.0	1.0
0.0	1.0
0.0	1.0
0.0	0.0
0.0	0.0
0.0	1.0
0.0	1.0
0.0	0.0
0.0	1.0
0.0	1.0
0.0	0.0
-0.0005641711759380996	0.0
-0.0005507149617187679	0.0
0.0	1.0
-0.00027266007964499295	0.002
0.0	1.0
-0.0021224585361778736	1.0
-4.038337920064805e-06	0.0
-0.055564869195222855	0.0
0.0	1.0
0.0	1.0
-0.0009979830356314778	1.0
0.0	1.0
-0.0003662737726699561	0.0
0.0	1.0
0.0	1.0
0.0	0.0
0.0	0.0
-5.045163106842665e-06	0.11258278145695365
-5.530315320356749e-05	1.0
-0.0006681366940028965	0.0
0.0	1.0
-0.0018228492699563503	1.0
-3.337577436468564e-05	1.0
0.0	1.0
0.0	1.0
0.0	1.0
0.0	1.0
0.0	1.0
-1.920965990442891e-11	1.0
0.0	1.0
-0.0005650353850796819	0.0
0.0	0.0
0.0	0.007
-0.001177045051008463	0.0
-0.0011458195513114333	0.004028197381671702
0.0	0.013091641490433032
0.0	0.0070921985815602835
0.0	0.0
0.0	0.0
-1.0174856015510159e-06	0.04717948717948718
-0.004480195231735706	0.0
0.0	0.04717948717948718
0.0	0.02620545073375262
0.0	1.0
0.0	0.04020618556701031
0.0	0.026014568158168574
-1.495143578722491e-06	0.026014568158168574
-9.984618372982368e-05	0.04
-0.0002408018772257492	0.3657314629258517
-9.132223567576148e-06	0.0
-3.0372255423571914e-05	0.0
-5.1583767344709486e-05	0.0
0.0	1.0
-0.00017316134471911937	1.0
0.0	1.0
0.0	0.0
-4.2613825712578546e-07	1.0
0.0	0.0
0.0	1.0
-0.0002550810750108212	0.0
-4.786486207386531e-10	0.0
0.0	1.0
0.0	1.0
-0.01107046939432621	0.5
0.0	0.0
-0.00026966154109686613	1.0
0.0	1.0
0.0	0.0
-0.0033268029801547527	1.0
0.0	0.0
0.0	1.0
-0.002376291435211897	1.0
-3.7237875858409097e-06	1.0
-0.007181055843830109	0.0
0.0	1.0
-7.18165683792904e-05	1.0
-9.444317470297392e-07	1.0
0.0	0.0
0.0	1.0
-6.567019590875134e-05	1.0
0.0	0.0
0.0	0.0
0.0	0.0
-3.611475918319229e-08	0.0
-6.559911867043411e-07	0.0
-0.0006072427495382726	0.0
0.0	1.0
-1.7174701497424394e-05	1.0
-1.218756172371993e-11	0.865
-6.649839434658134e-08	1.0
0.0	1.0
-0.0001572694454807788	1.0
0.0	0.04
-0.0024593989364802837	0.0
0.0	0.0
-0.00033682637149468064	0.0
-1.8288925275555812e-05	0.0
-0.00047569445450790226	0.04
-0.00011088673636550084	0.04008016032064128
-3.1164923711912706e-05	0.0020833333333333333
0.0	0.0020833333333333333
-6.836627562734066e-06	1.0
0.0	0.04008016032064128
0.0	0.0
0.0	1.0
-0.00018164629000239074	1.0
-0.0017042364925146103	1.0
0.0	0.0
-1.4677913398597475e-11	0.0
0.0	0.01
0.0	0.01
0.0	0.0
-8.994933887152001e-05	1.0
0.0	0.0
0.0	0.01
-0.0012846158351749182	1.0
-1.539648565085372e-06	0.0
-0.0015064869076013565	0.0
0.0	0.0
-0.0014335217420011759	0.003
-0.0001054594322340563	0.0
0.0	1.0
0.0	0.0
0.0	0.0
-4.3600896226791974e-09	0.0
0.0	0.0
0.0	0.0030120481927710845
0.0	1.0
-2.5084993922064314e-06	0.003
0.0	1.0
-0.0031944653019309044	0.0
0.0	1.0
0.0	0.0
-3.163607107126154e-05	0.0
0.0	1.0
0.0	1.0
0.0	0.0
0.0	1.0
-0.011039783246815205	0.0
0.0	0.0
0.0	0.007028112449799197
0.0	0.0
0.0	0.0
-3.753478449652903e-05	0.0
0.0	0.003
0.0	1.0
0.0	1.0
0.0	1.0
-0.0002125321771018207	0.15323854660347552
0.0	1.0
0.0	1.0
-0.008989366702735424	0.0
0.0	1.0
0.0	0.0
0.0	1.0
-2.729931622980075e-07	1.0
-2.8270047550904565e-05	0.0
0.0	0.0
-0.0003738182131201029	1.0
0.0	1.0
-0.00243655638769269	1.0
0.0	0.0
-4.214913860778324e-05	0.0
0.0	1.0
-8.019705732831284e-11	0.037
0.0	0.0
-0.003733056830242276	1.0
0.0	1.0
-3.658533476169623e-09	1.0
0.0	1.0
0.0	1.0
0.0	1.0
0.0	0.0
-0.00019268572214059532	1.0
-5.0066875701304525e-05	1.0
0.0	0.003
0.0	1.0
-2.782985802696203e-06	0.0
0.0	0.0
0.0	0.0
0.0	0.006
0.0	1.0
-0.0008913226774893701	0.0
0.0	0.0
0.0	1.0
-0.0014695225981995463	1.0
0.0	1.0
-1.0553677753932789e-07	1.0
0.0	0.0
-0.00016528555715922266	1.0
0.0	1.0
-7.695228850934654e-05	1.0
0.0	1.0
-0.0005683093331754208	0.044
0.0	1.0
-3.65014529712937e-09	0.0
0.0	1.0
-1.3458067769533955e-05	1.0
-2.3668832227485836e-08	0.0
-0.004726619925349951	0.0
-0.0009568423847667873	0.001
0.0	0.0
0.0	1.0
0.0	0.0
-0.0421571210026741	0.0
-3.818723780568689e-05	0.0
0.0	0.0
-0.00048258816241286695	1.0
0.0	1.0
0.0	1.0
-0.04416489228606224	0.0
0.0	0.0
0.0	1.0
-0.00039533263770863414	1.0
0.0	1.0
-0.007977842353284359	0.0
0.0	1.0
-0.004757237154990435	0.0
0.0	1.0
0.0	0.0
-0.0012682888191193342	0.0
0.0	0.019653179190751446
0.0	1.0
0.0	0.0
0.0	1.0
0.0	0.0
0.0	0.0
0.0	1.0
0.0	0.0
0.0	1.0
-1.899306516861543e-05	0.0
0.0	0.0
-0.0014985984889790416	0.0
0.0	0.0
0.0	0.0
0.0	1.0
-3.012084581754948e-09	0.0
-3.1758314435137436e-05	1.0
-2.6638497274689144e-06	0.0
0.0	0.0
-0.002011145930737257	0.0
-0.00010815045970957726	1.0
-4.903797889710404e-05	0.002
0.0	1.0
-0.005717819090932608	0.015060240963855422
-0.001178788603283465	0.0040609137055837565
0.0	0.0040609137055837565
0.0	0.0040609137055837565
-2.155237780243624e-06	1.0
-0.0006424635648727417	0.015090543259557344
-5.3079944336786866e-05	0.006091370558375634
-0.00043178407941013575	0.0
-0.00107304728589952	0.0
0.0	1.0
0.0	0.0
-4.4797653231398726e-07	0.0
0.0	0.0
0.0	1.0
0.0	1.0
-1.8322981532037375e-06	0.017595307917888565
0.0	0.012
-0.0002995888062287122	0.0
0.0	1.0
-6.349299610519665e-07	0.0
0.0	0.0
0.0	0.0
0.0	1.0
-2.399272261754959e-06	0.009
-0.0023489436134696007	0.0
0.0	0.0
-0.00014908899902366102	1.0
0.0	1.0
0.0	1.0
-0.00011415880726417527	0.0
0.0	1.0
-5.500239552702624e-08	1.0
0.0	1.0
0.0	0.4664351851851852
-1.3832575405103853e-06	0.22780569514237856
0.0	0.136
0.0	0.136
-0.0008324894006364048	0.136
0.0	1.0
0.0	1.0
-0.012826241552829742	0.0
0.0	1.0
-0.00010161280079046264	1.0
-0.0003415878745727241	0.0
-3.3327366963931127e-06	0.003468208092485549
-3.896513374544025e-13	1.0
0.0	0.003468208092485549
-8.451658040087295e-09	1.0
0.0	0.0
0.0	1.0
-1.0757529480542871e-06	0.0
-4.838387667405186e-06	0.0
0.0	1.0
0.0	1.0
-5.83745760063259e-11	1.0
-0.0005076749948784709	0.0
-0.0006054124096408486	1.0
0.0	1.0
0.0	1.0
-1.2405266813786398e-09	1.0
-4.5284294174052775e-05	1.0
0.0	0.0
-0.00011349937994964421	0.0
0.0	0.0
-0.031677473336458206	0.0
-0.0012365662259981036	0.0
-1.4750956324860454e-05	0.0
-9.737731306813657e-05	1.0
0.0	0.0
-0.00035436335019767284	1.0
0.0	0.0
-3.160702908644453e-05	1.0
-2.653414987729974e-10	1.0
0.0	1.0
0.0	0.0
-5.735897138947621e-05	0.0
0.0	0.077
0.0	1.0
0.0	1.0
-0.0698561817407608	0.0
0.0	1.0
0.0	0.0010416666666666667
-0.0008230827515944839	0.0
-0.01244948897510767	0.0
0.0	0.0
0.0	0.0
0.0	1.0
-8.602563070780889e-07	1.0
-8.057648983594845e-07	1.0
0.0	1.0
-5.259324552753242e-06	1.0
0.0	0.013078470824949699
-4.095899452938312e-10	0.0060790273556231
0.0	0.0
0.0	0.0
-0.0003353273496031761	1.0
-1.0730150279414374e-06	1.0
0.0	1.0
0.0	1.0
0.0	1.0
0.0	0.0
0.0	1.0
-5.090474587632343e-06	1.0
0.0	1.0
-8.631593703678497e-13	1.0
-2.865009992092382e-05	0.0
0.0	1.0
0.0	1.0
-2.5775318590604e-06	1.0
0.0	1.0
-1.1483996786409989e-05	0.009
-0.007302964571863413	0.0
-0.04215126112103462	0.0
-0.0041681514121592045	0.0
0.0	0.0088008800880088
-2.6114391857845476e-06	1.0
0.0	1.0
-4.492657899390906e-05	1.0
0.0	1.0
-2.126183062500786e-06	1.0
0.0	0.4685598377281947
-0.011032936163246632	0.0
-0.00046360676060430706	0.0
0.0	0.0
0.0	1.0
-6.249477155506611e-05	1.0
-0.003800265956670046	1.0
0.0	1.0
0.0	1.0
0.0	1.0
0.0	0.0
0.0	1.0
-0.0007973694591782987	1.0
0.0	0.152
0.0	1.0
0.0	1.0
0.0	1.0
-2.137103827237752e-09	0.0
0.0	0.0
0.0	1.0
-0.006362281274050474	0.0
-1.7901282944876584e-07	1.0
-6.081649917177856e-05	0.0
-0.0003447640629019588	1.0
0.0	1.0
0.0	0.0
0.0	1.0
0.0	0.0
0.0	1.0
-4.276739855413325e-05	0.0
0.0	1.0
-0.0010002478957176208	0.136
0.0	0.0
-2.8117355554968526e-08	0.0
0.0	1.0
-7.361172151831852e-07	1.0
-2.4649618029912905e-15	0.0
-0.00038140526157803833	1.0
