0.0	0.0
0.0	0.0
0.0	0.0
0.0	0.0
0.0	0.114
0.0	0.0
0.0	0.114
-2.600331026769709e-05	1.0
0.0	1.0
0.0	0.0
0.0	0.06606606606606606
-1.7341756120003993e-06	1.0
0.0	0.0
0.0	1.0
-0.008459958247840405	0.0
-0.006831064820289612	0.0
0.0	0.001937984496124031
0.0	0.0
0.0	0.0
0.0	0.0019267822736030828
0.0	0.0
0.0	1.0
-0.006845647469162941	0.0
0.0	0.0
0.0	1.0
-0.0868087187409401	0.0
0.0	0.0
-0.008583814837038517	0.0
-0.0011047817533835769	1.0
-0.0004209225589875132	1.0
0.0	0.0
-0.0007698405534029007	1.0
-0.0075178309343755245	0.0
-0.004136525560170412	0.0
-1.8662693719306844e-06	1.0
0.0	0.295
0.0	1.0
0.0	1.0
0.0	0.0
0.0	1.0
-6.87151332385838e-05	1.0
0.0	1.0
0.0	0.0
0.0	1.0
0.0	0.0
-8.380670046825855e-10	1.0
-9.945036981429123e-12	0.0
-5.246474366060738e-09	0.0
0.0	0.0
0.0	0.0
0.0	0.0
-9.182449467459719e-09	0.0
-0.00047516258200630546	1.0
-5.761865759268403e-05	1.0
0.0	1.0
0.0	0.0
0.0	0.0
-0.007585760205984116	0.0
-0.0007912273867987096	0.001
0.0	0.0
-0.008029194548726082	0.0
0.0	0.0
-0.0001161787731689401	1.0
0.0	0.0
0.0	0.0
-0.0008657723083160818	1.0
0.0	1.0
0.0	0.0041753653444676405
-5.34965749920957e-07	0.0
0.0	1.0
0.0	1.0
-1.6129977908896365e-10	0.0
0.0	0.0
-8.311166858898655e-12	1.0
-0.00026581561542116106	0.0
-2.644582082211855e-07	0.0
0.0	1.0
-0.0002708916726987809	0.535
0.0	1.0
0.0	0.535
-2.0045738402529878e-09	1.0
0.0	0.0
-0.0007437021704390645	1.0
0.0	0.0
0.0	1.0
0.0	0.0
0.0	1.0
-1.866389354177045e-08	1.0
-0.00011712589912349358	0.0
-3.624294186010957e-05	1.0
0.0	0.0
0.0	1.0
0.0	1.0
-0.05011371523141861	0.0
-4.306310074753128e-06	0.0
0.0	0.0
0.0	1.0
-6.1976516008144245e-06	0.0
-0.021077074110507965	0.0
0.0	1.0
-6.968057277845219e-05	0.0
0.0	1.0
0.0	0.0
-0.000711934408172965	1.0
-0.01939292624592781	0.0
-0.0006551269325427711	1.0
-0.0004579921660479158	0.4938398357289528
0.0	0.05009633911368015
-2.0771227582372376e-07	1.0
-0.008455649018287659	0.0
0.0	1.0
0.0	1.0
-0.0010783805046230555	1.0
0.0	1.0
0.0	0.006896551724137931
-3.969788338054059e-07	0.006276150627615063
0.0	1.0
0.0	0.0
-0.028513740748167038	0.0
0.0	0.04312938816449348
-0.00038782545016147196	0.0
0.0	1.0
-7.601704266058107e-10	1.0
0.0	1.0
-0.00022485610679723322	1.0
0.0	1.0
-0.02602255530655384	0.0
-2.892580141633516e-06	1.0
0.0	1.0
0.0	0.07568807339449542
0.0	1.0
0.0	0.167816091954023
0.0	0.0
0.0	0.129
0.0	0.128
-2.904306529671885e-05	1.0
-0.002108341082930565	0.0
0.0	1.0
-0.00030710658757016063	0.0
-5.591890062106586e-09	0.15176715176715178
-6.149022283352679e-06	0.073
-0.00021008534531574696	0.07307307307307308
0.0	0.0
0.0	1.0
-8.575878746341914e-05	1.0
-0.0007020930643193424	1.0
-3.7743305369986047e-08	0.01001001001001001
0.0	1.0
-0.0003674626932479441	1.0
0.0	0.01001001001001001
0.0	1.0
0.0	1.0
-1.0056490964416298e-06	1.0
-1.9055414668400772e-05	1.0
0.0	0.0
-2.394737930444535e-05	0.01
0.0	0.0
0.0	0.3312368972746331
-5.526924269361189e-06	1.0
0.0	1.0
0.0	0.0
0.0	1.0
-0.007266675122082233	0.0
0.0	1.0
0.0	0.0
-5.612746826955117e-05	1.0
-1.558283450192599e-12	0.0
0.0	1.0
0.0	0.0
0.0	0.0
0.0	0.0
0.0	0.0
0.0	0.0
0.0	1.0
-0.046170417219400406	0.0
0.0	1.0
-0.000639194215182215	1.0
0.0	0.0
0.0	1.0
0.0	0.0
-3.886474223691039e-05	1.0
-0.00024908327031880617	1.0
0.0	0.0
0.0	1.0
0.0	0.0
0.0	1.0
0.0	0.0
-0.0006107304943725467	1.0
0.0	0.09727626459143969
0.0	1.0
0.0	1.0
0.0	1.0
0.0	0.0
-1.925256128743058e-06	0.0
0.0	0.519
0.0	1.0
0.0	0.0
0.0	1.0
0.0	0.0
0.0	1.0
0.0	0.481
-0.00031712575582787395	1.0
-2.284665788465645e-05	1.0
0.0	1.0
0.0	1.0
-4.898726911051199e-05	1.0
0.0	1.0
-0.020721182227134705	0.0
-0.0004148943698965013	1.0
-0.0003545252257026732	0.0
-0.002260318724438548	0.0
-0.002765469253063202	1.0
0.0	1.0
0.0	0.0
0.0	1.0
0.0	1.0
-0.00011580173304537311	1.0
0.0	1.0
-3.597269357391575e-11	1.0
-2.2026822989573702e-05	1.0
0.0	1.0
0.0	1.0
0.0	1.0
-0.0008380934013985097	1.0
-7.740464934613556e-05	1.0
0.0	0.0
0.0	1.0
0.0	1.0
0.0	1.0
-0.0024252075236290693	1.0
0.0	1.0
0.0	1.0
-2.4219339138653595e-06	1.0
0.0	0.0
-0.0009709488949738443	0.19460500963391136
0.0	1.0
0.0	1.0
0.0	0.0
0.0	1.0
0.0	1.0
0.0	1.0
-0.0002531934005673975	0.0
0.0	0.004
0.0	1.0
-0.0006138686439953744	0.0
-0.0014983095461502671	1.0
0.0	0.0
0.0	1.0
0.0	1.0
-0.0001108628639485687	1.0
-0.002432516310364008	0.0
0.0	0.073
0.0	0.0
0.0	0.0
0.0	0.0
0.0	1.0
0.0	0.0
-2.0992149075027555e-05	0.0
0.0	1.0
0.0	1.0
0.0	0.0
0.0	1.0
-0.0014690248062834144	1.0
0.0	1.0
0.0	0.0
0.0	0.0
-2.2961030481383204e-05	1.0
0.0	0.0
-0.00010603547707432881	0.0
0.0	1.0
-0.0028957906179130077	0.017329255861365953
0.0	1.0
0.0	1.0
0.0	0.0
0.0	1.0
0.0	1.0
-0.00025740498676896095	0.0
-0.0012482282472774386	1.0
-4.200096270778886e-07	1.0
-3.993691066739302e-08	0.0
0.0	0.0
-5.1177386922063306e-05	1.0
0.0	0.2727272727272727
0.0	1.0
0.0	1.0
0.0	1.0
0.0	0.0
0.0	1.0
-1.1279106537642747e-09	1.0
-0.02665308304131031	0.0
-4.9635014875093475e-05	1.0
-0.0008348154369741678	0.001
0.0	0.0
0.0	0.018
0.0	0.018
0.0	0.0
0.0	1.0
-0.0002907153102569282	1.0
0.0	0.0
0.0	1.0
0.0	0.06760847628657922
-0.0003493625554256141	1.0
0.0	1.0
0.0	0.0
-2.60156793956412e-05	1.0
0.0	1.0
0.0	0.0
0.0	0.5604751619870411
0.0	0.0
-0.0019570686854422092	1.0
0.0	1.0
0.0	0.005005005005005005
-3.953511651388908e-08	1.0
-4.103212177142268e-06	1.0
0.0	0.0
0.0	0.0
0.0	0.0
0.0	0.0
0.0	1.0
0.0	1.0
-9.138296263699885e-06	0.0
0.0	1.0
0.0	1.0
0.0	1.0
-1.5192655382634257e-06	0.073
0.0	1.0
0.0	0.0
0.0	1.0
-0.05660514160990715	0.0
-0.0013556362828239799	0.0
0.0	0.0
0.0	0.0
-0.00022749940399080515	0.0
-0.00013130299339536577	0.5598705501618123
0.0	0.0
-8.528849321010057e-06	0.0
-0.0012579658068716526	1.0
0.0	0.0
0.0	0.0
-1.9736552303584176e-07	0.0
0.0	0.0
0.0	0.0
-8.653670988678641e-07	0.0
0.0	0.0
-0.0008483486017212272	1.0
0.0	0.0
0.0	1.0
0.0	0.0
-0.0138698136433959	0.0
0.0	1.0
0.0	1.0
-0.002448782091960311	0.0
-0.0015972519759088755	1.0
0.0	1.0
-5.25461306410957e-11	1.0
0.0	1.0
-2.8081661440637617e-08	0.13709677419354838
0.0	0.0
-0.018684422597289085	0.0
-0.00026518243248574436	1.0
-0.009992922656238079	0.0
0.0	0.0
0.0	1.0
0.0	1.0
0.0	1.0
0.0	1.0
0.0	1.0
0.0	0.0
0.0	1.0
0.0	1.0
0.0	0.0
0.0	1.0
-1.8828839642992534e-07	1.0
0.0	1.0
0.0	0.0
-0.007766806520521641	1.0
-0.0006854078965261579	1.0
0.0	1.0
0.0	0.0
-6.902401992192608e-07	0.0
0.0	0.0
0.0	0.16262626262626262
0.0	1.0
-3.596402166294865e-05	1.0
0.0	1.0
0.0	1.0
-1.1335295312164817e-05	0.017
-0.004410260356962681	0.0
0.0	1.0
-0.012569370679557323	0.016
-1.2054435956088128e-06	0.0
0.0	1.0
0.0	1.0
0.0	1.0
-0.0003614845627453178	0.0
-0.00018994069250766188	0.0
0.0	0.0
-2.7286566339768115e-09	1.0
-0.0004520079237408936	0.0
0.0	1.0
0.0	1.0
0.0	1.0
0.0	0.0
-0.0008535381639376283	0.0
-0.004134755115956068	0.0
0.0	1.0
0.0	0.0
-3.5861322089658643e-07	0.0
-6.224357639439404e-05	0.0
0.0	0.0
-0.0014308795798569918	0.0
-7.185364211181877e-06	0.0
-0.0013306090841069818	1.0
-0.002444258891046047	0.0
-6.092599313944902e-09	0.434
0.0	0.0
0.0	0.0
-4.715290629064839e-07	1.0
0.0	1.0
0.0	1.0
0.0	1.0
0.0	0.0
-0.00010614811617415398	0.0
-0.009515599347651005	0.0
0.0	0.0
-0.00038396904710680246	0.0
0.0	0.0
-7.267081400641473e-06	0.05827263267429761
0.0	0.05827263267429761
-0.0019136930350214243	0.0413135593220339
-0.0003139935724902898	0.008771929824561403
0.0	0.5444915254237288
-1.790312489902135e-05	0.13157894736842105
0.0	1.0
0.0	0.0
-0.0010619905078783631	0.0
0.0	0.508994708994709
0.0	0.508994708994709
-0.0005771176656708121	0.481
-1.2876803623385058e-07	0.0
-0.0008151029469445348	1.0
0.0	1.0
-8.088117283477914e-06	0.481
0.0	1.0
0.0	1.0
0.0	1.0
0.0	1.0
0.0	1.0
0.0	1.0
0.0	0.0
0.0	0.0038535645472061657
-0.0001402917696395889	0.0
0.0	0.0
-0.00025296802050434053	0.0
0.0	0.0
0.0	0.481
-0.0026387011166661978	0.0
0.0	1.0
-0.034133296459913254	0.0
-1.6413069943155278e-06	0.0
0.0	1.0
-0.0024298238568007946	0.0
-4.781365987582831e-06	0.0
0.0	1.0
0.0	0.0
0.0	1.0
0.0	0.0
0.0	0.0019267822736030828
0.0	0.001
-2.386975893386989e-06	0.002002002002002002
0.0	1.0
0.0	1.0
0.0	1.0
-0.032772913575172424	0.0
-0.002286634873598814	0.0
0.0	1.0
-0.0004412199486978352	1.0
0.0	1.0
-8.208086001104675e-06	1.0
0.0	0.0
0.0	0.0
-1.2673002913743403e-07	1.0
0.0	1.0
0.0	1.0
0.0	1.0
0.0	1.0
-0.02270619198679924	0.0
0.0	1.0
0.0	1.0
0.0	1.0
0.0	1.0
0.0	0.0
0.0	1.0
-2.606357156764716e-06	1.0
0.0	0.3633633633633634
-0.014008169062435627	0.0
-1.1205096572819429e-10	1.0
0.0	0.0
0.0	0.363
0.0	1.0
-3.3886484743561596e-05	1.0
-0.003952282480895519	0.0
-8.825705663184635e-06	1.0
0.0	1.0
0.0	1.0
0.0	0.0
-0.00010132125316886231	0.0
0.0	0.0
0.0	0.0
0.0	1.0
0.0	0.0
0.0	0.595
0.0	1.0
-1.0688943952175123e-08	0.12
-2.1937801648164168e-05	0.0
0.0	1.0
-3.787089397633281e-08	0.1144578313253012
0.0	0.0
0.0	0.0
-2.4257453333120793e-05	1.0
-2.8544236556626856e-06	0.0
0.0	0.0
0.0	1.0
0.0	0.0
-5.784177687928604e-07	0.0
0.0	0.0
-1.859405870163755e-06	0.0
-0.0006518085720017552	1.0
0.0	1.0
-4.637932943296619e-05	1.0
-0.0003353429492563009	1.0
0.0	0.0
-0.0003429816570132971	0.0
0.0	0.0
0.0	1.0
0.0	1.0
0.0	1.0
0.0	0.0
-6.944067990843905e-06	0.0
0.0	1.0
0.0	1.0
-8.333751611644402e-05	1.0
-0.00028298256802372634	1.0
0.0	1.0
0.0	1.0
0.0	1.0
0.0	0.0
-0.05456602945923805	0.0
0.0	1.0
-1.1131386090657003e-10	0.228
0.0	0.0
-9.839785945554928e-21	1.0
0.0	0.173
0.0	0.0
-4.335335006544483e-07	1.0
0.0	0.174
0.0	1.0
-1.9138624338665977e-05	0.005005005005005005
0.0	0.0010050251256281408
-1.5431534166054917e-06	0.0011641443538998836
-2.4822666091495194e-05	0.0011641443538998836
-0.0061782002449035645	0.0
-0.000869017734657973	0.0
-1.5851460943849816e-07	0.0
-3.519833262544125e-05	0.001
0.0	1.0
0.0	1.0
0.0	1.0
0.0	0.0
0.0	0.002304147465437788
-0.007228627800941467	0.0
0.0	1.0
0.0	0.0
0.0	0.015476190476190477
0.0	1.0
-3.676485357573256e-05	1.0
-3.754411892487042e-09	1.0
-0.0001518027565907687	0.0
-0.0022847854997962713	1.0
0.0	0.0
0.0	0.0
-2.0856759874732234e-06	0.0
-0.00012626293755602092	0.0
0.0	0.0
0.0	0.0
0.0	0.0
-0.00032426000689156353	1.0
0.0	1.0
0.0	0.0
0.0	0.008316008316008316
0.0	0.434
0.0	1.0
-0.017290964722633362	0.0
0.0	1.0
0.0	1.0
0.0	0.0
-1.0904275882239745e-07	1.0
-5.153239908395335e-05	0.0
-2.5372162326675607e-06	1.0
0.0	0.0
-4.403008177240181e-13	0.0
0.0	1.0
-4.0516384615330026e-05	1.0
0.0	1.0
0.0	1.0
-0.012839728966355324	0.0
0.0	1.0
-0.0004756361886393279	1.0
0.0	0.11753371868978806
-0.0003773529315367341	0.0
-0.0011595862451940775	1.0
-0.0006325942231342196	0.0
-0.00697339279577136	0.0
0.0	0.0
-0.000423790275817737	0.0
0.0	0.0
0.0	0.0
0.0	1.0
0.0	0.0
0.0	1.0
-0.0007801096071489155	1.0
-0.005967671051621437	0.0
0.0	1.0
0.0	1.0
-2.112123002007138e-05	1.0
0.0	1.0
0.0	0.0
0.0	0.0
