0.0	0.0
-1.3462371498462744e-05	1.0
0.0	1.0
0.0	0.0
0.0	0.04573170731707317
0.0	0.1016260162601626
0.0	0.0
-2.0652749299188145e-05	1.0
0.0	0.0
0.0	1.0
0.0	0.136
-0.0008026946452446282	0.0
0.0	0.0
0.0	0.081
0.0	0.0
0.0	1.0
0.0	1.0
0.0	0.0
-3.111187538706872e-07	0.0
0.0	1.0
0.0	1.0
0.0	1.0
0.0	0.0
0.0	1.0
-0.0006040995940566063	0.0
0.0	1.0
-0.0007068038103170693	0.081
0.0	1.0
-0.0012008941266685724	0.0
0.0	0.0
0.0	0.0
-1.85123541496246e-10	0.001091703056768559
0.0	1.0
0.0	1.0
0.0	1.0
0.0	1.0
0.0	1.0
-5.794684199145195e-08	1.0
0.0	1.0
-0.005705084186047316	0.0
0.0	1.0
0.0	0.10793650793650794
0.0	1.0
-0.00019320893625263125	0.0
0.0	1.0
0.0	0.0
0.0	0.0
0.0	1.0
0.0	1.0
-2.5384278012907657e-12	1.0
-9.527485417493153e-06	1.0
-0.16603419184684753	0.0
0.0	1.0
0.0	1.0
-0.00023380339553114027	0.0
0.0	1.0
-2.3770123647182118e-08	1.0
0.0	0.0
0.0	1.0
0.0	0.0
0.0	1.0
-9.753929930411687e-08	1.0
-0.0002327888214495033	1.0
0.0	1.0
-0.0017752355197444558	1.0
0.0	1.0
0.0	1.0
0.0	1.0
-0.0019953888840973377	0.0
0.0	1.0
0.0	1.0
-8.48621880322753e-07	1.0
0.0	0.0
-0.00043131181155331433	0.945
-1.8580935401413257e-10	1.0
-6.7511664383346215e-06	1.0
-0.0005655316635966301	1.0
0.0	0.945
0.0	1.0
0.0	1.0
0.0	1.0
0.0	1.0
-0.00046153986477293074	0.0
-0.004587677773088217	0.0
0.0	1.0
-0.02615233324468136	0.0
-1.9505494492477737e-05	0.0
-0.00032793908030726016	1.0
0.0	0.0021164021164021165
0.0	1.0
-1.518077897344483e-05	1.0
-1.550077755041457e-08	1.0
-0.00036858374369330704	0.0
0.0	0.0
0.0	1.0
0.0	1.0
-0.0038683931343257427	1.0
0.0	0.0
0.0	0.0
0.0	0.026
-0.00013270693307276815	1.0
0.0	1.0
-1.8804452338372357e-05	1.0
0.0	0.0
0.0	0.0
0.0	0.063
0.0	0.0
-0.0038458697963505983	0.0
0.0	0.0
-2.739718638622435e-07	1.0
-0.0008180836448445916	0.0
-9.3514820036944e-05	0.0
-6.701126835650939e-07	0.0
-1.4984905646997504e-05	0.0
-5.105453510623192e-06	0.001
-7.0300725383276585e-06	0.0
-0.00511708902195096	0.0012987012987012987
0.0	0.0
-0.0011801570653915405	0.0
0.0	1.0
-0.0060363635420799255	0.0
-9.558718738844618e-05	0.0
0.0	1.0
-5.507123205461539e-05	1.0
0.0	1.0
0.0	1.0
0.0	0.0
-0.0010165233397856355	0.014814814814814815
-0.000867898459546268	0.0
0.0	1.0
-7.077744206690495e-12	0.009
0.0	1.0
0.0	0.0
-5.132823162057321e-07	1.0
-1.2080141303504738e-13	0.0
-0.00042576008127070963	0.0
-4.979342520528007e-06	0.0
0.0	0.945
-0.00016141792002599686	0.945
0.0	0.0
0.0	0.0
0.0	0.0
0.0	0.0
0.0	1.0
0.0	0.0
0.0	0.0
-0.00043700734386220574	1.0
-0.0001333863037871197	0.0
-0.00029781152261421084	0.006711409395973154
-1.973418648049119e-06	0.0
-0.0014985693851485848	1.0
-0.001732681761495769	1.0
0.0	1.0
0.0	1.0
-0.00037498463643714786	1.0
0.0	0.0
0.0	0.001
0.0	0.0
-0.0002294157020514831	1.0
-6.364146975101903e-05	1.0
0.0	0.0
0.0	1.0
-4.44328979938291e-05	1.0
-0.0006129373796284199	1.0
0.0	1.0
0.0	1.0
0.0	0.09090909090909091
0.0	1.0
-0.00041661973227746785	1.0
-0.023129258304834366	0.0
0.0	0.0
0.0	1.0
-0.0005619229050353169	1.0
0.0	1.0
0.0	1.0
0.0	1.0
0.0	1.0
-0.014489259570837021	0.0
-5.448235242511146e-05	1.0
-6.873960289865977e-10	1.0
-0.0022050829138606787	0.04
0.0	0.0
-0.007266892120242119	0.0
0.0	0.0
-0.0010144292609766126	0.0
0.0	0.154
-0.00632253335788846	0.0
0.0	0.0
-0.0005886698490940034	0.149
0.0	0.0
-1.4361805966700558e-08	0.0
0.0	1.0
0.0	0.0
0.0	0.0
0.0	1.0
-0.0002795965119730681	1.0
-2.8085852932235866e-07	1.0
0.0	1.0
-3.987007403338794e-06	1.0
0.0	1.0
-0.0006893345271237195	1.0
-0.0010761909652501345	1.0
0.0	0.018
0.0	0.0
0.0	1.0
-6.214782843017019e-06	0.0
0.0	1.0
-0.0001714460231596604	0.0
0.0	0.0
-4.199856994091533e-05	0.0
0.0	0.0
-1.8818978730905656e-07	0.0
0.0	1.0
0.0	0.0
-0.0003478448779787868	0.051
-2.3206592913993518e-07	0.051
-0.000505718810018152	0.051
0.0	1.0
-0.01119155716150999	0.0
0.0	1.0
-0.0008507301099598408	0.0
0.0	0.0
0.0	1.0
0.0	1.0
-3.294922862551175e-05	1.0
-0.005502771120518446	0.0
-5.63401181352674e-06	1.0
-9.813288670557085e-08	1.0
0.0	1.0
0.0	1.0
0.0	1.0
0.0	0.0028735632183908046
-6.60942419017374e-07	1.0
0.0	1.0
0.0	1.0
0.0	1.0
0.0	1.0
0.0	0.0
0.0	0.0
0.0	0.0
0.0	1.0
0.0	0.0
-9.947090438799933e-05	0.945
0.0	0.0
0.0	1.0
-6.786322774132714e-05	1.0
0.0	1.0
0.0	1.0
0.0	1.0
-2.411549360203935e-07	1.0
0.0	0.0
0.0	1.0
0.0	0.0
-0.0010761406738311052	0.0
-5.027405495638959e-05	0.0
0.0	0.0
-0.0006698814104311168	1.0
0.0	0.0
0.0	1.0
-9.533569391351193e-05	1.0
0.0	1.0
0.0	0.0
0.0	0.021164021164021163
-0.0003573358990252018	0.0
0.0	0.0
-4.460587010868267e-09	1.0
0.0	1.0
0.0	1.0
0.0	0.0
-2.0150073016395043e-12	1.0
-7.408398200459132e-11	1.0
-0.000425992562668398	0.0
-0.0001551132882013917	0.0
0.0	1.0
0.0	0.0
-4.080077815160621e-06	0.0
0.0	1.0
0.0	0.0
0.0	0.0
0.0	1.0
-6.750819014911258e-09	1.0
0.0	0.005747126436781609
-9.815022058989875e-14	1.0
0.0	1.0
-0.0001236937678186223	0.0
-2.2027547856851015e-06	0.001
-1.305629120906815e-05	1.0
0.0	1.0
0.0	0.0
0.0	0.0
-0.003496704390272498	0.0
-0.009301071055233479	0.0
0.0	0.0
0.0	1.0
0.0	0.0
0.0	1.0
0.0	0.023397761953204477
-2.711961712975608e-07	1.0
0.0	1.0
0.0	0.0
0.0	1.0
-7.866721318805503e-08	0.0
-0.07718394696712494	0.0
0.0	1.0
0.0	1.0
-0.013634368777275085	0.0
0.0	1.0
-0.004384330008178949	0.0
0.0	0.004
0.0	0.19759277833500502
0.0	0.19759277833500502
0.0	0.009722222222222222
0.0	0.008739076154806492
-0.0010430465918034315	0.008739076154806492
0.0	0.008739076154806492
0.0	1.0
0.0	1.0
-0.0010048779658973217	0.0
0.0	1.0
-7.110230944817886e-05	0.0049813200498132005
-3.514581112540327e-05	1.0
0.0	0.0
0.0	0.0
0.0	1.0
-1.4218846899893833e-07	0.0
0.0	1.0
0.0	0.009
-2.627064532134682e-05	0.009
0.0	0.0
0.0	0.0
0.0	0.0
0.0	0.0
0.0	1.0
-0.014195744879543781	0.0
-0.00016136605700012296	0.0
0.0	0.0
0.0	0.0
-9.739001605169051e-09	0.0
0.0	0.0
0.0	0.0
-3.8157376563985324e-11	0.0
-2.4013959318835987e-06	1.0
0.0	1.0
0.0	0.0
0.0	0.0
-0.002502822782844305	0.37
0.0	0.0
-4.761683157994412e-06	0.0
-4.3567584384618385e-07	1.0
0.0	0.0
-1.907688783830963e-05	1.0
0.0	0.0
0.0	0.0
0.0	1.0
-7.279911048985177e-12	0.0
-0.0001028592450893484	0.006
0.0	1.0
0.0	1.0
-2.6461253582965583e-05	1.0
0.0	1.0
0.0	1.0
-8.570260251872241e-05	0.0
-0.0005713473074138165	1.0
0.0	0.055
0.0	1.0
0.0	1.0
0.0	1.0
0.0	0.045090180360721446
0.0	0.0
-0.003501954022794962	0.0020942408376963353
-0.0010928647825494409	0.045090180360721446
-3.923341864719987e-06	0.0020942408376963353
0.0	1.0
0.0	1.0
-0.0017716175643727183	0.0
-0.0010428761597722769	0.002
0.0	1.0
0.0	1.0
0.0	1.0
-5.868304924661061e-06	0.0
0.0	0.0
0.0	0.0
-3.2518688385607675e-05	0.0
-0.005080877337604761	0.0
0.0	0.0
-0.00013834588753525168	1.0
0.0	0.0
0.0	0.0
-3.1845265766605735e-05	1.0
0.0	0.0
0.0	1.0
-1.585563413420213e-13	1.0
0.0	0.0
-0.000146595761179924	1.0
0.0	0.0
0.0	0.04374364191251272
0.0	1.0
0.0	1.0
0.0	0.0
-2.1133775589987636e-05	1.0
0.0	1.0
0.0	1.0
0.0	1.0
0.0	0.0
0.0	0.0
-0.0001941291702678427	0.0
-0.0039059012196958065	0.0
0.0	1.0
0.0	1.0
0.0	1.0
0.0	0.06133625410733844
0.0	1.0
0.0	0.0
0.0	1.0
-0.00048274805885739625	0.0
-4.663360414269846e-06	0.01818181818181818
0.0	0.0
-6.904109613969922e-05	1.0
0.0	0.0
0.0	0.0
-9.255621262127534e-05	0.0
-2.0462446173041826e-06	0.0
0.0	1.0
0.0	0.0
-0.00012036845873808488	0.0
-2.4213992219301872e-05	1.0
0.0	1.0
0.0	1.0
-0.0008715292206034064	0.15572033898305085
-2.799955655063968e-05	1.0
0.0	1.0
-0.0004405594081617892	0.0
-0.002743687015026808	0.0
-2.5120604381367873e-12	1.0
-5.7339038903592154e-06	0.0
-4.700926564552654e-18	1.0
0.0	1.0
-0.005685831420123577	0.0
0.0	0.0
0.0	1.0
-0.0010010824771597981	0.031031031031031032
-4.5178728813599633e-11	1.0
-0.002217371016740799	1.0
0.0	1.0
0.0	1.0
0.0	1.0
-0.0001941653317771852	1.0
-0.06430597603321075	0.0
0.0	0.08783068783068783
-4.1217554098693654e-05	0.0
-0.001357463886961341	1.0
-0.00034864572808146477	1.0
0.0	1.0
0.0	1.0
-0.0030153871048241854	1.0
0.0	0.945
-1.7559369236419542e-10	1.0
-1.998541847569868e-05	1.0
0.0	0.0
0.0	0.0
0.0	1.0
-0.000548769545275718	0.0
0.0	0.0
0.0	1.0
0.0	1.0
-0.0006542952614836395	0.0
0.0	0.0
-1.6080280440533556e-09	0.0
0.0	1.0
0.0	1.0
0.0	0.001
-4.073530401882408e-09	1.0
-1.7336949440505123e-06	1.0
-2.1220499135665705e-08	1.0
-0.0019815065898001194	0.0
-0.00042876630323007703	0.0
0.0	0.055
0.0	1.0
-2.391092266407213e-06	0.0
0.0	1.0
0.0	0.0
-2.307930844835937e-05	0.0
0.0	1.0
0.0	0.0
0.0	0.0
-0.0005925694131292403	0.0
0.0	1.0
-7.919884956208989e-05	1.0
0.0	0.0
0.0	1.0
0.0	0.0
-0.0040684654377400875	0.0
0.0	0.0
0.0	1.0
0.0	1.0
0.0	0.0
0.0	1.0
0.0	1.0
-7.47603849049483e-07	0.0
-7.356463527230517e-08	1.0
-2.6411617000121623e-06	0.0
-7.753521640552208e-05	0.0
0.0	1.0
0.0	0.0
0.0	1.0
-0.0009659319766797125	0.027513227513227514
0.0	0.002
0.0	1.0
-6.0126345488242805e-05	1.0
0.0	0.0
0.0	1.0
-6.936497084097937e-05	0.145
0.0	1.0
0.0	0.0
-0.023282160982489586	0.0
0.0	1.0
0.0	1.0
0.0	0.0
-0.0026142941787838936	1.0
0.0	1.0
-0.003496293444186449	0.0
-1.3437339703159523e-06	0.0
-4.984322329870672e-11	0.0010718113612004287
0.0	1.0
0.0	0.0
0.0	1.0
0.0	1.0
0.0	1.0
0.0	1.0
-5.304388395188653e-08	0.0
-2.6732391233963426e-07	1.0
0.0	0.0
-0.0003934142296202481	0.014
-0.0001999263186007738	0.0
0.0	0.0
0.0	0.0
0.0	1.0
0.0	0.0
0.0	1.0
-5.0715982069959864e-05	1.0
0.0	1.0
-0.0030387460719794035	1.0
-0.00029768029344268143	0.0
0.0	1.0
-0.002856417326256633	0.0
-0.0015874860109761357	1.0
0.0	0.0
0.0	1.0
-0.0013542169472202659	0.0
0.0	0.0
0.0	0.0
-0.00010203638521488756	0.001
0.0	0.041
0.0	0.0
0.0	1.0
-3.074341748288134e-06	0.0
0.0	1.0
0.0	0.0
-0.0005852084723301232	0.0
-1.1599813660723157e-06	0.004
0.0	1.0
-3.477996224896841e-14	1.0
0.0	0.0
-1.9184904886060394e-05	0.0
0.0	0.0
-1.2711301678791642e-05	1.0
0.0	0.0025
0.0	1.0
-0.004576513078063726	0.001
0.0	1.0
0.0	0.0
0.0	0.0
0.0	1.0
0.0	0.0
-0.0002154563262593001	1.0
-0.0014141520950943232	0.11322751322751323
0.0	0.0022396416573348264
-2.1951241251372267e-06	0.20040080160320642
0.0	0.0025
-0.00450635002925992	0.003
-0.07240267843008041	0.0
0.0	1.0
-1.9070749424088262e-09	1.0
0.0	1.0
-0.0007068918785080314	1.0
0.0	0.0
0.0	1.0
0.0	1.0
-0.002555575454607606	0.3682539682539683
-7.47281956137158e-05	1.0
-4.9131881407689674e-17	0.0843558282208589
0.0	1.0
-0.0013935579918324947	1.0
0.0	0.0
0.0	1.0
-4.700550107372692e-06	1.0
-3.844356251647696e-05	0.0
-0.0014537964016199112	1.0
-0.0002508047327864915	1.0
0.0	0.0021208907741251328
-0.0019395089475437999	1.0
0.0	1.0
0.0	1.0
0.0	1.0
0.0	1.0
0.0	1.0
-0.0006840637652203441	0.0
0.0	0.0
0.0	0.0
0.0	1.0
0.0	1.0
0.0	0.0
0.0	0.0
0.0	1.0
0.0	0.0
0.0	1.0
0.0	1.0
0.0	1.0
0.0	1.0
0.0	1.0
-3.0434892323683016e-05	1.0
-3.393148517716327e-08	1.0
0.0	0.0
0.0	1.0
-2.9901140806032345e-05	1.0
0.0	1.0
0.0	0.0
-2.323871967746527e-06	1.0
