0.0	0.0
-3.978090171585791e-05	1.0
-0.0034039965830743313	0.028
0.0	1.0
0.0	0.0
-0.0038646503817290068	0.0
0.0	1.0
0.0	1.0
-0.0004842897760681808	0.0
0.0	0.0
0.0	1.0
0.0	1.0
0.0	1.0
0.0	0.0
0.0	0.0
0.0	1.0
0.0	1.0
-0.00023442594101652503	0.0
0.0	0.061
-0.0005414601764641702	0.0
-0.0005241816979832947	0.0
0.0	0.0
0.0	1.0
0.0	1.0
0.0	0.0
0.0	1.0
0.0	0.0
0.0	0.0
-0.004057326819747686	0.0
-0.000779011519625783	1.0
0.0	0.0
-7.162937549765047e-07	1.0
0.0	1.0
0.0	1.0
0.0	1.0
0.0	0.0
-6.67610001983121e-05	1.0
-8.1515505456764e-10	0.0
0.0	1.0
-6.836049237790576e-07	1.0
-0.008498826995491982	0.0
0.0	1.0
0.0	1.0
0.0	1.0
0.0	1.0
0.0	0.0
0.0	1.0
0.0	1.0
-1.482220142179358e-07	1.0
-3.565433814856078e-08	1.0
0.0	1.0
-0.0019185617566108704	0.0
0.0	0.07440100882723834
-0.0072002471424639225	0.0
0.0	1.0
0.0	0.0
-2.982041849008965e-07	1.0
-0.00018836837261915207	1.0
0.0	1.0
-9.367470920551568e-05	0.0
0.0	0.0
0.0	0.0
0.0	0.0
0.0	1.0
0.0	0.0
-0.00028444541385397315	1.0
0.0	1.0
0.0	1.0
-0.0007969412836246192	0.0030120481927710845
0.0	0.0
0.0	0.003
0.0	0.0
0.0	1.0
0.0	0.0
0.0	0.0
0.0	0.0
0.0	0.0
-0.0008410842274315655	1.0
-0.00039854840724729	0.0
0.0	0.0
0.0	1.0
-0.015697699040174484	0.0
0.0	0.0
-0.0009629753767512739	0.0048250904704463205
0.0	1.0
0.0	1.0
0.0	1.0
-0.009503135457634926	0.012062726176115802
-0.0027283085510134697	0.0
-0.0016159556107595563	0.0
0.0	0.0
0.0	1.0
-0.010479062795639038	0.0
-6.557617098224e-07	1.0
-0.00013214124192018062	1.0
0.0	1.0
0.0	0.0
0.0	0.003
0.0	0.007
0.0	0.0
-2.214560936408816e-06	0.0
-2.085841515508946e-05	0.0
0.0	1.0
-0.002046665409579873	1.0
0.0	1.0
0.0	0.028
0.0	1.0
0.0	1.0
0.0	1.0
0.0	1.0
-1.2362027642658807e-15	1.0
0.0	1.0
0.0	1.0
-8.506302719979431e-07	1.0
-2.9457050914061256e-05	1.0
-3.2462314720760332e-06	0.821
0.0	0.0
-9.707274983838943e-08	0.0
-0.004287113901227713	0.0
0.0	1.0
0.0	0.0
0.0	1.0
-1.911739309434779e-05	1.0
0.0	0.0
-1.704685246295412e-07	1.0
0.0	0.0
-3.2397463201050414e-07	0.0
-1.0239958101010416e-05	1.0
-2.6811554562300444e-05	1.0
0.0	1.0
0.0	0.0
0.0	1.0
0.0	1.0
-7.581136287626578e-07	0.0
0.0	1.0
-9.41384485031449e-07	1.0
0.0	1.0
0.0	0.0
0.0	1.0
-0.00011703871859936044	0.0
0.0	0.012
-2.825870797096286e-05	1.0
-9.49794048210606e-06	1.0
-3.647558969532838e-06	0.0
0.0	0.0
0.0	0.0
0.0	1.0
0.0	1.0
0.0	0.0
0.0	1.0
-5.984310291751171e-08	0.0
-0.009843820706009865	0.0
-6.50743895675987e-05	0.0
0.0	1.0
0.0	0.0
0.0	0.0
0.0	0.0
-3.622596341301687e-05	1.0
-3.276374657690262e-11	0.0
0.0	1.0
0.0	1.0
-4.69739934487734e-05	1.0
-0.002419058931991458	0.03333333333333333
0.0	1.0
0.0	0.07186358099878197
0.0	1.0
-0.00047943455865606666	0.18566775244299674
0.0	1.0
0.0	0.0
0.0	0.17290192113245703
0.0	0.17290192113245703
0.0	1.0
0.0	1.0
0.0	0.0
0.0	0.15440289505428226
0.0	1.0
0.0	0.17117117117117117
-0.0013344214530661702	0.171
-0.0017055972712114453	1.0
0.0	1.0
0.0	1.0
-4.4568176349457644e-07	0.0
-0.0009247555281035602	1.0
0.0	1.0
-1.5692548913648352e-05	1.0
0.0	0.0
0.0	1.0
-0.0023157610557973385	0.0
0.0	0.008556149732620321
0.0	1.0
-2.478450085163786e-07	1.0
0.0	0.013317191283292978
0.0	0.17452357071213642
0.0	0.0036319612590799033
0.0	0.174
-0.000973388843704015	1.0
0.0	0.0
0.0	0.0
0.0	1.0
-0.00045736259198747575	1.0
0.0	0.0
-4.1537452943885e-07	1.0
-0.007226268295198679	0.031
0.0	0.0
0.0	1.0
0.0	1.0
-0.06830674409866333	0.0
-0.039793938398361206	0.0
0.0	1.0
0.0	0.0
-0.002280674409121275	1.0
0.0	1.0
0.0	0.0
0.0	0.0
0.0	0.0
0.0	1.0
0.0	1.0
-0.0009705254342406988	0.0
0.0	1.0
0.0	1.0
0.0	1.0
-0.028015311807394028	0.0
0.0	0.0
-1.2154362802677121e-12	1.0
0.0	1.0
0.0	1.0
0.0	1.0
-7.136594604162383e-07	1.0
-1.024383095682424e-06	1.0
-0.00013113640306983143	0.0
0.0	0.0
0.0	0.992
0.0	0.0
0.0	0.992
0.0	1.0
0.0	1.0
0.0	0.0
-0.005642370320856571	0.0
0.0	1.0
0.0	1.0
0.0	0.0
-1.71864678044642e-09	1.0
0.0	1.0
-2.6263513063895516e-05	1.0
0.0	0.013131313131313131
-2.329228898645397e-08	0.010131712259371834
-0.00014757814642507583	0.010131712259371834
-0.05681553855538368	0.0
0.0	1.0
0.0	1.0
-0.00019988665007986128	1.0
0.0	1.0
0.0	0.008040201005025126
0.0	0.008040201005025126
0.0	0.0
0.0	1.0
0.0	1.0
-0.00015152587729971856	0.0
0.0	0.0
-2.5042077140824404e-06	0.0
-2.429023311378842e-07	1.0
0.0	1.0
-5.506865818460938e-06	1.0
-0.0014437503414228559	1.0
0.0	0.0
0.0	1.0
0.0	1.0
-1.359377332921241e-10	0.0
-0.0002443420817144215	1.0
-0.00018707269919104874	0.0
0.0	1.0
-0.001997821731492877	0.0
0.0	1.0
-6.534064596053213e-05	1.0
0.0	0.0
0.0	1.0
0.0	0.0
0.0	0.0
0.0	1.0
0.0	0.002967359050445104
0.0	1.0
0.0	1.0
0.0	1.0
-8.660944877192378e-05	1.0
0.0	1.0
-0.021406300365924835	0.0
-2.673175185918808e-05	0.0
-0.00785774551331997	0.0
-0.0040727038867771626	0.157
0.0	1.0
0.0	1.0
0.0	0.0
0.0	1.0
0.0	0.059
0.0	1.0
0.0	0.059
0.0	0.0
0.0	0.059
0.0	1.0
0.0	0.0
-0.0014499427052214742	0.0
0.0	0.0
0.0	0.0
0.0	1.0
-0.0022592092864215374	0.0
0.0	1.0
0.0	0.0
0.0	0.0
0.0	1.0
0.0	1.0
0.0	0.0
0.0	1.0
0.0	1.0
0.0	0.0
0.0	0.0
-0.0001069471036316827	0.0
0.0	0.0
-0.0001456938625779003	1.0
0.0	1.0
0.0	1.0
0.0	0.0
-0.0008025308488868177	0.0
0.0	1.0
0.0	0.0
-9.31096565182088e-06	1.0
0.0	0.0
-0.007007035426795483	0.0
-1.648272664189765e-11	1.0
0.0	1.0
0.0	0.0
0.0	0.0
0.0	0.0
0.0	1.0
0.0	0.0
0.0	1.0
0.0	1.0
-0.005192789249122143	0.00303951367781155
-0.003163438057526946	0.0
-0.015973592177033424	0.0
-5.292120113153942e-05	1.0
0.0	1.0
0.0	1.0
-1.8125925635104068e-05	0.0
0.0	0.008
0.0	0.032
-1.863995294115739e-06	0.0
-0.0010597537038847804	0.0
0.0	0.098
0.0	0.098
-8.943186003307346e-06	0.0
0.0	0.098
0.0	0.0
0.0	0.0
-1.0902234862442128e-05	0.001
-0.0006659674691036344	1.0
0.0	1.0
0.0	1.0
0.0	0.004
-0.006819023750722408	0.0
0.0	0.0
0.0	0.0
0.0	0.0
-1.509059984527994e-05	0.822
0.0	0.001221001221001221
-0.0026657297275960445	0.0
0.0	0.0
0.0	0.0
-0.0004226996679790318	0.002004008016032064
-1.5103989170484056e-09	0.0
0.0	0.0
-0.0012153149582445621	1.0
-6.414174549718155e-06	1.0
0.0	0.001
-1.6877935422598966e-06	0.0
-0.013476732186973095	0.0
-0.017237842082977295	0.0
-1.0725870680516891e-07	0.0
-2.3609905838384293e-05	1.0
0.0	0.0
-0.0002103467850247398	0.0
-0.006246353965252638	0.0
0.0	1.0
0.0	0.09060022650056625
0.0	1.0
0.0	0.0
0.0	0.0
-0.002464449964463711	1.0
0.0	0.0
-1.4941702042303717e-10	0.0
-0.002927865367382765	0.09567901234567901
-0.0012550611281767488	0.09567901234567901
-0.00017614067473914474	1.0
0.0	0.09327983951855567
0.0	0.0
0.0	1.0
0.0	0.0
-0.0015512093668803573	0.0
0.0	0.821
-3.3452633942943066e-05	0.821
0.0	1.0
0.0	0.821
0.0	0.821
-8.123946463456377e-05	0.0
0.0	0.0
0.0	0.8276209677419355
0.0	0.0
0.0	0.821
-0.0032806142698973417	0.0
0.0	0.0
0.0	0.0
-0.0007333909743465483	0.0
0.0	1.0
0.0	1.0
0.0	1.0
0.0	0.08
0.0	0.0
0.0	1.0
0.0	1.0
0.0	1.0
0.0	1.0
-0.001443276647478342	1.0
-0.00012903931201435626	0.0
-0.0006058395374566317	0.0
-0.0008154040551744401	0.0
0.0	1.0
0.0	0.0
0.0	1.0
-3.0351837267517112e-05	0.0
0.0	1.0
-0.003683598479256034	0.0
-0.000610454473644495	1.0
-4.718317541119177e-06	1.0
0.0	0.0
-0.025361599400639534	0.0
0.0	0.0
0.0	1.0
0.0	1.0
-0.0004055319877807051	0.0
-0.0002428207517368719	1.0
0.0	1.0
0.0	0.0
0.0	1.0
0.0	0.002
-0.004986238665878773	0.005847953216374269
0.0	1.0
0.0	1.0
0.0	1.0
0.0	1.0
0.0	0.059475806451612906
0.0	0.059
0.0	0.083
-0.0016616134671494365	0.0
-2.8298595680098515e-06	0.09507445589919816
0.0	1.0
-0.0007195143844000995	1.0
0.0	0.0
0.0	0.0
0.0	1.0
0.0	1.0
-0.00897210743278265	0.0
0.0	0.004
-1.6226080333581194e-05	1.0
-5.0451890274416655e-06	0.008
0.0	1.0
0.0	1.0
-0.012850531376898289	0.0
0.0	0.0
0.0	1.0
0.0	1.0
-0.0012197314063087106	0.0
0.0	1.0
0.0	0.13871374527112232
0.0	1.0
-3.787458626902662e-05	1.0
0.0	1.0
0.0	0.0
0.0	0.0
0.0	0.0
0.0	1.0
-3.83625319955172e-06	0.0
0.0	1.0
-0.0043519469909369946	1.0
-1.2568849342642352e-05	0.0
0.0	0.0
0.0	0.0
0.0	0.0
0.0	1.0
-0.00018408424512017518	1.0
0.0	0.0
0.0	0.0
0.0	0.0
0.0	0.003
-0.0007090034196153283	0.0
0.0	0.0
-7.262303552124649e-05	0.0
-0.00027707821573130786	1.0
0.0	0.0
-9.528760074317688e-07	0.0
0.0	1.0
0.0	1.0
-8.856708882376552e-05	1.0
0.0	0.0
0.0	0.0
0.0	0.0
0.0	1.0
-0.0001311302330577746	0.0
0.0	0.0
-2.425948935069755e-07	0.0
0.0	1.0
-9.776436854735948e-06	1.0
0.0	1.0
0.0	1.0
0.0	0.0
0.0	0.0
-1.5341236121457769e-06	0.016
0.0	0.0
-9.424531162949279e-05	1.0
0.0	0.0
0.0	0.0
0.0	0.0
0.0	0.0
0.0	1.0
0.0	1.0
0.0	1.0
-0.0002899740356951952	1.0
-0.0004214778309687972	1.0
0.0	1.0
0.0	1.0
0.0	0.0
-1.7594881107640958e-10	1.0
0.0	1.0
0.0	0.0
0.0	1.0
0.0	0.0
0.0	0.0
0.0	1.0
0.0	0.0
0.0	0.0010162601626016261
0.0	0.0
-0.012367631308734417	0.005763688760806916
-3.7258644169924082e-06	1.0
-0.0008326770621351898	0.0
0.0	0.0
-1.2385293302941136e-05	1.0
-3.7204725344963663e-07	1.0
0.0	0.0
-0.0004833948623854667	1.0
0.0	1.0
0.0	1.0
-1.271060767749077e-07	1.0
0.0	0.0
-1.8970276869367808e-05	0.0
0.0	1.0
-6.290439341682941e-05	1.0
-4.678220284404233e-05	0.0
-0.0010429193498566747	0.0
0.0	0.0
0.0	0.037
0.0	0.0
0.0	1.0
0.0	0.037037037037037035
-0.0001408533426001668	0.0010384215991692627
-0.0033026833552867174	0.0010384215991692627
-0.005069131031632423	0.0
0.0	1.0
0.0	1.0
0.0	1.0
-0.0008832489838823676	1.0
0.0	1.0
-3.5389101071814366e-07	1.0
0.0	1.0
-7.792800182926385e-09	1.0
0.0	1.0
-0.003236901480704546	0.0
0.0	1.0
0.0	0.0
0.0	1.0
0.0	0.0
0.0	0.992
0.0	0.0
0.0	0.0
0.0	1.0
0.0	1.0
0.0	1.0
-4.029291812912561e-05	1.0
0.0	1.0
0.0	1.0
0.0	1.0
-3.489157461444847e-05	1.0
-6.36711047263816e-05	1.0
0.0	1.0
0.0	1.0
0.0	1.0
-2.0888945073238574e-05	0.0
0.0	1.0
0.0	1.0
-2.6689427613746375e-05	1.0
0.0	0.0
