-0.00014008492871653289	1.0
0.0	0.0
0.0	1.0
0.0	1.0
0.0	1.0
-3.371980028532562e-08	1.0
0.0	1.0
-0.0006404026644304395	1.0
-9.833253716351464e-05	0.0
0.0	1.0
-8.476935126067175e-11	0.0
-0.0010403404012322426	0.002
-7.638114766450599e-06	0.0
0.0	0.0
0.0	1.0
0.0	1.0
0.0	0.0
-0.00013813616533298045	1.0
0.0	1.0
-9.904595208354294e-05	0.0
-0.00017998788098338991	1.0
-0.009383087046444416	0.0
-0.0005340723437257111	0.0
-0.0003524831554386765	0.02528977871443625
0.0	0.02528977871443625
-6.9170664573903196e-06	0.00964630225080386
0.0	1.0
0.0	0.0
0.0	0.0
-9.763546415797464e-09	1.0
0.0	1.0
-2.3400432837661356e-05	1.0
0.0	1.0
0.0	0.0
0.0	1.0
0.0	1.0
-2.4130827114277054e-08	0.0
-1.1225051821384113e-06	1.0
-1.1693597116391174e-05	0.0
0.0	1.0
-0.00013360775483306497	0.0
0.0	0.0
-0.000286893337033689	1.0
0.0	1.0
0.0	0.0
-0.00099446892272681	1.0
-0.0001253656082553789	1.0
0.0	1.0
-4.064912354806438e-05	1.0
0.0	1.0
-7.524915446310843e-08	1.0
0.0	1.0
0.0	1.0
0.0	0.0
-0.0011329409899190068	0.0
0.0	0.0
0.0	0.0
-0.00041437073377892375	0.0
0.0	1.0
0.0	1.0
-0.006966236978769302	0.0
0.0	0.001002004008016032
-0.0005102569120936096	0.014
-4.4756448005500715e-06	0.06363636363636363
0.0	1.0
0.0	0.01079913606911447
-6.42906452412717e-05	1.0
0.0	1.0
-0.013378776609897614	0.0
0.0	1.0
0.0	0.0
0.0	0.1984924623115578
-2.984203035794053e-07	1.0
-0.029418358579277992	0.0
0.0	0.033
0.0	1.0
-0.0001623415300855413	0.0
0.0	0.0
0.0	1.0
0.0	0.026078234704112337
-0.004073052201420069	0.024
0.0	1.0
-0.07085912674665451	0.0
-2.81152460956946e-05	1.0
-1.2628040167328436e-05	0.0
0.0	1.0
-2.5161280063912272e-05	0.024439918533604887
-0.0024031391367316246	1.0
0.0	0.024439918533604887
0.0	0.024439918533604887
0.0	1.0
-0.00025980561622418463	0.022540983606557378
0.0	1.0
-0.004217080771923065	1.0
0.0	0.022540983606557378
0.0	0.0
0.0	1.0
0.0	0.03125
0.0	0.008264462809917356
-0.014195502735674381	0.008264462809917356
0.0	0.0
0.0	1.0
-0.0005187458591535687	1.0
-7.809410756953739e-11	1.0
-0.113428995013237	0.0
-0.06134391576051712	0.0
-4.210449446873099e-07	1.0
-0.0016125041292980313	0.0
0.0	0.002
0.0	0.0
0.0	0.0
0.0	1.0
0.0	0.02823018458197611
0.0	1.0
0.0	0.071
0.0	0.0
0.0	1.0
-4.564829396258574e-06	1.0
-1.5544804909950471e-07	1.0
-0.0036742954980582	1.0
0.0	0.0
0.0	1.0
0.0	1.0
0.0	1.0
-2.902339923949171e-09	0.0
0.0	0.0
0.0	0.029
0.0	0.0
0.0	0.0
0.0	0.0
-6.43435341771692e-05	1.0
0.0	0.029
-8.726919622858986e-05	0.5087719298245614
0.0	1.0
0.0	1.0
-6.650146679021418e-05	1.0
0.0	0.0
0.0	0.0
0.0	0.0
0.0	0.004484304932735426
0.0	0.004343105320304018
-0.0017421459779143333	1.0
0.0	1.0
-0.0005547890905290842	0.142570281124498
-2.1876303435419686e-05	0.004662004662004662
-2.3579090679959336e-07	1.0
0.0	0.0
-4.3192160958938075e-09	0.0
-9.34732670430094e-05	0.0
-0.0003981470945291221	0.0
-0.0005546725005842745	1.0
-1.474432156101102e-05	1.0
0.0	1.0
0.0	1.0
-2.3564825823996216e-05	1.0
0.0	1.0
0.0	1.0
0.0	1.0
0.0	1.0
-0.0002454634814057499	1.0
-8.096154857639704e-08	0.0
-0.0026060170494019985	1.0
-2.408597538305912e-06	0.0
0.0	1.0
0.0	1.0
0.0	0.0
-3.849938366329297e-06	1.0
0.0	0.0
0.0	0.0
-0.0013108480488881469	0.0
0.0	0.0
-4.976744548912393e-06	1.0
0.0	1.0
0.0	0.0
-1.6268160152321798e-08	1.0
-1.2288023376605395e-10	1.0
0.0	1.0
0.0	1.0
-0.004451254848390818	0.0
-0.0004646714369300753	1.0
-0.0003573192225303501	1.0
-0.00031173581373877823	1.0
0.0	1.0
0.0	0.0
0.0	1.0
0.0	1.0
0.0	0.0
0.0	1.0
0.0	0.0
0.0	0.0379746835443038
0.0	0.0
-0.003632795065641403	0.0
-2.459071595239948e-07	1.0
0.0	0.0
0.0	1.0
0.0	1.0
-0.018253104761242867	0.0
-0.00046168689732439816	0.0
0.0	1.0
0.0	1.0
0.0	1.0
0.0	1.0
-0.00010563463729340583	1.0
-0.00022476197045762092	1.0
0.0	0.0
0.0	1.0
-0.01944873109459877	0.0
-0.0021560005843639374	1.0
0.0	1.0
0.0	0.0
0.0	0.0010504201680672268
-0.0010837370064109564	1.0
-0.00016229497850872576	1.0
-0.0004141978861298412	1.0
0.0	1.0
0.0	1.0
0.0	1.0
0.0	1.0
0.0	1.0
0.0	1.0
-0.00021280568034853786	1.0
0.0	0.011
0.0	0.0
0.0	1.0
0.0	1.0
0.0	1.0
0.0	0.0
0.0	1.0
0.0	0.0
0.0	1.0
0.0	0.0
-0.028812166303396225	0.0
0.0	0.0
-0.0013747647171840072	1.0
-0.0015453374944627285	1.0
0.0	0.001002004008016032
0.0	1.0
0.0	1.0
0.0	1.0
0.0	0.001002004008016032
-1.5341093728693522e-08	1.0
0.0	1.0
-0.0004184717545285821	0.0
-0.0001968579599633813	1.0
-0.021080629900097847	0.0
-1.7585336536285467e-05	1.0
0.0	1.0
0.0	0.0
0.0	0.0
-6.727785148541443e-06	0.0
0.0	0.007
0.0	0.007
0.0	1.0
0.0	1.0
0.0	0.001519756838905775
0.0	1.0
0.0	1.0
0.0	0.0
-2.1543542061408516e-06	1.0
-1.8618995454744436e-05	0.0
0.0	0.0
0.0	0.0
0.0	1.0
0.0	0.0
0.0	1.0
-3.0744686227990314e-06	1.0
0.0	1.0
0.0	0.0
0.0	1.0
0.0	1.0
-0.0013361306628212333	0.0
0.0	0.0
0.0	1.0
-3.216232289560139e-05	0.0
0.0	0.0
-8.440732199233025e-05	0.0
0.0	1.0
0.0	1.0
-1.9245384799693177e-11	0.0
-0.021634547039866447	0.0017391304347826088
-0.0010459208860993385	0.0
-0.00011208488285774365	0.0
0.0	0.0
-1.7434986148145981e-06	0.0
0.0	1.0
-0.0004951743176206946	0.011940298507462687
0.0	0.0
0.0	1.0
0.0	0.0
0.0	0.0
0.0	1.0
0.0	1.0
-0.0005362971569411457	0.0
-1.2936558277942822e-06	1.0
-0.0007850599358789623	0.0
0.0	1.0
0.0	1.0
-2.1993616997062482e-11	1.0
0.0	0.0
0.0	1.0
-1.8166422998146246e-19	1.0
-0.002554802456870675	0.0
-1.2717490790237207e-05	0.0
-0.009943691082298756	0.0
-2.177521992052789e-06	0.032
-6.636278016003416e-08	0.0
-0.0019900647457689047	0.0
-0.003416134277358651	0.0
0.0	0.003
-0.00015119508316274732	0.0
-0.015445698983967304	0.0
-0.00026348757091909647	1.0
-6.310237949946895e-06	1.0
-0.0006017302512191236	0.0
0.0	0.0
0.0	0.018
0.0	1.0
0.0	1.0
-6.678883579525063e-08	1.0
-1.925566493810038e-06	1.0
0.0	0.0
0.0	0.0
-0.003880128264427185	0.0
0.0	1.0
0.0	0.0
-1.2561348512463155e-06	0.0
-0.00010081464279210195	0.0
-1.3236352458534384e-07	1.0
-0.00015721211093477905	1.0
0.0	0.0
-9.698435860627797e-06	0.0
-3.388599452591734e-06	1.0
0.0	0.0
0.0	1.0
-1.8085918895849318e-07	1.0
0.0	0.0
0.0	1.0
0.0	0.0
0.0	1.0
0.0	1.0
-0.00466216029599309	0.0
0.0	1.0
-0.015395717695355415	0.0
0.0	0.0
-1.3207026583472725e-09	1.0
0.0	1.0
-0.0012302027316763997	1.0
0.0	0.0
0.0	1.0
0.0	0.0
0.0	0.0
0.0	1.0
0.0	1.0
0.0	1.0
-0.004302339628338814	0.0
-0.0068083954975008965	0.04310344827586207
0.0	0.113
0.0	1.0
-0.0010468268301337957	0.0
0.0	1.0
0.0	1.0
0.0	1.0
0.0	0.0
0.0	1.0
-3.9627349224247155e-07	0.0
-3.5055747957812855e-06	0.0
0.0	0.0
0.0	0.0
-7.300495763473691e-09	1.0
-2.452596163493581e-06	0.0
0.0	1.0
0.0	1.0
-3.245627322456812e-09	1.0
-7.483308763767127e-07	1.0
0.0	1.0
0.0	1.0
0.0	1.0
0.0	1.0
0.0	1.0
-4.287970568839228e-06	1.0
0.0	0.0
0.0	1.0
0.0	1.0
0.0	0.0
0.0	1.0
-2.257984466069729e-09	0.0
0.0	1.0
-2.0734828467539046e-06	1.0
0.0	1.0
0.0	1.0
0.0	1.0
-8.918174785321753e-07	0.0
-0.00034410314401611686	0.0
-0.00021478900453075767	0.024
0.0	0.0
0.0	1.0
0.0	1.0
-0.01893247291445732	0.0
0.0	1.0
-3.725834540091455e-05	1.0
-0.022278329357504845	0.0
-8.968276233645156e-05	1.0
-0.00017953292990569025	1.0
-4.000980935447984e-10	1.0
-1.8209685981318557e-09	1.0
-0.011442068964242935	0.0
-8.54039853948052e-07	0.0
-2.1873149307793938e-05	0.05105105105105105
-0.0016755496617406607	0.06535947712418301
-0.0001360827445751056	1.0
0.0	1.0
-6.752844061708174e-09	0.005
0.0	0.0
0.0	0.003
0.0	0.0
0.0	0.335
-0.0007784786866977811	0.0
0.0	1.0
0.0	0.0
0.0	1.0
0.0	0.0
-0.0013035485753789544	0.0010604453870625664
-0.0002987563784699887	1.0
0.0	1.0
0.0	0.0
0.0	1.0
0.0	1.0
0.0	1.0
0.0	1.0
-0.006406314205378294	0.0
-0.001975755672901869	0.0
0.0	0.0
0.0	1.0
0.0	0.0
0.0	1.0
0.0	0.0
0.0	1.0
0.0	1.0
0.0	1.0
-1.2757535614582594e-06	0.003009027081243731
-4.965015620861379e-10	0.003009027081243731
0.0	0.0
0.0	1.0
0.0	1.0
-0.00010058706538984552	1.0
0.0	1.0
0.0	1.0
-0.001402211608365178	0.0
0.0	1.0
0.0	0.0
0.0	1.0
0.0	1.0
-9.007818135842172e-08	0.5087719298245614
0.0	1.0
-0.0005787962581962347	1.0
-0.0002786985132843256	0.06306306306306306
0.0	0.06406406406406406
-0.00011183372407685965	0.0
0.0	0.063
0.0	1.0
0.0	0.0
-1.6133279337037648e-13	0.0
0.0	1.0
-1.2701050877694797e-07	1.0
-0.0003225387481506914	0.0
-6.038464448465675e-07	1.0
0.0	0.0
0.0	0.001001001001001001
0.0	1.0
0.0	0.0
0.0	0.0
-1.959223527771975e-13	0.0
0.0	0.0
0.0	1.0
0.0	1.0
-7.743918831693009e-05	0.23235613463626492
-0.00039327694685198367	0.0
-8.471591718262061e-05	0.1005089058524173
0.0	1.0
0.0	1.0
0.0	1.0
0.0	1.0
0.0	1.0
-2.4857887315579466e-20	0.001
-0.0032414961606264114	0.0
0.0	1.0
0.0	1.0
-9.15342610596781e-08	1.0
0.0	0.008620689655172414
0.0	1.0
0.0	0.0
0.0	1.0
0.0	1.0
-0.0004169768944848329	0.0
-0.011910547502338886	0.0
-0.0004652353818528354	1.0
0.0	0.0
-7.193518285930622e-06	1.0
-3.608636589547132e-08	0.025210084033613446
0.0	1.0
0.0	1.0
0.0	1.0
-0.0011548780603334308	0.0
-9.434336902813811e-07	1.0
0.0	1.0
-1.8350972823100165e-05	1.0
-1.840303411881905e-06	0.0
0.0	1.0
0.0	0.0
0.0	0.0
0.0	1.0
0.0	1.0
0.0	1.0
0.0	0.0
-1.538897595310118e-05	1.0
0.0	0.0
0.0	1.0
-0.00619474146515131	0.0
-0.0004614408826455474	1.0
0.0	1.0
0.0	0.0
0.0	1.0
0.0	0.0
-3.4386047342849224e-09	1.0
0.0	1.0
0.0	1.0
-2.3075021060581236e-11	0.028
0.0	1.0
0.0	0.0
0.0	1.0
0.0	1.0
0.0	0.0
0.0	1.0
0.0	0.014
-1.698035845265622e-07	0.0
-0.0006726662395521998	1.0
-4.344716142412608e-09	1.0
-0.0036796999629586935	0.0
0.0	0.0
0.0	0.0
0.0	1.0
0.0	0.0
-2.3341724954661913e-05	1.0
-2.068945548217016e-07	1.0
0.0	0.0
0.0	0.0
0.0	0.0
0.0	1.0
-0.022300446406006813	0.0
0.0	0.0
0.0	1.0
-5.143468115420546e-06	1.0
0.0	0.0
0.0	1.0
0.0	1.0
0.0	0.0
0.0	1.0
0.0	1.0
-1.0933073099295143e-05	0.0
0.0	1.0
0.0	0.0
-2.569215212133713e-06	0.0
0.0	1.0
0.0	1.0
-1.10988753476704e-06	0.0
0.0	1.0
0.0	0.0
-4.722859046069061e-07	1.0
0.0	1.0
0.0	1.0
0.0	1.0
0.0	1.0
-0.00039539055433124304	0.0
-0.00039511435898020864	0.0
0.0	0.024
-0.00014532108616549522	0.0
-0.00022316227841656655	0.0
-3.192048403377612e-09	1.0
-0.003107683965936303	0.0
-1.950404941719608e-11	0.001
0.0	0.0
0.0	1.0
0.0	0.0
0.0	1.0
0.0	1.0
-2.492706698831171e-06	1.0
0.0	1.0
0.0	1.0
0.0	0.0
-1.1519616691657575e-06	1.0
-1.8053566236631013e-05	1.0
-2.8022039799679987e-08	0.001004016064257028
0.0	1.0
-3.4228680306114256e-05	0.0
0.0	0.0
0.0	0.0
-7.265400199685246e-06	1.0
-0.00016788815264590085	0.0
0.0	0.0
-6.721946556353942e-05	0.0
-0.011750084348022938	0.0
-0.004693123046308756	0.002
0.0	1.0
-0.00013844732893630862	0.0
0.0	1.0
-1.428888390364591e-05	0.0
-0.01037617214024067	0.0
0.0	0.0
0.0	0.0
-8.28850588163732e-08	0.0
-0.0014549429761245847	0.0
-0.0022882288321852684	0.0
