-0.0006578044267371297	0.0
-0.00019247879390604794	1.0
0.0	0.0
-2.1238964109215885e-05	1.0
0.0	1.0
0.0	1.0
0.0	1.0
0.0	1.0
0.0	1.0
0.0	0.003033367037411527
0.0	0.0
0.0	1.0
-4.3558437027968466e-05	0.0
0.0	0.011033099297893681
0.0	0.011033099297893681
0.0	0.19312436804853386
0.0	0.19312436804853386
0.0	1.0
0.0	1.0
-6.948446679144737e-11	0.0
0.0	0.0
0.0	0.0
-0.04654712229967117	0.0
-0.0013599252561107278	0.0
0.0	1.0
0.0	1.0
0.0	1.0
0.0	1.0
0.0	1.0
-1.911420804390218e-05	0.063
-2.5251111424040573e-07	1.0
0.0	1.0
-1.1010164371327846e-06	0.011
0.0	0.19854469854469856
-1.2351212035355275e-06	0.05263157894736842
-0.00010078096966026351	1.0
0.0	1.0
-1.7072919945348985e-05	0.002079002079002079
0.0	0.0
0.0	0.0
0.0	0.0
0.0	0.03803803803803804
-0.00012212213187012821	0.0010395010395010396
-0.0011972760548815131	0.03803803803803804
0.0	1.0
0.0	0.0
0.0	1.0
0.0	0.0
-1.0714484233176336e-06	0.0
0.0	1.0
-0.0006610638229176402	1.0
0.0	1.0
0.0	1.0
-3.237344935769215e-05	1.0
0.0	0.0
0.0	1.0
0.0	1.0
-0.0011225652415305376	0.0
0.0	0.0
-0.004316397476941347	0.0
0.0	0.0
-0.00020579709962476045	1.0
0.0	0.0
-3.4838321880670264e-06	1.0
-0.002680499106645584	0.0
0.0	1.0
-0.01273326575756073	0.0
0.0	0.19569672131147542
0.0	1.0
0.0	1.0
-0.01668432541191578	0.0
0.0	0.0
0.0	1.0
-1.3826557960783248e-06	1.0
0.0	1.0
0.0	1.0
0.0	1.0
0.0	0.021739130434782608
0.0	1.0
0.0	1.0
-0.00024264147214125842	1.0
0.0	0.0
0.0	0.0
-0.00013286889588925987	0.0
-9.912835230352357e-05	0.0
-1.714666097996087e-08	0.0
0.0	1.0
0.0	1.0
0.0	1.0
0.0	1.0
0.0	1.0
0.0	0.0
-1.2659302228712477e-05	1.0
-0.015081971883773804	0.0
-5.631012527373969e-07	0.0
0.0	1.0
0.0	1.0
-2.598092692096543e-07	1.0
0.0	0.0
-0.0002514486259315163	0.0
0.0	0.0
0.0	1.0
0.0	0.0
-0.0011992673389613628	0.0
0.0	0.0
-0.00010123709216713905	1.0
0.0	1.0
-0.0009801082778722048	1.0
0.0	1.0
0.0	1.0
0.0	0.0
0.0	1.0
-0.00035181804560124874	1.0
-0.00035634986124932766	1.0
0.0	0.0
0.0	0.0
0.0	1.0
-0.002745086560025811	1.0
0.0	0.0
-1.7027103282885037e-08	0.04477611940298507
-0.0005991947837173939	1.0
0.0	0.0
0.0	0.0
0.0	0.0
-1.7294848930760054e-06	1.0
0.0	0.0
0.0	1.0
0.0	0.0
0.0	1.0
0.0	1.0
0.0	1.0
-3.154214209644124e-05	0.0
0.0	0.069
0.0	0.0
-0.001080625574104488	0.0
0.0	0.15
-3.193647160060209e-07	1.0
0.0	0.07518796992481203
-0.00029836324392817914	0.0
-0.000124470388982445	1.0
0.0	0.0
0.0	1.0
-5.1571845688158646e-05	0.0
-6.581927300430834e-05	0.0
-3.062966058564598e-08	0.0
0.0	0.0
-0.001141152810305357	1.0
0.0	1.0
-0.0001828308595577255	1.0
0.0	1.0
-0.0006138281314633787	1.0
0.0	1.0
0.0	1.0
-0.00015582689957227558	0.0
0.0	1.0
-0.001988024218007922	0.0
0.0	0.002
0.0	0.0
0.0	1.0
0.0	0.005194805194805195
0.0	0.0
-2.6297709609934827e-06	0.0
0.0	1.0
0.0	0.0
-9.361394404550083e-06	1.0
0.0	0.0
-5.148148829903221e-06	1.0
0.0	0.0
-3.7517751479754224e-05	1.0
0.0	1.0
0.0	1.0
0.0	1.0
0.0	1.0
0.0	1.0
-0.0001588954182807356	1.0
0.0	0.0
-4.8125315515790135e-05	1.0
-4.790706225321628e-05	0.0
0.0	0.0
-1.3460562513500918e-06	1.0
-2.702919800867676e-06	0.0
0.0	1.0
0.0	1.0
0.0	0.8168016194331984
0.0	1.0
0.0	1.0
0.0	0.0
0.0	0.0
-2.607856731628999e-05	1.0
0.0	1.0
-0.0003072265535593033	0.989
-0.0003764987632166594	1.0
0.0	1.0
-0.0005936768720857799	0.0
0.0	1.0
0.0	0.0
-3.2918513170443475e-05	1.0
-0.00025516963796690106	0.0
0.0	0.2083758937691522
-6.49909270578064e-05	1.0
0.0	1.0
0.0	1.0
0.0	1.0
0.0	1.0
0.0	1.0
-0.006579630076885223	0.0
-5.590392038179459e-10	0.0
-0.0014958723913878202	1.0
0.0	1.0
0.0	0.0
0.0	1.0
0.0	0.0
0.0	0.0
-0.0017088936874642968	1.0
-6.9405700742208865e-06	1.0
0.0	1.0
0.0	1.0
0.0	1.0
-2.8744470910169184e-06	1.0
0.0	0.0
-8.204912305131984e-09	0.0
0.0	1.0
0.0	1.0
-0.0019541026558727026	0.0
0.0	1.0
-0.0017016230849549174	1.0
0.0	1.0
-3.565636916391668e-06	1.0
-1.7285568901570514e-05	1.0
0.0	1.0
-0.003340750699862838	1.0
-2.3363983927993104e-05	0.0
-0.0009865437168627977	0.0
0.0	1.0
0.0	1.0
-4.961368649247788e-09	1.0
0.0	1.0
0.0	1.0
-0.020382370799779892	0.0
0.0	1.0
0.0	1.0
0.0	0.0
0.0	1.0
0.0	1.0
-0.0004343939945101738	0.0
-4.5960641728015617e-05	1.0
0.0	1.0
-3.72687864000909e-05	1.0
-1.204475807980998e-07	0.0
0.0	1.0
-0.000784069299697876	1.0
0.0	1.0
-2.6465071641723625e-05	1.0
-1.9974957467638887e-05	0.0
0.0	1.0
-2.6691654966271017e-06	0.0
-0.000702877645380795	0.0
-6.904746774338832e-10	0.0
-2.471751656685228e-07	0.074
-1.0207547695983976e-08	0.0
0.0	0.074
-0.00022844171326141804	0.0
-0.0004662748542614281	1.0
0.0	1.0
-1.8669398968995665e-06	0.0
0.0	0.0
0.0	0.003386004514672686
0.0	0.11434302908726178
0.0	0.003386004514672686
-3.415518585825339e-05	1.0
-0.00012794585200026631	0.01107011070110701
0.0	1.0
0.0	1.0
-0.000938468030653894	0.0
-4.564277332974598e-05	1.0
-0.00010305419709766284	0.0
-0.0007420553010888398	0.001
0.0	0.0
0.0	1.0
-4.5262819980962377e-07	0.0708502024291498
0.0	1.0
-8.575174433644861e-06	1.0
0.0	0.0
0.0	0.001
-0.008807791396975517	0.0
-1.0478079515152672e-09	0.0
0.0	0.0
0.0	0.0
-2.162174794761995e-08	0.0
0.0	0.0
-8.620975677331444e-06	0.02267818574514039
0.0	0.0
0.0	1.0
0.0	1.0
0.0	0.0
0.0	0.0
0.0	0.0
-3.2942486516418512e-09	0.0
0.0	1.0
0.0	1.0
-0.11084921658039093	0.0
0.0	0.0
0.0	1.0
0.0	0.0
-5.904933004785562e-07	1.0
-0.0034970047418028116	0.0
-9.950054663931951e-05	1.0
0.0	0.0
0.0	1.0
0.0	0.0
0.0	1.0
-1.8156881651520962e-06	0.0
0.0	0.023517382413087935
-1.6920357666094787e-05	0.0
0.0	1.0
0.0	0.0
-7.55002984078601e-05	1.0
0.0	0.0
0.0	1.0
0.0	1.0
0.0	1.0
0.0	0.0
0.0	0.0
0.0	0.0
0.0	0.0
0.0	1.0
-0.0003940873430110514	1.0
-0.006844568066298962	0.0
0.0	1.0
0.0	1.0
0.0	1.0
0.0	1.0
0.0	1.0
-0.0014604863245040178	0.0
0.0	0.012
0.0	0.011
-5.335106720849581e-07	0.0
-0.000748840335290879	1.0
0.0	1.0
-2.219144516857341e-05	1.0
0.0	1.0
0.0	1.0
-0.04696309566497803	0.0
-9.498367804089414e-13	1.0
-0.0013368935324251652	0.001
0.0	0.0
-9.212756140186684e-07	0.0
0.0	1.0
0.0	1.0
-0.0007782127358950675	0.0
0.0	0.0
0.0	0.0
0.0	1.0
0.0	1.0
-0.0005912191118113697	0.0
-0.000498727080412209	1.0
0.0	0.004
0.0	1.0
0.0	0.004020100502512563
0.0	1.0
0.0	0.001004016064257028
0.0	1.0
-0.003571398789063096	0.0
0.0	0.002
0.0	0.0
0.0	0.136
-0.0018153386190533638	0.0
0.0	0.137
0.0	0.0
0.0	1.0
0.0	0.0
0.0	1.0
-4.929298484057654e-06	1.0
0.0	0.0
-0.0012135423021391034	1.0
-3.2308285824456107e-08	1.0
-0.0015287873102352023	1.0
-5.911756670684554e-05	0.0
-0.00040689355228096247	1.0
0.0	0.0
0.0	0.0
-5.377304660214577e-06	1.0
-1.4242095858207904e-07	1.0
0.0	1.0
-8.502491255057976e-06	0.0
0.0	1.0
0.0	1.0
0.0	0.10396570203644159
0.0	1.0
0.0	1.0
0.0	1.0
-2.6822157451533712e-05	1.0
-0.002230703830718994	0.0
-0.013681141659617424	0.0
-0.0011788265546783805	0.007077856420626896
-1.3685901649296284e-05	0.0
0.0	1.0
0.0	0.0
-0.00013848886010237038	0.0
0.0	1.0
0.0	0.0
0.0	0.016
0.0	1.0
-2.0264022168703377e-05	1.0
0.0	1.0
0.0	1.0
0.0	0.0
0.0	1.0
-3.358482558724063e-07	1.0
0.0	1.0
-0.003290710737928748	0.0
0.0	1.0
-0.0018259460339322686	0.0
0.0	0.0
-0.004825623240321875	0.0
0.0	1.0
-0.0007383995689451694	1.0
-8.943112334236503e-06	0.0
0.0	1.0
-0.0052482145838439465	0.0
-0.0007565359701402485	0.989
0.0	1.0
0.0	1.0
0.0	0.0
-0.00010008006211137399	1.0
0.0	0.0
0.0	0.0
0.0	1.0
-0.00013280074927024543	1.0
-0.00012247066479176283	0.0
-5.577189222094603e-05	1.0
0.0	0.0
-2.850104010576615e-07	0.0
-1.4111784594206256e-06	0.0
0.0	1.0
0.0	0.014
-0.009469578973948956	0.0
0.0	1.0
0.0	0.013
-0.0008098770631477237	1.0
-0.0005977117107249796	0.0
0.0	1.0
-1.065528749677469e-07	0.0
0.0	1.0
0.0	1.0
-0.0002451839973218739	0.0
-0.04255450516939163	0.0
-0.0022147628478705883	0.0
0.0	1.0
0.0	0.0
-7.390262908302248e-07	0.0
0.0	1.0
-0.0003620906500145793	1.0
0.0	0.0
-4.335900939622661e-06	0.0
0.0	1.0
0.0	1.0
0.0	1.0
0.0	1.0
0.0	1.0
-4.550270750769414e-05	1.0
-0.004595430567860603	1.0
0.0	0.0011037527593818985
0.0	0.0
0.0	1.0
-7.396934961434454e-05	0.001
0.0	0.0
0.0	1.0
0.0	0.019
0.0	0.022
0.0	0.001
-0.0001873275759862736	1.0
0.0	0.003
0.0	0.0
-9.171849768563334e-08	0.0
0.0	1.0
0.0	0.0
-0.004382085520774126	0.013
0.0	1.0
0.0	1.0
-0.0021016679238528013	1.0
0.0	1.0
-0.00018715015903580934	1.0
0.0	1.0
0.0	0.0
-0.00015501189045608044	1.0
0.0	1.0
0.0	1.0
0.0	1.0
-1.8402514569970663e-06	1.0
0.0	1.0
0.0	1.0
-0.008224056102335453	0.015321756894790603
-9.389958722749725e-05	1.0
-0.000617027108091861	0.0
0.0	0.0
0.0	0.0
-2.649500174811692e-08	1.0
0.0	1.0
0.0	0.0
0.0	0.0
-1.8172489944845438e-05	0.0
-0.000327369081787765	1.0
0.0	1.0
0.0	0.0
0.0	1.0
0.0	0.0
-1.5097143659659196e-05	0.0
-0.0009882500162348151	0.0
0.0	1.0
0.0	0.0
-0.0013196043437346816	0.0
0.0	0.0
0.0	0.06066734074823053
0.0	1.0
0.0	0.0
0.0	0.0
-9.887824035104131e-07	0.0
-1.6001089342410069e-10	0.0
0.0	0.0
0.0	0.0
0.0	0.0
0.0	0.0
-0.00019130548753309995	1.0
0.0	1.0
-5.705362127628177e-06	1.0
-0.003199933096766472	0.002
0.0	0.0
0.0	0.0
-0.00015384536527562886	0.989
-1.4246709724829998e-05	0.989
-0.001509693916887045	0.0
0.0	0.989
0.0	0.0
0.0	0.989
0.0	0.0
0.0	0.0
0.0	0.989
0.0	1.0
-7.809156699067898e-08	1.0
0.0	1.0
0.0	0.23863636363636365
0.0	1.0
-0.0003969041572418064	0.0
0.0	0.809
-0.0010692310752347112	0.809
-0.0024570603854954243	0.1533066132264529
0.0	1.0
-3.548991378554689e-10	1.0
0.0	0.041
0.0	0.0
0.0	0.0
0.0	0.0
0.0	1.0
-2.3197570044430904e-05	1.0
0.0	1.0
0.0	0.0
0.0	1.0
-1.2562501979118679e-05	1.0
0.0	1.0
0.0	1.0
0.0	1.0
0.0	1.0
0.0	1.0
-1.568999869050458e-05	1.0
0.0	1.0
0.0	1.0
-0.017997052520513535	0.0010214504596527069
0.0	0.0
0.0	0.0010214504596527069
-4.7733381506986916e-05	0.0010214504596527069
0.0	0.021021021021021023
-0.0009664187673479319	1.0
-9.297328506363556e-05	1.0
0.0	1.0
0.0	0.012257405515832482
-0.00016494558076374233	1.0
0.0	0.02125506072874494
0.0	1.0
0.0	0.012
0.0	0.011
-9.7337315310142e-06	0.0
-0.0007099920185282826	1.0
0.0	1.0
0.0	0.0
-0.00022722194262314588	1.0
-0.0006665529799647629	1.0
-0.0002339032362215221	1.0
-0.0001646198652451858	1.0
0.0	1.0
0.0	1.0
-9.660396244726144e-06	0.003033367037411527
0.0	0.0
0.0	0.8004012036108324
-0.00017479828966315836	0.8004012036108324
0.0	0.01485148514851485
-0.00021821542759425938	1.0
-0.00012039795547025278	0.0
0.0	1.0
0.0	1.0
0.0	1.0
-2.7769861063453583e-11	0.8004012036108324
0.0	0.011033099297893681
-5.94728086222851e-12	0.003033367037411527
-0.000592163298279047	0.0
-2.845150447683409e-06	0.0
0.0	0.0
0.0	0.0
-5.531727765628602e-06	0.4064064064064064
0.0	0.406
0.0	0.053
0.0	0.0
