0.0	0.0
-5.807870184071362e-05	0.011583011583011582
0.0	1.0
-2.2057020032661967e-05	0.001
0.0	0.0
0.0	1.0
0.0	0.001
-0.00034838641295209527	0.001443001443001443
-0.0009200283093377948	0.0
-0.0001594203495187685	1.0
0.0	1.0
0.0	0.06172839506172839
0.0	1.0
0.0	1.0
0.0	0.0
0.0	1.0
0.0	1.0
-1.724220419418998e-05	1.0
-0.00040000566514208913	1.0
-0.008501537144184113	0.00639386189258312
-9.509610390523449e-05	0.00639386189258312
0.0	0.0
0.0	0.010101010101010102
0.0	1.0
0.0	0.0
0.0	1.0
0.0	0.0
0.0	0.0
0.0	1.0
-1.3020057849644218e-05	1.0
-2.7071590125160583e-07	1.0
-8.993568485493597e-07	1.0
0.0	0.0
0.0	1.0
0.0	0.002136752136752137
-1.1655947318445214e-09	0.0
-0.0005606380291283131	0.0
-4.423116095608748e-09	0.0
0.0	1.0
0.0	1.0
0.0	0.0
0.0	1.0
0.0	1.0
-0.00013542278611566871	1.0
-3.4523469366831705e-05	1.0
0.0	1.0
-0.0017521721310913563	0.0
0.0	1.0
-0.0034623476676642895	0.0
0.0	1.0
0.0	1.0
0.0	1.0
0.0	1.0
0.0	1.0
-3.763630229514092e-05	1.0
-0.0020484603010118008	0.0
-2.471429638717382e-07	1.0
0.0	1.0
0.0	0.0
0.0	1.0
0.0	1.0
0.0	1.0
0.0	1.0
0.0	0.060669456066945605
0.0	1.0
-1.291309388307127e-07	1.0
0.0	1.0
-0.001882883720099926	1.0
0.0	0.0
0.0	1.0
0.0	0.31024531024531027
0.0	1.0
0.0	1.0
0.0	1.0
-2.052320979828437e-08	1.0
0.0	1.0
0.0	0.0
0.0	0.782
0.0	0.0
0.0	1.0
0.0	1.0
0.0	1.0
0.0	1.0
-7.15162095730193e-05	1.0
-4.33163514822546e-13	1.0
0.0	1.0
0.0	1.0
0.0	1.0
0.0	0.003
-1.6312946544798368e-13	1.0
0.0	1.0
-0.005405780393630266	0.03939393939393939
-0.0024345486890524626	1.0
-0.0011570649221539497	0.01040582726326743
-2.3583561770124106e-09	1.0
0.0	0.01903367496339678
0.0	1.0
-4.943313342664624e-06	0.0
-0.0005804233951494098	1.0
0.0	0.0
-9.234812023350969e-05	1.0
-0.0010365787893533707	0.0
0.0	0.0
-0.0003652634914033115	1.0
-9.307379628294143e-14	1.0
0.0	1.0
0.0	1.0
0.0	1.0
-2.622080614855804e-07	1.0
-3.9559799347443914e-07	1.0
-2.4970886443043128e-05	0.006085192697768763
0.0	0.006085192697768763
0.0	1.0
-0.002372722839936614	1.0
0.0	1.0
0.0	1.0
0.0	1.0
-0.00032785095390863717	0.0
-0.00025292017380706966	1.0
-0.007883558981120586	0.0
0.0	1.0
-0.01084030233323574	0.0045871559633027525
0.0	1.0
0.0	1.0
0.0	1.0
-0.0037902938202023506	0.0
0.0	0.0
-0.0008547011530026793	1.0
-0.0002339221682632342	1.0
-1.4557515726210113e-07	0.0
0.0	0.0
0.0	1.0
-0.00013914828014094383	0.0
-0.001234488794580102	1.0
0.0	0.0
-0.00011452855687821284	0.0
-0.000587977934628725	0.0
-8.875247772266448e-07	1.0
0.0	0.0
0.0	1.0
0.0	0.0
-3.2662740068190033e-06	1.0
0.0	1.0
0.0	0.098
0.0	1.0
0.0	1.0
-0.0005222680047154427	1.0
0.0	1.0
-3.0528734921986267e-12	0.0
0.0	1.0
-0.0012069788062945008	1.0
0.0	1.0
-1.0113440112036187e-06	1.0
0.0	0.09302325581395349
-0.0014099100371822715	1.0
0.0	1.0
0.0	1.0
-0.001126285525970161	1.0
-2.2042429463908775e-06	1.0
0.0	0.0
-4.042449486263422e-09	0.0
0.0	1.0
-9.722635890829778e-12	0.0
0.0	1.0
0.0	1.0
0.0	1.0
-3.170537456753664e-05	1.0
-0.00045943871373310685	1.0
-0.0005079737748019397	1.0
0.0	1.0
0.0	1.0
0.0	1.0
0.0	1.0
-0.00015846567112021148	1.0
-0.008937794715166092	0.0
-6.29040073363285e-07	0.0
-5.423304916263305e-09	1.0
0.0	1.0
0.0	1.0
0.0	1.0
0.0	0.0
0.0	1.0
-0.00014337804168462753	0.0
0.0	1.0
-1.4659665703575797e-09	0.0
-1.3065636267128866e-05	1.0
-0.0016446294030174613	0.0
0.0	1.0
0.0	1.0
-8.707217169501291e-10	0.0
-0.001914299908094108	1.0
-0.0016243078280240297	1.0
0.0	1.0
-5.25358846061863e-05	1.0
-0.0011698435992002487	1.0
0.0	0.0
0.0	0.21348314606741572
0.0	1.0
0.0	0.0
0.0	1.0
0.0	1.0
-3.714538615895435e-05	1.0
-0.019438184797763824	0.0
-0.00010846783698070794	0.0
-0.007800618186593056	0.001059322033898305
0.0	0.0
-1.948583294719697e-09	1.0
-0.0002074418298434466	1.0
0.0	1.0
0.0	1.0
0.0	1.0
-5.309291850608133e-07	1.0
0.0	1.0
0.0	1.0
-0.0001974912011064589	1.0
0.0	1.0
-0.00014995833043940365	1.0
0.0	1.0
0.0	1.0
-3.9172853576019406e-05	0.782
0.0	1.0
0.0	0.863
0.0	0.0
0.0	1.0
0.0	1.0
0.0	1.0
0.0	0.0
0.0	0.0
-1.728589040794759e-06	1.0
0.0	1.0
0.0	1.0
0.0	1.0
-0.00029731247923336923	0.09210526315789473
-6.041947926860303e-06	0.0
0.0	1.0
0.0	1.0
-0.0009330332395620644	1.0
0.0	1.0
0.0	0.0
-0.0020805716048926115	1.0
0.0	1.0
-1.0518815818372218e-09	1.0
-7.119909241737332e-06	0.0
0.0	1.0
-2.6945275749312714e-05	0.0
-6.174904410727322e-05	1.0
-0.000122318699141033	0.3761467889908257
-8.198503564926796e-07	1.0
-0.005608018953353167	0.14678899082568808
0.0	1.0
0.0	1.0
0.0	1.0
0.0	0.0
0.0	0.0
0.0	0.0
0.0	1.0
0.0	1.0
-9.531314390187617e-06	0.0
0.0	0.0
0.0	1.0
0.0	1.0
-1.8161542419698612e-13	1.0
0.0	0.0
0.0	1.0
0.0	0.11381074168797954
-0.0016268419567495584	0.23929747530186607
0.0	0.11381074168797954
0.0	0.0
0.0	1.0
0.0	1.0
0.0	0.0
0.0	0.0
0.0	1.0
0.0	1.0
-4.196729059913196e-05	1.0
-2.6866482585319318e-05	1.0
0.0	1.0
-0.0003543439379427582	1.0
0.0	1.0
0.0	1.0
-0.0013708756305277348	0.0
0.0	0.693
0.0	1.0
0.0	0.0
0.0	1.0
0.0	1.0
0.0	1.0
0.0	1.0
0.0	1.0
-5.735103627557692e-07	0.0
-0.0005583714810200036	0.0
0.0	1.0
0.0	0.0
0.0	0.13172338090010977
0.0	0.418426103646833
-0.0009892333764582872	1.0
0.0	0.0
0.0	0.0
0.0	0.0
-9.116980072576553e-05	0.0
-2.681223634226626e-07	1.0
0.0	1.0
0.0	1.0
0.0	1.0
-7.084339813445695e-06	0.0944700460829493
-3.2783600278918357e-09	0.09110867178924259
0.0	1.0
-6.515213044622215e-07	1.0
0.0	1.0
0.0	0.0
-2.401346015527577e-17	1.0
-0.018422000110149384	0.0
-4.394734787638299e-05	1.0
0.0	1.0
-3.169662022628472e-06	1.0
-0.014130506664514542	0.0
0.0	0.02217741935483871
0.0	1.0
0.0	0.0
-0.0012808088213205338	0.0
0.0	1.0
0.0	1.0
0.0	0.013157894736842105
0.0	1.0
0.0	0.0
0.0	0.468
0.0	0.468
0.0	1.0
0.0	1.0
0.0	1.0
0.0	1.0
0.0	0.0
-0.000260633765719831	1.0
0.0	0.0
-0.0002766540856100619	1.0
0.0	1.0
0.0	1.0
0.0	0.0
0.0	0.0
0.0	0.026
0.0	1.0
-0.0036378211807459593	1.0
0.0	1.0
0.0	0.0
-1.8165126675739884e-05	1.0
-0.0009629959240555763	0.0
0.0	0.0
-7.802447726135142e-06	1.0
0.0	1.0
-0.0001022509895847179	1.0
0.0	1.0
-3.3723476917657536e-06	0.02608695652173913
0.0	1.0
0.0	0.227
-1.2992906022191164e-06	1.0
-0.004169719759374857	0.0
0.0	1.0
0.0	1.0
-0.0004952005692757666	1.0
0.0	1.0
-0.00011222023022128269	1.0
0.0	0.0
0.0	1.0
0.0	1.0
-2.5485255719104316e-06	0.2710843373493976
-1.3232368019089336e-06	1.0
0.0	1.0
0.0	0.218
0.0	0.0
0.0	0.0
-0.003504376858472824	0.0
0.0	0.0
0.0	1.0
0.0	1.0
-0.0007595701026730239	0.0
0.0	1.0
0.0	0.01
0.0	1.0
0.0	1.0
0.0	0.00303951367781155
-1.0523076632296124e-08	1.0
-5.43253481737338e-05	0.0
-6.443410711653996e-06	1.0
-0.005059570074081421	0.0
0.0	0.0
0.0	1.0
0.0	0.0
0.0	1.0
-0.057204462587833405	0.0
-3.264482984377537e-06	0.0
0.0	1.0
0.0	0.0
0.0	1.0
0.0	1.0
0.0	1.0
0.0	1.0
0.0	1.0
-0.05201180279254913	0.0
-0.0007169689633883536	1.0
0.0	0.0
0.0	0.009174311926605505
0.0	0.0
-3.7574349187607936e-10	0.0
0.0	1.0
-1.877483373391442e-05	1.0
0.0	1.0
0.0	0.0
0.0	0.0
-3.4816755942301825e-05	1.0
-2.818976281560026e-05	1.0
0.0	1.0
0.0	1.0
-0.0008783060475252569	0.06944444444444445
-0.008282804861664772	0.0
0.0	1.0
-3.1697059199586874e-08	1.0
-0.0008591138757765293	0.0
-0.0005671870312653482	1.0
0.0	0.0
0.0	1.0
0.0	1.0
0.0	0.0
0.0	0.02
-4.718613944021399e-09	1.0
0.0	0.0
-0.009265737608075142	0.0
0.0	0.0
0.0	1.0
0.0	1.0
-0.0006765274447388947	0.0
0.0	1.0
-1.0015150110120885e-05	1.0
-8.595580913706158e-10	0.0
0.0	1.0
-0.01667248271405697	0.0
0.0	1.0
-1.3011241435378906e-06	1.0
-2.636212741435884e-07	1.0
0.0	0.693
0.0	1.0
0.0	1.0
-0.00921181496232748	0.0
0.0	1.0
-2.9392069791356334e-06	0.0
0.0	1.0
0.0	0.0
-9.812113421503454e-05	1.0
-3.118210088359774e-06	0.0
-4.126003841520287e-05	1.0
-6.713978655170649e-05	1.0
0.0	0.0
-0.003480476327240467	0.0
0.0	0.0010090817356205853
-0.0004531940503511578	1.0
0.0	0.0
-0.0007849658140912652	0.005
0.0	1.0
0.0	0.007731958762886598
0.0	1.0
0.0	1.0
-3.737976658158004e-05	0.006
-0.0002241754555143416	0.0
-0.0005964924930594862	1.0
0.0	0.0
0.0	1.0
-8.624732799944468e-06	1.0
-7.268676563398913e-05	1.0
0.0	1.0
-1.2778049494954757e-05	0.0
-0.007258808705955744	0.0
0.0	0.0
-1.2092164979549125e-05	1.0
-0.00011654507397906855	1.0
0.0	1.0
0.0	0.0
-0.0226020235568285	0.0
-7.693461725466477e-07	0.0
-0.00011267214722465724	1.0
0.0	0.0
0.0	1.0
-3.434835207372089e-07	1.0
-0.0017781939823180437	0.0
-0.006770926993340254	0.0
0.0	1.0
0.0	0.0
-3.745989306480624e-05	0.0
0.0	0.0
0.0	1.0
-9.75107559497701e-06	1.0
-2.7236870536739843e-09	0.0
0.0	0.0
-0.014467623084783554	0.0
-2.7179596145288087e-05	0.0
0.0	1.0
-0.0056834095157682896	0.0
0.0	1.0
0.0	0.6753246753246753
0.0	0.468
-3.7940505771827393e-13	0.0
0.0	0.29699248120300753
0.0	1.0
-0.0025921352207660675	0.0
0.0	1.0
0.0	0.0
0.0	0.0
0.0	0.001001001001001001
-0.0006327619194053113	0.0
-1.218787110701669e-05	0.0
-1.9844242160615977e-07	1.0
-0.009939132258296013	0.0
0.0	1.0
-2.4186423530636603e-08	0.0025575447570332483
-0.00087522785179317	0.0
-6.681607374048326e-06	1.0
-0.00016877074085641652	1.0
0.0	1.0
-3.1137715268414468e-06	1.0
-0.0030508372001349926	0.0
0.0	0.09
0.0	0.0
0.0	1.0
0.0	1.0
-0.00010847701196325943	1.0
0.0	1.0
0.0	1.0
0.0	0.0
0.0	1.0
0.0	1.0
0.0	1.0
0.0	0.0
0.0	0.0
-0.004586090333759785	1.0
-1.4634995437745602e-09	0.218
0.0	0.0
0.0	0.0
0.0	0.0
0.0	1.0
0.0	1.0
0.0	1.0
0.0	1.0
0.0	1.0
-0.000633720017503947	1.0
0.0	1.0
-1.1534406242630357e-11	1.0
-0.0024097468703985214	1.0
-1.7695597307465505e-06	0.0
0.0	1.0
-0.021700847893953323	0.0
0.0	1.0
-1.7826994325176315e-09	1.0
-5.573083399212919e-07	1.0
-3.135131620979337e-08	0.0
0.0	1.0
-0.0006139990873634815	0.0
0.0	0.0
-3.1754431972785824e-08	0.0
-4.937128323945217e-05	1.0
-0.0037785901222378016	0.0
0.0	1.0
0.0	0.0763819095477387
-0.0008986305329017341	1.0
-1.641191920498386e-05	0.6333333333333333
-2.4272725568152964e-05	1.0
0.0	1.0
-5.887406587135047e-05	0.09956709956709957
0.0	1.0
0.0	0.0
-0.00012947386130690575	1.0
0.0	1.0
0.0	0.0
-0.008635936304926872	0.0
-2.4741917513892986e-05	0.0
0.0	1.0
0.0	1.0
-1.073396470019361e-05	1.0
-0.0005399466026574373	1.0
0.0	0.0
-3.5544606362236664e-05	0.0
0.0	1.0
-0.0035787306260317564	1.0
-1.8841587007045746e-05	0.0
0.0	1.0
0.0	0.0
-3.175588062731549e-05	0.23092369477911648
0.0	0.0
-0.005072700325399637	0.0
-0.0002385490806773305	1.0
0.0	0.0
-0.04980502277612686	0.0
0.0	0.0
0.0	1.0
0.0	0.0
-1.3784710063191596e-05	1.0
0.0	1.0
0.0	1.0
0.0	1.0
-0.0012612220598384738	1.0
0.0	1.0
-3.678800624129508e-07	1.0
0.0	1.0
-3.732959275026815e-09	1.0
-0.005087912082672119	0.3246753246753247
0.0	1.0
-2.579500630872644e-07	0.0
