0.0	0.001
-0.00029476021882146597	0.0
0.0	0.0
0.0	1.0
0.0	0.0
0.0	0.0
0.0	0.0
0.0	1.0
0.0	1.0
-8.66046393639408e-05	1.0
0.0	0.0
-1.2442231966947048e-10	1.0
0.0	0.988
-1.0729941095632967e-05	0.0010695187165775401
0.0	0.0010559662090813093
0.0	1.0
-6.678613218014107e-10	0.0
0.0	0.0
0.0	1.0
0.0	1.0
-4.979714276487357e-07	0.0
0.0	1.0
0.0	0.112
0.0	1.0
0.0	1.0
-0.0005019723903387785	1.0
-0.0009667457779869437	0.0010121457489878543
0.0	1.0
0.0	0.0
-0.0008536519017070532	0.002008032128514056
0.0	1.0
-6.990285328356549e-05	1.0
-0.0009020476718433201	0.0
-4.265947427484207e-05	0.0
0.0	0.0
-2.673014520837569e-08	0.0
-2.275097621406985e-08	1.0
-9.080024028662592e-05	0.0
0.0	1.0
-0.0007663535070605576	0.03003003003003003
-0.0009060095762833953	0.031880977683315624
0.0	1.0
-6.458281859522685e-05	1.0
0.0	1.0
0.0	0.0
0.0	0.988
0.0	1.0
0.0	0.0
0.0	1.0
-0.07293049991130829	0.0
0.0	0.0
-5.458728992380202e-05	1.0
-0.0014361492358148098	0.0010845986984815619
0.0	1.0
0.0	1.0
0.0	1.0
-0.001357825705781579	1.0
0.0	0.0
0.0	0.0
-0.0002360611833864823	0.0
0.0	1.0
0.0	1.0
0.0	0.0
-9.67380401561968e-05	1.0
-3.660072991351626e-07	1.0
-0.0019871541298925877	1.0
-2.4785967411844467e-07	1.0
-1.3052525105194945e-07	1.0
-1.889040504465811e-05	1.0
-0.0005335579044185579	1.0
0.0	1.0
0.0	1.0
-1.517806111905884e-07	1.0
0.0	0.0
-2.0110251170990523e-06	1.0
-6.91400892094407e-09	1.0
0.0	1.0
0.0	1.0
0.0	0.0
-6.167922947497573e-06	0.0
-0.0010782784083858132	0.0
0.0	1.0
-0.0018585796933621168	0.013091641490433032
0.0	0.081
0.0	1.0
0.0	0.0
0.0	1.0
0.0	1.0
-0.0012681859079748392	1.0
0.0	1.0
-0.001468277769163251	0.0
-0.0014565108576789498	1.0
0.0	0.03722334004024145
-0.0007501791114918888	1.0
-1.2832925000427764e-10	1.0
0.0	1.0
-3.780820043175481e-05	1.0
-0.0014156070537865162	0.011133603238866396
0.0	1.0
0.0	1.0
-0.00018577995069790632	1.0
-4.423661812325008e-05	1.0
-0.0002508391044102609	0.0
-0.0004059404891449958	1.0
0.0	1.0
0.0	1.0
-1.2234060022819904e-06	1.0
0.0	1.0
0.0	0.0
0.0	0.0
0.0	0.0
0.0	0.0
0.0	1.0
0.0	0.0
-0.05766718089580536	0.0
0.0	0.0
0.0	1.0
0.0	1.0
0.0	1.0
0.0	1.0
0.0	0.0
0.0	0.012036108324974924
-3.834174549410818e-06	1.0
0.0	0.0
0.0	1.0
0.0	1.0
0.0	1.0
0.0	1.0
-0.000231492958846502	1.0
0.0	1.0
0.0	1.0
0.0	1.0
0.0	1.0
-0.00034901066101156175	1.0
-6.950690294615924e-05	1.0
0.0	0.0
0.0	1.0
-0.00041077082278206944	1.0
0.0	0.0
0.0	0.03737373737373737
-0.006023404188454151	0.010427528675703858
-0.005425726063549519	0.008
0.0	0.0
0.0	1.0
-0.00047321408055722713	1.0
-0.0015970990061759949	1.0
0.0	1.0
0.0	1.0
0.0	1.0
-7.518954225815833e-05	0.0
0.0	1.0
0.0	1.0
-0.0035758381709456444	1.0
0.0	0.09008097165991903
0.0	1.0
0.0	1.0
0.0	1.0
-0.0004908579867333174	1.0
0.0	1.0
-6.654973816466736e-08	1.0
0.0	1.0
-3.310382817289792e-05	0.0
0.0	1.0
-0.00035853253211826086	1.0
0.0	1.0
0.0	0.0
0.0	1.0
0.0	0.0
-5.5815128519043355e-08	0.0
0.0	1.0
0.0	0.0
-0.001494531985372305	1.0
0.0	0.0
0.0	1.0
-0.00021441733406390995	1.0
-0.01888434961438179	0.0
0.0	1.0
0.0	1.0
0.0	1.0
0.0	1.0
0.0	0.0
-7.194460999171426e-11	0.025
0.0	1.0
0.0	1.0
-7.422037015203387e-05	1.0
0.0	0.0
0.0	1.0
-2.9798415198456496e-05	1.0
0.0	1.0
0.0	0.0
0.0	1.0
0.0	0.2
0.0	1.0
0.0	0.0
0.0	1.0
-0.0001891713764052838	1.0
-0.0016639819368720055	0.0
-0.0021076782140880823	1.0
0.0	1.0
-0.0016537628835067153	0.0
0.0	1.0
-0.0007512790034525096	0.988
0.0	0.988
-4.2652336560422555e-06	0.0
0.0	1.0
0.0	1.0
0.0	1.0
-2.8469271455833223e-06	0.988
-0.00023524847347289324	1.0
0.0	0.0
0.0	1.0
-6.2757394836410185e-09	1.0
-0.0003826406900770962	1.0
-0.0002869180461857468	1.0
-0.0003571863635443151	1.0
0.0	0.011133603238866396
0.0	1.0
-5.761014836025424e-05	0.0
0.0	1.0
0.0	1.0
-8.20815238000705e-09	1.0
0.0	1.0
0.0	0.012941176470588235
-2.244153802166693e-05	1.0
-1.6401270386268152e-06	1.0
0.0	0.0
-0.006866140756756067	0.0
-0.004483435302972794	0.0
-0.011488444171845913	0.0
-0.00023425865219905972	0.145
-5.572592609581761e-09	1.0
-0.0033111192751675844	0.0
0.0	1.0
-1.924253867358061e-09	1.0
0.0	0.0
0.0	0.0
-1.350195475424698e-07	1.0
0.0	0.04048582995951417
0.0	0.040526849037487336
-0.00010865825606742874	1.0
0.0	1.0
0.0	0.013541666666666667
0.0	1.0
0.0	0.0
0.0	1.0
0.0	0.0
0.0	1.0
-5.6782726460369304e-05	0.0
-0.00010301644942956045	0.0
0.0	0.0
0.0	1.0
-0.00020027907157782465	1.0
-0.006905569229274988	0.0
-4.747458660858683e-06	0.012
0.0	1.0
0.0	0.0
0.0	1.0
0.0	1.0
-1.2019696869758345e-11	1.0
-4.173260094830766e-05	1.0
-0.00013053510338068008	1.0
0.0	0.0
0.0	0.0
0.0	1.0
0.0	1.0
0.0	1.0
-0.002680007368326187	0.0
0.0	1.0
-0.0044244397431612015	0.0
-0.001303099561482668	0.0
0.0	1.0
0.0	1.0
0.0	1.0
0.0	1.0
0.0	0.21761133603238866
0.0	0.0
-7.374439974228153e-06	0.0
0.0	0.0
0.0	0.0
-9.334306014352478e-06	0.0
0.0	1.0
0.0	1.0
0.0	1.0
-0.0011915640207007527	0.14676113360323886
0.0	1.0
0.0	0.0020242914979757085
-3.088237463089172e-06	0.04048582995951417
0.0	1.0
-0.003797801211476326	0.0
0.0	1.0
-0.00012862957373727113	1.0
0.0	0.0
0.0	0.0
0.0	1.0
-0.0027907975018024445	1.0
0.0	1.0
0.0	1.0
0.0	1.0
0.0	0.0
-0.006592111196368933	0.0
0.0	0.0
-4.5696691813645884e-05	0.0
-0.0005770155694335699	0.038
0.0	1.0
0.0	1.0
0.0	1.0
-7.31095569790341e-05	1.0
0.0	1.0
0.0	0.0
0.0	0.0
-0.0013838564045727253	0.0
-0.03754192963242531	0.0
0.0	1.0
0.0	0.0
-0.0001178217280539684	1.0
0.0	1.0
0.0	1.0
-0.003470085794106126	1.0
-1.996203172893729e-05	0.0354251012145749
0.0	0.0
0.0	1.0
0.0	1.0
0.0	1.0
0.0	1.0
0.0	0.013793103448275862
0.0	1.0
0.0	0.0
-0.0008628958603367209	1.0
0.0	1.0
-0.007175775710493326	0.013793103448275862
0.0	1.0
-6.99181690322348e-09	1.0
0.0	0.0
-0.0005031392211094499	0.0
0.0	1.0
0.0	1.0
-0.00022972670558374375	0.0
0.0	1.0
-0.00032044356339611113	1.0
0.0	1.0
0.0	1.0
-5.219411832513288e-06	0.018018018018018018
-6.444935570470989e-05	1.0
0.0	1.0
0.0	1.0
0.0	1.0
-3.6651542814070126e-06	1.0
-0.003866080427542329	1.0
0.0	1.0
0.0	1.0
0.0	1.0
0.0	0.0
0.0	1.0
0.0	0.0
0.0	1.0
-6.164011574583128e-05	0.03903903903903904
-0.0001415413717040792	0.0
-8.483591955155134e-06	1.0
-0.0017940871184691787	0.0
0.0	0.0
-7.119545443856623e-06	1.0
-3.63131357516977e-06	0.0
0.0	0.0
0.0	1.0
0.0	0.0
0.0	1.0
-0.0003198023186996579	1.0
0.0	0.0
0.0	0.039
0.0	1.0
-0.0008881542016752064	1.0
-0.0001796313445083797	1.0
0.0	1.0
0.0	1.0
0.0	1.0
0.0	1.0
0.0	1.0
-4.372036528366152e-06	1.0
0.0	1.0
0.0	1.0
0.0	0.0
0.0	1.0
-0.0002259614411741495	0.0
0.0	1.0
-4.748411811306141e-06	0.6666666666666666
0.0	1.0
0.0	1.0
0.0	1.0
0.0	1.0
-0.011315648443996906	0.0
-5.253265771898441e-05	0.0
0.0	0.0
0.0	0.6666666666666666
-0.0005113434744998813	1.0
-4.706914296548348e-06	1.0
0.0	1.0
-5.937020614510402e-05	1.0
0.0	1.0
-6.605598845688121e-10	0.0
0.0	1.0
-0.00026822605286724865	1.0
-0.0011033321497961879	0.0033821871476888386
0.0	1.0
0.0	1.0
-4.5716442400589585e-05	0.0
0.0	1.0
-8.025624083529692e-06	0.0
0.0	1.0
-0.00018745142733678222	0.0
0.0	1.0
0.0	1.0
-0.004908084403723478	0.0
-7.130804442567751e-05	0.0
-0.00017812727310229093	1.0
0.0	0.001075268817204301
-0.009296117350459099	0.0
-3.920608378393808e-06	0.0
-2.403043595222698e-07	1.0
-0.004655375145375729	0.063
0.0	0.0
0.0	0.012941176470588235
0.0	0.012941176470588235
0.0	0.0
0.0	0.0
0.0	1.0
-0.003177342005074024	0.0
0.0	1.0
-3.017220296896994e-05	0.0446927374301676
0.0	1.0
0.0	1.0
0.0	0.0
-0.00010297647531842813	1.0
-0.000828739139251411	0.0
0.0	1.0
-0.003551138797774911	0.00510204081632653
-0.011958603747189045	0.0
-0.0063734776340425014	0.0
0.0	0.0
0.0	0.008138351983723296
0.0	1.0
0.0	0.0
0.0	0.05421686746987952
-2.633549627262255e-07	1.0
-0.0037541701458394527	0.0
-0.0030940112192183733	0.0
0.0	0.0
-1.3162481309336727e-06	0.0
0.0	0.0
0.0	0.004016064257028112
0.0	0.0
0.0	1.0
-0.021757259964942932	0.0
-0.00011768047988880426	0.0
-0.0002277861931361258	1.0
0.0	1.0
0.0	0.0
0.0	1.0
-5.089356136522838e-07	1.0
0.0	0.012195121951219513
-0.014694933779537678	0.0
0.0	0.001314060446780552
-1.097102071412337e-07	0.0
0.0	1.0
-0.00011090850603068247	1.0
-0.0007198848179541528	1.0
0.0	1.0
0.0	1.0
0.0	1.0
-1.649920886848122e-05	1.0
-5.174726546244325e-14	1.0
0.0	1.0
-1.1814170647994615e-05	0.0
-0.0006780289113521576	1.0
-3.254166949773207e-05	1.0
0.0	1.0
0.0	1.0
-0.00015797333617229015	1.0
0.0	0.01888888888888889
-0.0008200333104468882	0.07547169811320754
0.0	0.1017293997965412
-0.0010315029649063945	0.013333333333333334
0.0	0.0
0.0	0.0
-1.6665130386783744e-10	1.0
-3.5126291209053306e-08	0.0
-0.007599041797220707	0.0
0.0	0.0
0.0	0.988
0.0	0.0
0.0	1.0
0.0	0.0010121457489878543
0.0	0.0
0.0	1.0
-5.11574808115256e-06	1.0
0.0	1.0
0.0	1.0
-0.0015375148504972458	0.0
0.0	1.0
0.0	1.0
0.0	1.0
-9.576650654707919e-07	0.0010121457489878543
-0.0012548767263069749	1.0
-0.0012520155869424343	1.0
0.0	1.0
-1.5680085141411837e-07	0.0976116303219107
-0.00012047196651110426	0.0
-5.4157961130840704e-05	1.0
0.0	1.0
0.0	1.0
-9.097722020179333e-10	1.0
-0.0005783726810477674	0.0
0.0	1.0
-0.0013705843593925238	0.0
-9.227946429746225e-05	0.0
0.0	1.0
0.0	1.0
0.0	1.0
0.0	1.0
-0.004158207215368748	1.0
-6.382772880897392e-06	1.0
0.0	1.0
0.0	1.0
0.0	1.0
-5.238514404481975e-06	1.0
-0.00028373964596539736	1.0
0.0	1.0
0.0	0.12412412412412413
0.0	0.12412412412412413
-0.00283825327642262	0.0
0.0	0.988
0.0	1.0
0.0	0.0
0.0	0.875
-0.004415495321154594	1.0
-0.02783679962158203	0.0
0.0	1.0
0.0	1.0
0.0	0.0
0.0	0.03662597114317425
-4.373036599503166e-09	1.0
-0.00014724164793733507	0.0
0.0	1.0
0.0	1.0
-5.8770270698005334e-05	1.0
0.0	0.0
0.0	1.0
-0.0018576375441625714	0.0
-0.004918783903121948	0.0
-0.0006242991075851023	0.0
0.0	1.0
0.0	0.0
-0.03546091914176941	0.0
-1.440992880574754e-09	1.0
0.0	1.0
