-7.849684152461123e-06	0.0
0.0	1.0
0.0	0.16666666666666666
0.0	0.0
-0.0026504583656787872	1.0
0.0	1.0
0.0	0.002
0.0	0.0
0.0	0.0
0.0	0.0
-0.000177576977876015	0.0
-1.5653791706427e-05	1.0
0.0	1.0
-0.044567883014678955	0.0
-1.034713932313025e-05	1.0
0.0	0.0
0.0	0.0
0.0	1.0
0.0	0.4972972972972973
-0.00037014682311564684	1.0
0.0	1.0
-6.425241849683516e-07	1.0
-0.0008307883981615305	1.0
-0.003493618918582797	0.0
0.0	0.0
0.0	1.0
0.0	0.0
-3.449675932643004e-05	1.0
-6.667825847017639e-09	1.0
-0.0007857587188482285	1.0
-2.6719695597421378e-05	1.0
-0.00011759042536141351	1.0
-6.898791616549715e-05	0.3793103448275862
-0.02894781343638897	0.0
-1.687566140162744e-07	1.0
-1.1441062270023394e-05	0.0
0.0	1.0
-9.69443135545589e-06	1.0
-4.69394690298941e-05	1.0
-0.0050450521521270275	0.0
0.0	1.0
0.0	1.0
0.0	1.0
0.0	0.09697601668404589
0.0	1.0
0.0	1.0
-1.1379797797417268e-05	1.0
-0.0013032648712396622	0.0
0.0	0.004
0.0	1.0
-4.7498564526904374e-05	1.0
-0.03517701476812363	0.0
0.0	1.0
0.0	1.0
0.0	1.0
0.0	1.0
0.0	0.0
0.0	1.0
-0.006306726951152086	0.0
0.0	1.0
-0.0011816181940957904	1.0
-0.0003643636591732502	1.0
0.0	0.0
-1.591403633938171e-05	1.0
0.0	0.0
-0.0002716174640227109	1.0
0.0	1.0
0.0	1.0
-0.0003722927358467132	1.0
0.0	1.0
-1.1015756172128022e-05	1.0
-3.3828106097644195e-05	1.0
0.0	1.0
0.0	1.0
0.0	0.0
-1.1028527296730317e-05	1.0
-1.4614383314626167e-10	1.0
0.0	1.0
-0.0001874454173957929	1.0
0.0	1.0
-0.00026206718757748604	1.0
0.0	1.0
0.0	1.0
-0.00014224305050447583	1.0
-0.0002611620875541121	1.0
-0.0006317151128314435	1.0
0.0	1.0
0.0	1.0
-0.013906150124967098	0.0
-0.00029641480068676174	1.0
-0.001685118186287582	1.0
0.0	1.0
0.0	0.029116465863453816
0.0	1.0
-1.1274358513446714e-07	1.0
0.0	0.0
0.0	1.0
0.0	1.0
0.0	0.0
-0.0023584128357470036	0.0
-0.0010014526778832078	1.0
0.0	1.0
0.0	1.0
0.0	1.0
0.0	1.0
-0.000293434044579044	1.0
0.0	1.0
-0.007225156761705875	0.0
-4.5148003664508e-06	0.0
0.0	1.0
0.0	1.0
0.0	1.0
0.0	1.0
-9.220413630828261e-06	1.0
0.0	1.0
0.0	0.0
0.0	1.0
0.0	0.0
0.0	1.0
0.0	1.0
-1.1394697139621712e-05	1.0
-2.2700002988429446e-10	1.0
0.0	0.026052104208416832
0.0	1.0
0.0	0.0011013215859030838
0.0	1.0
0.0	1.0
-0.00025820216978900135	0.011
0.0	0.0
0.0	0.0010111223458038423
0.0	1.0
-3.399329173703336e-08	0.0
-0.0012909715296700597	0.0
0.0	1.0
0.0	0.0
-3.0671877482291166e-08	1.0
-1.0554565112493252e-22	0.0
-0.007675442378968	1.0
0.0	1.0
-0.0016529191052541137	0.016574585635359115
-0.00014194223331287503	1.0
0.0	0.0
0.0	1.0
0.0	1.0
-0.002006229478865862	0.0
0.0	1.0
0.0	1.0
-0.002072239527478814	1.0
0.0	0.0
0.0	1.0
0.0	1.0
-1.8574985993780047e-09	0.0
-4.112422539037652e-05	1.0
0.0	0.0
0.0	1.0
0.0	1.0
0.0	1.0
-5.34121625150874e-07	1.0
-9.273453906644136e-05	1.0
0.0	1.0
0.0	0.0
0.0	1.0
-4.701512779092809e-08	0.0
0.0	1.0
0.0	0.0010162601626016261
0.0	0.0
0.0	1.0
0.0	0.018
0.0	0.013
0.0	1.0
0.0	1.0
0.0	1.0
0.0	0.029411764705882353
0.0	1.0
0.0	1.0
-1.686411997070536e-05	1.0
0.0	1.0
0.0	0.0
0.0	1.0
-0.0003410416829865426	0.0
0.0	0.0
-3.1375437803404793e-09	0.908
0.0	1.0
0.0	1.0
-2.1099078367115e-05	1.0
-1.7506579297332792e-07	0.0
-3.494698103168048e-05	1.0
-0.0007028591935522854	1.0
0.0	1.0
-0.004723669029772282	0.0
-0.0001770431554177776	1.0
0.0	0.002098635886673662
0.0	0.047094188376753505
0.0	1.0
0.0	0.047
0.0	0.047
0.0	1.0
0.0	1.0
-0.00033191373222507536	1.0
-0.002162571996450424	1.0
-0.00038312425022013485	0.0
0.0	1.0
-8.268598321592435e-05	1.0
-0.0022118219640105963	1.0
0.0	1.0
0.0	0.6
0.0	0.0
-0.00016188682639040053	0.75
0.0	0.004434589800443459
0.0	1.0
0.0	1.0
-0.00032201557769440114	0.0
-1.2480221300847916e-07	0.0
0.0	1.0
0.0	1.0
-3.651438595930756e-10	0.0
-1.9774260007210387e-09	1.0
0.0	0.0
0.0	1.0
0.0	1.0
0.0	1.0
-1.3772997590422165e-05	1.0
-1.6462112398585305e-05	0.0
-7.902422112238128e-06	0.908
-9.355180168313382e-07	1.0
-7.183619192423533e-16	1.0
0.0	0.0
-4.432608329807408e-05	0.0
0.0	1.0
-0.07603173702955246	0.0
-1.330314916003772e-07	0.0
0.0	0.0
0.0	1.0
-0.024983465671539307	0.0
0.0	0.0
-0.001500388840213418	1.0
0.0	1.0
0.0	1.0
-0.015738360583782196	0.0
-7.815619028406218e-05	1.0
0.0	0.0
0.0	0.0
0.0	0.0
-9.107887308346108e-05	1.0
0.0	1.0
-0.0001242396392626688	1.0
0.0	0.0
0.0	1.0
0.0	1.0
0.0	1.0
0.0	1.0
0.0	1.0
0.0	1.0
-0.022660592570900917	0.0
0.0	0.0
0.0	1.0
0.0	1.0
0.0	0.0
0.0	1.0
-0.00015414366498589516	1.0
0.0	0.037487335359675786
-9.2774469521828e-05	0.0
-7.919877589301905e-07	1.0
-0.0494743287563324	0.0
0.0	1.0
0.0	0.0
0.0	0.0
0.0	0.0
0.0	1.0
0.0	1.0
0.0	1.0
-0.0034641576930880547	1.0
0.0	0.0
-0.008557786233723164	0.0
-0.005983233917504549	0.0
0.0	0.0
0.0	1.0
-1.4943039786885493e-05	0.0
-0.0006299054948613048	0.0
0.0	0.0
0.0	1.0
0.0	1.0
0.0	1.0
0.0	1.0
0.0	0.0
0.0	0.0
0.0	1.0
-0.001926583587191999	1.0
-0.0019439810421317816	0.0364963503649635
0.0	1.0
0.0	0.0
0.0	1.0
-0.00016856682486832142	1.0
-0.0006432648515328765	0.0
0.0	1.0
0.0	1.0
-3.736749567906372e-05	1.0
0.0	0.0
0.0	0.0010030090270812437
-0.0007035635644569993	1.0
-0.0002725714002735913	1.0
-0.006854834035038948	0.0
0.0	1.0
-0.009113999083638191	0.0
0.0	1.0
-2.820236204570392e-06	1.0
0.0	0.0
0.0	0.0
0.0	1.0
0.0	0.0
-4.488765262267158e-11	1.0
0.0	0.0
-0.00015598989557474852	1.0
0.0	1.0
0.0	1.0
0.0	0.0
0.0	1.0
-0.006105487700551748	0.0
0.0	0.0
0.0	0.005506607929515419
-0.01504396740347147	0.0
-4.7351172725029755e-06	1.0
-0.00026703160256147385	1.0
0.0	1.0
0.0	1.0
0.0	0.0
0.0	0.244
0.0	1.0
0.0	1.0
0.0	1.0
0.0	1.0
-0.0018482920713722706	1.0
-0.000885116751305759	0.0160481444332999
-6.724009290337563e-05	1.0
0.0	0.0
0.0	1.0
0.0	1.0
-1.0999077516837819e-11	1.0
0.0	1.0
0.0	0.0
0.0	1.0
0.0	1.0
0.0	1.0
0.0	0.0
-4.193153290543705e-05	1.0
0.0	0.0
0.0	0.0
0.0	0.0
-0.0028959661722183228	0.0
0.0	0.908
-6.416490894167737e-09	0.908
0.0	1.0
0.0	1.0
0.0	1.0
0.0	1.0
-3.861739605781622e-05	0.0
0.0	1.0
0.0	1.0
-0.0002405400446150452	1.0
0.0	1.0
-0.0018317728536203504	1.0
0.0	1.0
0.0	1.0
-1.646989767323248e-05	0.0
0.0	1.0
0.0	0.0
0.0	1.0
0.0	1.0
0.0	1.0
0.0	1.0
0.0	1.0
0.0	0.021897810218978103
0.0	1.0
0.0	0.0
0.0	1.0
0.0	0.0
0.0	1.0
0.0	0.0
0.0	1.0
0.0	1.0
-0.000143695724545978	1.0
-0.0002178394206566736	0.0
-9.079627327768236e-11	0.0011123470522803114
0.0	0.0
0.0	1.0
0.0	1.0
-1.9392687988784019e-07	0.025330396475770924
0.0	0.0
-0.0014775368617847562	1.0
-0.0004505566612351686	1.0
-3.1782604326124897e-10	1.0
-0.00048078165855258703	1.0
0.0	1.0
-1.394083692929371e-08	1.0
0.0	1.0
0.0	1.0
0.0	0.908
0.0	1.0
0.0	1.0
-3.624639433041921e-08	1.0
0.0	1.0
0.0	1.0
-0.0010931506985798478	0.908
0.0	0.0
-8.115614764392376e-05	1.0
0.0	0.0
0.0	1.0
0.0	0.0
0.0	1.0
0.0	1.0
0.0	0.0
0.0	1.0
-0.0008093393407762051	1.0
0.0	1.0
0.0	1.0
0.0	0.06813627254509018
-0.014093264006078243	0.0
0.0	1.0
0.0	0.03134479271991911
0.0	1.0
0.0	1.0
0.0	1.0
-4.05255169699803e-11	1.0
-2.9184775485191494e-07	0.0
-1.6453252101200633e-05	1.0
-3.0273172342276666e-06	1.0
-0.026538003236055374	0.0
-4.080363214598037e-05	0.0
-0.00019175965280737728	1.0
-2.222190289558057e-07	1.0
0.0	0.00404040404040404
0.0	0.001004016064257028
0.0	0.0
0.0	0.004004004004004004
-5.2778374083573e-05	1.0
0.0	1.0
-1.8819474689735216e-07	1.0
0.0	0.0
-0.014354206621646881	0.0
0.0	0.0
-4.494425411394332e-06	1.0
-0.0016574227483943105	0.0
0.0	1.0
-0.00016636282089166343	1.0
0.0	1.0
-0.00040133786387741566	0.0
0.0	1.0
-0.001046295277774334	1.0
0.0	1.0
0.0	1.0
0.0	1.0
-0.0005969710764475167	1.0
0.0	1.0
-0.0014289782848209143	1.0
-0.0005443781847134233	1.0
0.0	1.0
-8.213637556764297e-06	1.0
0.0	0.0
0.0	1.0
0.0	0.0
0.0	0.0020855057351407717
0.0	0.0
0.0	0.04703247480403135
0.0	1.0
0.0	1.0
0.0	1.0
-1.8222643120680004e-05	1.0
0.0	1.0
-0.0021609875839203596	0.4437627811860941
-0.00030544790206477046	0.038869257950530034
0.0	1.0
-5.978904027870158e-06	1.0
-0.0004231065686326474	1.0
0.0	1.0
-0.00020862504607066512	1.0
0.0	1.0
0.0	1.0
-3.162192729888602e-11	1.0
0.0	0.0
0.0	0.0
0.0	1.0
-0.00022074533626437187	0.0
0.0	0.0
0.0	0.0
0.0	1.0
-0.00012640109343919903	1.0
-0.006891718599945307	0.008438818565400843
0.0	1.0
0.0	1.0
0.0	1.0
0.0	0.0
-3.342748823342845e-05	0.0
0.0	1.0
0.0	0.05286343612334802
0.0	1.0
0.0	0.0
0.0	1.0
-0.00015783289563842118	0.0
0.0	1.0
0.0	0.0
-1.621008777874522e-06	0.0
0.0	1.0
-5.7331349125888664e-06	0.0
0.0	1.0
0.0	1.0
-0.000816670770291239	1.0
0.0	1.0
-0.0005452586920000613	0.013874066168623266
-1.993134355871007e-05	1.0
0.0	1.0
0.0	1.0
0.0	1.0
-2.3573701213308595e-08	0.0
-0.0012649127747863531	0.0
-6.912412118253997e-06	1.0
0.0	0.0
0.0	1.0
-0.0005179437575861812	1.0
0.0	0.0
0.0	1.0
0.0	1.0
-6.614989160880214e-07	1.0
0.0	1.0
-0.00019563450769055635	1.0
-0.06402511149644852	0.0
0.0	1.0
0.0	1.0
-0.010278471745550632	0.0
-0.0001642525166971609	0.0
-0.0008270497201010585	1.0
-1.5416902670040145e-06	1.0
-1.2265369150554761e-05	0.03907815631262525
0.0	1.0
0.0	1.0
-9.420973947271705e-05	1.0
0.0	1.0
0.0	0.068
-4.576558687574561e-09	0.0
0.0	0.14270833333333333
-0.0005222322652116418	0.14270833333333333
0.0	0.1385237613751264
-9.271680312394892e-08	0.0
-5.069745748187415e-05	1.0
0.0	0.0
0.0	0.027809965237543453
0.0	0.24696356275303644
0.0	1.0
0.0	1.0
-1.5505019490547056e-09	1.0
0.0	1.0
0.0	1.0
-1.926014374475926e-05	1.0
-3.70595103049709e-07	1.0
0.0	1.0
0.0	1.0
0.0	1.0
-5.147297201801848e-07	1.0
0.0	1.0
0.0	1.0
0.0	1.0
0.0	0.0
0.0	1.0
0.0	1.0
0.0	0.0
-8.211085514631122e-06	0.03
0.0	1.0
-0.0003805914893746376	0.908
-1.631773375265766e-05	0.0
-0.002936708740890026	0.0
-1.4990737327025272e-05	0.908
-5.690952548320638e-06	1.0
0.0	0.0010526315789473684
-0.006991472560912371	0.0
0.0	0.0
0.0	1.0
-0.0016673033824190497	0.0
0.0	0.001091703056768559
0.0	0.0
0.0	0.08779011099899092
0.0	1.0
0.0	0.0
0.0	0.0
0.0	1.0
0.0	0.0
0.0	0.0
-0.0070682428777217865	0.0
-2.4536689124943223e-06	0.0
-0.0017949254252016544	0.0
-0.0009460066794417799	0.0
0.0	1.0
0.0	1.0
0.0	1.0
0.0	1.0
-0.0017694447888061404	0.0
-1.9268497908342397e-09	1.0
0.0	1.0
0.0	1.0
-0.0021892464719712734	0.0
-0.0012737405486404896	1.0
0.0	0.0
-1.4959203326725401e-05	1.0
0.0	1.0
0.0	1.0
0.0	0.0
-4.3533834315212516e-08	0.0
0.0	1.0
0.0	1.0
0.0	1.0
0.0	1.0
0.0	1.0
