-0.00022053770953789353	0.0
0.0	0.0
0.0	1.0
-1.4813998638896209e-10	1.0
0.0	0.067
0.0	1.0
0.0	1.0
0.0	1.0
-0.0033762811217457056	0.5
-0.016316086053848267	0.0
-0.0002753741282504052	0.0
0.0	1.0
0.0	1.0
0.0	1.0
0.0	1.0
-8.436044396376019e-08	1.0
-0.00010395896242698655	0.0
0.0	1.0
0.0	1.0
0.0	1.0
0.0	1.0
0.0	0.0
0.0	1.0
-0.0045299953781068325	1.0
0.0	0.0
0.0	1.0
-0.0002764046657830477	1.0
-2.3438526113750413e-05	1.0
0.0	1.0
0.0	0.0
0.0	1.0
0.0	1.0
0.0	1.0
0.0	0.0
-0.0005708354292437434	1.0
-4.757981514558196e-06	1.0
0.0	1.0
0.0	0.0
0.0	1.0
-1.3552187738241628e-05	1.0
0.0	1.0
-5.203189357416704e-05	0.0
-0.0003661753435153514	1.0
0.0	0.0
-0.00010704166197683662	0.0
-2.7300751753500663e-05	1.0
-0.023164277896285057	0.0
-0.002460859250277281	1.0
-0.00014996883692219853	1.0
0.0	1.0
-0.0033825132995843887	0.0
-0.00013413853594101965	0.0
-8.256014552898705e-06	0.0
0.0	1.0
-0.0023802423384040594	1.0
0.0	0.005
0.0	0.0
-0.000486235658172518	0.0
0.0	0.0
0.0	1.0
0.0	0.0
0.0	0.0
-3.1613228701488083e-10	1.0
0.0	1.0
0.0	1.0
-3.020704389200546e-05	0.05188679245283019
0.0	0.0
0.0	0.0
0.0	0.11864406779661017
0.0	1.0
0.0	0.0
-5.957481334917247e-06	1.0
0.0	0.0010384215991692627
0.0	1.0
-0.03254920616745949	0.0
-2.163194267268409e-06	1.0
-0.003940471448004246	0.0
0.0	0.581
-0.005320120602846146	0.0
0.0	1.0
0.0	0.0
-3.2234045647783205e-05	1.0
-9.161441266769543e-05	1.0
-5.133250851940829e-06	1.0
-2.1897596525377594e-05	0.004830917874396135
0.0	0.0
0.0	1.0
-8.406150300288573e-05	1.0
-0.0008285124786198139	0.4198396793587174
-0.0004341881722211838	1.0
0.0	0.0
0.0	1.0
0.0	1.0
-2.443030666654522e-07	0.0
0.0	0.0
0.0	1.0
0.0	1.0
0.0	1.0
-0.0028481693007051945	0.0
-1.0361276281400933e-06	1.0
-1.751385207171552e-05	1.0
0.0	1.0
0.0	1.0
-4.197585440124385e-05	1.0
0.0	1.0
0.0	1.0
0.0	1.0
0.0	0.01909307875894988
0.0	1.0
0.0	1.0
0.0	1.0
0.0	0.014042126379137413
-6.780275725759566e-05	1.0
0.0	0.0031512605042016808
-0.0005178675637580454	0.012036108324974924
0.0	1.0
0.0	0.00404040404040404
-1.20040928707487e-19	1.0
-0.00020216152188368142	0.0
-9.381009817843733e-07	0.0
-0.0010837226873263717	1.0
0.0	1.0
-0.029264414682984352	0.0
0.0	0.5202863961813843
0.0	1.0
0.0	1.0
-5.535208856599638e-06	0.0
0.0	0.215
0.0	1.0
0.0	1.0
-1.9862822227878496e-05	0.0
0.0	1.0
0.0	0.0
0.0	1.0
-5.527495432033902e-06	1.0
0.0	0.03285870755750274
0.0	0.0
-2.1947040295344777e-05	0.001095290251916758
0.0	0.0
-0.0006467918865382671	1.0
0.0	0.0
-3.697983629535884e-05	1.0
0.0	0.36992840095465396
0.0	0.748792270531401
0.0	0.0
0.0	1.0
-3.0385466743609868e-05	1.0
0.0	0.038461538461538464
0.0	1.0
-3.0110662919469178e-05	1.0
0.0	1.0
-0.00174680445343256	0.0
-0.006812036968767643	0.0
0.0	1.0
0.0	0.0
0.0	0.0
0.0	1.0
0.0	1.0
-5.902363682253053e-07	1.0
0.0	1.0
0.0	0.0
-0.002532169921323657	0.0
0.0	0.0
-1.9232960767112672e-05	1.0
0.0	1.0
0.0	0.0
0.0	0.0
0.0	1.0
0.0	1.0
0.0	0.0
-0.00015739133232273161	0.24651162790697675
0.0	0.0
-5.934493401582586e-06	0.009
-0.004371119663119316	0.0
-0.0384083166718483	0.0
-0.0043901484459638596	0.0
-1.3225168913777452e-05	0.0
-1.7658470824244432e-05	0.0
-0.04529426991939545	0.0
0.0	1.0
-0.0017849855357781053	1.0
-7.366803401964717e-06	1.0
0.0	1.0
0.0	1.0
-0.00021880863641854376	1.0
0.0	1.0
0.0	0.0
0.0	1.0
-3.2527896109968424e-05	1.0
0.0	1.0
-0.00028502955683507025	1.0
0.0	1.0
0.0	0.0
0.0	0.0
-0.0025962605141103268	1.0
-0.0012346170842647552	1.0
0.0	1.0
-2.0250565285095945e-05	1.0
0.0	0.0
0.0	0.0
-0.00041343443444930017	0.46
0.0	1.0
0.0	1.0
0.0	1.0
0.0	1.0
0.0	1.0
-0.000279744592262432	0.09178743961352658
0.0	1.0
0.0	1.0
-3.358010474130424e-07	0.026503567787971458
0.0	1.0
0.0	0.002
-3.1874172634616116e-08	1.0
0.0	1.0
0.0	0.0
0.0	0.0
0.0	1.0
-7.784168865043739e-09	0.0
0.0	1.0
-0.0034016063436865807	0.0
-0.001915455679409206	0.0
0.0	0.232
0.0	0.232
0.0	0.0
-0.0003068198566325009	1.0
-0.011280642822384834	0.0
-5.624123150482774e-05	0.008
-1.012757707030687e-06	1.0
-5.034824640537394e-11	0.0
0.0	1.0
-5.703088390873745e-06	1.0
0.0	1.0
0.0	1.0
-4.060085120727308e-05	1.0
-0.00019385898485779762	1.0
-0.001448636525310576	0.0
0.0	1.0
0.0	1.0
-5.365839751902968e-05	0.014492753623188406
-3.949893797455806e-12	0.0
0.0	1.0
0.0	1.0
0.0	0.0
0.0	1.0
-7.252641080413014e-05	1.0
0.0	0.0
-2.5683875719550997e-05	0.0
0.0	0.0
-0.00026586270541884005	1.0
-7.9826844512354e-07	0.0
0.0	1.0
0.0	0.0
0.0	1.0
-3.6654537183267166e-08	1.0
-0.0007515801698900759	0.0
0.0	1.0
0.0	0.0
0.0	0.007
-1.0784439155031578e-06	0.0
0.0	1.0
0.0	1.0
-0.000253999576671049	1.0
-1.0408803973405156e-05	1.0
-4.204600918455981e-05	1.0
-0.0004420840705279261	1.0
0.0	0.0
0.0	0.0
-2.2364602045854554e-05	1.0
0.0	1.0
-0.0017783415969461203	1.0
-0.0008066031732596457	0.0
0.0	1.0
-6.733951067872113e-06	1.0
0.0	0.0
0.0	1.0
0.0	1.0
-0.04550885036587715	0.0
0.0	1.0
0.0	1.0
0.0	1.0
0.0	1.0
-7.821542385499924e-05	0.013211382113821139
-5.726336294031853e-09	0.0
0.0	1.0
-2.8392992135195527e-06	0.0
-0.0006731678149662912	1.0
0.0	1.0
-0.006496415939182043	0.0
-5.178949322726112e-06	0.0
-3.54080265108081e-10	1.0
-0.011088533326983452	0.0
0.0	0.0
-2.783214586088434e-05	0.0
-0.0019169290317222476	0.0
0.0	1.0
0.0	1.0
-4.146428533857716e-09	1.0
-1.802762199076824e-05	1.0
0.0	1.0
0.0	1.0
0.0	1.0
-1.2773733033100143e-05	0.0
-0.015309774316847324	0.0
-7.203319910331629e-06	1.0
0.0	1.0
0.0	1.0
-0.0020900676026940346	1.0
-0.0005399251240305603	0.0
0.0	0.0
-0.0003697590727824718	1.0
-1.5114381994862924e-06	0.5898477157360406
0.0	1.0
0.0	1.0
0.0	1.0
0.0	1.0
0.0	0.0
-1.0575192943562683e-09	1.0
0.0	1.0
-0.004301633685827255	0.0
-1.0325331459171139e-05	0.0
-2.349517842503701e-07	1.0
-0.00020129511540289968	0.04984740590030519
0.0	0.0
-0.0037849133368581533	0.017708333333333333
0.0	1.0
0.0	1.0
0.0	0.014492753623188406
-0.0001683747977949679	1.0
0.0	1.0
0.0	1.0
-0.003987462725490332	1.0
0.0	0.0
-0.005459980107843876	0.0
-0.001158198923803866	0.24096385542168675
-1.1292064300505444e-05	1.0
0.0	1.0
0.0	0.419
0.0	0.0
-1.4221775018086191e-05	1.0
-0.004721245728433132	0.0
-1.6366822922441425e-14	0.0
0.0	0.0
0.0	0.0
-0.0003446506743784994	1.0
0.0	0.49403341288782815
0.0	1.0
-1.5785104551468976e-05	0.0
-0.00010517123155295849	1.0
-0.0004896634491160512	1.0
-3.477414429653436e-05	1.0
0.0	1.0
0.0	1.0
-8.864144183462486e-05	1.0
0.0	1.0
0.0	0.0
0.0	1.0
-0.0004305735055822879	1.0
0.0	1.0
0.0	0.0
-7.782244210829958e-05	1.0
-0.0001661239075474441	0.0
0.0	0.0
0.0	0.0
-5.981289632472908e-07	1.0
-6.410434791499775e-13	1.0
-0.00012923577742185444	1.0
0.0	0.014150943396226415
0.0	0.014150943396226415
0.0	0.0
0.0	1.0
0.0	0.0
0.0	1.0
0.0	1.0
-0.002300627762451768	1.0
-0.0003574485017452389	0.0
-1.0149385672175715e-11	0.0
0.0	1.0
-0.0006414703093469143	0.0
0.0	1.0
0.0	1.0
-0.00017378412303514779	1.0
0.0	1.0
0.0	0.016
-8.098497346509248e-05	0.0
0.0	1.0
0.0	1.0
0.0	0.023001095290251915
-5.0577444199007004e-05	1.0
0.0	1.0
0.0	1.0
0.0	0.0
-0.00039038140675984323	1.0
-0.0008421374368481338	1.0
0.0	1.0
0.0	1.0
0.0	1.0
0.0	1.0
-0.00011263076157774776	1.0
0.0	0.0041025641025641026
0.0	0.02610441767068273
-0.0006542298360727727	0.04475043029259897
0.0	1.0
0.0	0.389
-3.467521270117402e-10	0.019230769230769232
0.0	0.0
0.0	1.0
0.0	1.0
0.0	0.05220883534136546
0.0	1.0
0.0	0.005398110661268556
0.0	1.0
-2.1080906662973575e-05	0.05668016194331984
-7.919401105027646e-05	0.0
0.0	0.27035490605427975
-3.227514025638811e-05	1.0
-0.00014924962306395173	1.0
-6.0885745369887445e-06	1.0
0.0	0.0
0.0	1.0
-0.00023757477174513042	1.0
0.0	1.0
0.0	0.0
0.0	1.0
0.0	1.0
-0.0014943120768293738	0.008
0.0	1.0
0.0	1.0
0.0	0.0
0.0	1.0
0.0	1.0
0.0	1.0
0.0	1.0
-5.980527475912822e-06	1.0
-4.448389881872572e-05	1.0
-0.04946114867925644	0.0
0.0	1.0
0.0	1.0
0.0	1.0
0.0	1.0
-0.001716266619041562	1.0
0.0	0.0
-3.361756625963608e-06	0.0
0.0	1.0
0.0	1.0
0.0	0.0
-2.077336102956906e-05	0.0
-8.028581760299858e-06	1.0
-0.005421959329396486	0.0
0.0	1.0
0.0	1.0
-3.015133032135964e-08	1.0
-0.0007011169218458235	1.0
-0.0009024926694110036	1.0
0.0	1.0
0.0	1.0
-0.0006369161419570446	1.0
0.0	1.0
0.0	1.0
0.0	1.0
0.0	1.0
0.0	1.0
0.0	1.0
-0.0007331017986871302	1.0
0.0	1.0
-4.074555545230396e-05	0.0
-1.5505307601415552e-05	0.0
0.0	0.0
-0.001191849005408585	1.0
0.0	1.0
-0.0003848574706353247	1.0
0.0	0.1497584541062802
0.0	1.0
0.0	1.0
0.0	0.0
0.0	0.0
0.0	1.0
-1.800485006242525e-05	0.0
-2.9016130156378495e-06	0.444
-1.1043341601180146e-06	1.0
-0.005905142519623041	1.0
0.0	1.0
0.0	0.0
0.0	1.0
0.0	1.0
-0.00037612809683196247	1.0
-0.0013287259498611093	1.0
0.0	1.0
0.0	1.0
-4.779727532877587e-05	0.0
-0.0001921280927490443	0.001763668430335097
0.0	0.0
0.0	1.0
-0.0005801438237540424	0.0
0.0	1.0
0.0	0.0
0.0	1.0
0.0	0.0
-0.0014450340531766415	0.7211703958691911
0.0	1.0
0.0	0.0
0.0	1.0
0.0	1.0
0.0	1.0
0.0	0.0266497461928934
-0.00010728297638706863	1.0
0.0	1.0
0.0	0.0
0.0	0.0
-0.0007684579468332231	1.0
-0.012752563692629337	0.0
0.0	0.0
0.0	0.793
0.0	0.0
-0.002568741561844945	1.0
0.0	1.0
-6.504445337895959e-08	1.0
0.0	1.0
-0.005820682272315025	0.0
0.0	0.0
0.0	1.0
-2.1455106491430342e-07	1.0
0.0	0.0
-0.00021411216584965587	0.0
0.0	0.0
0.0	1.0
0.0	1.0
-2.5148860771651016e-10	1.0
-0.012533283792436123	0.0
0.0	0.0
-4.922525477013551e-06	1.0
0.0	1.0
0.0	1.0
0.0	1.0
-0.0009299680823460221	0.0
0.0	0.00966183574879227
0.0	1.0
0.0	1.0
-8.876477295416407e-06	0.0
0.0	1.0
0.0	1.0
-0.00042297490290366113	1.0
0.0	0.0
-0.010074424557387829	0.0
0.0	1.0
-8.8531116489321e-05	1.0
0.0	1.0
-0.0005868740845471621	0.0
0.0	1.0
0.0	0.0
0.0	1.0
-2.1251949533507286e-07	1.0
0.0	1.0
0.0	1.0
-9.203796798828989e-05	1.0
0.0	1.0
0.0	1.0
0.0	1.0
0.0	1.0
0.0	0.0
-0.0011587459594011307	1.0
-0.0010133165633305907	1.0
0.0	1.0
-0.001241832273080945	1.0
0.0	1.0
0.0	0.0068846815834767644
0.0	0.0
-0.0015636591706424952	1.0
-0.009503965266048908	0.0
0.0	1.0
0.0	1.0
0.0	0.0
0.0	0.0
