0.0	1.0
0.0	1.0
0.0	1.0
0.0	1.0
0.0	0.056
-0.010836475528776646	0.0
-4.003736103186384e-05	0.0
-0.00029264428303577006	1.0
-6.767629383830354e-05	1.0
-0.06741073727607727	0.0
-2.3432196485373424e-06	0.0
-0.0035289223305881023	0.08408408408408409
-9.785044312593527e-07	0.001091703056768559
0.0	0.001091703056768559
0.0	1.0
0.0	0.0
-0.001843034289777279	1.0
-6.082586310185434e-07	1.0
-0.00016591361782047898	1.0
-4.299310241151488e-09	0.0
0.0	1.0
-2.2241003989620367e-06	1.0
0.0	0.25
0.0	1.0
0.0	1.0
0.0	1.0
-7.966365956235677e-06	0.24048096192384769
0.0	1.0
0.0	1.0
0.0	1.0
0.0	0.0011976047904191617
0.0	1.0
0.0	1.0
0.0	0.0
0.0	0.01001001001001001
0.0	1.0
0.0	1.0
-0.0006517224828712642	0.0
0.0	0.0
0.0	1.0
0.0	0.11402623612512613
0.0	0.012738853503184714
-1.7928508455611336e-08	0.0
-2.5110586648224853e-05	0.0
-1.8249493223265745e-05	0.058886509635974305
-0.0008385299006476998	1.0
-0.028658796101808548	0.0
0.0	0.0
0.0	1.0
0.0	1.0
0.0	1.0
0.0	1.0
0.0	1.0
-2.171090329738945e-07	1.0
0.0	1.0
0.0	1.0
0.0	1.0
-8.821988473073361e-08	0.0
0.0	0.0
-0.0014974786899983883	0.0
0.0	1.0
0.0	1.0
0.0	1.0
-3.8712127548024e-07	0.06259097525473072
-0.0010619180975481868	0.046038543897216275
0.0	0.5217391304347826
-3.1469215855395305e-07	1.0
0.0	1.0
0.0	1.0
-7.08952866261825e-05	0.0
-0.00114427600055933	0.0
0.0	0.0
0.0	1.0
0.0	0.0
0.0	1.0
0.0	0.0
0.0	0.0
-0.0006753788329660892	1.0
-2.9944458024289133e-09	0.0
0.0	0.239
0.0	0.239
0.0	1.0
0.0	1.0
0.0	1.0
0.0	0.0
-0.0012342585250735283	0.0
-0.002691128058359027	0.0
-0.0003230807778891176	0.2675619834710744
0.0	1.0
0.0	1.0
0.0	0.0
0.0	1.0
-6.479083936028474e-08	1.0
-0.00013332780508790165	1.0
0.0	1.0
0.0	1.0
0.0	0.298989898989899
-0.016132036224007607	0.0
-0.0009146062657237053	1.0
0.0	1.0
0.0	0.0
0.0	0.0
0.0	1.0
-0.00011068790627177805	0.0
-8.938202608610446e-12	1.0
-0.021556692197918892	0.0
-1.501059728070686e-06	0.0
0.0	1.0
0.0	1.0
-0.0006445817998610437	1.0
0.0	1.0
0.0	1.0
0.0	1.0
0.0	1.0
0.0	1.0
-0.001127420226112008	1.0
-2.9804954465362243e-05	1.0
0.0	1.0
0.0	0.0
0.0	0.2483574244415243
0.0	0.0
-0.0007239241967909038	0.0
0.0	1.0
-0.0005718386964872479	0.0
0.0	0.0
-0.00016969803255051374	0.0
-0.004713213071227074	0.0
0.0	0.0
0.0	1.0
0.0	0.0
-4.3182975417721536e-08	1.0
0.0	1.0
-0.023074982687830925	0.0
0.0	1.0
0.0	1.0
-2.3722468540654518e-06	1.0
0.0	1.0
-0.000666456064209342	0.0
-0.0006000309367664158	1.0
0.0	1.0
0.0	1.0
0.0	1.0
-0.0037881291937083006	0.0
-0.004375875927507877	0.0
0.0	0.0
-1.1861227449116996e-06	0.0
-9.094283104360557e-10	1.0
0.0	0.0
-0.0007375900750048459	1.0
0.0	1.0
-0.001053273444995284	0.0
0.0	1.0
-0.0005158448475413024	1.0
0.0	1.0
0.0	1.0
0.0	1.0
0.0	0.0
-0.10798303037881851	0.0
-0.00014513454516418278	1.0
0.0	1.0
0.0	1.0
0.0	1.0
-0.00142907805275172	0.4782608695652174
-6.987687811488286e-05	1.0
-2.8090248349599278e-08	0.0
-0.0010764888720586896	0.0
0.0	1.0
-0.013629558496177197	0.0
0.0	1.0
-2.2108938537712675e-06	1.0
-0.0027485296595841646	0.0
0.0	1.0
0.0	1.0
-2.391385169175919e-05	1.0
-0.00019600985979195684	1.0
-0.009097316302359104	0.0
0.0	1.0
0.0	0.0
-0.0013134472537785769	1.0
-0.00013969611609354615	1.0
0.0	1.0
0.0	0.0
0.0	0.0
-0.0005447054863907397	0.0
0.0	0.0
0.0	1.0
-0.0002502859861124307	0.0
-0.0006233737221919	1.0
0.0	1.0
-0.0003570283006411046	1.0
0.0	0.0
0.0	0.0
-2.1283462492416305e-10	0.0
-0.005512735340744257	0.0
0.0	1.0
0.0	1.0
0.0	1.0
0.0	1.0
0.0	0.0
0.0	1.0
0.0	1.0
0.0	0.0
0.0	0.0
0.0	1.0
0.0	1.0
0.0	0.18455366098294884
-0.0020790027920156717	1.0
0.0	1.0
0.0	1.0
0.0	0.18473895582329317
0.0	1.0
-2.8328154257906135e-06	1.0
0.0	0.0
0.0	0.002617801047120419
0.0	0.0
0.0	1.0
-0.050817541778087616	0.0
0.0	1.0
0.0	0.0
0.0	1.0
0.0	0.0
-5.6535784096922725e-05	1.0
-4.438602445588913e-07	1.0
-0.0004014298028778285	1.0
0.0	1.0
0.0	1.0
0.0	0.0
0.0	1.0
0.0	1.0
0.0	1.0
0.0	1.0
0.0	1.0
-0.0011679050512611866	0.0
0.0	0.0
0.0	0.1799163179916318
-0.00025857219588942826	1.0
-0.0019225014839321375	1.0
0.0	1.0
0.0	1.0
0.0	0.046235138705416116
0.0	0.0
-5.105869615995573e-10	0.0
0.0	1.0
-0.00018328550504520535	1.0
-1.3658328690269173e-08	1.0
-5.477782906382345e-05	1.0
-0.0006500924355350435	0.0
-8.067360795394052e-06	0.0
-1.5311153447328252e-06	1.0
0.0	1.0
-1.4142231066216482e-06	0.0
0.0	1.0
0.0	1.0
-3.681722591863945e-05	1.0
0.0	1.0
0.0	1.0
0.0	0.014397905759162303
-0.0004352802352514118	1.0
0.0	0.23862487360970677
0.0	1.0
0.0	0.4767676767676768
0.0	1.0
0.0	1.0
0.0	1.0
0.0	1.0
0.0	0.0
0.0	1.0
-2.5210910692408106e-08	1.0
0.0	1.0
-5.1446768338792026e-05	1.0
0.0	1.0
0.0	1.0
-5.582473477261374e-06	1.0
0.0	0.25052192066805845
0.0	1.0
0.0	1.0
0.0	1.0
-0.0004698079719673842	0.0
-1.1582791557884775e-05	1.0
-0.000263200665358454	1.0
0.0	0.0
-0.0008565178723074496	0.0
-0.0009416384273208678	0.0
0.0	0.0
0.0	1.0
0.0	1.0
0.0	0.5574324324324325
0.0	1.0
0.0	0.2745490981963928
-6.89482840243727e-05	0.0027548209366391185
0.0	0.002699055330634278
0.0	0.0
-0.001502332161180675	0.0
-0.0006510931998491287	0.01603206412825651
0.0	0.0020325203252032522
0.0	0.002028397565922921
0.0	0.002
-0.009461849927902222	0.002002002002002002
-3.0876772143528797e-06	0.518
-7.74913678469602e-06	0.0
0.0	0.0
-7.295989780686796e-05	0.0
-1.8370069199136196e-07	1.0
0.0	0.0
0.0	1.0
-4.398828423290979e-06	1.0
-0.0028686311561614275	0.0
0.0	0.25181347150259065
0.0	0.25181347150259065
0.0	0.25181347150259065
-0.00013002156629227102	0.25181347150259065
0.0	0.0
0.0	0.0
-0.007471147924661636	0.0
-0.0006915173726156354	0.1417004048582996
-1.846825625761994e-08	1.0
-1.328792080812491e-07	0.25851063829787235
-0.00021932742674835026	0.07926023778071334
0.0	1.0
-3.4095210139639676e-05	1.0
0.0	0.0
0.0	1.0
0.0	0.0
0.0	1.0
0.0	1.0
0.0	0.02931937172774869
-0.0004093016032129526	1.0
-0.0007721376023255289	0.049
-0.0034281143452972174	0.0
-0.00012315622007008642	0.2074898785425101
-3.52940986658723e-07	0.048879837067209775
-0.0468774251639843	0.0
0.0	0.0
-0.000934312236495316	1.0
-0.0019650175236165524	0.0
0.0	0.048051948051948054
0.0	1.0
0.0	0.0
0.0	1.0
0.0	0.08114035087719298
0.0	1.0
0.0	1.0
0.0	0.0
0.0	1.0
0.0	1.0
0.0	1.0
0.0	0.0
-2.181852141802665e-05	0.0
0.0	1.0
0.0	0.0
-3.7325050925574033e-06	1.0
0.0	0.0
0.0	1.0
0.0	0.4074074074074074
0.0	1.0
0.0	0.02564102564102564
-7.742568755020329e-07	0.0
0.0	1.0
-0.05161439627408981	0.0
0.0	1.0
-0.0001258337579201907	1.0
0.0	0.0
0.0	0.07150595882990249
-0.006233453284949064	0.0
-0.021218832582235336	0.0
0.0	1.0
0.0	1.0
0.0	1.0
-9.290409330731109e-09	1.0
0.0	1.0
0.0	0.0013054830287206266
-7.480194881281932e-07	0.11764705882352941
0.0	1.0
0.0	1.0
-3.0725414035259746e-06	0.0
-0.006676816381514072	0.0
0.0	1.0
0.0	1.0
-3.450626081757946e-06	0.0
0.0	0.012552301255230125
0.0	1.0
0.0	1.0
-0.0013185172574594617	1.0
-3.6262999856262468e-06	0.0
-0.00020629445498343557	1.0
-0.0009368439787067473	0.0
0.0	1.0
0.0	0.0
-2.033916643995326e-05	1.0
0.0	1.0
-0.00012682339001912624	0.0
-1.205695070893853e-06	1.0
0.0	0.0
0.0	1.0
0.0	0.0
-5.679701280314475e-05	1.0
0.0	0.0
0.0	0.0
0.0	0.097
0.0	1.0
0.0	1.0
0.0	1.0
-0.0016407844377681613	0.036
-0.009578283876180649	0.0
0.0	0.0
0.0	0.0
0.0	0.0
-3.313871843602101e-07	0.0
0.0	0.0
0.0	0.013513513513513514
0.0	0.02125506072874494
-0.00022321280266623944	0.0
-1.6201853441089042e-06	1.0
-4.529573743639048e-06	0.02030456852791878
0.0	0.0
-0.012821615673601627	0.0
0.0	1.0
-0.004523633047938347	0.0
0.0	0.02666666666666667
-0.0034615681506693363	0.0
0.0	1.0
0.0	0.24190283400809717
-8.294226063298993e-06	1.0
0.0	0.239
-0.0002925356093328446	0.0
-1.864852237076775e-07	0.239
-0.0006536415894515812	0.0
-0.00022817676654085517	1.0
-0.0012634119484573603	1.0
0.0	1.0
0.0	0.0
-7.0903831783653e-07	1.0
0.0	1.0
0.0	1.0
0.0	0.0
-0.0026020363438874483	0.32972972972972975
0.0	1.0
0.0	1.0
0.0	1.0
0.0	1.0
-0.00011207940406166017	1.0
0.0	0.0
-0.0033033264335244894	0.0
0.0	0.0
0.0	0.0
-0.0001426341914338991	0.6903765690376569
0.0	0.0
0.0	1.0
0.0	0.0
0.0	1.0
0.0	0.0
-5.323301138560055e-06	1.0
0.0	1.0
0.0	0.0
-3.844936600216897e-06	1.0
0.0	1.0
-0.023944871500134468	0.0
0.0	1.0
0.0	0.099
-3.5188535367340103e-15	1.0
0.0	0.006659267480577136
0.0	0.20282542885973764
-8.213400178647134e-06	0.011264080100125156
0.0	1.0
0.0	0.0
-3.0213732316042297e-05	1.0
0.0	1.0
-0.012398415245115757	0.0
0.0	1.0
0.0	1.0
-0.00013387594663072377	0.0
0.0	0.2980877390326209
0.0	1.0
-1.2155775948485825e-05	0.2980877390326209
0.0	0.2992125984251969
0.0	1.0
-1.875730681888399e-08	0.0
0.0	1.0
0.0	0.0
0.0	1.0
-1.2697948477580212e-05	0.0
-0.0012352101039141417	0.0
-1.8418542822473682e-05	1.0
-5.335790403265817e-13	0.07489878542510121
0.0	1.0
-1.829277979092936e-10	1.0
-1.174099543277407e-05	1.0
0.0	0.0
0.0	0.0
0.0	0.0
-3.370312029460365e-08	1.0
-2.7633966965368018e-05	0.002008032128514056
0.0	0.004008016032064128
-0.006618802435696125	0.002008032128514056
0.0	1.0
-5.765182322647888e-07	0.0
-0.00010663345892680809	1.0
0.0	1.0
0.0	1.0
-0.05997021123766899	0.0
0.0	0.0
-0.0008007087744772434	0.0
-0.01257725153118372	0.0
0.0	1.0
0.0	1.0
-0.06332520395517349	0.0
-0.02467663399875164	0.0
-0.0003571775450836867	1.0
0.0	0.0
0.0	1.0
-7.4914291872119065e-06	0.0
0.0	1.0
0.0	0.013
-0.0011995589593425393	1.0
0.0	1.0
-0.000698442745488137	1.0
-0.00019780563889071345	1.0
0.0	0.0
0.0	1.0
-0.0003758041129913181	1.0
-0.0011942508863285184	1.0
0.0	1.0
0.0	1.0
0.0	1.0
0.0	0.001314060446780552
0.0	1.0
0.0	0.0
0.0	0.0
0.0	0.0
0.0	1.0
0.0	1.0
0.0	1.0
0.0	1.0
0.0	1.0
0.0	0.00423728813559322
-2.0024899640702643e-05	1.0
0.0	1.0
0.0	1.0
-3.465839472482912e-05	0.0
0.0	0.383
-7.214222569018602e-05	0.23671013039117353
-6.095549309748094e-08	0.0
0.0	1.0
-0.000737557013053447	0.0
0.0	0.0
0.0	1.0
0.0	1.0
-9.757115549291484e-06	1.0
0.0	0.0
-0.000246672541834414	1.0
-9.938766743289307e-05	1.0
-0.0006725172861479223	0.0
0.0	1.0
0.0	1.0
-0.001698612468317151	1.0
-5.125692315033348e-09	1.0
-3.0094615688369686e-10	1.0
0.0	1.0
0.0	0.0
0.0	0.016913319238900635
0.0	0.0
-0.0026414026506245136	0.016913319238900635
-2.3858498025219887e-05	0.241869918699187
0.0	0.0
0.0	1.0
-1.1416880624892656e-05	1.0
-4.222257121000439e-05	1.0
0.0	1.0
0.0	0.0
-5.412048934005931e-11	0.0
0.0	1.0
0.0	1.0
0.0	0.0
0.0	1.0
-0.004748428240418434	0.022222222222222223
0.0	1.0
0.0	0.18702290076335878
0.0	1.0
0.0	0.18702290076335878
0.0	0.7760252365930599
-9.383676911056682e-07	1.0
-0.004234653431922197	0.1649048625792812
0.0	0.1649048625792812
0.0	0.1649048625792812
-0.0035564128775149584	0.1649048625792812
-0.004072919953614473	0.0
-2.0242378953594375e-11	0.03305785123966942
0.0	0.0
0.0	1.0
-1.8130917567305005e-07	1.0
0.0	1.0
-0.0009606308885850012	1.0
-6.188558472786099e-05	0.0
0.0	1.0
0.0	1.0
-1.0954970093735028e-05	0.0
-0.00018232554430142045	0.0
-0.04289337620139122	0.0
0.0	0.3198090692124105
0.0	1.0
0.0	0.0
0.0	0.005
0.0	1.0
0.0	0.0
