-0.0016181812388822436	0.0
0.0	0.0
0.0	0.0
0.0	1.0
-0.0011631048982962966	0.0035252643948296123
0.0	1.0
0.0	1.0
0.0	0.09375
-2.9580507998616667e-06	0.0
0.0	1.0
0.0	1.0
-0.0013151041930541396	1.0
0.0	1.0
0.0	1.0
0.0	1.0
0.0	1.0
0.0	0.0
0.0	0.025
0.0	0.0
0.0	0.0
-0.00016082894580904394	0.0
0.0	1.0
0.0	1.0
0.0	1.0
0.0	0.0
0.0	1.0
-2.8999595542700263e-06	1.0
-0.009632139466702938	0.0
0.0	1.0
0.0	1.0
0.0	0.0
-8.620798325864598e-05	1.0
0.0	1.0
0.0	1.0
0.0	0.0
0.0	0.0
0.0	1.0
0.0	1.0
0.0	1.0
0.0	1.0
-2.7990909146069498e-08	0.0
-0.0018725487170740962	0.00501002004008016
0.0	1.0
0.0	0.013
-1.8679296772461385e-05	0.013
-0.010038810782134533	0.0
-7.923534576548263e-05	0.022
0.0	1.0
-0.0019873178098350763	1.0
0.0	0.0
0.0	0.0
0.0	0.0
-0.0014467588625848293	0.139
0.0	1.0
0.0	1.0
0.0	1.0
0.0	1.0
0.0	0.0
0.0	0.0
-0.0020279285963624716	0.0
-0.00016190660244319588	0.0
0.0	0.0034129692832764505
-0.0009498356957919896	0.0
0.0	1.0
0.0	0.0
0.0	1.0
0.0	1.0
0.0	1.0
0.0	1.0
0.0	0.05181918412348401
0.0	1.0
-0.0009164480143226683	1.0
0.0	1.0
-0.006849583238363266	0.0
0.0	0.0035885167464114833
0.0	0.0
-4.0315145666269814e-10	1.0
-2.001293069042731e-05	0.0
0.0	0.0035885167464114833
-4.468983388505876e-05	1.0
0.0	1.0
-0.006432177498936653	0.006172839506172839
0.0	1.0
0.0	1.0
0.0	1.0
-0.0001123906986322254	0.0
0.0	1.0
0.0	1.0
0.0	1.0
0.0	1.0
-3.4177433008153457e-06	1.0
-0.005920411553233862	1.0
0.0	1.0
0.0	1.0
-2.633192552892183e-09	1.0
-8.23665177449584e-05	1.0
0.0	1.0
-1.8807447759172646e-06	1.0
0.0	1.0
0.0	0.0
0.0	1.0
0.0	1.0
0.0	1.0
0.0	1.0
0.0	0.0
-0.013403454795479774	0.0
-1.3344101823520305e-08	1.0
0.0	1.0
-0.001339163165539503	0.0
0.0	1.0
0.0	1.0
-0.0011131014907732606	0.0
-0.00014569819904863834	0.001002004008016032
0.0	1.0
0.0	1.0
0.0	1.0
0.0	1.0
0.0	0.047
0.0	1.0
-3.828339686151594e-05	1.0
-5.627724931400735e-06	1.0
-5.399337510425539e-07	0.093
-0.011143903248012066	0.0
0.0	1.0
0.0	1.0
-0.0005025617429055274	0.09318637274549098
-0.00034212027094326913	0.0
-0.00017604204185772687	0.0
0.0	1.0
0.0	1.0
0.0	0.0
-6.7761054545201205e-09	1.0
0.0	0.0
-0.002969818189740181	0.0025188916876574307
0.0	0.0
0.0	0.604
0.0	1.0
0.0	1.0
0.0	0.0
-1.0283536539645866e-05	0.013
-0.007444293703883886	0.0
0.0	1.0
-0.00012706905545201153	1.0
0.0	0.0
0.0	0.0
-0.033579498529434204	0.0
0.0	1.0
-6.35576798231341e-05	1.0
0.0	0.0
0.0	1.0
0.0	1.0
0.0	1.0
-5.60340668016579e-05	1.0
-7.503033702960238e-05	0.0
0.0	1.0
-1.0642895176715683e-05	1.0
-4.1647117541288026e-06	0.0
0.0	0.0
0.0	1.0
-0.0002641949104145169	1.0
-0.004871126729995012	0.056508577194752774
-6.850850331829861e-05	1.0
-5.527255098058959e-07	1.0
0.0	1.0
-0.0008315359009429812	1.0
0.0	1.0
0.0	1.0
0.0	0.0
-0.0011034097988158464	0.0040941658137154556
0.0	0.0
-0.0012796465307474136	0.0
0.0	1.0
0.0	1.0
0.0	1.0
0.0	1.0
0.0	0.0
-2.088422843371518e-05	0.0
0.0	1.0
0.0	0.0030120481927710845
0.0	1.0
-0.0006888947682455182	0.0
0.0	1.0
0.0	1.0
-0.0007816778379492462	1.0
0.0	1.0
-0.0017452469328418374	1.0
-0.00015659353812225163	1.0
-3.759449640483581e-09	1.0
0.0	0.0
-7.22773329471238e-05	0.0
-0.0004136294301133603	0.0
0.0	1.0
0.0	0.0
0.0	0.0
0.0	0.0
0.0	1.0
0.0	1.0
0.0	1.0
0.0	1.0
-0.0007903623045422137	1.0
-0.00035981828114017844	1.0
0.0	0.26744186046511625
-0.00014393973106052727	1.0
0.0	0.14014014014014015
-2.0881429918517824e-09	0.0
-0.0009336067014373839	1.0
0.0	1.0
0.0	0.139
0.0	1.0
0.0	1.0
-2.8731705903339844e-09	0.0
0.0	1.0
0.0	0.176
0.0	1.0
0.0	1.0
-1.6842368495417759e-06	1.0
-0.0016470011323690414	1.0
0.0	1.0
-0.0001449297124054283	0.0
0.0	0.0
0.0	1.0
0.0	0.0
0.0	1.0
0.0	1.0
0.0	0.0
-0.0007913707522675395	1.0
0.0	1.0
-5.034821879235096e-05	1.0
0.0	0.002014098690835851
0.0	1.0
0.0	1.0
0.0	1.0
-0.0025829640217125416	0.005
-4.162259210716002e-05	0.0
0.0	1.0
0.0	1.0
-7.544332675024634e-06	0.0
-4.964103936799802e-05	1.0
-0.014133197255432606	0.0
-0.0026885424740612507	0.0
0.0	1.0
0.0	1.0
0.0	1.0
-6.123501225374639e-05	1.0
-3.89348751923535e-05	1.0
-0.00034256980870850384	0.002026342451874367
0.0	1.0
-9.435165322646544e-13	1.0
0.0	1.0
-1.2864553355029784e-05	1.0
-3.182359974499005e-13	0.021052631578947368
0.0	1.0
0.0	1.0
0.0	1.0
-7.088555139489472e-05	1.0
0.0	1.0
0.0	1.0
-0.0001636678643990308	1.0
-6.307734196075998e-11	1.0
0.0	1.0
0.0	1.0
-6.98722203651414e-07	0.0
-0.0001759993174346164	1.0
0.0	0.0
-5.312421762937447e-06	1.0
0.0	0.0
-0.0014905590796843171	1.0
-3.9594688416855206e-08	1.0
0.0	0.0
-0.0002909241884481162	1.0
0.0	0.0
0.0	0.026
0.0	1.0
0.0	1.0
0.0	1.0
0.0	0.098
0.0	1.0
-5.2119151661145224e-08	1.0
0.0	1.0
0.0	0.0
-0.0012080108281224966	0.003409090909090909
-3.436615259033715e-07	0.003409090909090909
0.0	1.0
-0.006042634602636099	1.0
-0.0005686776712536812	1.0
-1.0755807124951389e-05	0.0
0.0	0.0
0.0	1.0
0.0	1.0
-7.002616621321067e-05	0.0
0.0	0.0
-0.0016720748972147703	1.0
-1.2624640248759533e-06	1.0
0.0	1.0
0.0	0.00804289544235925
0.0	1.0
0.0	1.0
-0.0010766885243356228	1.0
0.0	0.0
0.0	1.0
-5.832978422404267e-05	1.0
-0.0001415040751453489	1.0
-1.1696160981955472e-06	1.0
0.0	1.0
-2.7291580408927985e-05	1.0
0.0	1.0
0.0	0.6730190571715146
-4.0748127503320575e-06	1.0
0.0	0.006012024048096192
0.0	0.0
-4.986300261577981e-10	0.0
-3.509984162519686e-05	1.0
0.0	1.0
0.0	1.0
0.0	0.0
0.0	0.0
0.0	0.00390625
-3.4377435440546833e-06	0.041123370110330994
0.0	0.0
-8.783367366760331e-10	1.0
0.0	0.0
-5.382331025316489e-08	1.0
-0.0040851375088095665	0.00989010989010989
-0.0005432245670817792	0.10030090270812438
0.0	0.0
0.0	0.0
0.0	0.003436426116838488
0.0	1.0
0.0	0.005263157894736842
0.0	0.0
0.0	1.0
0.0	0.003003003003003003
0.0	1.0
0.0	1.0
0.0	1.0
-8.33839803817682e-05	1.0
-2.6063030206247007e-11	1.0
0.0	0.028
0.0	1.0
-0.0005430969758890569	1.0
-0.0007418175227940083	1.0
0.0	1.0
-4.24751742684748e-05	1.0
-4.942269242746988e-07	1.0
0.0	0.0010416666666666667
-4.771115413859661e-07	1.0
-8.24873768578982e-06	0.043
-0.0005580934230238199	0.0
-1.5518081042387166e-08	0.09929789368104312
0.0	1.0
0.0	0.0
0.0	1.0
0.0	0.05805805805805806
-3.931766059395159e-06	1.0
0.0	1.0
-0.00054896529763937	1.0
-0.0004659262194763869	0.06147540983606557
0.0	0.02553191489361702
-0.00026360436459071934	1.0
-1.2616813364729751e-05	1.0
-0.0004589553573168814	1.0
-3.520477207530348e-07	1.0
-1.3893622918814685e-09	1.0
0.0	1.0
0.0	0.0
-0.005028813146054745	0.001
-1.173093551187776e-05	0.0
-0.00034733564825728536	0.009009009009009009
0.0	1.0
-2.2902662749402225e-05	1.0
-0.00010821657633641735	1.0
0.0	1.0
-0.0007464104564860463	1.0
-0.030508527532219887	0.0
-5.430845703813247e-06	0.0
-1.1192186093467171e-06	0.0
0.0	0.0
-3.566642448049606e-08	1.0
0.0	0.0
0.0	0.1843687374749499
0.0	1.0
-0.0004249814082868397	1.0
0.0	1.0
0.0	0.11
0.0	0.135
-0.00018681815708987415	0.135
0.0	0.0
0.0	0.1355421686746988
0.0	1.0
-2.8244312488823198e-06	1.0
0.0	1.0
-0.0006460095173679292	1.0
0.0	1.0
-0.00018879219715017825	1.0
0.0	1.0
0.0	1.0
0.0	1.0
0.0	0.0
0.0	0.0
0.0	1.0
0.0	0.191
-1.563242039992474e-05	0.0
0.0	0.0
0.0	0.0
0.0	0.0
-0.0007384369964711368	1.0
-0.01706794649362564	0.0
0.0	1.0
-0.0010279741836711764	1.0
-0.00014192736125551164	1.0
-0.0032083112746477127	0.0
0.0	1.0
0.0	1.0
-9.368889732286334e-05	1.0
0.0	0.0
0.0	1.0
0.0	1.0
0.0	1.0
-1.960574991244357e-06	0.0
-3.2239989877780317e-07	1.0
-0.0037302325945347548	0.0
0.0	1.0
0.0	0.003
0.0	1.0
-0.0038400981575250626	0.0
-0.002057135570794344	0.0
0.0	1.0
0.0	1.0
-2.1094168078938935e-12	1.0
-0.0011512069031596184	0.0
0.0	1.0
0.0	1.0
0.0	1.0
0.0	1.0
0.0	1.0
0.0	0.0
-0.0004807140794582665	1.0
0.0	1.0
0.0	0.0
0.0	1.0
0.0	1.0
0.0	1.0
0.0	1.0
0.0	1.0
-2.1069030964326885e-08	1.0
0.0	1.0
-1.643235414405808e-08	1.0
0.0	1.0
0.0	1.0
-6.493435648735613e-05	1.0
0.0	1.0
0.0	1.0
-0.0004565812414512038	0.0
0.0	1.0
-3.457822458585724e-05	0.0
0.0	1.0
-0.0012268073623999953	0.12729124236252545
0.0	1.0
0.0	1.0
0.0	1.0
0.0	0.0
-1.608530669772179e-11	1.0
0.0	1.0
-3.3117764173390407e-12	1.0
0.0	0.0
-8.096481906250119e-05	1.0
0.0	1.0
-0.0007460910128429532	1.0
-1.4065929754281115e-08	1.0
0.0	1.0
0.0	0.036
-3.769675001839834e-13	0.044
-8.115152638765721e-08	1.0
0.0	1.0
0.0	1.0
0.0	1.0
-0.0001851799461292103	1.0
0.0	1.0
0.0	1.0
-0.0007142256363295019	1.0
0.0	1.0
-0.0009167809039354324	0.0
-1.3122686141286977e-05	0.07894736842105263
0.0	1.0
0.0	1.0
0.0	1.0
0.0	0.0
-0.0021755590569227934	1.0
0.0	0.0
-4.817661647393834e-06	1.0
0.0	1.0
0.0	0.0
0.0	0.81
0.0	1.0
0.0	1.0
0.0	0.0
-7.409699901472777e-05	1.0
0.0	1.0
0.0	0.15228426395939088
0.0	1.0
-6.958138953905291e-08	1.0
-3.618028472374135e-07	0.0
0.0	1.0
0.0	0.0
-5.827141649206169e-06	1.0
-0.0002818990615196526	1.0
-0.008614802733063698	0.0
-7.5538200690061785e-06	1.0
-3.100601315964013e-05	1.0
-0.008148422464728355	0.07407407407407407
0.0	1.0
-2.1877032791665224e-13	1.0
-1.2432119547156617e-05	1.0
0.0	1.0
0.0	1.0
0.0	1.0
0.0	0.017
0.0	0.004470938897168405
-0.000793141545727849	0.0
0.0	0.0
0.0	1.0
-0.00018626356904860586	0.0
0.0	0.0
-0.0007433106075040996	1.0
0.0	1.0
0.0	1.0
-9.236006404123032e-11	1.0
-0.0011715887812897563	0.0
0.0	0.0
-0.001968162367120385	1.0
-0.0009396441164426506	1.0
-0.00011175216059200466	0.0
-0.008848984725773335	0.0
0.0	1.0
-1.271304768124537e-07	1.0
0.0	1.0
-0.0003742135304491967	1.0
-1.2721816933236596e-09	1.0
0.0	1.0
-0.00029799973708577454	0.0
0.0	1.0
0.0	1.0
