0.0	0.0
0.0	0.0
-2.0487173155864236e-12	0.0
0.0	1.0
-0.014680293388664722	0.0
0.0	1.0
-3.298179763078224e-06	1.0
0.0	1.0
0.0	1.0
-0.00026540420367382467	1.0
0.0	1.0
-2.4286407551699085e-08	1.0
0.0	1.0
0.0	1.0
0.0	1.0
-1.549113376637934e-12	1.0
0.0	1.0
-0.0015358508098870516	0.0
0.0	0.042042042042042045
0.0	1.0
-0.0011125877499580383	0.0
0.0	0.0
-0.0024622040800750256	1.0
-0.0007171807810664177	1.0
0.0	1.0
-7.763680400785233e-07	1.0
0.0	0.0
-1.0648200259311125e-06	1.0
-0.0020533662755042315	0.001
0.0	0.11782477341389729
0.0	1.0
0.0	1.0
0.0	1.0
0.0	1.0
0.0	1.0
0.0	0.0
-2.99762195936637e-05	1.0
-0.0011803741799667478	1.0
-0.00015003360749688	0.0
0.0	1.0
0.0	1.0
0.0	1.0
-9.734861669130623e-05	1.0
0.0	1.0
-0.011470150202512741	0.0
-0.0008177281706593931	0.0012610340479192938
0.0	1.0
0.0	0.0
0.0	1.0
0.0	0.0
0.0	0.001002004008016032
0.0	1.0
-0.002945088781416416	0.001001001001001001
0.0	1.0
-0.0017720393370836973	1.0
-7.748660573270172e-05	1.0
0.0	1.0
0.0	1.0
-0.0005910958861932158	1.0
0.0	1.0
0.0	0.0
-3.2373641261074226e-06	0.006191950464396285
0.0	0.0
0.0	1.0
0.0	1.0
0.0	0.87
-1.3374194168136455e-05	0.028
-0.005106656346470118	0.215
-2.111709989094379e-07	1.0
0.0	1.0
-0.000244797469349578	0.0
-0.0001166931469924748	1.0
0.0	1.0
0.0	1.0
0.0	1.0
-0.0015316344797611237	0.0
0.0	1.0
0.0	0.0
-0.001682055532000959	1.0
0.0	1.0
0.0	1.0
-9.898969664801083e-12	1.0
0.0	0.0011876484560570072
0.0	0.0
-0.0029088107403367758	1.0
0.0	1.0
0.0	1.0
-0.0004888063995167613	1.0
-0.0005611877422779799	1.0
-0.00046354986261576414	1.0
-3.9971317164599895e-05	1.0
0.0	1.0
0.0	1.0
-0.00018668636039365083	1.0
-9.254466931452043e-06	1.0
0.0	0.0
-0.002495375694707036	1.0
0.0	1.0
0.0	1.0
0.0	1.0
-3.258893599422663e-09	0.002079002079002079
0.0	1.0
0.0	1.0
0.0	0.05811623246492986
-0.0002742857323028147	1.0
-1.3227509043645114e-07	1.0
0.0	1.0
-1.2315892661263206e-07	0.0
0.0	0.0
0.0	1.0
-1.4535340824295417e-06	0.0
0.0	1.0
0.0	1.0
0.0	1.0
0.0	1.0
-0.002353198826313019	1.0
0.0	1.0
0.0	0.0
0.0	1.0
0.0	1.0
-2.7888122531294357e-06	1.0
0.0	1.0
0.0	1.0
0.0	1.0
-0.0005628738435916603	0.0
0.0	1.0
0.0	1.0
0.0	1.0
-0.002480363706126809	1.0
0.0	1.0
-4.86349517814233e-06	1.0
0.0	1.0
-1.6355796788047883e-06	1.0
0.0	1.0
0.0	1.0
0.0	1.0
-0.00024253135779872537	1.0
0.0	0.0
0.0	0.0
-5.260804755380377e-05	1.0
-5.66747309788129e-16	1.0
-0.0002383126993663609	1.0
-0.0021179337054491043	0.0
-5.79442598791502e-07	0.17721518987341772
0.0	1.0
0.0	0.0
-0.000631925999186933	0.0
0.0	1.0
-1.4669727761429385e-06	0.0
0.0	1.0
0.0	1.0
0.0	1.0
0.0	1.0
-7.600378739880398e-05	0.332
-0.0002173154935007915	1.0
0.0	0.39429928741092635
-4.816317232325673e-05	1.0
-0.002736418042331934	0.3356926188068756
0.0	1.0
0.0	1.0
0.0	1.0
0.0	1.0
0.0	0.0
0.0	1.0
0.0	0.0189873417721519
0.0	1.0
0.0	1.0
0.0	0.9232456140350878
0.0	1.0
0.0	1.0
0.0	1.0
0.0	0.0
-3.273111115476013e-09	1.0
0.0	1.0
0.0	1.0
0.0	1.0
-0.0733422338962555	0.0
0.0	1.0
-8.625815439700091e-07	0.0
0.0	1.0
-0.0001229707122547552	1.0
0.0	0.0
-5.107408924232004e-06	0.023923444976076555
0.0	1.0
0.0	1.0
-3.309725968847488e-07	0.0
0.0	1.0
0.0	1.0
0.0	0.0
-8.02244670694563e-09	0.0
-0.00025952179566957057	1.0
-1.9864344835696102e-07	1.0
0.0	0.0
-4.0699595160731405e-07	0.972
0.0	0.0
0.0	1.0
0.0	1.0
0.0	1.0
0.0	1.0
0.0	0.0
0.0	0.0
-1.003642637442681e-06	1.0
-4.929970600642264e-07	0.0
0.0	1.0
0.0	0.0
-0.024875348433852196	0.0
0.0	1.0
-1.0109872050634294e-08	1.0
0.0	1.0
0.0	1.0
-3.905717676389031e-05	1.0
0.0	1.0
-5.636641799355857e-05	0.0
-0.0051666381768882275	0.02494061757719715
0.0	0.082
0.0	1.0
0.0	0.0
-3.5007076348847477e-06	1.0
0.0	1.0
0.0	1.0
0.0	1.0
-7.787091860222972e-09	1.0
-3.611003163150883e-11	1.0
0.0	0.0
0.0	0.0
0.0	1.0
0.0	1.0
-0.0010317832930013537	0.0
0.0	1.0
-1.0042562280432321e-05	1.0
0.0	0.0
0.0	1.0
-1.652221726544667e-05	1.0
-6.986856533330865e-06	0.0
-2.635014425322879e-05	0.0
0.0	0.0
0.0	0.0
0.0	0.0
0.0	0.001
0.0	1.0
-0.0005382753442972898	0.0
-0.00015394673391710967	1.0
0.0	1.0
0.0	0.0
-0.000262535730144009	1.0
0.0	1.0
0.0	0.010341261633919338
-6.002375084790401e-05	1.0
0.0	1.0
0.0	0.001201923076923077
-5.05095876235373e-09	1.0
0.0	0.1794871794871795
0.0	1.0
-0.003852169495075941	0.1794871794871795
0.0	0.0
-0.09080478549003601	0.0
0.0	0.0
0.0	1.0
0.0	1.0
0.0	1.0
0.0	1.0
-0.0019573410972952843	1.0
-4.02243394148627e-08	0.0
0.0	1.0
-0.0007948900456540287	0.0
0.0	1.0
0.0	1.0
0.0	1.0
0.0	1.0
0.0	1.0
0.0	1.0
-4.848508865507029e-07	0.006
0.0	0.06329113924050633
-1.5893534509814344e-05	1.0
0.0	1.0
0.0	1.0
-2.40570316236699e-05	1.0
0.0	1.0
0.0	1.0
-8.819110371405259e-05	1.0
-1.7110630778915947e-06	1.0
-4.0188260754803196e-05	0.0010152284263959391
-6.243119514692808e-07	1.0
-6.9391958277265076e-06	0.07207207207207207
-0.00011596395779633895	0.0
-1.1066794286307413e-05	1.0
-0.00373556069098413	1.0
0.0	1.0
0.0	0.0
0.0	1.0
0.0	0.0
0.0	0.0
-1.613654603715986e-05	1.0
0.0	0.0
-0.009346338920295238	0.0
0.0	1.0
0.0	1.0
0.0	1.0
-0.00048772129230201244	0.1592741935483871
-1.6413425328209996e-05	1.0
0.0	1.0
0.0	1.0
-5.194826371734962e-06	0.013052208835341365
-0.0007971159648150206	1.0
0.0	0.0
0.0	0.004
0.0	1.0
0.0	0.005
-1.5881497574810055e-06	1.0
-1.1507652743603103e-05	0.0
-0.011885520070791245	0.0
-4.1306779166916385e-05	1.0
0.0	0.0
0.0	1.0
0.0	1.0
0.0	1.0
0.0	1.0
0.0	0.0
0.0	1.0
0.0	1.0
0.0	0.0
-1.3418652855534674e-09	1.0
-4.2950363422278315e-05	1.0
0.0	0.03560528992878942
-4.835760591959115e-07	1.0
-1.4339452718559187e-05	1.0
0.0	1.0
-0.0007693135994486511	1.0
0.0	0.0
0.0	1.0
-6.190246494952589e-06	1.0
-0.00015398775576613843	1.0
0.0	1.0
0.0	0.0
0.0	1.0
0.0	0.0
0.0	0.0
-2.0458885046537034e-05	0.0
-0.00034034039708785713	1.0
0.0	0.0010330578512396695
-5.7348421250935644e-05	1.0
-0.006181967910379171	0.0
-0.00014482221740763634	1.0
0.0	1.0
0.0	1.0
-0.00041535907075740397	1.0
0.0	1.0
0.0	1.0
-2.2939663502086205e-09	1.0
-0.00021048956841696054	1.0
0.0	1.0
-1.3347980711841956e-05	1.0
0.0	0.0
-0.0006310094613581896	1.0
-3.7734982470283285e-05	1.0
0.0	1.0
0.0	1.0
-0.0004890466807410121	1.0
-0.0002784371026791632	1.0
0.0	0.0
0.0	0.0
0.0	1.0
0.0	1.0
0.0	1.0
0.0	1.0
-0.0004466393729671836	0.004624277456647399
-2.837908397168576e-08	1.0
0.0	0.0
0.0	1.0
-0.004990319721400738	0.0
0.0	1.0
-8.183677891793195e-06	1.0
0.0	0.0
0.0	1.0
-3.270549541412038e-06	1.0
0.0	1.0
0.0	0.0
0.0	0.0
-5.796079676656518e-06	1.0
-4.5781807784806006e-06	1.0
0.0	1.0
-0.0006232697051018476	0.0
-0.0001322403986705467	1.0
0.0	0.0
-0.0001835024158935994	1.0
-0.00020471627067308873	1.0
-3.152982026222162e-05	1.0
-0.0012014728272333741	0.03003003003003003
0.0	1.0
0.0	1.0
-0.012807251885533333	0.0
-0.001070129219442606	1.0
0.0	1.0
-6.49130015517585e-05	0.0
-9.33486589929089e-05	1.0
-2.248111559310928e-05	1.0
0.0	0.158
-0.0020462186075747013	0.0
0.0	1.0
0.0	0.0
0.0	1.0
-0.003109847893938422	1.0
0.0	0.0
0.0	1.0
0.0	1.0
0.0	1.0
0.0	1.0
0.0	0.0
-0.0037008472718298435	0.0
0.0	1.0
0.0	1.0
0.0	1.0
0.0	1.0
0.0	0.0
0.0	1.0
0.0	0.0
-0.0010757588315755129	0.0
0.0	1.0
0.0	1.0
-8.067521412158385e-05	1.0
0.0	0.052
-0.006491643842309713	0.02025586353944563
0.0	1.0
-0.00018470459326636046	1.0
0.0	1.0
0.0	0.0
0.0	1.0
0.0	1.0
0.0	0.0
0.0	0.0
-6.045677309884923e-06	0.0
0.0	1.0
0.0	1.0
-0.001317460322752595	1.0
0.0	0.0
-0.0012903377646580338	0.0
-2.06995118787745e-05	0.0
0.0	0.001002004008016032
0.0	0.0
-2.972398993605907e-10	1.0
-5.1650686145876534e-06	0.0
0.0	1.0
0.0	1.0
-0.0006196324829943478	0.0
-6.725543062202632e-05	1.0
-0.00016676193627063185	0.002014098690835851
-6.348705450243131e-10	1.0
0.0	1.0
0.0	1.0
0.0	1.0
0.0	0.0
0.0	0.0
0.0	1.0
0.0	1.0
0.0	1.0
0.0	1.0
-0.0004520743968896568	1.0
0.0	1.0
0.0	1.0
0.0	1.0
0.0	0.0
-0.0074269529432058334	0.0
-6.146055966382846e-06	1.0
0.0	0.0
-0.004050155635923147	0.0
0.0	1.0
-4.553957211328452e-08	1.0
0.0	0.0
0.0	1.0
0.0	1.0
0.0	1.0
-1.7459344235248864e-05	1.0
0.0	1.0
0.0	0.0
0.0	0.012232415902140673
0.0	1.0
0.0	1.0
0.0	1.0
0.0	0.0
0.0	1.0
-0.0004377576697152108	1.0
0.0	1.0
0.0	1.0
-1.0615301107463893e-05	1.0
-5.600540134764742e-06	0.0
0.0	1.0
0.0	1.0
0.0	1.0
-2.099290577461943e-05	1.0
0.0	0.0
-0.00038379899342544377	1.0
-1.5563878150715027e-06	0.0
0.0	1.0
-0.0001771636016201228	1.0
-4.397573138703592e-05	0.0
-2.7495761969476007e-06	0.007106598984771574
0.0	1.0
0.0	1.0
-0.0033588784281164408	0.0
0.0	1.0
0.0	1.0
-0.00010132238821825013	1.0
-1.7744697800026188e-07	0.0
0.0	1.0
-0.006525915581732988	0.04523809523809524
0.0	1.0
0.0	1.0
0.0	1.0
-0.0033206830266863108	0.0
-0.00020689424127340317	0.0
0.0	1.0
-0.0074664573185145855	0.0
-0.014089635573327541	0.0
0.0	0.0
0.0	1.0
0.0	1.0
-1.0450564892627856e-11	1.0
-1.9916012661269633e-06	1.0
-0.002633308060467243	1.0
0.0	1.0
0.0	1.0
-1.2454265743144788e-05	0.0
0.0	1.0
0.0	1.0
-7.466397278221848e-08	1.0
0.0	0.0
0.0	0.0
-0.0458587147295475	0.0
0.0	0.0
0.0	1.0
0.0	0.0010111223458038423
0.0	1.0
0.0	1.0
0.0	0.0
-0.005326125305145979	0.0
-0.0011006982531398535	0.001
-4.588790034176782e-05	1.0
-0.00012211070861667395	0.0
