0.0	0.030534351145038167
-1.974741442416217e-14	1.0
0.0	1.0
0.0	1.0
0.0	0.0
0.0	0.026143790849673203
0.0	0.0
-4.542740583701743e-08	0.0
-0.0003544391074683517	1.0
-0.0069731296971440315	0.0
0.0	0.0
0.0	1.0
0.0	1.0
-0.006534371059387922	0.0
0.0	0.0
0.0	0.010548523206751054
0.0	1.0
0.0	1.0
-0.00038624461740255356	0.18565400843881857
-2.6972060368279926e-05	0.007
0.0	0.0
-0.0027568903751671314	0.005035246727089627
0.0	0.0
0.0	1.0
0.0	0.0
0.0	0.0
0.0	1.0
-1.4162911611492746e-05	0.0
-5.241224243945908e-06	1.0
0.0	0.0
-0.0004291454970370978	1.0
0.0	1.0
-2.5782117518247105e-05	1.0
-2.424821286695078e-05	1.0
0.0	0.0
0.0	1.0
0.0	1.0
-8.1558660895098e-05	0.0
-1.8530021407059394e-05	1.0
0.0	1.0
0.0	1.0
0.0	1.0
-0.0007688938640058041	0.0
0.0	0.16649949849548645
0.0	0.16649949849548645
0.0	1.0
0.0	1.0
-4.639699909603223e-05	1.0
-0.002882591914385557	0.0
-1.4591520084650256e-05	0.030826140567200986
-2.0800558497846566e-10	1.0
0.0	1.0
-0.000633228337392211	1.0
-0.0018304743571206927	1.0
0.0	1.0
0.0	1.0
-6.733307145623257e-06	0.0
-0.004041219595819712	0.014
0.0	1.0
0.0	1.0
0.0	0.009
-0.00026918158982880414	0.0
-0.08904571831226349	0.0
-1.4019970073775312e-08	1.0
0.0	0.0
0.0	1.0
0.0	1.0
0.0	1.0
0.0	1.0
-0.003057916881516576	0.0
0.0	1.0
0.0	1.0
-1.5989385163117653e-11	1.0
0.0	0.0
0.0	0.0
0.0	1.0
0.0	1.0
-0.0012677377089858055	1.0
-4.275729588698596e-05	1.0
-0.001694414997473359	1.0
0.0	0.811
-2.9869831905671163e-06	1.0
0.0	0.0013422818791946308
0.0	0.0
0.0	0.0
0.0	0.0
0.0	1.0
0.0	0.0
-0.0008781298529356718	0.0
0.0	0.0
-8.874492050381377e-05	0.0
0.0	1.0
0.0	0.0
-5.074741693533724e-08	0.0
-0.006626024376600981	0.0
0.0	0.0
-0.00018764646665658802	1.0
-0.0005954584339633584	1.0
-0.0019795941188931465	0.0
0.0	1.0
-2.5380705870325926e-10	1.0
-0.00046100435429252684	0.812
-0.04311450570821762	0.0
0.0	0.0
-0.0007789856754243374	0.01
0.0	0.01
-0.00014836894115433097	0.0
-0.00036006001755595207	1.0
-0.008838680572807789	0.0
-1.650106696615694e-06	0.026183282980866064
0.0	0.0
0.0	1.0
0.0	0.0
-6.821505138532302e-08	1.0
0.0	1.0
0.0	1.0
-6.599130841777878e-08	1.0
0.0	0.0
-4.6388557058130164e-12	1.0
0.0	1.0
-5.3868629947828595e-06	1.0
0.0	1.0
-2.6703176558839914e-07	0.0
0.0	0.0
0.0	0.0
0.0	0.0734229576008273
0.0	0.0
0.0	1.0
0.0	1.0
-0.003250946756452322	0.0
0.0	0.0
0.0	1.0
-2.1771453248220496e-05	1.0
0.0	1.0
-2.1491948700713692e-06	1.0
-0.0009586284286342561	1.0
-9.472854799241759e-06	1.0
-0.00011427333083702251	1.0
0.0	0.0
-0.01673157699406147	0.0
0.0	0.0
0.0	0.04275092936802974
0.0	0.0
0.0	1.0
-1.0480026948252869e-14	1.0
-0.0023592927027493715	0.029639175257731958
-1.3161614333512262e-05	1.0
0.0	1.0
0.0	1.0
0.0	1.0
0.0	1.0
0.0	0.006024096385542169
0.0	1.0
-5.6213579227915034e-05	1.0
-0.010241249576210976	0.0
0.0	1.0
-0.00029578388785012066	0.009592326139088728
0.0	1.0
-0.005358557216823101	0.0
-0.003821820253506303	0.0
-1.4347148180604563e-06	1.0
0.0	0.0
0.0	1.0
-0.00018663790251594037	1.0
0.0	0.0
0.0	0.195
-0.00374027993530035	0.0
0.0	1.0
0.0	1.0
-0.0006159144104458392	0.0
-0.0036153101827949286	0.0
0.0	1.0
0.0	1.0
0.0	1.0
0.0	1.0
0.0	0.0
-0.000737051188480109	0.0
0.0	1.0
0.0	1.0
-4.071385717452358e-07	1.0
0.0	1.0
0.0	1.0
0.0	0.0013351134846461949
0.0	0.0
-0.0010745618492364883	0.0
0.0	0.0
0.0	0.030303030303030304
0.0	1.0
0.0	1.0
0.0	1.0
0.0	1.0
0.0	1.0
0.0	1.0
-1.5665656860619492e-07	0.0
-0.002632813062518835	1.0
-7.152171974666999e-07	1.0
0.0	1.0
0.0	0.0
0.0	1.0
-0.002398693235591054	1.0
0.0	1.0
0.0	1.0
0.0	0.8783068783068783
0.0	1.0
-0.0023345930967479944	0.0
0.0	1.0
0.0	0.0
-0.00022266581072472036	1.0
0.0	1.0
-0.00016172397590707988	0.038335158817086525
-0.002028095070272684	1.0
0.0	0.0
-9.255938948626863e-07	1.0
-4.411156240280434e-08	0.0
0.0	1.0
0.0	1.0
-1.6115725884446874e-05	1.0
0.0	1.0
0.0	0.0
0.0	1.0
0.0	0.0
0.0	1.0
0.0	1.0
0.0	1.0
-0.00019017110753338784	0.0
0.0	1.0
-1.897169386211317e-05	1.0
0.0	0.0
0.0	1.0
0.0	0.0
0.0	1.0
0.0	0.0
-0.000217622218769975	1.0
-3.223257954232395e-05	1.0
0.0	0.0
0.0	1.0
0.0	1.0
0.0	1.0
0.0	1.0
0.0	1.0
-2.63520348653401e-07	0.0
0.0	1.0
0.0	1.0
0.0	0.0
0.0	1.0
0.0	1.0
0.0	0.0
-0.0001597139344085008	1.0
-2.5921031010511797e-06	1.0
-3.2454252504976466e-05	1.0
-0.0055067637003958225	0.0
0.0	1.0
0.0	1.0
0.0	1.0
-0.00512542063370347	0.0
0.0	0.048
-0.047322921454906464	0.0
0.0	1.0
0.0	1.0
0.0	1.0
-4.292300456038012e-12	0.0
-0.000763411691877991	1.0
0.0	1.0
0.0	1.0
0.0	0.0
0.0	1.0
0.0	0.0
0.0	1.0
0.0	0.0
-0.00039502634899690747	0.0
0.0	1.0
0.0	0.0
-0.00014740903861820698	1.0
0.0	0.0
-0.0003833133087027818	1.0
-3.7525764717827315e-09	1.0
-1.1385648122086423e-06	0.0
-0.0009382337448187172	1.0
0.0	1.0
0.0	0.0
-0.0022334682289510965	1.0
-0.008996020071208477	0.0
-0.0001657020184211433	0.0036991368680641184
0.0	1.0
0.0	0.1692150866462793
0.0	0.0
0.0	1.0
0.0	0.003703703703703704
0.0	0.003601440576230492
-0.006274229846894741	0.003601440576230492
0.0	0.0035971223021582736
0.0	1.0
-8.34299953567097e-06	0.0035971223021582736
-0.004837741609662771	0.0
0.0	1.0
-9.34417676035082e-06	0.0
0.0	0.3593073593073593
0.0	0.6633785450061652
0.0	0.0
-2.9359953259699978e-05	0.0
0.0	1.0
-5.514014844720805e-08	1.0
0.0	1.0
0.0	0.0
-0.0007496498874388635	0.3674698795180723
0.0	0.0
0.0	1.0
0.0	1.0
0.0	1.0
-0.00016101018991321325	1.0
0.0	0.09254498714652956
-0.0018506095511838794	0.07399794450154162
-0.00023515317298006266	1.0
-0.0003971859987359494	0.0
-0.0007764922338537872	1.0
-1.8011979061038907e-11	1.0
-7.862769280109205e-07	1.0
-2.8531680129617598e-08	0.0
0.0	1.0
-0.001133601414039731	0.0
-0.004424087703227997	0.0
0.0	1.0
0.0	1.0
0.0	1.0
0.0	0.0
0.0	1.0
0.0	1.0
0.0	1.0
0.0	1.0
0.0	1.0
0.0	1.0
0.0	1.0
-3.895503141393419e-06	1.0
-0.06529144942760468	0.0
0.0	1.0
0.0	0.0
0.0	0.0
-3.3887181949410206e-09	1.0
-0.006147264037281275	0.02702702702702703
0.0	0.0
-1.919580272513599e-09	1.0
0.0	0.0
-2.8932108762091957e-06	1.0
-0.003076508641242981	1.0
0.0	0.0
-0.002186308614909649	1.0
0.0	1.0
0.0	0.0010277492291880781
0.0	0.0040941658137154556
-0.005794663913547993	0.0
0.0	0.0
-7.493340348219135e-08	1.0
0.0	0.0
0.0	1.0
0.0	1.0
-0.0010777380084618926	1.0
-6.780910916859284e-05	0.0
-2.687623054953292e-05	1.0
-0.0029777539893984795	1.0
0.0	0.0
0.0	1.0
0.0	0.006
-3.0686933314427733e-05	0.027135678391959798
-1.125703263937794e-07	1.0
-0.00011404423275962472	1.0
0.0	0.017994858611825194
0.0	1.0
-5.1835737394867465e-05	1.0
-2.0377564924085184e-13	0.04202586206896552
0.0	0.04202586206896552
-0.0004602636909112334	0.03634085213032581
0.0	0.0
0.0	1.0
0.0	1.0
0.0	0.0
0.0	0.0
0.0	0.0
0.0	0.10461538461538461
0.0	1.0
0.0	1.0
0.0	0.0
0.0	1.0
0.0	0.0065717415115005475
0.0	0.0
0.0	0.0
0.0	1.0
-0.00012960756430402398	1.0
-0.009584875777363777	0.0
0.0	1.0
0.0	1.0
-0.00017485505668446422	1.0
0.0	1.0
0.0	1.0
0.0	0.0
0.0	1.0
-0.009297944605350494	0.125
0.0	1.0
0.0	0.004
-0.0001020974523271434	0.0
-2.3719809178146534e-05	1.0
0.0	1.0
0.0	0.0062047569803516025
0.0	0.006269592476489028
0.0	0.043259557344064385
-0.000260531174717471	0.0
-0.0005514746299013495	0.026156941649899398
0.0	1.0
0.0	0.811
-2.153785999325919e-06	0.0
-9.110275982493476e-07	0.811
-4.243369403411634e-06	1.0
0.0	0.0
0.0	1.0
0.0	0.0
0.0	0.0
0.0	0.0
-0.019808927550911903	0.0
0.0	1.0
0.0	0.028169014084507043
-0.0070124221965670586	0.021367521367521368
0.0	1.0
-1.2894749504277492e-11	1.0
0.0	1.0
0.0	0.0
0.0	1.0
-0.013424987904727459	0.0
-0.003024631179869175	0.0
0.0	0.0
-4.460824584384682e-06	0.0
0.0	0.0
0.0	0.0
0.0	0.0
0.0	1.0
-0.0008118182304315269	1.0
0.0	0.23791348600508905
-3.491560710244812e-05	0.0
-1.2082213629582839e-07	0.2403598971722365
0.0	0.9759036144578314
0.0	0.0
0.0	1.0
0.0	1.0
0.0	1.0
-2.1209914848441258e-05	0.0
-0.0003308982995804399	1.0
0.0	0.048106448311156604
0.0	0.024134312696747113
0.0	0.0
0.0	1.0
0.0	0.0
0.0	0.0
0.0	1.0
0.0	0.0
0.0	1.0
0.0	1.0
-0.003221503458917141	1.0
0.0	0.0
-0.0008038281812332571	0.04
-3.972100967075676e-05	0.0
0.0	1.0
0.0	1.0
-1.296343210555051e-08	1.0
0.0	1.0
-0.002012530341744423	0.001287001287001287
0.0	1.0
0.0	1.0
-6.396734534064308e-05	1.0
-0.0019297938561066985	0.0
-0.02063365839421749	0.0
-2.206839511131875e-08	0.0
0.0	0.0
0.0	1.0
-0.0012060508597642183	0.811
0.0	0.08787128712871287
0.0	0.0
-2.405825171081233e-06	1.0
0.0	1.0
0.0	1.0
0.0	0.023
0.0	0.027
0.0	1.0
0.0	0.0
-7.589822992315476e-09	0.0
0.0	1.0
0.0	1.0
-0.00048599630827084184	1.0
0.0	1.0
-4.314404577598907e-05	0.0
-2.1881926386413397e-06	0.0
-0.012610232457518578	0.0
0.0	1.0
0.0	1.0
-1.3924526683695149e-05	1.0
0.0	1.0
-0.000406627485062927	0.0
0.0	1.0
0.0	0.0
0.0	1.0
-3.8864109228597954e-05	0.0
-0.0042666057124733925	0.0
0.0	0.0
0.0	0.016016016016016016
-0.017029820010066032	0.0
0.0	0.0
0.0	0.0
0.0	1.0
-1.340258791060478e-06	0.0
0.0	1.0
0.0	1.0
0.0	1.0
0.0	0.02702702702702703
-1.6600290564383613e-07	0.055055055055055056
-0.0007302745361812413	0.0021164021164021165
0.0	0.02320887991927346
0.0	0.0
0.0	0.0
-3.3542405617481563e-06	1.0
0.0	0.0
-0.0030303653329610825	1.0
0.0	1.0
0.0	1.0
0.0	1.0
0.0	1.0
-4.353463737061247e-05	1.0
-4.858563897869317e-07	1.0
0.0	1.0
0.0	1.0
0.0	1.0
0.0	1.0
0.0	1.0
0.0	1.0
-8.957079700167014e-08	0.0
0.0	0.0
0.0	0.0
-2.107477303070482e-05	1.0
-0.007366930600255728	0.0
-1.0228460268990602e-05	1.0
-0.0013958093477413058	0.023543990086741014
0.0	0.0
0.0	1.0
0.0	1.0
0.0	1.0
0.0	1.0
0.0	1.0
0.0	1.0
0.0	1.0
0.0	1.0
-0.0002961222780868411	0.0
-0.0010555528569966555	1.0
-0.003485707798972726	0.0
0.0	1.0
0.0	0.0
-9.735491767060012e-05	0.0
-0.011208264157176018	0.0
0.0	0.0
0.0	0.0
-0.001022121636196971	0.0
-1.0323199006734285e-07	0.0
0.0	0.0
0.0	0.0
0.0	1.0
0.0	0.812
0.0	0.0
0.0	1.0
0.0	0.0
-7.366173804257414e-08	0.0
0.0	0.0
-0.0001301885931752622	1.0
-7.430672849295661e-05	0.0
0.0	1.0
0.0	0.009230769230769232
-0.001253591850399971	1.0
-1.957462814061728e-08	0.001
0.0	1.0
0.0	1.0
0.0	0.0
0.0	1.0
-2.8802455744880717e-06	1.0
0.0	1.0
-0.03946441411972046	0.0
0.0	0.0
-0.00030231603886932135	1.0
-1.817059214204164e-08	0.0
0.0	1.0
0.0	1.0
0.0	0.0
0.0	1.0
0.0	0.0
-6.975192263780627e-06	1.0
-0.0018522634636610746	0.0
0.0	0.0
0.0	0.0
0.0	0.13413413413413414
0.0	0.0
0.0	0.0
-7.657011913408951e-09	0.0041928721174004195
0.0	1.0
-3.2497835491085425e-05	1.0
0.0	0.039
-0.000302820117212832	0.011627906976744186
-5.316059628057701e-07	1.0
0.0	0.010341261633919338
0.0	1.0
-4.668827750720084e-05	1.0
-0.004854978993535042	0.0
0.0	0.0336734693877551
-0.0006073049153201282	1.0
-2.037794217812916e-07	1.0
0.0	0.0
0.0	0.003
-0.00020632639643736184	1.0
-2.458816927841667e-09	0.0
0.0	0.0
0.0	1.0
0.0	1.0
0.0	0.0
-7.731032951596717e-07	0.0012330456226880395
0.0	0.0
0.0	0.0012330456226880395
0.0	0.0
0.0	0.0
0.0	0.0
0.0	1.0
0.0	0.22140221402214022
0.0	1.0
0.0	1.0
-0.0008647264912724495	0.0
-0.003645113669335842	0.0
0.0	0.0
0.0	0.0
