0.0	0.0
0.0	0.0
-2.5356710011692485e-06	0.0
-2.817184395098593e-05	0.0
-2.7749203582061455e-05	1.0
-0.00013453878636937588	0.0
-6.565080184373073e-06	0.961
0.0	0.961
0.0	1.0
-7.276486576301977e-05	0.0
0.0	1.0
0.0	1.0
-0.0015573295531794429	1.0
-0.0016347768250852823	0.0
0.0	0.0
-0.018977249041199684	0.0
0.0	1.0
-0.0007447627722285688	1.0
0.0	0.0
-1.0799238481240536e-07	0.0
-0.00013273634249344468	0.0
-6.234180909814313e-05	1.0
-8.083360444288701e-05	1.0
0.0	0.053125
0.0	1.0
0.0	1.0
-0.001588905812241137	1.0
-0.000969833112321794	0.06957928802588997
0.0	0.0
-0.0003529807727318257	0.3991640543364681
0.0	0.06957928802588997
0.0	0.3991640543364681
-0.00027197611052542925	0.3991640543364681
0.0	0.0
-3.831605172033292e-12	1.0
0.0	0.0
-3.960337835451355e-06	1.0
0.0	0.0
-8.854868792695925e-05	1.0
0.0	1.0
-0.0014155401149764657	1.0
0.0	1.0
-0.0003925382625311613	0.4183467741935484
-0.0023320261389017105	1.0
0.0	0.0
-8.669598372534892e-09	1.0
0.0	1.0
0.0	1.0
0.0	1.0
0.0	1.0
-2.312307501028954e-08	0.0
0.0	0.0
0.0	1.0
0.0	0.0
0.0	0.0
-0.0007044299854896963	0.0
0.0	1.0
0.0	0.19042663891779396
-6.325581693999993e-07	0.0
0.0	1.0
-0.0009324979619123042	0.0
-1.2216663662911742e-06	1.0
0.0	0.0
-0.00043178626219742	1.0
0.0	1.0
0.0	1.0
-2.3066143057803856e-06	0.0
0.0	1.0
0.0	0.0
0.0	0.961
0.0	1.0
-0.00021400739206001163	0.0
0.0	0.0
0.0	1.0
0.0	1.0
-1.269270683224022e-06	1.0
-3.1645595299778506e-05	1.0
0.0	0.004
0.0	0.0
-8.423901853849003e-11	0.0
-0.000388322543585673	0.0
-1.0633598890308349e-07	1.0
-5.854627005419388e-09	1.0
0.0	0.0
0.0	1.0
0.0	0.0
0.0	0.0
-0.002227183897048235	1.0
0.0	0.0
0.0	1.0
-3.946255674236454e-05	1.0
0.0	1.0
0.0	0.10526315789473684
0.0	1.0
0.0	1.0
0.0	1.0
-8.065252768574283e-05	0.014184397163120567
-0.0002568891504779458	0.0
0.0	1.0
0.0	1.0
-4.0282266127178445e-05	1.0
0.0	1.0
0.0	1.0
-0.0020428362768143415	0.0
-0.00011916066432604566	1.0
0.0	1.0
0.0	1.0
-8.025968782021664e-06	1.0
-3.068595833610743e-05	0.0
-0.004681218881160021	0.0
-2.3528266979155887e-07	1.0
0.0	1.0
0.0	0.0
0.0	1.0
0.0	1.0
-5.646941403369965e-08	1.0
0.0	1.0
0.0	1.0
0.0	0.0
0.0	1.0
0.0	1.0
-8.260669233095541e-07	1.0
-1.471476451797571e-07	1.0
0.0	1.0
0.0	1.0
0.0	1.0
0.0	1.0
0.0	1.0
0.0	1.0
0.0	1.0
0.0	1.0
0.0	1.0
0.0	0.0
-9.44643106777221e-05	1.0
0.0	0.0
-8.63266649275829e-08	0.0
0.0	0.0
0.0	1.0
-4.3764586735051125e-05	0.0
0.0	1.0
-0.11572529375553131	0.0
-5.1614515541587025e-05	1.0
-2.6586018066154793e-05	1.0
-3.1415307603310794e-05	1.0
-1.7184827811433934e-05	1.0
0.0	1.0
0.0	1.0
0.0	1.0
-1.2122427506255917e-05	0.0
0.0	1.0
-0.0003424212336540222	0.0
-0.006412347313016653	0.0
0.0	0.03967446592065107
0.0	0.04374364191251272
0.0	0.0
-2.5348408598802052e-06	1.0
-0.0017905884888023138	0.0
0.0	1.0
0.0	0.0
0.0	0.006103763987792472
-4.1312123357784e-05	1.0
-0.00016200299432966858	1.0
0.0	0.06827309236947791
0.0	1.0
0.0	0.0
-0.0020975761581212282	1.0
0.0	1.0
0.0	1.0
0.0	0.0
0.0	0.15416666666666667
0.0	1.0
0.0	1.0
0.0	0.041065482796892344
-9.003760351333767e-05	1.0
-1.2490146694688065e-08	1.0
0.0	1.0
0.0	1.0
-4.359592276159674e-05	0.0
0.0	1.0
0.0	1.0
-0.0009215401951223612	0.0
-2.9929329847799835e-11	1.0
0.0	1.0
0.0	0.0
-3.059100663449499e-06	1.0
-4.558397995424457e-05	0.0
-0.0005318349576555192	0.961
0.0	1.0
0.0	0.0
0.0	1.0
-5.1801711379084736e-05	0.0
0.0	1.0
-0.004465647507458925	0.068
0.0	0.20600858369098712
-4.699553102227583e-08	1.0
0.0	1.0
0.0	0.0
-2.4997750642796746e-06	1.0
0.0	1.0
-5.032489092116066e-09	0.003937007874015748
-0.00020319674513302743	1.0
-4.7337480602038795e-09	0.0
-0.001634942484088242	0.0
0.0	0.0
0.0	1.0
0.0	1.0
-6.29871356068179e-05	1.0
0.0	0.0
0.0	1.0
-5.410053563537076e-05	1.0
0.0	1.0
0.0	1.0
0.0	1.0
0.0	1.0
-0.0004128058208152652	1.0
0.0	1.0
0.0	1.0
-1.0563594088353057e-07	1.0
-0.022822851315140724	0.0
0.0	1.0
-3.508787267492153e-05	1.0
-0.0004563159600365907	0.02108433734939759
0.0	1.0
0.0	1.0
0.0	0.004069175991861648
0.0	1.0
0.0	1.0
0.0	1.0
0.0	1.0
0.0	1.0
-0.00019108681590296328	1.0
0.0	1.0
-8.861902460921556e-05	1.0
-0.001141126616857946	1.0
0.0	1.0
-3.6502663078863407e-06	0.0
-3.3828803225333104e-07	1.0
-0.00010195443610427901	1.0
-3.647236781034735e-06	0.0
0.0	0.0
-4.771714401385907e-08	1.0
-0.038499992340803146	0.0
0.0	0.0
-4.3147469114046544e-05	1.0
0.0	1.0
-0.000234999242820777	0.0
0.0	1.0
0.0	1.0
0.0	1.0
0.0	0.0
-5.166592382011004e-05	0.0
-0.0010784947080537677	1.0
0.0	1.0
0.0	1.0
-1.5419933333760127e-05	0.0
0.0	1.0
0.0	0.0
0.0	1.0
0.0	1.0
-0.00019617054203990847	1.0
-8.589525532443076e-05	0.00815494393476045
0.0	1.0
-0.00015741639072075486	0.00815494393476045
-7.472309704326108e-08	1.0
0.0	0.0
0.0	0.17404426559356137
0.0	1.0
-0.0027836624067276716	1.0
-0.0007083619711920619	0.0
0.0	0.0
0.0	1.0
-6.927031790837646e-05	1.0
-0.059567004442214966	0.0
-9.374651313009963e-07	0.0
0.0	1.0
-0.0006892429664731026	1.0
0.0	0.008
0.0	1.0
0.0	1.0
-7.722416194155812e-05	1.0
0.0	0.0
0.0	1.0
-0.00011960443953284994	0.024
0.0	1.0
0.0	0.024
0.0	0.0
-0.02392357587814331	0.0
-2.519548979762476e-05	1.0
-6.306156137725338e-05	0.0
0.0	0.001040582726326743
0.0	0.2204724409448819
-1.770586975646804e-11	1.0
-0.0006692036404274404	0.0
0.0	1.0
-0.0034614785108715296	0.0
-4.1929415601771325e-05	0.0
0.0	0.010101010101010102
0.0	1.0
0.0	1.0
-0.0003189025155734271	1.0
0.0	1.0
0.0	0.0
0.0	1.0
0.0	1.0
-2.9290473321452737e-05	0.0
-5.176872619472306e-08	1.0
0.0	1.0
-0.0007350047235377133	0.0
0.0	1.0
0.0	1.0
-1.4292798888870806e-10	1.0
-0.003972002305090427	0.0
0.0	0.0
0.0	0.1348314606741573
0.0	0.0
0.0	0.02063983488132095
-2.6192001314484514e-06	0.0
-0.0006761905970051885	1.0
0.0	0.022727272727272728
-0.00540892081335187	0.022026431718061675
0.0	0.03382663847780127
0.0	1.0
0.0	1.0
0.0	1.0
0.0	0.0
-0.001159563078545034	0.0
0.0	0.0
0.0	0.0
0.0	0.0
0.0	1.0
0.0	0.0
0.0	0.0
-1.3188836192057352e-06	1.0
-0.0006413229275494814	1.0
-0.0023777829483151436	1.0
0.0	0.0
0.0	1.0
-4.899531268165447e-05	1.0
-4.7553952754242346e-05	0.0
0.0	0.0
-0.005306561011821032	0.0
0.0	1.0
-1.3046653757342597e-09	1.0
0.0	1.0
-0.020280776545405388	0.0
0.0	1.0
-0.008905862458050251	0.03958333333333333
0.0	1.0
0.0	1.0
0.0	1.0
0.0	1.0
0.0	0.04020618556701031
0.0	1.0
-4.6315035433508456e-05	1.0
0.0	1.0
0.0	1.0
0.0	1.0
-5.33788806933444e-07	1.0
-5.145133400219493e-06	1.0
0.0	0.875
-4.174908099230379e-07	1.0
0.0	1.0
0.0	1.0
0.0	1.0
0.0	1.0
0.0	1.0
0.0	1.0
0.0	1.0
0.0	1.0
0.0	1.0
0.0	1.0
0.0	1.0
0.0	1.0
0.0	0.014084507042253521
0.0	0.0
-9.091609535971656e-05	1.0
0.0	1.0
-1.3606568649571216e-10	1.0
0.0	1.0
0.0	0.039473684210526314
-2.618381222418975e-05	0.0
-0.0014503836864605546	1.0
0.0	0.0367965367965368
-7.518310303566977e-05	1.0
-6.08531195211981e-07	1.0
-0.003506719134747982	0.052083333333333336
0.0	0.006006006006006006
0.0	0.01001001001001001
0.0	0.010570824524312896
-0.00221989001147449	0.05454545454545454
-0.0005822582170367241	1.0
-8.758522744756192e-05	1.0
-0.0026916165370494127	0.0
0.0	1.0
0.0	1.0
0.0	0.0
-0.0006283136317506433	0.0
0.0	0.016
0.0	0.016
0.0	1.0
0.0	0.0
-0.0025454999413341284	0.0
-2.3546564875687181e-07	0.0
0.0	0.0
0.0	1.0
0.0	1.0
0.0	0.008016032064128256
0.0	1.0
0.0	0.0
-2.090843190671876e-05	1.0
0.0	1.0
0.0	1.0
-0.0008028700831346214	0.02336448598130841
0.0	1.0
-1.218801486402299e-07	1.0
0.0	1.0
0.0	1.0
0.0	1.0
-0.0006487873615697026	1.0
0.0	1.0
-1.9491487819323083e-06	0.10876132930513595
0.0	0.0
-3.3233951398869976e-05	0.0
-4.078647179994732e-05	1.0
-0.0008918969542719424	1.0
-8.775088531365327e-07	1.0
-1.2640519742035394e-09	1.0
0.0	0.0
-2.9562119863157932e-08	1.0
-0.0004518905479926616	1.0
0.0	1.0
-0.0062599931843578815	0.0
0.0	0.0
-0.000649691210128367	1.0
-1.8500621081329882e-05	1.0
0.0	1.0
-4.122500286030117e-06	0.07450980392156863
0.0	1.0
0.0	1.0
0.0	1.0
0.0	0.0
0.0	0.0
0.0	0.0
-0.0001139423402491957	1.0
0.0	1.0
0.0	1.0
-1.3302545767146512e-06	1.0
-0.0011080328840762377	1.0
-2.326186586287804e-05	1.0
0.0	1.0
0.0	0.0
0.0	0.0
0.0	0.0
0.0	0.0
0.0	1.0
0.0	0.0
0.0	1.0
0.0	1.0
0.0	1.0
0.0	1.0
0.0	1.0
0.0	1.0
0.0	1.0
-0.0025061652995646	1.0
-0.0005587584455497563	1.0
0.0	0.0
-0.00012430678179953247	0.03803803803803804
0.0	0.0010395010395010396
-0.004257095046341419	0.008008008008008008
0.0	1.0
0.0	0.03333333333333333
-0.00017412402667105198	0.0
-2.9736087526543997e-05	0.0
0.0	0.0
-0.0008428683504462242	1.0
0.0	1.0
0.0	1.0
-1.0206898878095672e-05	1.0
-0.0003389644843991846	1.0
-0.0008412898750975728	1.0
0.0	1.0
0.0	1.0
0.0	1.0
0.0	1.0
0.0	1.0
0.0	0.0
0.0	0.001040582726326743
-0.0009032890666276217	1.0
0.0	0.03903903903903904
0.0	0.0
-2.48611686792799e-09	1.0
-0.0013810396194458008	1.0
0.0	1.0
0.0	0.0
0.0	1.0
0.0	0.0
-2.6763509595184587e-06	0.06850715746421268
-0.0006830613128840923	0.13654618473895583
0.0	0.0
-0.0002193317486671731	0.13052208835341367
-0.0100283557549119	0.0
0.0	1.0
-2.0686018160631647e-06	1.0
-3.916506102541462e-06	0.003003003003003003
0.0	1.0
-0.04866684228181839	0.0
-7.48133015804342e-06	1.0
-5.532082241188618e-07	1.0
0.0	1.0
-3.471709248970001e-07	0.001321003963011889
-6.0821610532002524e-05	1.0
-1.136846185545437e-05	0.001321003963011889
-0.00562694389373064	0.0
0.0	1.0
0.0	0.0
0.0	1.0
0.0	1.0
-0.0006555503932759166	1.0
-3.209331111975189e-08	1.0
0.0	1.0
-4.577621837142942e-07	0.0
0.0	0.22892819979188345
-0.0014418670907616615	1.0
-0.0016791140660643578	0.0
0.0	1.0
-9.956434951163828e-05	1.0
0.0	0.0
0.0	1.0
0.0	0.0
0.0	0.0
-5.642937495053957e-08	1.0
-0.0002398332580924034	0.0
-1.2378308156257845e-07	0.0
-0.015560315921902657	0.0
0.0	1.0
-1.0032340469479095e-05	1.0
-5.605556907539722e-06	1.0
0.0	1.0
-1.1634310226327216e-07	0.0
-1.5250701324021065e-07	1.0
-4.515589535003528e-05	1.0
0.0	1.0
0.0	0.004162330905306972
-0.052294179797172546	0.0
-0.0011449458543211222	0.008
0.0	1.0
0.0	0.0
0.0	0.0
0.0	0.0
0.0	1.0
-0.0003998323518317193	1.0
0.0	1.0
0.0	0.004439511653718091
-1.3057553260864552e-08	0.0
0.0	0.0
0.0	0.014428412874583796
0.0	0.10030395136778116
0.0	0.09949748743718594
0.0	0.005549389567147614
0.0	0.0
-0.00036976172123104334	0.0
0.0	0.642
0.0	0.0
-0.0004969717119820416	0.0
0.0	0.0
-0.0005110978381708264	0.642
-0.020065393298864365	0.0
0.0	1.0
0.0	0.0
-0.0007975597400218248	0.0
0.0	0.116254036598493
-0.003172522410750389	1.0
-3.1749525533086853e-06	0.0
0.0	1.0
0.0	1.0
0.0	1.0
0.0	1.0
-0.014396891929209232	0.0
0.0	1.0
-2.2121250822237926e-06	1.0
0.0	1.0
-2.4249771968243294e-07	1.0
-0.0010871475096791983	1.0
0.0	1.0
0.0	1.0
0.0	1.0
-0.00043781526619568467	0.0
-0.022378314286470413	0.0
-0.014388076029717922	0.0
-1.4936164234313765e-06	1.0
-0.0021297968924045563	0.0
-0.0018910872749984264	0.0
0.0	0.005
0.0	1.0
0.0	1.0
0.0	0.026
0.0	1.0
0.0	1.0
0.0	1.0
0.0	0.0
0.0	1.0
-0.00026447739219293	0.0
-2.6224826797260903e-05	0.0
-0.00024655749439261854	1.0
0.0	0.0
0.0	0.0
0.0	1.0
0.0	1.0
-0.0032857218757271767	0.022
-0.00018232373986393213	1.0
-0.07096640020608902	0.0
0.0	0.0
0.0	0.0
0.0	1.0
0.0	1.0
0.0	1.0
-4.469060311510466e-17	0.0
-7.316561095649377e-05	1.0
-0.019681351259350777	0.0
-0.0001584030396770686	0.0
-0.005171854514628649	0.012987012987012988
0.0	1.0
0.0	1.0
0.0	1.0
-5.982872153253993e-07	0.0
0.0	1.0
0.0	1.0
-4.975161573383957e-05	1.0
