-0.00037060430622659624	0.0
-0.0031022962648421526	0.0
0.0	0.0
0.0	1.0
0.0	0.0
0.0	0.0
-3.6070821806788445e-05	1.0
-0.0002322606451343745	0.0
0.0	1.0
-0.0014107701135799289	0.0
0.0	1.0
0.0	0.0
0.0	0.0010111223458038423
0.0	1.0
0.0	1.0
0.0	1.0
0.0	0.0
0.0	0.005005005005005005
-0.0034558684565126896	1.0
0.0	0.0
0.0	0.0
-0.0020398120395839214	0.0
0.0	0.0
0.0	1.0
-1.5375209841295145e-05	0.0
0.0	0.0
0.0	1.0
0.0	1.0
0.0	1.0
-5.666548773177599e-15	1.0
0.0	0.0
0.0	1.0
0.0	1.0
0.0	1.0
0.0	1.0
-2.8231081614649156e-06	0.0
-1.3247237120594946e-06	0.015136226034308779
-6.410994615180243e-07	1.0
0.0	0.0
0.0	0.0
-0.0060114446096122265	0.0
-8.215395791921765e-05	1.0
-0.0030748778954148293	0.0
-0.001395328319631517	1.0
0.0	0.0
0.0	1.0
0.0	1.0
0.0	1.0
-0.0014610260259360075	0.0
0.0	0.0
0.0	1.0
0.0	0.0
0.0	0.01670378619153675
-8.897116640582681e-05	0.0
0.0	0.0
0.0	1.0
-3.575138180167414e-05	1.0
0.0	1.0
0.0	1.0
-5.030288434682006e-07	0.0
-0.0011677376460283995	0.055
0.0	0.0
-7.127333810785785e-05	0.0
0.0	0.0
0.0	1.0
0.0	1.0
0.0	0.0
0.0	0.002
0.0	1.0
0.0	0.0
0.0	0.0
0.0	0.0
0.0	1.0
-2.4283181119244546e-05	1.0
-0.01958734355866909	0.0
0.0	0.0
0.0	1.0
0.0	0.04
-1.0633660618708518e-10	1.0
0.0	1.0
-0.0012924994807690382	0.0
-0.00026565458392724395	1.0
-0.00574021739885211	0.0
-8.708579635197111e-09	1.0
-3.3305317629128695e-05	0.0
0.0	1.0
0.0	1.0
0.0	0.0
-2.90234947897261e-05	0.0
-0.0017839978681877255	0.0
0.0	1.0
0.0	0.0890890890890891
-0.0026553869247436523	0.0
-0.0026332761626690626	1.0
0.0	0.0
-8.272774465467592e-09	1.0
0.0	1.0
0.0	0.02727272727272727
-0.001123290043324232	1.0
-0.0018325700657442212	0.001
0.0	1.0
0.0	1.0
0.0	0.0010070493454179255
0.0	0.0
-9.633900481276214e-05	0.0
-1.508345448542059e-08	0.0020325203252032522
0.0	1.0
-0.003772377036511898	1.0
0.0	1.0
0.0	0.002
-5.176790728000924e-05	0.0
0.0	1.0
0.0	1.0
-2.2616939432396066e-09	0.025183630640083946
0.0	1.0
0.0	1.0
-0.002240374917164445	0.0
0.0	1.0
0.0	1.0
-0.04383625462651253	0.0
0.0	1.0
-4.017914034193382e-05	1.0
0.0	1.0
0.0	0.0
-0.0002773329906631261	1.0
-0.0011116822715848684	0.0
-0.0001813120616134256	0.0
0.0	0.0
0.0	0.0
-1.9745351187427929e-10	0.0
0.0	1.0
-2.463698045573892e-08	0.0
-3.7352873505369644e-07	0.04430379746835443
0.0	0.0
0.0	1.0
0.0	0.0
-0.0006293951882980764	0.0
0.0	1.0
0.0	0.0
-0.00011445263953646645	0.0
0.0	1.0
-0.002728784689679742	0.04914744232698094
-0.0004542221431620419	1.0
-0.00587827293202281	0.0031545741324921135
-0.0008079420076683164	1.0
0.0	1.0
-6.960919563425705e-05	1.0
0.0	1.0
-3.148720497847535e-05	1.0
0.0	0.0
0.0	1.0
0.0	0.0
0.0	1.0
-0.0005929579492658377	1.0
-5.989953137941484e-07	1.0
0.0	1.0
0.0	0.0
0.0	1.0
-0.0016332207014784217	0.026
0.0	1.0
0.0	0.0
-9.844910891843028e-06	1.0
0.0	0.0
-8.530874140433298e-08	0.027
-0.0003028926148544997	0.0
-1.4540458437295456e-07	0.0
0.0	0.0
0.0	1.0
-0.003850767621770501	0.031839622641509434
0.0	1.0
0.0	1.0
0.0	1.0
0.0	1.0
-0.0003158521431032568	0.0
-4.183473359398171e-11	1.0
0.0	1.0
0.0	1.0
0.0	1.0
-2.349145461266744e-06	0.0
-0.0005949080805294216	1.0
0.0	0.018108651911468814
0.0	0.0
0.0	0.0
0.0	1.0
-2.801529490170651e-06	0.0
0.0	1.0
0.0	1.0
0.0	1.0
0.0	1.0
0.0	1.0
-7.181445107562467e-05	0.425531914893617
0.0	0.0
0.0	0.0
0.0	0.0
0.0	1.0
-1.2337797450356902e-10	1.0
0.0	1.0
-0.0001642647257540375	1.0
0.0	1.0
0.0	0.0
0.0	1.0
-0.0001244332961505279	0.04512820512820513
-0.00016750527720432729	0.0
0.0	1.0
-0.02277332730591297	0.0
0.0	1.0
-0.0004744674079120159	0.0
0.0	1.0
0.0	1.0
0.0	1.0
0.0	0.0
0.0	1.0
0.0	1.0
-3.928348633053247e-06	1.0
0.0	1.0
-2.5202748332731062e-08	0.0010214504596527069
-3.793867290369235e-05	1.0
0.0	0.0010204081632653062
-0.00018955212726723403	1.0
-7.622783596161753e-05	1.0
0.0	1.0
-0.000620818929746747	1.0
0.0	1.0
-0.0012863436713814735	1.0
-1.804543899197597e-05	1.0
0.0	0.0
0.0	1.0
-0.00040078387246467173	0.0
0.0	1.0
-3.543006459949538e-05	0.002002002002002002
0.0	1.0
0.0	1.0
0.0	1.0
0.0	0.0
0.0	0.0
0.0	1.0
0.0	1.0
0.0	0.0
-0.013049389235675335	0.0
0.0	1.0
-8.288164099212736e-05	1.0
-4.45685827799025e-06	0.0
-0.03760082274675369	0.0
0.0	0.0
0.0	0.0
-0.010889030992984772	0.0
0.0	0.0
-0.0008450765162706375	1.0
-6.528197263833135e-05	1.0
0.0	1.0
0.0	1.0
-8.534554945072159e-05	0.0
0.0	1.0
0.0	0.0
0.0	0.942
0.0	1.0
0.0	1.0
-5.144822807778837e-06	0.6
0.0	1.0
-0.0029592239297926426	1.0
0.0	0.0
0.0	1.0
0.0	1.0
0.0	1.0
0.0	1.0
0.0	1.0
0.0	1.0
0.0	1.0
-0.00043920744792558253	1.0
-8.334960512001999e-06	1.0
-0.0004994492046535015	1.0
-2.538802618801128e-06	0.0
0.0	1.0
0.0	0.0
-0.0013171135215088725	0.0
-0.004278651438653469	0.0
-1.0104852208314696e-06	1.0
0.0	1.0
0.0	0.0
-6.976987060625106e-05	1.0
-0.0016421705950051546	0.0
0.0	1.0
-5.283122277432994e-07	0.0
0.0	1.0
-1.621713090571575e-05	1.0
0.0	0.0
0.0	1.0
-0.0006407195469364524	1.0
0.0	0.0
-0.0002781925431918353	0.0
-0.0022582767996937037	0.0
-7.156363426474854e-05	0.0
0.0	1.0
0.0	1.0
0.0	1.0
0.0	0.0
0.0	1.0
0.0	0.762
0.0	0.762
0.0	0.006018054162487462
0.0	1.0
0.0	0.0
-0.0033942132722586393	0.003
-0.0003120705659966916	1.0
0.0	0.0
-5.67733877687715e-05	1.0
0.0	0.0
-0.0002995684335473925	0.016
-0.00010349149670219049	0.0
0.0	0.0
0.0	1.0
0.0	1.0
0.0	1.0
0.0	1.0
-0.009834648109972477	0.0
0.0	0.0010482180293501049
0.0	0.0328042328042328
-2.1460904164882777e-08	0.953
-2.8849424779764377e-05	0.0
-0.0007984114927239716	1.0
-0.005442273337393999	0.0
-2.949158260889817e-05	0.049
0.0	0.038
0.0	1.0
0.0	0.043
0.0	0.0010416666666666667
-2.413911488474696e-06	0.0
-0.0006360239931382239	1.0
0.0	1.0
0.0	1.0
0.0	1.0
0.0	1.0
-0.0006203720695339143	1.0
-8.757002945003478e-08	0.0
0.0	1.0
-0.0020309952087700367	0.0
-5.123598384670913e-06	1.0
0.0	1.0
0.0	0.0
0.0	0.0
0.0	1.0
0.0	1.0
0.0	1.0
-1.1124453749289387e-06	0.0
0.0	1.0
-5.631696240016026e-06	0.002
0.0	0.0
-2.0793302843435946e-11	1.0
-0.0858563631772995	0.0
0.0	0.0
0.0	1.0
0.0	1.0
0.0	1.0
0.0	0.0
-0.00023961631814017892	1.0
0.0	1.0
-2.1736643418535095e-07	1.0
0.0	0.0
-1.281498462901709e-09	1.0
0.0	0.0
0.0	0.0
0.0	0.0
-0.002698570489883423	0.0
-0.0031916468869894743	0.0
-0.0005579987773671746	0.0
0.0	1.0
-0.0008227199432440102	1.0
-6.802674033679068e-05	0.0
-3.466849375399761e-05	1.0
-0.0003976311127189547	0.057
0.0	1.0
-0.0169060081243515	0.0
0.0	1.0
-1.3041828424320556e-05	1.0
-0.005251640919595957	0.0010351966873706005
0.0	1.0
0.0	1.0
0.0	1.0
-1.0155894415220246e-05	0.032
0.0	0.0
0.0	0.0
0.0	1.0
-0.0033136755228042603	0.0
-0.006470363587141037	0.0
-9.308921107731294e-06	1.0
0.0	0.0
0.0	1.0
0.0	1.0
-0.0018264299724251032	0.0
-0.007662903051823378	0.0
-0.040774326771497726	0.0
-5.879242692685693e-08	1.0
-6.092382136557717e-06	1.0
0.0	0.0
-6.821232545917155e-06	1.0
0.0	0.0
0.0	1.0
0.0	1.0
0.0	0.0
0.0	1.0
-0.001264645135961473	0.0
-0.014104691334068775	0.0
-0.0012813557405024767	0.0
0.0	0.0
0.0	0.011055276381909548
0.0	0.011055276381909548
0.0	1.0
-3.911904968845192e-06	0.0
-1.7625130794840516e-06	0.011033099297893681
-3.062192632796723e-08	0.0
-1.133099942762783e-07	1.0
0.0	0.0
-1.72622203535866e-05	0.0
-6.921071644683252e-07	1.0
-0.00011510821059346199	1.0
0.0	0.0
-5.988229356823638e-11	1.0
0.0	1.0
0.0	1.0
0.0	0.004
-0.00012008063640678301	1.0
0.0	1.0
-1.5792114709256566e-06	1.0
0.0	1.0
-0.04527652636170387	0.0
0.0	0.004711425206124852
0.0	1.0
0.0	0.0
-0.003535232739523053	0.0
-1.1186115443706512e-05	1.0
0.0	0.0
0.0	1.0
0.0	0.0
0.0	0.00202020202020202
-0.0001075918335118331	1.0
-0.054328713566064835	0.0
-0.0021619624458253384	0.0
0.0	0.0
0.0	1.0
0.0	0.0010111223458038423
0.0	0.0010111223458038423
0.0	1.0
-0.004959777928888798	0.0
-3.5942390240961686e-05	0.0
-0.00021916355763096362	1.0
0.0	1.0
-0.00012376219092402607	0.011011011011011011
0.0	0.0
0.0	0.0
0.0	1.0
0.0	1.0
-3.503030529827811e-05	1.0
0.0	1.0
0.0	0.0
0.0	0.0010090817356205853
-1.4784790209887433e-06	1.0
-1.1253004231548402e-05	1.0
0.0	0.009072580645161291
0.0	1.0
0.0	1.0
-0.0002154653484467417	1.0
-1.4540811207552906e-05	1.0
0.0	0.0
0.0	1.0
0.0	0.0
0.0	1.0
-0.1545868068933487	0.0
0.0	1.0
-0.03652719408273697	0.0
0.0	1.0
-7.5495227065403014e-06	1.0
-0.003841961268335581	0.0
-4.089131107321009e-05	1.0
-0.005148791708052158	0.0
-0.00011814526078524068	1.0
-8.752009307499975e-06	1.0
0.0	1.0
0.0	0.0
0.0	1.0
0.0	1.0
-0.0002673753770068288	0.0
0.0	1.0
0.0	1.0
0.0	0.013197969543147208
0.0	1.0
0.0	1.0
-7.209164323285222e-05	1.0
0.0	1.0
0.0	1.0
-0.000361476355465129	1.0
-0.0008128519402816892	0.0031545741324921135
0.0	1.0
0.0	1.0
0.0	1.0
0.0	0.0
0.0	1.0
-0.04588666558265686	0.0
0.0	0.0
-3.697784268297255e-05	0.0
0.0	0.0
-0.00020849397697020322	1.0
0.0	1.0
0.0	0.027806385169927908
-0.0002651596732903272	0.0
0.0	1.0
-0.007217553909868002	0.0
0.0	0.0
-4.635998993762769e-05	1.0
0.0	0.0
0.0	0.0
-0.00014442572137340903	1.0
-0.00019536630134098232	0.0
0.0	0.0
0.0	1.0
0.0	0.0
0.0	0.0
-6.051489087610662e-09	0.0
0.0	1.0
-0.0003428547934163362	0.0
0.0	0.159
0.0	0.0
0.0	1.0
0.0	1.0
0.0	1.0
-0.020603081211447716	0.0
0.0	1.0
-1.6514989376048561e-09	0.003
-0.0017128767212852836	1.0
0.0	0.0
0.0	1.0
0.0	1.0
0.0	0.009
0.0	1.0
0.0	1.0
-0.01837189681828022	0.0
0.0	1.0
-0.005813577678054571	0.0
-0.0010952524608001113	1.0
0.0	1.0
0.0	1.0
0.0	1.0
-0.0008599029388278723	1.0
0.0	1.0
-1.0176090654567815e-05	0.0
-3.6483704946022044e-08	1.0
0.0	1.0
0.0	0.0010224948875255625
-7.187226856331108e-06	1.0
0.0	1.0
0.0	1.0
0.0	1.0
0.0	0.0
-2.7526031772140414e-05	1.0
-0.0037487305235117674	1.0
0.0	0.0
0.0	1.0
-2.1447192921186797e-05	0.0
-0.0010275539243593812	1.0
-0.00279055698774755	0.0
-8.291869448839861e-07	1.0
-0.0026484138797968626	1.0
0.0	1.0
0.0	0.0010131712259371835
0.0	1.0
-2.9596292733913288e-05	1.0
-0.0037538502365350723	0.013
-7.461850327672437e-05	1.0
0.0	1.0
0.0	1.0
0.0	1.0
0.0	1.0
0.0	0.0
0.0	1.0
0.0	1.0
-2.2682429516862612e-06	0.0
0.0	1.0
0.0	1.0
0.0	1.0
0.0	0.0
0.0	1.0
0.0	1.0
0.0	1.0
-0.0008643140899948776	0.0
0.0	1.0
-0.00018877584079746157	1.0
-1.6799258650834759e-09	1.0
0.0	0.014
0.0	1.0
0.0	0.0
-0.0003701473760884255	0.0
0.0	1.0
0.0	1.0
-3.409578130231239e-05	1.0
-7.99941972218221e-06	0.004
0.0	0.0
-8.515575939706255e-13	0.0
0.0	1.0
0.0	0.020080321285140562
-1.960062547823327e-07	1.0
0.0	0.0
0.0	1.0
0.0	0.0
0.0	0.0
0.0	1.0
0.0	1.0
-0.003039468312636018	0.0
0.0	0.003
