-1.6085613196992199e-06	1.0
0.0	0.0
-1.7737562788455903e-14	1.0
0.0	0.0
-2.6474781407159753e-06	1.0
0.0	0.0
0.0	1.0
0.0	1.0
0.0	1.0
0.0	1.0
0.0	1.0
-3.3059709494409617e-06	1.0
0.0	1.0
0.0	1.0
-0.002325519220903516	1.0
0.0	0.0
0.0	0.0
-9.945732017513365e-05	0.0
0.0	1.0
0.0	1.0
0.0	1.0
-4.138948952459032e-06	1.0
0.0	0.006
0.0	0.0
-6.459662108682096e-05	1.0
-1.8442948203301057e-05	1.0
0.0	1.0
0.0	1.0
0.0	1.0
-0.03931678831577301	0.0
0.0	1.0
-1.2288576556329645e-07	1.0
-0.0003323584678582847	1.0
0.0	0.0030120481927710845
0.0	1.0
-0.004987211897969246	0.0
0.0	0.0
0.0	1.0
0.0	0.0
-0.00016504224913660437	0.0
0.0	0.0
-3.149385520373471e-06	0.0
-0.0009874191600829363	0.0
-8.849718869896606e-05	1.0
-0.00012234151654411107	1.0
0.0	1.0
0.0	1.0
-2.5776832899282454e-06	1.0
0.0	0.18209255533199195
0.0	0.0
0.0	1.0
0.0	1.0
0.0	1.0
0.0	0.0
-0.0002191217936342582	0.0
-9.97050228761509e-05	1.0
0.0	1.0
-0.0004373320552986115	0.0
0.0	0.240625
-0.0017129486659541726	1.0
0.0	0.0
0.0	1.0
0.0	1.0
0.0	0.0
-0.004225315060466528	0.0
-0.024179313331842422	0.0
-0.0030879683326929808	0.0
-0.00047879619523882866	1.0
-2.0766190573340282e-05	1.0
-2.0120621968544583e-07	1.0
-2.1218957613200473e-07	1.0
0.0	1.0
0.0	1.0
-0.017003096640110016	0.0
0.0	1.0
-0.0003215275064576417	0.02
-4.324538622313412e-06	0.0
0.0	1.0
-0.0009732490289025009	0.0
-0.003101777285337448	1.0
-9.551577022648416e-06	0.0
-3.8865753282379956e-08	1.0
0.0	1.0
-1.8428457337904547e-07	1.0
0.0	1.0
-1.4382250945743635e-09	0.09380863039399624
-5.849511580890976e-06	1.0
-2.3439295546268113e-05	0.0
0.0	0.001001001001001001
-0.00018768850713968277	1.0
-0.00013182427210267633	0.0
0.0	1.0
-1.3811303212207804e-08	1.0
-1.8793913113768212e-05	1.0
0.0	0.003009027081243731
-0.0001687570329522714	0.0030425963488843813
0.0	1.0
-8.00278485257877e-07	1.0
-3.23894116551187e-14	1.0
0.0	0.0
-5.360625800676644e-05	1.0
0.0	1.0
0.0	1.0
0.0	1.0
-0.016949675977230072	0.0
-0.0036269465927034616	1.0
0.0	1.0
0.0	1.0
-7.856142474338412e-05	0.0
0.0	1.0
-0.00012443630839698017	1.0
0.0	1.0
-2.9915010600234382e-05	1.0
-0.0013937667245045304	0.0
0.0	0.0
0.0	1.0
-0.00036337596247904	1.0
0.0	0.0
-0.00035758636659011245	0.0
0.0	1.0
0.0	1.0
-0.0003390620113350451	0.0
-0.013448008336126804	0.0
0.0	0.0
0.0	0.0
0.0	1.0
-0.0009208174305967987	0.0
-1.1256743150458992e-12	0.0
-2.7864838557434268e-05	0.0
0.0	0.0
0.0	1.0
0.0	1.0
0.0	1.0
-0.00037776576937176287	1.0
-7.666132296435535e-05	0.038461538461538464
0.0	1.0
0.0	1.0
0.0	0.0
-0.001631491119042039	1.0
0.0	1.0
-0.0033391329925507307	0.04442148760330578
-0.00473837461322546	0.0
0.0	0.0
-7.323351369770137e-10	0.17768595041322313
0.0	1.0
0.0	1.0
0.0	0.0
0.0	1.0
-0.0004321960441302508	0.0
-1.7523241695016623e-05	1.0
0.0	1.0
0.0	1.0
0.0	1.0
0.0	1.0
-5.912658525630832e-05	1.0
-0.00044673663796857	1.0
0.0	1.0
-9.300334204453975e-05	1.0
0.0	1.0
0.0	1.0
0.0	1.0
-1.3114919966028538e-05	1.0
-0.0018252311274409294	0.0
0.0	1.0
0.0	1.0
-0.0487607941031456	0.0051813471502590676
0.0	0.427
-0.032804787158966064	0.0
0.0	1.0
0.0	0.0
-3.731903052539565e-05	1.0
-0.00021613026910927147	1.0
0.0	1.0
-3.3585322398721473e-06	0.96
0.0	0.96
0.0	0.0321285140562249
0.0	0.004132231404958678
0.0	0.0
0.0	0.015
-0.0004490723949857056	1.0
-0.0011617064010351896	0.004004004004004004
-0.0005827416316606104	1.0
0.0	0.0
-8.816170975478599e-07	0.0
0.0	0.0
0.0	1.0
-4.716831369933061e-08	0.003
0.0	1.0
-0.0017392262816429138	0.003
0.0	1.0
0.0	1.0
0.0	1.0
-0.00010264638694934547	0.0
0.0	0.0030303030303030303
0.0	1.0
0.0	0.002068252326783868
-9.301176760345697e-06	0.13675213675213677
0.0	1.0
-2.853933181359153e-13	0.0
0.0	0.238
-0.0009517128928564489	0.0
0.0	1.0
0.0	1.0
0.0	1.0
-0.00035160075640305877	1.0
0.0	0.0
-0.00017325810040347278	0.0
-1.301670806697075e-07	1.0
0.0	1.0
0.0	1.0
-6.587645771105599e-07	0.0
-0.0019146997947245836	1.0
-0.0009204244706779718	1.0
-0.0014160564169287682	0.0
0.0	1.0
0.0	1.0
0.0	1.0
0.0	1.0
-1.080533934327832e-06	1.0
0.0	0.0
0.0	0.0
-0.00011002188693964854	1.0
0.0	1.0
0.0	0.0010526315789473684
0.0	1.0
0.0	1.0
0.0	0.035106382978723406
0.0	1.0
0.0	1.0
-0.00020509630849119276	1.0
0.0	1.0
0.0	0.0
0.0	1.0
0.0	0.0
0.0	1.0
0.0	1.0
-0.002773918677121401	0.0
-3.5853081614689586e-10	0.0
-0.00023862559464760125	1.0
-0.00021721901430282742	1.0
0.0	1.0
-0.00024843253777362406	0.0
0.0	0.0
-8.948790491558611e-05	1.0
-0.0007278844132088125	0.0
0.0	0.01901901901901902
0.0	0.005649717514124294
0.0	1.0
-0.00024668307742103934	0.003048780487804878
-0.003930665086954832	0.0
0.0	0.0
-0.0006628566770814359	0.0
0.0	0.0
0.0	1.0
0.0	1.0
-0.00029705296037718654	1.0
-9.239483915735036e-06	0.0
-4.5885815325164003e-07	1.0
-0.002096127485856414	1.0
0.0	1.0
0.0	0.02626641651031895
-1.0523495963532525e-10	1.0
-0.00017032607865985483	0.0020181634712411706
0.0	0.24375
0.0	1.0
0.0	0.001
-3.6587007343769073e-05	1.0
0.0	0.0
-0.02920815907418728	0.0
-0.003055919660255313	1.0
0.0	1.0
0.0	1.0
0.0	1.0
0.0	1.0
0.0	1.0
0.0	0.05905905905905906
-9.772946214070544e-05	1.0
0.0	1.0
0.0	1.0
0.0	1.0
0.0	0.0
0.0	1.0
-3.7540030461968854e-05	1.0
0.0	1.0
0.0	1.0
0.0	1.0
-4.407680535223335e-05	0.0
-3.6288668070483254e-07	1.0
-1.0277736439689988e-09	1.0
0.0	0.0
-6.428665074054152e-06	1.0
0.0	1.0
0.0	1.0
0.0	1.0
-0.0016368384240195155	1.0
-1.7177362678921781e-06	0.0
0.0	1.0
0.0	1.0
-0.0007849487010389566	0.0
0.0	1.0
0.0	0.0
0.0	1.0
-1.087882310457644e-06	0.0
0.0	1.0
0.0	1.0
-0.0021192217245697975	0.052
-0.0009309565648436546	1.0
0.0	0.0375234521575985
-0.00012163967767264694	1.0
0.0	0.0
0.0	1.0
-0.022698616608977318	0.0
-0.048577141016721725	0.0
0.0	1.0
0.0	1.0
-0.00026772214914672077	1.0
0.0	1.0
-0.0006415146053768694	1.0
-0.00038993378984741867	1.0
0.0	1.0
0.0	0.0
0.0	1.0
-4.346347486716695e-05	1.0
0.0	1.0
-0.00014970946358516812	0.0
0.0	0.0
-0.0009357758099213243	0.0
-2.0213999505358515e-06	1.0
-0.00034217466600239277	1.0
0.0	1.0
0.0	1.0
0.0	0.0
-0.003420640015974641	0.0010427528675703858
0.0	0.0
0.0	0.04104104104104104
0.0	0.034482758620689655
-0.0010315206600353122	0.0
0.0	1.0
-2.7212676556587212e-08	1.0
-2.7035239327233285e-05	1.0
-0.00022439582971855998	0.0070140280561122245
-2.207240686402656e-05	0.0070140280561122245
-0.011561557650566101	0.0
-1.2857026554513595e-10	1.0
0.0	0.0
0.0	0.031031031031031032
0.0	0.0
0.0	0.0
0.0	0.0010319917440660474
-0.0008100896957330406	0.031031031031031032
0.0	1.0
0.0	0.0
-3.4292142042646745e-11	0.0010030090270812437
0.0	1.0
0.0	0.001006036217303823
-8.193916437448934e-05	0.006
-7.88316028774716e-05	0.006
0.0	1.0
0.0	0.003
0.0	0.0030581039755351682
0.0	0.96
0.0	0.0
0.0	1.0
-0.00015349792374763638	0.017
0.0	0.0
-1.294389591066647e-07	1.0
-1.7937966276804218e-06	0.02
-0.0015910265501588583	0.0
0.0	0.0
0.0	1.0
0.0	0.008333333333333333
-3.83141050406266e-05	1.0
-1.686637733655516e-05	1.0
-3.2715962561269407e-07	1.0
-0.002217088360339403	0.0
-1.5534524209215306e-05	0.0
-4.787317209320463e-08	1.0
0.0	1.0
0.0	1.0
0.0	1.0
-1.5291162753783283e-06	0.0010559662090813093
0.0	0.0
0.0	0.4904904904904905
0.0	0.0010649627263045794
-9.88131091617106e-07	1.0
-0.001393600832670927	1.0
-3.792234082311552e-08	1.0
0.0	0.0
-2.065069929813035e-05	1.0
0.0	1.0
-1.6452726470106427e-07	0.0
0.0	1.0
-0.0024708157870918512	0.0
0.0	1.0
0.0	1.0
-0.00013330709771253169	1.0
0.0	1.0
0.0	0.0010152284263959391
-0.0017628183122724295	1.0
0.0	1.0
0.0	0.0
0.0	0.5825825825825826
0.0	1.0
-5.403072282206267e-05	0.06766917293233082
0.0	1.0
-1.1915170716747525e-06	1.0
-0.0002860229869838804	0.04483837330552659
0.0	0.046789989118607184
0.0	1.0
0.0	0.0010449320794148381
-0.0012059224536642432	0.0
-0.00920105166733265	0.0
0.0	1.0
0.0	0.0
-1.853521098382771e-05	0.02171664943123061
-3.140969965897966e-06	0.022892819979188347
0.0	1.0
0.0	0.0
-1.0775316638955701e-08	0.010471204188481676
0.0	1.0
-6.734274938935414e-05	0.0
0.0	1.0
-0.001182963838800788	0.041666666666666664
-0.000860881875269115	1.0
0.0	1.0
0.0	1.0
0.0	1.0
-0.006620857398957014	0.0
-2.1905808011979389e-07	0.0
0.0	1.0
0.0	0.0
0.0	1.0
-0.0034801028668880463	0.001
0.0	0.0
-1.490861301078894e-08	1.0
0.0	1.0
-1.4327604731079191e-05	1.0
0.0	1.0
-2.950817724922672e-05	0.0
0.0	1.0
-0.0006514598499052227	1.0
0.0	1.0
0.0	1.0
0.0	1.0
0.0	1.0
-6.904226523829493e-08	1.0
0.0	1.0
-0.040997304022312164	0.0
0.0	1.0
-6.865830800961703e-05	1.0
-0.00013816397404298186	1.0
-7.090870894899126e-07	0.003003003003003003
-0.0012942602625116706	0.001001001001001001
0.0	0.0
0.0	0.003003003003003003
0.0	0.0
-9.53174037476856e-07	0.0
0.0	1.0
0.0	1.0
0.0	1.0
-3.695009509701719e-17	1.0
0.0	0.0
0.0	0.20249221183800623
-8.378661320307401e-09	0.08333333333333333
0.0	1.0
-4.36472546425648e-05	1.0
-0.010209161788225174	0.0
0.0	1.0
0.0	1.0
0.0	1.0
0.0	0.0
0.0	0.0
-6.855122025584137e-11	1.0
-0.0015047135530039668	1.0
0.0	0.0
-0.0004034928570035845	1.0
0.0	1.0
0.0	0.0
-8.86271777744696e-07	0.0
0.0	0.001876172607879925
0.0	0.0
0.0	1.0
0.0	1.0
-0.00045693261199630797	1.0
0.0	0.0
-9.15319615160115e-05	1.0
0.0	0.0
-7.798328442731872e-05	0.0
0.0	0.0
0.0	1.0
0.0	1.0
-0.005058905575424433	1.0
0.0	1.0
0.0	1.0
0.0	1.0
0.0	1.0
0.0	1.0
0.0	1.0
0.0	1.0
0.0	1.0
0.0	1.0
0.0	0.0
-0.002142989309504628	0.03203203203203203
-0.0025200555101037025	1.0
0.0	0.0
0.0	1.0
-0.00027883084840141237	1.0
-4.07695333706215e-05	1.0
-2.045194833044661e-06	0.0
-0.005923089105635881	0.0
0.0	1.0
-0.0007090858998708427	1.0
0.0	1.0
0.0	0.0
0.0	0.0
-0.0006282776012085378	0.053
0.0	0.053
-1.747211285874073e-06	1.0
0.0	1.0
0.0	1.0
0.0	1.0
0.0	1.0
0.0	1.0
-2.3303789930650964e-05	0.0
0.0	0.0
0.0	1.0
-9.448582568438724e-05	0.0
0.0	1.0
-0.0007831041584722698	1.0
0.0	0.001002004008016032
-0.00016340686124749482	0.001002004008016032
0.0	0.001002004008016032
-0.0011169631034135818	0.002002002002002002
0.0	1.0
0.0	1.0
-0.00029242862365208566	0.001
0.0	0.0
0.0	1.0
0.0	0.0
0.0	0.0
0.0	0.0
0.0	1.0
0.0	0.18698347107438015
0.0	1.0
0.0	1.0
0.0	1.0
0.0	1.0
-2.879338101280382e-09	1.0
0.0	1.0
-0.0007990532321855426	0.0321285140562249
0.0	0.0
0.0	1.0
-4.983972303307382e-06	0.0
-1.8789089208104404e-12	1.0
0.0	1.0
0.0	1.0
-0.0022564330138266087	0.0
-8.474753485643305e-07	1.0
0.0	1.0
-7.606722474129413e-10	0.0
0.0	0.0
0.0	1.0
-0.0003165483067277819	1.0
0.0	1.0
0.0	1.0
0.0	1.0
-0.00012146717199357226	0.0
0.0	1.0
0.0	1.0
-0.0026329539250582457	0.0
-0.0008571147336624563	1.0
-0.0005081227282062173	0.002
-0.0002482187992427498	0.001
