-2.422748366370797e-06	1.0
-5.375200284873927e-10	0.0
-0.0004468879196792841	1.0
0.0	1.0
0.0	0.043
0.0	1.0
0.0	1.0
-0.006156726274639368	0.0
-0.023237282410264015	0.0
-0.00048617631546221673	0.0
-5.1433843850645644e-08	1.0
-0.0020111636258661747	0.0
-0.005700578913092613	0.054
0.0	0.0
-4.402919512358494e-05	1.0
0.0	0.0
0.0	1.0
0.0	0.0
0.0	0.002
-7.326365221160813e-07	0.0
-0.00013590962043963373	1.0
-1.2618239452422131e-05	1.0
0.0	0.0
-0.02958798035979271	0.0
-2.1537149223149754e-05	1.0
0.0	0.0
0.0	1.0
0.0	0.0
-7.387650839518756e-05	0.0
0.0	0.0
-0.0010697877733036876	1.0
0.0	0.008
0.0	0.008
0.0	1.0
0.0	1.0
-7.832762094039936e-06	1.0
-0.0009095153072848916	1.0
0.0	1.0
0.0	1.0
-7.208467286545783e-05	1.0
-0.00014683885092381388	1.0
-0.017830511555075645	0.0
0.0	1.0
0.0	1.0
0.0	0.020935960591133004
0.0	0.0
0.0	0.042726347914547304
0.0	0.0
0.0	1.0
0.0	1.0
-0.0031517331954091787	0.0
-0.0007882427307777107	1.0
0.0	0.0
0.0	1.0
0.0	0.0
0.0	0.0
0.0	1.0
0.0	1.0
-0.00022011419059708714	0.014
0.0	1.0
-6.86957400830579e-06	1.0
0.0	1.0
0.0	1.0
0.0	1.0
0.0	0.0
0.0	1.0
0.0	1.0
0.0	0.0
-9.609518747311085e-05	0.0
-4.7589232110567536e-08	0.0
0.0	1.0
-0.00130063749384135	1.0
0.0	0.0
-1.3416870696045247e-12	1.0
-0.002002154244109988	1.0
-4.499125680013094e-06	1.0
-9.717922512209043e-05	1.0
0.0	0.19369369369369369
0.0	0.0
-1.34069080104382e-06	0.4538152610441767
0.0	0.0
-3.631480694821221e-06	1.0
0.0	1.0
0.0	1.0
0.0	0.0
-6.256295364437392e-06	1.0
-4.72744022747551e-12	0.983
0.0	1.0
-0.00024081581796053797	0.2222222222222222
0.0	0.3103103103103103
0.0	1.0
-3.943682531826198e-05	1.0
-0.00038272165693342686	1.0
0.0	1.0
-1.8167597772844601e-06	0.03884711779448621
0.0	1.0
0.0	0.16885964912280702
-0.007635035552084446	1.0
0.0	0.0
0.0	1.0
-0.0008402708917856216	0.08458244111349036
-0.0004667444445658475	1.0
0.0	0.0
0.0	0.066
0.0	1.0
-2.8875701829633726e-09	1.0
-1.9966040781582706e-05	1.0
0.0	0.0
0.0	0.0
-0.0005166638293303549	1.0
0.0	1.0
-1.097804329219798e-06	1.0
0.0	1.0
0.0	0.021413276231263382
-0.001090801553800702	0.07021276595744681
0.0	1.0
0.0	1.0
0.0	0.0
0.0	0.0
0.0	1.0
0.0	1.0
0.0	1.0
-1.6246639589212464e-08	0.0
0.0	1.0
-1.5568847402391839e-06	0.0
0.0	0.0
-0.0003422115696594119	1.0
0.0	1.0
0.0	1.0
0.0	0.0
0.0	1.0
-2.046635638741634e-10	1.0
-0.015016046352684498	0.0
0.0	0.0
0.0	0.15115115115115116
-0.00010740573634393513	1.0
-0.00015571064432151616	0.0
-1.963009162864182e-05	1.0
-3.925880264432635e-06	1.0
-1.988956228160532e-06	1.0
0.0	1.0
-0.0011573557276278734	0.0010582010582010583
0.0	1.0
-0.0001046805627993308	1.0
0.0	1.0
0.0	1.0
0.0	0.0
0.0	1.0
0.0	0.0
-0.0029613550286740065	0.0
0.0	1.0
-6.3433494013054315e-09	0.0
0.0	0.0
-5.5765354773029685e-05	1.0
-0.0023659844882786274	0.0
-8.164805331034586e-05	1.0
-1.3524305286782834e-10	1.0
0.0	1.0
0.0	1.0
-0.0005727761308662593	1.0
0.0	1.0
-1.8066940299377166e-07	1.0
-3.805533197009936e-05	0.0
0.0	1.0
-9.293005476251892e-09	0.19894179894179895
-0.0007281199214048684	0.05670103092783505
-0.00013802829198539257	1.0
0.0	0.0
0.0	1.0
-0.0013383713085204363	0.0
0.0	0.0021551724137931034
0.0	1.0
-0.0006516583962365985	1.0
-0.00021381168335210532	0.0
0.0	1.0
-1.3915798717789585e-06	0.0
-9.985592214212247e-11	1.0
-0.01747361198067665	0.0
0.0	0.983
-5.116006377647864e-06	1.0
0.0	1.0
-0.0009002939332276583	0.0
0.0	0.0
0.0	0.1417910447761194
-2.3002121452009305e-05	1.0
0.0	1.0
0.0	1.0
0.0	1.0
-0.0004232544742990285	0.0
0.0	1.0
-3.3678755784194436e-08	1.0
0.0	1.0
0.0	1.0
-0.0013785769697278738	0.0
-1.134193007601425e-05	0.0
0.0	1.0
0.0	0.0
0.0	1.0
0.0	1.0
-5.856730058440007e-05	1.0
0.0	1.0
0.0	0.10515021459227468
-0.000940631318371743	0.10183066361556065
-0.00017186524928547442	1.0
-1.9090608475380577e-05	1.0
-4.3929589992330875e-06	1.0
0.0	0.0
0.0	1.0
0.0	1.0
0.0	0.43648960739030024
0.0	0.022508038585209004
0.0	0.0
0.0	1.0
-1.8348977892657103e-10	1.0
-8.116764365695417e-05	1.0
0.0	1.0
0.0	1.0
0.0	1.0
-2.5464167265454307e-05	0.0
0.0	0.0
0.0	1.0
-0.003258651588112116	1.0
-4.332273562113187e-08	1.0
0.0	1.0
-0.00017344158550258726	1.0
0.0	0.01685985247629083
-1.1426520813984098e-06	1.0
-0.0059574865736067295	1.0
0.0	0.0
0.0	1.0
0.0	1.0
0.0	1.0
0.0	1.0
0.0	0.0
-0.00015756997163407505	1.0
-0.00020117874373681843	0.0
-0.006115302909165621	0.0
-0.0001412788697052747	1.0
0.0	1.0
0.0	1.0
-0.0003663320094347	0.0
0.0	1.0
0.0	1.0
0.0	0.0
0.0	1.0
0.0	1.0
0.0	0.0
-0.00016395424609072506	0.0
0.0	1.0
0.0	0.0
0.0	0.0
0.0	0.0
0.0	0.0
0.0	1.0
-0.00012390196206979454	1.0
-0.002425696002319455	0.0
-0.0009117998997680843	0.0
0.0	0.983
-0.00022361407172866166	0.0
0.0	1.0
-3.967802530979725e-09	0.0
0.0	1.0
0.0	1.0
0.0	0.0
0.0	1.0
0.0	0.0
0.0	1.0
0.0	1.0
0.0	1.0
0.0	1.0
-0.01529044657945633	0.0
0.0	1.0
0.0	1.0
0.0	1.0
0.0	0.12947658402203857
0.0	1.0
0.0	1.0
0.0	0.0
0.0	1.0
-5.0385642680339515e-06	1.0
0.0	1.0
0.0	1.0
0.0	0.017
0.0	0.0
-7.710474392297328e-07	1.0
0.0	1.0
0.0	1.0
0.0	1.0
0.0	1.0
-0.006759773939847946	0.0
0.0	0.0
0.0	1.0
-2.686429252207745e-05	1.0
-0.0007551920716650784	1.0
0.0	1.0
0.0	1.0
0.0	1.0
-0.00011592156806727871	1.0
0.0	0.0
0.0	1.0
0.0	0.0
-2.1347042921315493e-15	0.0
0.0	1.0
0.0	1.0
-0.00261426018550992	0.0615539858728557
0.0	1.0
-6.4080109041242395e-06	0.04819277108433735
-0.007556944619864225	0.0
0.0	0.0
0.0	0.04819277108433735
0.0	0.0486815415821501
0.0	1.0
0.0	1.0
0.0	1.0
-5.963980242995603e-08	0.002333722287047841
0.0	1.0
-4.992137259129947e-10	1.0
0.0	1.0
0.0	0.0
-2.4564441147845173e-08	1.0
-0.012351072393357754	0.0
-0.0018942992901429534	0.0
0.0	1.0
0.0	1.0
0.0	1.0
0.0	1.0
-3.5329893307775584e-13	0.0
0.0	0.0
-9.748819866217673e-05	1.0
0.0	0.06
0.0	1.0
0.0	0.0
0.0	0.0
0.0	0.0
0.0	1.0
0.0	0.0
0.0	1.0
0.0	0.0
0.0	1.0
-4.392962082988561e-08	1.0
-0.000697694718837738	1.0
-0.0011181627633050084	1.0
0.0	0.0
0.0	1.0
-1.5504043403780088e-05	1.0
0.0	1.0
0.0	0.0010050251256281408
-5.407709977589548e-06	1.0
-0.0025101734790951014	0.003015075376884422
-1.1722200952135609e-06	0.003015075376884422
0.0	0.0
0.0	0.005
0.0	0.0
0.0	0.004012036108324975
-0.0007111949962563813	1.0
0.0	0.00676818950930626
0.0	0.0
0.0	1.0
-0.040979329496622086	0.0
0.0	1.0
0.0	0.0
0.0	1.0
-0.005576234310865402	0.0
-4.2425472202012315e-05	0.0
-2.2540638155987835e-07	0.0
0.0	1.0
0.0	0.0
0.0	1.0
-0.015536533668637276	0.0
0.0	1.0
-0.00015973190602380782	1.0
0.0	0.0
0.0	1.0
-0.0005189959774725139	0.099
-2.7446099920780398e-05	1.0
-0.00018437365361023694	1.0
-2.2735680005325776e-08	0.0
0.0	1.0
-1.2894682717423667e-11	0.0
0.0	1.0
0.0	0.0
0.0	1.0
-0.013980486430227757	0.0
0.0	1.0
0.0	0.0
0.0	0.0
0.0	1.0
-0.0019741596188396215	0.0
0.0	1.0
0.0	1.0
0.0	1.0
0.0	0.0320962888665998
0.0	1.0
0.0	0.0
-2.2170615920913406e-05	1.0
0.0	0.008
-0.0003253920003771782	1.0
0.0	0.0
-0.0003350007755216211	0.0
-1.6582100670348154e-06	1.0
0.0	1.0
-9.393302752869204e-05	1.0
0.0	0.0
0.0	0.523
-0.006088480819016695	0.0
0.0	0.0
0.0	0.027253668763102725
-0.00042005159775726497	0.0
0.0	0.027253668763102725
-3.5705417644749105e-07	0.0
0.0	1.0
0.0	1.0
0.0	1.0
-0.0002752199361566454	0.018018018018018018
-5.514071381185204e-05	0.0
0.0	0.017258883248730966
0.0	1.0
0.0	1.0
0.0	1.0
-2.819678002197179e-06	1.0
0.0	1.0
-0.0002042492269538343	0.011
-0.0007474238518625498	0.0
0.0	1.0
0.0	1.0
0.0	0.0
-3.9422211557393894e-05	0.0
0.0	1.0
0.0	1.0
0.0	0.0
-0.00155298737809062	0.0
0.0	1.0
-0.0001895388850243762	1.0
0.0	1.0
0.0	1.0
-0.007701588328927755	0.0
0.0	1.0
0.0	1.0
0.0	0.063
0.0	1.0
-0.00015943622565828264	0.0
-0.0006710481247864664	0.8586118251928021
0.0	1.0
-0.0010329005308449268	1.0
0.0	1.0
0.0	1.0
-1.353410607407568e-05	0.0
0.0	0.0
0.0	0.0
-0.00012835222878493369	0.12321792260692464
-5.62705054107937e-07	0.0
0.0	0.0
-3.1974770990927937e-06	0.1373873873873874
0.0	1.0
-5.273178612696938e-05	1.0
0.0	0.007963594994311717
0.0	1.0
0.0	1.0
-0.0002054528013104573	1.0
0.0	1.0
0.0	1.0
0.0	1.0
0.0	1.0
0.0	0.0
-0.00022747550974600017	1.0
0.0	0.0
0.0	1.0
-1.4801799807173666e-05	1.0
-0.00027928920462727547	0.09509509509509509
0.0	1.0
-6.294164631981403e-05	0.0
-3.0531596695304586e-10	1.0
0.0	1.0
0.0	0.0
-0.001920789247378707	1.0
0.0	1.0
0.0	1.0
0.0	0.03483606557377049
0.0	0.0
-1.4083562746236566e-05	0.0
-2.8407956051523797e-05	0.0019120458891013384
0.0	1.0
0.0	0.0
-6.231322913663462e-05	1.0
-1.495955359587242e-08	1.0
0.0	1.0
0.0	1.0
0.0	1.0
0.0	1.0
-8.045948197832331e-05	1.0
0.0	0.0
0.0	1.0
-5.80849482503254e-05	1.0
0.0	0.0
-0.00036387130967341363	1.0
0.0	1.0
-1.5326287439165753e-06	1.0
0.0	1.0
-1.1818245866379584e-06	1.0
0.0	0.3633633633633634
-3.307459337520413e-06	0.3633633633633634
0.0	1.0
-0.001192802912555635	1.0
-0.0004935752367600799	1.0
-0.0005723607027903199	0.0
0.0	1.0
0.0	0.0
0.0	1.0
0.0	1.0
0.0	1.0
-0.00022663046547677368	0.0
-6.348070746753365e-05	1.0
-2.9602664763928033e-09	1.0
0.0	0.0
0.0	0.015527950310559006
-8.590036304667592e-05	0.0
0.0	1.0
-7.340568572544726e-06	0.0
0.0	0.0
0.0	1.0
-2.096165917464532e-05	0.0
0.0	1.0
0.0	1.0
0.0	1.0
0.0	1.0
-1.0720310861245252e-08	1.0
0.0	1.0
0.0	0.074
0.0	1.0
-1.3649115260250255e-07	0.0
-1.0703287892490157e-14	0.0
0.0	1.0
0.0	1.0
0.0	1.0
0.0	1.0
-0.00017010584997478873	1.0
-1.5869355820541386e-06	1.0
-2.7662525099003688e-05	0.0
-0.0011537086684256792	0.0
-0.0004329567891545594	0.0
-0.004073797259479761	1.0
-0.0005503721185959876	0.0
0.0	1.0
0.0	0.0
-1.1592651389946695e-05	1.0
-5.437037486899499e-09	1.0
0.0	1.0
0.0	0.0
-1.1123434887849726e-05	0.0
0.0	0.0076481835564053535
0.0	0.0
-4.910026163429393e-09	0.0
0.0	1.0
-0.0010944550158455968	0.0
0.0	0.0
-0.00016636820510029793	1.0
0.0	0.0
0.0	1.0
-1.7287591447257e-07	1.0
-7.286076879609027e-07	1.0
-0.0020967808086425066	1.0
-1.3225600014266092e-05	1.0
-6.024835238349624e-05	1.0
0.0	0.0
0.0	1.0
-0.0006356415688060224	1.0
0.0	1.0
0.0	0.0
-8.80504467204446e-06	1.0
0.0	0.393
-1.9928489081166845e-08	0.3997965412004069
0.0	0.3997965412004069
-0.0009126788354478776	0.0
-0.0001556405477458611	1.0
0.0	1.0
0.0	0.0
0.0	1.0
-0.0012053499231114984	0.0
0.0	1.0
-1.8040938130070572e-06	1.0
-1.3605163076135796e-05	0.09771309771309772
0.0	1.0
0.0	0.021
-1.55463354190033e-07	0.154
-2.682004196685739e-05	1.0
-4.766833114899782e-07	0.0
0.0	0.0
-0.00019431186956353486	0.03
-0.0001012790307868272	0.03
0.0	0.0
