-0.0006846196483820677	0.0
0.0	1.0
0.0	0.0
0.0	1.0
0.0	0.705
0.0	1.0
0.0	1.0
-6.158817086543422e-06	1.0
-0.0004994621267542243	0.0
0.0	0.326
-0.015061547979712486	0.04403409090909091
-0.0005957262474112213	1.0
-0.0010070940479636192	0.0
0.0	1.0
-0.0006762289558537304	0.0
0.0	0.21915820029027577
0.0	1.0
0.0	1.0
0.0	1.0
0.0	0.0
0.0	1.0
-1.8994822312379256e-05	0.0
0.0	1.0
0.0	1.0
0.0	1.0
0.0	0.0
-2.679322960830177e-06	1.0
0.0	1.0
-4.7769597586011514e-05	0.0
-0.0005946317105554044	0.0
-0.0002444055862724781	0.0
-5.482134497469815e-07	0.0
0.0	1.0
0.0	1.0
-1.1987714287897688e-06	0.023890784982935155
0.0	1.0
0.0	0.0
-0.00018492995877750218	1.0
-0.04796586558222771	0.0
-4.0867031980695856e-10	1.0
-0.003039555624127388	0.0
0.0	1.0
-1.3228229533979174e-07	0.023153252480705624
-0.002395329996943474	0.0011025358324145535
-2.478267560945824e-06	0.0
0.0	1.0
0.0	1.0
-1.989529118873179e-05	0.0
0.0	0.01276595744680851
-0.0007774482946842909	0.021739130434782608
0.0	1.0
0.0	0.0
-3.06223810184747e-05	1.0
0.0	1.0
-1.221621772629078e-07	1.0
0.0	1.0
0.0	1.0
-8.824126496165263e-08	0.0
-0.00024065302568487823	1.0
-1.8594366792967776e-06	0.0
-0.004229194484651089	0.014802631578947368
-0.00037468422669917345	1.0
0.0	1.0
0.0	1.0
-0.06533931195735931	0.0
-0.0006733526824973524	1.0
-0.008945813402533531	0.0
0.0	0.0
0.0	0.0
0.0	1.0
0.0	1.0
0.0	1.0
0.0	1.0
0.0	1.0
0.0	1.0
0.0	0.4294032023289665
0.0	1.0
0.0	1.0
0.0	1.0
0.0	1.0
-1.1936426069780737e-08	0.0
-0.0009719283552840352	0.0
-1.2936285820330795e-08	1.0
0.0	1.0
-1.06883035186911e-05	1.0
0.0	1.0
0.0	0.03826530612244898
0.0	1.0
0.0	1.0
0.0	1.0
-0.00022857560543343425	0.0017094017094017094
-0.0009044917533174157	1.0
-1.2717612740686945e-08	1.0
-7.051220745779574e-05	0.0
0.0	1.0
-2.1217896573944017e-05	0.0
-7.96187931122877e-13	1.0
0.0	1.0
-2.1049542664464127e-10	1.0
0.0	1.0
0.0	1.0
-3.974964801756187e-09	1.0
-1.7808689563025837e-06	1.0
0.0	0.07908163265306123
0.0	0.0
0.0	0.0
0.0	0.003289473684210526
-2.4504002794856206e-05	0.0
0.0	0.5148026315789473
-0.00030397961381822824	0.0
-5.132837710419835e-09	1.0
0.0	0.0
0.0	1.0
0.0	0.0
0.0	1.0
0.0	0.0
-0.0010330660734325647	1.0
-9.428845078218728e-05	1.0
0.0	0.0
-1.0185125312589527e-11	0.0
0.0	0.0
0.0	0.03389830508474576
0.0	0.48519736842105265
-1.5448116755578667e-05	1.0
-0.0027184966020286083	0.48519736842105265
0.0	0.41020408163265304
0.0	1.0
-5.418247610577964e-07	0.033444816053511704
-7.480639396817423e-06	0.0
0.0	1.0
-0.0012811063788831234	1.0
-0.017191458493471146	0.03636363636363636
0.0	0.0
0.0	1.0
0.0	0.0
-1.045986891767825e-06	1.0
0.0	0.0
0.0	1.0
0.0	1.0
0.0	0.06779661016949153
0.0	0.0
0.0	1.0
0.0	1.0
-7.264313171617687e-05	1.0
-0.002191658830270171	0.0
0.0	1.0
-1.2108372402508394e-06	0.0
0.0	0.0
0.0	1.0
0.0	0.0
0.0	1.0
0.0	0.0
-2.8032825412083184e-06	1.0
-7.910035492386669e-06	0.009584664536741214
0.0	0.0
-4.187528611510061e-05	0.0
-0.000478049652883783	1.0
-7.91547354310751e-05	1.0
-2.844719902347914e-12	1.0
0.0	1.0
0.0	0.0
0.0	1.0
0.0	1.0
0.0	0.0
-3.5700827538676094e-06	1.0
0.0	0.0194672131147541
-2.6651345574890684e-09	0.47092198581560285
0.0	0.47092198581560285
0.0	0.0
0.0	0.0
-2.431794428048306e-07	0.0
0.0	0.0
0.0	0.313
0.0	0.315
0.0	0.0
0.0	1.0
0.0	1.0
-0.005646483972668648	0.0
0.0	1.0
-2.7106480047223158e-05	0.0
-1.5996645743143745e-05	1.0
0.0	1.0
0.0	0.0
0.0	0.0
0.0	1.0
0.0	1.0
0.0	1.0
0.0	1.0
-0.001912166946567595	0.0
0.0	1.0
0.0	0.0
-0.0010019688634201884	0.0
-0.0003056797431781888	1.0
0.0	1.0
-4.03674494009465e-05	1.0
0.0	0.0
0.0	0.0
-0.00011904830171260983	0.0
-0.0003429667267482728	1.0
0.0	0.060240963855421686
0.0	0.010256410256410256
-0.004100713413208723	0.0
-5.6816697906469926e-05	1.0
0.0	1.0
0.0	0.1762820512820513
-0.0001093538521672599	0.0
0.0	1.0
0.0	1.0
-0.00032301689498126507	0.011011011011011011
0.0	1.0
0.0	1.0
-0.006585393100976944	0.0
-5.651955507346429e-05	0.003389830508474576
0.0	1.0
0.0	0.0
0.0	1.0
-9.654974597594901e-09	0.0
0.0	1.0
-0.0009184980299323797	0.0
-0.0018747629364952445	1.0
0.0	1.0
0.0	1.0
-2.7211226552026346e-06	0.0
-8.65730908117257e-06	1.0
-0.00015020764840301126	0.0
0.0	1.0
0.0	1.0
0.0	0.0
0.0	0.0
0.0	1.0
0.0	1.0
0.0	1.0
0.0	1.0
-0.0013508312404155731	0.0
0.0	1.0
0.0	1.0
0.0	0.0
0.0	1.0
0.0	0.0
0.0	0.0
-2.4022062916628784e-06	1.0
0.0	0.09090909090909091
0.0	1.0
-7.855953299440444e-05	1.0
0.0	1.0
-0.00044970709132030606	1.0
0.0	1.0
0.0	1.0
0.0	1.0
-0.000983838690444827	0.0
0.0	1.0
0.0	0.0
0.0	0.0
-0.0035696220584213734	1.0
0.0	1.0
-9.404611046193168e-05	1.0
-0.0006330220494419336	0.0
0.0	1.0
-5.37897358299233e-05	1.0
-0.006308301817625761	0.0
0.0	1.0
0.0	0.49226804123711343
0.0	1.0
0.0	0.0
0.0	1.0
0.0	1.0
0.0	1.0
0.0	1.0
-0.00026510603493079543	0.08135593220338982
-6.754060450475663e-05	1.0
0.0	1.0
-4.075829007632592e-09	1.0
0.0	1.0
0.0	1.0
0.0	1.0
0.0	1.0
-0.0048692370764911175	0.0
-0.022932861000299454	0.0
-3.475053017609753e-05	1.0
0.0	1.0
-0.0004576003993861377	0.0
-0.0014151398791000247	1.0
0.0	0.0
-0.0011587814660742879	0.0
-2.7592443530011224e-06	1.0
0.0	0.0
0.0	1.0
0.0	1.0
0.0	1.0
0.0	0.0
-7.522084615629865e-06	1.0
-6.29546104136125e-09	1.0
-0.0027402446139603853	0.0
0.0	0.0
-0.056373681873083115	0.0
-0.0003967724333051592	1.0
-0.0019434314453974366	0.0
-0.0014973124489188194	0.0
0.0	0.0
-0.0003535386349540204	1.0
-3.5289505717628344e-07	1.0
0.0	1.0
-4.855111157553438e-08	0.019536019536019536
0.0	1.0
0.0	1.0
-0.003001291071996093	0.13377926421404682
-0.0028105643577873707	0.05805515239477504
0.0	0.051118210862619806
0.0	0.0
-0.00016733878874219954	1.0
0.0	1.0
0.0	0.0
0.0	0.0
0.0	0.012755102040816327
0.0	0.5672937771345875
-0.012359106913208961	0.0
0.0	1.0
0.0	0.0
0.0	1.0
0.0	1.0
-2.220877377112629e-06	1.0
0.0	1.0
0.0	1.0
-0.00027032947400584817	0.0
0.0	1.0
0.0	1.0
0.0	1.0
0.0	1.0
0.0	1.0
0.0	1.0
0.0	1.0
0.0	1.0
-7.359610754065216e-05	1.0
-3.7853848056101924e-08	1.0
0.0	0.0
-6.829094147814407e-12	0.0
-0.0002816272317431867	1.0
0.0	1.0
0.0	0.0
0.0	0.0
0.0	1.0
0.0	0.0
-0.03584122285246849	0.0
0.0	0.0
-0.0027764667756855488	0.0
-0.0007936512120068073	0.0
0.0	1.0
0.0	1.0
0.0	1.0
-0.002901216270402074	0.0
0.0	0.25084745762711863
0.0	0.07422266800401203
-1.543288271932397e-05	0.0
0.0	0.0
0.0	1.0
0.0	1.0
0.0	1.0
-1.237453065364158e-12	1.0
-0.0003753395867533982	1.0
-4.6212750021368265e-05	1.0
-0.0009315350907854736	1.0
0.0	1.0
0.0	0.0
0.0	0.0
0.0	0.003194888178913738
0.0	1.0
0.0	0.0
0.0	0.0
0.0	0.0
-6.571941639776924e-07	0.0
0.0	1.0
0.0	1.0
-6.296858191490173e-05	1.0
-0.002438066992908716	1.0
-0.00039289440610446036	1.0
0.0	1.0
0.0	1.0
0.0	0.0
0.0	1.0
-2.781658849926316e-06	1.0
0.0	0.02875399361022364
-7.376898736310977e-08	0.0
-6.254553682083497e-06	1.0
0.0	1.0
-3.277913128840737e-05	1.0
0.0	0.4294032023289665
0.0	1.0
-7.942486263345927e-05	0.0
0.0	1.0
0.0	1.0
-0.0012095640413463116	0.0
0.0	1.0
0.0	1.0
-0.0007209610193967819	0.5560283687943263
-0.026695741340517998	0.0
-6.949012004042743e-06	1.0
-0.002145269885659218	0.0
0.0	1.0
0.0	0.0
-0.0007152300677262247	0.0
0.0	1.0
0.0	0.0
-9.903915270115249e-06	1.0
0.0	1.0
0.0	1.0
-4.968865596310934e-06	1.0
-0.0005096200038678944	1.0
-0.004721357487142086	0.0
-1.867088172957665e-07	1.0
-1.885866129924807e-09	0.0
0.0	1.0
0.0	0.001
-1.3527767350751674e-06	1.0
0.0	0.083
0.0	1.0
0.0	0.0
0.0	0.5560283687943263
-6.788046391648095e-08	0.48519736842105265
0.0	1.0
0.0	1.0
0.0	0.0
-3.3176761462527793e-06	1.0
-6.146258328953991e-06	0.0
0.0	1.0
0.0	1.0
0.0	1.0
0.0	0.007653061224489796
-0.006906225346028805	0.007653061224489796
0.0	0.48135593220338985
-0.0013003054773434997	0.0
0.0	0.0
0.0	1.0
0.0	0.5148026315789473
0.0	0.0
0.0	1.0
0.0	1.0
-0.00011129816994071007	1.0
-0.009862510487437248	0.0
0.0	0.0
0.0	0.0
-0.006211691070348024	0.0
-6.723276601405814e-05	1.0
0.0	1.0
0.0	1.0
-0.00031195604242384434	1.0
0.0	1.0
-0.006269050296396017	0.0
0.0	0.46325878594249204
-0.0005327215767465532	0.0
0.0	1.0
-0.0015492916572839022	0.01694915254237288
0.0	1.0
-8.689992682775483e-06	1.0
-0.0019542647060006857	0.0
-3.6361058164402493e-07	0.0
0.0	1.0
0.0	0.007042253521126761
0.0	0.0
0.0	0.0
0.0	0.0
-9.066512575373054e-05	1.0
0.0	1.0
-1.5318538544306648e-06	0.07948717948717948
0.0	1.0
-0.0014351943973451853	1.0
0.0	1.0
-2.693598389669205e-06	1.0
-8.088686058727035e-07	0.17288135593220338
0.0	1.0
-0.001809772220440209	1.0
-0.004535480868071318	0.0
-0.010630625300109386	0.0
-0.0002568644122220576	0.0
0.0	1.0
0.0	0.025830258302583026
0.0	1.0
0.0	1.0
0.0	0.0
-0.0003853032540064305	0.025830258302583026
-2.518961628084071e-05	0.08333333333333333
-0.0312676839530468	0.0
0.0	0.0
0.0	0.08135593220338982
-0.00020066602155566216	0.0
-2.2478239714018855e-08	0.0
0.0	1.0
0.0	0.0
-0.00043821948929689825	0.5705967976710334
0.0	0.5705967976710334
0.0	1.0
-5.0630891479386264e-08	0.5705967976710334
0.0	0.0
-0.000860540138091892	1.0
0.0	1.0
0.0	0.0
0.0	0.0
0.0	1.0
0.0	0.25878594249201275
0.0	1.0
-3.0306153348647058e-05	1.0
0.0	0.5148026315789473
0.0	1.0
0.0	0.0
-1.93635823961813e-05	0.0
0.0	1.0
0.0	1.0
0.0	0.48519736842105265
0.0	1.0
0.0	0.0
0.0	0.0
0.0	1.0
0.0	0.0
0.0	0.0
-0.00643036188557744	0.0
0.0	0.0
-0.0159408338367939	0.0
-1.3067691497781198e-06	1.0
-0.0005530386115424335	1.0
0.0	1.0
-3.803482104558498e-05	0.7270408163265306
0.0	1.0
0.0	1.0
0.0	0.0
0.0	0.0
-9.410782695340458e-06	0.0
-0.0019311958458274603	0.0
-0.003847165033221245	0.0
0.0	0.0025575447570332483
-0.0005732332938350737	1.0
0.0	0.0
-4.7598729224773706e-07	0.0014184397163120568
0.0	0.003194888178913738
-0.004847414325922728	0.0014184397163120568
0.0	1.0
-1.5697332855779678e-05	0.0
0.0	1.0
0.0	1.0
0.0	1.0
0.0	0.0
0.0	1.0
0.0	1.0
-1.4491626787460632e-09	1.0
0.0	1.0
0.0	0.0
-2.752290129137691e-06	1.0
0.0	0.0
0.0	0.6925403225806451
-0.00295030465349555	0.0
0.0	0.0
0.0	1.0
0.0	1.0
-0.0005959568661637604	0.0
0.0	1.0
0.0	0.004629629629629629
0.0	0.0
-1.3677926290256437e-05	0.3108974358974359
-7.082358933985233e-05	0.004261363636363636
-9.199553119287884e-08	0.0
-3.628764534369111e-05	0.0
0.0	0.41382765531062127
0.0	0.36830357142857145
0.0	0.1417910447761194
0.0	1.0
0.0	1.0
-0.021410254761576653	0.0
0.0	0.0
0.0	1.0
0.0	1.0
-0.0001470894640078768	0.7728758169934641
-1.8265708945364167e-09	0.5351170568561873
0.0	1.0
0.0	1.0
-0.0008576513500884175	1.0
0.0	1.0
-5.717273597838357e-05	1.0
-0.00043759404798038304	0.0
0.0	1.0
0.0	1.0
0.0	0.0
0.0	1.0
0.0	1.0
-2.9540765922320134e-07	1.0
0.0	1.0
0.0	1.0
0.0	1.0
-2.8599099096027203e-05	1.0
0.0	1.0
0.0	0.0
0.0	1.0
0.0	1.0
0.0	1.0
0.0	0.0
0.0	0.0
0.0	0.0
0.0	0.0
0.0	0.0
0.0	1.0
0.0	1.0
0.0	1.0
0.0	0.0
0.0	1.0
0.0	1.0
-1.1068304047512356e-05	0.0
-5.854030678165145e-05	0.0
0.0	0.0
0.0	0.0
-1.2700060381121148e-07	0.0
0.0	0.0
0.0	0.340958605664488
-0.00010035490413429216	0.0
0.0	1.0
-1.4092565834289417e-05	1.0
0.0	1.0
0.0	1.0
0.0	1.0
-0.0021609219256788492	0.0
-0.018278207629919052	0.0
0.0	1.0
0.0	1.0
-5.003580660911666e-09	0.0
0.0	1.0
0.0	1.0
-5.0361213652649894e-06	1.0
-1.4771293725939633e-13	0.0
0.0	0.0
0.0	1.0
0.0	1.0
-0.0035299283917993307	0.0
-7.673143045394681e-06	0.002861230329041488
-0.0003431626537349075	1.0
0.0	1.0
0.0	0.0
-1.578700539539568e-05	1.0
-1.2047500497214259e-10	0.4016393442622951
-1.6728407548072255e-09	0.0
0.0	1.0
0.0	0.4503582395087001
0.0	0.4503582395087001
-0.0008427444845438004	1.0
0.0	0.491
0.0	0.0
0.0	1.0
0.0	1.0
-2.1182509044592734e-06	0.44
0.0	1.0
0.0	1.0
-1.2498122536896972e-08	1.0
-1.0965158026010613e-07	1.0
-6.384520516433678e-12	1.0
-5.802053692605114e-06	0.0
-0.00013865885557606816	1.0
-0.003849730594083667	0.0
-0.0006677370984107256	1.0
-0.013683565892279148	0.0
0.0	1.0
0.0	1.0
0.0	1.0
0.0	1.0
-8.935242658481002e-05	1.0
0.0	1.0
0.0	1.0
0.0	0.0
0.0	1.0
0.0	0.0
0.0	0.02875399361022364
-0.0008236285066232085	0.0
-5.553557457460556e-06	1.0
-9.991027764044702e-05	0.0711864406779661
0.0	0.0
-7.783740329614375e-06	1.0
-0.009776631370186806	0.0
0.0	1.0
-0.0011010938324034214	0.0
0.0	0.0
0.0	1.0
0.0	0.3153153153153153
0.0	0.0
-0.0004361588798929006	1.0
-2.4098817386075666e-10	0.4897959183673469
0.0	0.4897959183673469
-0.0002219983289251104	1.0
0.0	0.0
0.0	1.0
-0.0006908672512508929	1.0
0.0	1.0
0.0	1.0
-6.519589078379795e-05	1.0
-0.00029818699113093317	1.0
0.0	1.0
-0.001474949880503118	0.04406779661016949
0.0	0.0
0.0	0.0
0.0	0.0
0.0	0.0
