-0.0001780773454811424	0.0
-3.5579065297497436e-05	0.0
0.0	1.0
-8.497878297930583e-05	0.2942477876106195
-0.00014758917677681893	0.0
0.0	1.0
0.0	0.10714285714285714
-0.0008477233350276947	1.0
0.0	1.0
-7.644821380381472e-06	1.0
0.0	1.0
-0.0014846579870209098	1.0
-2.0301089698193664e-09	1.0
-0.00013919055345468223	0.13043478260869565
0.0	0.030800821355236138
0.0	0.0
0.0	1.0
-4.5965439454676016e-08	0.0
-0.00036871025804430246	1.0
0.0	1.0
-3.289310188847594e-05	1.0
0.0	1.0
0.0	1.0
0.0	1.0
0.0	1.0
-1.5870782590354793e-06	0.0
-0.039980754256248474	0.0
0.0	0.0
0.0	1.0
0.0	0.5441527446300716
0.0	0.3492647058823529
0.0	0.0
-0.0006703005055896938	0.3460837887067395
0.0	0.00881057268722467
-5.574062242885702e-07	0.0
0.0	0.0
0.0	1.0
-0.005140736699104309	0.0
-2.2245936634135433e-05	0.0
0.0	1.0
0.0	1.0
0.0	1.0
0.0	1.0
0.0	1.0
-7.823683745300514e-07	1.0
0.0	0.0
0.0	1.0
-6.042056952537678e-07	1.0
0.0	1.0
0.0	1.0
0.0	0.0
-5.782745120086474e-06	1.0
-2.6310010071028955e-05	1.0
0.0	1.0
0.0	1.0
0.0	0.0
0.0	1.0
-1.7874521063276916e-06	1.0
-1.6679952750564553e-05	0.0
0.0	0.45035105315947843
0.0	0.0
0.0	0.0
-3.375597589183599e-05	1.0
0.0	0.449
0.0	0.0
-0.0034006277564913034	0.0
0.0	1.0
0.0	0.0
0.0	0.0
0.0	1.0
0.0	0.0
0.0	0.0
-0.0005006992723792791	1.0
0.0	0.041123370110330994
0.0	0.0
-1.842599317569693e-06	1.0
-0.00037241517566144466	0.0
0.0	1.0
-1.6163645568667562e-06	1.0
-4.636185985873453e-05	0.0
-4.462029608021112e-07	0.0
0.0	0.0
0.0	1.0
0.0	0.0
0.0	0.0
0.0	1.0
0.0	1.0
0.0	0.0
0.0	1.0
-0.005514007061719894	0.0
-0.0002603275643195957	1.0
-0.0009911952074617147	1.0
0.0	1.0
0.0	0.018072289156626505
0.0	0.004073319755600814
-4.079649897903437e-06	1.0
0.0	0.002034587995930824
0.0	1.0
0.0	1.0
-0.0002624618646223098	1.0
-0.018134454265236855	0.0
-0.0001064801836037077	1.0
-0.0055085886269807816	0.6168478260869565
-1.0840401500900043e-06	1.0
0.0	1.0
0.0	0.0
0.0	0.0
-1.4850126336951597e-11	1.0
0.0	1.0
0.0	1.0
-0.0030835967045277357	0.0
0.0	1.0
0.0	0.0
-1.0271281098539475e-05	1.0
-0.0029887903947383165	1.0
0.0	1.0
0.0	1.0
-1.3717843103222549e-05	1.0
-0.0017454694025218487	0.0
-1.068125321523894e-08	0.0
0.0	0.063
-8.881089161150157e-05	1.0
-7.107094006642001e-07	1.0
-0.0004981290549039841	1.0
0.0	0.0
0.0	1.0
-0.010186988860368729	0.0
-0.00040683310362510383	1.0
-4.3434771214379e-05	0.012
0.0	0.012
0.0	1.0
0.0	1.0
-0.011366967111825943	0.005221932114882507
0.0	1.0
0.0	0.0
0.0	0.0
0.0	0.0
0.0	1.0
0.0	1.0
0.0	1.0
0.0	0.0
0.0	0.0
-0.00045772266457788646	0.0
0.0	0.0
-0.00037886350764892995	0.0
0.0	0.0
-0.002244282979518175	0.0
0.0	1.0
-0.00013072906585875899	1.0
0.0	1.0
0.0	1.0
0.0	1.0
0.0	1.0
-2.5828586558418465e-07	0.0
0.0	1.0
0.0	0.0
-0.00036942714359611273	0.16216216216216217
0.0	1.0
-8.354923920705914e-06	0.0
0.0	1.0
-0.00039444013964384794	0.014
0.0	1.0
0.0	0.010080645161290322
-0.0006837190594524145	1.0
-0.005715905223041773	0.0
-0.01718539372086525	0.0
0.0	1.0
0.0	1.0
0.0	1.0
0.0	1.0
0.0	1.0
0.0	0.0
-5.920712169427134e-07	0.734
0.0	0.004405286343612335
0.0	0.0
-7.995727173693012e-07	0.6728395061728395
-2.755496026664306e-13	1.0
0.0	1.0
0.0	1.0
-0.00039755491889081895	1.0
-0.043913744390010834	0.0
-4.10151515097823e-05	0.0
0.0	0.053
0.0	1.0
0.0	1.0
0.0	0.0
0.0	0.0
0.0	1.0
-0.007539650425314903	0.006006006006006006
0.0	0.0
-4.1862531361402944e-05	1.0
-0.0018765939166769385	1.0
-0.00026391595019958913	1.0
0.0	1.0
0.0	0.00404040404040404
0.0	1.0
-2.5052004275494255e-05	1.0
0.0	0.0
-2.0272088452344406e-09	0.0
0.0	1.0
0.0	0.0
-0.0018480464350432158	1.0
-7.864741201046854e-05	1.0
0.0	1.0
0.0	1.0
0.0	1.0
-0.0008909764583222568	1.0
0.0	0.0
0.0	1.0
-4.222467396175489e-06	1.0
-0.00044914352474734187	1.0
0.0	1.0
0.0	1.0
0.0	1.0
-0.000703234865795821	0.0
0.0	1.0
-0.00023235745902638882	0.0
-9.330623811365513e-07	1.0
-0.000518031301908195	1.0
0.0	1.0
-6.20070608192691e-08	1.0
0.0	1.0
0.0	1.0
-0.015849318355321884	0.0
0.0	1.0
0.0	0.0
-0.006852904334664345	0.0
0.0	1.0
-1.522584085478229e-07	0.0
-1.8195920347352512e-05	1.0
-8.045099093578756e-05	1.0
0.0	1.0
0.0	1.0
0.0	0.195
0.0	1.0
-1.4193881725077517e-05	1.0
-0.00019905550288967788	0.0
0.0	1.0
-1.0406023648101836e-05	1.0
0.0	0.0
0.0	0.0031746031746031746
0.0	0.0031746031746031746
-0.00028003976331092417	0.0
-2.1549265511566773e-05	0.0
-2.153922878278536e-06	1.0
0.0	1.0
-6.1536596334516545e-15	0.0
0.0	1.0
-0.0005380755756050348	1.0
-3.1679830954089994e-06	1.0
-0.0006021281587891281	0.0
-1.4290106264525093e-05	1.0
0.0	1.0
-0.005882819648832083	0.011615628299894404
0.0	1.0
0.0	0.0
0.0	0.009
-0.0001995680941035971	1.0
0.0	1.0
0.0	1.0
-0.0003711283497978002	1.0
-0.0005672310362569988	1.0
0.0	1.0
0.0	0.178
0.0	1.0
-5.838579681949341e-07	1.0
-0.00013677387323696166	0.4116945107398568
0.0	1.0
-1.678009721217677e-05	0.015856236786469344
0.0	1.0
-4.373810202906725e-09	1.0
0.0	0.0
0.0	0.460446247464503
0.0	0.02564102564102564
-3.900256229094623e-10	1.0
0.0	1.0
-0.0853639468550682	0.0
0.0	1.0
-0.0013764015166088939	0.01529051987767584
0.0	1.0
0.0	1.0
-0.00019445610814727843	0.0
0.0	0.009137055837563452
-2.33539526561799e-06	0.009137055837563452
0.0	1.0
0.0	0.0
0.0	1.0
0.0	1.0
0.0	1.0
-1.1774217227866757e-06	1.0
-2.8308605237725715e-08	1.0
0.0	1.0
-0.00011092994100181386	0.002
0.0	1.0
-0.0007319248979911208	1.0
0.0	1.0
-0.0004273940285202116	1.0
-2.5574304345354903e-06	1.0
0.0	0.0
-2.185902934354056e-12	0.0
-0.004306889604777098	0.0
0.0	1.0
-3.5441611867526035e-09	1.0
0.0	1.0
0.0	0.0
0.0	1.0
0.0	1.0
0.0	1.0
-0.00029559750691987574	1.0
0.0	1.0
0.0	0.04090909090909091
0.0	0.12448132780082988
-1.4730048860656098e-06	1.0
0.0	0.04332129963898917
-4.9917995056603104e-05	1.0
0.0	0.563338301043219
0.0	1.0
-7.841467595426366e-05	0.0
-7.39251627237536e-05	1.0
-0.0011915332870557904	0.0
0.0	1.0
-0.0004688944900408387	1.0
0.0	1.0
0.0	1.0
0.0	0.0
-1.8286516933585517e-05	1.0
-4.800905117008369e-06	1.0
0.0	1.0
-0.004683020990341902	0.0
-3.198839749529725e-06	1.0
-6.671809416047836e-08	0.0
-1.514084715381614e-06	1.0
0.0	1.0
-0.005567124579101801	0.0
-0.0005108919576741755	0.0
0.0	1.0
0.0	0.0
-0.0043039158917963505	1.0
-1.1344564398996226e-08	1.0
-2.2667309167445637e-06	1.0
-0.0006843552691861987	0.26626626626626626
-0.0017535206861793995	1.0
0.0	1.0
0.0	1.0
0.0	0.0
0.0	0.0
0.0	0.0
-0.0019507440738379955	1.0
-0.0001685235765762627	0.0
0.0	1.0
-0.0018832557834684849	1.0
0.0	0.0
-9.230101568391547e-05	1.0
0.0	1.0
-4.575740273099103e-16	1.0
-0.0001833525748224929	0.0
-0.0001058494090102613	0.39095477386934674
-5.546646661969135e-07	1.0
0.0	0.0
0.0	0.0
0.0	1.0
0.0	1.0
0.0	1.0
0.0	1.0
0.0	0.0
0.0	1.0
0.0	1.0
0.0	0.013
0.0	0.07086614173228346
0.0	0.0
-0.00011200012522749603	1.0
-0.003599707502871752	1.0
0.0	1.0
0.0	1.0
0.0	1.0
-4.684410725985799e-08	1.0
-0.00014846341218799353	1.0
0.0	1.0
0.0	1.0
-0.0016784567851573229	1.0
-0.000523173192050308	1.0
0.0	1.0
-7.668332813182133e-08	0.001001001001001001
0.0	0.0
-5.620865067612613e-06	1.0
0.0	0.0
-0.0024617952294647694	1.0
-1.645772317715455e-05	1.0
-0.0070841447450220585	0.0056179775280898875
0.0	1.0
-1.7092178268285352e-06	0.0
-0.0006536011351272464	0.0
0.0	0.02198952879581152
0.0	1.0
-6.437456249841489e-06	0.0
0.0	1.0
0.0	1.0
0.0	0.0
-6.9476395765377674e-06	0.0
0.0	1.0
0.0	0.0
0.0	0.0
0.0	0.3083832335329341
0.0	1.0
-1.0260093404212967e-05	1.0
-5.532884301828744e-07	1.0
0.0	1.0
-1.1541947486648496e-07	1.0
-3.624542159741395e-07	0.0
-4.573939005325656e-09	1.0
0.0	0.07969151670951156
-0.0017589711351320148	0.0
-0.00014469899178948253	1.0
-1.9526439700712217e-06	0.0
0.0	0.4
-0.00017298136663157493	1.0
0.0	1.0
0.0	0.0
-0.046065714210271835	0.0
0.0	1.0
0.0	1.0
0.0	1.0
0.0	0.0
-2.9057050168757037e-11	1.0
0.0	0.0
0.0	0.0
0.0	1.0
-7.058215487631969e-06	1.0
-0.001048600533977151	1.0
0.0	0.0
-3.1948275136528537e-07	1.0
-0.0007295106770470738	1.0
0.0	0.0
0.0	1.0
0.0	1.0
-3.0202159905456938e-05	0.2370012091898428
0.0	1.0
0.0	1.0
0.0	0.0
-0.0037623357493430376	0.013933547695605574
0.0	1.0
0.0	1.0
-2.883957131416537e-05	1.0
0.0	0.0
0.0	1.0
0.0	1.0
0.0	1.0
-3.852419831673615e-05	1.0
0.0	1.0
-2.2985414460663378e-08	1.0
-0.044680263847112656	0.0
0.0	0.0
0.0	1.0
-1.601638217607615e-07	1.0
-1.0605906027194578e-05	0.013126491646778043
0.0	0.16380182002022245
-0.0009462535963393748	1.0
-2.3035645426716655e-06	1.0
-0.0001563600089866668	0.0
-5.919443992752349e-06	0.0
0.0	0.0
-2.148671685020531e-09	1.0
-3.9019110431581794e-07	1.0
0.0	1.0
0.0	1.0
-0.0018311637686565518	1.0
-8.973643161880318e-09	0.0
0.0	1.0
0.0	1.0
0.0	1.0
-1.6957470450051915e-07	0.0
-2.3073800548445433e-05	0.025
-1.0597954513968944e-07	1.0
0.0	0.0066815144766146995
-0.002434157533571124	0.003
0.0	1.0
-0.0014911940088495612	0.0
-0.0012925824848935008	0.003
-5.839287041453645e-06	0.003003003003003003
-0.00030108215287327766	1.0
0.0	0.0
0.0	1.0
0.0	0.0
0.0	1.0
0.0	0.02004008016032064
-2.117648364219349e-06	1.0
0.0	1.0
-0.007308787200599909	0.0
0.0	0.35348360655737704
0.0	0.0
-0.0010897411266341805	0.0
-4.022891880595125e-05	1.0
0.0	0.0
-0.012004837393760681	0.0
0.0	1.0
0.0	0.0
0.0	1.0
-2.9250688271531544e-07	1.0
0.0	0.0
0.0	0.41645244215938304
-8.128466288326308e-05	1.0
0.0	0.5537688442211055
0.0	1.0
0.0	1.0
0.0	1.0
0.0	0.0
0.0	1.0
0.0	0.0
0.0	0.0
0.0	0.0
-0.0006489951047115028	1.0
-0.0009538381709717214	1.0
-1.5931941529934157e-11	1.0
0.0	0.0
0.0	1.0
0.0	1.0
0.0	1.0
-0.002728272695094347	0.0
-0.0015105914790183306	1.0
0.0	0.054
0.0	1.0
-0.00036167766666039824	0.107
0.0	1.0
0.0	1.0
0.0	0.0
-0.002156758913770318	1.0
0.0	1.0
-1.397108349010523e-06	1.0
0.0	0.0
-2.8473452402977273e-05	1.0
-0.00046139807091094553	0.0
-1.676588180998806e-05	1.0
-0.0011985572054982185	1.0
0.0	1.0
0.0	0.0
-9.63994170888327e-05	0.0
-1.3264398148749024e-05	1.0
-0.0013259726110845804	1.0
0.0	1.0
-0.002672516508027911	1.0
0.0	1.0
0.0	1.0
0.0	1.0
0.0	1.0
-0.001974819926545024	1.0
-1.2252172609805712e-06	1.0
0.0	1.0
-0.021606553345918655	0.0
-0.0011309324763715267	0.06288032454361055
-9.603577382222284e-07	0.0
0.0	1.0
-0.00015245818940456957	0.0
0.0	1.0
0.0	1.0
-9.767791198100895e-05	1.0
0.0	1.0
0.0	0.0
0.0	0.056
0.0	1.0
0.0	0.0
0.0	1.0
0.0	1.0
0.0	0.0
-0.0025359028950333595	1.0
0.0	1.0
-0.004276455380022526	0.0
0.0	0.0
0.0	1.0
0.0	1.0
0.0	1.0
-0.00013952025619801134	1.0
0.0	0.0
0.0	0.0
-0.00010207672312390059	0.0
0.0	1.0
0.0	0.001001001001001001
0.0	0.0
0.0	1.0
0.0	0.0
-0.00016068619152065367	0.0
0.0	1.0
0.0	1.0
0.0	0.0
0.0	0.0
