0.0	1.0
-2.9245005862321705e-05	1.0
-0.0025250744074583054	0.0
0.0	0.0
0.0	0.0
-1.1153464263280455e-10	1.0
0.0	0.0
0.0	0.0
0.0	1.0
0.0	0.0012048192771084338
0.0	1.0
-4.922986136079999e-06	0.0
0.0	1.0
0.0	0.0
0.0	1.0
0.0	1.0
-1.4494388778985012e-05	1.0
-0.00021515326807275414	1.0
0.0	1.0
0.0	1.0
-0.00011743105278583243	1.0
0.0	1.0
0.0	1.0
0.0	1.0
-5.859266821062192e-06	1.0
0.0	0.195
0.0	0.0
0.0	0.02531645569620253
0.0	0.0
0.0	0.0
-0.013804241083562374	0.0
0.0	0.0
-1.9356330085429363e-06	1.0
-2.4546725398977287e-05	1.0
0.0	0.0
0.0	1.0
0.0	0.0
-4.2328591121076897e-07	1.0
0.0	1.0
0.0	0.0980980980980981
0.0	1.0
-2.2356446152116405e-06	0.006369426751592357
0.0	0.0853413654618474
-0.0011304615763947368	1.0
-3.5157293041265802e-06	1.0
0.0	0.003952569169960474
0.0	1.0
-0.001034968183375895	1.0
-0.0005748455296270549	0.0
-2.1199139155214652e-06	0.0
0.0	0.0
0.0	1.0
-0.00015289730799850076	0.0
0.0	1.0
-0.0008523173746652901	1.0
-6.309577860186266e-11	1.0
0.0	0.0
0.0	1.0
0.0	1.0
0.0	1.0
-0.0021888003684580326	1.0
0.0	1.0
-1.761210569384275e-06	1.0
0.0	1.0
0.0	1.0
-0.025589216500520706	0.0
0.0	1.0
0.0	1.0
0.0	1.0
0.0	0.14271356783919598
-4.012904173578136e-05	0.0
-3.2644370548950974e-06	0.0
0.0	1.0
-0.0021357396617531776	0.0
0.0	1.0
-0.00034046670771203935	0.0
-8.814312613125708e-10	1.0
0.0	1.0
0.0	1.0
0.0	1.0
-9.2819616838824e-05	1.0
0.0	1.0
-6.065874913474545e-06	0.0
0.0	1.0
-0.0027587837539613247	1.0
-0.0007302503217943013	1.0
-6.258733719732845e-06	0.0
0.0	0.0
-4.956744419359893e-07	1.0
0.0	0.0
-0.0002167312050005421	1.0
-0.00018498615827411413	1.0
-1.0635586704665911e-06	1.0
0.0	0.0
0.0	1.0
0.0	0.0
0.0	1.0
-0.03683851659297943	0.0
0.0	1.0
0.0	1.0
-1.6711401258362457e-05	0.0
0.0	0.030395136778115502
-0.0005552182556129992	0.0
0.0	1.0
0.0	1.0
-1.9500292580687528e-07	0.0
0.0	1.0
-0.013926717452704906	0.0
0.0	1.0
0.0	0.0
-1.0008303864481038e-12	0.0
0.0	0.0
0.0	1.0
0.0	0.18973214285714285
0.0	0.0
0.0	1.0
-4.944255852024071e-05	1.0
0.0	1.0
0.0	1.0
0.0	1.0
-6.561653265180212e-08	1.0
0.0	1.0
-0.0014539716066792607	1.0
0.0	1.0
0.0	0.0
-0.042639266699552536	0.0
0.0	0.0
-2.1704635866370836e-09	0.8308308308308309
-5.683857580152107e-06	0.0
0.0	1.0
0.0	1.0
0.0	1.0
0.0	0.08426395939086294
0.0	1.0
0.0	1.0
-0.009689507074654102	0.0
0.0	0.0
0.0	0.0
-1.1691110302081142e-08	1.0
0.0	1.0
0.0	1.0
0.0	1.0
0.0	0.0
0.0	1.0
0.0	0.0
-2.4434909651205317e-10	0.0
0.0	0.0
-0.000460523966467008	0.0
0.0	1.0
0.0	0.0
-0.000616521923802793	1.0
-0.0034004959743469954	0.0
0.0	1.0
0.0	0.024
-0.002476465655490756	1.0
0.0	1.0
0.0	1.0
0.0	1.0
-1.9958719121859758e-07	1.0
0.0	0.0
0.0	0.009790209790209791
0.0	0.1661631419939577
-0.0002920404658652842	0.0
-0.0010927487164735794	0.0
-0.0018206631066277623	0.0
-0.0016657699597999454	0.0
0.0	1.0
0.0	0.0
0.0	1.0
0.0	1.0
0.0	0.0
0.0	1.0
0.0	1.0
0.0	0.0
0.0	1.0
0.0	0.5238095238095238
-0.0006059159059077501	1.0
0.0	1.0
0.0	1.0
0.0	0.0
0.0	1.0
0.0	0.0
-4.2806150291063716e-10	0.0
0.0	0.099
0.0	1.0
0.0	1.0
-1.0449191449879436e-06	1.0
-0.007027470972388983	0.0
0.0	0.03529411764705882
0.0	0.0
0.0	1.0
0.0	0.0
-0.0002746311656665057	1.0
0.0	1.0
-0.0006701607489958405	1.0
0.0	0.0
-1.9320186765980907e-05	1.0
-3.4669938031584024e-06	1.0
0.0	1.0
0.0	1.0
0.0	1.0
0.0	1.0
-2.2160905055468305e-10	1.0
-0.0008395857876166701	1.0
-2.232756742159836e-05	0.0
-0.00022253530914895236	1.0
-0.0001024674202199094	0.0
0.0	0.0
0.0	1.0
-0.00017736210429575294	1.0
0.0	1.0
-4.023866040370194e-06	0.0
-7.574103074148297e-05	0.0
0.0	1.0
-0.012821679934859276	0.0
-6.442273297579959e-05	0.0
0.0	0.0
0.0	1.0
-5.18429351359373e-06	0.0
-2.4913215384003706e-06	1.0
-0.001851606764830649	0.0
0.0	1.0
0.0	0.0
0.0	0.0
0.0	1.0
0.0	1.0
0.0	1.0
0.0	1.0
0.0	1.0
0.0	1.0
0.0	1.0
0.0	0.0
0.0	1.0
0.0	1.0
-0.031139090657234192	0.0
0.0	1.0
0.0	1.0
-0.008984405547380447	0.0
-3.337387610713449e-08	0.0
-0.00022248263121582568	1.0
-0.0004602560366038233	0.0
0.0	1.0
0.0	1.0
-6.989714893279597e-05	1.0
0.0	0.022900763358778626
0.0	1.0
0.0	1.0
0.0	0.12836438923395446
0.0	1.0
0.0	1.0
0.0	1.0
0.0	1.0
0.0	1.0
0.0	1.0
0.0	0.0
-1.93090249922534e-06	1.0
0.0	0.0
0.0	1.0
0.0	0.0
-0.0012879420537501574	0.0
-0.0031956539023667574	0.0
-4.471785359783098e-05	0.0
-7.335755071835592e-06	1.0
-6.27905644146054e-11	0.0
0.0	0.0
-7.662740841851701e-08	0.0
-7.744673524712198e-08	1.0
-0.004590234719216824	0.0
0.0	1.0
-0.00013532998855225742	1.0
0.0	1.0
-4.92129501594718e-08	1.0
-0.011682827956974506	0.0
0.0	0.0
0.0	1.0
0.0	1.0
0.0	1.0
-1.5706054057318397e-07	0.06811145510835913
-0.0001252250949619338	1.0
-0.002623339183628559	1.0
-0.0016419305466115475	0.0
-2.1273704987834208e-05	1.0
0.0	0.0
0.0	1.0
0.0	0.0
-0.007136712782084942	0.0
0.0	1.0
0.0	0.012
0.0	1.0
0.0	1.0
-0.0008902927511371672	1.0
0.0	1.0
0.0	1.0
0.0	0.00243605359317905
0.0	1.0
0.0	1.0
0.0	0.0
0.0	1.0
-0.0012379757827147841	0.0
0.0	0.0
0.0	1.0
0.0	1.0
0.0	0.006006006006006006
0.0	1.0
0.0	0.006006006006006006
0.0	1.0
0.0	1.0
-2.701121637471715e-08	0.0012135922330097086
-8.913478268368635e-06	1.0
-1.0266912320311405e-11	1.0
0.0	1.0
0.0	1.0
0.0	0.010843373493975903
0.0	1.0
-6.795822628191672e-06	1.0
-6.415959887817735e-07	1.0
-4.557418549211434e-07	1.0
-5.140763278177474e-06	1.0
-1.516895463282708e-05	1.0
-7.075634584907675e-07	1.0
-6.989845502403114e-08	1.0
-0.0007843693601898849	0.0
0.0	1.0
-0.01225235965102911	0.0
0.0	0.0
-0.0008356875041499734	1.0
0.0	1.0
0.0	0.0
-2.3122131096897647e-05	1.0
0.0	1.0
0.0	1.0
0.0	0.0
-7.283734885277227e-05	1.0
-0.00040039329905994236	0.0
-9.355628272089689e-09	0.0
0.0	0.0
-0.029349099844694138	0.0
0.0	1.0
-1.615335122551187e-06	1.0
-1.6940346085903002e-06	1.0
0.0	0.0012376237623762376
0.0	1.0
-1.0448461580381263e-06	0.0
0.0	1.0
0.0	1.0
-7.572846350001328e-09	1.0
0.0	1.0
0.0	1.0
0.0	0.03553921568627451
0.0	1.0
-0.011935344897210598	0.0
-6.509241075036698e-07	0.0
0.0	0.0
-0.00041750326636247337	0.0
0.0	0.821
-7.732117956038564e-05	0.0
-8.533734944649041e-05	1.0
0.0	1.0
0.0	1.0
0.0	0.0
-1.7922518509294605e-06	1.0
0.0	1.0
0.0	1.0
0.0	1.0
0.0	1.0
0.0	1.0
0.0	1.0
0.0	1.0
0.0	0.011111111111111112
0.0	1.0
0.0	1.0
-7.044187805149704e-05	0.0
0.0	1.0
0.0	0.0
0.0	1.0
0.0	0.9235294117647059
-0.02717103436589241	0.0
-0.00021975146955810487	0.0
-0.0014117902610450983	0.0
0.0	0.0
-8.094362419797108e-05	1.0
-1.250689551923756e-09	1.0
-3.199959246558137e-05	0.0
0.0	0.079
0.0	0.0
0.0	0.0
0.0	0.0
-0.0005583086749538779	1.0
-9.464227332500741e-05	1.0
0.0	0.0
-0.0004892352735623717	1.0
0.0	0.0
-0.00033345981501042843	1.0
0.0	0.118
0.0	1.0
-0.00010128096619155258	0.0
-0.00025582549278624356	1.0
-5.537232937058434e-05	0.0
0.0	0.0
-1.412584515492199e-05	1.0
0.0	1.0
-1.9252222700164717e-13	0.0
-0.00026014624745585024	0.052941176470588235
-4.353962140157819e-05	1.0
-2.1929244198304332e-08	0.0
0.0	1.0
-0.0005958171095699072	1.0
0.0	0.0
-0.0003251055895816535	1.0
-0.0030959490686655045	0.0
-0.00010539708455326036	1.0
0.0	1.0
0.0	1.0
0.0	1.0
0.0	1.0
-0.001145317335613072	0.0
0.0	1.0
0.0	0.0
0.0	0.0
0.0	1.0
-0.0001286779879592359	0.1217750257997936
0.0	1.0
-2.013726407312788e-05	0.0
-5.201584644964896e-05	0.0
0.0	1.0
0.0	1.0
0.0	0.0
0.0	1.0
-0.00025812676176428795	1.0
-4.875970262219198e-05	1.0
0.0	1.0
-0.015486285090446472	0.0
-0.0005875995848327875	1.0
-0.0006642789812758565	1.0
-3.0963783501647413e-06	1.0
0.0	1.0
0.0	1.0
0.0	1.0
0.0	0.0
0.0	0.83
-1.033997250488028e-05	0.0
0.0	1.0
0.0	1.0
0.0	0.0
0.0	1.0
0.0	0.0
0.0	0.009127789046653144
0.0	1.0
0.0	0.0
-0.0025982640217989683	0.83
-3.197849582647905e-05	1.0
0.0	1.0
0.0	1.0
0.0	0.821
-0.011424165219068527	0.0
0.0	1.0
-0.00014681687753181905	1.0
0.0	0.0
0.0	1.0
-2.079996036519205e-10	0.0
0.0	1.0
-0.0035787541419267654	0.0
0.0	1.0
0.0	1.0
-3.0751518806937383e-06	0.0
0.0	1.0
0.0	1.0
0.0	0.0
0.0	1.0
0.0	1.0
-3.2204554827330867e-06	0.45294117647058824
-0.006401000544428825	0.0
0.0	1.0
0.0	1.0
0.0	1.0
-6.307795410975814e-05	1.0
-0.00032293132971972227	1.0
-9.472943020227831e-06	1.0
0.0	0.0
0.0	0.0
0.0	1.0
-5.034932115677293e-08	1.0
-0.03715778514742851	0.0
0.0	1.0
-1.0855486834771e-05	1.0
0.0	0.0
-9.860035422686042e-14	1.0
0.0	0.0
-1.6551222198346593e-11	0.0
0.0	0.0
-0.0027736197225749493	0.0
0.0	1.0
-6.026729170116596e-05	0.0
-0.001461789826862514	0.0
0.0	0.03427172582619339
0.0	1.0
-0.0006667046109214425	1.0
0.0	0.0
0.0	1.0
0.0	0.0
-1.833425078423545e-10	1.0
-0.00013105286052450538	0.83
-0.0077716512605547905	1.0
0.0	0.039886039886039885
0.0	1.0
-0.00022220384562388062	1.0
0.0	0.0
0.0	0.0
-0.0002335697499802336	0.0
0.0	0.188
-9.829389455262572e-06	1.0
-0.008049286901950836	0.0
-0.0011242040200158954	0.0
-0.0009122687624767423	0.18518518518518517
-2.137263072654605e-05	1.0
0.0	1.0
0.0	1.0
0.0	1.0
0.0	0.0
-0.0005449210875667632	0.0010141987829614604
0.0	1.0
-0.00010798064613481984	0.015015015015015015
0.0	0.015527950310559006
-0.00016998242062982172	0.034482758620689655
0.0	0.014042126379137413
-0.048221737146377563	0.0
-0.00023840033099986613	1.0
0.0	1.0
0.0	0.0
-0.0004956673365086317	0.015015015015015015
-0.00022834828996565193	0.0
-0.012989349663257599	0.0
-0.0002231787657365203	0.023809523809523808
0.0	1.0
0.0	1.0
0.0	1.0
0.0	1.0
0.0	1.0
0.0	0.0
0.0	0.0
0.0	1.0
0.0	1.0
0.0	1.0
0.0	1.0
0.0	1.0
0.0	0.016145307769929364
-0.0005749157862737775	1.0
0.0	1.0
0.0	0.0
0.0	1.0
-0.0003399761626496911	1.0
0.0	1.0
-3.6129060845269123e-06	0.0
-6.4978921727743e-05	1.0
-8.928331962643199e-10	1.0
0.0	0.0
0.0	0.0
0.0	1.0
-0.002511423546820879	0.0
0.0	1.0
0.0	1.0
-0.0024215327575802803	0.0
0.0	1.0
0.0	0.987
0.0	1.0
-0.0010324991308152676	0.0
0.0	0.0
0.0	0.0
-2.190346276620403e-05	1.0
-0.0006195335881784558	0.0
-0.004347798880189657	0.0
0.0	1.0
0.0	0.0
0.0	0.0
-0.00014745976659469306	1.0
-0.00014839399955235422	0.0
-0.0011134376982226968	1.0
-0.0006232427549548447	0.1056338028169014
0.0	1.0
0.0	0.02788339670468948
0.0	0.0
0.0	1.0
0.0	0.2
0.0	0.07537012113055182
0.0	1.0
0.0	1.0
0.0	0.0
0.0	0.02330293819655522
0.0	0.0
-0.00021365698194131255	1.0
0.0	0.01705237515225335
0.0	1.0
-0.00015197557513602078	0.0
-0.000785765761975199	1.0
-0.001087677082978189	1.0
-1.5355881259893067e-05	0.0
0.0	0.0
0.0	1.0
0.0	0.015712682379349047
-0.0003243951650802046	0.015625
0.0	1.0
0.0	1.0
0.0	1.0
0.0	1.0
0.0	1.0
0.0	0.0
-0.015735354274511337	0.0
-8.594727114541456e-05	1.0
0.0	1.0
0.0	1.0
0.0	1.0
0.0	1.0
0.0	1.0
0.0	0.0
