-1.6296597848963756e-08	0.0
-0.0016782322200015187	0.0
-5.763553417637013e-06	0.0
0.0	0.0
-0.0002149507199646905	1.0
0.0	0.0
-0.00046578372712247074	1.0
-5.925404911977239e-05	1.0
-0.009540100581943989	0.0
0.0	1.0
0.0	1.0
0.0	1.0
-1.3026524925408012e-07	0.0
0.0	0.0
0.0	0.038
0.0	0.0
0.0	1.0
0.0	1.0
-0.000518463843036443	1.0
0.0	0.0
-2.4356575423212234e-08	1.0
0.0	0.0
0.0	0.0
-1.1162725286339992e-06	1.0
0.0	1.0
0.0	1.0
0.0	0.0
-8.868589418398187e-08	1.0
0.0	0.0
-0.0002614035620354116	0.0
0.0	1.0
0.0	1.0
0.0	0.1497326203208556
0.0	1.0
-0.0014644101029261947	1.0
-7.609138265252113e-05	1.0
0.0	1.0
0.0	0.0
-0.006748394574970007	0.0
0.0	1.0
0.0	1.0
0.0	1.0
0.0	0.0
0.0	1.0
0.0	1.0
0.0	1.0
0.0	1.0
-7.086391633492894e-07	0.0
0.0	1.0
-8.681080362293869e-05	1.0
0.0	1.0
-4.049005610795575e-07	1.0
-0.008820428512990475	0.0
-1.1614220966293942e-05	1.0
-4.994987648387905e-06	0.0
-1.1633117537712678e-05	0.0
0.0	1.0
-2.010192332591032e-07	0.0
0.0	0.0
0.0	1.0
-0.005532273091375828	0.002004008016032064
-0.0713692381978035	0.0
0.0	1.0
-0.0023791620042175055	0.0022471910112359553
-2.6534530661592726e-07	1.0
0.0	0.09550561797752809
-7.415204663629993e-07	0.0
-2.5513936634524725e-05	1.0
-9.481559573032428e-06	1.0
0.0	0.0
-7.591837061227125e-07	1.0
-0.00010859077156055719	1.0
-0.004543871618807316	0.0
0.0	1.0
-8.901470209821127e-06	0.2365364308342133
0.0	1.0
0.0	1.0
0.0	0.17634173055859803
0.0	0.05543933054393305
-0.0013067197287455201	1.0
0.0	1.0
-2.0405766463227337e-06	0.0
0.0	1.0
0.0	1.0
-3.0645751394331455e-05	0.19477911646586346
0.0	1.0
0.0	1.0
0.0	0.0
0.0	1.0
-3.420462491021681e-08	1.0
0.0	1.0
-0.004211601801216602	0.017671517671517672
0.0	1.0
0.0	1.0
-2.096705316034786e-07	0.004004004004004004
-0.0009993937565013766	0.0
0.0	1.0
0.0	1.0
-0.0042926049791276455	0.0
0.0	1.0
0.0	1.0
-3.422103418415645e-06	0.0
0.0	0.0
0.0	1.0
0.0	0.0
0.0	1.0
-0.025408722460269928	0.0
0.0	0.0
0.0	0.0
-0.0002628913789521903	0.0
0.0	1.0
-0.024204256013035774	0.0
-0.000149764193338342	1.0
0.0	1.0
-1.8777670529601664e-09	0.0
0.0	0.0
0.0	0.0
-5.597044250293948e-08	0.0
0.0	0.0
-0.00017787043179851025	0.0
0.0	0.0
-0.0008112550131045282	0.0
0.0	1.0
0.0	1.0
0.0	1.0
-8.659323066240177e-05	1.0
-0.00018094692495651543	0.034
0.0	1.0
0.0	1.0
-2.4916764232330024e-05	1.0
0.0	1.0
0.0	1.0
-0.03156726434826851	0.0
-0.02062949724495411	0.0
0.0	1.0
-1.2957981198269408e-05	1.0
0.0	0.0
0.0	0.0
-0.00015448307385668159	1.0
-0.0013734662206843495	0.0
-2.6575278752716258e-05	1.0
0.0	1.0
0.0	1.0
0.0	1.0
0.0	1.0
-0.001057495130226016	1.0
-0.000456896610558033	0.0
0.0	1.0
-0.01300046220421791	0.0
-3.831799766373933e-09	1.0
0.0	1.0
0.0	1.0
0.0	0.23404255319148937
-0.0006018957355991006	0.0
0.0	0.0
-7.108569843694568e-05	0.0
0.0	1.0
0.0	1.0
-9.710933227324858e-06	1.0
-0.00040012013050727546	1.0
0.0	1.0
-5.929547075567143e-09	0.0
0.0	0.0
0.0	1.0
-2.12415102396335e-06	1.0
0.0	1.0
-0.00334295560605824	0.0
-3.005335747729987e-05	1.0
0.0	1.0
0.0	1.0
-5.710079221898923e-06	1.0
0.0	1.0
0.0	0.004028197381671702
-0.0001749354851199314	0.0
-4.3278735262219925e-08	1.0
0.0	1.0
-4.1165450966218486e-05	0.0
0.0	0.0
-2.098460599351485e-16	0.026183282980866064
0.0	1.0
-0.00899425894021988	0.0
0.0	0.0
0.0	1.0
-2.527280230424367e-05	1.0
-0.00016282025899272412	0.0
0.0	1.0
0.0	1.0
0.0	1.0
-0.00026937946677207947	0.0
-0.0005688912933692336	0.0
-8.698013698449358e-05	0.0
0.0	1.0
0.0	1.0
-0.020759642124176025	0.0
-8.349692279807641e-07	1.0
0.0	0.0
0.0	1.0
0.0	1.0
0.0	1.0
0.0	1.0
0.0	0.0
-3.331700781927793e-08	0.12945973496432212
-0.0038735365960747004	0.0
-1.2147545191965037e-09	0.0
0.0	0.0
0.0	1.0
0.0	1.0
-0.00015147958765737712	1.0
0.0	0.0
-0.0018969851080328226	1.0
0.0	1.0
0.0	1.0
-0.03520075976848602	0.0
-0.000677071395330131	1.0
-2.400820994807873e-05	0.0
-1.931732185767032e-06	1.0
0.0	1.0
0.0	1.0
-0.006880790926516056	0.0
0.0	0.0
-2.4432601719581726e-08	1.0
-7.220057796075707e-06	1.0
0.0	1.0
0.0	1.0
0.0	0.0
-9.081855387194082e-05	1.0
0.0	0.0
-0.0068337866105139256	0.0
-0.0001539742515888065	0.0
0.0	1.0
0.0	0.0
0.0	1.0
0.0	1.0
0.0	1.0
-0.006823145318776369	0.0
0.0	0.0
0.0	1.0
-1.5724852346465923e-05	0.0
-2.8760347436929123e-09	0.0451527224435591
0.0	1.0
-0.00012348525342531502	0.0
0.0	1.0
-1.3482685801147198e-10	0.0
0.0	0.0
0.0	0.0
0.0	1.0
-3.1975585443433374e-05	1.0
0.0	0.0
0.0	1.0
0.0	1.0
0.0	1.0
-0.008711268194019794	0.0
-0.0004732572997454554	1.0
-6.429334462154657e-05	1.0
0.0	1.0
0.0	0.0
0.0	0.0
-1.2524542398750782e-05	1.0
0.0	1.0
0.0	0.0
-0.0003422023728489876	1.0
0.0	1.0
0.0	1.0
0.0	1.0
0.0	1.0
-8.794206951279193e-05	0.0
0.0	0.0
-0.01895846053957939	0.0
-0.004307332914322615	0.0
-3.0147601137286983e-05	0.0
-0.00037640079972334206	1.0
0.0	1.0
-2.8664501883213234e-07	1.0
0.0	0.0
-0.03350668400526047	0.0
0.0	1.0
0.0	0.0
-3.99968591580091e-08	1.0
0.0	1.0
-7.727964379533603e-10	1.0
-2.2690504920319654e-05	0.0
0.0	0.0
-6.751168984919786e-05	0.0
0.0	0.0
-2.3619572964150848e-09	0.114
-0.010455829091370106	0.0
0.0	0.0
-0.00026246311608701944	0.0
-4.128965542804508e-07	0.114
0.0	0.0
0.0	1.0
-0.0027202749624848366	0.006802721088435374
0.0	0.0
0.0	0.11066398390342053
0.0	1.0
0.0	1.0
0.0	0.0
0.0	1.0
0.0	0.0
0.0	1.0
-2.3412687824020395e-06	1.0
0.0	1.0
-1.0226818147884842e-07	0.0
0.0	1.0
0.0	1.0
0.0	0.0
-1.815782525227405e-05	1.0
0.0	1.0
-0.0007303835009224713	1.0
0.0	0.0
0.0	0.0
-2.6467945644981228e-05	1.0
-0.00024737039348110557	1.0
0.0	1.0
-1.9406897990847938e-05	1.0
0.0	0.007583965330444204
-0.0003746039292309433	0.0
0.0	0.0
0.0	0.0
0.0	1.0
-0.007277160882949829	0.0
0.0	1.0
-0.07502163201570511	0.0
0.0	0.0
0.0	1.0
-0.0002606272464618087	1.0
-0.0002533337683416903	1.0
0.0	1.0
-1.6749752376199467e-06	0.0
-0.015396259725093842	0.0
0.0	1.0
0.0	1.0
0.0	1.0
-0.00021538592409342527	1.0
-2.5449849999858998e-05	0.0
0.0	1.0
0.0	0.966
0.0	0.17857142857142858
0.0	1.0
0.0	1.0
-0.004481885582208633	1.0
-8.462842379231006e-05	1.0
0.0	1.0
-0.0003570186090655625	1.0
0.0	1.0
0.0	1.0
0.0	1.0
0.0	0.0
0.0	1.0
-0.0008842356619425118	1.0
-0.0014247952494770288	0.014492753623188406
-2.518173641874455e-05	1.0
0.0	1.0
0.0	1.0
0.0	0.097
-0.0006478239083662629	1.0
0.0	1.0
0.0	1.0
-0.0018788129091262817	1.0
0.0	1.0
0.0	0.0
0.0	1.0
-1.0803379302259941e-09	0.0
0.0	1.0
0.0	0.0
0.0	1.0
0.0	0.0
-0.00029978100792504847	1.0
0.0	1.0
0.0	1.0
0.0	0.0
0.0	1.0
0.0	1.0
-9.950022649718449e-05	1.0
0.0	1.0
0.0	1.0
-5.935543231316842e-05	1.0
-5.104724914417602e-05	1.0
0.0	1.0
0.0	1.0
0.0	0.0
0.0	1.0
-7.959945651236922e-05	1.0
0.0	0.0
0.0	1.0
0.0	0.0
-2.3836212221794995e-06	1.0
0.0	0.0
-0.000154984270920977	0.0
0.0	1.0
-2.2770023861085065e-05	1.0
0.0	1.0
0.0	0.003
0.0	1.0
0.0	0.0
0.0	1.0
0.0	1.0
0.0	1.0
0.0	1.0
-2.118609700119123e-06	0.0
-4.014028945675818e-06	1.0
-0.011868973262608051	0.0
0.0	1.0
-0.0011457987129688263	1.0
0.0	1.0
0.0	1.0
-0.0006338210660032928	1.0
0.0	1.0
0.0	0.0
0.0	1.0
0.0	0.0
0.0	0.0
-0.00028175266925245523	0.0
0.0	1.0
0.0	1.0
0.0	1.0
-0.0013089816784486175	0.0
0.0	1.0
-6.939330177146985e-08	1.0
0.0	0.0
0.0	1.0
0.0	0.03371970495258166
-6.608320109080523e-05	0.0337909186906019
0.0	1.0
0.0	1.0
0.0	1.0
0.0	0.0
0.0	1.0
-6.72126861900324e-06	1.0
0.0	0.0
0.0	1.0
0.0	1.0
0.0	1.0
0.0	1.0
0.0	1.0
0.0	1.0
0.0	0.0
-0.0007204231224022806	0.0
-1.6357859511373363e-09	1.0
-5.5433352827094495e-05	1.0
0.0	0.0
-0.004062938503921032	0.0
0.0	1.0
0.0	1.0
-3.179768948147199e-10	0.0
-0.00121626618783921	0.0
0.0	0.0
0.0	0.0
0.0	0.191
-0.0007736175903119147	1.0
0.0	0.195
-0.0028403771575540304	0.0
-0.0004932218580506742	1.0
0.0	1.0
0.0	0.0
0.0	1.0
-0.000327823479892686	1.0
-0.00026677173445932567	1.0
-0.00036143773468211293	1.0
0.0	0.0
-5.850194611412007e-06	1.0
-0.00041525810956954956	1.0
0.0	0.025974025974025976
0.0	0.0
0.0	1.0
0.0	0.0
-4.280080975149758e-05	1.0
0.0	1.0
0.0	1.0
0.0	1.0
-0.0004579419328365475	1.0
-0.0003501789178699255	1.0
-0.0011148496996611357	1.0
-0.012218935415148735	0.0
-1.0062511137221009e-05	1.0
0.0	1.0
0.0	0.0
0.0	1.0
0.0	0.0
-2.6341989723732695e-05	1.0
0.0	1.0
-5.803751264465973e-06	1.0
0.0	0.0
-5.653696369574412e-13	1.0
0.0	0.0
0.0	0.03465982028241335
-0.0015039251884445548	1.0
0.0	0.029914529914529916
-1.0218891510760386e-08	1.0
0.0	0.0
-3.7262628893586225e-07	1.0
0.0	1.0
-2.8685537472483702e-05	0.0
0.0	0.0
0.0	1.0
-0.007265974301844835	0.15
0.0	1.0
-2.4727023628656752e-05	0.115
-6.343791028484702e-05	0.0
0.0	0.11511511511511512
0.0	0.0
-9.542208090351778e-07	0.0
-0.000527910131495446	1.0
-3.0040391152397206e-07	1.0
0.0	0.0
0.0	0.0
-0.00021784291311632842	1.0
0.0	1.0
0.0	1.0
-8.577657354180701e-06	0.0
-1.5712524827904417e-06	0.0
-7.923479756755114e-07	0.001
0.0	0.0
0.0	1.0
-1.988143054632019e-07	1.0
0.0	1.0
0.0	1.0
0.0	1.0
0.0	1.0
-7.550926238764077e-05	0.0
0.0	1.0
-0.0003629097482189536	0.0
-0.00040846344199962914	1.0
0.0	0.0
-7.290758219369309e-08	0.0
0.0	1.0
0.0	1.0
0.0	1.0
-4.183545752312057e-05	1.0
0.0	1.0
0.0	1.0
-0.0016851061955094337	1.0
-2.544357266742736e-05	0.0
-1.335825800197199e-05	0.0
0.0	1.0
0.0	0.0
-0.0004258201806806028	1.0
-0.00048225888167507946	1.0
-2.881955785127843e-10	0.0
-0.023058362305164337	0.0
0.0	1.0
0.0	1.0
-0.0016854960704222322	0.0
0.0	1.0
-1.208357480209088e-05	1.0
0.0	1.0
0.0	1.0
-4.816620019498785e-11	1.0
0.0	1.0
-1.772096425156633e-06	0.0
0.0	1.0
-0.00010635268699843436	1.0
0.0	0.0
0.0	0.966
0.0	1.0
0.0	1.0
0.0	0.06526104417670683
-7.571834270692079e-10	1.0
0.0	1.0
0.0	0.1746987951807229
-9.041242446983233e-05	0.0
-8.683455234859139e-05	0.0
0.0	0.0
0.0	1.0
-0.001291662803851068	1.0
-0.006135306786745787	0.048
0.0	1.0
0.0	1.0
0.0	1.0
0.0	1.0
-3.9332653045676125e-07	1.0
-0.0013213264755904675	0.0
-0.004225731827318668	1.0
-0.00011126113531645387	0.0
0.0	0.0
0.0	0.0067226890756302525
0.0	0.19831932773109243
0.0	1.0
-0.0005443781847134233	1.0
0.0	1.0
-0.00017453444888815284	0.0
-2.3491276806453243e-05	0.371
0.0	0.0
