-8.177215931937099e-06	1.0
-1.0534680768614635e-05	1.0
0.0	0.06
-1.6026449884520844e-05	1.0
0.0	1.0
-4.132184301397501e-07	0.0
0.0	1.0
0.0	1.0
-0.0009249931899830699	0.0
-4.91707214678172e-05	0.0
0.0	0.0
-2.468935065280675e-07	0.0
0.0	1.0
0.0	0.026422764227642278
0.0	1.0
0.0	1.0
0.0	0.0
0.0	1.0
-0.0005438810330815613	1.0
0.0	0.001
0.0	1.0
-0.00032973955967463553	1.0
-1.0729394489317201e-05	0.0
-0.010442751459777355	0.002
0.0	1.0
0.0	1.0
0.0	1.0
0.0	1.0
0.0	1.0
0.0	1.0
-0.02030521258711815	0.0
-0.0005749771371483803	0.0
0.0	0.0
0.0	1.0
0.0	1.0
-0.00010976185876643285	0.5459518599562363
0.0	1.0
0.0	1.0
0.0	1.0
-6.328485596895916e-06	0.016666666666666666
0.0	1.0
0.0	1.0
-1.6710854922052931e-09	1.0
-1.6634057828923687e-06	1.0
0.0	0.0
-5.9918609622400254e-05	1.0
0.0	1.0
0.0	1.0
0.0	0.0
0.0	1.0
0.0	1.0
0.0	0.10554951033732318
0.0	1.0
-5.113709903525887e-06	0.10543478260869565
0.0	1.0
0.0	0.0
0.0	0.0
-4.138081433069374e-09	0.0
0.0	1.0
-1.2596998999470088e-07	1.0
0.0	1.0
0.0	1.0
0.0	1.0
-0.0006251113372854888	0.0
0.0	0.0
-0.0011595713440328836	1.0
-0.0011090249754488468	0.077
0.0	0.077
-3.9333926906692795e-06	1.0
0.0	1.0
-0.0015985742211341858	1.0
0.0	0.0
-0.000947710475884378	0.0
-2.6156389139941894e-05	0.0893719806763285
0.0	0.0
-8.934828343853951e-08	1.0
0.0	1.0
-1.4876438399369363e-05	1.0
-2.9876296139264014e-06	1.0
0.0	1.0
-0.0004843507194891572	1.0
0.0	1.0
-0.00011604188330238685	0.0
0.0	1.0
-4.383984560263343e-06	1.0
-0.00037288235034793615	0.0
-3.8551195757463574e-05	0.0
-0.00013740468421019614	0.0
0.0	1.0
0.0	0.026680896478121666
0.0	0.026680896478121666
-1.6911383404760727e-09	1.0
0.0	0.026680896478121666
-1.8315297889426319e-10	1.0
-0.0029803430661559105	1.0
-0.0021649326663464308	1.0
0.0	0.018
0.0	0.0
0.0	0.0
-0.004168204963207245	0.0
-0.0002369518915656954	0.0
0.0	0.0
-0.0008308927062898874	0.0
-0.0001768402726156637	0.025
0.0	0.0
0.0	0.025
-0.0004409562679938972	1.0
-1.8153970771095373e-08	1.0
0.0	1.0
-0.0018230067798867822	0.013888888888888888
0.0	1.0
0.0	0.0
-0.0006188245606608689	1.0
0.0	1.0
0.0	1.0
-2.911754108936293e-06	0.09819639278557114
-9.176345088235394e-07	1.0
-0.0016780566656962037	0.0
-2.0700739841901517e-13	1.0
-0.0002466592995915562	0.0
0.0	1.0
0.0	1.0
-0.0012453036615625024	0.0
0.0	1.0
-3.2999307677528122e-06	0.0
0.0	0.0
0.0	0.0
-0.002380951074883342	0.0
-9.427418490304262e-07	0.126
-0.0007695844979025424	0.501
-0.07669463753700256	0.0
0.0	0.0
-2.1806351924169576e-07	1.0
-0.00021984995692037046	0.0
0.0	1.0
0.0	1.0
-0.0007247899775393307	0.041357370095440084
0.0	1.0
-0.0012130980612710118	0.0
-6.125445452198619e-06	0.0
0.0	1.0
-0.0015934790717437863	0.0
-4.404422782045003e-07	1.0
0.0	1.0
-4.42265218225657e-07	1.0
-0.00027763243997469544	1.0
0.0	1.0
-1.78812460944755e-05	1.0
0.0	0.0
0.0	0.08791208791208792
0.0	1.0
0.0	0.0
0.0	1.0
0.0	0.005988023952095809
-2.2166218514030334e-06	0.052104208416833664
-2.544342351029627e-05	0.0
0.0	0.5143737166324436
0.0	0.0
-4.0185280880677965e-08	0.0
0.0	1.0
0.0	0.439
0.0	1.0
-0.0010075099999085069	0.0
0.0	0.0
0.0	0.0
-0.0002623012405820191	1.0
0.0	1.0
0.0	0.0
0.0	1.0
-7.405690212181071e-06	0.0
-5.817976216349052e-06	0.0
0.0	1.0
-0.0002481073315721005	1.0
0.0	1.0
0.0	0.025
0.0	1.0
0.0	1.0
0.0	0.0
0.0	1.0
0.0	1.0
-0.0011839944636449218	1.0
-0.0002422481484245509	1.0
0.0	1.0
-0.001125427894294262	0.0
0.0	0.0
-0.0020781217608600855	0.0
0.0	0.0
0.0	1.0
0.0	1.0
0.0	1.0
0.0	1.0
-3.739592330020969e-06	1.0
-1.571778796005674e-07	1.0
0.0	1.0
-4.917326350550866e-07	1.0
0.0	0.0
0.0	0.0
0.0	1.0
-0.0018933429382741451	0.0
0.0	1.0
-9.044443061156926e-08	0.0
-0.0008075478835962713	0.0
0.0	1.0
0.0	0.0
0.0	1.0
0.0	0.148
0.0	1.0
0.0	1.0
0.0	1.0
0.0	0.218436873747495
-0.001081489841453731	0.0
0.0	0.218436873747495
-0.0020067745354026556	0.218436873747495
0.0	0.0
0.0	1.0
-2.392454689470469e-06	1.0
0.0	1.0
0.0	1.0
0.0	0.08256880733944955
0.0	1.0
0.0	0.0
0.0	1.0
-1.241790641870466e-06	1.0
0.0	0.0
0.0	1.0
-0.05814787745475769	0.0
0.0	0.0
-8.539183937728012e-08	0.0
0.0	1.0
0.0	1.0
0.0	1.0
0.0	0.20689655172413793
-0.0021130896639078856	0.21256038647342995
-1.2382644172248547e-06	0.0
0.0	0.0
-0.0003284717386122793	1.0
-6.127413598733256e-07	1.0
0.0	0.2791411042944785
0.0	1.0
0.0	1.0
0.0	0.044642857142857144
-0.00011258551967330277	0.0
-1.1819070095953066e-05	0.0
0.0	0.0010695187165775401
0.0	0.0010695187165775401
-1.6593094187555835e-06	1.0
-0.002245973562821746	0.0
0.0	1.0
0.0	0.0
-0.00010421637853141874	0.011011011011011011
-0.003308640792965889	0.0
0.0	0.0
-1.85140706889797e-05	0.0
0.0	1.0
0.0	1.0
-0.0008670699899084866	0.0028011204481792717
0.0	1.0
-0.00021469111379701644	1.0
0.0	1.0
0.0	1.0
0.0	0.0
0.0	0.0
0.0	1.0
-0.0020867350976914167	0.0
0.0	1.0
0.0	1.0
0.0	1.0
-2.735629095695913e-06	0.0639269406392694
0.0	1.0
0.0	0.0
0.0	0.036
-2.4926594051066786e-05	0.036
-0.000568760558962822	1.0
-2.6844218155019917e-06	1.0
-0.0009307236177846789	1.0
-0.0004541793023236096	0.013
-1.1244915185670834e-06	0.013
0.0	1.0
0.0	0.0
0.0	1.0
0.0	0.0
0.0	1.0
0.0	0.01098901098901099
0.0	1.0
-1.998524930968415e-05	1.0
0.0	1.0
-0.0002927006862591952	0.0
0.0	1.0
0.0	1.0
-2.628588902098272e-07	1.0
0.0	1.0
0.0	0.0
-2.2012081899447367e-05	1.0
0.0	0.474
-0.0008591057267040014	1.0
0.0	1.0
0.0	1.0
-0.002925747772678733	0.0
-1.2306696817176999e-07	0.0
0.0	1.0
-0.00029273785185068846	0.0
-0.00038799087633378804	0.0
-0.0001654876978136599	1.0
0.0	1.0
0.0	0.0
-0.0030210227705538273	0.0
0.0	0.01603206412825651
-0.0003807918692473322	1.0
-0.007519781123846769	0.0
0.0	1.0
-1.340026665275218e-05	1.0
0.0	0.141
0.0	1.0
0.0	1.0
-5.0493667913542595e-06	0.0
0.0	1.0
0.0	0.0
-3.815677107610327e-09	0.046370967741935484
-0.002964298939332366	0.0
-0.01223715115338564	0.04852320675105485
-4.255383823092984e-10	0.0
0.0	0.0
0.0	0.04609218436873747
-0.001780382706783712	1.0
0.0	1.0
0.0	0.056372549019607844
-2.1422733809117744e-08	1.0
-0.002060329308733344	0.0
0.0	1.0
-7.613075285917148e-05	0.0
-1.0222823220829014e-05	1.0
-2.471147354299319e-06	1.0
-0.000146456528455019	1.0
-0.00201851106248796	0.0
-2.3655348968532053e-07	1.0
0.0	1.0
0.0	1.0
0.0	0.0
0.0	1.0
-0.00011356845789123327	1.0
0.0	1.0
0.0	0.0
0.0	0.0
-0.022840306162834167	0.0
0.0	1.0
0.0	0.0
0.0	0.006036217303822937
0.0	1.0
-4.666526054464271e-10	1.0
0.0	1.0
-4.042050028019162e-10	1.0
0.0	0.0
0.0	0.0
0.0	1.0
-0.00032715615816414356	1.0
0.0	1.0
-0.00021511375962290913	1.0
0.0	0.0
0.0	1.0
0.0	1.0
-4.650419214158319e-05	0.3116883116883117
-0.11083455383777618	0.0
0.0	0.0
0.0	1.0
-3.390867277630605e-05	1.0
-1.3263103028293699e-05	0.561
0.0	0.5843091334894613
0.0	0.0
-0.009895470924675465	0.0
-0.0005340873030945659	1.0
-0.0006477446877397597	1.0
0.0	1.0
0.0	1.0
-1.9895231162081473e-05	1.0
0.0	0.0020161290322580645
0.0	1.0
-0.00011902383266715333	1.0
-0.0009234417811967432	0.0
-5.8743944464367814e-06	1.0
0.0	0.0
0.0	1.0
0.0	0.0
0.0	1.0
0.0	1.0
0.0	0.0
0.0	0.0
-0.0015641647623851895	0.0
0.0	1.0
-2.504547592252493e-05	1.0
-6.540858066728106e-06	0.0
0.0	0.0
0.0	1.0
0.0	1.0
-2.2881538677688162e-11	1.0
0.0	1.0
-8.442494845439796e-07	1.0
-9.948204387910664e-05	0.0
0.0	0.053663570691434466
-4.240877614358762e-12	0.037037037037037035
-0.01985873654484749	0.0
-1.1530043586560623e-08	1.0
0.0	0.05651672433679354
-2.6816023179776494e-08	1.0
0.0	1.0
-5.885209247935563e-05	1.0
-0.00021888558694627136	1.0
0.0	0.0
-1.0083033885166515e-05	1.0
0.0	1.0
-0.04886803403496742	0.0
-0.0009886958869174123	0.002004008016032064
-0.002734716050326824	0.0
-5.20907133250148e-06	1.0
-3.377861139597371e-05	1.0
-2.4441063942504115e-05	1.0
-0.00011033471673727036	1.0
0.0	0.08791208791208792
0.0	1.0
0.0	1.0
-0.0013850757386535406	1.0
-2.6534041808190523e-06	1.0
0.0	1.0
0.0	1.0
-1.93179472418592e-09	1.0
0.0	1.0
0.0	1.0
0.0	0.0
-2.7949045033892617e-06	0.07709011943539631
-0.00011344609083607793	1.0
-0.002973450580611825	0.0
0.0	1.0
-3.214354933334107e-07	1.0
0.0	1.0
0.0	1.0
-6.3018655964697246e-06	1.0
0.0	1.0
-0.00023404305102303624	1.0
0.0	1.0
-2.4875137683011417e-07	1.0
0.0	1.0
0.0	1.0
-9.86656505119754e-06	1.0
0.0	1.0
0.0	0.02404809619238477
-0.0004728200729005039	1.0
0.0	1.0
-4.660660488298163e-05	0.0
0.0	1.0
0.0	0.0
-0.0026325888466089964	0.0
0.0	1.0
0.0	1.0
-0.0006296313367784023	1.0
0.0	0.0
0.0	1.0
-2.8720982300001197e-05	0.09090909090909091
0.0	1.0
0.0	1.0
0.0	1.0
-0.0017870035953819752	0.0
0.0	1.0
-0.00024018161639105529	1.0
0.0	0.0
-9.985177484850283e-07	1.0
0.0	0.0
0.0	1.0
0.0	1.0
-0.00010155907511943951	0.0
-4.7087979737625574e-08	0.0
0.0	0.0
-1.2748218068736605e-05	0.0
0.0	0.183
0.0	1.0
0.0	0.0010672358591248667
-2.3812624476704514e-06	0.0021344717182497333
-2.50869494067274e-08	1.0
-2.405093255219981e-06	0.128
-1.4930664704593255e-08	1.0
0.0	1.0
0.0	1.0
0.0	1.0
0.0	1.0
0.0	1.0
0.0	0.0
-2.274358121212572e-05	1.0
0.0	1.0
-0.0002421561803203076	0.0
-7.053130302026034e-10	1.0
0.0	1.0
-0.0008805610705167055	1.0
0.0	1.0
-0.0005938464892096817	1.0
0.0	1.0
0.0	0.0
0.0	1.0
0.0	1.0
-0.0007904712692834437	1.0
-8.214668923756108e-05	1.0
-0.019626595079898834	0.0
0.0	1.0
0.0	1.0
0.0	1.0
0.0	0.0
0.0	0.0
0.0	0.0
-0.0010022169444710016	0.0
0.0	0.645
0.0	1.0
0.0	1.0
0.0	1.0
0.0	0.0
0.0	1.0
0.0	1.0
0.0	1.0
-0.011816087178885937	0.0
-9.157605745713226e-06	0.002004008016032064
0.0	0.0
0.0	1.0
0.0	1.0
0.0	0.0
-5.4188102893704126e-08	1.0
-0.0024527853820472956	0.0
0.0	1.0
-0.0001725529000395909	1.0
0.0	0.0
0.0	0.0
0.0	1.0
0.0	1.0
-0.00014258999726735055	0.0
0.0	0.0
0.0	0.03792415169660679
0.0	1.0
-8.799253805591434e-07	1.0
0.0	1.0
-0.00029618089320138097	0.0
-0.0005195473786443472	1.0
0.0	0.0
0.0	0.0
-0.003051577601581812	1.0
0.0	1.0
-0.0020439361687749624	1.0
0.0	1.0
0.0	1.0
-3.733406986339283e-11	1.0
0.0	0.0
0.0	1.0
-1.5799576431163587e-05	0.03048780487804878
0.0	1.0
0.0	1.0
0.0	1.0
0.0	1.0
0.0	1.0
-0.0008976823883131146	0.5788834951456311
-2.16758853639476e-05	1.0
0.0	1.0
0.0	1.0
-1.1027885875591892e-06	1.0
-3.225643467885675e-06	1.0
0.0	1.0
-3.508404899932316e-09	1.0
0.0	1.0
0.0	1.0
0.0	0.0
-0.03849489986896515	0.0
0.0	1.0
0.0	1.0
0.0	1.0
0.0	0.004016064257028112
0.0	1.0
0.0	0.002109704641350211
0.0	1.0
0.0	0.0
-0.00018126910435967147	0.0
-0.00011692218686221167	1.0
0.0	0.018036072144288578
0.0	1.0
0.0	0.5020120724346077
-0.002518821507692337	0.0
-2.7279941150482045e-06	1.0
0.0	1.0
-2.250002944492735e-05	1.0
-2.1961807306070114e-06	0.004008016032064128
0.0	1.0
0.0	1.0
0.0	0.0
-0.000358772580511868	1.0
-0.004040115978568792	0.0
-1.4085962902754545e-06	1.0
0.0	0.0
-0.003318545175716281	0.2962962962962963
-6.196375034051016e-05	0.0
-0.00010184342681895941	1.0
0.0	1.0
-0.00013677557581104338	1.0
-1.4230026863515377e-05	0.0
-0.00028730547637678683	0.0
-1.1582378611763033e-08	1.0
0.0	0.002028397565922921
-3.8960275560384616e-05	1.0
-1.9104025739125063e-07	1.0
0.0	0.0
0.0	1.0
-5.172890269022901e-06	1.0
0.0	0.0
0.0	0.0
0.0	0.0
