0.0	0.0
0.0	0.0
-8.513033833423833e-09	1.0
-3.1145198590820655e-05	1.0
-0.00016530916036572307	1.0
0.0	1.0
0.0	1.0
0.0	1.0
0.0	1.0
0.0	0.0
-6.9990898055039e-07	1.0
0.0	0.0
0.0	0.0
-0.033405423164367676	0.0
-0.0007748275529593229	0.0
-0.0006376412347890437	1.0
0.0	0.0
-1.715661164780613e-05	0.35101404056162244
-9.564334504830185e-06	0.0
0.0	0.3125
-5.546106649489957e-07	1.0
0.0	0.0
0.0	1.0
0.0	0.003787878787878788
0.0	1.0
0.0	1.0
-0.0005837776116095483	1.0
0.0	1.0
0.0	1.0
0.0	0.6959826275787188
-3.187954644090496e-05	0.0054288816503800215
-7.075550820445642e-05	0.0
0.0	0.0
-8.2856733626957e-12	1.0
0.0	0.32857142857142857
-0.0005497588426806033	1.0
-0.0021578825544565916	1.0
0.0	1.0
0.0	0.0
-0.0012158099561929703	1.0
0.0	0.72
-9.443334420211613e-05	0.0
0.0	1.0
0.0	1.0
0.0	0.0
-0.0028603982646018267	1.0
-0.00021330737217795104	0.488
0.0	0.0
-0.00027417889214120805	1.0
0.0	1.0
0.0	1.0
-1.3962233424535953e-05	1.0
-4.079547943547368e-05	1.0
-0.00014192413073033094	1.0
0.0	1.0
0.0	0.0
0.0	0.0
0.0	1.0
0.0	1.0
0.0	0.0
0.0	0.03355704697986577
-3.4932801895593e-07	0.0014184397163120568
0.0	0.019659239842726082
0.0	0.6796657381615598
0.0	0.6487854251012146
-0.008855289779603481	0.0
-0.000581307103857398	1.0
0.0	0.0
0.0	0.0
-0.0029774168506264687	0.0
0.0	0.0010857763300760044
0.0	0.0
0.0	0.07907907907907907
0.0	0.0
0.0	0.0
0.0	0.0
-1.357143508684544e-09	0.0
-3.1762863272888353e-06	0.0
-1.080316224033595e-06	0.0
-9.164806442640838e-07	1.0
0.0	0.0
0.0	0.0
-7.922680379124358e-05	1.0
-0.0002728569961618632	0.0
0.0	0.0
-0.004204673692584038	1.0
-1.1115398734773407e-07	1.0
0.0	0.0
0.0	1.0
0.0	0.0
0.0	1.0
0.0	0.0
0.0	1.0
0.0	0.0
0.0	1.0
-1.1154730600537732e-05	0.0
-1.5215085795716732e-06	0.010714285714285714
-0.0026778040919452906	0.0
-0.001078942557796836	1.0
-0.0010625080903992057	0.0
-0.00029633319354616106	0.010714285714285714
-0.015547429211437702	0.0
0.0	0.0
0.0	1.0
-3.633409733083681e-06	0.0
0.0	1.0
0.0	1.0
-0.001754776225425303	0.0
-1.1486518047831851e-07	0.0
-0.007814973592758179	0.0
-2.6813335352926515e-05	0.0
0.0	0.0
-0.00015931972302496433	1.0
0.0	0.121
0.0	0.0
0.0	1.0
-0.00016461501945741475	1.0
0.0	1.0
-2.033749842667021e-05	0.0
-1.4885008567944169e-05	1.0
0.0	1.0
0.0	0.0
0.0	0.004
0.0	1.0
0.0	0.289
-0.007165918126702309	0.0
-0.028158092871308327	0.0
-0.0016371337696909904	0.0
0.0	1.0
-0.00012930520460940897	0.0
0.0	0.28
-2.650839633133728e-05	0.0
0.0	1.0
-0.006784804631024599	0.0
-0.018568070605397224	0.0
0.0	1.0
0.0	1.0
-7.733814709354192e-05	0.0
0.0	1.0
0.0	0.012195121951219513
0.0	0.0
0.0	1.0
0.0	1.0
-0.0004308097413741052	1.0
-0.00019418761075939983	0.0
0.0	1.0
0.0	1.0
-1.0476534043846186e-05	1.0
0.0	1.0
-0.0002707148378249258	0.0
-1.4321577168630029e-07	1.0
0.0	1.0
-1.2640881230652212e-08	0.0
0.0	0.0
0.0	0.0013869625520110957
0.0	0.0
0.0	0.001388888888888889
0.0	1.0
0.0	1.0
0.0	0.035398230088495575
0.0	0.0
0.0	0.028084252758274825
-2.3016350496618543e-06	1.0
-5.5392647482221946e-05	1.0
0.0	0.0021141649048625794
-0.0013990530278533697	1.0
0.0	0.08350951374207188
-0.001641459297388792	0.0
0.0	1.0
0.0	1.0
0.0	1.0
0.0	0.016
-3.0364515168912476e-07	0.0
0.0	0.0
0.0	0.9745989304812834
-0.0005441847606562078	1.0
0.0	0.28484231943031535
-0.000543825386557728	0.02361111111111111
-1.4644429938925896e-05	1.0
-0.00227373163215816	0.0
-0.00021702564845327288	0.14222222222222222
-0.007508514914661646	0.032
0.0	0.0
-0.0004824507632292807	0.0
0.0	0.0
0.0	0.0
-4.2674374450824004e-11	1.0
0.0	1.0
-5.0902977818623185e-05	1.0
0.0	0.0
-1.5109633295651292e-06	0.0
-4.055995668750256e-05	1.0
-6.245998918075202e-08	0.0
0.0	1.0
-0.00043559682671912014	1.0
-0.00012509561202023178	1.0
-0.001913386513479054	0.0
-6.326128641376272e-06	0.9
-3.027087132068118e-07	0.28
0.0	0.0
0.0	1.0
0.0	1.0
0.0	1.0
-0.0004958838107995689	0.4117647058823529
0.0	1.0
0.0	0.11373092926490985
-0.006788710132241249	0.1539961013645224
0.0	1.0
0.0	0.09974747474747475
-2.5301607597255638e-12	1.0
0.0	1.0
-0.02921251766383648	0.043478260869565216
0.0	1.0
-0.0011377407936379313	0.007194244604316547
-0.0011237706057727337	1.0
-3.061772304135957e-06	1.0
0.0	1.0
0.0	0.0
0.0	1.0
-2.5225052013411187e-05	0.8902777777777777
-4.480802090256475e-06	1.0
0.0	1.0
-7.192976880787683e-08	0.0
-2.4693355953786522e-05	0.921
-0.000837664701975882	1.0
-0.00015624442312400788	0.0
-3.7368401706316945e-08	1.0
0.0	1.0
-0.0012926850467920303	0.0
-1.1175272447871976e-05	1.0
-9.540140126773622e-06	1.0
-0.035072434693574905	0.0
-0.004408778622746468	0.0
-3.2245711736322846e-06	1.0
0.0	1.0
0.0	1.0
0.0	1.0
-1.2553821761684958e-05	1.0
-7.619886218890315e-06	0.0
0.0	1.0
0.0	1.0
0.0	1.0
0.0	1.0
0.0	0.1
-0.0006621433421969414	1.0
0.0	1.0
0.0	0.1144927536231884
0.0	1.0
-0.028495699167251587	0.0
-0.004987854976207018	0.08247422680412371
-0.000317991100018844	1.0
0.0	0.9705882352941176
0.0	0.03176341730558598
0.0	1.0
0.0	0.0
0.0	1.0
0.0	0.0
0.0	1.0
-3.780166298383847e-05	0.0
0.0	1.0
-0.00012335370411165059	1.0
0.0	1.0
-8.469820386380889e-06	1.0
-0.005625372752547264	0.0
0.0	0.11126760563380282
0.0	0.0
-0.003156535793095827	0.0
-2.2776443074690178e-05	0.0797979797979798
0.0	0.0797979797979798
-2.9768560239062936e-07	1.0
0.0	0.0
0.0	0.72
-0.0002368597051827237	1.0
0.0	1.0
-7.079645729390904e-05	0.0
-2.987247071928323e-08	0.0
0.0	0.016
-0.1711927205324173	0.0
0.0	1.0
0.0	1.0
0.0	1.0
-8.232309482991695e-05	1.0
-7.847621418477502e-06	1.0
-8.646398782730103e-05	0.0
0.0	0.004103967168262654
-0.0031661326065659523	0.0
-1.9007273976967554e-08	1.0
0.0	1.0
-4.106711628537596e-07	0.0
0.0	0.9714285714285714
-0.0006353437202051282	0.0
-0.00011119068949483335	1.0
0.0	0.0
0.0	0.03583617747440273
0.0	0.0
-0.02762521244585514	0.0
0.0	1.0
-2.63601523329271e-05	1.0
-6.169020252855262e-06	1.0
-0.001862655975855887	0.03308270676691729
0.0	1.0
0.0	1.0
0.0	1.0
-0.0005812977906316519	1.0
0.0	0.19915254237288135
0.0	0.1111111111111111
0.0	0.72
0.0	0.0
0.0	1.0
0.0	1.0
0.0	0.0
0.0	1.0
-1.259093607153261e-09	0.0
0.0	1.0
0.0	0.0
0.0	0.002
0.0	0.6416416416416416
0.0	0.0
-0.0001173210985143669	1.0
0.0	1.0
0.0	0.0
-0.002040392253547907	0.0
0.0	1.0
-0.002938514808192849	1.0
0.0	0.0
0.0	0.0
-0.0011401353403925896	1.0
-0.00011272158735664561	1.0
-1.5900893401976646e-07	1.0
0.0	1.0
-5.743551330728793e-18	1.0
-1.6373850257878075e-06	1.0
-7.210458534245845e-06	0.0
-0.00024697353364899755	0.17318435754189945
0.0	1.0
0.0	0.9818763326226013
-0.001626801211386919	0.0
-7.033254223642871e-05	1.0
0.0	1.0
-2.3748680177959614e-05	0.0
-2.3795499259904318e-07	1.0
0.0	0.003787878787878788
0.0	1.0
-0.0001341501483693719	1.0
-8.106994937406853e-05	1.0
-0.0004390139947645366	1.0
-1.8072012608172372e-05	1.0
-0.00838147010654211	0.0
0.0	1.0
-0.00048817205242812634	0.10606060606060606
0.0	1.0
0.0	1.0
-7.10760650690645e-05	1.0
0.0	1.0
0.0	0.0
-0.005075640976428986	0.025069637883008356
-0.0004508848360273987	1.0
-9.618112528642087e-09	1.0
-1.2443261709904618e-07	0.983
0.0	0.6571428571428571
-4.828447686122672e-08	1.0
0.0	1.0
0.0	1.0
0.0	0.0
0.0	1.0
0.0	1.0
0.0	1.0
0.0	0.0
0.0	1.0
-1.821234292265217e-07	1.0
0.0	0.284
0.0	1.0
0.0	1.0
-3.239968571211449e-10	0.0
0.0	1.0
-1.0659206282070954e-06	1.0
-7.208006991277216e-06	0.0
-4.54495996393689e-09	1.0
0.0	1.0
0.0	0.0
0.0	1.0
0.0	0.001388888888888889
-0.00010265994933433831	1.0
-0.0038972978945821524	0.0
-6.726290303049609e-05	1.0
-0.00032977337832562625	1.0
0.0	0.08611111111111111
-0.0016117842169478536	1.0
0.0	1.0
-0.00023272904218174517	1.0
0.0	1.0
0.0	1.0
-1.5660210920032114e-05	0.0
-7.523549072629976e-08	0.0
0.0	1.0
-5.6251551541208755e-06	0.0015600624024961
0.0	1.0
-0.07098188996315002	0.0
0.0	0.30501089324618735
0.0	0.0
0.0	1.0
0.0	0.12792511700468018
0.0	0.0
0.0	1.0
-1.902372900985938e-06	1.0
-4.529004513642576e-07	0.0
0.0	1.0
0.0	1.0
0.0	1.0
0.0	1.0
0.0	1.0
0.0	0.28
-1.773005298133512e-09	1.0
0.0	0.0035714285714285713
-2.6547974929513884e-09	0.0
0.0	0.0
0.0	1.0
-0.00030117921414785087	1.0
-0.002368953311815858	0.0
0.0	1.0
0.0	1.0
0.0	1.0
0.0	0.0
0.0	0.1
-0.0382322333753109	0.0
0.0	0.0
0.0	1.0
0.0	0.3065217391304348
-0.0033204653300344944	0.0
-0.010543872602283955	0.0031201248049922
0.0	0.0
0.0	0.0
0.0	0.0
0.0	1.0
-2.8302051759965252e-06	1.0
-5.874422281948455e-09	0.0
0.0	0.0
-3.6937093682354316e-05	0.133
0.0	0.0
0.0	0.0
0.0	1.0
0.0	0.0
-0.010428079403936863	0.0
0.0	1.0
-0.000863553723320365	1.0
-0.00022955289750825614	1.0
-4.669743248086888e-06	1.0
-0.001410794910043478	0.0
0.0	1.0
-0.0033534204121679068	0.0
0.0	1.0
0.0	0.0
-0.001338849775493145	1.0
-0.030076902359724045	0.0
-1.4716251826030202e-06	0.28
0.0	0.0
-1.164188006441691e-06	0.0
0.0	1.0
0.0	0.0
0.0	0.0
-0.0012620516354218125	0.0
-0.014672353863716125	0.0
0.0	1.0
0.0	1.0
0.0	0.0
0.0	1.0
0.0	1.0
-9.130270655077766e-07	0.011337868480725623
0.0	0.0
-0.0002394625189481303	0.0
0.0	1.0
-0.0010280587011948228	0.0
-0.0025393348187208176	0.004036326942482341
0.0	1.0
0.0	0.02361111111111111
-1.7919189465587237e-09	0.03214285714285714
0.0	1.0
0.0	0.1
0.0	0.0
0.0	1.0
0.0	1.0
0.0	1.0
0.0	1.0
0.0	1.0
-0.00011481675028335303	0.0
-3.590991400415078e-05	0.0
-0.0005441095563583076	0.0
0.0	1.0
-2.277518797200173e-05	0.0
0.0	0.0
0.0	1.0
0.0	1.0
-0.0060436418280005455	0.0
0.0	0.0
0.0	0.0
-1.1980405556499818e-10	0.0
0.0	0.0
0.0	1.0
-0.006909852381795645	0.0
0.0	0.0
0.0	1.0
0.0	0.0
0.0	0.0
0.0	1.0
-2.7675107485639755e-16	1.0
0.0	1.0
0.0	1.0
-0.0008722617640160024	0.0
0.0	1.0
0.0	0.0
-0.0016796387499198318	1.0
0.0	1.0
-0.004076311830431223	1.0
0.0	0.0
0.0	0.0
0.0	0.0
0.0	0.009771986970684038
-0.016966547816991806	0.09090909090909091
0.0	0.0
0.0	1.0
0.0	1.0
-0.00023324017820414156	1.0
0.0	0.0
-6.239480399017339e-07	1.0
0.0	0.0
0.0	1.0
0.0	1.0
0.0	0.0
0.0	1.0
-1.7147976372200446e-09	0.281
0.0	0.0
0.0	0.0
0.0	1.0
0.0	1.0
0.0	1.0
0.0	1.0
0.0	1.0
0.0	1.0
-5.549418710870668e-05	0.0
-5.633214095723815e-05	0.0
-0.0003415506216697395	1.0
0.0	1.0
0.0	1.0
0.0	1.0
-0.002653626026585698	1.0
0.0	0.0
0.0	0.0
0.0	0.0
-6.204581950441934e-07	0.0
0.0	1.0
0.0	1.0
0.0	0.07907907907907907
0.0	0.07907907907907907
-2.893745829624095e-07	1.0
0.0	1.0
0.0	1.0
0.0	1.0
-2.7656942620524205e-05	0.0
-0.00010576201020739973	1.0
0.0	1.0
0.0	1.0
-6.00242583459476e-06	1.0
-1.8970871451529092e-06	0.0
-0.008034088648855686	0.0
0.0	0.0
0.0	1.0
-0.00030876760138198733	0.0
-0.0002000347012653947	0.236
-1.3091085507288547e-11	1.0
0.0	0.0
0.0	1.0
0.0	1.0
0.0	1.0
0.0	0.0
0.0	0.0
-0.00017695561109576374	0.0
-6.934058092156192e-07	0.0
-3.6411811379366554e-06	0.0
-4.205428467685124e-06	0.641
-1.2777965707755357e-07	0.0
0.0	1.0
0.0	1.0
0.0	1.0
-0.00023000249348115176	1.0
0.0	0.43525741029641185
-3.273983020335436e-05	0.0
0.0	1.0
0.0	1.0
0.0	0.0
0.0	1.0
0.0	0.0
-4.198676322175743e-07	1.0
0.0	1.0
0.0	0.0
-5.91663338127546e-05	0.014
-2.0935757294449076e-10	0.0
0.0	0.0
0.0	0.0
-0.0042538270354270935	0.0
0.0	1.0
0.0	0.0
-0.0006047131028026342	1.0
0.0	1.0
0.0	1.0
0.0	1.0
0.0	0.0
0.0	0.0
0.0	1.0
-0.0007480188505724072	1.0
0.0	0.0
0.0	0.12142857142857143
0.0	1.0
0.0	0.7453416149068323
0.0	0.0
-0.0018606875091791153	0.0
-0.00042278532055206597	0.0
-5.917291656665213e-10	1.0
0.0	1.0
0.0	1.0
-0.0014806214021518826	1.0
-1.429863800694875e-07	1.0
-1.4726970221090596e-06	1.0
0.0	1.0
0.0	1.0
-0.0005347657715901732	1.0
-0.000257987470831722	1.0
0.0	0.72
0.0	0.0
0.0	0.0
0.0	1.0
-0.00010345301416236907	1.0
0.0	1.0
0.0	1.0
0.0	1.0
0.0	0.0
0.0	1.0
