0.0	0.0
0.0	1.0
0.0	1.0
0.0	1.0
-1.1848924259538762e-06	0.0010660980810234541
0.0	0.062062062062062065
-0.00012703478569164872	1.0
-0.001967557007446885	0.0
0.0	0.0
0.0	0.0
0.0	0.018498367791077257
0.0	0.0
0.0	1.0
0.0	1.0
0.0	0.0
0.0	1.0
0.0	0.0
0.0	0.0
-0.012893792241811752	0.0
0.0	1.0
0.0	1.0
-1.573147301314748e-08	1.0
0.0	1.0
0.0	0.0
0.0	0.0
0.0	0.0
0.0	1.0
-3.42378334607929e-05	1.0
0.0	1.0
0.0	0.0
0.0	1.0
-1.101015072890732e-06	1.0
0.0	0.0
-0.004615797661244869	0.0
0.0	1.0
-2.411128116364125e-05	1.0
0.0	1.0
-0.006563222501426935	0.0
0.0	0.0
0.0	1.0
-4.5023199057858676e-10	0.0
-0.0009005828760564327	1.0
0.0	1.0
0.0	0.0010330578512396695
0.0	1.0
0.0	0.038
0.0	0.0
0.0	1.0
-2.0456614038266707e-06	1.0
0.0	0.0
-0.00018761956016533077	1.0
-0.0001259238924831152	0.0
-0.00027004716685041785	0.0
0.0	1.0
0.0	1.0
-7.222640851978213e-05	1.0
0.0	1.0
0.0	1.0
0.0	1.0
0.0	0.0
0.0	1.0
-0.0008554129162803292	0.0
0.0	0.0
0.0	1.0
-0.0008353921002708375	1.0
0.0	1.0
0.0	1.0
0.0	1.0
-0.001533360336907208	0.0
0.0	0.0
-1.1342577987960567e-09	1.0
0.0	0.0
-0.0011653215624392033	0.0
-2.7282925657345913e-05	1.0
-0.0015590372495353222	1.0
-0.0012315924977883697	0.66
-4.914577948511578e-05	1.0
-0.00014169802307151258	0.0
0.0	1.0
0.0	1.0
0.0	1.0
-7.374801498372108e-06	1.0
-0.024144437164068222	0.0
-8.873863407643512e-06	1.0
-7.773024321977573e-07	0.1267605633802817
0.0	1.0
0.0	1.0
0.0	0.0
-1.1342574907757808e-05	1.0
0.0	1.0
0.0	1.0
-8.032126061152667e-06	1.0
0.0	0.0
0.0	0.0
0.0	0.0
-1.3590142771136016e-05	1.0
-2.1098480829095934e-07	1.0
0.0	0.0
0.0	0.0
0.0	0.0019880715705765406
-0.0006607800023630261	1.0
0.0	0.0
0.0	1.0
0.0	1.0
0.0	1.0
0.0	0.0
0.0	1.0
0.0	1.0
0.0	0.0
0.0	1.0
0.0	0.0
0.0	0.0035294117647058825
0.0	1.0
0.0	0.0037359900373599006
0.0	0.0037735849056603774
-5.2192855946486816e-05	1.0
0.0	0.0
0.0	1.0
0.0	1.0
-3.9848666588682136e-09	1.0
0.0	1.0
-1.0900792268841997e-08	0.0
0.0	1.0
0.0	1.0
0.0	1.0
-0.08297202736139297	0.0
0.0	0.0728744939271255
0.0	0.0
0.0	0.0
-0.0004898487241007388	1.0
-9.764509741216898e-05	0.010050251256281407
-3.396256943233311e-05	0.0
-0.0005848381551913917	1.0
0.0	0.0
-1.1882943908858579e-05	1.0
0.0	1.0
0.0	1.0
0.0	0.0
0.0	1.0
-4.6967517846496776e-05	0.8763066202090593
-2.582615898916174e-09	0.8763066202090593
-3.779985657814677e-09	1.0
0.0	0.021505376344086023
0.0	0.0
-0.0005030723987147212	1.0
0.0	0.5823466092572659
0.0	1.0
0.0	0.11392405063291139
-3.157465471304022e-05	1.0
-6.38067774616502e-07	1.0
0.0	0.0
0.0	1.0
-4.75306915177498e-05	1.0
0.0	0.0
0.0	0.0
-0.002255493076518178	0.007731958762886598
-6.758791073480097e-07	1.0
0.0	0.0
0.0	1.0
0.0	0.0
0.0	0.0
0.0	1.0
-0.0010447700042277575	0.07965554359526372
0.0	1.0
-0.005451056640595198	0.0
-2.4913153538363986e-05	1.0
0.0	1.0
0.0	1.0
-0.00028728527831844985	0.0
-0.0073404680006206036	0.0
-0.00025730073684826493	1.0
-0.00026701544993557036	1.0
0.0	1.0
0.0	0.0
0.0	0.0
0.0	0.0
-0.0002309521660208702	1.0
-1.5569530660286546e-05	0.06015037593984962
-5.283173777570482e-06	1.0
-0.001170088886283338	0.0
0.0	0.0
-2.5233321139239706e-05	1.0
0.0	1.0
-2.9450941951836285e-07	1.0
-9.612630265110056e-07	1.0
0.0	0.0
0.0	1.0
0.0	1.0
0.0	1.0
-3.160880442010239e-05	1.0
0.0	1.0
-0.00493460102006793	0.0
-1.6284066362004523e-07	1.0
-2.865640817617532e-05	1.0
0.0	0.0
0.0	1.0
-0.003700346453115344	1.0
0.0	1.0
-6.055494594647826e-08	1.0
-2.760530435352848e-07	1.0
0.0	1.0
0.0	1.0
0.0	1.0
-6.48835557512939e-05	1.0
0.0	0.0
-0.0325697623193264	0.0
0.0	1.0
-0.016839241608977318	0.0
0.0	1.0
-0.000664849707391113	1.0
0.0	1.0
0.0	1.0
0.0	1.0
0.0	1.0
0.0	0.0
-0.0008777983603067696	1.0
0.0	1.0
0.0	1.0
-6.16293078792296e-08	1.0
0.0	0.022044088176352707
-0.0012593644205480814	1.0
0.0	1.0
0.0	1.0
0.0	1.0
-7.640619514859281e-06	0.0
0.0	0.0
0.0	1.0
0.0	0.10010764262648009
0.0	1.0
0.0	1.0
0.0	0.009389671361502348
0.0	1.0
0.0	0.0
0.0	1.0
0.0	0.0
-0.00026863988023251295	1.0
-1.3106052701439275e-11	0.0
-0.0018573906272649765	0.0
-0.0002664458588697016	1.0
0.0	1.0
-0.025538641959428787	0.0
0.0	0.06896551724137931
0.0	1.0
0.0	1.0
-0.0009997597662732005	0.0
0.0	0.0
-0.0003920883173123002	1.0
0.0	0.0
-0.016023701056838036	0.014084507042253521
-5.7227782235713676e-05	0.0
-0.0006596268503926694	0.009248554913294798
0.0	0.009248554913294798
-0.005569073371589184	0.0
0.0	0.0
-0.007279197219759226	0.0
0.0	1.0
-0.000597869569901377	1.0
0.0	0.0
0.0	1.0
-0.0001234400406247005	1.0
0.0	1.0
-5.407307071436662e-06	1.0
-4.0444134356221184e-05	1.0
0.0	1.0
-0.0015037936391308904	1.0
0.0	1.0
-1.5870035952048056e-07	0.0
0.0	0.0
-0.00010371092503191903	1.0
-0.0025454624556005	0.0043859649122807015
-3.144271829569334e-07	0.0
0.0	1.0
0.0	0.0
0.0	0.0
-0.0005044156569056213	0.0
-0.002857280895113945	0.0
0.0	0.0
0.0	0.0
0.0	0.0
0.0	1.0
0.0	0.023474178403755867
0.0	1.0
0.0	0.0
0.0	1.0
0.0	1.0
-0.0005196230486035347	1.0
0.0	0.0
0.0	0.0
0.0	1.0
0.0	1.0
0.0	0.0
-0.002266786526888609	1.0
-1.5761207805553568e-06	0.0
0.0	1.0
0.0	0.0
-2.490898077667225e-05	1.0
-0.00034839106956496835	1.0
0.0	1.0
-0.019811421632766724	0.0
0.0	0.503
-0.0028957887552678585	1.0
0.0	1.0
-0.006280436646193266	0.0
0.0	1.0
0.0	1.0
0.0	0.028938906752411574
0.0	0.0
0.0	1.0
0.0	0.0
0.0	0.38391038696537677
-4.6683212850950895e-09	1.0
0.0	1.0
0.0	1.0
0.0	1.0
0.0	1.0
0.0	0.0
0.0	1.0
-0.0010120124788954854	0.373015873015873
-0.0002039963292190805	1.0
0.0	1.0
-0.0001035550085362047	1.0
0.0	1.0
0.0	0.938
0.0	0.0
-0.00012084571790182963	0.0
0.0	1.0
-0.0001415220322087407	0.0
-2.512888841010863e-06	0.0
0.0	1.0
-0.0009606790263205767	0.017
-1.2561296447444192e-09	1.0
-6.929634537300444e-07	0.0
0.0	0.0
-0.002598097315058112	0.001
0.0	1.0
0.0	1.0
0.0	1.0
0.0	0.001001001001001001
0.0	1.0
0.0	1.0
-5.318231615092373e-07	0.0
0.0	1.0
-5.0143331463914365e-05	0.0
-0.005574589129537344	0.0
0.0	1.0
0.0	1.0
-2.2076143068261445e-05	0.13306451612903225
-1.6912754833772747e-12	1.0
0.0	0.432
0.0	1.0
0.0	0.0
0.0	0.0
-2.1757612103101565e-06	1.0
0.0	0.0
0.0	1.0
-9.838638652581722e-05	1.0
0.0	1.0
-1.9650794325087872e-09	0.0
0.0	1.0
0.0	1.0
-4.603951992976363e-07	1.0
-0.00097869080491364	0.0
-0.005201413761824369	0.0
0.0	0.0
0.0	1.0
0.0	1.0
0.0	1.0
0.0	1.0
0.0	1.0
0.0	1.0
-0.0012935457052662969	1.0
0.0	0.0
-0.0001588796585565433	1.0
-1.061620787368156e-05	1.0
-0.00030226141097955406	1.0
0.0	1.0
0.0	0.0
0.0	1.0
0.0	1.0
-0.0040259165689349174	0.0
-1.328574171566288e-06	1.0
0.0	1.0
0.0	1.0
-5.52140722032135e-10	1.0
0.0	1.0
0.0	0.0
-0.010558167472481728	0.0
-9.047044295584783e-05	1.0
0.0	0.0
0.0	1.0
-2.2677975203424334e-15	1.0
-2.518119401884178e-07	0.0041753653444676405
-0.006775842513889074	0.0
0.0	0.0
0.0	1.0
0.0	0.0
0.0	0.0
0.0	0.0
0.0	0.0
-1.5509998263496527e-07	1.0
-2.6226412956020795e-05	0.005
0.0	1.0
0.0	0.0
0.0	1.0
0.0	1.0
-8.097232239379082e-06	1.0
0.0	1.0
0.0	1.0
0.0	1.0
0.0	0.126
0.0	1.0
-6.751682667527348e-05	0.04718875502008032
0.0	0.0
0.0	1.0
0.0	1.0
0.0	0.0
-7.219283725135028e-05	1.0
-3.8921174564165995e-05	0.0
0.0	0.0
0.0	0.0
-3.2514366199443145e-10	0.11032863849765258
0.0	1.0
0.0	1.0
-0.0008820731891319156	1.0
0.0	1.0
-0.0002971355279441923	0.0
0.0	1.0
-1.0843328936971375e-06	1.0
-5.530450408741672e-08	1.0
0.0	1.0
0.0	1.0
0.0	1.0
0.0	0.0
0.0	1.0
0.0	1.0
-9.963645425159484e-05	1.0
0.0	1.0
0.0	0.002347417840375587
0.0	1.0
0.0	1.0
-2.8956532332813367e-05	1.0
0.0	0.001
0.0	0.0
-3.924228440155275e-05	1.0
-0.0006835716194473207	0.001
-0.0002249193930765614	1.0
0.0	1.0
0.0	1.0
0.0	1.0
0.0	0.0
0.0	0.0
0.0	0.0
-4.903903027297929e-05	0.0
0.0	1.0
-0.0030123356264084578	0.074
-0.0002818354987539351	0.0
0.0	0.0
0.0	1.0
0.0	1.0
-0.00041046232217922807	1.0
0.0	0.0
0.0	1.0
0.0	1.0
-7.315807124541607e-07	1.0
-1.0157425302335238e-13	1.0
-0.00205778400413692	1.0
0.0	1.0
0.0	0.0
-5.662584116883362e-13	0.0
-0.004814540967345238	0.0
0.0	0.0
0.0	1.0
0.0	1.0
0.0	0.0
0.0	1.0
0.0	1.0
0.0	1.0
0.0	1.0
0.0	0.0
-2.196028162870789e-06	1.0
-0.0004362842009868473	0.0
-2.0674124634467717e-09	0.0
0.0	1.0
0.0	1.0
-1.36053704409278e-05	1.0
-2.0933498490194324e-08	0.0
-0.0006788731552660465	0.007
-0.0020946799777448177	1.0
0.0	0.0
0.0	1.0
0.0	1.0
0.0	0.15217391304347827
-0.00043608149280771613	0.0
-9.053864778252319e-05	1.0
-0.011116604320704937	0.0
-0.0018420963315293193	1.0
0.0	1.0
-0.00022643888951279223	0.0
0.0	1.0
-1.1825216006400296e-06	0.0
0.0	1.0
0.0	1.0
0.0	1.0
0.0	1.0
0.0	1.0
0.0	1.0
0.0	0.0
-0.0018942654132843018	0.0
0.0	0.0
-0.0017457249341532588	1.0
0.0	1.0
0.0	0.006185567010309278
-0.00014844717225059867	1.0
0.0	1.0
0.0	0.5156081808396125
0.0	1.0
-0.0007472238503396511	0.10974106041923551
0.0	0.0
0.0	0.0
-0.000986713101156056	1.0
0.0	0.15737051792828685
-6.686062192784448e-08	1.0
-0.00040747562889009714	0.0
0.0	1.0
0.0	0.004081632653061225
-5.229334783507511e-05	1.0
-0.01199187058955431	0.0
0.0	1.0
-5.5425452956114896e-06	1.0
-0.0001132959732785821	1.0
0.0	1.0
0.0	0.0
0.0	0.0
-1.0061196320521049e-08	0.0
0.0	0.0
0.0	1.0
0.0	1.0
-2.880194870158448e-06	1.0
0.0	0.7659574468085106
-7.941998046590015e-05	1.0
-0.0007074078894220293	1.0
0.0	1.0
0.0	0.0
-0.00156614079605788	0.010356731875719217
0.0	1.0
-0.015138844028115273	0.0011507479861910242
0.0	0.0011507479861910242
-1.7979027688852511e-06	1.0
-1.91652088687988e-06	1.0
-3.679902818021219e-07	0.0
0.0	1.0
0.0	0.091
0.0	0.091
0.0	0.0
0.0	0.0
0.0	0.162
-0.00039469185867346823	1.0
0.0	0.23541247484909456
0.0	0.0
-0.0006245707045309246	1.0
0.0	1.0
0.0	1.0
0.0	1.0
-1.4961964325266308e-06	1.0
-0.0411643385887146	0.0
0.0	1.0
-9.833877265919e-05	1.0
-3.584972546377685e-06	1.0
0.0	1.0
0.0	0.45067497403946
0.0	1.0
-0.0003115315630566329	0.0
0.0	0.42943548387096775
0.0	1.0
