-1.0410188224341255e-05	0.0
0.0	0.0
-0.00105071603320539	0.0
-0.0012080464512109756	0.0
-2.3237802793119045e-08	1.0
0.0	0.0
0.0	0.0
0.0	0.0
0.0	1.0
0.0	0.0
0.0	1.0
0.0	1.0
0.0	1.0
0.0	0.0
-0.002943697152659297	0.0
0.0	1.0
0.0	0.0
0.0	1.0
-4.780634299095254e-06	0.0
0.0	0.983
-2.3250328013091348e-05	1.0
0.0	1.0
-0.0006529729580506682	0.0
0.0	1.0
-0.020226046442985535	0.0
0.0	0.0
0.0	1.0
0.0	1.0
0.0	1.0
-6.1678917182006465e-12	1.0
-0.0005868072039447725	1.0
-2.8252875011709018e-15	0.0
0.0	1.0
0.0	1.0
-0.0001668296754360199	1.0
-6.795008555826598e-09	1.0
0.0	1.0
-0.00010922037472482771	0.0
0.0	0.0
0.0	1.0
-0.00014148812624625862	1.0
-1.2979479834029917e-05	0.10734463276836158
0.0	1.0
-0.00016273115761578083	0.0
-0.0003792510833591223	0.0
0.0	0.0
0.0	1.0
-2.0289004169171676e-05	1.0
0.0	0.021377672209026127
0.0	1.0
-0.0010094557655975223	0.0
-6.132548833193141e-07	0.084
-1.8766874063658179e-06	0.0
-0.0003706739516928792	1.0
0.0	1.0
-0.06574875861406326	0.0
0.0	0.0
0.0	0.0
-1.8236785308545223e-06	0.0
0.0	0.019
-0.013757610693573952	0.0
-1.1093168268416775e-06	1.0
0.0	0.026449643947100712
-3.2365376227971865e-06	1.0
0.0	0.3252212389380531
0.0	0.0
-2.5735715780683677e-08	1.0
0.0	1.0
-0.002290553180500865	0.0
-0.00012784857244696468	0.0
-2.272468213604384e-09	1.0
-5.876752879885316e-07	1.0
0.0	1.0
-0.0018165758810937405	1.0
-0.00013419039896689355	0.0
-0.011335334740579128	0.0
0.0	0.0
0.0	1.0
0.0	1.0
0.0	0.03179650238473768
0.0	1.0
0.0	1.0
-0.0008984548621810973	1.0
-0.062329407781362534	0.0
0.0	1.0
-1.0657326754426322e-07	1.0
0.0	0.0
0.0	0.199288256227758
0.0	1.0
0.0	1.0
0.0	0.1848101265822785
0.0	0.08957055214723926
0.0	0.0
-0.004456310532987118	0.11764705882352941
0.0	0.002157497303128371
0.0	0.0
0.0	0.0
-2.404979386483319e-05	1.0
-0.015479180961847305	0.0
0.0	1.0
0.0	0.0
0.0	0.0
0.0	0.0
0.0	1.0
0.0	1.0
0.0	0.0024509803921568627
0.0	0.207909604519774
-4.776014250751359e-09	0.1923963133640553
0.0	0.0
-0.0007091620936989784	1.0
-0.0009299743687734008	1.0
0.0	1.0
-0.0016162005485966802	0.0036855036855036856
-3.1768096960149705e-05	1.0
0.0	1.0
0.0	1.0
0.0	0.0
0.0	0.0
0.0	0.0
0.0	1.0
0.0	1.0
0.0	1.0
0.0	0.09974747474747475
-0.0007372266845777631	1.0
-0.0001454913872294128	1.0
0.0	1.0
-7.13797544449335e-06	1.0
-0.00023252460232470185	0.005952380952380952
-0.000402908306568861	1.0
-0.0037396687548607588	0.0
-0.00021809362806379795	1.0
0.0	1.0
-0.0091427993029356	0.0
-1.8739101506071165e-05	1.0
-0.0010680622654035687	1.0
0.0	0.0
-1.97493349674005e-07	1.0
0.0	0.022172949002217297
0.0	0.0
-3.148766381855239e-06	1.0
0.0	0.0
0.0	1.0
-0.0005192902754060924	1.0
0.0	1.0
-3.96285895476467e-06	0.0
0.0	1.0
-4.22871806904368e-07	0.53954802259887
0.0	1.0
-9.84088501354563e-07	1.0
0.0	1.0
0.0	0.0
-9.203178342431784e-05	1.0
0.0	1.0
0.0	0.0
-4.616292699211044e-07	1.0
0.0	0.0
0.0	1.0
-0.00023472814064007252	0.001017293997965412
0.0	0.0
0.0	0.0
-0.004277762956917286	0.005197505197505198
0.0	0.005107252298263534
-0.0004494431777857244	0.004158004158004158
-3.787923196796328e-05	1.0
0.0	0.0
0.0	0.0
-2.471402922310517e-06	1.0
0.0	0.0
0.0	0.0
0.0	0.0
-6.113251771466821e-08	1.0
0.0	0.0
0.0	1.0
-0.010132305324077606	0.0
0.0	1.0
0.0	1.0
0.0	1.0
0.0	0.0
0.0	0.0
-3.7838109483493126e-15	1.0
0.0	0.0
0.0	1.0
-0.0025747225154191256	0.0
0.0	1.0
0.0	1.0
0.0	0.0
-3.04956738546025e-05	0.0
-0.0008837928180582821	0.01627670396744659
-8.935969162848778e-06	1.0
-8.105553206405602e-06	1.0
0.0	0.001037344398340249
-0.0063310773111879826	1.0
0.0	0.06451612903225806
0.0	0.0
0.0	0.0
0.0	0.0
0.0	1.0
0.0	1.0
0.0	1.0
0.0	1.0
0.0	1.0
0.0	0.0
0.0	0.983
0.0	1.0
-3.4500438617079965e-10	0.0
0.0	0.0
0.0	1.0
0.0	1.0
0.0	0.0
0.0	1.0
0.0	0.0
-0.0019945858512073755	0.0
0.0	1.0
-3.895664121955633e-05	1.0
0.0	1.0
0.0	0.0
-0.000337616860633716	1.0
-1.8839149561244994e-05	1.0
0.0	1.0
-0.0009331442997790873	1.0
0.0	1.0
0.0	1.0
0.0	0.983
-9.966162906493992e-06	1.0
0.0	0.0
0.0	0.4343558282208589
0.0	1.0
0.0	1.0
0.0	0.0
0.0	0.0
0.0	1.0
0.0	0.0
0.0	1.0
0.0	1.0
0.0	1.0
-3.3859080303955125e-06	0.0
0.0	0.0
0.0	1.0
0.0	1.0
0.0	1.0
0.0	0.0
0.0	1.0
0.0	0.2039911308203991
-0.0023391416762024164	0.0
0.0	0.0
0.0	0.0
0.0	1.0
-0.021633634343743324	0.0
0.0	1.0
0.0	1.0
0.0	0.0
-5.719714863516856e-06	0.0
0.0	1.0
0.0	0.0
0.0	1.0
0.0	1.0
-0.015576478093862534	0.0
-1.397464615138233e-07	1.0
0.0	0.0
0.0	1.0
0.0	1.0
-0.0001754879194777459	0.0
0.0	0.0
-0.0016041988274082541	0.0
-0.0024577935691922903	1.0
-9.687882084108423e-06	1.0
0.0	1.0
0.0	1.0
0.0	1.0
0.0	0.041
-2.038078491750639e-06	1.0
-1.686306859483011e-05	1.0
-0.0012659013736993074	0.0
0.0	0.0
0.0	0.0
0.0	1.0
0.0	1.0
-4.657415411202237e-05	0.0
0.0	1.0
0.0	0.6044303797468354
0.0	1.0
-0.00030131920357234776	0.0
0.0	0.0
0.0	1.0
0.0	0.0
0.0	0.0
0.0	1.0
-5.987004728785772e-12	1.0
0.0	0.0
0.0	1.0
-0.0007809894741512835	0.0
0.0	0.0
0.0	0.013
-0.000515276100486517	0.017223910840932118
-0.00019146883278153837	0.017223910840932118
0.0	1.0
0.0	0.0
-6.75958881402039e-06	0.0
-3.997125168098137e-05	0.010395010395010396
0.0	1.0
0.0	1.0
0.0	1.0
0.0	1.0
0.0	0.022022022022022022
-0.000200636699446477	0.0
0.0	0.0
0.0	1.0
0.0	0.24731182795698925
0.0	0.0010235414534288639
0.0	1.0
0.0	0.0
0.0	1.0
0.0	1.0
-0.007199791260063648	0.0
-0.000732555752620101	1.0
0.0	0.0
0.0	1.0
0.0	0.0903954802259887
-4.994185292162001e-05	0.0
0.0	1.0
-0.05640333890914917	0.0
-0.0003073632251471281	1.0
-0.0002589944051578641	1.0
0.0	1.0
0.0	1.0
0.0	1.0
-0.016758235171437263	0.0
-0.005855453200638294	0.1736842105263158
-0.0011207800125703216	1.0
0.0	1.0
-0.0002475039509590715	1.0
-0.0001029363993438892	0.983
-1.8224980635750399e-07	1.0
-0.01632814295589924	0.0
0.0	1.0
-5.1356379117351025e-05	0.0
0.0	1.0
0.0	1.0
-0.00041568517917767167	0.017634854771784232
0.0	0.0
0.0	1.0
0.0	0.0
-5.774805345026834e-07	0.983
0.0	0.0
0.0	1.0
0.0	1.0
0.0	1.0
-0.0006063400651328266	0.984
-1.3634774198578725e-08	0.0
0.0	1.0
0.0	1.0
0.0	0.0
0.0	0.04704704704704705
-0.003037121845409274	1.0
0.0	1.0
0.0	0.0
0.0	0.0
0.0	0.0
-0.0021727029234170914	0.0
0.0	1.0
-2.3265358322532848e-05	1.0
0.0	0.0
0.0	1.0
-1.8012820873991586e-05	1.0
0.0	1.0
0.0	1.0
-0.0001968562719412148	0.0
0.0	1.0
0.0	1.0
0.0	0.0
0.0	1.0
0.0	1.0
0.0	0.0
0.0	1.0
-0.0024322543758898973	1.0
0.0	1.0
0.0	0.03582395087001024
-0.009408102370798588	0.0
0.0	1.0
0.0	1.0
-3.381732938123605e-07	0.11483253588516747
0.0	0.11446740858505565
0.0	0.983
-0.0006942613399587572	1.0
-0.0006078294245526195	0.0480225988700565
0.0	0.07345225603357818
-0.0004516840854194015	1.0
-0.0002807952696457505	1.0
-9.076431273236096e-10	1.0
-0.000511719030328095	1.0
0.0	1.0
0.0	0.4018161180476731
-0.0004062813532073051	0.16216216216216217
0.0	1.0
-1.2249583051016089e-05	1.0
-0.0022687159944325686	1.0
0.0	0.0
0.0	0.0
-6.941877472854685e-07	0.0
-0.0010147705907002091	1.0
0.0	1.0
-9.346524893771857e-05	1.0
0.0	1.0
0.0	1.0
0.0	1.0
0.0	0.0
-0.002010887488722801	0.0
-0.02747146226465702	0.0
0.0	1.0
0.0	1.0
0.0	0.0
0.0	1.0
0.0	0.0
0.0	0.0
-0.0003066710487473756	1.0
0.0	1.0
0.0	0.0
-0.00567633518949151	0.0
-2.0898739336305816e-11	0.0
0.0	1.0
-6.337511138099217e-08	0.0
0.0	1.0
0.0	1.0
-1.5244226005961536e-06	1.0
0.0	1.0
0.0	1.0
0.0	1.0
-0.00035790380206890404	1.0
-4.906152706318778e-10	1.0
0.0	1.0
-4.8379359213868156e-05	1.0
0.0	1.0
-0.0005013530608266592	1.0
-3.5213703085901216e-05	1.0
0.0	0.0
-1.85667540790746e-05	1.0
0.0	0.0
0.0	1.0
-0.0001341255265288055	0.0
-9.583592327544466e-05	1.0
0.0	1.0
-0.0005044440622441471	0.0
-2.0795539967366494e-05	1.0
0.0	0.017189079878665317
0.0	0.0
0.0	0.0
0.0	0.02034587995930824
-1.6840140233398415e-05	0.0
0.0	0.0
-0.004303841385990381	0.0
-0.0005453512421809137	0.0
0.0	0.0
-3.9277481846511364e-05	0.0
0.0	0.0
0.0	0.0
-0.008678078651428223	0.0
0.0	0.0
0.0	1.0
0.0	1.0
-0.005949326790869236	0.0
0.0	1.0
0.0	0.01017293997965412
0.0	1.0
0.0	1.0
0.0	0.0
0.0	1.0
0.0	1.0
0.0	0.6279809220985691
0.0	1.0
0.0	0.0
0.0	0.0
0.0	1.0
0.0	1.0
-0.02446725405752659	0.0
0.0	1.0
0.0	0.5179775280898876
-0.0001402010821038857	0.0
0.0	0.0
0.0	1.0
0.0	1.0
-4.783089004620038e-14	0.0
-1.600842733751051e-05	0.15816326530612246
0.0	0.0
0.0	1.0
0.0	1.0
-0.07387508451938629	0.0
0.0	0.0
0.0	1.0
-2.490509723429568e-05	1.0
0.0	1.0
0.0	0.0
0.0	1.0
0.0	0.0
-0.0012084427289664745	0.0
-2.979717167450602e-11	1.0
-4.986068233847618e-05	1.0
0.0	1.0
0.0	1.0
0.0	0.08308308308308308
-8.370929208467714e-06	1.0
0.0	1.0
0.0	1.0
-0.0003978151362389326	1.0
0.0	1.0
-0.0010039678309112787	0.0
0.0	0.0
0.0	1.0
0.0	0.0
0.0	1.0
0.0	0.0
0.0	1.0
0.0	1.0
-0.0016527881380170584	0.0
0.0	1.0
-0.0003098968300037086	0.19481981981981983
0.0	1.0
0.0	0.0
0.0	1.0
-5.046776774264572e-09	0.0
0.0	1.0
0.0	0.0
-1.7970007704093405e-08	1.0
0.0	1.0
0.0	0.12175873731679819
0.0	1.0
0.0	1.0
-0.0017383432714268565	0.0
-8.058288177768781e-16	1.0
-2.3212837731989566e-06	1.0
-0.0011189387878403068	0.0
0.0	1.0
-1.7187640199978205e-09	0.0
0.0	0.123
0.0	0.0
0.0	1.0
-0.0009174849838018417	0.0
-9.547976853596651e-10	1.0
0.0	1.0
0.0	0.0
-0.06157354265451431	0.0
0.0	0.0
0.0	0.0
0.0	0.0
-0.005124329589307308	0.0
0.0	0.0
0.0	1.0
0.0	1.0
0.0	0.0
0.0	0.0
0.0	0.0
0.0	1.0
0.0	1.0
0.0	1.0
-2.2558323264920688e-10	0.0
0.0	0.0
0.0	1.0
0.0	0.04035874439461883
0.0	0.0
0.0	0.0
0.0	1.0
0.0	1.0
-3.964082187501994e-11	0.0
0.0	0.0
0.0	1.0
0.0	0.0
-0.0006647115224041045	0.0
0.0	0.015015015015015015
0.0	1.0
0.0	0.0
0.0	1.0
-0.004393380600959063	0.0
-4.10270013162517e-06	1.0
-5.564086080767083e-09	1.0
0.0	1.0
-0.0006647041882388294	1.0
-0.00025777178234420717	1.0
0.0	0.0
-0.00011972684296779335	0.0
-0.00014925897994544357	0.0
0.0	1.0
0.0	0.0
-1.6292876807710854e-06	1.0
-4.974556322423496e-10	1.0
0.0	0.0
0.0	1.0
0.0	0.0
0.0	1.0
-0.0032698623836040497	0.010615711252653927
-0.001303603290580213	0.0
-8.965216693468392e-06	1.0
0.0	0.0
0.0	0.0
0.0	0.058
-0.005986908916383982	0.0
-0.001652205130085349	0.058
0.0	0.0
-0.0026825733948498964	1.0
0.0	0.058
0.0	0.0
0.0	0.0
-0.00031678081722930074	1.0
0.0	0.0
-2.6053663532366045e-05	1.0
0.0	0.07205240174672489
0.0	0.06825232678386763
0.0	0.2911392405063291
0.0	1.0
0.0	0.0
0.0	1.0
0.0	1.0
0.0	1.0
-0.022049380466341972	0.0
-0.05226945877075195	0.0
-0.00014991209900472313	1.0
-0.0014885120326653123	0.0032258064516129032
0.0	0.0
0.0	1.0
0.0	0.14601769911504425
0.0	1.0
0.0	0.0
0.0	1.0
0.0	0.14038657171922686
0.0	0.31129196337741605
-0.010577457025647163	0.0
0.0	1.0
-2.0988044013847684e-07	0.0
0.0	0.0
-1.6483571698699961e-06	1.0
0.0	1.0
-3.306875441921875e-05	1.0
0.0	1.0
-0.00018989444652106613	1.0
-1.8400303360976977e-06	1.0
-0.0007806047215126455	0.19226856561546288
0.0	1.0
-0.0047662821598351	0.0
-1.2864067002738011e-06	0.0
-8.299525507027283e-05	1.0
0.0	0.983
0.0	0.0
-0.00011896590876858681	1.0
0.0	1.0
0.0	0.0
-0.001384728355333209	0.001
0.0	0.0
