0.0	1.0
0.0	1.0
0.0	1.0
-0.0004131057648919523	0.0
-5.473769306263421e-06	1.0
0.0	1.0
0.0	1.0
0.0	0.0
0.0	1.0
-0.001711905817501247	0.0
-1.6658483446008177e-06	0.0
-1.2756986507156398e-05	1.0
0.0	1.0
0.0	1.0
-8.436115876975236e-07	1.0
-9.756821964401752e-05	1.0
0.0	1.0
-4.950885035270858e-09	1.0
-0.0003668918798211962	1.0
-0.03330285847187042	0.0
-0.0063491822220385075	0.0
0.0	1.0
0.0	1.0
0.0	1.0
0.0	0.0
-4.280120265320875e-06	1.0
0.0	0.008
0.0	1.0
-0.0001360695023322478	1.0
0.0	0.0
-0.0004111476009711623	0.23991275899672845
0.0	1.0
0.0	0.09026369168356999
0.0	1.0
-0.000917097378987819	0.0
0.0	1.0
-0.010740751400589943	0.01282051282051282
-0.0016969498246908188	0.0
0.0	0.015945330296127564
-0.00015775884094182402	0.007099391480730223
-0.002422997262328863	0.007099391480730223
0.0	1.0
0.0	1.0
-3.7251658795867115e-05	1.0
-2.8267779725865694e-06	0.0
-0.002130066743120551	1.0
-5.725616595425587e-12	0.05
0.0	1.0
-0.00016616113134659827	1.0
-3.706499569489097e-07	1.0
-0.0002029100141953677	0.0
0.0	1.0
0.0	0.0
0.0	1.0
0.0	0.0
0.0	1.0
-2.0606399630196393e-05	1.0
-6.682886777298336e-08	1.0
-0.0014767945976927876	0.0
0.0	0.0
-6.578868010365113e-07	1.0
0.0	1.0
-5.387540113588329e-06	1.0
0.0	1.0
0.0	1.0
0.0	1.0
0.0	1.0
-2.210497740406936e-08	1.0
-3.8254564446726924e-12	1.0
0.0	0.08
-0.010250970721244812	0.0
-0.0004932514275424182	0.08
0.0	1.0
0.0	1.0
-4.911888673575504e-10	1.0
0.0	0.0
-0.0010255234083160758	1.0
0.0	1.0
-0.0016255934024229646	1.0
-2.0434437828953378e-05	1.0
0.0	1.0
-7.734697327066442e-10	0.0
0.0	1.0
0.0	1.0
-7.9580677265767e-06	1.0
0.0	1.0
0.0	1.0
0.0	1.0
0.0	1.0
-0.0004751243395730853	1.0
0.0	1.0
0.0	1.0
-0.001835958450101316	1.0
-1.1698766684276052e-05	0.0
0.0	0.473
-0.006703762337565422	0.0
-0.004279101733118296	0.0
-9.606085313862422e-07	1.0
-5.833035388036478e-08	1.0
0.0	0.0
-0.00020402841619215906	1.0
-6.09545641054865e-05	0.002178649237472767
0.0	1.0
0.0	1.0
-0.0015741682145744562	1.0
0.0	1.0
0.0	0.002002002002002002
-0.0003937271249014884	1.0
0.0	0.004004004004004004
0.0	1.0
0.0	1.0
0.0	0.0
0.0	1.0
0.0	1.0
0.0	0.05405405405405406
-0.00805734097957611	1.0
-4.038572498643589e-08	1.0
0.0	0.0
-2.372458851596093e-08	0.0
0.0	1.0
-1.0462867976457346e-06	0.0
0.0	0.011
0.0	1.0
0.0	0.0030425963488843813
0.0	1.0
0.0	1.0
0.0	0.0
0.0	0.0
0.0	0.302
0.0	1.0
0.0	0.0
-0.012643426656723022	0.0
0.0	1.0
0.0	1.0
0.0	0.0
0.0	1.0
0.0	0.0
0.0	0.010869565217391304
0.0	0.0
-7.394617806966153e-09	1.0
-3.0423825592151843e-07	1.0
-2.5316974188172026e-06	1.0
-2.289426265633665e-05	1.0
-0.000755858956836164	1.0
0.0	1.0
-2.193612402834333e-09	1.0
0.0	1.0
-0.00010367653158027679	0.004004004004004004
0.0	1.0
-1.313877504571792e-07	1.0
0.0	1.0
-8.496240866406879e-08	1.0
0.0	0.024390243902439025
0.0	1.0
0.0	1.0
-0.0015658984193578362	1.0
0.0	0.0
0.0	0.0
0.0	1.0
-3.0794421945756767e-06	1.0
0.0	0.0
-0.01808219775557518	0.0
-1.8131486285710707e-05	0.0
0.0	1.0
0.0	0.0
0.0	0.001
0.0	0.0
0.0	1.0
0.0	1.0
-1.897460242616944e-05	0.0
0.0	1.0
0.0	1.0
0.0	1.0
0.0	1.0
-0.001001780852675438	0.001
0.0	1.0
0.0	0.0
0.0	1.0
0.0	1.0
-2.9119393730070442e-05	1.0
0.0	1.0
-0.0014466986758634448	0.03636363636363636
-0.00037776323733851314	0.0
0.0	1.0
0.0	1.0
-2.292033241246827e-05	0.0
-0.00020412018056958914	1.0
-0.0002263606438646093	0.918
0.0	1.0
0.0	1.0
0.0	1.0
0.0	1.0
-3.6787423596251756e-07	1.0
0.0	1.0
-1.5072515680003562e-06	0.918
-4.396595977596007e-05	1.0
0.0	1.0
0.0	0.0
0.0	1.0
-2.1629148250212893e-05	1.0
0.0	0.0059665871121718375
-9.154500162367185e-07	0.9390243902439024
-2.3863051410444314e-06	1.0
-0.0001415110018569976	0.0
0.0	1.0
0.0	0.0023952095808383233
0.0	1.0
0.0	1.0
-0.1471288651227951	0.0
-0.0018481963779777288	0.0
0.0	1.0
-8.700382636561699e-08	0.0
0.0	0.029239766081871343
-0.00018553767586126924	1.0
-0.013112089596688747	0.00866738894907909
0.0	1.0
0.0	0.0
0.0	0.07669021190716448
0.0	0.0
0.0	0.0
-0.00030342050013132393	1.0
-0.0052094473503530025	1.0
-2.8037969968863763e-05	0.02237136465324385
0.0	0.0
0.0	1.0
0.0	0.0
-0.0002596702252048999	0.0
-0.0006705923588015139	1.0
-0.0016121679218485951	1.0
0.0	0.0
0.0	1.0
-1.1829494050985545e-09	0.0
0.0	1.0
0.0	1.0
0.0	1.0
0.0	1.0
0.0	1.0
-0.000326494307955727	1.0
0.0	0.0
0.0	0.0
0.0	1.0
-1.9833421902148984e-05	1.0
-1.594641085844728e-09	1.0
-1.086098155855808e-10	1.0
-1.0183150322973233e-08	0.0
0.0	0.0
-0.0017139572883024812	1.0
0.0	1.0
0.0	1.0
0.0	0.0
-0.0012396771926432848	0.0
0.0	0.093
0.0	0.0
-1.5989456869647256e-06	1.0
0.0	1.0
-8.951232532972142e-10	0.013888888888888888
0.0	0.0
-0.0002040289546130225	0.0
-6.042877203071839e-07	1.0
0.0	1.0
0.0	1.0
0.0	1.0
0.0	1.0
-1.0559721886238549e-05	1.0
-3.10552820792509e-07	0.0
0.0	1.0
-5.2794202929362655e-06	0.0
0.0	0.0
-0.014042695052921772	0.0
0.0	0.0
-8.309401891892776e-05	0.0
0.0	1.0
0.0	1.0
0.0	0.0
-0.0002573271340224892	1.0
-0.00128563167527318	0.0
-1.0382347682025284e-05	1.0
0.0	1.0
0.0	1.0
0.0	1.0
0.0	1.0
0.0	1.0
0.0	0.459
0.0	0.0
0.0	0.0
0.0	0.0
-3.470851661635521e-10	1.0
0.0	1.0
-0.0004602490516845137	0.04335260115606936
-1.830768314725617e-09	1.0
-0.010777473449707031	0.07017543859649122
-7.658829417778179e-05	0.0
-0.00013314475654624403	1.0
0.0	0.24944812362030905
-7.113418973858643e-07	1.0
-3.2054284559990265e-08	1.0
0.0	0.0
0.0	0.0
-0.000704000995028764	0.0
-0.0005335411406122148	1.0
0.0	0.0
-0.0013835977297276258	1.0
0.0	0.0
0.0	1.0
0.0	1.0
0.0	1.0
-1.1919543794647325e-05	1.0
0.0	0.4869281045751634
-9.650976608099882e-06	1.0
-7.742249181319494e-06	0.529
0.0	1.0
0.0	0.0
0.0	1.0
-0.0005231383838690817	1.0
0.0	1.0
0.0	1.0
0.0	0.0
0.0	1.0
0.0	1.0
-2.8989603379159234e-05	1.0
-1.9907478417735547e-05	0.0
0.0	1.0
0.0	1.0
0.0	1.0
0.0	1.0
-0.00015263131354004145	0.011077542799597181
0.0	1.0
-0.000127534061903134	1.0
0.0	1.0
0.0	1.0
0.0	0.0
0.0	1.0
0.0	0.14363636363636365
-0.0004533969040494412	0.0
-0.004594920668751001	1.0
0.0	0.0
-1.77484196228761e-06	1.0
0.0	0.0
-3.885896876454353e-05	0.0
-1.1999574511117883e-12	1.0
0.0	1.0
0.0	1.0
0.0	1.0
0.0	1.0
0.0	1.0
0.0	1.0
-0.0006531875114887953	1.0
0.0	1.0
-9.205661513078667e-07	1.0
0.0	1.0
0.0	0.0
-1.209382531897063e-07	1.0
-0.0016531398287042975	1.0
-9.795271034818143e-05	0.0
0.0	1.0
0.0	0.0
-8.057339437073097e-05	0.0
0.0	0.0
-0.0027439056430011988	0.0
0.0	0.93
0.0	1.0
0.0	1.0
0.0	1.0
0.0	0.918
-6.080691309762187e-05	1.0
0.0	1.0
0.0	1.0
0.0	1.0
0.0	0.033936651583710405
0.0	1.0
-2.602256472528097e-07	0.0
0.0	1.0
0.0	1.0
0.0	1.0
-0.0002649685775395483	0.0
0.0	1.0
-8.545877790311351e-05	1.0
-0.00010318382555851713	1.0
0.0	1.0
0.0	1.0
0.0	1.0
0.0	1.0
0.0	1.0
0.0	0.0
0.0	0.0
0.0	1.0
0.0	1.0
-0.004484862554818392	0.0
-0.0003657038032542914	1.0
-0.0004518626374192536	1.0
-3.9730845280416816e-09	1.0
0.0	0.0
0.0	0.0
-0.0004962672828696668	1.0
-1.2693197959379177e-07	0.0
0.0	1.0
-7.850008842069656e-06	0.12195121951219512
0.0	1.0
-9.008864481074852e-07	1.0
0.0	0.019
0.0	1.0
0.0	0.0
0.0	1.0
0.0	1.0
-0.051383648067712784	0.0
-1.1552525393199176e-05	0.0
0.0	1.0
-2.811880040098913e-05	0.0
-0.009309407323598862	0.0
0.0	0.0
0.0	1.0
0.0	1.0
0.0	0.0
0.0	1.0
0.0	1.0
0.0	0.009
0.0	1.0
0.0	1.0
-0.0072632962837815285	0.0
-2.549315286159981e-05	1.0
-0.0015488974750041962	0.019693654266958426
0.0	0.0
-3.383250941624283e-07	0.0
-2.1608744253578255e-13	0.0
0.0	1.0
0.0	1.0
0.0	1.0
0.0	0.0
-0.00011511449702084064	1.0
-0.0007941836374811828	0.15078534031413612
0.0	0.0
0.0	1.0
0.0	1.0
-0.0023428660351783037	1.0
-8.702433842699975e-05	1.0
0.0	0.0
0.0	1.0
0.0	1.0
-2.055000550171826e-05	0.0
-0.0029495719354599714	1.0
0.0	0.0
0.0	1.0
-1.3019066500419285e-05	1.0
0.0	1.0
0.0	1.0
-0.0003705744748003781	0.0
0.0	0.918
-2.3690427042311057e-05	1.0
0.0	1.0
0.0	1.0
0.0	1.0
0.0	1.0
-5.668570884154178e-05	1.0
0.0	1.0
-4.71129713019991e-09	1.0
0.0	0.0
0.0	0.0
-0.0033721465151757	1.0
-0.00016677593521308154	0.0
0.0	1.0
-0.0011558461701497436	0.5184804928131417
0.0	0.0
0.0	1.0
0.0	0.5184804928131417
-1.991146660884624e-07	0.052845528455284556
0.0	0.0
-1.1941400771320332e-05	1.0
-3.64505649486091e-05	1.0
0.0	0.08135942327497425
0.0	1.0
-0.00017678807489573956	1.0
0.0	0.0
0.0	0.0
0.0	1.0
0.0	1.0
0.0	0.041294642857142856
0.0	1.0
0.0	1.0
-0.00015092745888978243	1.0
0.0	0.0
-0.00011315966548863798	1.0
-1.0073300700519372e-12	0.001
-2.258265112686786e-06	1.0
0.0	1.0
0.0	1.0
-3.052442520967702e-09	0.006024096385542169
0.0	1.0
0.0	0.0
0.0	1.0
0.0	1.0
-0.00021235959138721228	1.0
0.0	0.001
-0.0006011700024828315	1.0
-7.394192653009668e-05	1.0
-0.0001315209228778258	1.0
0.0	1.0
0.0	1.0
0.0	1.0
-1.283375354432792e-06	0.0
0.0	0.0
0.0	0.0
0.0	1.0
0.0	1.0
0.0	0.0
0.0	1.0
-0.0031675545033067465	1.0
-9.201709190165275e-07	0.0
0.0	0.0
0.0	1.0
0.0	1.0
-1.993907616792967e-08	1.0
0.0	1.0
0.0	0.0
-8.001849892025348e-06	1.0
-0.0023954762145876884	1.0
0.0	1.0
-3.117458220458502e-07	1.0
0.0	1.0
0.0	0.0
0.0	0.0
-0.0002267247618874535	1.0
0.0	1.0
0.0	0.0020100502512562816
-0.009503288194537163	0.0
0.0	0.0
0.0	1.0
0.0	0.0
0.0	1.0
0.0	1.0
0.0	1.0
0.0	0.02832244008714597
-0.0022618824150413275	1.0
0.0	1.0
0.0	1.0
0.0	1.0
0.0	0.010856453558504222
-0.00020470503659453243	0.012048192771084338
-0.00015239021740853786	1.0
0.0	1.0
-1.0772451730645116e-07	0.0
0.0	1.0
0.0	1.0
-0.003505036933347583	0.015806111696522657
-0.0001203597494168207	0.047715736040609136
0.0	1.0
0.0	1.0
0.0	0.0
0.0	0.0
-0.0008861752576194704	1.0
-0.0003823826555162668	1.0
0.0	1.0
0.0	1.0
-0.0006857674452476203	0.391
-3.935472705052234e-05	1.0
0.0	0.0
-0.0005180517327971756	0.0
-0.011448354460299015	0.0
0.0	1.0
0.0	1.0
0.0	1.0
0.0	1.0
-0.002036668825894594	0.0
0.0	1.0
0.0	1.0
0.0	1.0
-0.0011670802487060428	1.0
0.0	1.0
-3.702622375367781e-10	1.0
-3.491289817247889e-07	0.0
-1.0924114803856355e-06	1.0
-0.000424404424848035	1.0
0.0	1.0
-1.7501447473478038e-06	1.0
0.0	1.0
0.0	1.0
-1.0227534403384198e-05	1.0
0.0	0.0
0.0	1.0
-3.350344958061302e-12	1.0
0.0	0.0
