0.0	0.0
-0.00021074333926662803	1.0
-0.00017678903532214463	1.0
-0.0007352996617555618	1.0
0.0	1.0
0.0	1.0
0.0	1.0
0.0	0.0
0.0	1.0
0.0	1.0
0.0	0.0
0.0	0.007135575942915392
-7.72916610003449e-05	1.0
0.0	0.0
0.0	1.0
0.0	1.0
-0.0059854332357645035	0.0
-0.025062764063477516	0.0
-0.009364203549921513	0.0
-0.07163168489933014	0.0
-0.06090784817934036	0.0
0.0	0.0
-1.5102535144251306e-05	1.0
0.0	1.0
0.0	1.0
0.0	1.0
0.0	1.0
0.0	1.0
-5.407960301795356e-09	1.0
0.0	0.0
0.0	1.0
0.0	1.0
-0.0014382990775629878	1.0
0.0	0.0
0.0	1.0
0.0	1.0
-0.0003288745938334614	0.01798941798941799
0.0	1.0
0.0	1.0
0.0	0.0
-0.008228571154177189	0.0
-0.00016792761744000018	1.0
0.0	1.0
-0.006717513781040907	0.0
-0.0015537439612671733	0.0
-1.65778556247137e-12	1.0
-0.016613522544503212	0.0
0.0	0.0
-0.0014570310013368726	1.0
0.0	1.0
0.0	1.0
0.0	1.0
-0.0021382495760917664	1.0
0.0	1.0
-0.0033393960911780596	0.0
0.0	0.0
-0.0004287851043045521	0.149
0.0	0.149
0.0	1.0
-1.73265817693391e-07	0.0
-9.791525371838361e-06	1.0
0.0	1.0
0.0	1.0
-6.093705087550916e-05	0.263
-0.0002901893458329141	0.0
0.0	1.0
0.0	0.0
0.0	1.0
0.0	0.0
0.0	0.0
0.0	0.0
0.0	1.0
-5.120142532177852e-07	0.0
-8.822573249744892e-07	1.0
-2.8956669666513335e-06	1.0
0.0	1.0
-0.0025429956149309874	0.0
0.0	1.0
0.0	1.0
0.0	0.017241379310344827
0.0	0.0
0.0	1.0
-0.0034567981492727995	0.0
0.0	1.0
0.0	1.0
0.0	1.0
0.0	0.0
-1.9987862742709694e-07	0.0
0.0	1.0
0.0	1.0
-0.0009128598030656576	1.0
-0.001624327851459384	0.0
0.0	1.0
-0.011286412365734577	0.0
-0.02238546498119831	0.0
0.0	1.0
-0.00015475490363314748	1.0
0.0	1.0
-7.036963779682992e-06	0.0
-1.9258606698713265e-05	0.0
0.0	1.0
0.0	1.0
0.0	1.0
0.0	0.0
0.0	0.7522522522522522
-1.8398373867967166e-05	1.0
-1.5471779988729395e-05	1.0
0.0	0.0
0.0	1.0
0.0	1.0
0.0	0.0010672358591248667
-0.004806057084351778	0.0
-0.0003336965455673635	1.0
-0.0003674823965411633	0.1663135593220339
-3.4280967042832344e-07	0.06524317912218268
-0.0009268915164284408	0.0
0.0	0.671
0.0	1.0
0.0	0.0
0.0	1.0
0.0	0.7522522522522522
0.0	0.0
0.0	1.0
0.0	1.0
-0.0006928052753210068	1.0
-1.308324837356878e-10	1.0
0.0	1.0
-9.408150845047203e-07	1.0
-4.823852464141964e-07	0.019444444444444445
0.0	0.0
0.0	1.0
0.0	1.0
0.0	0.0
-0.001279775402508676	0.027777777777777776
0.0	1.0
-2.654109994182363e-05	0.64
-4.314406904654122e-13	0.0
0.0	1.0
-7.395627665829352e-09	1.0
0.0	1.0
0.0	0.0
-9.94658112176694e-05	0.0
-0.0007155629573389888	0.9711684370257967
0.0	1.0
0.0	1.0
0.0	1.0
-3.797755198320374e-05	1.0
0.0	1.0
0.0	1.0
0.0	1.0
0.0	0.0
0.0	1.0
-3.1831332307774574e-05	0.12130479102956167
-0.0015554279088974	0.0
0.0	0.0
0.0	0.0
0.0	1.0
-6.328262315946631e-06	0.0
0.0	1.0
0.0	1.0
-9.906126251735259e-06	1.0
0.0	0.0
-1.0164332309159363e-07	1.0
0.0	1.0
0.0	1.0
0.0	0.0
0.0	0.0
-2.7688232876244e-05	0.0
-0.01445278525352478	0.0
0.0	0.021170610211706103
-1.2725261058221804e-06	0.0367965367965368
0.0	0.0
-2.550230817632837e-07	1.0
0.0	1.0
0.0	0.0
0.0	1.0
0.0	1.0
-0.0038947847206145525	0.0
0.0	0.0
-1.1778230145864654e-05	1.0
-9.452708060742054e-11	1.0
0.0	0.023046092184368736
0.0	0.0
-0.0017589526250958443	1.0
-0.0009094785200431943	1.0
0.0	1.0
0.0	0.0
-0.005928614176809788	0.0
-6.5626605712243435e-12	1.0
-5.483834320330061e-05	1.0
0.0	1.0
0.0	1.0
-6.132465202313142e-09	1.0
0.0	1.0
0.0	1.0
-0.0004898765473626554	1.0
0.0	1.0
0.0	0.0
0.0	0.035443037974683546
0.0	1.0
-1.6344520190614276e-05	0.1059190031152648
0.0	0.0
0.0	0.0
0.0	0.0
0.0	1.0
0.0	1.0
-1.3024166491959477e-06	1.0
0.0	0.0
0.0	1.0
-1.5368228559964336e-05	1.0
-2.379917596329051e-08	1.0
-0.00012437821715138853	0.0
0.0	0.0
0.0	0.0
-0.00026814345619641244	1.0
-2.7708400011761114e-05	0.003125
-7.080796058289707e-05	0.0
-4.798339068656787e-05	1.0
-0.0002950500638689846	1.0
0.0	1.0
0.0	1.0
0.0	1.0
-0.000882122665643692	0.01818181818181818
-0.0039947680197656155	0.0
0.0	1.0
0.0	1.0
0.0	1.0
-4.52835158260001e-10	0.0
-0.0016723736189305782	0.0
0.0	1.0
-0.00047317083226516843	1.0
0.0	0.0
-1.5508129891372846e-08	1.0
0.0	1.0
0.0	1.0
0.0	0.01282051282051282
0.0	1.0
0.0	1.0
0.0	0.0
-0.02112368866801262	0.01818181818181818
-2.3163507648860104e-05	1.0
0.0	1.0
-0.0006767904269509017	0.0
-0.0006470924126915634	1.0
-1.082504604710266e-05	0.0
-2.635025111885625e-06	1.0
0.0	0.0
-0.0026863045059144497	0.0
-4.027201896406041e-07	1.0
0.0	1.0
0.0	1.0
0.0	0.0
-1.0038559139502468e-06	0.0
0.0	1.0
-6.820727867307141e-05	1.0
-0.00420273607596755	0.0
-1.1180618063322267e-12	1.0
-6.754904461558908e-05	1.0
-5.202924171499035e-07	0.125
0.0	0.12605042016806722
-4.442340014065849e-06	0.0
-2.5447963025726494e-07	1.0
-1.9479230672914127e-08	1.0
-1.576218267018703e-07	1.0
0.0	0.02442159383033419
0.0	1.0
0.0	0.011213047910295617
0.0	1.0
0.0	0.014115092290988056
-0.010249657556414604	0.0
0.0	0.05606523955147808
-0.009299097582697868	0.0
0.0	1.0
0.0	1.0
0.0	0.0
0.0	1.0
0.0	0.184
0.0	0.03125
0.0	1.0
0.0	0.041916167664670656
0.0	0.0
0.0	1.0
0.0	0.055
-0.0013027649838477373	1.0
0.0	0.0
-1.7888032166624157e-09	1.0
-0.00018928475037682801	0.001
0.0	0.0755873340143003
0.0	1.0
-0.00010150616435566917	1.0
-4.106020787730813e-05	0.0
-0.0022686016745865345	0.0
0.0	1.0
-0.002065811073407531	0.0
-5.251015318208374e-05	0.0
0.0	1.0
-8.860939124133438e-05	1.0
-0.005296437069773674	1.0
0.0	0.0
-3.13739683122094e-08	1.0
0.0	1.0
-8.416625860263593e-06	0.0
-1.4632845477535739e-06	0.0
0.0	1.0
-4.9193222366739064e-05	1.0
0.0	0.16129032258064516
-0.0003572576097212732	1.0
-5.7784745877143e-07	1.0
0.0	0.0
0.0	0.0
0.0	1.0
0.0	1.0
-0.0002046420268015936	1.0
-0.002699617063626647	0.11923847695390781
0.0	0.0
-0.00011691769759636372	1.0
-4.711145447799936e-05	1.0
0.0	0.0
0.0	0.0
-2.1436746465042233e-05	1.0
0.0	0.0
0.0	1.0
0.0	1.0
0.0	1.0
-0.0022173782344907522	1.0
0.0	1.0
0.0	1.0
0.0	0.0
-7.68352547311224e-05	1.0
0.0	0.05865102639296188
0.0	1.0
0.0	1.0
-0.001476759323850274	0.0
-0.00013294204836711287	1.0
-1.53410409375887e-11	1.0
0.0	1.0
0.0	0.0030272452068617556
-4.5148453864385374e-08	0.0140625
0.0	1.0
-0.0009262694511562586	1.0
0.0	0.0
0.0	1.0
-0.0005065313307568431	0.05389221556886228
-8.419749065069482e-06	1.0
0.0	1.0
0.0	1.0
0.0	1.0
0.0	1.0
-2.2564365931287966e-09	1.0
-0.0756804347038269	0.0
0.0	1.0
0.0	0.0
0.0	0.0
0.0	1.0
0.0	0.012077294685990338
0.0	0.08823529411764706
0.0	1.0
-0.0013242089189589024	0.0
0.0	1.0
0.0	1.0
-9.37055483518634e-06	0.011
0.0	1.0
-2.1160080354576394e-09	1.0
-6.754135029041208e-06	0.016717325227963525
-9.762210571168106e-15	1.0
0.0	0.0
-8.796067731964285e-07	1.0
0.0	0.01
0.0	0.0
-0.0005843027029186487	1.0
0.0	0.0
0.0	0.0
0.0	1.0
0.0	0.0
0.0	1.0
0.0	1.0
0.0	0.0
-3.1690997048805514e-10	1.0
0.0	1.0
-7.408512692208546e-11	0.0
0.0	0.0
0.0	0.0010193679918450561
0.0	0.01901901901901902
0.0	0.0
0.0	1.0
0.0	0.0
0.0	0.087
0.0	1.0
0.0	0.0021164021164021165
0.0	1.0
-0.0005732866120524704	0.0
0.0	0.0
0.0	1.0
-0.017041262239217758	0.0
0.0	1.0
-0.00037835180410183966	1.0
0.0	1.0
0.0	0.0
0.0	1.0
-0.004360555671155453	0.0
0.0	1.0
-0.001087314449250698	0.34236947791164657
-1.399245229549706e-05	1.0
-0.03775644302368164	0.0
0.0	0.0
-0.0003240140213165432	1.0
0.0	0.0
0.0	1.0
0.0	1.0
0.0	1.0
0.0	1.0
0.0	1.0
0.0	1.0
0.0	1.0
0.0	0.0
0.0	1.0
-0.0011222305474802852	0.0
-0.05835305526852608	0.0
0.0	0.0
0.0	0.0
0.0	1.0
0.0	0.0
0.0	0.0
-9.014058014145121e-05	1.0
-1.5115084184280647e-10	0.0
0.0	0.03732303732303732
-0.0010914667509496212	1.0
0.0	1.0
0.0	1.0
-4.156629884732865e-08	1.0
0.0	0.09090909090909091
0.0	0.0
-2.1195134536355908e-10	1.0
0.0	0.021806853582554516
0.0	1.0
-1.3220624168752693e-06	0.021806853582554516
0.0	1.0
0.0	0.641
0.0	1.0
-1.9586305910479496e-08	0.005005005005005005
-5.9180365497013554e-08	1.0
0.0	1.0
-0.00046090560499578714	1.0
-0.021939748898148537	0.0
-1.8652834796739626e-06	0.0
0.0	0.0
0.0	1.0
0.0	0.0
0.0	0.0
0.0	0.002066115702479339
-2.2520832421157877e-10	1.0
0.0	0.0
0.0	0.04400606980273141
-0.0001480554201407358	1.0
0.0	0.0
0.0	0.0
-1.3474530519141936e-11	1.0
0.0	0.0
0.0	1.0
0.0	1.0
-1.7155402019852772e-05	0.0
0.0	1.0
-2.747608959907666e-06	0.0
0.0	0.0
0.0	0.0890890890890891
-2.1378778910730034e-05	1.0
-0.00027774868067353964	1.0
0.0	1.0
0.0	1.0
-0.0007167275180108845	1.0
-6.29812348051928e-07	1.0
-4.3621108488878235e-05	1.0
0.0	1.0
0.0	1.0
0.0	1.0
0.0	1.0
0.0	1.0
0.0	1.0
-1.1151534806685959e-07	1.0
0.0	1.0
0.0	0.0
0.0	1.0
0.0	1.0
0.0	0.0
0.0	1.0
0.0	0.001001001001001001
0.0	0.0
-3.925350916165159e-14	0.0
-5.268519089440815e-05	0.003009027081243731
-2.2786214231018675e-06	0.003009027081243731
0.0	0.023421588594704685
0.0	0.026422764227642278
0.0	1.0
0.0	1.0
0.0	1.0
0.0	1.0
0.0	0.12212212212212212
-6.643706001341343e-06	1.0
0.0	0.0
0.0	0.0
0.0	0.0
-0.0002281519555253908	1.0
-0.002721090568229556	1.0
0.0	1.0
0.0	1.0
0.0	1.0
0.0	1.0
0.0	1.0
0.0	0.0
-0.0013589272275567055	0.004724409448818898
0.0	1.0
0.0	1.0
0.0	0.0
0.0	1.0
-1.4050657227926422e-05	0.0
0.0	1.0
-9.747834610607242e-07	1.0
-0.0010566185228526592	1.0
0.0	1.0
-0.000548137235455215	1.0
-0.00020046334248036146	1.0
0.0	1.0
0.0	0.001184834123222749
0.0	1.0
0.0	0.0
0.0	0.0
0.0	1.0
0.0	0.0
0.0	0.0010224948875255625
-5.680765025317669e-05	0.0
0.0	0.0
0.0	1.0
0.0	0.004004004004004004
-0.0004730596556328237	0.0
-5.897832916490486e-11	0.0
-0.003754500998184085	0.0034129692832764505
-0.003915272653102875	1.0
0.0	1.0
-2.352365982005722e-06	1.0
-0.001241579302586615	0.001584786053882726
0.0	0.0
-7.081759889615569e-08	1.0
0.0	1.0
0.0	1.0
-8.699262252775952e-06	1.0
0.0	0.0
0.0	0.0
0.0	0.0
0.0	1.0
0.0	0.0
0.0	0.04017857142857143
0.0	0.0
0.0	0.03636363636363636
-0.00021424143051262945	0.0
-8.56690458022058e-05	0.001037344398340249
0.0	1.0
0.0	0.0
0.0	0.0
0.0	1.0
-0.0005790552822872996	1.0
0.0	1.0
0.0	0.0
0.0	1.0
-0.00011806907423306257	0.0
0.0	1.0
-3.380200723768212e-07	0.0
0.0	0.0
0.0	0.002066115702479339
-2.6824929591384716e-05	0.0
-8.936806807469111e-06	0.0
0.0	0.0
-7.329084473894909e-05	1.0
0.0	1.0
-0.0035106483846902847	0.0
0.0	1.0
0.0	0.223
-0.004158864263445139	0.0
0.0	1.0
-4.220557093503885e-05	0.001
0.0	0.001
