0.0	0.128
-3.5908839790543823e-10	1.0
0.0	1.0
-0.0020929398015141487	0.0
0.0	0.0
0.0	1.0
-0.0008108901092782617	1.0
-0.00016052776481956244	1.0
0.0	0.0
-2.264325405236696e-14	1.0
0.0	0.0
0.0	1.0
0.0	0.0
0.0	1.0
-5.704599607270211e-05	1.0
0.0	1.0
0.0	1.0
0.0	1.0
-2.395018600509502e-05	1.0
-0.000174257205799222	0.0
-6.287675932981074e-05	1.0
0.0	0.0
-1.3064044424027088e-07	1.0
-0.003954568412154913	1.0
0.0	1.0
0.0	0.0
-6.242809467948973e-05	1.0
-2.018341729126405e-05	1.0
-2.2148309142266953e-07	1.0
-8.355530735570937e-05	1.0
0.0	1.0
0.0	1.0
0.0	1.0
0.0	1.0
-0.0016317693516612053	1.0
0.0	1.0
0.0	1.0
0.0	1.0
-3.239345460315235e-05	0.0
-2.1404418930615066e-06	1.0
0.0	1.0
0.0	0.0
0.0	1.0
0.0	0.213
0.0	1.0
0.0	0.0012706480304955528
0.0	0.0
0.0	1.0
0.0	1.0
-0.005826838780194521	0.0
0.0	1.0
0.0	1.0
-0.0019758897833526134	1.0
0.0	0.0
0.0	1.0
-0.00017967387975659221	0.0
0.0	0.0
0.0	1.0
0.0	0.15634517766497463
-0.010475355200469494	0.0
-0.0005828007124364376	1.0
0.0	0.0
0.0	1.0
0.0	1.0
-0.00010525016114115715	0.0
0.0	0.0
-0.00011818168422905728	1.0
0.0	1.0
0.0	0.0
0.0	1.0
-0.0017648936482146382	0.0
-1.9939849948968913e-07	1.0
-1.401670670020394e-05	1.0
0.0	1.0
0.0	1.0
0.0	0.957
-0.01879863627254963	0.0
-0.0003311529289931059	1.0
0.0	0.0
0.0	0.0
0.0	1.0
-0.0005722776986658573	1.0
0.0	1.0
-0.0009538583108223975	1.0
-4.239791184801334e-09	1.0
-8.190012295017368e-07	1.0
0.0	1.0
0.0	0.0
0.0	0.0
0.0	1.0
0.0	0.01
0.0	0.0
0.0	0.20665322580645162
-2.812287220876897e-07	0.34351949420442573
0.0	1.0
-6.267426755357519e-08	1.0
-0.0018868130864575505	0.011869436201780416
-0.004944358486682177	0.011976047904191617
-4.235320375300944e-06	0.0
0.0	0.014970059880239521
0.0	0.0
0.0	0.0
0.0	0.957
0.0	1.0
-5.803751790267597e-08	0.38672768878718533
0.0	0.0
0.0	1.0
0.0	0.0
-0.0009345450671389699	0.0
-0.004363761283457279	0.0
0.0	0.0
0.0	0.0
0.0	1.0
0.0	0.0
0.0	0.2800417972831766
0.0	0.0
-1.8529159206082113e-05	0.2536082474226804
0.0	1.0
0.0	1.0
-6.5801345044747e-05	0.0
0.0	1.0
-0.002219568006694317	1.0
-0.001100016525015235	1.0
0.0	0.0
-2.487399453077188e-10	0.0
-4.252335202181712e-05	1.0
0.0	0.0
0.0	1.0
0.0	1.0
0.0	0.0
-0.018187006935477257	0.0
-7.931197387733846e-07	1.0
-2.2702313344780123e-06	0.0
-0.0005817630444653332	0.0
0.0	0.0
-8.625704140285961e-06	1.0
0.0	1.0
0.0	0.0
-3.10986433760263e-05	0.0
0.0	1.0
0.0	1.0
-0.001784025109373033	1.0
-7.140938396332785e-05	1.0
-0.0075002931989729404	0.0
0.0	1.0
0.0	1.0
0.0	1.0
0.0	1.0
0.0	1.0
0.0	1.0
-4.40073699792265e-06	0.0
0.0	1.0
-0.0017087784362956882	1.0
0.0	0.0
-0.00011235046986257657	1.0
0.0	1.0
-0.0003492333635222167	1.0
-4.829231693292968e-05	0.0
0.0	0.0
-2.242347591163707e-06	1.0
0.0	1.0
-0.0026662524323910475	1.0
-0.00246043992228806	0.003605769230769231
0.0	1.0
-4.6222496166592464e-05	1.0
0.0	1.0
0.0	1.0
0.0	1.0
0.0	1.0
0.0	1.0
0.0	1.0
-2.6489418814890087e-05	1.0
0.0	1.0
-1.3396746680882643e-06	0.0
-1.811349989111477e-06	1.0
-1.0126659510945046e-08	1.0
0.0	0.0
0.0	0.0
-5.30801162312855e-06	1.0
0.0	1.0
0.0	1.0
0.0	1.0
0.0	0.14098690835850958
-7.578540135000367e-06	1.0
0.0	1.0
-9.071060702581235e-08	1.0
0.0	0.0
-0.04777000471949577	0.0
-6.925097841303796e-05	0.0
-1.6031910490710288e-05	1.0
0.0	0.0
-0.00041860234341584146	1.0
0.0	1.0
-0.005706837400794029	0.0
0.0	0.0
0.0	0.0
0.0	1.0
0.0	1.0
-0.0009004936437122524	1.0
-5.275607691146433e-06	1.0
-0.0006438452401198447	1.0
0.0	1.0
-0.007095771841704845	0.0
-0.021346496418118477	0.0
-3.0710059490957065e-06	1.0
-0.0014990178169682622	1.0
-5.678182333213044e-07	0.0011261261261261261
-0.23982563614845276	0.0
-4.637681456642895e-07	1.0
-2.0806537293083238e-07	1.0
-0.010374963283538818	0.0
-0.0007544838008470833	0.0
-1.6443086678918917e-06	1.0
-7.974441541591659e-05	1.0
-0.0021441683638840914	0.0
0.0	0.005122950819672131
0.0	0.0
0.0	0.0
0.0	1.0
0.0	1.0
0.0	1.0
0.0	1.0
0.0	1.0
0.0	1.0
0.0	1.0
0.0	1.0
0.0	1.0
0.0	1.0
-0.002298501553013921	1.0
0.0	1.0
0.0	0.0
-8.387196430703625e-06	1.0
0.0	1.0
0.0	0.0
-0.0005160224973224103	1.0
0.0	1.0
0.0	1.0
0.0	1.0
-4.501366493059322e-05	0.0
-6.284245500864927e-06	0.0020898641588296763
0.0	1.0
0.0	1.0
0.0	1.0
-0.009992370381951332	0.0
0.0	0.0
0.0	1.0
0.0	0.0
0.0	0.0
0.0	1.0
0.0	0.0
0.0	1.0
0.0	1.0
-0.002486769575625658	1.0
0.0	1.0
0.0	1.0
-3.78266086045187e-05	0.0
0.0	0.0
0.0	0.0
0.0	1.0
-1.268833128842406e-11	1.0
-1.5132361113501247e-05	1.0
0.0	1.0
0.0	0.0
0.0	1.0
-0.00039591771201230586	1.0
0.0	1.0
-0.01665278896689415	0.0
-1.2237012015248183e-05	0.957
0.0	1.0
0.0	0.00946372239747634
-0.00029365441878326237	0.6708595387840671
0.0	1.0
0.0	1.0
-5.958458859822713e-05	1.0
0.0	0.008130081300813009
-3.122280816114653e-07	0.0
-1.959406290552579e-06	1.0
-9.126001532422379e-05	0.0
0.0	0.0
0.0	1.0
-2.7661617423291318e-05	1.0
0.0	0.0
0.0	1.0
0.0	1.0
0.0	1.0
0.0	1.0
0.0	1.0
0.0	1.0
-2.776793053271831e-06	1.0
0.0	0.0
0.0	1.0
0.0	0.0
-1.2844209777540527e-05	1.0
-2.1689045297534904e-06	0.0012195121951219512
0.0	0.0
0.0	1.0
0.0	1.0
0.0	1.0
-0.006620722357183695	0.0
0.0	1.0
-2.371795648770103e-09	1.0
0.0	1.0
0.0	1.0
-2.3851736841606908e-05	0.0
0.0	0.0
0.0	1.0
0.0	0.0
0.0	0.02599009900990099
0.0	1.0
0.0	1.0
-0.01409738790243864	0.0
0.0	0.631
0.0	0.0
-0.00021359500533435494	0.0
0.0	0.0
0.0	1.0
0.0	0.166
0.0	0.0
0.0	0.0
0.0	1.0
0.0	1.0
0.0	0.0
-0.0003950792015530169	1.0
0.0	0.0
0.0	0.003009027081243731
0.0	1.0
-0.003012112807482481	0.046511627906976744
-2.0967503289170963e-08	1.0
0.0	1.0
-6.165068100472126e-08	1.0
-1.4482463939202717e-07	1.0
0.0	1.0
0.0	0.004
0.0	1.0
0.0	0.03305785123966942
0.0	1.0
-2.1846764866495505e-05	1.0
-5.960901603430102e-07	1.0
0.0	0.005
-2.7688753107213415e-05	1.0
0.0	1.0
0.0	0.0
0.0	0.0
0.0	1.0
0.0	1.0
-0.0001792085386114195	1.0
-1.630319388823409e-06	1.0
-0.05864821374416351	0.0
-0.11163096874952316	0.0
0.0	1.0
-4.474869399473391e-07	1.0
0.0	0.0
-0.00120383664034307	1.0
0.0	0.0
0.0	1.0
0.0	1.0
0.0	1.0
0.0	1.0
0.0	0.014553014553014554
0.0	0.0
0.0	1.0
-1.6614900744116312e-07	1.0
0.0	1.0
0.0	0.0
0.0	1.0
0.0	1.0
0.0	1.0
0.0	1.0
0.0	1.0
0.0	0.0
0.0	1.0
0.0	1.0
0.0	1.0
0.0	1.0
0.0	1.0
-0.011135079897940159	0.0
-8.414817420998588e-05	1.0
0.0	1.0
0.0	0.06374085684430512
-0.0010191185865551233	0.0
0.0	1.0
0.0	1.0
-0.02118030935525894	0.0
0.0	0.006172839506172839
0.0	0.028169014084507043
-6.003102015483819e-08	0.0
0.0	1.0
-9.456181578570977e-05	1.0
0.0	0.01131687242798354
-0.00010782582103274763	1.0
-0.006231177598237991	0.0
0.0	1.0
0.0	1.0
0.0	1.0
0.0	0.0
0.0	1.0
-0.00022778355923946947	1.0
0.0	1.0
0.0	1.0
0.0	1.0
0.0	0.0030181086519114686
-3.7913523556198925e-05	0.091
0.0	1.0
0.0	1.0
0.0	1.0
0.0	1.0
0.0	1.0
-1.7076462199838716e-06	1.0
0.0	0.0
-0.00046532117994502187	1.0
0.0	1.0
0.0	1.0
0.0	1.0
-0.0007067308761179447	0.0
0.0	1.0
0.0	1.0
-2.5044691938092e-06	0.0
0.0	0.0
0.0	1.0
0.0	1.0
-2.5958905780498753e-07	1.0
0.0	0.0
0.0	1.0
-6.227992344065569e-07	1.0
0.0	0.0
-0.0011229803785681725	0.018404907975460124
0.0	1.0
0.0	1.0
-0.0006003359449096024	0.05305305305305305
0.0	0.0010559662090813093
0.0	0.0
0.0	1.0
-4.1900934775185306e-06	1.0
-3.543862425736677e-10	1.0
-0.00010003104398492724	0.0
-0.001484320848248899	0.0
0.0	0.0
-0.0012236550683155656	1.0
-0.0009999008616432548	0.0
-6.104070052970201e-06	1.0
0.0	0.004
0.0	1.0
-0.004861342255026102	0.040160642570281124
0.0	1.0
0.0	1.0
-1.5677959197546443e-07	0.0
-0.007967603392899036	0.0
-1.593683373357635e-05	0.3023255813953488
0.0	1.0
0.0	1.0
-0.0015255494508892298	0.503
0.0	1.0
0.0	0.05116279069767442
0.0	0.14
0.0	1.0
-0.003187979804351926	0.0
0.0	1.0
0.0	0.0
-2.5574760002200492e-05	1.0
0.0	0.0
-1.126911719495638e-08	0.0
0.0	0.0
0.0	1.0
0.0	1.0
0.0	0.0
0.0	0.0
-0.00027507959748618305	0.002
-7.984879175637616e-07	1.0
0.0	1.0
0.0	0.0
0.0	1.0
-5.158137810212793e-07	1.0
0.0	0.0
0.0	0.0
0.0	0.0
0.0	0.112
0.0	0.10935023771790808
-0.0027743319515138865	0.0
-0.0005217129946686327	1.0
-0.0009825347224250436	1.0
-8.870680176187307e-05	1.0
-0.0001320298615610227	1.0
-3.498357273201691e-06	0.0
-0.0008215721463784575	0.0
-0.0016990647418424487	0.0
0.0	1.0
-0.0006140393670648336	0.0
0.0	1.0
0.0	0.0
-2.7152848360856296e-06	1.0
0.0	1.0
0.0	1.0
-0.011294486001133919	0.0
0.0	1.0
0.0	1.0
-8.53202841710754e-09	1.0
-0.0013599074445664883	0.125
-0.00015240319771692157	1.0
0.0	1.0
-1.6262092685792595e-05	0.957
0.0	1.0
0.0	0.0
0.0	0.0
0.0	1.0
0.0	0.0944386149003148
0.0	0.051648351648351645
0.0	0.051648351648351645
0.0	0.09554140127388536
-2.6681356757762842e-05	1.0
0.0	0.012087912087912088
-0.002477454487234354	0.0
-2.422904799459502e-06	1.0
0.0	0.0121012101210121
0.0	0.09146341463414634
-4.6083117922535166e-05	1.0
0.0	1.0
0.0	0.07263157894736842
-5.115526437293738e-05	1.0
-0.003426999319344759	0.0
-1.8838518371921964e-05	1.0
0.0	1.0
0.0	1.0
0.0	0.0
0.0	1.0
0.0	1.0
-3.865801772917621e-05	0.5356762513312034
-1.6058696039600306e-10	1.0
0.0	1.0
0.0	0.5476429287863591
0.0	1.0
0.0	1.0
0.0	1.0
0.0	0.5256008359456635
0.0	0.0
-0.00011601596634136513	1.0
-0.00034848309587687254	1.0
0.0	0.029
0.0	1.0
-2.693554779398255e-05	1.0
