-4.097217242815532e-06	0.0
0.0	1.0
0.0	1.0
0.0	0.0
0.0	0.0
-0.0019118678756058216	1.0
-6.082039908505976e-05	1.0
0.0	1.0
0.0	1.0
-3.399154024918971e-08	1.0
0.0	1.0
0.0	0.258
-0.016327936202287674	0.0
0.0	0.0
0.0	1.0
0.0	1.0
-0.0038060126826167107	0.0
0.0	1.0
0.0	1.0
0.0	0.0
0.0	1.0
0.0	1.0
0.0	1.0
0.0	0.0
0.0	1.0
0.0	1.0
-5.0529015425127e-06	0.10146443514644352
0.0	1.0
0.0	0.0
0.0	1.0
0.0	1.0
-4.668153641418371e-10	0.0
-3.0195218641893007e-05	1.0
-0.0003134722064714879	0.0
0.0	1.0
-1.374234443574096e-06	0.0
-0.020795635879039764	0.0
-1.0671709787857253e-05	1.0
0.0	0.2132132132132132
0.0	1.0
0.0	1.0
0.0	0.0
0.0	0.0
0.0	1.0
0.0	0.0
0.0	1.0
-1.685584038568777e-06	1.0
-5.9480662173427845e-08	1.0
0.0	0.0
0.0	0.0
0.0	0.0
0.0	1.0
-0.013963078148663044	0.0
0.0	1.0
-7.470227046724176e-06	0.0020222446916076846
0.0	1.0
-0.0005953976651653647	0.0020161290322580645
0.0	1.0
0.0	1.0
0.0	0.25
0.0	0.0
0.0	1.0
0.0	1.0
0.0	1.0
0.0	1.0
-0.000391144014429301	0.0
0.0	0.0
-4.820185495191254e-05	0.09523809523809523
0.0	0.0
0.0	0.0
0.0	1.0
0.0	0.013078470824949699
0.0	1.0
0.0	0.25842696629213485
-0.00026672217063605785	1.0
0.0	1.0
-0.006997440941631794	0.0
0.0	1.0
0.0	0.0
-5.400207010097802e-05	1.0
0.0	1.0
-3.2630482760254154e-09	1.0
0.0	1.0
0.0	1.0
0.0	0.0
0.0	1.0
0.0	0.0
0.0	1.0
0.0	1.0
0.0	0.0
0.0	1.0
0.0	0.0
-2.4492230465966713e-08	1.0
0.0	1.0
-0.0005947757163085043	0.009
0.0	1.0
0.0	1.0
0.0	1.0
0.0	1.0
0.0	1.0
-0.00024211870913859457	1.0
-0.0035054772160947323	0.0
0.0	0.0
-1.0191161891270895e-05	1.0
-0.01688443124294281	0.0
0.0	1.0
0.0	0.0
0.0	0.023154848046309694
0.0	1.0
0.0	1.0
0.0	1.0
-0.005338778719305992	0.0
-0.001479156780987978	1.0
0.0	0.0
-0.018470123410224915	0.0
0.0	0.0
0.0	0.0
0.0	0.0508130081300813
0.0	1.0
-0.015278111211955547	0.0
-0.005023988429456949	0.0
-0.0016893724678084254	1.0
0.0	0.0
0.0	1.0
0.0	1.0
-0.00048324200906790793	0.001053740779768177
0.0	1.0
0.0	0.0
-0.0026981120463460684	0.0
-0.008213503286242485	0.0
0.0	1.0
0.0	1.0
0.0	1.0
0.0	1.0
0.0	1.0
-6.5587930642152514e-09	0.0
0.0	1.0
0.0	0.0
0.0	1.0
0.0	1.0
0.0	1.0
0.0	0.0
0.0	0.0
0.0	0.206
0.0	0.206
0.0	0.0
0.0	1.0
0.0	1.0
-8.279114263132215e-05	0.0
-0.001019424176774919	1.0
0.0	1.0
0.0	0.0
-7.478986390196951e-06	1.0
-0.02143777906894684	0.0
-0.0025211165193468332	1.0
-1.176631121779792e-05	1.0
0.0	1.0
0.0	1.0
-0.0026801673229783773	0.0010162601626016261
0.0	1.0
0.0	0.0
0.0	1.0
0.0	1.0
0.0	0.0
0.0	1.0
0.0	0.0
0.0	1.0
0.0	1.0
0.0	1.0
0.0	1.0
0.0	1.0
0.0	1.0
-0.00022891983098816127	0.0
0.0	0.0
0.0	1.0
-9.684922588348854e-07	1.0
0.0	1.0
0.0	1.0
0.0	0.0
0.0	0.0
0.0	1.0
0.0	1.0
0.0	1.0
0.0	1.0
-3.9734181882522535e-06	1.0
0.0	1.0
0.0	0.0
-0.014802735298871994	0.0
-0.010227587074041367	0.0
0.0	0.0
0.0	1.0
-6.116757958807284e-06	1.0
0.0	1.0
-2.2893418645253405e-05	1.0
-4.3019159789992045e-08	1.0
-4.0465660276822746e-05	0.259
0.0	1.0
0.0	1.0
0.0	1.0
0.0	1.0
0.0	1.0
-0.003558940486982465	1.0
0.0	1.0
-7.543027891188103e-07	0.2670807453416149
0.0	0.0
0.0	0.0
0.0	0.0
0.0	1.0
0.0	0.013131313131313131
0.0	0.013131313131313131
-1.80012727923895e-06	1.0
0.0	0.387
-0.002156890695914626	0.0
0.0	0.0
-9.93220237432979e-06	1.0
-1.938325567607535e-06	1.0
-0.0013217732775956392	1.0
0.0	1.0
0.0	0.0
0.0	1.0
0.0	1.0
-6.602710045378046e-11	0.0
0.0	1.0
0.0	1.0
0.0	0.0
0.0	1.0
0.0	1.0
-5.931812120252289e-05	1.0
-0.005053756292909384	0.0
0.0	1.0
0.0	1.0
0.0	1.0
-0.0006609255215153098	1.0
-0.00019792055536527187	0.0
-1.5659836208214983e-05	0.0
0.0	1.0
0.0	1.0
-0.0005796105251647532	0.0016
0.0	0.0
0.0	0.271
0.0	1.0
0.0	0.27540650406504064
0.0	0.0
0.0	1.0
-0.016796620562672615	0.0
-0.003995080944150686	1.0
0.0	1.0
0.0	1.0
-0.0008342382498085499	0.02502844141069397
0.0	1.0
0.0	1.0
0.0	1.0
0.0	1.0
-3.5932433206653513e-07	1.0
0.0	0.022357723577235773
0.0	0.016129032258064516
0.0	0.029471544715447155
0.0	1.0
0.0	0.0
-0.0034764627926051617	0.0
0.0	0.5483870967741935
0.0	1.0
-7.28147213635566e-08	0.043209876543209874
0.0	1.0
-3.3823158673840226e-07	0.0
-0.00030653190333396196	0.0
-0.0002726076927501708	0.0
0.0	0.0
-0.001155814272351563	1.0
-0.0017124406294897199	1.0
-6.852360456832685e-06	1.0
0.0	1.0
0.0	1.0
-0.010907125659286976	0.0
0.0	1.0
0.0	1.0
0.0	0.04573170731707317
-0.0006058808648958802	0.045180722891566265
0.0	0.0
-1.195285449284711e-06	1.0
0.0	0.0
-0.009880111552774906	0.0
0.0	0.0
0.0	0.0
0.0	1.0
-4.038866245537065e-05	1.0
0.0	0.0
-2.124027014360763e-05	1.0
-1.353108473267639e-05	0.0
0.0	1.0
0.0	1.0
0.0	1.0
0.0	0.0
0.0	0.020910209102091022
0.0	0.0
-9.12544273887761e-05	0.0
0.0	1.0
-0.00013742619194090366	1.0
0.0	0.0013774104683195593
0.0	1.0
-4.84168822367792e-06	1.0
0.0	0.015469613259668509
-0.0001323232863796875	0.0
0.0	1.0
0.0	1.0
-0.0005755992024205625	1.0
-3.4572849472169764e-07	1.0
0.0	1.0
0.0	0.984
0.0	1.0
0.0	0.0
0.0	1.0
0.0	0.0010162601626016261
-1.7356712733729296e-09	1.0
0.0	0.0
-0.0003643774543888867	0.984
0.0	1.0
0.0	0.0
0.0	1.0
0.0	1.0
0.0	1.0
0.0	0.0
0.0	0.0
0.0	1.0
-0.0058201393112540245	1.0
0.0	1.0
0.0	0.18191056910569106
-1.2551472448191214e-13	1.0
-2.921637360486784e-06	1.0
0.0	1.0
0.0	0.0
-7.511629519285634e-05	0.0
0.0	0.0
0.0	1.0
-5.640862582367845e-05	0.0
0.0	0.0
-0.012781824916601181	0.0
0.0	1.0
0.0	0.019
0.0	1.0
0.0	1.0
0.0	1.0
0.0	0.0
0.0	1.0
0.0	0.012903225806451613
0.0	0.0
0.0	1.0
-0.0003916534478776157	1.0
0.0	1.0
-0.00013547581329476088	1.0
0.0	0.187
0.0	1.0
0.0	1.0
0.0	1.0
0.0	1.0
-0.013324667699635029	0.02
-0.0004603382258210331	1.0
0.0	1.0
0.0	1.0
0.0	1.0
0.0	1.0
-4.714296665042639e-05	1.0
0.0	1.0
0.0	1.0
0.0	1.0
0.0	1.0
0.0	1.0
-0.007304963190108538	0.0
0.0	1.0
-0.0027165452484041452	0.0
0.0	1.0
0.0	1.0
0.0	0.0
0.0	1.0
0.0	1.0
0.0	0.0
0.0	1.0
-0.048326849937438965	0.0
0.0	1.0
0.0	0.0
0.0	1.0
0.0	0.0
-0.00012418761616572738	1.0
0.0	0.5833333333333334
0.0	1.0
0.0	0.0
-5.3869352996116504e-05	0.0
0.0	1.0
-2.628388895420386e-10	1.0
0.0	0.0
0.0	1.0
0.0	1.0
-6.639568823629816e-07	1.0
0.0	1.0
0.0	1.0
0.0	0.0
-2.9383965738816187e-05	0.0
0.0	1.0
-8.788946433924139e-05	0.0
-3.366837972862413e-07	0.0
0.0	1.0
0.0	1.0
0.0	0.0
0.0	1.0
-0.011006793938577175	0.0
-0.00013289786875247955	1.0
0.0	1.0
0.0	1.0
0.0	0.0
0.0	1.0
-0.001167077338322997	0.0
-3.0071117862462415e-07	1.0
-3.545527604842391e-08	0.0
0.0	1.0
-0.001805675681680441	1.0
-9.962438343791291e-05	1.0
0.0	0.0
0.0	1.0
0.0	1.0
0.0	1.0
0.0	1.0
-0.042182695120573044	0.0
-0.0013744751922786236	0.0
-5.6151702665374614e-06	1.0
0.0	0.0
0.0	1.0
0.0	1.0
-0.002691833535209298	0.001017293997965412
-4.498144789977232e-06	1.0
0.0	1.0
0.0	1.0
-0.007430308032780886	0.0
-7.793891398932828e-08	1.0
0.0	0.029
0.0	0.0
-2.3407126263919054e-06	0.004
0.0	0.004
0.0	1.0
-0.01668660156428814	0.0
0.0	0.004012036108324975
-6.824662250437541e-06	1.0
-0.0012688725255429745	0.0
0.0	1.0
0.0	0.012048192771084338
0.0	0.0
0.0	0.012
0.0	0.012
0.0	0.0
0.0	0.016210739614994935
0.0	0.028368794326241134
0.0	1.0
0.0	1.0
0.0	0.0
0.0	1.0
-0.0001368283265037462	1.0
0.0	1.0
-0.00010652868513716385	1.0
0.0	0.048625792811839326
0.0	0.0
-3.8767300480913036e-08	1.0
0.0	1.0
0.0	0.013
0.0	0.0
-3.912732790922746e-05	0.0
-1.0366040442022495e-05	1.0
0.0	1.0
0.0	1.0
0.0	1.0
0.0	1.0
-4.141873909818683e-12	1.0
-0.004084816202521324	0.0
0.0	1.0
0.0	0.0
0.0	0.015
-0.028106611222028732	0.0
0.0	0.0
0.0	0.004329004329004329
-8.540052476746496e-06	0.3076152304609218
0.0	0.002886002886002886
0.0	1.0
0.0	0.30792377131394183
0.0	1.0
-0.0007021788042038679	0.0
0.0	0.0
0.0	1.0
0.0	1.0
0.0	1.0
0.0	1.0
0.0	0.0
0.0	1.0
-0.00018523819744586945	1.0
0.0	0.0
-1.4347710930451285e-06	0.0
0.0	1.0
0.0	0.0
0.0	0.0
0.0	1.0
-0.0017936003860086203	0.1903807615230461
0.0	1.0
0.0	1.0
-0.000229356563067995	0.0
0.0	1.0
0.0	1.0
-0.0018263831734657288	0.0
-3.221031875000335e-05	0.0
-0.0009039506549015641	0.0
-3.7883143844119616e-10	1.0
-0.0012643516529351473	1.0
0.0	1.0
-0.0007239850820042193	0.632258064516129
-2.1070834918646142e-05	1.0
0.0	1.0
0.0	1.0
-2.988407686643768e-05	1.0
0.0	0.0
-0.0011246121721342206	0.0
0.0	1.0
0.0	1.0
0.0	1.0
-0.0004951015580445528	1.0
-7.756286504445598e-05	0.0
0.0	1.0
0.0	0.0
-9.825470215218957e-07	0.0
-0.004643595777451992	0.0
-3.2758229722568144e-12	1.0
0.0	1.0
-1.4798289384998498e-06	1.0
0.0	1.0
-0.008584005758166313	0.0
-3.7300033000065014e-06	1.0
0.0	1.0
0.0	1.0
0.0	0.0071794871794871795
-1.6486570757479058e-06	0.0
0.0	0.0
-0.0001501790975453332	0.009072580645161291
-4.199272734695114e-05	1.0
0.0	0.008072653884964682
-0.03020583651959896	0.0
-7.104271844582399e-06	0.01
-3.065818177105939e-08	0.0
-0.0005591646186076105	1.0
-7.000387995503843e-05	0.027479091995221028
0.0	0.0
-0.009610476903617382	0.0
-5.231764134805417e-06	1.0
0.0	1.0
-1.9403581973165274e-05	1.0
0.0	1.0
-0.0011474544880911708	0.0030303030303030303
0.0	0.0
-0.0002505312440916896	0.0
-1.2966491340193897e-05	1.0
0.0	0.0
0.0	0.0
-0.0021245325915515423	0.0
0.0	0.083
0.0	0.0
0.0	0.128
0.0	1.0
-7.180380595661617e-11	0.0
-0.0007960555958561599	1.0
0.0	0.020706455542021926
-1.7941337091542664e-06	1.0
0.0	1.0
0.0	0.1875
0.0	1.0
-0.027831070125102997	0.0
-0.0019553981255739927	0.0
-0.001582813449203968	0.0
0.0	1.0
-2.8980261049582623e-05	0.984
0.0	0.0
0.0	1.0
0.0	0.984
0.0	0.0
-1.9190762031939812e-05	0.0
0.0	0.0
-0.00010904741066042334	0.0
0.0	0.0
0.0	1.0
0.0	1.0
0.0	1.0
-0.009202743880450726	0.0
0.0	1.0
-0.000157578571815975	0.097
0.0	0.0
-0.06993114203214645	0.0
-0.0002217685541836545	0.0
0.0	0.0
0.0	1.0
0.0	0.0
-5.444817361421883e-05	1.0
-9.269901784136891e-05	0.0
-4.5804554815731535e-07	1.0
0.0	1.0
-5.957116400168161e-08	1.0
0.0	1.0
0.0	0.0
-2.3402366267077923e-08	0.0
-2.157825838366989e-05	1.0
0.0	1.0
-0.0048334612511098385	0.1951219512195122
-8.280778018843193e-08	1.0
0.0	0.0
0.0	1.0
0.0	0.0
0.0	0.0
0.0	1.0
0.0	1.0
0.0	0.0
-9.033960850501899e-06	1.0
-1.8189796264778124e-06	1.0
-0.00010104103421326727	1.0
-0.0011226874776184559	1.0
0.0	1.0
0.0	0.0
0.0	0.0
-0.0003854274400509894	1.0
-0.004137358628213406	0.0
-0.01878843456506729	0.0
-0.0018163438653573394	0.984
-0.00018486400949768722	1.0
-0.001371057704091072	1.0
0.0	1.0
0.0	1.0
0.0	1.0
-0.0006227409467101097	1.0
0.0	0.0
0.0	0.0
-0.000798973545897752	0.0
-0.0008922586566768587	0.0
-8.139292913256213e-05	1.0
0.0	1.0
-0.001638348214328289	0.001
0.0	0.0
-0.0005655018612742424	1.0
