0.0	0.0
-2.590720669104485e-07	0.0
-5.092174978926778e-05	1.0
0.0	1.0
0.0	1.0
0.0	1.0
0.0	1.0
-1.0020678018918261e-05	1.0
0.0	0.0
-0.0001431826822226867	0.0
0.0	1.0
0.0	0.0
0.0	1.0
0.0	0.0
0.0	0.0
0.0	0.0
-0.004654650576412678	0.0
0.0	1.0
0.0	0.0
0.0	0.0
0.0	0.0
0.0	1.0
-6.013395250192843e-06	0.0
-6.559155735885724e-05	0.0
0.0	0.4449648711943794
0.0	1.0
0.0	0.0
0.0	1.0
0.0	0.3473684210526316
0.0	1.0
-2.0682418266915192e-07	0.0
0.0	0.04716981132075472
-2.2340062059811316e-05	0.0
-0.00012550655810628086	0.3181818181818182
0.0	0.0
-9.260283695766702e-05	1.0
-0.0018145060166716576	0.0
-3.786697178043141e-08	0.0
0.0	1.0
-7.449163967976347e-05	0.5177419354838709
0.0	0.62
-3.1095000706249376e-12	1.0
0.0	1.0
0.0	1.0
-2.6291141693945974e-05	1.0
-0.0033403655979782343	0.06918238993710692
0.0	0.0943683409436834
0.0	0.0
0.0	1.0
0.0	0.0898021308980213
-3.0705837161804084e-07	0.0
0.0	0.0
-0.004881491418927908	0.0
-0.002027664566412568	0.0
0.0	1.0
0.0	1.0
0.0	0.09762532981530343
0.0	1.0
-1.7665828636381775e-05	1.0
-1.2655590580834541e-05	1.0
-2.3318689652096555e-17	1.0
0.0	1.0
0.0	1.0
-0.0003618387272581458	0.0
-1.2715923425332676e-08	1.0
0.0	1.0
0.0	1.0
0.0	1.0
-0.00023351790150627494	1.0
0.0	1.0
0.0	0.0
-6.9010175138828345e-06	1.0
0.0	1.0
0.0	0.005263157894736842
0.0	1.0
-2.9412145607921047e-08	1.0
-2.4176411983489743e-09	0.0
0.0	0.0
0.0	1.0
0.0	0.0
0.0	0.0
0.0	0.0
-1.976306339201983e-05	0.0
0.0	1.0
0.0	1.0
0.0	1.0
0.0	1.0
0.0	1.0
-3.3566331580914266e-07	1.0
-1.8759135400614468e-07	0.0
0.0	1.0
-0.00023330173280555755	1.0
-5.330125077307457e-06	1.0
-0.0009708094294182956	1.0
0.0	1.0
-1.5353798787920425e-10	0.0
0.0	1.0
-6.360415666373243e-11	1.0
0.0	1.0
0.0	1.0
0.0	1.0
-0.003101007081568241	1.0
-8.710675274414825e-07	0.0
0.0	1.0
-0.0005243350169621408	0.0
0.0	1.0
0.0	0.0
-2.3563496142742224e-05	1.0
0.0	1.0
0.0	0.0
0.0	1.0
0.0	1.0
0.0	1.0
0.0	0.0
-2.3382068320643157e-05	0.0
0.0	1.0
0.0	1.0
0.0	0.004
0.0	0.010526315789473684
0.0	0.0
0.0	1.0
0.0	1.0
-2.50146484859215e-07	1.0
-4.693866628713295e-09	1.0
0.0	1.0
0.0	1.0
-7.278998236870393e-05	1.0
0.0	0.6966292134831461
0.0	1.0
-1.8964508399221813e-06	1.0
0.0	0.0
-1.1758296750485897e-05	1.0
0.0	1.0
0.0	0.04032258064516129
0.0	0.0
0.0	0.0
-0.06143632158637047	0.0
0.0	1.0
0.0	1.0
0.0	1.0
0.0	0.0
0.0	1.0
-0.0002400817902525887	0.0
0.0	1.0
0.0	0.0
-2.816034694319569e-08	0.002
0.0	1.0
0.0	0.0
-0.008414610289037228	0.0
0.0	0.0
0.0	0.004008016032064128
-2.8733671570080332e-05	0.005263157894736842
-1.312814674747642e-07	1.0
0.0	1.0
0.0	0.0
-0.0017779965419322252	1.0
0.0	1.0
-3.596600436139852e-06	0.0
-4.2959095480910037e-07	1.0
0.0	0.0
-0.0002153715759050101	1.0
0.0	0.0
-0.00023590418277308345	1.0
-8.017304509166934e-08	0.62
0.0	0.0
-0.001545516075566411	1.0
0.0	1.0
-4.745812475448474e-06	0.0
-9.370203042635694e-05	1.0
0.0	1.0
0.0	0.0
0.0	0.0
-3.9562976894558233e-07	0.0
0.0	1.0
0.0	1.0
-7.703101800871082e-08	1.0
0.0	0.0
-6.558146878887783e-07	1.0
0.0	1.0
-1.147809139401268e-10	0.0
0.0	1.0
-1.8736294737919934e-09	0.0
-1.1095169156760676e-06	1.0
0.0	0.0
0.0	1.0
0.0	1.0
0.0	1.0
0.0	1.0
-6.0345869314915035e-06	1.0
0.0	1.0
-0.016247661784291267	0.0
-6.27751184367753e-09	0.0
-0.0014065016293898225	1.0
-3.561958783482311e-10	1.0
0.0	0.03225806451612903
0.0	1.0
-1.789647103578318e-05	0.0
0.0	0.0
0.0	1.0
0.0	0.0
0.0	1.0
-0.00043115238077007234	0.0
0.0	1.0
-2.131038883135261e-07	1.0
-0.002061427105218172	0.0
0.0	1.0
0.0	1.0
0.0	1.0
0.0	1.0
-0.00037870308733545244	0.0
-0.001219134428538382	1.0
-1.71245847013779e-05	1.0
-0.000568593735806644	1.0
0.0	1.0
0.0	1.0
0.0	0.466
-0.0014896029606461525	1.0
0.0	1.0
0.0	1.0
0.0	1.0
0.0	1.0
-0.0008272412815131247	0.0
-1.092829506887938e-06	1.0
0.0	1.0
0.0	0.0
0.0	1.0
0.0	1.0
-0.0004181124095339328	0.0
-8.712528506293893e-05	1.0
0.0	0.0010183299389002036
-0.00012016917753499001	1.0
0.0	1.0
0.0	1.0
0.0	1.0
0.0	1.0
0.0	1.0
-9.257791755423739e-11	0.824468085106383
0.0	1.0
0.0	1.0
0.0	1.0
0.0	1.0
-1.1468647244328167e-05	1.0
0.0	1.0
-5.2516628784360364e-05	1.0
0.0	0.6526315789473685
0.0	1.0
0.0	1.0
0.0	1.0
-0.0004262833099346608	1.0
-7.949090650072321e-05	1.0
-0.0024717252235859632	0.0
0.0	1.0
-0.018043152987957	0.0
-0.00015567036462016404	1.0
0.0	0.0
-0.0006055572885088623	1.0
0.0	0.0
-7.045755978651869e-07	0.0
0.0	1.0
-5.9686153690563515e-05	0.0
0.0	1.0
0.0	0.01675977653631285
-0.00098306720610708	0.0
-8.528264316964851e-09	0.6345957011258956
0.0	0.0
-0.00041766936192288995	0.0
-0.0007422469789162278	1.0
0.0	1.0
-0.00022608862491324544	1.0
0.0	1.0
-3.197971443213987e-09	1.0
0.0	1.0
0.0	0.0
0.0	0.0
0.0	1.0
-8.288517710752785e-05	1.0
-0.0002321680512977764	0.0
-8.231625088228611e-07	1.0
0.0	0.020134228187919462
0.0	0.0
0.0	1.0
-0.0036947703920304775	1.0
0.0	1.0
0.0	0.0
0.0	0.0
-0.00010462840873515233	0.0
-0.001248347689397633	1.0
0.0	1.0
0.0	1.0
0.0	0.0
-8.113423177746881e-07	1.0
0.0	1.0
0.0	0.0
0.0	0.0
0.0	1.0
0.0	1.0
-2.2085844193497906e-06	1.0
-1.2325568604865111e-05	0.0
0.0	1.0
0.0	1.0
0.0	1.0
0.0	1.0
-0.0008334984304383397	1.0
-3.4159969800384715e-05	0.05789473684210526
-5.224808319326257e-07	0.0
-0.00013142502575647086	0.030042918454935622
-0.00021313311299309134	0.0
0.0	1.0
-3.5837190353049664e-06	0.0
-0.0017806419637054205	0.0
-0.00010455198935233057	0.0
-0.00029924706905148923	1.0
-1.2886335332140675e-09	1.0
0.0	0.0
0.0	1.0
0.0	0.0
0.0	1.0
-0.0001757845893735066	0.02813852813852814
-4.5509394112741575e-05	0.0
-0.004116544499993324	0.0
-1.9164066543453373e-05	1.0
-5.2921361515245735e-08	0.013052208835341365
-3.7415378756122664e-05	1.0
0.0	1.0
-0.0060565578751266	0.0
-1.0301178008376155e-05	1.0
-2.1757397917099297e-05	0.01
0.0	1.0
-0.0002705686492845416	0.0
0.0	0.0
0.0	0.0
-7.446186334192362e-09	1.0
-8.887837611837313e-05	0.38
0.0	1.0
0.0	1.0
-0.002093374030664563	0.0
0.0	0.0
-0.0015137409791350365	1.0
0.0	1.0
0.0	1.0
0.0	0.0
0.0	0.0
-7.863786595407873e-05	1.0
-5.3903624619433543e-11	0.0
0.0	1.0
0.0	0.0
-0.0003993996069766581	0.0
0.0	0.10967741935483871
0.0	0.62
0.0	1.0
0.0	0.0
0.0	0.0
0.0	0.0
0.0	1.0
0.0	1.0
-2.6926338250632398e-05	1.0
0.0	1.0
0.0	1.0
-6.585224809896317e-09	1.0
0.0	1.0
-0.003314856206998229	0.0
0.0	0.0
0.0	1.0
0.0	1.0
0.0	1.0
-3.3004366173372546e-07	1.0
0.0	0.014563106796116505
-0.006497352849692106	0.0
0.0	1.0
0.0	1.0
0.0	0.0016129032258064516
0.0	1.0
-1.672892176429741e-05	1.0
0.0	1.0
-6.395121999958064e-06	1.0
-1.6662069128869916e-06	1.0
-2.1027010461693862e-06	1.0
-0.0020571730565279722	0.0
0.0	1.0
0.0	0.006437768240343348
-6.82629324728623e-05	1.0
-0.00040158035699278116	1.0
0.0	0.0
-2.7923927063966403e-06	0.3826787512588117
-0.0011026692809537053	0.0
-3.6657379496318754e-06	0.3826787512588117
0.0	1.0
0.0	1.0
0.0	1.0
-1.824829632823821e-05	0.0
0.0	1.0
0.0	1.0
0.0	0.008583690987124463
-1.4387975170393474e-05	1.0
0.0	0.62
0.0	1.0
0.0	1.0
-2.6066006739711156e-06	1.0
-0.004505874589085579	0.0
0.0	1.0
0.0	1.0
0.0	1.0
0.0	1.0
0.0	1.0
0.0	1.0
-8.556633110856637e-05	1.0
0.0	1.0
0.0	0.0
0.0	0.0
-0.00014637861750088632	0.0
-4.838570021092892e-06	1.0
-0.0020614888053387403	0.0
-0.0009831361239776015	0.0
0.0	1.0
0.0	1.0
-8.466628787573427e-05	1.0
-1.1237939832181576e-13	0.0
-0.000929327099584043	0.0
0.0	0.0
0.0	1.0
0.0	1.0
-4.150315362494439e-07	1.0
-7.050536078168079e-05	1.0
-0.00016132269229274243	1.0
0.0	1.0
0.0	1.0
0.0	0.0
-0.00012270822480786592	1.0
-0.00016896036686375737	1.0
-0.00018688511045183986	1.0
0.0	1.0
0.0	1.0
-7.047684903227491e-06	1.0
0.0	0.0
0.0	0.018469656992084433
-0.00037229640292935073	1.0
0.0	0.0
0.0	0.0
0.0	1.0
-0.00048273472930304706	0.018421052631578946
0.0	1.0
0.0	0.0
-0.008108474314212799	0.0
0.0	0.0
0.0	0.0
0.0	0.0
-0.0001327499485341832	1.0
0.0	1.0
-7.953096064738929e-05	0.010526315789473684
-0.00031136107281781733	1.0
-1.739789695420768e-05	1.0
-0.0014484013663604856	0.0
0.0	1.0
0.0	1.0
-0.0008490857435390353	1.0
0.0	0.0
0.0	0.0
0.0	0.0
0.0	0.0
0.0	1.0
0.0	0.0
-2.6826694011106156e-05	1.0
0.0	1.0
0.0	1.0
0.0	1.0
-3.1295399605113516e-10	0.002631578947368421
-4.4450440507201594e-13	0.0
0.0	0.621
0.0	1.0
0.0	1.0
0.0	1.0
0.0	0.0
-0.0030625939834862947	1.0
-3.601216658211115e-09	0.0
0.0	1.0
-2.712894797696208e-08	1.0
0.0	0.0
-3.115869185421616e-05	1.0
0.0	1.0
0.0	1.0
0.0	0.0
0.0	0.4291799787007455
0.0	0.10217755443886097
0.0	0.0
-4.7089208237593994e-05	1.0
0.0	1.0
0.0	1.0
0.0	1.0
0.0	1.0
0.0	1.0
0.0	1.0
0.0	1.0
0.0	0.0
-5.995573155814782e-05	1.0
0.0	0.6545064377682404
-0.0005997777916491032	1.0
0.0	0.003009027081243731
0.0	1.0
0.0	0.0
-6.676323778265214e-07	1.0
0.0	1.0
0.0	1.0
-0.0028352427762001753	0.0
0.0	1.0
0.0	0.0
-5.373808016884141e-05	0.027
-2.905429482780164e-06	0.0
0.0	1.0
0.0	1.0
-0.00037922413321211934	0.0
-0.003995849285274744	0.0
0.0	0.0
0.0	0.0
0.0	1.0
0.0	1.0
-0.005580038297921419	0.0
0.0	1.0
-1.666044772719033e-05	1.0
0.0	0.0
-0.00042597786523401737	1.0
-0.00013280741404742002	0.0
0.0	0.0
0.0	1.0
0.0	1.0
-0.0021636751480400562	0.0
0.0	1.0
0.0	0.0
0.0	0.0
0.0	1.0
0.0	0.03807615230460922
0.0	1.0
-0.0010502665536478162	1.0
0.0	1.0
0.0	1.0
0.0	0.0
-4.700982714211932e-09	0.8612903225806452
0.0	1.0
0.0	1.0
-0.0020757524762302637	0.0
0.0	0.39317953861584753
-0.00013254256919026375	1.0
-0.0016628369921818376	1.0
-0.0022202800028026104	1.0
0.0	1.0
-2.7932458124269033e-06	1.0
0.0	1.0
0.0	0.0
0.0	1.0
0.0	0.0
0.0	0.0
0.0	1.0
0.0	1.0
0.0	0.0
-1.3868061898847373e-07	1.0
0.0	1.0
0.0	0.0
0.0	1.0
-4.388336378724489e-07	1.0
0.0	1.0
0.0	0.62
-0.0003021142038051039	0.0
-2.02360752155073e-07	0.0
0.0	0.0
