0.0	0.0
-0.0002295426238561049	0.0
-0.0003315017675049603	1.0
0.0	0.0
0.0	1.0
-1.275518712873236e-07	0.024
0.0	1.0
0.0	0.06629834254143646
0.0	0.0
-0.00020544872677419335	1.0
0.0	1.0
0.0	1.0
0.0	1.0
-3.959955419130523e-10	0.0
0.0	1.0
0.0	1.0
-9.851377171798958e-07	1.0
0.0	0.0
-7.04464468981314e-07	1.0
0.0	0.23943661971830985
-0.009386182762682438	0.0
-0.0004893818986602128	0.0
0.0	0.0
0.0	0.0
-0.0013141982490196824	1.0
0.0	1.0
0.0	0.0
0.0	0.08150470219435736
0.0	1.0
-4.1268514905823395e-05	1.0
-0.0004171771288383752	0.0
0.0	1.0
0.0	0.0
-4.990600064047612e-05	1.0
-0.0017384302336722612	0.7020602218700476
-1.8326408834923313e-08	1.0
-2.135791874025017e-05	0.027522935779816515
-0.00038632986252196133	1.0
-3.6381161407916807e-06	0.4619289340101523
0.0	0.0
-1.098747537398026e-09	1.0
0.0	0.4452261306532663
-5.714775397791527e-05	1.0
-1.9963317754445598e-05	0.0
0.0	0.0010050251256281408
0.0	1.0
-0.004507098812609911	0.0
0.0	0.0
0.0	0.0
-6.322725676000118e-05	1.0
0.0	0.012024048096192385
-1.744761446431653e-09	1.0
0.0	0.0
0.0	1.0
0.0	1.0
-5.172421424504137e-07	0.36693548387096775
0.0	0.0
-7.185507274698466e-05	1.0
0.0	1.0
0.0	1.0
0.0	0.0
-7.656832167413086e-05	1.0
0.0	0.5718232044198895
0.0	0.0
-0.009100518189370632	0.0
-2.5840132256149673e-09	1.0
0.0	1.0
-3.2340855687928993e-11	1.0
0.0	1.0
0.0	1.0
0.0	1.0
-7.982983163401514e-08	1.0
0.0	1.0
-2.7484185594062183e-08	1.0
0.0	1.0
0.0	0.0
0.0	0.0
0.0	1.0
0.0	1.0
0.0	1.0
0.0	1.0
0.0	0.0
0.0	1.0
-0.0005699560861103237	0.0
0.0	0.0
-0.0018583604833111167	0.0
0.0	0.061128526645768025
-2.586244409030769e-05	1.0
-0.0022488320246338844	0.4598623853211009
0.0	1.0
-0.00039155263220891356	1.0
0.0	1.0
0.0	1.0
0.0	1.0
0.0	1.0
0.0	0.0
0.0	1.0
-1.2471316949813627e-05	0.0
-9.015522772770623e-10	1.0
0.0	1.0
-0.00025052711134776473	1.0
0.0	1.0
0.0	1.0
-9.85825954558095e-06	0.0
0.0	0.0
0.0	1.0
0.0	0.0
-3.904978562729866e-09	0.0
0.0	1.0
0.0	0.005291005291005291
0.0	1.0
-0.0002354491880396381	1.0
0.0	1.0
0.0	1.0
-0.012633586302399635	0.0
0.0	0.0
0.0	1.0
0.0	0.0
0.0	1.0
-0.00010321634908905253	1.0
0.0	1.0
-1.0391770956630353e-05	1.0
-1.2472694834286813e-05	1.0
0.0	0.0
-2.7322226742398925e-05	0.0
-0.0007242435240186751	1.0
0.0	1.0
0.0	0.11428571428571428
0.0	1.0
0.0	0.0
-1.0175641440568484e-09	0.0
0.0	1.0
-5.043675980337392e-14	1.0
0.0	0.0
0.0	0.0
0.0	0.0010050251256281408
-0.0007365968776866794	0.0010050251256281408
0.0	0.005005005005005005
-0.00010611976904328912	0.0010050251256281408
-0.0047834403812885284	0.0
0.0	0.03460837887067395
0.0	1.0
0.0	1.0
-2.056612356682308e-05	1.0
-0.0034851112868636847	0.2028301886792453
0.0	1.0
0.0	1.0
-3.2718580769142136e-06	1.0
0.0	1.0
0.0	0.0
0.0	1.0
0.0	1.0
0.0	1.0
-0.008984103798866272	0.029780564263322883
-1.4091811863181647e-05	1.0
0.0	0.019
-6.214280801941641e-06	1.0
-5.81154199608136e-05	0.08839779005524862
0.0	1.0
-2.3989492547116242e-05	1.0
0.0	0.0
0.0	1.0
-1.853886601566046e-06	0.0
-9.643011253501754e-06	1.0
0.0	0.0
-2.0918477616760356e-07	0.0
0.0	1.0
0.0	0.0
0.0	1.0
0.0	1.0
-0.0014719429891556501	1.0
-1.3579198821389582e-05	0.044444444444444446
0.0	0.0
-0.003195206169039011	0.0
0.0	1.0
0.0	0.0
0.0	1.0
-4.62250104860118e-09	1.0
0.0	1.0
0.0	0.0
0.0	1.0
0.0	1.0
0.0	0.0
-0.003263602266088128	0.0
-2.0062114344909787e-05	0.0
0.0	1.0
-0.010752378962934017	0.0
-0.0019943872466683388	1.0
0.0	1.0
0.0	0.0
0.0	0.07262569832402235
0.0	0.0
-0.00012468959903344512	1.0
0.0	1.0
0.0	0.028
-4.8678237362764776e-05	0.0
-5.059337127022445e-05	1.0
-0.002123253419995308	1.0
-0.06988981366157532	0.0
0.0	1.0
-6.488815415650606e-06	1.0
-0.002917637350037694	0.0
0.0	1.0
-2.555304092766164e-07	1.0
-0.0005086459568701684	0.0
-0.0001477915357099846	1.0
0.0	0.0
0.0	0.034610630407911
-0.004768529906868935	1.0
0.0	1.0
-0.0004609565658029169	1.0
0.0	0.0
0.0	1.0
0.0	1.0
0.0	1.0
0.0	1.0
0.0	1.0
-0.0009305016719736159	0.0010030090270812437
0.0	1.0
0.0	1.0
0.0	0.0
-0.0024778228253126144	1.0
0.0	0.0
0.0	1.0
-3.048353128080883e-13	1.0
0.0	1.0
-0.006200362462550402	0.0
0.0	0.0
-5.577553383773193e-05	1.0
-1.5391187844215892e-06	1.0
-0.0007171376491896808	0.8479623824451411
0.0	1.0
0.0	0.0
0.0	1.0
-0.0007219350663945079	1.0
-0.0001878205657703802	1.0
-1.1617175914580002e-06	0.0
0.0	1.0
-0.0016956091858446598	0.0
0.0	1.0
0.0	0.0
-0.0006612908327952027	1.0
0.0	0.0
-0.0011046784929931164	0.004016064257028112
0.0	0.0
-9.173202641932221e-09	1.0
-0.0005260949255898595	0.088
-0.007542193867266178	0.0
-1.6698858473773726e-07	0.0
0.0	0.0
0.0	1.0
-0.013803078792989254	0.0
0.0	0.0
0.0	0.0
0.0	1.0
0.0	1.0
-0.0076347277499735355	0.0
0.0	1.0
-0.00040135151357389987	1.0
0.0	1.0
0.0	1.0
0.0	0.0
-0.00012119085295125842	1.0
-6.762144766980782e-05	1.0
-6.463063417783133e-10	1.0
0.0	1.0
0.0	0.006097560975609756
0.0	1.0
-0.0001132332399720326	1.0
-6.317374209174886e-05	1.0
-0.0006972922710701823	0.6753768844221105
-0.0005344925448298454	0.0
0.0	0.0
0.0	0.0
0.0	0.0
-9.152828170044813e-06	1.0
0.0	0.013812154696132596
-8.826670091366395e-05	1.0
-0.0014194899704307318	1.0
0.0	1.0
0.0	1.0
0.0	1.0
0.0	0.0
-2.1999634554958902e-05	0.0
0.0	1.0
-0.0013887074310332537	1.0
0.0	1.0
0.0	1.0
-5.275321655062726e-06	1.0
-0.00014894932974129915	0.002793296089385475
0.0	1.0
0.0	0.0
0.0	1.0
-3.14281550117812e-07	0.0
0.0	0.0
-2.754901652224362e-05	0.05
0.0	1.0
0.0	0.029780564263322883
-1.1035403986170422e-05	1.0
-2.0137686078669503e-05	1.0
0.0	1.0
-0.00013638206291943789	0.0
0.0	1.0
0.0	1.0
0.0	1.0
0.0	0.0
0.0	0.0
-0.001104647060856223	0.638
0.0	1.0
-0.0003636942128650844	1.0
-0.0006339814863167703	1.0
0.0	1.0
0.0	1.0
0.0	1.0
0.0	1.0
-2.4679450234543765e-06	1.0
-0.019604966044425964	0.0
0.0	1.0
-0.0018143138149753213	0.0
0.0	0.0
-7.572491449536756e-05	0.505
-1.1364643626166071e-07	0.509
0.0	0.509
0.0	0.0
-0.00017052615294232965	1.0
0.0	0.0
-0.021566390991210938	0.0
0.0	1.0
0.0	1.0
0.0	1.0
0.0	1.0
0.0	0.494475138121547
-5.1844581321347505e-05	1.0
0.0	0.0
0.0	1.0
-0.0013421829789876938	1.0
-0.009206672199070454	0.0
0.0	1.0
0.0	1.0
0.0	1.0
-0.015504858456552029	0.0
-0.013229111209511757	0.0
0.0	0.0
0.0	1.0
0.0	0.0
-0.004992128349840641	0.0
0.0	1.0
0.0	1.0
-5.103776857140474e-05	0.0
0.0	0.0
-0.000441449141362682	1.0
0.0	1.0
0.0	1.0
0.0	0.46611909650924027
0.0	0.0
0.0	0.0
0.0	0.633
0.0	1.0
-8.3887096025137e-07	0.0
0.0	0.19558676028084251
0.0	0.01
-1.2149715985287912e-05	0.01001001001001001
0.0	1.0
-9.45192550716456e-06	0.0015748031496062992
0.0	0.366
0.0	1.0
0.0	1.0
0.0	1.0
0.0	1.0
-0.00013742310693487525	1.0
0.0	1.0
-0.0006938554579392076	0.0
-8.08121058071265e-06	0.0
-0.00295284204185009	0.0
0.0	0.0
0.0	0.0
-8.442088805793446e-09	1.0
0.0	1.0
-0.0023172961082309484	1.0
0.0	1.0
-0.00020852455054409802	1.0
0.0	1.0
-2.3120210244087502e-05	0.0
0.0	0.36236236236236236
0.0	0.0
-8.489151070989465e-08	0.0
0.0	1.0
0.0	1.0
-0.0001275476097362116	1.0
0.0	1.0
-0.0004232318315189332	1.0
-7.392538827843964e-05	1.0
0.0	1.0
-4.956747216056101e-05	1.0
0.0	1.0
-0.00023352968855760992	1.0
-0.0008708077948540449	0.001567398119122257
0.0	1.0
0.0	0.0
0.0	1.0
0.0	1.0
-0.0004185492289252579	1.0
0.0	1.0
-0.0023645316250622272	0.0
0.0	1.0
-4.127743977733189e-06	0.0
0.0	0.0
-2.0053932530572638e-05	1.0
-2.4605862563475966e-05	1.0
-0.04967281222343445	0.0
0.0	1.0
0.0	1.0
0.0	0.0
-3.046130768780131e-05	1.0
0.0	1.0
0.0	1.0
-1.3968118764751125e-05	1.0
0.0	1.0
0.0	0.004
0.0	1.0
0.0	0.004028197381671702
0.0	1.0
-1.9274964870419353e-05	1.0
-1.666914499764971e-06	1.0
0.0	0.137
-5.5861273722257465e-06	1.0
0.0	1.0
0.0	0.0
0.0	1.0
0.0	1.0
-3.5283898025539884e-10	1.0
0.0	1.0
0.0	1.0
0.0	0.0
-5.60861179721428e-09	1.0
0.0	0.0
0.0	1.0
-0.00043314360664226115	0.0
-2.018628038058523e-06	1.0
0.0	1.0
-0.0006034985999576747	0.0
0.0	1.0
-0.002823560032993555	0.0
0.0	0.0
0.0	0.0
-1.5354588640548172e-06	1.0
0.0	1.0
-2.518934039130727e-08	0.0
-4.259523844751811e-09	0.0
0.0	1.0
-7.046243588604284e-10	1.0
0.0	1.0
-0.001465218374505639	0.0
-0.0371834859251976	0.0
0.0	1.0
0.0	1.0
0.0	0.0
0.0	0.004576659038901602
-0.00042500364361330867	0.0
-0.0002568855707067996	1.0
0.0	1.0
0.0	0.002014098690835851
0.0	1.0
0.0	1.0
0.0	0.03314917127071823
0.0	1.0
0.0	1.0
0.0	1.0
-0.0002566607145126909	0.0
-0.004886694718152285	0.0
0.0	1.0
-3.946880315197632e-05	0.029787234042553193
-1.2021520931493335e-12	0.0109717868338558
-1.2154252999607706e-06	0.0
-0.0005028588930144906	1.0
-4.924344310097695e-08	1.0
-0.00011057740630349144	1.0
-2.743540426308755e-05	1.0
0.0	1.0
0.0	1.0
-4.4548382760467575e-09	0.001001001001001001
0.0	1.0
-1.1038977163480013e-06	1.0
-6.870490324217826e-05	1.0
-3.7989796055626357e-06	0.0
-1.1613271455601648e-09	1.0
-1.6440918670923566e-06	0.0
0.0	0.0
0.0	1.0
-0.004803209099918604	0.0
0.0	1.0
0.0	1.0
-0.026443153619766235	0.0
-3.505990662233671e-06	1.0
-0.00013394697452895343	1.0
-0.005204388406127691	0.0
0.0	1.0
-0.000646350032184273	1.0
0.0	0.0
0.0	0.13535911602209943
0.0	0.6694648478488983
0.0	1.0
-8.267790098381855e-12	0.19558676028084251
0.0	0.0
0.0	0.0
0.0	1.0
-0.00015210770652629435	0.0
0.0	0.0
0.0	1.0
-6.149519322207198e-05	1.0
0.0	1.0
0.0	1.0
-0.0002928327303379774	1.0
0.0	0.0
0.0	1.0
-1.6410791431553662e-05	1.0
0.0	0.27827648114901254
-0.0008701685001142323	1.0
-0.0014070787001401186	0.0
-0.00010081158688990399	0.0
0.0	1.0
-6.922371539985761e-05	1.0
-1.4389429736638704e-07	1.0
0.0	1.0
-0.0006127519300207496	1.0
0.0	1.0
0.0	1.0
-2.6822410291060805e-05	1.0
-5.4499746511282865e-06	1.0
-4.240418682854852e-09	1.0
0.0	0.0
0.0	0.0
0.0	1.0
0.0	1.0
-8.987565552898147e-11	1.0
0.0	0.0
-0.0005528805777430534	1.0
0.0	1.0
-0.0025190275628119707	1.0
0.0	0.0
0.0	1.0
-1.2857576114910785e-10	0.0
-7.646874564670725e-07	1.0
-6.222551918177999e-10	1.0
-0.0053809224627912045	0.052525252525252523
0.0	1.0
0.0	0.0
-8.711489811142551e-16	1.0
0.0	1.0
0.0	1.0
0.0	1.0
-6.462143210228533e-05	0.0
-0.00017008063150569797	0.362
-0.0005668152589350939	1.0
0.0	0.0
0.0	1.0
0.0	1.0
-0.0002950076886918396	0.0
0.0	1.0
0.0	1.0
-1.8442745997049315e-08	1.0
-8.784184319665655e-05	0.0
0.0	1.0
0.0	1.0
0.0	0.0
-7.270187052199617e-05	0.362
