-0.0011124179000034928	0.0
-2.6883933514909586e-06	0.0
0.0	0.0
0.0	1.0
-0.0002808147110044956	1.0
-1.4320848507054507e-08	1.0
0.0	1.0
0.0	1.0
-4.586440354614751e-06	1.0
0.0	1.0
-0.001238044467754662	0.0
0.0	0.021212121212121213
-2.441196658882483e-13	1.0
0.0	1.0
-0.003585955360904336	0.0
-1.0842085909623655e-11	0.508
0.0	0.0
0.0	1.0
-0.00012648303527384996	1.0
-1.7307273392219713e-09	0.0
-0.005328156054019928	0.0
0.0	1.0
0.0	0.10543478260869565
0.0	1.0
-6.888675216032425e-06	1.0
0.0	1.0
0.0	0.0
0.0	0.0
-1.5643094002371072e-06	1.0
-0.00014786081737838686	1.0
-7.879585837144987e-07	1.0
-0.000382462254492566	0.6727272727272727
-0.0002626203349791467	1.0
-0.00015217986947391182	0.0
0.0	1.0
0.0	1.0
0.0	1.0
0.0	1.0
0.0	1.0
-1.8976518134650178e-08	0.0
-1.99483401956968e-05	1.0
0.0	0.0
0.0	0.0
0.0	1.0
-2.1809719896737079e-07	1.0
0.0	0.0
-0.0005940497503615916	1.0
0.0	0.021
-0.0009343157871626318	1.0
-2.3709868401056156e-05	0.0
0.0	1.0
-1.5531970348092727e-05	0.0
0.0	1.0
-6.846274482086301e-05	1.0
0.0	1.0
-7.653545617358759e-05	1.0
0.0	1.0
0.0	1.0
-1.164971399703063e-05	0.0
0.0	1.0
0.0	1.0
0.0	0.0
0.0	0.0
0.0	1.0
0.0	0.0
0.0	0.0
0.0	0.0
0.0	1.0
0.0	0.26286509040333794
-0.00019595152116380632	1.0
0.0	0.0
-7.904712617801124e-08	0.007
-0.00013887537352275103	0.0
0.0	0.0
0.0	1.0
0.0	1.0
0.0	1.0
-0.012318355031311512	0.0
0.0	1.0
-0.00825279951095581	0.0
0.0	1.0
-0.0004408308886922896	0.0020060180541624875
-1.8555791712060454e-06	1.0
0.0	1.0
-3.724612543010153e-05	0.0
0.0	0.0
0.0	0.015060240963855422
-1.0436361662868876e-05	0.0
0.0	0.0
0.0	0.00576036866359447
0.0	1.0
0.0	1.0
0.0	0.0
0.0	0.018090452261306532
-0.0033376486971974373	0.008056394763343404
-0.003958247136324644	0.0
-0.0048571135848760605	0.0
-0.00027963300817646086	1.0
0.0	1.0
0.0	1.0
0.0	1.0
0.0	1.0
-0.01803402788937092	0.0
0.0	0.002074688796680498
0.0	0.003663003663003663
-0.0001546794519526884	0.004
-1.8884078301084628e-08	0.0
0.0	0.0
0.0	1.0
0.0	0.0
0.0	1.0
-0.00017216966080013663	0.027180067950169876
-0.00015666423132643104	0.11987704918032786
0.0	0.0
-2.0396802302702355e-11	1.0
0.0	1.0
0.0	1.0
-4.3292995542287827e-05	0.0
-4.999459633836523e-06	0.0
-0.0014482538681477308	1.0
-6.714641131111421e-06	0.0
-2.529984158172738e-06	1.0
0.0	1.0
0.0	1.0
-8.161702425013573e-08	0.024757804090419805
0.0	1.0
-5.455534846987575e-05	1.0
-0.0011816908372566104	1.0
0.0	1.0
-4.4021460780641064e-05	1.0
-0.0005098655237816274	1.0
-3.510449096211232e-05	1.0
-1.5001412334569864e-09	1.0
-0.009016097523272038	0.0
0.0	1.0
-1.2185323612357024e-05	1.0
0.0	0.0
-4.943795829603914e-06	0.12517385257301808
0.0	0.0
-4.792117351826164e-07	1.0
-0.0006074170232750475	1.0
0.0	1.0
-2.6815726528184314e-07	1.0
0.0	1.0
-3.873395689879544e-05	1.0
-0.00038372009294107556	1.0
0.0	1.0
0.0	1.0
0.0	1.0
-9.724577830638736e-05	0.0
0.0	1.0
0.0	0.13205417607223477
-0.0021067392081022263	1.0
0.0	1.0
0.0	1.0
-2.039357968897093e-05	0.011904761904761904
-1.0718988960434217e-05	0.0
-0.015776637941598892	0.0
0.0	1.0
-0.00048810720909386873	0.0
0.0	1.0
0.0	1.0
-1.0943045936073759e-06	1.0
-0.00028851229581050575	1.0
-0.0007687736651860178	1.0
-0.0005473688361234963	0.0
0.0	1.0
0.0	1.0
-4.0124440658928506e-08	0.0
-7.268289436979103e-07	1.0
0.0	1.0
0.0	1.0
0.0	1.0
0.0	1.0
-0.0001420474873157218	1.0
0.0	1.0
-3.113786442554556e-05	1.0
-0.002283077919855714	1.0
-0.027090158313512802	0.0
0.0	1.0
0.0	0.0
0.0	0.073
0.0	1.0
-9.080472409550566e-06	0.0
0.0	1.0
-1.6375826817238703e-05	1.0
0.0	0.0
0.0	1.0
-0.00014750244736205786	1.0
0.0	1.0
0.0	1.0
0.0	0.0
0.0	1.0
0.0	0.0
-0.00084290886297822	0.0
0.0	1.0
-2.0125068278531444e-09	1.0
0.0	0.0
0.0	1.0
0.0	1.0
-0.0005720834597013891	1.0
0.0	1.0
-7.91033380664885e-06	1.0
0.0	1.0
-0.001863804878666997	0.0
0.0	1.0
0.0	0.08808808808808809
0.0	1.0
-2.7725943709810963e-06	1.0
0.0	1.0
-0.0006200909847393632	1.0
-0.0022812497336417437	1.0
0.0	1.0
-0.001324885175563395	0.0
0.0	1.0
0.0	0.0
0.0	0.0
0.0	0.010245901639344262
0.0	1.0
0.0	0.0
0.0	1.0
0.0	1.0
0.0	0.030303030303030304
0.0	1.0
-8.625260670669377e-05	0.0
0.0	1.0
0.0	1.0
0.0	1.0
0.0	1.0
0.0	1.0
0.0	1.0
-4.7651861677877605e-05	0.0
0.0	1.0
0.0	1.0
-0.0004642398271244019	1.0
0.0	0.0
0.0	0.004052684903748734
-0.0340280644595623	0.0
0.0	1.0
0.0	1.0
0.0	1.0
0.0	1.0
-0.0009220149950124323	0.004172461752433936
-0.0001168502785731107	1.0
0.0	1.0
0.0	1.0
-0.002444619545713067	0.0
0.0	1.0
0.0	0.0
0.0	1.0
0.0	1.0
-1.6941069134190911e-06	0.074
-0.0008859896915964782	0.073
-2.4736791601753794e-05	0.0
-5.44506183359772e-05	1.0
0.0	1.0
0.0	1.0
0.0	1.0
0.0	1.0
-5.2264607802499086e-05	1.0
0.0	0.0
0.0	0.0
0.0	1.0
0.0	1.0
0.0	1.0
0.0	1.0
-0.0002920093829743564	1.0
0.0	1.0
-1.0958403890981572e-06	0.0
-0.0001856861636042595	1.0
-0.0012211540015414357	1.0
0.0	1.0
-0.04758131131529808	0.0
0.0	0.025799793601651185
0.0	1.0
0.0	1.0
-7.681717761442997e-06	1.0
0.0	1.0
0.0	1.0
-0.00021417652897071093	1.0
-0.017299268394708633	0.0
0.0	0.02106318956870612
0.0	1.0
0.0	0.021560574948665298
0.0	0.0
0.0	0.02106318956870612
0.0	0.0030643513789581204
0.0	0.0030643513789581204
0.0	0.0
0.0	1.0
0.0	1.0
0.0	1.0
0.0	1.0
0.0	0.0
0.0	1.0
-4.833574429596865e-09	1.0
-1.1491486581749477e-11	0.001
-0.00019403368060011417	0.0
0.0	1.0
0.0	1.0
-0.0018577752634882927	1.0
0.0	1.0
-3.0806841095909476e-05	0.0
0.0	1.0
0.0	1.0
0.0	1.0
-0.0037374873645603657	0.0
0.0	0.0
0.0	1.0
0.0	0.0
0.0	1.0
0.0	1.0
-0.003366474760696292	0.012012012012012012
0.0	0.0
0.0	0.0
-0.0030695523601025343	0.0
-1.6256906292255735e-06	0.0
-5.921984666201752e-06	0.0
0.0	0.009
0.0	0.009
0.0	0.0
0.0	0.087
0.0	1.0
0.0	1.0
-0.0006468583014793694	1.0
0.0	1.0
0.0	0.02702702702702703
-0.0009518685401417315	1.0
0.0	1.0
-0.00022562948288396	1.0
0.0	0.0
0.0	1.0
0.0	1.0
0.0	1.0
-0.01804644614458084	0.0
0.0	1.0
0.0	1.0
-0.0007154435152187943	1.0
-1.0921686666165442e-08	1.0
0.0	1.0
0.0	1.0
0.0	0.0
-0.027769509702920914	0.2727272727272727
-0.0001684923772700131	0.0
-7.966857810970396e-05	1.0
-0.000405442580813542	0.0
0.0	0.033126293995859216
-0.0022767470218241215	1.0
0.0	1.0
0.0	1.0
0.0	1.0
0.0	1.0
-0.0005305407103151083	0.0
0.0	1.0
0.0	1.0
0.0	0.0
-0.0003314748464617878	1.0
0.0	1.0
-0.046818990260362625	0.0
0.0	0.0
0.0	1.0
-0.004486335441470146	0.0
-0.0005784422974102199	1.0
-8.567812237458838e-09	0.0
0.0	1.0
-0.0005688758101314306	1.0
-2.050209104709211e-06	1.0
0.0	1.0
-0.004269220866262913	0.0
0.0	1.0
0.0	0.0
0.0	0.6056338028169014
0.0	1.0
0.0	1.0
0.0	0.0
-2.573734673205763e-05	0.0
0.0	1.0
0.0	0.0
0.0	1.0
0.0	0.0
0.0	1.0
-0.00022547124535776675	1.0
0.0	1.0
-2.757281981757842e-05	1.0
0.0	0.03625377643504532
-0.0010845180368050933	0.007172131147540984
-0.00017661662423051894	0.0
0.0	0.0
0.0	0.0
-5.360592414405119e-09	0.0
0.0	1.0
-0.000625635264441371	0.03
0.0	1.0
0.0	1.0
0.0	0.008307372793354102
0.0	1.0
0.0	1.0
0.0	0.0
-0.0005370869766920805	1.0
0.0	0.0
-6.425132426102209e-09	1.0
-0.00011736118904082105	0.028985507246376812
0.0	1.0
0.0	1.0
-8.659389277454466e-05	1.0
0.0	1.0
0.0	0.19183673469387755
0.0	0.0
0.0	0.2039045553145336
-2.1353951524361037e-05	1.0
0.0	0.0
0.0	1.0
0.0	0.0
-7.982572424225509e-05	0.0
-2.5380029455845943e-06	1.0
-0.001198352430947125	0.0
0.0	0.007
0.0	1.0
0.0	0.0
0.0	1.0
-1.5730700397398323e-05	1.0
-6.220416253199801e-07	1.0
0.0	1.0
0.0	1.0
0.0	1.0
0.0	1.0
0.0	1.0
0.0	0.0
-0.00023983522260095924	1.0
0.0	1.0
0.0	1.0
0.0	0.0
0.0	0.0
-3.507821588755178e-07	1.0
-0.00034090690314769745	0.0
-4.752246240968816e-07	0.0
-1.8631051716511138e-05	1.0
0.0	0.2558139534883721
-0.00029089668532833457	1.0
0.0	1.0
0.0	0.0
0.0	1.0
0.0	1.0
-5.388501904235454e-06	1.0
0.0	1.0
0.0	1.0
0.0	0.0
-0.0002769166021607816	0.0
0.0	0.0
-0.006958518177270889	0.0
0.0	1.0
-1.0296374419738186e-08	1.0
-0.00010652979835867882	0.047619047619047616
0.0	0.03115264797507788
0.0	1.0
-1.7057910781659302e-06	0.0
-0.0019178957445546985	1.0
0.0	0.084
-1.4646421853115044e-08	1.0
0.0	0.0
0.0	1.0
0.0	0.0860655737704918
-8.979696758615319e-06	1.0
-0.0038575134240090847	0.0
-4.682689541368745e-05	1.0
0.0	0.0
0.0	0.0
0.0	1.0
-0.0001126994684454985	0.0
0.0	0.7374358974358974
-2.6347183990083067e-08	1.0
-3.0528860861522844e-06	1.0
-0.0018781219841912389	0.0
0.0	0.003663003663003663
-8.16928059066413e-06	0.011
-0.04796728119254112	0.0
-0.0010890084085986018	0.0
-2.1692979647303622e-16	0.0
-0.0035970224998891354	0.0
0.0	0.0
0.0	1.0
-0.00040868946234695613	0.0
-0.0007213049102574587	0.0
0.0	1.0
0.0	0.0
0.0	1.0
0.0	1.0
-3.3005530895025004e-06	1.0
0.0	0.0
0.0	1.0
0.0	0.0
0.0	1.0
0.0	0.0
-0.0002867420553229749	1.0
0.0	1.0
0.0	1.0
0.0	1.0
0.0	0.00808080808080808
0.0	1.0
-6.941342434174658e-08	0.0
0.0	1.0
0.0	1.0
0.0	1.0
0.0	1.0
-3.163578867315664e-06	1.0
-6.217530608410016e-05	1.0
-7.718443839621614e-07	1.0
0.0	1.0
-0.03225443512201309	0.0
0.0	1.0
-0.0001286317128688097	1.0
0.0	1.0
-0.00016207355656661093	1.0
-8.019142114790156e-06	1.0
-3.824007777097904e-11	1.0
0.0	1.0
0.0	0.0
0.0	0.0
0.0	0.0
0.0	1.0
-0.007350490894168615	0.0
-0.001546039478853345	1.0
0.0	0.003006012024048096
-3.375860728738189e-07	1.0
0.0	1.0
0.0	0.0
0.0	1.0
-7.75309217715403e-06	1.0
0.0	1.0
-0.00011467967124190181	0.99
-5.667580262525007e-05	0.0
0.0	0.0
0.0	1.0
-6.521383511426393e-06	1.0
-0.00016732770018279552	1.0
-1.9409713786444627e-05	0.0
0.0	1.0
-0.0037380007561296225	0.0
-0.0021538634318858385	1.0
0.0	1.0
0.0	1.0
0.0	0.0
0.0	0.0
0.0	1.0
0.0	1.0
0.0	1.0
0.0	0.0
0.0	1.0
-1.4362808542500716e-06	0.05656565656565657
-4.526560223894194e-05	0.0
0.0	0.0
0.0	0.0
0.0	1.0
-0.002030485775321722	1.0
0.0	0.0
0.0	0.0
0.0	0.0
0.0	0.0
0.0	0.029561671763506627
0.0	0.0
-7.5363132054917514e-06	0.01956745623069001
-0.0014931344194337726	0.0
0.0	1.0
0.0	0.0
0.0	0.1378048780487805
0.0	0.0
0.0	0.0
-4.219050879328279e-06	0.0
-1.0920057746943712e-07	0.0
0.0	1.0
-1.6618437257420737e-06	1.0
-0.00041914251050911844	0.0
0.0	1.0
0.0	0.0
-0.0014477187069132924	1.0
-2.1483874661498703e-05	1.0
-0.0007322988240048289	1.0
0.0	0.0
0.0	1.0
0.0	0.0010626992561105207
0.0	1.0
0.0	0.0
-8.669207090861164e-06	1.0
-1.0724414096330293e-05	0.0
-0.0004600560641847551	1.0
-7.867840849939967e-07	0.0
0.0	0.0
0.0	1.0
-0.00024394372303504497	0.0
0.0	1.0
-0.0015932614915072918	1.0
-1.7287167963786487e-07	0.0
0.0	0.0
-0.0006177417817525566	0.00205761316872428
-3.049542783628567e-06	0.21428571428571427
0.0	0.0010050251256281408
0.0	0.0
-9.174836463898828e-07	0.0
0.0	0.09870740305522914
-1.28798103560257e-06	0.09870740305522914
-1.2418560800142586e-05	1.0
0.0	0.9366812227074236
-6.22045419618189e-08	1.0
-1.8039068891084753e-05	0.0
-0.0001287929917452857	1.0
-2.2993387460701342e-07	0.0
