-0.0014094262151047587	1.0
0.0	1.0
0.0	1.0
0.0	1.0
0.0	0.0
0.0	1.0
0.0	0.0
0.0	0.0
-6.870473967524049e-09	1.0
0.0	0.0
0.0	0.0
-0.003216884098947048	0.0
0.0	0.0
-0.01287886407226324	0.001
0.0	1.0
0.0	1.0
0.0	1.0
0.0	1.0
-1.92880378335758e-07	1.0
-0.0002247346710646525	1.0
-9.636469258111902e-06	1.0
-4.7395556066476274e-06	0.0
0.0	0.0
0.0	0.0
-3.011307825317999e-08	0.0
0.0	0.0
0.0	0.2819203268641471
0.0	0.0
-0.0002592985110823065	0.076
0.0	0.076
-0.006063719280064106	0.0
0.0	1.0
-0.0005013092304579914	1.0
-2.3250577214639634e-05	1.0
-0.004901145584881306	0.0
0.0	0.0
-1.793142700989847e-08	0.0
0.0	0.0
0.0	0.0
0.0	1.0
-1.2170727359261946e-06	0.0
0.0	1.0
0.0	1.0
-2.8980968636460602e-05	1.0
0.0	1.0
-2.8143477132092087e-11	1.0
-6.250299975363305e-06	0.0
-0.0014694322599098086	0.724
-2.9000656809330394e-07	1.0
0.0	1.0
-0.0009696356719359756	1.0
0.0	1.0
0.0	0.0
0.0	1.0
0.0	0.0
-0.0022383907344192266	1.0
0.0	0.0
0.0	0.0
-0.00018539134180173278	1.0
-0.0023977195378392935	1.0
-8.647154027130455e-05	1.0
-0.0008536963141523302	1.0
0.0	1.0
-0.01581142656505108	0.0
-0.0007087510311976075	0.0
0.0	0.0
-0.007646625395864248	0.0
0.0	0.0
-0.0031838996801525354	0.0
0.0	1.0
0.0	1.0
-3.53278970521842e-08	1.0
0.0	0.0
-0.00015683741366956383	1.0
0.0	1.0
-0.00465896213427186	0.0
0.0	1.0
-0.006711648311465979	0.0
-0.023623887449502945	0.0
0.0	1.0
0.0	1.0
-0.0004321551532484591	0.0
0.0	1.0
0.0	0.0
0.0	0.0
0.0	0.0
0.0	0.06451612903225806
0.0	0.0
0.0	0.005917159763313609
-0.0015728343278169632	1.0
0.0	0.14666666666666667
0.0	1.0
0.0	1.0
0.0	0.0
0.0	1.0
0.0	1.0
0.0	1.0
0.0	0.0
0.0	1.0
-0.00679733045399189	0.0
0.0	1.0
0.0	1.0
0.0	1.0
0.0	0.0
0.0	0.0
0.0	1.0
0.0	1.0
-0.000388255255529657	1.0
0.0	0.0
-6.731080793542787e-05	1.0
-0.008902234956622124	0.07440811724915446
0.0	0.0
-1.812084883567877e-05	0.0
0.0	0.0
-2.004258981003204e-09	1.0
0.0	1.0
0.0	1.0
-0.0007481753127649426	0.0
0.0	0.0
0.0	1.0
-2.2926089513930492e-05	1.0
0.0	0.27209944751381215
0.0	0.0
0.0	1.0
0.0	0.0
-9.847016917774454e-05	1.0
-0.0005630697123706341	1.0
0.0	0.0
0.0	1.0
0.0	0.0
0.0	1.0
-0.000759448332246393	0.0
-1.0821188563270301e-11	0.0
0.0	0.63
-0.005626854952424765	0.006934812760055479
0.0	1.0
-0.001445198548026383	1.0
-3.3745525342965266e-06	1.0
-0.0021367338486015797	0.0
0.0	0.0
0.0	0.0
0.0	0.0
-0.0010536364279687405	1.0
-2.217832843598444e-06	0.0
-3.335958354000468e-07	1.0
0.0	0.0
0.0	1.0
0.0	0.0
0.0	1.0
0.0	1.0
0.0	0.0
0.0	1.0
0.0	1.0
-0.00016154201875906438	0.0
0.0	1.0
-0.0001758923608576879	1.0
-0.009664560668170452	0.0
0.0	1.0
0.0	0.0
0.0	1.0
-0.002606824738904834	0.0
-0.00028848377405665815	0.0
-0.0001649193000048399	1.0
0.0	0.0
0.0	1.0
-0.0018535566050559282	0.0
0.0	0.0
-3.4225459444314765e-07	1.0
0.0	0.033659066232356136
-0.0016056792810559273	0.0
0.0	0.0
-0.0005455409991554916	1.0
0.0	1.0
-1.0798265066114254e-05	0.0
0.0	1.0
0.0	1.0
-0.0013782019959762692	0.0
-0.0008512785425409675	1.0
-4.961942613590509e-05	0.0
0.0	1.0
0.0	1.0
0.0	1.0
0.0	0.0
0.0	1.0
-0.0007608330342918634	1.0
-1.6250036424025893e-05	1.0
0.0	1.0
-2.8524809749796987e-06	1.0
-0.008054629899561405	0.0
0.0	1.0
0.0	0.0
0.0	0.0
-4.668944786345719e-09	1.0
0.0	0.0
-4.346803052612813e-06	1.0
-0.0517028346657753	0.0
0.0	1.0
0.0	1.0
-0.0008453368209302425	1.0
-8.057085665313934e-09	1.0
0.0	0.0
0.0	1.0
0.0	1.0
0.0	1.0
0.0	1.0
-1.7061413317299295e-13	0.0
-0.019322408363223076	0.0
-2.3135513401939534e-05	1.0
-3.436801954137536e-09	1.0
0.0	1.0
0.0	0.0
0.0	1.0
0.0	1.0
0.0	0.0
0.0	1.0
0.0	1.0
0.0	1.0
0.0	0.0
0.0	0.0
-0.019496284425258636	0.0
0.0	0.007974481658692184
0.0	0.0
0.0	0.05434782608695652
-0.00010303423186996952	1.0
0.0	1.0
0.0	1.0
0.0	1.0
0.0	1.0
-1.947936745239076e-08	1.0
0.0	1.0
-0.0005972100771032274	1.0
-2.8764015951310284e-05	1.0
-1.1824554349004757e-05	1.0
-0.012592061422765255	0.0
-0.003107349155470729	0.0
-2.5408374071389517e-08	0.0
0.0	0.0
0.0	0.0
-1.175888792204205e-05	0.0
-0.0010134755866602063	1.0
0.0	1.0
-9.122951005746671e-11	1.0
0.0	1.0
-4.62726857222151e-05	1.0
-2.5203335098922253e-06	1.0
0.0	1.0
0.0	1.0
-1.121338186749199e-06	1.0
-0.00140916439704597	0.0
0.0	1.0
0.0	0.07608695652173914
0.0	0.07608695652173914
-1.0206678835444905e-09	0.0
0.0	0.04419889502762431
0.0	0.0
-0.0036386987194418907	0.0
-1.4470468158833683e-05	1.0
-9.461853551329114e-06	1.0
0.0	1.0
-0.028549838811159134	0.0
0.0	1.0
0.0	0.044372294372294376
-1.876504333864215e-11	1.0
-4.548548531602137e-05	1.0
0.0	0.0
0.0	1.0
0.0	1.0
-1.115994141542842e-08	1.0
0.0	0.0
0.0	0.7371601208459214
0.0	1.0
-2.6919971787719987e-05	1.0
0.0	1.0
-0.0010369069641456008	1.0
0.0	0.0
0.0	1.0
-6.546725217049243e-06	1.0
-0.00013511304860003293	0.0
0.0	1.0
-3.4143369703087956e-05	1.0
0.0	0.0
-1.1184997674718034e-06	0.0
-0.0002012632176047191	1.0
0.0	0.0
-3.844602542812936e-05	1.0
-2.6837916777822102e-08	0.0
-3.00825742094446e-09	0.0016313213703099511
-3.1971256248652935e-05	0.0
0.0	1.0
-0.00017800233035814017	0.0
-1.2723286090476904e-05	0.0
0.0	1.0
-4.2756209239769305e-08	1.0
0.0	1.0
0.0	1.0
0.0	1.0
-0.04331474006175995	0.0
-0.0011631938396021724	1.0
0.0	1.0
-9.761686669662595e-05	0.0
0.0	1.0
0.0	1.0
0.0	0.0
0.0	0.0
0.0	1.0
0.0	1.0
-1.6434016288258135e-05	1.0
-0.0019513629376888275	0.0
0.0	0.0
0.0	0.0
0.0	1.0
0.0	1.0
0.0	0.17
0.0	0.10059171597633136
-4.961036756867543e-05	1.0
0.0	1.0
0.0	0.0
0.0	0.0
0.0	0.0
0.0	0.0
0.0	1.0
0.0	0.0
0.0	1.0
0.0	1.0
0.0	1.0
0.0	1.0
0.0	1.0
0.0	1.0
-0.00027940087602473795	1.0
0.0	0.0
0.0	1.0
-0.00036351356538943946	1.0
0.0	1.0
0.0	0.0
-9.505728257863666e-07	1.0
-0.00010979958460666239	1.0
0.0	1.0
0.0	1.0
0.0	1.0
-0.004729876294732094	0.02127659574468085
0.0	1.0
-0.0032238857820630074	1.0
-0.0002552958612795919	1.0
0.0	1.0
0.0	0.0
-0.00010329386714147404	1.0
0.0	1.0
0.0	1.0
0.0	1.0
-0.018631810322403908	0.0
-0.00020789819245692343	0.6123188405797102
-0.00021417941024992615	0.0
-1.4357960935740266e-06	0.0
0.0	1.0
0.0	0.0013812154696132596
0.0	0.0
-0.003310812171548605	0.03591160220994475
0.0	0.0
0.0	1.0
-0.0017427304992452264	0.028985507246376812
0.0	1.0
0.0	0.0
0.0	0.0
0.0	0.0
-8.444700494436574e-10	1.0
0.0	1.0
0.0	1.0
0.0	0.1407035175879397
0.0	0.0
0.0	1.0
-0.00012959385639987886	1.0
0.0	1.0
0.0	1.0
0.0	0.0
-4.5327975385589525e-05	1.0
0.0	1.0
0.0	1.0
-0.0029026863630861044	0.0
0.0	0.276
0.0	0.0
0.0	1.0
0.0	0.0
0.0	0.0
0.0	1.0
0.0	1.0
-0.0011012356262654066	0.0320962888665998
0.0	1.0
-1.1681010619213339e-05	0.01503006012024048
0.0	1.0
-3.070615321121295e-06	0.0
-0.00010960039071505889	1.0
-1.3695924085133701e-18	0.39329608938547483
0.0	1.0
-0.0021153134293854237	0.0
0.0	0.12277867528271405
-4.328798297592584e-08	1.0
0.0	1.0
0.0	0.08715083798882682
0.0	0.007246376811594203
-1.4009800963776797e-07	1.0
-0.0040804678574204445	0.0
-0.0003548624808900058	1.0
0.0	1.0
-7.796745194355026e-06	0.0
0.0	0.0
-0.00122983253095299	0.0
0.0	0.0
-8.23586160549894e-05	1.0
0.0	1.0
0.0	1.0
-0.04199922829866409	0.0
0.0	1.0
0.0	0.0
-1.3113303793943487e-05	0.0
0.0	1.0
-0.0011218577856197953	1.0
-2.5954841476050206e-06	0.0
-0.00021339171507861465	0.0
0.0	0.0
-0.002201056806370616	1.0
-6.176499300636351e-05	1.0
-0.00014157679106574506	0.198
0.0	0.0
0.0	0.0
-0.00012419949052855372	1.0
0.0	0.11214953271028037
-4.935719175591657e-07	0.0
-1.7251064491574652e-05	1.0
0.0	1.0
-0.005709656979888678	0.0
-4.5142323870095424e-06	0.006
0.0	0.009787928221859706
-8.821718893159414e-07	1.0
-3.446884377922288e-08	0.15579710144927536
0.0	1.0
0.0	0.0
0.0	1.0
0.0	0.0
0.0	1.0
-0.0011322542559355497	1.0
-0.004519886802881956	0.034530386740331494
0.0	1.0
0.0	1.0
0.0	1.0
-0.015651531517505646	0.0
0.0	1.0
0.0	1.0
0.0	1.0
-5.718825377698522e-07	1.0
0.0	1.0
0.0	0.0
-0.00014501991972792894	1.0
-0.017675936222076416	0.0
0.0	1.0
0.0	0.0
0.0	0.001
-0.0001412330020684749	0.0
0.0	0.0
-5.882776932253364e-09	1.0
-7.58131113443028e-10	1.0
0.0	1.0
0.0	1.0
0.0	1.0
0.0	1.0
-8.962278457147477e-07	1.0
0.0	1.0
0.0	1.0
-7.071350172083157e-09	1.0
0.0	1.0
-0.011856339871883392	0.0
-0.0006127632223069668	1.0
0.0	1.0
-5.753549703513272e-05	1.0
-0.013733845204114914	0.0
0.0	0.0
0.0	0.0
-2.881498403439764e-06	0.0
0.0	1.0
0.0	0.38768115942028986
0.0	1.0
0.0	1.0
-5.579033768299269e-07	1.0
-0.00012297541252337396	1.0
0.0	1.0
-4.286108378437348e-06	1.0
-0.02529321424663067	0.0
0.0	0.0
-2.3369452719634864e-06	1.0
0.0	0.0
0.0	1.0
0.0	1.0
-1.4955115271164665e-11	1.0
0.0	1.0
0.0	1.0
0.0	1.0
0.0	1.0
-6.247996225283714e-06	1.0
0.0	1.0
0.0	1.0
0.0	0.0
-5.363182026485447e-06	1.0
0.0	0.39492753623188404
0.0	0.0
0.0	0.03985507246376811
0.0	1.0
-4.1043966803044896e-07	0.0
-2.0752613636432216e-06	0.0
-0.000155588990310207	0.0
0.0	1.0
0.0	1.0
0.0	1.0
0.0	1.0
-0.0002984367311000824	0.0
0.0	1.0
-2.5906056180247106e-06	1.0
0.0	1.0
0.0	0.6846846846846847
-4.3456864659674466e-05	1.0
0.0	1.0
0.0	1.0
-6.143288988624818e-09	1.0
0.0	1.0
0.0	1.0
0.0	1.0
-0.0031450893729925156	0.0
-2.2747026378056034e-06	0.0
-3.2529040794315733e-08	1.0
0.0	1.0
0.0	0.7935779816513762
0.0	0.8964088397790055
-4.088640707777813e-05	0.0
-8.830067235976458e-05	1.0
0.0	1.0
-9.871907978575845e-12	1.0
-2.6939758868138597e-07	1.0
0.0	0.0
0.0	0.0
0.0	0.0
0.0	1.0
0.0	1.0
-6.007055297629904e-09	0.03189792663476874
-0.00012612243881449103	0.724
0.0	1.0
0.0	1.0
0.0	1.0
0.0	0.0
-0.0005629736115224659	0.0
-2.831153835813893e-07	1.0
0.0	0.0
0.0	1.0
-0.00010142770770471543	1.0
0.0	1.0
0.0	0.0
0.0	1.0
0.0	1.0
0.0	1.0
-4.57778313034396e-08	1.0
0.0	1.0
0.0	1.0
-1.1584546655285521e-08	0.0
0.0	1.0
0.0	1.0
0.0	1.0
0.0	1.0
0.0	0.0
0.0	0.0
0.0	1.0
-0.0003413885715417564	0.0
0.0	1.0
-7.345409613890297e-08	1.0
0.0	1.0
-9.231848707713652e-08	0.0
0.0	1.0
0.0	0.0
0.0	1.0
-0.0012519838055595756	0.0
-4.096757422189512e-08	1.0
0.0	0.0
0.0	0.024415055951169887
0.0	0.727
-2.6104403332283255e-06	0.7261785356068204
0.0	0.0
0.0	0.0
-0.0004703693266492337	0.0
0.0	0.0
0.0	1.0
0.0	0.0
0.0	0.11049723756906077
0.0	0.6123188405797102
0.0	1.0
-0.028571249917149544	0.0
0.0	0.0
0.0	1.0
