0.0	0.0
0.0	0.0
0.0	0.0
-4.312197052058764e-05	1.0
-0.04023432731628418	0.0
0.0	1.0
-1.89715687604064e-09	0.0
-0.0013366489438340068	1.0
-0.00014415121404454112	1.0
0.0	0.07
-9.080042495668295e-09	1.0
0.0	0.0
0.0	1.0
0.0	0.0
0.0	1.0
-0.0005656165303662419	1.0
0.0	1.0
-0.004709427710622549	0.0
0.0	1.0
0.0	0.0
-1.1820951613117359e-06	1.0
0.0	1.0
0.0	1.0
-0.0011998103000223637	0.0018083182640144665
0.0	0.0010822510822510823
0.0	1.0
-4.154878183726396e-07	1.0
-8.671321666042786e-06	1.0
0.0	1.0
0.0	1.0
0.0	1.0
-6.540878530358896e-05	0.0
0.0	0.693
0.0	1.0
0.0	0.693
0.0	1.0
0.0	1.0
-0.00021403325081337243	1.0
0.0	0.011560693641618497
-2.5515813831589185e-05	1.0
0.0	1.0
0.0	1.0
0.0	0.0
0.0	0.0
-0.00021181046031415462	1.0
0.0	1.0
0.0	1.0
-0.000337053497787565	1.0
0.0	0.0
0.0	1.0
-2.828895958373323e-05	0.006493506493506494
-1.4478663388217683e-06	1.0
0.0	0.005030181086519115
-0.007298000156879425	0.0
0.0	1.0
-5.074033637697539e-08	1.0
0.0	0.0
-1.57813719852129e-05	1.0
0.0	1.0
0.0	1.0
0.0	0.23523523523523523
0.0	1.0
0.0	1.0
-0.0024948627687990665	0.07907907907907907
0.0	1.0
-0.0030443468131124973	1.0
-0.0027775804046541452	1.0
0.0	1.0
0.0	0.8
-0.0003448415081948042	0.167
0.0	1.0
0.0	1.0
-0.008099393919110298	0.0
-0.0012138478923588991	1.0
0.0	1.0
0.0	1.0
0.0	0.0
0.0	1.0
0.0	1.0
-1.1506581465425825e-08	1.0
-0.002092552138492465	1.0
-2.689307443404232e-08	1.0
-2.9081793400109746e-05	1.0
0.0	1.0
-0.0034112664870917797	0.0
0.0	0.0
0.0	1.0
0.0	1.0
0.0	1.0
-2.872954985022602e-09	1.0
-0.001196267083287239	0.001
0.0	0.003246753246753247
0.0	1.0
0.0	0.0
-5.477504964801483e-05	0.0
0.0	1.0
0.0	1.0
0.0	0.0
0.0	1.0
0.0	1.0
0.0	1.0
-0.001338086323812604	0.0
-0.000265551294432953	0.005025125628140704
0.0	0.005025125628140704
0.0	1.0
0.0	0.0
0.0	1.0
-3.3311280844827706e-07	0.0
-0.00015999337483663112	1.0
0.0	1.0
0.0	1.0
0.0	1.0
0.0	0.07
0.0	1.0
0.0	1.0
-0.0007442727801389992	1.0
0.0	1.0
-2.4981105184451735e-08	1.0
-0.0005813119933009148	0.0
0.0	1.0
0.0	1.0
-1.743868415360339e-05	0.0
0.0	0.0
-0.00030177473672665656	1.0
0.0	1.0
0.0	0.0
0.0	1.0
0.0	1.0
0.0	1.0
-2.904740540543571e-05	1.0
0.0	0.0
0.0	1.0
-0.0018327008001506329	1.0
-5.2175044402247295e-05	1.0
0.0	1.0
0.0	0.003051881993896236
0.0	1.0
0.0	1.0
0.0	0.11577868852459017
-0.03752290457487106	0.0
0.0	1.0
-1.1138961281131898e-11	1.0
-8.402428647968918e-06	1.0
-0.006793655920773745	0.0
0.0	0.0
0.0	1.0
0.0	1.0
0.0	1.0
-0.0013755920808762312	1.0
0.0	1.0
0.0	0.0
0.0	0.0
-9.83473014398023e-17	1.0
-0.00017867486167233437	1.0
-0.00042648360249586403	1.0
0.0	1.0
0.0	1.0
0.0	0.0
-1.861267806546607e-09	1.0
-0.0016002183547243476	0.0
-0.00035884484532289207	1.0
0.0	0.0
-0.00010603896953398362	1.0
-1.133648126483422e-07	1.0
0.0	1.0
-0.002752159256488085	0.0
0.0	0.0
-0.010229039937257767	0.0
-0.0016003468772396445	1.0
0.0	1.0
-6.046262665884705e-13	0.0
0.0	1.0
-1.3033348622570884e-08	0.0
-1.9175540444393846e-07	1.0
0.0	1.0
0.0	1.0
0.0	1.0
0.0	1.0
-6.1566916009780925e-09	1.0
0.0	1.0
0.0	0.0
-0.00020696538558695465	0.0
0.0	1.0
0.0	0.062
-0.005335073918104172	0.0
0.0	1.0
-0.04735677316784859	0.0
-3.436922187821656e-12	0.0
-0.00023903741384856403	1.0
0.0	0.0
0.0	1.0
0.0	1.0
0.0	1.0
-0.0051066093146800995	0.055
0.0	1.0
0.0	1.0
0.0	1.0
0.0	0.0
0.0	1.0
0.0	1.0
0.0	1.0
0.0	1.0
0.0	1.0
0.0	1.0
-2.3468736287668435e-07	1.0
0.0	0.015384615384615385
-4.441096098162234e-05	0.3121852970795569
-0.00010502913210075349	1.0
-3.6827641451964155e-05	1.0
0.0	0.0
0.0	0.0
0.0	0.0
-1.4791669855185319e-05	1.0
0.0	1.0
-0.001765816006809473	1.0
0.0	1.0
0.0	1.0
-0.009611586108803749	0.022026431718061675
0.0	0.0
0.0	1.0
0.0	1.0
-0.0004632202908396721	0.0
0.0	0.0
0.0	0.001
-3.765557039514533e-07	0.0
-2.941424215308075e-09	0.0
-7.3426585913694e-06	1.0
0.0	0.0
0.0	1.0
-4.789695594809018e-05	1.0
-0.00010609791934257373	1.0
-6.454969891933615e-10	1.0
0.0	0.0
0.0	1.0
-6.068226502975449e-05	0.07128099173553719
0.0	1.0
-3.844632168181761e-09	1.0
0.0	1.0
0.0	1.0
0.0	1.0
-0.00012866620090790093	0.0
0.0	0.0
-0.014905832707881927	0.0
0.0	0.0
0.0	0.0
0.0	1.0
0.0	1.0
0.0	1.0
0.0	1.0
-0.00030159606831148267	0.0
0.0	0.364
0.0	1.0
0.0	0.332
-3.2125881261890754e-06	1.0
0.0	0.0
0.0	0.308
0.0	0.308
-3.7805675257018834e-10	0.0
0.0	1.0
-1.4170394024404231e-05	1.0
0.0	0.0
0.0	1.0
-0.00027151984977535903	0.0
0.0	1.0
0.0	0.0
0.0	1.0
-0.0001026457903208211	0.692
0.0	0.0
-8.067639001296811e-09	1.0
0.0	1.0
0.0	1.0
0.0	1.0
0.0	1.0
-1.9433721298867113e-09	0.02
0.0	1.0
0.0	0.0
-0.06680198758840561	0.0
-0.006458596792072058	0.0
0.0	1.0
0.0	1.0
0.0	1.0
0.0	1.0
0.0	1.0
0.0	0.005970149253731343
0.0	1.0
0.0	1.0
-0.00011891889153048396	1.0
0.0	0.025974025974025976
-0.0035840135533362627	1.0
0.0	1.0
-2.2521874143421883e-06	1.0
0.0	1.0
0.0	1.0
-8.743712533032522e-05	1.0
-7.46173878241052e-09	0.010115606936416185
0.0	1.0
0.0	1.0
0.0	1.0
0.0	1.0
0.0	1.0
0.0	1.0
0.0	1.0
0.0	0.001
-0.0014892305480316281	0.001
0.0	1.0
-0.0028315994422882795	0.014
0.0	0.02023121387283237
-7.387782876774884e-13	0.0
0.0	1.0
-5.325076143924967e-11	0.9089595375722543
0.0	1.0
-0.0006676866323687136	1.0
0.0	0.0
0.0	1.0
0.0	0.13457556935817805
-1.6501464870088967e-06	0.2235294117647059
0.0	0.0
0.0	0.0
-3.700719162225141e-06	0.0
-4.206155426800251e-05	1.0
0.0	1.0
0.0	0.0
0.0	1.0
0.0	0.0
0.0	1.0
-2.761190103228728e-07	1.0
-4.4192535741949257e-10	1.0
-7.346102393057663e-07	1.0
0.0	1.0
-7.906612881924957e-05	1.0
0.0	1.0
-0.00022311561042442918	1.0
0.0	0.0
0.0	1.0
-0.00011442350660217926	1.0
-3.873030800605193e-05	1.0
0.0	1.0
-0.0003083680639974773	0.1076923076923077
-0.0031575544271618128	1.0
0.0	1.0
-2.6294524335668257e-09	1.0
0.0	1.0
-4.3541651393752545e-05	0.112
-1.2992163647140842e-06	1.0
0.0	0.0
0.0	1.0
0.0	0.0
0.0	0.0
-9.679344657342881e-06	1.0
0.0	1.0
0.0	0.0
-8.786723810771946e-06	0.0
-0.0020405403338372707	0.011
-5.793752279714681e-05	0.02
0.0	0.0
0.0	1.0
-7.228092044897494e-07	1.0
-0.0018979157321155071	0.0
-6.719290831824765e-05	0.0
0.0	0.0
0.0	1.0
0.0	0.0
-0.001665417687036097	0.0
-1.2585747981574968e-06	0.0
-0.0026697712019085884	1.0
0.0	1.0
0.0	1.0
0.0	1.0
0.0	1.0
-0.0003160748747177422	0.0
-1.4068764357944019e-05	1.0
0.0	1.0
-9.493648394709453e-05	1.0
-2.6806159439729527e-05	1.0
0.0	1.0
0.0	1.0
0.0	1.0
0.0	1.0
0.0	1.0
-0.03177984431385994	0.0
-0.000378490483853966	1.0
0.0	1.0
0.0	0.0
0.0	1.0
0.0	1.0
0.0	1.0
0.0	0.0
-1.427619736205088e-06	0.0
0.0	1.0
0.0	0.10176991150442478
0.0	1.0
0.0	1.0
0.0	1.0
0.0	0.0
-0.001125249546021223	0.0
0.0	1.0
-8.025056740734726e-05	0.0
-1.2762752703565639e-05	0.0
0.0	1.0
0.0	1.0
-0.002463032491505146	0.042105263157894736
0.0	1.0
0.0	1.0
-0.04689394682645798	0.0
0.0	1.0
0.0	0.0
0.0	1.0
0.0	1.0
-1.1459918569656224e-09	1.0
0.0	1.0
0.0	1.0
0.0	0.0
-0.0003938765439670533	0.03333333333333333
0.0	1.0
0.0	1.0
0.0	0.04132231404958678
-1.320772116741864e-05	0.032
0.0	0.0
0.0	1.0
0.0	0.0
-4.074828393640928e-05	1.0
0.0	1.0
0.0	1.0
-0.0006040490698069334	0.0
-1.3837094456903287e-06	1.0
-0.00033311982406303287	0.0
0.0	1.0
0.0	0.0
0.0	1.0
0.0	1.0
0.0	0.0
-6.970244044168794e-07	1.0
-0.005128709599375725	1.0
-6.966365617699921e-06	1.0
-2.7854592190124094e-05	1.0
0.0	1.0
0.0	1.0
-0.015846390277147293	0.0
0.0	1.0
-9.721754031488672e-05	1.0
-0.0011516674421727657	1.0
-2.5904885875283057e-11	1.0
-0.0008858298533596098	1.0
0.0	1.0
-4.336699566920288e-05	0.13205537806176784
0.0	1.0
0.0	1.0
-3.7708981835749e-05	1.0
0.0	0.15629522431259044
0.0	0.052690582959641255
-2.3715125418988237e-09	0.14935064935064934
0.0	1.0
0.0	0.10865191146881288
0.0	1.0
0.0	1.0
-0.0007916262838989496	0.0
0.0	1.0
0.0	1.0
-1.2907882762647205e-07	1.0
-0.0009130462422035635	1.0
0.0	0.0
-0.0018664487870410085	0.0
0.0	0.027
0.0	1.0
-1.972790187210194e-06	1.0
0.0	1.0
0.0	0.0
-0.00018824361904989928	0.0
0.0	1.0
0.0	1.0
0.0	1.0
-2.594055786175886e-06	1.0
-7.217911843326874e-06	1.0
-0.0009685540571808815	1.0
-3.4575102745293407e-06	1.0
0.0	1.0
0.0	0.0
-5.445151691674255e-05	1.0
0.0	1.0
0.0	0.3315508021390374
-0.019325196743011475	0.0
0.0	0.0
-0.001374421757645905	1.0
0.0	1.0
0.0	1.0
0.0	1.0
0.0	1.0
0.0	1.0
0.0	1.0
0.0	1.0
-1.2002453786408296e-07	1.0
-0.00024469205527566373	0.0
0.0	1.0
0.0	1.0
0.0	1.0
0.0	1.0
0.0	1.0
0.0	1.0
0.0	1.0
0.0	1.0
-0.00012064520706189796	1.0
0.0	1.0
0.0	1.0
0.0	1.0
0.0	1.0
0.0	0.006880733944954129
-4.4011258069076575e-06	0.0
-2.2220771001002504e-08	1.0
0.0	0.0
0.0	0.016016016016016016
-0.0002623756881803274	1.0
0.0	0.0
0.0	0.0
0.0	1.0
-0.00013254137593321502	1.0
-0.0006182535435073078	1.0
0.0	1.0
-0.0009771526092663407	1.0
0.0	0.0
0.0	1.0
-3.3497633467050036e-06	0.0
-0.0007029920816421509	1.0
-0.00042449592729099095	1.0
0.0	0.3452914798206278
0.0	0.15606936416184972
0.0	0.15606936416184972
0.0	1.0
0.0	0.0
0.0	0.0
-2.1241422132334264e-07	0.0
0.0	0.413
0.0	1.0
-0.0006805444718338549	1.0
0.0	0.0
-0.018571721389889717	0.0
-0.00279173138551414	0.022727272727272728
0.0	0.6334340382678751
0.0	0.018867924528301886
0.0	1.0
-0.028432171791791916	0.0
0.0	0.6296296296296297
-7.782597094774246e-05	1.0
0.0	1.0
0.0	1.0
0.0	0.0
0.0	1.0
0.0	1.0
0.0	0.0010384215991692627
0.0	1.0
0.0	0.0
-4.4491796870715916e-05	0.0
0.0	1.0
0.0	1.0
-0.0005525858141481876	0.0010940919037199124
-1.5485466065001674e-05	1.0
0.0	1.0
0.0	1.0
-0.00035403406945988536	1.0
0.0	1.0
0.0	1.0
-0.006157944444566965	0.0
0.0	1.0
0.0	1.0
0.0	1.0
0.0	1.0
0.0	1.0
0.0	1.0
-0.001511535607278347	1.0
-0.0009666342521086335	1.0
0.0	1.0
-0.0004061795480083674	1.0
-0.004157149698585272	0.016
0.0	1.0
-3.931745595764369e-05	1.0
-4.4705102482112125e-05	1.0
-1.0021348316513468e-05	1.0
-0.002279015490785241	0.0
0.0	0.0
0.0	1.0
0.0	1.0
0.0	0.0
0.0	1.0
0.0	1.0
0.0	0.0
0.0	1.0
-0.006361032836139202	0.0
-0.00010506415856070817	0.0
0.0	1.0
0.0	1.0
0.0	1.0
-0.00847843661904335	0.0
0.0	0.9089595375722543
0.0	0.005390835579514825
0.0	1.0
