-2.858357402146794e-05	0.0
0.0	0.0
0.0	1.0
0.0	0.0036363636363636364
-0.0002926084562204778	1.0
-1.1751961426821757e-16	1.0
-2.9221120712463744e-05	1.0
0.0	1.0
0.0	0.0
0.0	1.0
-0.0009275262127630413	1.0
0.0	0.0
0.0	0.0
-3.090070822509006e-05	0.005076142131979695
0.0	0.005076142131979695
0.0	0.6072144288577155
0.0	0.6072144288577155
-1.4904522060987802e-10	0.05938494167550371
0.0	1.0
-6.860468033664802e-07	1.0
-0.0003422886074986309	1.0
0.0	1.0
0.0	1.0
-0.0041448017582297325	0.0
0.0	0.0
0.0	1.0
0.0	1.0
-0.0014273549895733595	0.155
-0.0011268811067566276	0.629
0.0	1.0
-1.5256207007041667e-05	1.0
0.0	0.0
-0.0012273063184693456	0.0
-2.076873897749465e-06	1.0
0.0	1.0
-0.001871313201263547	0.0
0.0	1.0
-3.8598755054408684e-06	0.0022271714922048997
0.0	0.0
0.0	0.0
-2.6024020716164387e-09	1.0
-0.0007187785231508315	1.0
-2.44489046963281e-06	1.0
0.0	1.0
-2.9496752176783048e-05	1.0
0.0	1.0
0.0	0.12637913741223672
-0.0018304568948224187	1.0
0.0	0.003
0.0	1.0
-0.00016455758304800838	0.0
0.0	0.55
0.0	0.0
-0.05191710218787193	0.0
-0.0008189682848751545	1.0
0.0	1.0
-8.824395990814082e-06	1.0
-5.2968553063692525e-06	1.0
0.0	1.0
-7.085814104357269e-06	1.0
0.0	1.0
0.0	1.0
-0.0008150440989993513	1.0
0.0	1.0
0.0	0.14363636363636365
-0.0005269286339171231	1.0
0.0	1.0
0.0	1.0
-0.00014823907986283302	1.0
-3.7178510865487624e-06	0.0
-5.954655080131488e-07	1.0
0.0	1.0
0.0	1.0
-0.008212733082473278	0.0
-5.872141883855875e-08	1.0
-0.0006242198287509382	1.0
0.0	0.0
0.0	1.0
-0.0006435153773054481	0.0
0.0	1.0
-0.0006835372769273818	1.0
0.0	1.0
-8.87036367203109e-05	1.0
-0.00011063458805438131	1.0
-0.0007907678373157978	1.0
-0.000170748055097647	0.0
0.0	0.551
0.0	0.0044444444444444444
-0.0012442620936781168	1.0
0.0	1.0
0.0	1.0
-0.0066738552413880825	0.0
0.0	1.0
0.0	1.0
0.0	1.0
-1.4863615433569066e-05	1.0
-0.002098515396937728	1.0
0.0	1.0
-1.2922158020955976e-05	0.0
0.0	0.0
0.0	1.0
-0.0012167481472715735	1.0
-6.469877007475588e-07	0.0
0.0	0.0
0.0	1.0
0.0	1.0
0.0	1.0
0.0	1.0
0.0	1.0
0.0	0.0
-0.0005424910341389477	0.00508130081300813
-0.0007969054859131575	0.017
0.0	0.0
-0.025564394891262054	0.0
-0.00016650886391289532	1.0
0.0	0.018018018018018018
0.0	1.0
0.0	0.0
0.0	1.0
0.0	1.0
-0.0024794586934149265	0.007272727272727273
-3.37006753170499e-07	1.0
0.0	1.0
0.0	0.0
0.0	1.0
-2.268398142935002e-12	0.0
0.0	0.064
-1.7193734720422071e-06	1.0
0.0	0.0
0.0	0.0
-6.401751306839287e-07	1.0
0.0	1.0
0.0	1.0
0.0	0.008522727272727272
0.0	0.0
-0.02861819416284561	0.0
0.0	1.0
0.0	0.0
0.0	0.0
0.0	0.5505505505505506
-2.3615236841578735e-06	0.001034126163391934
-0.006664266809821129	0.0
0.0	0.0
-1.7815078479088697e-07	1.0
-0.005750941578298807	0.0
-0.0027828970924019814	0.0
0.0	1.0
0.0	1.0
-7.071441814332502e-07	0.0
0.0	1.0
0.0	1.0
0.0	0.0
0.0	0.0
-0.0001635503867873922	1.0
0.0	0.0
0.0	0.065
0.0	1.0
0.0	0.0
-0.0013023786013945937	0.0
-6.479248986579478e-05	0.0
-1.0002003669740134e-08	1.0
0.0	1.0
0.0	1.0
-1.3497322470357176e-05	1.0
-0.00013239293184597045	0.182
-2.7988181727778283e-07	0.0
0.0	1.0
0.0	1.0
0.0	1.0
0.0	1.0
0.0	0.0
0.0	0.0
0.0	1.0
0.0	0.00404040404040404
0.0	0.0
-0.003984163980931044	0.0
0.0	1.0
0.0	0.0
-6.802784469073231e-07	0.0
0.0	0.0
0.0	0.0
0.0	1.0
-0.000530692283064127	0.0
0.0	0.0
0.0	0.0
0.0	1.0
0.0	0.0
0.0	1.0
0.0	0.0
0.0	0.07653061224489796
0.0	1.0
-0.006277021486312151	0.003
-6.207420000237107e-08	1.0
0.0	0.0
-0.0001392233680235222	0.0
0.0	1.0
0.0	1.0
-3.753305645659566e-05	1.0
-2.3476948626921512e-05	0.0
-0.0004663959552999586	0.165
-0.0017864744877442718	1.0
0.0	1.0
0.0	1.0
-1.6335279440227168e-07	0.0
0.0	1.0
0.0	1.0
-0.0004158714727964252	0.0
0.0	1.0
-6.371333460819528e-10	0.001001001001001001
-4.4103225604885665e-07	1.0
0.0	0.001001001001001001
0.0	0.0
-7.806373105267994e-06	0.0
-0.013588564470410347	0.0
-8.337824652926429e-08	0.00954653937947494
-7.672608262510039e-06	1.0
0.0	1.0
-0.0274696983397007	0.0
0.0	1.0
0.0	0.00501002004008016
0.0	1.0
0.0	1.0
0.0	0.0
0.0	1.0
0.0	0.5652610441767069
-1.004388013825519e-05	1.0
-4.700688077718951e-05	0.0
0.0	0.022175290390707498
-1.8766893845167942e-05	0.0
0.0	1.0
-0.0003311661130283028	1.0
0.0	0.0
0.0	1.0
0.0	1.0
0.0	1.0
0.0	0.027842227378190254
0.0	1.0
-0.0004997655632905662	1.0
-2.6181496650679037e-05	1.0
0.0	1.0
-1.92901734408224e-05	1.0
0.0	0.0
0.0	1.0
0.0	1.0
0.0	0.0
0.0	0.043037974683544304
-3.168266630382277e-06	1.0
-0.00022795812401454896	1.0
-0.0006802949937991798	1.0
0.0	1.0
0.0	1.0
-8.433852372036199e-07	0.0
-2.645445418281156e-09	1.0
0.0	1.0
0.0	0.0
-0.00011327173706376925	1.0
0.0	1.0
-1.140656149800634e-05	1.0
-3.0905252060620114e-05	1.0
0.0	1.0
-9.484375914325938e-05	1.0
0.0	1.0
0.0	1.0
0.0	1.0
-0.0205374825745821	0.0
0.0	1.0
-0.0010685145389288664	0.0
-0.001111367717385292	0.0
0.0	1.0
0.0	1.0
0.0	1.0
0.0	1.0
-6.978324051942764e-08	1.0
0.0	1.0
-4.919560524285771e-06	0.07515030060120241
0.0	1.0
-3.134578889785189e-07	1.0
-5.987211011415638e-07	1.0
-0.0004085840191692114	1.0
-0.0012524842750281096	1.0
0.0	0.0
0.0	1.0
0.0	0.02737226277372263
0.0	1.0
0.0	1.0
0.0	0.0
-0.0001827836240408942	0.0
-0.0058221351355314255	0.15045135406218657
0.0	1.0
0.0	1.0
-1.4543577435688348e-06	1.0
0.0	0.0
0.0	1.0
-1.3699411283596419e-05	0.0
0.0	0.4528112449799197
-2.432725523249246e-06	1.0
-1.677358704910148e-05	0.0
0.0	0.0
0.0	1.0
-0.010413574986159801	0.0
0.0	1.0
-0.00012767706357408315	0.0
-4.2816742507056915e-07	0.0
0.0	1.0
0.0	0.0
-0.04762077331542969	0.0
0.0	1.0
-3.7802819861099124e-06	1.0
-0.0035635035019367933	1.0
-1.9090493879048154e-05	1.0
0.0	1.0
0.0	1.0
0.0	1.0
0.0	0.0
-3.287478421043488e-06	1.0
-0.004065338522195816	0.0
0.0	0.0
-0.0029190098866820335	0.0
0.0	0.13636363636363635
-0.002431154251098633	0.0
-0.000993805006146431	0.0
0.0	1.0
0.0	1.0
-0.0008037835359573364	1.0
-6.907754923624054e-11	1.0
0.0	1.0
-3.9423710404662415e-05	1.0
0.0	0.03090909090909091
0.0	1.0
-3.2871372290799172e-09	1.0
0.0	0.0
-0.00018591794651001692	0.0
0.0	0.0
0.0	0.0
0.0	1.0
0.0	1.0
0.0	0.0
0.0	1.0
0.0	1.0
0.0	0.0
-2.3131238435780688e-07	1.0
0.0	1.0
0.0	1.0
0.0	1.0
0.0	1.0
0.0	1.0
-0.0001714462850941345	1.0
-4.346322564005578e-13	0.0
0.0	1.0
0.0	1.0
-0.00017527352611068636	0.0
-5.210124243149039e-08	1.0
0.0	1.0
-0.00012963519839104265	1.0
0.0	0.001
-7.849465646359022e-07	0.0
0.0	1.0
0.0	1.0
0.0	0.0
0.0	0.0
0.0	1.0
0.0	1.0
-0.0011711715487763286	1.0
0.0	1.0
-6.34482404393566e-08	1.0
0.0	1.0
0.0	1.0
-8.742902718950063e-05	1.0
0.0	0.2039337474120083
0.0	1.0
-8.575422543799505e-05	1.0
0.0	1.0
0.0	0.0
-0.0013306632172316313	0.01486988847583643
0.0	0.02
-0.001804829458706081	0.0
0.0	1.0
0.0	0.0
-0.0005315368762239814	0.0
-0.0001567739382153377	0.0
-2.1687568732886575e-05	0.0
0.0	1.0
-0.0005510311457328498	1.0
0.0	1.0
0.0	1.0
0.0	1.0
0.0	1.0
0.0	0.010112359550561797
-2.2236483346205205e-05	1.0
0.0	0.007312614259597806
0.0	1.0
0.0	1.0
-0.014590181410312653	0.005494505494505495
0.0	1.0
-0.00011831789743155241	1.0
0.0	1.0
-0.008611204102635384	0.0
-1.6188807421713136e-05	1.0
0.0	1.0
-0.00012289854930713773	0.0
0.0	1.0
0.0	1.0
0.0	1.0
0.0	1.0
-0.00040279835229739547	0.0
0.0	0.0
0.0	1.0
0.0	1.0
0.0	1.0
0.0	1.0
-0.0016421832842752337	0.005964214711729622
-0.00010442048369441181	1.0
0.0	1.0
0.0	1.0
-1.4254387679102365e-05	1.0
0.0	0.24352331606217617
-4.220300525048515e-06	1.0
0.0	1.0
-0.000238815278862603	1.0
0.0	1.0
0.0	0.0
0.0	1.0
0.0	1.0
0.0	1.0
0.0	1.0
0.0	0.0
-0.005580604542046785	0.0
0.0	1.0
0.0	0.0
0.0	0.0
0.0	0.0
0.0	1.0
-0.00011011408059857786	0.0
0.0	0.0
0.0	0.0
0.0	0.0
0.0	1.0
-0.013567483983933926	0.0
0.0	1.0
-2.4252140065073036e-05	1.0
0.0	1.0
0.0	1.0
-0.0004521640366874635	1.0
-0.0008957701502367854	0.03968253968253968
-2.8399581424309872e-05	1.0
-1.4078043477638857e-06	1.0
-0.0016402144683524966	0.0
0.0	0.0
-5.839812365593389e-05	0.2862453531598513
-5.794757385046978e-08	0.2862453531598513
0.0	0.0
0.0	0.55
-0.004512228071689606	0.0
0.0	1.0
0.0	1.0
0.0	0.0
0.0	1.0
0.0	1.0
0.0	1.0
-3.50877053278964e-05	0.0642570281124498
0.0	1.0
0.0	0.0
0.0	1.0
0.0	1.0
-8.166180265334333e-08	1.0
-6.60119852113894e-08	1.0
0.0	0.0
0.0	1.0
0.0	1.0
0.0	1.0
0.0	1.0
0.0	1.0
0.0	1.0
0.0	1.0
0.0	0.0
0.0	0.0
0.0	1.0
0.0	1.0
-0.012904218398034573	0.0
0.0	1.0
0.0	0.0
0.0	0.553
0.0	0.0
0.0	0.0
-6.961957842577249e-05	0.0
0.0	1.0
0.0	1.0
-0.0008051790646277368	0.0
0.0	0.0
0.0	1.0
-2.945173438462234e-09	1.0
-0.00030892062932252884	1.0
0.0	1.0
0.0	0.11538461538461539
0.0	1.0
0.0	1.0
-7.229666310060168e-10	1.0
-0.00012192337453598157	1.0
0.0	1.0
-2.5360872513147115e-08	1.0
0.0	0.0
-0.00016710911586415023	0.0
0.0	0.0
-1.5629586414434016e-05	0.001
-5.234180571278557e-05	0.0
0.0	1.0
-2.1305945665517356e-06	1.0
-1.0005951480707154e-05	1.0
-3.063830789074018e-08	1.0
-0.0009777516825124621	1.0
0.0	0.0
0.0	0.0
0.0	1.0
0.0	1.0
0.0	1.0
0.0	1.0
0.0	0.0
0.0	0.0
0.0	1.0
0.0	0.0
-0.0001538559445179999	1.0
-5.195593644202745e-07	1.0
-8.232544496422634e-05	1.0
0.0	0.0
0.0	1.0
-0.0005572629161179066	0.16109422492401215
-0.0016433369601145387	0.0
-0.00015105817874427885	1.0
-0.005616388749331236	0.0
-0.011224049143493176	0.0
-0.021510832011699677	0.0
0.0	1.0
-0.001618039095774293	1.0
0.0	1.0
0.0	1.0
-0.00031958805629983544	1.0
0.0	0.0
-1.2879216228611767e-05	1.0
0.0	1.0
-0.033188462257385254	0.0
-2.1621324776788242e-05	1.0
0.0	1.0
0.0	1.0
0.0	1.0
-8.519091352354735e-06	0.08444444444444445
0.0	1.0
0.0	0.0018181818181818182
0.0	1.0
0.0	1.0
-0.0007335398113355041	0.0
-0.0037791868671774864	0.0
0.0	1.0
0.0	1.0
0.0	1.0
0.0	1.0
-7.320864824578166e-05	1.0
-0.0005114310188218951	1.0
0.0	1.0
-0.00012352631893008947	1.0
-2.6349792392466043e-07	1.0
0.0	1.0
-3.3036783975148865e-08	0.0
-0.001504515646956861	1.0
0.0	1.0
-7.376864346042566e-07	1.0
0.0	1.0
-0.00014061642286833376	0.0
0.0	0.12527964205816555
0.0	1.0
0.0	1.0
0.0	1.0
0.0	0.0
0.0	1.0
0.0	0.015873015873015872
0.0	1.0
0.0	0.0
-0.0011731444392353296	0.0022222222222222222
-5.071614168628003e-07	1.0
0.0	1.0
0.0	0.0
-7.744518370600417e-06	0.10267857142857142
0.0	0.0
-2.8503844077931717e-05	1.0
0.0	1.0
-7.11102003947417e-08	1.0
-0.0001141092725447379	1.0
0.0	1.0
-8.905662070901599e-06	1.0
0.0	0.0
0.0	0.0
0.0	1.0
-0.0005261587211862206	1.0
0.0	1.0
0.0	1.0
-0.037319108843803406	0.0
-5.9189421364180816e-08	1.0
0.0	0.0
0.0	1.0
0.0	0.0
0.0	1.0
