0.0	0.0
0.0	0.04183673469387755
0.0	0.0
-0.002939252182841301	1.0
0.0	1.0
-3.892125459969975e-05	1.0
0.0	0.0
-3.3527025600221805e-09	0.0
0.0	0.0
0.0	1.0
-2.7836251774715493e-06	1.0
-0.0007668919861316681	1.0
-0.008164125494658947	0.0
-0.000888350245077163	1.0
-0.0003485320776235312	1.0
0.0	1.0
0.0	1.0
0.0	1.0
-0.0023100378457456827	1.0
-0.0020625516772270203	0.0
-4.181876647635363e-06	0.666
-1.6240073819062673e-05	0.003
0.0	1.0
0.0	1.0
-0.00018673900922294706	1.0
-0.0003886347112711519	1.0
-0.00033188340603373945	1.0
-0.0014267568476498127	1.0
-0.0020600995048880577	1.0
0.0	1.0
0.0	1.0
-0.0015289901057258248	1.0
-3.972590485734617e-12	1.0
-0.0008211114327423275	0.0
0.0	1.0
0.0	0.0
-1.440291441667796e-07	1.0
-2.200282837871992e-11	1.0
-0.00012792828783858567	1.0
0.0	1.0
0.0	1.0
0.0	1.0
0.0	0.0
0.0	1.0
0.0	1.0
-6.001585461490322e-06	0.0
-9.853316441876814e-06	1.0
0.0	0.0
-0.0016203554114326835	1.0
-0.0007306286133825779	0.0
-2.4781464162515476e-05	1.0
0.0	1.0
0.0	1.0
0.0	1.0
-0.00011485350842121989	0.0014005602240896359
-0.0001933100720634684	0.0014005602240896359
-0.0001305153564317152	1.0
-1.257283429367817e-06	1.0
-6.313668663403271e-13	1.0
-1.040724146150751e-05	0.02002002002002002
0.0	0.0010204081632653062
0.0	1.0
0.0	0.0
0.0	0.0
-9.71008266787976e-05	0.0
0.0	1.0
0.0	0.0
0.0	0.0
-0.002497439505532384	0.0
0.0	1.0
0.0	0.0
-2.1520760128623806e-05	1.0
0.0	1.0
0.0	1.0
-1.0278116860718e-05	0.044
0.0	0.9
0.0	1.0
-0.00011113149230368435	1.0
0.0	0.0
0.0	1.0
0.0	0.0
-1.6101665833989642e-10	1.0
0.0	1.0
0.0	1.0
-0.0006334689096547663	0.0
0.0	1.0
0.0	1.0
0.0	1.0
0.0	0.0
-5.38208723810385e-06	0.0038314176245210726
0.0	0.2176529588766299
-0.000467067991849035	0.3047752808988764
0.0	1.0
0.0	1.0
-0.0006677245255559683	0.0
-0.00026275214622728527	0.0
-0.000735185225494206	0.0
0.0	1.0
0.0	1.0
0.0	1.0
-3.537563797451071e-09	1.0
0.0	1.0
-0.0004733249661512673	1.0
-8.290338882943615e-06	0.204
0.0	0.204
0.0	0.0
0.0	0.0
-0.0002932896022684872	0.0
-0.00018193345749750733	0.0
-0.009766084142029285	0.0
-0.0007977833156473935	1.0
-0.0004337277205195278	0.06106106106106106
-9.43207269301638e-05	1.0
0.0	1.0
0.0	1.0
0.0	1.0
0.0	1.0
0.0	0.28819068255687974
-0.00046195671893656254	1.0
0.0	1.0
0.0	0.0
-0.0003973089624196291	1.0
-3.2696769736162423e-09	0.0
0.0	1.0
0.0	0.135
0.0	1.0
-2.0982970454497263e-06	0.0
-0.0006038179853931069	1.0
-7.93623985373415e-06	1.0
0.0	1.0
0.0	1.0
-0.001444157212972641	0.0
0.0	1.0
-0.003960395231842995	0.0
0.0	1.0
0.0	1.0
-0.00010600268433336169	1.0
0.0	1.0
0.0	0.0
-0.0005917454254813492	1.0
-0.0005867210566066206	0.0
0.0	0.0
0.0	1.0
0.0	1.0
0.0	0.0
-2.588357892818749e-05	1.0
-0.0001394712453475222	1.0
-1.6495355081858065e-09	1.0
0.0	1.0
0.0	0.0
-0.0025455423165112734	0.0
0.0	0.0
-1.0919361415062667e-08	1.0
0.0	1.0
0.0	0.0
0.0	1.0
0.0	1.0
0.0	1.0
-5.4556046961806715e-05	0.428
-0.0007840069592930377	1.0
0.0	1.0
0.0	1.0
-0.008022669702768326	0.0
-2.0275423651128222e-07	1.0
-0.0022938731126487255	1.0
-0.06793679296970367	0.0
0.0	1.0
0.0	0.0
0.0	1.0
0.0	1.0
0.0	1.0
-2.429559754091315e-05	1.0
-0.00042277516331523657	1.0
0.0	0.0
-4.077699031768134e-06	1.0
0.0	1.0
-8.131132744892966e-06	0.0
0.0	0.0
0.0	1.0
0.0	1.0
0.0	0.0
0.0	0.6427850655903128
0.0	1.0
0.0	1.0
0.0	1.0
0.0	1.0
-1.714858655077478e-08	1.0
-3.744116838788614e-05	1.0
-0.00043522572377696633	1.0
-1.4418806131288875e-06	1.0
0.0	0.0
-7.889587868703529e-05	0.0
0.0	1.0
0.0	1.0
0.0	1.0
-9.153387492411014e-10	0.0
0.0	0.0
0.0	0.0
-8.308800715894904e-06	1.0
0.0	1.0
0.0	0.0
0.0	0.0
0.0	1.0
0.0	1.0
-0.0015278549399226904	0.0
0.0	1.0
0.0	1.0
-0.00339711201377213	1.0
0.0	0.0
0.0	0.0
0.0	1.0
0.0	0.0
0.0	0.0
0.0	1.0
-0.0019939332269132137	0.0
0.0	0.03629976580796253
-0.00030920779681764543	0.0
0.0	0.0
0.0	1.0
0.0	0.03629976580796253
0.0	1.0
0.0	0.0
0.0	1.0
-1.197092205984518e-05	1.0
0.0	1.0
0.0	0.002008032128514056
0.0	1.0
0.0	0.004106776180698152
0.0	0.0
0.0	0.0
0.0	0.0
-1.7426577514356723e-08	0.0113314447592068
0.0	1.0
0.0	0.637
-5.704131922357192e-07	0.0
0.0	1.0
0.0	0.0572289156626506
0.0	0.0572289156626506
-0.0004538836656138301	1.0
0.0	1.0
-0.0014384128153324127	0.0
-0.0008221052121371031	1.0
-0.005054054316133261	0.0
-2.134087117156014e-05	1.0
0.0	1.0
0.0	0.0028011204481792717
0.0	0.758
-0.00019999411597382277	1.0
0.0	0.0
0.0	0.0
-5.2705645430251025e-06	0.0
0.0	0.0
0.0	1.0
-1.8363214621786028e-05	0.0
-1.4681099891333815e-08	1.0
-5.055434030509787e-06	1.0
0.0	0.0
0.0	1.0
0.0	1.0
0.0	0.0
0.0	1.0
0.0	1.0
0.0	0.005
0.0	0.0
0.0	1.0
0.0	0.0
0.0	0.268
-4.660642844100948e-06	1.0
0.0	0.0
0.0	0.0
0.0	0.0
-0.00029883114621043205	0.268
0.0	1.0
-1.2877703738922719e-06	0.268
-9.621771823731251e-07	1.0
0.0	1.0
0.0	1.0
0.0	1.0
0.0	0.0
-5.166338884476929e-11	1.0
0.0	1.0
0.0	1.0
0.0	1.0
0.0	1.0
-2.622363581394893e-06	1.0
0.0	1.0
-0.023823337629437447	0.0
0.0	1.0
0.0	1.0
-0.09073677659034729	0.0
-0.001410570926964283	0.0
0.0	1.0
0.0	1.0
0.0	1.0
-1.2473886368269405e-09	0.0
0.0	1.0
0.0	1.0
0.0	0.0
0.0	1.0
0.0	1.0
-3.3717972858227085e-10	0.0
0.0	1.0
-0.0012795786606147885	1.0
-2.6114205242677713e-10	0.12725450901803606
0.0	0.0
0.0	0.714
0.0	0.0
-0.00022757743136025965	0.0
0.0	0.0
0.0	1.0
-8.731000707484782e-05	0.0
0.0	1.0
-1.083499773812946e-05	1.0
0.0	1.0
0.0	1.0
-0.00010250062041450292	1.0
-1.4695064010084025e-07	1.0
-0.001054534688591957	1.0
0.0	0.0
0.0	0.0
0.0	0.0
0.0	0.0
0.0	0.0028735632183908046
0.0	1.0
0.0	0.0
0.0	0.637
-0.0025986654218286276	1.0
0.0	0.0
0.0	0.0
-0.007368392311036587	0.0
0.0	1.0
0.0	0.0
0.0	0.0
0.0	1.0
-5.420521574706072e-06	0.0
0.0	1.0
-0.0012417904799804091	1.0
0.0	1.0
0.0	1.0
0.0	0.045
-7.964184078446124e-06	1.0
-1.9256001237977216e-09	1.0
-0.0005138005944900215	1.0
-1.829683424148243e-05	1.0
0.0	0.0
0.0	0.18840579710144928
-0.0001806558429962024	1.0
-0.000622535590082407	1.0
0.0	1.0
-7.318392363231396e-06	1.0
0.0	1.0
0.0	1.0
0.0	1.0
0.0	1.0
-0.009203587658703327	0.012850467289719626
0.0	1.0
0.0	1.0
-1.3644792034028796e-06	1.0
0.0	0.020222446916076844
0.0	0.0
-0.0001656463136896491	0.0
0.0	1.0
0.0	1.0
0.0	0.0
0.0	1.0
0.0	1.0
0.0	0.027
0.0	1.0
-0.00043716165237128735	1.0
0.0	1.0
-2.3406310845075495e-07	1.0
0.0	1.0
-2.51584206125699e-05	1.0
-1.2457150866396205e-09	1.0
-0.006315288133919239	0.0
0.0	1.0
-1.2846431474144993e-08	0.726
0.0	1.0
0.0	0.06993006993006994
-0.027981622144579887	0.0
0.0	1.0
-0.00010888597171287984	1.0
0.0	0.0
0.0	1.0
-0.00039692659629508853	1.0
0.0	1.0
0.0	0.0
0.0	0.0
0.0	1.0
0.0	1.0
0.0	1.0
-2.6685866032494232e-05	1.0
-0.0011796064209192991	0.0
-0.002333775395527482	0.0
0.0	0.001
-0.0004883146611973643	0.013
-4.626077497960068e-05	1.0
0.0	1.0
-0.006706824991852045	0.0
0.0	1.0
-0.0033067110925912857	0.002
-0.000318428996251896	1.0
0.0	1.0
0.0	1.0
-0.003640107810497284	0.0010204081632653062
0.0	0.0010204081632653062
-0.0015674233436584473	0.0010204081632653062
0.0	1.0
0.0	0.0
-3.731334796697183e-09	1.0
0.0	0.42448979591836733
-0.02082076296210289	0.0
-0.001420032000169158	1.0
-1.3126819453646021e-07	0.0
0.0	0.0
-4.931370131089352e-05	0.0
0.0	1.0
0.0	1.0
0.0	0.0
0.0	1.0
0.0	1.0
-0.0038753568660467863	0.0
0.0	1.0
0.0	1.0
-3.1423155633092392e-06	1.0
-3.173146190249554e-10	1.0
0.0	1.0
-2.4519035690673263e-09	0.2962138084632517
-0.00037569174310192466	0.0
-6.76431113788567e-07	1.0
0.0	1.0
0.0	1.0
0.0	1.0
0.0	0.0
0.0	1.0
0.0	0.01
-4.101360445929458e-06	0.0
0.0	0.0
-0.0048909601755440235	0.0
0.0	0.1226158038147139
0.0	0.0
0.0	1.0
0.0	1.0
-2.0771450692791404e-07	0.0
-4.658481933539349e-11	1.0
0.0	1.0
0.0	0.0
-1.6027943274821155e-05	1.0
0.0	1.0
0.0	1.0
0.0	1.0
0.0	1.0
-1.5892131841610535e-06	1.0
0.0	1.0
0.0	1.0
-0.004021023400127888	0.12612612612612611
0.0	1.0
-0.00021045426547061652	1.0
-1.8944000146348117e-07	1.0
-2.5881623511025964e-09	1.0
0.0	1.0
0.0	1.0
0.0	0.0
0.0	1.0
0.0	0.0
-4.077093308296753e-06	1.0
0.0	1.0
0.0	0.1031031031031031
-1.050571972882608e-05	1.0
0.0	1.0
0.0	1.0
0.0	0.0
0.0	0.4173469387755102
-0.0008694742573425174	0.0
-6.0942820709897205e-06	1.0
0.0	0.2131979695431472
-0.00017645438492763788	0.0
0.0	0.267
0.0	1.0
0.0	1.0
-1.107113803300308e-05	1.0
-1.0277359746655584e-13	1.0
0.0	1.0
0.0	0.0
0.0	1.0
0.0	0.037871033776867964
0.0	1.0
-8.787521801423281e-05	1.0
0.0	1.0
0.0	0.0
0.0	0.03225806451612903
0.0	1.0
-0.026751136407256126	0.0
0.0	1.0
-9.78062075773778e-07	1.0
0.0	1.0
0.0	1.0
0.0	1.0
-0.0035917360801249743	0.0
0.0	1.0
-0.0003443197638262063	1.0
0.0	0.0
0.0	1.0
-6.144079088699073e-05	0.0
0.0	0.0010193679918450561
0.0	1.0
0.0	1.0
0.0	1.0
0.0	0.01917255297679112
-3.525068592580283e-08	1.0
-0.007345831021666527	0.0
-7.972855264881673e-09	0.009
0.0	1.0
0.0	0.0
-0.0006058717262931168	0.0
-0.0013640341348946095	0.0
0.0	1.0
0.0	0.011
0.0	0.0
-6.568407623364081e-11	0.28284854563691075
-1.8328555597690865e-06	1.0
0.0	0.28284854563691075
-0.006859641522169113	0.004178272980501393
-4.314033503760584e-05	1.0
0.0	0.28313253012048195
0.0	1.0
0.0	0.2821285140562249
-0.004980393219739199	0.281
-0.0003940290189348161	1.0
0.0	1.0
-0.008447849191725254	0.006993006993006993
0.0	0.006993006993006993
-0.000646614411380142	1.0
-2.84180572407422e-08	1.0
-0.002483046380802989	0.0
-1.3557894806837112e-09	1.0
-1.519267414096248e-07	1.0
0.0	0.006993006993006993
0.0	1.0
0.0	1.0
-4.552881000563502e-05	1.0
-0.0014445374254137278	1.0
0.0	1.0
-3.762435517273843e-05	1.0
0.0	0.0
0.0	1.0
-1.5813548088772222e-05	0.734
-0.0009597399039193988	0.734
-2.2552629902472532e-11	0.0
0.0	0.0
0.0	0.021
0.0	1.0
-0.0013580197701230645	0.0
0.0	1.0
-0.0009892157977446914	0.0
0.0	1.0
-1.6725738532841206e-05	1.0
0.0	0.0
0.0	0.0
0.0	0.0
-4.117381546819843e-09	0.0
0.0	1.0
-0.0011969241313636303	1.0
0.0	1.0
-1.0151694368687458e-05	1.0
0.0	0.0
0.0	0.637
0.0	0.0
0.0	0.0
0.0	1.0
0.0	1.0
-0.004093534778803587	0.0
-0.00011298221215838566	1.0
0.0	1.0
0.0	1.0
0.0	0.0
-2.749578982275125e-07	1.0
-8.045165486691985e-06	1.0
-1.0469639732946234e-07	1.0
-3.364575240993872e-05	1.0
-0.011775401420891285	0.0
0.0	1.0
-0.003428543685004115	0.0
0.0	0.0
-4.569805969367735e-05	0.0
0.0	1.0
-0.00032594226649962366	1.0
-0.009982858784496784	0.0
0.0	1.0
0.0	1.0
-7.659368179702142e-07	1.0
-0.006132388487458229	0.0
0.0	1.0
0.0	1.0
0.0	1.0
-0.00013604976993519813	1.0
0.0	1.0
0.0	1.0
-1.415582937625004e-05	1.0
0.0	1.0
0.0	0.0
0.0	1.0
0.0	1.0
0.0	1.0
0.0	1.0
-0.004312101751565933	0.0
-9.691342484074994e-07	1.0
0.0	1.0
-1.5956587958498858e-05	0.0
0.0	1.0
0.0	0.0
0.0	1.0
0.0	1.0
0.0	1.0
