0.0	0.328
-2.273375321237836e-05	1.0
-6.856858090031892e-05	1.0
0.0	1.0
0.0	1.0
-4.377488371787308e-10	0.328
-2.0916521847880176e-09	1.0
-2.347599911445286e-05	1.0
0.0	1.0
0.0	1.0
0.0	0.23373983739837398
-1.530479797833917e-15	1.0
-0.0009869777131825686	1.0
-8.419518167102069e-07	1.0
-1.4011685607329127e-06	0.0
0.0	0.06046511627906977
-0.001942985225468874	0.0
-3.510208159696049e-07	0.001034126163391934
0.0	1.0
0.0	1.0
-6.78601791150868e-05	1.0
-1.35148793560802e-05	1.0
0.0	1.0
0.0	0.0
0.0	1.0
0.0	0.0
-0.0006916877464391291	0.03790983606557377
0.0	1.0
0.0	1.0
-0.0005972146173007786	1.0
0.0	1.0
-2.4930388462962583e-05	1.0
0.0	1.0
0.0	1.0
0.0	1.0
-0.002977679716423154	1.0
-0.0031640625093132257	1.0
-0.0003488629008643329	1.0
-0.0002955720410682261	1.0
0.0	1.0
0.0	0.0
0.0	1.0
-2.8379813556966837e-06	1.0
0.0	0.0
0.0	1.0
0.0	0.0
0.0	0.02502606882168926
0.0	1.0
-5.064373809204881e-09	0.344
0.0	0.0
0.0	1.0
-8.404324944422115e-06	0.0
0.0	1.0
-0.008373113349080086	0.0
0.0	0.0
-5.423720722319558e-05	1.0
0.0	0.0
0.0	0.239
-0.0009793515782803297	1.0
0.0	1.0
-0.0011375588364899158	0.0
0.0	1.0
0.0	0.23
0.0	1.0
0.0	1.0
0.0	1.0
0.0	0.0
0.0	1.0
-8.883361442713067e-05	0.006
0.0	0.0
-0.00017518849927000701	1.0
0.0	1.0
0.0	0.328
0.0	1.0
-0.04168708622455597	0.0
0.0	1.0
0.0	1.0
-0.0005726845702156425	0.05563093622795115
0.0	0.0
0.0	1.0
0.0	1.0
-0.00031757570104673505	0.0
0.0	1.0
-0.00012400044943206012	1.0
0.0	0.0
0.0	1.0
-0.0001869928528321907	1.0
0.0	1.0
-2.465242010529778e-09	0.0
0.0	1.0
0.0	1.0
0.0	0.026680896478121666
-0.004407066851854324	0.063
0.0	1.0
-0.0001345847122138366	1.0
0.0	0.0
0.0	1.0
0.0	0.06
0.0	1.0
-1.4400386660895492e-08	1.0
-0.00018712229211814702	0.0
-3.025871774298139e-05	0.0
-0.0009322331752628088	0.0
-0.016404761001467705	0.0
0.0	1.0
-0.0009875918040052056	1.0
0.0	0.0
-2.8278733225306496e-05	0.0
0.0	0.0
0.0	1.0
0.0	0.0
0.0	1.0
0.0	0.0031446540880503146
-7.048534672593476e-11	0.0031446540880503146
-0.00435142545029521	0.0
0.0	1.0
-6.663872231804646e-10	0.0
0.0	1.0
0.0	0.0
0.0	1.0
-0.0003424552269279957	1.0
-0.00013370237138587981	1.0
0.0	1.0
-0.0015148635720834136	1.0
0.0	1.0
0.0	1.0
-7.333008397836238e-05	1.0
0.0	1.0
0.0	1.0
0.0	1.0
0.0	0.02631578947368421
-1.8954829372752613e-10	1.0
0.0	1.0
0.0	1.0
-0.00017767265671864152	1.0
0.0	1.0
0.0	0.0
-1.2027757293253671e-05	1.0
-5.956587187938567e-07	1.0
-0.0005626327474601567	1.0
0.0	1.0
0.0	1.0
0.0	1.0
-2.0432389646884985e-05	1.0
0.0	1.0
0.0	0.0
0.0	1.0
-0.00010990053124260157	1.0
0.0	1.0
-0.001011144369840622	1.0
0.0	1.0
-0.004629263188689947	0.003
0.0	1.0
0.0	0.0
0.0	0.003003003003003003
-3.2235959679383086e-07	0.0
0.0	0.003003003003003003
0.0	1.0
0.0	0.263
-0.004780930932611227	0.0
-0.0007202025153674185	0.0
-0.00010690277849789709	1.0
0.0	1.0
-1.943324059539009e-05	0.0
0.0	1.0
-0.016374988481402397	0.0
-7.61365618018317e-06	0.0
-0.0019522957736626267	1.0
-5.829449219163507e-05	1.0
-1.7534384824102744e-06	1.0
0.0	1.0
0.0	1.0
0.0	1.0
0.0	1.0
-1.3751064216194209e-05	0.0
-1.243894445224214e-07	0.3524590163934426
0.0	0.0
-9.248660717275925e-06	1.0
0.0	1.0
-0.10395793616771698	0.0
0.0	1.0
0.0	0.0
-2.583649916232389e-07	1.0
0.0	1.0
0.0	0.0
-0.00010980818478856236	0.3751363140676118
-0.00048439460806548595	1.0
0.0	1.0
0.0	1.0
-2.22492779755612e-08	1.0
0.0	0.1273006134969325
0.0	1.0
0.0	0.0
0.0	1.0
0.0	1.0
0.0	0.0
0.0	1.0
0.0	0.0
0.0	1.0
0.0	1.0
-0.0002926324086729437	1.0
0.0	0.0
0.0	0.0
-3.9819724406697787e-07	1.0
-7.874899165472016e-05	1.0
-0.0002550249919295311	1.0
0.0	1.0
-5.048419637887491e-08	1.0
-0.0005995078827254474	1.0
0.0	1.0
0.0	1.0
0.0	1.0
0.0	0.0
-4.106858614250086e-05	0.037
0.0	1.0
0.0	0.037
-3.853798261843622e-06	1.0
0.0	0.0
-6.237567140487954e-05	1.0
-0.0004404587089084089	1.0
0.0	0.0
0.0	0.011061946902654867
0.0	1.0
0.0	1.0
0.0	0.0
0.0	1.0
0.0	0.0
0.0	0.0
0.0	1.0
-0.00028114908491261303	0.0
0.0	1.0
0.0	0.0
0.0	0.009
0.0	1.0
0.0	1.0
0.0	1.0
-0.0003975356521550566	1.0
0.0	1.0
0.0	0.0
0.0	1.0
0.0	1.0
0.0	1.0
0.0	0.0
-1.6346633856301196e-05	1.0
-5.860944156665937e-07	0.0
0.0	0.0
0.0	1.0
-1.9577245780055819e-07	1.0
0.0	0.006486486486486486
0.0	0.07545271629778671
-4.498743599867794e-09	1.0
0.0	1.0
-0.0008166706538759172	1.0
-8.942349268181715e-06	0.011
0.0	1.0
0.0	1.0
0.0	0.0
0.0	1.0
0.0	0.0
0.0	0.0
-0.0002335663593839854	0.035
-0.0008041405235417187	0.0
-0.0009606323437765241	1.0
0.0	1.0
0.0	1.0
-0.001053521758876741	0.0
-4.304445246816613e-05	0.0
0.0	0.047094188376753505
-0.0020673645194619894	0.002002002002002002
0.0	0.002002002002002002
-2.1621208361466415e-06	0.001002004008016032
-0.019970685243606567	0.0
-0.00011501552944537252	1.0
0.0	1.0
-8.306894596898928e-05	0.0
0.0	1.0
0.0	1.0
0.0	0.0
-7.332163932005642e-06	1.0
-6.359256076393649e-05	1.0
-7.975925475633971e-12	1.0
-0.0011235249694436789	1.0
0.0	1.0
0.0	1.0
0.0	1.0
-0.00018628341786097735	1.0
-0.001969273667782545	1.0
0.0	1.0
0.0	1.0
0.0	1.0
0.0	1.0
-0.0007506549591198564	1.0
-4.6205557737266645e-05	1.0
0.0	1.0
0.0	1.0
0.0	1.0
-8.729965884413105e-06	0.0
0.0	1.0
0.0	1.0
-5.459941803565016e-06	1.0
-0.0001762924948707223	1.0
0.0	1.0
-0.027015320956707	0.0
0.0	1.0
-1.1610366527747829e-05	1.0
0.0	0.0
0.0	1.0
0.0	1.0
0.0	1.0
-8.19807723928534e-08	0.027
0.0	1.0
-3.5248880203564426e-11	0.0
0.0	0.0
0.0	1.0
0.0	1.0
0.0	1.0
0.0	1.0
-3.039991725017899e-08	0.0
0.0	1.0
0.0	0.0
0.0	0.0
0.0	1.0
0.0	1.0
0.0	1.0
0.0	0.0
-0.0009669746505096555	1.0
-0.0026266565546393394	1.0
-1.3326343832886778e-06	0.0
-5.905524247395988e-08	1.0
0.0	0.0
0.0	0.0034482758620689655
-0.00039618901791982353	0.0
0.0	0.0
0.0	0.0
0.0	1.0
0.0	1.0
-9.799090536275185e-24	1.0
0.0	1.0
0.0	1.0
-0.00033718853956088424	1.0
0.0	1.0
-0.0006871697842143476	1.0
0.0	0.04247104247104247
0.0	1.0
0.0	0.23061013443640124
0.0	0.0
-0.02677982486784458	0.0
0.0	1.0
-1.0484617973816057e-07	1.0
0.0	0.0
0.0	0.0
0.0	0.0
0.0	1.0
0.0	1.0
0.0	1.0
0.0	1.0
0.0	1.0
-0.00038078060606494546	0.0
0.0	0.0
0.0	0.0
0.0	1.0
0.0	0.41
0.0	0.41
-8.626100679975934e-06	1.0
-0.0025015107821673155	0.0
-5.42716982465663e-08	0.003061224489795918
-6.447847408708185e-05	1.0
0.0	0.0
-1.0162585795114865e-06	0.04116465863453815
-2.7792966648121364e-05	0.0
-0.002093058079481125	1.0
0.0	1.0
0.0	0.0
0.0	1.0
-0.00011279551836196333	1.0
-0.00012946780771017075	0.008048289738430584
0.0	1.0
0.0	1.0
0.0	1.0
-5.944882559560938e-06	0.0
0.0	0.0
-1.9504379451973364e-05	1.0
-1.3078874872007873e-06	0.0
-0.00017831176228355616	1.0
0.0	1.0
0.0	0.0
0.0	1.0
-3.083064439124428e-05	0.059154929577464786
-8.685601642355323e-06	0.0
0.0	0.24004305705059203
-0.10204166173934937	0.0
0.0	0.09137709137709138
0.0	0.0
0.0	1.0
0.0	1.0
0.0	0.24219590958019377
-9.06107834452996e-06	1.0
-6.2893409449316096e-06	1.0
0.0	1.0
0.0	1.0
0.0	0.012409513960703205
-0.037820007652044296	0.0
0.0	1.0
-0.015315397642552853	0.0
-4.474293291423237e-07	1.0
0.0	1.0
0.0	0.0
-2.5749679366526834e-07	1.0
0.0	1.0
0.0	1.0
0.0	1.0
0.0	0.0
0.0	1.0
0.0	1.0
-0.0006296872161328793	0.0
0.0	1.0
0.0	1.0
0.0	1.0
0.0	1.0
0.0	0.0
0.0	1.0
0.0	1.0
0.0	1.0
0.0	0.0
-1.4498705240839627e-05	0.0
-0.023216065019369125	0.0
-0.00026788809918798506	1.0
-6.742930418113247e-05	1.0
-8.074026425219927e-08	0.0
0.0	0.0
0.0	1.0
0.0	1.0
0.0	1.0
0.0	0.049029622063329927
0.0	1.0
0.0	1.0
0.0	1.0
0.0	0.04158004158004158
-5.931852865614928e-05	1.0
-1.370659106214589e-07	0.012195121951219513
-0.0005829366855323315	1.0
0.0	0.0029154518950437317
0.0	1.0
0.0	0.0
-0.0003376611275598407	1.0
0.0	1.0
0.0	0.3524590163934426
0.0	0.036585365853658534
0.0	1.0
-0.000124506201245822	1.0
-0.00010667945025488734	1.0
0.0	1.0
0.0	1.0
-2.0290979136916576e-06	1.0
-2.2511852648676722e-07	0.0
-0.0008205606136471033	0.0
-0.0002271538251079619	0.0
-2.0837451302213594e-06	1.0
-0.0035936874337494373	0.0
-5.66066682949895e-06	1.0
-0.04918931424617767	0.0
0.0	1.0
-0.00017279945313930511	1.0
0.0	1.0
-0.0005309561383910477	1.0
0.0	0.0
-5.383796178648481e-06	1.0
0.0	1.0
0.0	1.0
-0.00030447941389866173	1.0
-1.1337535397615284e-05	0.004296455424274973
-1.105248065869091e-05	1.0
0.0	1.0
-0.00029886839911341667	0.03611971104231166
-5.0984112021978945e-05	1.0
-0.0003403984010219574	0.0
-0.0007811518735252321	1.0
0.0	1.0
0.0	1.0
-0.0005910382606089115	1.0
-0.00014570585335604846	1.0
0.0	0.0
0.0	1.0
0.0	1.0
0.0	1.0
0.0	1.0
0.0	1.0
-1.969858567463234e-05	1.0
-1.375732881570002e-05	1.0
0.0	1.0
-1.6304333882999344e-07	0.0
0.0	1.0
-0.008069377392530441	0.0
-0.00041829110705293715	0.0
-0.003982501104474068	0.0
0.0	1.0
0.0	1.0
0.0	0.0
-0.00027087528724223375	1.0
-3.570538638086873e-06	1.0
-0.00015624059597030282	0.033
-0.0001118405198212713	1.0
0.0	1.0
0.0	1.0
0.0	0.034102306920762285
-0.0004915331955999136	0.0033975084937712344
0.0	0.0
0.0	1.0
-1.096905322128805e-08	0.0
-5.093537401990034e-05	0.013013013013013013
0.0	1.0
0.0	1.0
-0.002047613263130188	0.0
0.0	0.0
-6.46525077172555e-05	1.0
-0.0015276657650247216	1.0
0.0	1.0
0.0	1.0
-5.119023853694671e-07	1.0
0.0	1.0
0.0	1.0
0.0	0.0
0.0	1.0
-0.0013494918821379542	0.0
-4.740139047498815e-06	1.0
-0.00018592226842883974	0.0
0.0	0.23397761953204477
0.0	0.0
-1.3933789887232706e-05	0.02207792207792208
0.0	0.02207792207792208
0.0	1.0
-0.0012666145339608192	1.0
-0.001141299493610859	0.04342105263157895
0.0	1.0
-0.0012494934489950538	0.23809523809523808
0.0	0.6614906832298136
-0.0013849659590050578	0.0
-1.2869040801888332e-06	1.0
0.0	0.02077922077922078
0.0	1.0
0.0	1.0
0.0	1.0
-1.4469321740762098e-07	1.0
0.0	0.0
0.0	1.0
0.0	1.0
0.0	1.0
-0.002589778508991003	1.0
0.0	1.0
0.0	1.0
0.0	1.0
0.0	0.0
-0.0013055793242529035	1.0
0.0	0.02998965873836608
0.0	1.0
0.0	1.0
-0.00013431142724584788	0.0
0.0	0.0
0.0	0.352
0.0	1.0
0.0	0.352
0.0	1.0
-0.00013168809527996927	1.0
0.0	0.0
0.0	1.0
-0.0013852411648258567	0.0
0.0	1.0
0.0	1.0
-2.363272687944118e-05	0.381
0.0	1.0
-0.0004727321211248636	0.0
0.0	0.0
0.0	1.0
