0.0	1.0
0.0	1.0
-3.3696643531846895e-15	1.0
0.0	1.0
-8.748873369768262e-05	1.0
-0.0013172010658308864	1.0
-0.003895273432135582	0.0
0.0	1.0
0.0	0.05060728744939271
0.0	1.0
0.0	1.0
0.0	1.0
0.0	1.0
0.0	1.0
0.0	1.0
0.0	0.0
-9.40605386858806e-05	0.0
-0.0030703747179359198	0.01
0.0	1.0
0.0	1.0
0.0	1.0
0.0	1.0
0.0	1.0
-0.0002507357276044786	0.0015015015015015015
0.0	1.0
0.0	1.0
0.0	0.5879218472468917
-1.251123342689584e-19	1.0
0.0	1.0
-0.006377720274031162	0.6532137518684604
0.0	0.5879218472468917
0.0	0.5879218472468917
0.0	1.0
-0.0007370045641437173	1.0
0.0	1.0
0.0	1.0
0.0	1.0
0.0	1.0
0.0	1.0
-9.846739885688294e-06	1.0
0.0	1.0
-2.0112067034006031e-07	1.0
-1.7093279893742874e-06	0.0
0.0	0.0
-3.573076412521914e-07	0.0
-1.3821912503431122e-08	1.0
0.0	1.0
0.0	0.004
-3.6097329569884096e-08	1.0
-1.851379420259036e-05	0.0
-0.004224345553666353	0.0
0.0	1.0
0.0	1.0
0.0	1.0
0.0	1.0
-0.0008080183761194348	0.0
0.0	0.0
0.0	1.0
0.0	1.0
-0.0037035788409411907	1.0
0.0	1.0
0.0	0.0
0.0	1.0
-6.9092513932389465e-09	1.0
0.0	0.008820286659316428
-0.002145534148439765	0.0
-7.290475445564937e-10	1.0
-1.1965171324845869e-05	1.0
-1.4381663504536846e-07	1.0
-0.0007193057099357247	0.08366935483870967
0.0	0.008714596949891068
0.0	1.0
0.0	0.008714596949891068
0.0	1.0
-0.04635666310787201	0.0
0.0	1.0
-7.389136590063572e-05	0.0
0.0	0.0
0.0	1.0
-5.160892760613933e-05	1.0
0.0	1.0
-2.4814818971208297e-05	0.0
0.0	1.0
0.0	1.0
0.0	1.0
0.0	1.0
0.0	1.0
0.0	0.0
0.0	0.0
0.0	1.0
-3.892149470630102e-05	1.0
0.0	0.0
0.0	1.0
0.0	0.0
-4.356238787295297e-05	1.0
0.0	1.0
-0.00012117209553252906	1.0
0.0	1.0
-0.0003028107457794249	0.0
-0.00048100267304107547	0.043043043043043044
-0.005155513528734446	0.0
-0.00011405105033190921	0.669
0.0	1.0
0.0	1.0
-9.087038779398426e-05	1.0
0.0	1.0
0.0	0.673
-0.001407760544680059	1.0
0.0	1.0
0.0	1.0
0.0	1.0
-0.0004053260199725628	1.0
0.0	0.001
0.0	0.0
0.0	1.0
0.0	0.0
0.0	0.0
0.0	1.0
0.0	1.0
-1.8158075737462198e-11	0.0
-0.02116566337645054	0.0
-0.015501333400607109	0.0
0.0	1.0
-0.00010867582022910938	1.0
0.0	1.0
0.0	1.0
0.0	1.0
0.0	0.057208237986270026
-5.657876727127586e-07	1.0
0.0	1.0
0.0	0.0
0.0	0.004310344827586207
-0.0036652046255767345	0.0
-0.000499290763400495	0.0
0.0	1.0
-0.0010007338132709265	0.3635448136958711
0.0	0.18769883351007424
0.0	1.0
0.0	0.0
0.0	1.0
0.0	0.018
0.0	1.0
0.0	1.0
0.0	1.0
0.0	0.03006012024048096
0.0	0.01002004008016032
-5.5801207054173574e-05	0.01002004008016032
-6.143444153394739e-08	1.0
-0.0016804231563583016	0.0
0.0	1.0
-0.00015255509060807526	1.0
-3.833246964290993e-08	0.0
-0.0008865074487403035	1.0
0.0	0.002
-2.2494123186334036e-05	1.0
0.0	0.0
0.0	0.0
0.0	0.0
-3.5795119401882403e-06	0.0
-0.0028007428627461195	0.0
0.0	0.0
0.0	1.0
-8.588690434407908e-06	0.0
-7.009851543671175e-08	0.0
0.0	1.0
0.0	0.014
0.0	1.0
-3.452171881690447e-08	0.0
0.0	1.0
-6.143184145912528e-05	0.0
-7.459139305865392e-05	1.0
0.0	0.001
-0.0001222991559188813	0.0
0.0	1.0
0.0	0.0
0.0	1.0
0.0	0.0
0.0	1.0
0.0	1.0
0.0	1.0
-0.010720489546656609	0.0014947683109118087
0.0	0.0
0.0	0.0
-4.57067544630263e-05	1.0
-0.00018941014423035085	1.0
0.0	0.0
0.0	1.0
0.0	0.0
-0.0007181820692494512	1.0
-2.1612582656871382e-07	1.0
0.0	1.0
0.0	0.0
0.0	1.0
-0.0005925970617681742	0.0
-0.0032004581298679113	1.0
-0.006630774587392807	0.013
0.0	0.0
-4.9198242701997685e-11	0.027190332326283987
-0.00011161175643792376	1.0
-0.0006816068780608475	1.0
-4.0465737427552995e-09	1.0
0.0	1.0
0.0	1.0
0.0	1.0
0.0	0.0
0.0	1.0
-2.5313177047792124e-06	0.0
-0.003053112654015422	0.0
0.0	0.0
0.0	0.0
0.0	0.0
0.0	1.0
0.0	1.0
0.0	1.0
-1.3166870758141158e-06	1.0
-5.682638402504381e-06	0.002
0.0	1.0
-1.2774156630257494e-06	1.0
-5.218590858925565e-13	1.0
-1.261347824765835e-05	1.0
0.0	1.0
-9.958004909549345e-08	1.0
-5.881307151867077e-05	0.502
0.0	0.6532137518684604
0.0	0.0
0.0	1.0
0.0	1.0
0.0	0.0
-8.099885235424154e-06	1.0
0.0	1.0
-0.0004305065085645765	1.0
-6.025260972819524e-06	1.0
0.0	0.0
-0.0065567633137106895	0.0
-0.00011395840556360781	0.0
0.0	1.0
0.0	0.437
0.0	1.0
0.0	0.0
0.0	1.0
0.0	0.0
0.0	1.0
-5.446889872473548e-07	1.0
-3.057010326301679e-05	1.0
-0.00015809670730959624	1.0
0.0	1.0
-7.227963294553774e-08	1.0
0.0	0.0
-0.010002296417951584	0.0
-5.734019941883162e-05	0.0
-0.00034833457903005183	0.0
0.0	1.0
0.0	1.0
-1.4086185559994413e-12	0.3494736842105263
-3.7866640923311934e-05	1.0
0.0	1.0
-2.2996324844370974e-07	1.0
0.0	1.0
-0.00031058440799824893	1.0
0.0	1.0
0.0	1.0
-1.7854121324489824e-05	1.0
-3.3911652280949056e-05	1.0
0.0	1.0
0.0	1.0
0.0	1.0
0.0	1.0
-4.872047793469392e-05	1.0
0.0	0.2967032967032967
-0.001043063821271062	0.0
0.0	0.0
0.0	0.0
-1.8060498518934764e-07	0.0
0.0	1.0
-0.002012811368331313	1.0
0.0	0.0
0.0	0.0
0.0	0.0
0.0	1.0
0.0	1.0
0.0	1.0
-2.6865450308832806e-07	0.02147239263803681
0.0	0.0
0.0	1.0
0.0	0.0
-0.0010301925940439105	1.0
0.0	1.0
0.0	1.0
0.0	1.0
-9.377427545587125e-07	1.0
0.0	1.0
0.0	1.0
0.0	0.0
-4.344302578829229e-05	1.0
-0.0013049858389422297	0.07324516785350967
-6.5752754352388365e-09	1.0
0.0	1.0
0.0	1.0
0.0	1.0
-0.0016499313060194254	0.0010638297872340426
-0.0022543068043887615	0.0010638297872340426
0.0	1.0
-6.182884135341737e-06	1.0
-2.4705354917387012e-06	1.0
-0.00039790457230992615	1.0
0.0	1.0
-3.453596264080261e-06	1.0
-0.004821539856493473	0.0
0.0	0.0
0.0	1.0
0.0	1.0
-0.0020590091589838266	1.0
-0.003659294918179512	1.0
0.0	1.0
-0.020087655633687973	0.0
0.0	1.0
0.0	1.0
0.0	1.0
0.0	1.0
-9.408474888061846e-09	0.06948640483383686
-0.0023828158155083656	1.0
-7.142920367186889e-05	1.0
-0.00018848445324692875	0.0
0.0	1.0
0.0	0.0
0.0	0.3152610441767068
0.0	1.0
0.0	1.0
0.0	0.0
-0.001849957974627614	1.0
-6.062447255317238e-07	0.0
0.0	1.0
0.0	1.0
0.0	1.0
-2.503833798073174e-07	0.0
-0.0006765715661458671	0.563
0.0	1.0
0.0	0.0
-0.00023727869847789407	1.0
-0.017555981874465942	0.0
0.0	1.0
0.0	0.5192307692307693
-9.008726192405447e-05	1.0
0.0	1.0
0.0	1.0
0.0	1.0
-0.015888798981904984	0.0
-8.960793261916788e-13	0.0
-0.00028351767105050385	1.0
0.0	1.0
0.0	0.021148036253776436
0.0	1.0
0.0	1.0
-0.00010431733971927315	1.0
0.0	1.0
0.0	1.0
0.0	1.0
-0.0009276783093810081	0.0
-0.00022531498689204454	1.0
-0.000235865474678576	0.0
0.0	1.0
-1.917687541208579e-06	1.0
-0.0002722065255511552	1.0
-0.00040552436257712543	1.0
0.0	1.0
0.0	1.0
0.0	0.0
0.0	0.003
0.0	1.0
0.0	1.0
0.0	1.0
-0.0008976594544947147	0.0
-0.0013212347403168678	0.017258883248730966
0.0	0.0
-0.0005163441528566182	1.0
0.0	1.0
0.0	1.0
-1.086857355403481e-05	1.0
-1.1954530236835126e-05	1.0
-0.0016160530503839254	0.0
-2.034843182840973e-09	0.023
0.0	0.0
-8.030711455830897e-07	1.0
0.0	0.0010152284263959391
0.0	0.0
0.0	1.0
0.0	1.0
0.0	0.0
0.0	0.0
-2.1727448256569915e-05	1.0
-1.4500972471409579e-11	1.0
0.0	0.0
0.0	0.0
0.0	1.0
0.0	0.0
-0.0007751572411507368	1.0
0.0	1.0
0.0	1.0
0.0	1.0
-0.0007465860107913613	1.0
0.0	1.0
0.0	1.0
0.0	1.0
0.0	0.018
0.0	0.0
0.0	0.0
-4.226746739277587e-07	1.0
0.0	1.0
0.0	0.004
0.0	0.0
-3.5931036563852103e-06	1.0
0.0	0.0
0.0	1.0
-0.018345501273870468	0.06896551724137931
-4.790642378793564e-06	0.0
-2.1391249447333394e-06	0.0
-0.000455252593383193	0.0
-0.00015372848429251462	1.0
0.0	1.0
0.0	1.0
0.0	1.0
0.0	0.002288329519450801
0.0	1.0
0.0	0.0
-0.0006943527259863913	1.0
0.0	0.0
0.0	1.0
-2.2235898455846836e-08	1.0
-5.302676072460599e-06	1.0
0.0	0.004576659038901602
0.0	0.0
0.0	0.6388888888888888
0.0	0.0
0.0	1.0
0.0	1.0
0.0	0.3493975903614458
0.0	0.0
0.0	0.0
0.0	0.006510416666666667
0.0	1.0
0.0	0.0
-0.00011339669435983524	0.0
0.0	1.0
0.0	0.0
0.0	1.0
0.0	1.0
0.0	1.0
0.0	1.0
0.0	0.005649717514124294
-1.1124392074179923e-07	1.0
-0.006057023536413908	0.0
0.0	1.0
-0.0012445679167285562	0.0011248593925759281
-1.3787816897092853e-06	0.0
-0.0006758601521141827	1.0
-1.7605265384190716e-05	1.0
0.0	1.0
-0.0010696438839659095	0.0
-0.00012809201143682003	0.0
-3.0551586860383395e-06	1.0
0.0	1.0
0.0	0.001326259946949602
-0.0008545044111087918	1.0
0.0	1.0
0.0	1.0
0.0	1.0
0.0	1.0
0.0	1.0
0.0	1.0
0.0	0.0
0.0	1.0
0.0	0.0
-0.00016726423928048462	1.0
0.0	0.0
-5.717089379686513e-07	0.0
-1.0170006135012954e-05	1.0
0.0	0.0
0.0	0.0
-6.912724188623542e-07	1.0
0.0	1.0
-2.792056648104335e-06	1.0
-0.001988312928006053	0.0
0.0	1.0
-0.0004010576813016087	0.0
-1.66309035876111e-07	1.0
-0.00032447234843857586	1.0
-0.05288475379347801	0.0
0.0	0.0
0.0	0.0
0.0	1.0
0.0	1.0
-0.007278209552168846	0.06349206349206349
0.0	0.0
0.0	0.0
0.0	1.0
0.0	1.0
0.0	1.0
0.0	1.0
0.0	1.0
-1.3846946592815934e-12	0.007518796992481203
0.0	1.0
-7.181963610491948e-07	1.0
-0.00018410438497085124	0.3244206773618538
0.0	0.011002444987775062
0.0	1.0
0.0	1.0
0.0	1.0
0.0	0.10580912863070539
-0.0006772006745450199	0.0
0.0	0.0
-1.645152678975137e-06	0.0
-0.0004931346047669649	1.0
0.0	1.0
0.0	1.0
-9.06727473193314e-06	1.0
0.0	1.0
0.0	1.0
-0.0022508311085402966	0.0
0.0	0.0
-2.834694079467681e-08	1.0
0.0	0.23
-0.0001005507365334779	1.0
0.0	0.5879218472468917
0.0	1.0
0.0	0.0
0.0	1.0
0.0	0.0
0.0	1.0
0.0	0.0
-0.04160493239760399	0.0
-0.00011876352073159069	1.0
-0.00021882209694013	0.0
-2.4326083803316578e-05	0.0
0.0	1.0
0.0	1.0
0.0	1.0
0.0	0.012084592145015106
0.0	0.0
0.0	0.0
0.0	0.0
0.0	1.0
0.0	1.0
-0.0012059666914865375	1.0
0.0	0.028
0.0	1.0
-1.284076915908372e-05	1.0
-0.0007111485465429723	0.0013623978201634877
-7.516532036788703e-07	1.0
-0.00021247808763291687	1.0
0.0	1.0
-0.0012865066528320312	1.0
-1.2824099826502788e-07	1.0
0.0	1.0
-3.958135039283661e-06	1.0
0.0	1.0
0.0	0.0
-0.00023938929371070117	1.0
0.0	0.013452914798206279
0.0	0.0
0.0	1.0
0.0	0.0
0.0	0.0
-0.0007922229706309736	0.0
